,0,1,2,3,4,5,6,7,8,9,10,11,12,13,14,15,16,17,18,19,20,21,22,23,24,25,26,27,28,29,30,31,32,33,34,35,chain_break_fraction,energy,num_occurrences
0,1,1,1,1,0,1,1,1,0,1,0,0,0,0,0,0,0,0,1,0,1,1,0,1,1,0,1,0,1,0,1,1,0,0,0,1,0.2777777777777778,23.652066042863083,1
1,1,1,1,1,0,1,1,1,0,1,0,0,0,0,0,0,0,0,1,0,1,1,0,1,1,0,1,0,1,0,1,1,0,0,0,1,0.3055555555555556,23.652066042863083,1
2,1,1,1,0,0,1,1,1,0,1,0,0,0,0,0,0,0,0,1,0,1,1,0,1,1,0,1,0,1,0,1,1,0,0,0,1,0.2777777777777778,25.49997411613243,1
3,1,1,1,1,0,1,1,1,0,1,0,0,0,0,0,0,0,0,1,0,1,1,0,1,1,0,1,0,1,0,0,1,0,0,0,1,0.25,20.284478723182897,1
4,1,1,1,1,0,1,1,1,0,1,0,0,0,0,0,0,0,0,1,0,1,1,0,1,1,0,1,0,1,0,0,1,0,0,0,1,0.3055555555555556,20.284478723182897,1
5,1,1,1,1,0,1,1,1,0,1,0,0,0,0,0,0,0,0,1,0,1,1,0,1,1,0,1,0,1,0,0,1,0,0,0,1,0.3055555555555556,20.284478723182897,1
6,1,1,1,1,0,1,1,1,0,1,0,0,0,0,0,0,0,0,1,0,1,1,1,0,1,0,1,0,1,0,1,1,0,0,0,1,0.2777777777777778,22.505589814837382,1
7,1,1,1,1,0,1,1,1,0,1,0,0,0,0,0,0,0,0,1,0,1,1,0,1,0,0,1,0,1,0,1,1,0,0,0,1,0.25,20.284478723182897,2
8,1,1,1,1,0,1,1,1,0,1,0,0,0,0,0,0,0,0,1,0,1,1,1,1,1,0,1,0,1,0,1,1,0,0,0,1,0.3055555555555556,24.79854227088879,1
9,1,1,1,1,0,1,1,1,0,1,0,0,0,0,0,0,1,0,1,0,1,1,0,1,1,0,1,0,1,0,1,1,0,0,0,1,0.3055555555555556,24.604807818451416,1
10,1,1,1,1,0,1,1,1,0,1,0,0,1,0,0,0,0,0,1,0,1,1,0,1,1,0,1,0,1,0,1,1,0,0,0,1,0.3055555555555556,21.880210238011802,1
11,1,1,1,1,0,1,1,1,0,1,0,0,0,0,0,0,0,0,1,0,1,1,0,1,1,0,1,0,1,0,1,1,0,0,0,1,0.3333333333333333,23.652066042863083,1
12,1,1,1,1,0,1,1,1,0,1,0,0,0,0,0,0,0,0,1,0,1,1,0,1,0,0,1,0,1,0,0,1,0,0,0,1,0.25,17.91689140350271,1
13,1,1,1,1,0,1,1,1,0,1,0,0,1,0,0,0,0,0,1,0,1,1,0,1,1,0,1,0,1,0,1,1,0,0,0,1,0.2777777777777778,21.880210238011802,1
14,1,1,1,0,0,1,1,1,0,1,0,0,0,0,0,0,0,0,1,0,1,1,0,1,1,0,1,0,1,0,1,1,0,0,0,1,0.3333333333333333,25.49997411613243,1
15,1,1,1,0,0,1,1,1,0,1,0,0,0,0,0,0,0,0,1,0,1,1,1,1,1,0,1,0,1,0,0,1,0,0,0,1,0.2777777777777778,23.3576900394693,1
16,1,1,1,1,0,1,1,1,0,1,0,0,0,0,0,0,0,0,1,0,1,1,0,1,1,0,1,0,1,0,1,1,0,0,0,1,0.2222222222222222,23.652066042863083,1
17,1,1,1,1,0,1,1,1,0,1,0,0,0,0,0,0,0,0,1,0,1,1,0,1,1,0,1,0,1,0,1,1,0,0,0,1,0.3333333333333333,23.652066042863083,1
18,1,1,1,1,0,1,1,1,0,1,0,0,0,0,0,0,1,0,1,0,1,1,0,1,1,0,1,0,1,0,1,1,0,0,0,1,0.3333333333333333,24.604807818451416,1
19,1,1,1,1,0,1,1,1,0,1,0,0,0,0,0,0,0,0,1,0,1,1,1,1,1,0,1,0,1,0,1,1,0,0,0,1,0.3055555555555556,24.79854227088879,1
20,1,1,1,0,0,1,1,1,0,1,0,0,0,0,0,0,1,0,1,0,1,1,0,0,1,0,1,0,1,0,1,1,0,0,0,1,0.3333333333333333,22.623272272831386,1
21,1,1,1,0,0,1,1,1,0,1,0,0,0,0,0,0,0,0,1,0,1,1,1,0,1,0,1,0,1,0,1,1,0,0,0,1,0.2777777777777778,22.619805693408857,1
22,1,1,1,1,0,1,1,1,0,1,0,0,0,0,0,0,1,0,1,0,1,1,0,1,1,0,1,0,1,0,1,1,0,0,0,1,0.2777777777777778,24.604807818451416,1
23,1,1,1,1,0,1,1,1,0,1,0,0,1,0,0,0,0,0,1,0,1,1,0,1,1,0,1,0,1,0,0,1,0,0,0,1,0.25,19.178667533694497,1
24,1,1,1,1,0,1,1,1,0,1,0,0,0,0,0,0,1,0,1,0,1,1,1,0,1,0,1,0,1,0,1,1,0,0,0,1,0.3055555555555556,23.963868885899203,1
25,1,0,1,1,0,1,1,1,0,1,0,0,0,0,0,0,0,0,1,0,1,1,1,1,1,0,1,0,1,0,0,0,0,0,0,1,0.2222222222222222,11.32643263582856,1
26,1,1,1,1,0,1,1,1,0,1,0,0,0,0,0,0,1,0,1,0,1,1,1,1,1,0,1,0,1,0,1,1,0,0,0,1,0.3611111111111111,25.245746751003644,1
27,1,1,1,1,0,1,1,1,0,1,0,0,0,0,0,0,0,0,1,0,1,1,0,1,1,0,1,0,1,0,1,1,0,0,0,1,0.2777777777777778,23.652066042863083,1
28,1,1,1,0,0,1,1,1,0,1,0,0,0,0,0,0,0,0,1,0,1,1,0,1,1,0,1,0,1,0,1,1,0,0,0,1,0.3611111111111111,25.49997411613243,1
29,1,1,1,1,0,1,1,1,0,1,0,0,0,0,0,0,0,0,1,0,1,1,0,1,1,0,1,0,1,0,1,1,0,0,0,1,0.3611111111111111,23.652066042863083,1
30,1,0,1,1,0,1,1,1,0,1,0,0,0,0,0,0,0,0,1,0,1,1,1,0,0,0,1,0,1,0,0,1,0,0,0,1,0.19444444444444445,13.241881077319544,1
31,1,1,1,1,0,1,1,1,0,1,0,0,0,0,0,0,0,0,1,0,1,1,1,1,1,0,1,0,1,0,1,1,0,0,0,1,0.3333333333333333,24.79854227088879,1
32,1,1,1,1,0,1,1,1,0,1,0,0,0,0,0,0,1,0,1,0,1,1,1,1,1,0,1,0,1,0,0,1,0,0,0,1,0.3055555555555556,21.77642325362975,1
33,1,1,1,0,0,1,1,1,0,1,0,0,0,0,0,0,0,0,1,0,1,1,0,0,1,0,1,0,1,0,0,1,0,0,0,1,0.3055555555555556,18.522572841029792,1
34,1,1,1,0,0,1,1,1,0,1,0,0,0,0,0,0,0,0,1,0,1,1,0,1,1,0,1,0,1,0,0,1,0,0,0,1,0.2777777777777778,21.079317639989462,1
35,1,1,1,0,0,1,1,1,0,1,0,0,1,0,0,0,0,0,1,0,1,1,1,0,0,0,1,0,1,0,1,1,0,0,0,1,0.25,17.196983856080358,1
36,1,1,1,0,0,1,1,1,0,1,0,0,0,0,0,0,0,0,1,0,1,1,1,0,1,0,1,0,1,0,0,1,0,0,0,1,0.3055555555555556,18.800945240509627,1
37,1,0,1,0,0,1,1,1,0,1,0,0,0,0,0,0,0,0,1,0,1,1,0,0,1,0,1,0,1,0,1,0,0,0,0,0,0.16666666666666666,7.035153194575959,1
38,1,1,1,0,0,1,1,1,0,1,0,0,0,1,0,0,0,0,1,0,1,1,0,1,1,0,1,1,1,0,1,1,0,0,0,1,0.2777777777777778,25.96705283483872,1
39,1,1,1,1,0,1,1,1,0,1,0,0,0,0,0,0,1,0,1,0,1,1,1,1,0,0,1,0,1,0,0,1,0,0,0,1,0.3333333333333333,19.30709975625586,1
40,1,1,1,1,0,1,1,1,0,1,0,0,0,0,0,0,0,0,1,0,1,1,1,0,1,0,1,0,1,0,1,0,0,0,0,1,0.25,16.97400722196448,1
41,1,1,1,1,0,1,1,1,0,1,0,0,0,0,0,0,1,0,1,0,1,1,0,1,1,0,1,0,1,0,1,1,0,0,0,1,0.3333333333333333,24.604807818451416,1
42,1,0,1,1,0,1,1,1,0,1,0,0,0,0,0,0,1,0,1,0,1,1,0,1,1,0,1,0,1,0,1,1,0,0,0,1,0.2777777777777778,21.9646618448235,1
43,1,1,1,1,0,1,1,1,0,1,0,0,0,0,0,0,1,0,1,0,1,1,0,1,1,0,1,0,1,0,1,1,0,0,0,1,0.3611111111111111,24.604807818451416,1
44,1,1,1,0,0,1,1,1,0,1,0,0,0,0,0,0,1,0,1,0,1,1,0,0,1,0,1,0,1,0,1,1,0,0,0,1,0.3055555555555556,22.623272272831386,1
45,1,0,1,0,0,1,1,1,0,1,0,0,0,0,0,0,0,0,1,0,1,1,0,1,0,0,1,0,1,0,1,1,0,0,0,1,0.25,20.51153809001595,1
46,1,1,1,1,0,1,1,1,0,1,0,0,0,0,0,0,1,0,1,0,1,1,0,1,1,0,1,0,1,0,1,1,0,0,0,1,0.3611111111111111,24.604807818451416,1
47,1,0,1,1,0,1,1,1,0,1,0,0,0,0,0,0,0,0,1,0,1,1,0,0,1,0,1,0,1,0,1,1,0,0,0,1,0.3333333333333333,19.547660422277545,1
48,1,1,1,1,0,1,1,1,0,1,0,0,0,0,0,0,1,0,1,0,1,1,0,1,0,0,1,0,1,0,1,1,0,0,0,1,0.2777777777777778,21.737280344321267,1
49,1,1,1,1,0,1,1,0,0,1,0,0,0,0,0,0,0,0,1,0,1,1,0,1,0,0,1,0,1,0,1,1,0,0,0,1,0.19444444444444445,19.378875480906135,1
50,1,1,1,1,0,1,1,1,0,1,0,0,0,0,0,0,0,0,1,0,1,1,1,0,1,0,1,0,1,1,0,1,0,0,0,1,0.2777777777777778,27.250012731056188,1
51,1,1,1,0,0,1,1,1,0,1,0,0,0,0,0,0,0,0,1,0,1,1,0,0,0,0,1,0,1,0,1,1,0,0,0,0,0.2222222222222222,14.214741669234,1
52,1,1,1,1,0,1,0,1,0,1,0,0,1,0,0,0,0,0,1,0,1,1,1,0,0,0,1,0,1,0,1,1,0,0,0,1,0.19444444444444445,17.678044203720606,1
53,1,1,1,0,0,1,1,1,0,1,0,0,0,0,0,0,0,0,1,0,1,1,0,0,1,0,1,1,1,0,1,1,0,0,0,1,0.3055555555555556,26.917982672765294,1
54,1,1,1,1,0,1,1,1,0,1,0,0,1,0,0,0,0,0,1,0,1,1,1,1,1,0,1,0,1,0,1,1,0,0,0,1,0.3055555555555556,22.524290531206088,1
55,1,1,1,1,0,1,1,1,0,1,0,0,0,0,0,0,1,0,1,0,1,1,0,1,1,0,1,0,1,0,1,1,0,0,0,1,0.3333333333333333,24.604807818451416,1
56,1,1,1,1,0,1,1,1,0,1,0,0,0,0,0,0,0,0,1,0,1,1,0,1,1,0,1,0,1,0,1,1,0,0,0,1,0.2222222222222222,23.652066042863083,1
57,1,1,1,1,0,1,1,0,0,1,0,0,0,0,0,0,1,0,1,0,1,1,0,1,1,0,1,0,1,0,1,1,0,0,0,1,0.3055555555555556,22.69932426727473,1
58,1,0,1,1,0,1,1,1,0,1,0,0,0,0,0,0,0,0,1,0,1,1,1,0,0,0,1,0,1,0,1,0,0,0,0,1,0.1388888888888889,10.472918948023729,1
59,1,1,1,0,0,1,1,1,0,1,0,0,0,0,0,0,0,0,1,0,1,1,1,0,1,0,1,0,1,0,1,1,0,0,0,1,0.25,22.619805693408857,1
60,1,1,1,1,0,1,1,1,0,1,0,0,0,0,0,0,0,0,1,0,0,1,1,0,0,0,1,0,1,0,1,1,0,0,0,1,0.2777777777777778,19.984061737979335,1
61,1,0,1,1,0,1,1,1,0,1,0,0,0,0,0,0,0,0,1,0,0,1,0,1,1,0,1,0,1,0,0,1,0,0,0,1,0.3055555555555556,16.238685255030706,1
62,1,1,1,1,0,1,1,1,0,1,0,0,1,0,0,0,0,0,1,0,0,1,1,1,1,0,1,0,1,0,1,0,0,0,0,1,0.2222222222222222,15.91500934754534,1
63,1,0,1,1,0,1,1,1,0,1,0,0,0,0,0,0,1,0,1,0,1,1,0,1,1,0,1,0,1,0,0,1,0,0,0,1,0.3611111111111111,18.09396353783398,1
64,1,1,1,1,0,1,1,1,0,1,0,0,0,0,0,0,0,0,1,0,1,1,0,1,1,0,1,0,1,0,0,1,0,0,0,1,0.3333333333333333,20.284478723182897,1
65,1,0,1,1,0,1,1,1,0,1,0,0,0,0,0,0,0,0,1,0,1,1,0,1,0,0,1,0,1,0,0,1,0,0,0,1,0.25,14.270433944465701,1
66,1,1,1,1,0,1,1,1,0,1,0,0,0,0,0,0,1,0,1,0,1,1,0,1,1,0,1,0,1,0,1,1,0,0,0,1,0.3611111111111111,24.604807818451416,1
67,0,0,1,0,0,1,1,0,0,1,1,0,1,0,0,0,0,0,1,0,1,1,1,0,0,0,1,0,1,0,0,0,0,0,0,0,0.05555555555555555,0.349865213334446,1
68,1,1,1,1,0,1,1,1,0,1,0,0,0,0,0,0,0,0,1,0,1,1,1,1,1,0,1,0,1,0,0,0,0,0,0,1,0.2222222222222222,14.890392242117011,1
69,1,1,1,0,0,1,1,0,0,1,0,0,0,1,0,0,1,0,1,0,1,1,0,1,1,0,1,1,1,0,1,1,0,0,0,1,0.25,26.094492151242058,1
70,1,1,1,1,0,1,1,1,0,1,0,0,0,0,0,0,0,0,1,0,1,1,0,1,1,0,1,0,1,0,0,1,0,0,0,1,0.3055555555555556,20.284478723182897,1
71,1,1,1,1,0,1,1,1,0,1,0,0,1,0,0,0,0,0,1,0,1,1,0,1,1,0,1,0,1,0,0,1,0,0,0,1,0.3888888888888889,19.178667533694497,1
72,1,1,1,0,0,1,1,0,0,1,0,0,0,0,0,0,0,1,1,0,1,1,1,0,0,0,1,0,1,0,0,1,0,0,0,1,0.25,15.982084787610415,1
73,1,1,1,1,0,1,1,1,0,1,0,0,0,0,0,0,0,0,0,0,1,1,0,1,1,0,1,0,1,0,0,1,0,0,0,1,0.3055555555555556,18.645663226427082,1
74,1,1,1,0,0,1,1,1,0,1,0,0,1,0,0,0,1,0,1,0,1,1,0,0,0,0,1,0,1,0,1,1,0,0,0,1,0.3055555555555556,19.30470238253957,1
75,0,0,0,0,1,0,0,0,1,0,1,1,1,1,1,1,0,1,0,0,0,0,0,1,0,1,0,1,0,1,0,0,1,1,1,0,0.25,19.07370118333605,1
76,1,1,1,0,0,1,1,1,0,1,0,0,0,0,0,0,0,0,1,0,1,1,0,0,1,0,1,0,1,0,1,1,0,0,0,1,0.2777777777777778,21.739637270685282,1
77,0,0,0,1,1,0,0,0,0,0,1,1,1,0,1,1,1,1,0,0,0,0,1,0,1,0,0,0,0,1,0,0,1,1,0,0,0.2777777777777778,21.25850897213001,1
78,1,1,1,0,0,1,0,1,0,1,0,0,0,0,0,0,1,0,1,0,1,1,0,1,1,0,1,0,1,0,1,1,0,0,0,1,0.3055555555555556,25.499974116132417,1
79,0,0,0,0,1,0,0,0,1,0,1,1,1,1,1,1,1,1,0,0,1,0,1,0,0,1,0,1,0,1,0,0,1,1,0,0,0.2777777777777778,16.53780602929898,1
80,1,1,1,1,0,1,1,1,0,1,0,0,0,0,0,0,0,0,1,0,1,1,0,1,0,0,1,0,1,0,1,1,0,0,0,1,0.2777777777777778,20.284478723182897,1
81,1,1,1,0,0,1,1,1,0,1,0,0,1,0,0,0,0,0,1,0,1,1,0,1,1,0,1,0,1,0,1,1,0,0,0,0,0.3888888888888889,14.761219773392112,1
82,1,1,1,1,0,1,1,1,0,1,0,0,0,0,0,0,1,0,1,0,1,1,0,1,1,0,1,0,1,0,1,1,0,0,0,1,0.3055555555555556,24.604807818451416,1
83,0,0,0,0,1,0,0,0,0,0,1,1,1,1,1,1,0,1,0,0,0,0,0,0,0,1,0,1,0,1,0,0,1,1,0,1,0.2222222222222222,20.768615012421,1
84,1,0,1,1,0,1,1,1,1,1,0,0,0,0,0,0,1,0,1,0,1,1,0,1,1,0,1,0,1,0,1,1,0,0,0,1,0.3333333333333333,22.28020480790023,1
85,0,0,0,0,1,0,0,0,0,0,1,1,1,1,1,1,0,1,0,0,0,0,1,0,0,1,0,0,0,1,0,0,1,1,1,0,0.19444444444444445,19.0402403308494,1
86,0,0,1,0,1,0,0,0,1,0,1,1,1,1,1,1,0,0,0,0,1,0,0,0,0,1,0,1,0,1,0,0,1,0,1,0,0.19444444444444445,10.745727042838546,1
87,1,1,1,1,0,1,1,1,0,1,0,0,0,0,0,0,1,0,1,1,1,1,1,1,1,0,1,0,1,0,1,1,0,0,0,1,0.3055555555555556,34.86138743103975,1
88,0,0,0,0,1,0,0,0,1,0,1,1,1,1,1,1,0,0,0,1,0,0,1,0,0,1,0,1,0,1,0,0,0,1,1,0,0.2777777777777778,18.990402977239388,1
89,0,0,0,0,1,0,0,0,0,0,1,1,1,1,1,1,0,1,0,0,0,0,0,0,0,1,0,1,0,1,0,0,1,1,1,0,0.25,17.476370062254276,1
90,1,0,1,1,0,1,1,1,0,1,1,0,0,0,0,0,1,0,0,0,1,1,1,1,0,0,1,0,1,0,1,0,0,0,0,1,0.19444444444444445,10.61189720852192,1
91,1,1,1,0,0,1,1,0,0,1,0,0,1,0,0,0,1,0,1,1,1,1,0,0,1,0,1,0,1,0,1,1,0,0,0,1,0.25,26.615502768840148,1
92,1,1,1,0,0,1,1,0,0,1,0,0,0,0,0,0,1,0,1,0,1,1,0,1,1,0,1,0,1,0,1,1,0,0,0,1,0.3333333333333333,25.627413704933307,1
93,1,0,1,0,0,1,1,1,1,1,0,0,1,0,0,0,1,0,0,0,1,1,1,0,0,0,1,0,1,0,1,1,0,0,0,1,0.2777777777777778,14.177511314244722,1
94,1,0,1,1,0,1,1,1,0,1,0,0,0,0,0,0,0,0,1,0,0,1,0,1,1,0,1,0,1,0,1,0,0,0,0,1,0.3333333333333333,12.41124380103018,1
95,0,0,1,0,1,0,0,0,0,0,1,0,1,0,1,1,0,1,0,0,0,0,0,1,0,0,1,0,0,1,0,0,1,0,1,0,0.027777777777777776,5.612475821567644,1
96,0,0,0,0,1,0,0,0,1,0,1,1,1,1,0,1,0,0,0,0,0,0,1,0,0,1,0,1,0,0,0,0,1,0,1,0,0.2222222222222222,6.92763689812762,1
97,1,1,1,0,0,1,1,0,0,1,0,0,0,1,1,0,1,0,1,0,1,1,0,1,0,0,1,0,1,0,1,1,0,0,0,1,0.25,17.336119879276517,1
98,1,0,1,1,0,1,1,0,0,1,0,0,0,0,0,0,0,0,0,0,0,1,0,1,1,0,1,0,0,0,1,1,0,0,0,0,0.16666666666666666,7.466627297937007,1
