,0,1,2,3,4,5,6,7,8,9,10,11,12,13,14,15,16,17,18,19,20,21,22,23,24,25,26,27,28,29,30,31,32,33,34,35,chain_break_fraction,energy,num_occurrences
0,0,0,0,1,1,1,0,0,0,1,0,1,0,0,1,0,1,1,0,1,1,1,1,0,0,1,0,1,0,1,0,1,0,0,0,1,0.3333333333333333,35.78080414687125,1
1,0,0,0,1,1,1,0,0,0,1,0,1,0,0,1,0,1,1,0,1,1,1,1,0,0,1,0,1,1,0,0,1,0,0,0,1,0.3055555555555556,31.929517499556336,1
2,0,0,0,1,1,1,0,0,0,1,0,1,0,0,1,0,1,1,0,1,1,1,1,0,0,1,0,1,0,1,0,0,0,0,0,1,0.2777777777777778,25.62204178040535,1
3,1,0,1,0,0,0,1,0,1,0,1,0,1,1,0,1,0,0,1,0,0,0,0,1,1,0,1,0,1,0,1,0,1,0,1,0,0.16666666666666666,8.954876174474407,1
4,0,0,0,1,1,1,0,0,0,1,0,1,0,0,1,0,1,1,0,1,1,1,1,0,0,1,0,1,0,1,0,1,0,0,0,1,0.3333333333333333,35.78080414687125,1
5,0,0,0,1,1,1,0,0,0,1,0,1,0,0,1,0,1,1,0,1,1,1,1,0,0,1,0,1,1,0,0,1,0,0,0,1,0.3333333333333333,31.929517499556336,1
6,0,0,0,1,1,1,0,0,0,1,0,1,0,0,1,0,1,0,0,1,1,1,1,0,0,1,0,1,0,0,0,0,0,0,0,1,0.2777777777777778,18.87702482237908,1
7,0,0,0,1,1,1,0,0,0,1,0,1,0,0,1,0,1,1,0,1,1,1,1,0,0,1,0,1,1,0,0,0,0,0,0,1,0.2777777777777778,22.857388530168514,1
8,1,0,1,0,0,0,1,0,1,0,1,0,1,1,0,1,0,0,1,0,0,0,0,1,1,0,1,0,1,0,1,0,1,0,1,0,0.2222222222222222,8.954876174474407,1
9,0,0,0,1,1,1,0,0,0,1,0,1,0,0,1,0,1,1,0,1,1,1,0,0,0,1,0,1,0,1,0,1,0,0,0,1,0.3055555555555556,30.701422963638308,1
10,0,0,0,1,1,1,0,0,0,1,0,0,0,0,1,0,1,1,0,1,1,1,1,0,0,1,0,1,0,0,0,1,0,0,0,1,0.3333333333333333,31.126745640376416,1
11,1,0,1,0,0,0,1,1,1,0,1,0,1,0,0,1,0,0,1,0,0,0,0,1,1,0,1,0,1,0,1,0,1,0,1,0,0.16666666666666666,9.384516014567271,1
12,0,0,0,1,1,1,0,0,0,1,0,1,0,0,1,0,1,1,0,1,1,1,1,0,0,1,0,1,0,0,0,1,0,0,0,1,0.3333333333333333,30.078230852241436,1
13,1,0,1,0,0,0,1,0,1,0,1,0,1,1,0,1,0,0,1,0,0,0,0,1,1,0,1,0,0,1,1,0,1,0,1,0,0.1388888888888889,10.347962014343121,1
14,0,0,0,1,1,1,0,0,0,1,0,1,0,0,1,0,1,1,0,1,1,1,0,0,0,0,0,1,1,0,0,1,0,0,0,1,0.3055555555555556,25.8730026244071,1
15,1,0,1,0,0,0,1,0,1,0,1,0,1,0,0,1,0,0,1,0,0,0,0,1,1,0,1,0,0,1,1,0,1,0,1,0,0.19444444444444445,9.090906422478595,1
16,0,0,0,1,1,1,0,0,0,1,0,1,0,0,1,0,1,0,0,1,1,1,0,0,0,0,0,1,0,0,0,1,0,0,0,1,0.2222222222222222,22.090601589901055,1
17,0,0,0,1,1,1,0,0,0,1,0,1,0,0,1,0,1,1,0,1,1,1,1,0,0,1,0,1,1,0,0,1,0,0,0,1,0.3333333333333333,31.929517499556336,1
18,0,0,0,1,1,1,0,0,0,1,0,1,0,0,1,0,1,1,0,1,1,1,1,0,0,1,0,1,0,1,0,1,0,0,0,1,0.3888888888888889,35.78080414687125,1
19,1,1,1,0,0,0,1,0,1,0,1,0,0,1,0,1,0,0,1,0,0,0,0,1,1,0,1,0,0,1,1,0,1,0,1,0,0.16666666666666666,9.63283643153784,1
20,0,0,0,1,1,1,0,0,0,1,0,0,0,0,1,0,1,1,0,1,1,1,1,0,0,0,0,1,0,0,0,1,0,0,0,1,0.25,28.17017754098225,1
21,0,0,0,1,1,1,0,0,0,1,0,1,0,0,1,0,1,1,0,1,1,1,0,0,0,1,0,1,1,0,0,1,0,0,0,1,0.3333333333333333,27.393453014862434,1
22,1,0,0,1,1,1,0,0,0,1,0,1,0,0,1,0,1,1,0,1,1,1,1,0,0,1,0,1,1,0,0,1,0,0,0,1,0.3888888888888889,29.93051879178628,1
23,1,0,0,1,1,1,0,0,0,1,0,1,0,0,1,0,1,1,0,1,1,1,0,0,0,0,0,1,0,1,0,1,0,0,0,1,0.3611111111111111,27.17540192206531,1
24,0,0,0,1,1,1,0,0,0,1,0,1,1,0,1,0,1,1,0,1,1,1,1,0,0,1,0,1,1,0,0,1,0,0,0,1,0.4166666666666667,31.843492334075368,1
25,1,0,1,0,0,0,1,1,1,0,0,0,1,1,0,1,0,0,1,0,0,0,0,1,1,1,1,0,0,1,1,0,1,0,1,0,0.19444444444444445,16.537631604134063,1
26,0,0,0,1,1,1,0,0,0,1,0,0,0,0,1,0,1,1,0,1,1,1,1,0,0,1,0,1,1,0,0,1,0,0,0,1,0.3333333333333333,34.091099256697404,1
27,0,0,0,1,1,1,0,0,0,1,0,0,0,0,1,0,1,1,0,1,1,1,0,0,0,1,0,1,0,0,0,1,0,0,0,1,0.2777777777777778,26.133878163121462,1
28,0,0,0,1,1,1,0,0,0,1,0,0,0,0,1,0,1,1,0,1,1,1,0,0,0,1,0,1,0,0,0,0,0,0,0,1,0.3055555555555556,18.14814320861156,1
29,0,0,0,1,1,1,0,0,0,1,0,1,0,0,1,0,1,1,0,1,1,1,1,0,0,1,0,1,0,0,0,1,0,0,0,1,0.3333333333333333,30.078230852241436,1
30,0,0,0,1,1,1,0,0,0,1,0,1,0,0,1,0,1,1,0,1,1,1,1,0,0,1,0,1,0,1,0,1,0,0,0,1,0.3055555555555556,35.78080414687125,1
31,1,0,0,1,1,1,1,0,0,1,0,1,0,0,1,0,1,1,0,1,1,1,1,0,0,1,0,1,0,1,0,1,0,0,0,1,0.3611111111111111,33.39440349857152,1
32,1,1,1,0,0,0,0,1,1,0,1,0,1,1,0,1,0,0,1,0,0,0,0,1,1,0,1,0,1,0,1,0,1,1,1,0,0.2777777777777778,14.903573884087155,1
33,0,0,0,1,1,1,0,0,0,1,0,1,0,0,0,0,1,0,0,1,1,1,1,0,0,0,0,1,0,0,0,0,0,0,0,1,0.2222222222222222,17.214258265008414,1
34,0,0,0,1,1,1,0,0,0,1,0,1,0,0,1,0,1,0,0,1,1,1,1,0,0,1,0,1,0,1,0,1,0,0,0,1,0.3333333333333333,36.56936716053902,1
35,0,0,0,1,1,1,0,0,0,1,0,1,0,0,1,0,1,0,0,1,1,1,0,0,0,1,0,1,1,0,0,0,0,0,0,1,0.3055555555555556,17.107603548963695,1
36,0,0,0,1,1,1,0,0,0,1,0,0,0,0,1,0,1,0,0,1,1,1,0,0,0,1,0,1,0,0,0,1,0,0,0,1,0.25,25.92755137418334,1
37,0,0,0,1,1,1,0,0,0,1,0,1,1,0,1,0,1,1,0,1,1,1,0,0,0,1,0,1,0,0,0,1,0,0,0,1,0.3055555555555556,27.027777093157145,1
38,0,0,0,1,1,1,0,0,0,1,0,1,0,0,1,0,1,1,0,1,1,1,1,0,0,0,0,1,1,0,0,1,0,0,0,1,0.2777777777777778,29.294669579807746,1
39,0,0,0,1,1,1,0,0,0,1,0,1,0,0,1,0,1,0,0,1,1,1,1,0,0,1,0,1,1,0,0,0,0,0,0,0,0.2222222222222222,15.20065988950459,1
40,1,1,1,0,0,0,0,1,1,0,1,0,1,1,0,1,0,0,1,0,0,0,0,1,1,0,1,0,1,0,1,0,1,1,1,0,0.25,14.903573884087155,1
41,1,0,0,1,1,1,0,0,0,1,0,1,0,0,1,0,1,1,0,1,1,1,1,0,0,1,0,1,1,0,0,1,0,0,0,1,0.3333333333333333,29.93051879178628,1
42,0,0,0,1,1,1,0,0,0,1,0,1,0,0,1,0,1,1,0,1,1,1,1,0,0,1,0,1,0,0,0,0,1,0,0,1,0.2222222222222222,22.855259051193663,1
43,1,1,1,0,0,0,0,1,0,0,1,0,1,1,0,1,0,0,1,0,0,0,0,1,1,0,1,0,0,1,0,0,1,1,1,1,0.2222222222222222,17.252175441878663,1
44,0,0,0,1,1,1,0,0,0,1,0,1,0,0,1,0,1,1,0,1,0,1,1,0,0,1,0,1,0,0,0,1,0,0,0,1,0.2777777777777778,27.279891676648493,1
45,1,1,1,0,0,0,1,0,1,0,1,0,1,0,0,1,0,0,1,0,1,0,0,1,1,0,1,0,0,1,1,0,1,0,1,0,0.19444444444444445,9.328804940638932,1
46,0,0,0,1,1,1,1,0,0,1,0,1,0,0,1,0,1,1,0,1,1,1,1,0,0,1,0,0,0,0,0,1,0,0,0,1,0.3333333333333333,23.812079692942923,1
47,0,0,0,1,1,1,0,0,0,1,0,1,0,0,1,0,1,1,0,1,1,1,1,0,0,1,0,1,0,1,0,1,0,0,0,1,0.3333333333333333,35.78080414687125,1
48,1,0,1,0,0,0,1,1,0,0,1,0,1,1,0,1,0,0,1,0,0,0,0,1,1,0,1,0,0,0,1,0,1,0,1,0,0.19444444444444445,13.279854150630698,1
49,0,0,0,1,1,1,1,0,0,1,0,0,0,0,1,0,1,0,0,1,1,1,0,0,0,1,0,1,0,0,0,1,0,0,0,1,0.3333333333333333,24.952142181569446,1
50,1,0,0,1,1,1,0,0,0,1,0,1,0,0,1,0,1,1,0,1,1,1,1,0,0,1,0,1,1,0,0,1,0,0,0,1,0.3888888888888889,29.93051879178628,1
51,1,0,0,1,1,1,0,0,0,1,0,1,0,0,1,0,1,0,0,1,1,1,0,0,0,0,0,1,0,0,0,0,0,0,0,1,0.25,17.72644892715071,1
52,1,1,1,0,0,0,1,1,1,0,1,0,1,1,0,1,0,0,1,0,0,0,0,1,1,0,1,0,1,1,1,0,1,1,1,1,0.25,23.114916538492693,1
53,0,1,0,1,1,1,0,0,0,1,0,1,0,0,1,0,1,0,0,1,1,1,0,0,0,1,0,1,1,0,0,0,0,0,0,1,0.3611111111111111,16.650190228279524,1
54,1,1,1,0,0,0,1,0,1,0,1,0,1,1,0,1,0,0,1,0,0,0,0,1,1,0,0,0,0,1,1,1,1,1,1,0,0.19444444444444445,17.75271250037465,1
55,0,0,0,1,1,1,0,0,1,1,0,1,0,0,1,0,1,1,0,1,1,1,1,0,0,1,0,1,1,0,0,1,0,0,0,1,0.4444444444444444,32.297004122712806,1
56,0,0,0,1,1,1,0,0,0,1,0,1,0,0,1,0,1,1,0,1,1,1,0,1,0,1,0,1,0,0,0,1,0,0,0,1,0.2222222222222222,36.07097863839631,1
57,1,0,0,1,1,1,0,0,0,1,0,1,0,0,1,0,1,1,0,1,1,1,0,0,0,1,0,1,0,0,0,0,0,0,0,1,0.2777777777777778,20.6096299090309,1
58,0,0,0,0,1,1,0,0,0,1,0,1,0,0,1,0,1,1,0,1,1,1,0,0,0,0,0,1,1,0,0,1,0,0,0,1,0.25,23.087420746003016,1
59,1,1,1,0,0,0,1,0,0,0,1,0,1,1,0,1,0,0,1,0,0,0,0,1,1,0,1,0,1,1,0,1,1,0,1,0,0.25,13.796385798147012,1
60,0,0,0,1,1,1,0,0,0,1,0,1,0,0,1,0,1,1,0,1,1,1,1,0,0,1,0,1,0,1,0,0,1,0,0,1,0.3333333333333333,27.51575526317409,1
61,0,0,0,1,1,1,0,0,0,1,0,1,0,0,1,0,0,1,0,1,1,1,1,0,0,1,0,1,1,0,0,1,0,0,0,1,0.3888888888888889,31.82276733222727,1
62,0,0,0,1,1,1,0,0,1,1,0,1,0,0,1,0,1,1,0,1,1,1,1,0,0,1,0,1,0,0,0,1,0,0,0,1,0.3333333333333333,30.99589369950073,1
63,1,1,1,0,0,0,1,1,0,0,1,0,1,1,0,1,0,0,1,0,0,0,0,1,1,0,0,0,1,0,1,0,1,1,1,0,0.2222222222222222,13.999244053849768,1
64,1,0,1,0,0,0,1,0,1,0,1,0,0,1,0,1,0,0,1,0,0,0,0,1,1,0,1,0,1,0,0,0,1,0,1,0,0.2222222222222222,5.949720830929229,1
65,1,1,1,0,0,0,1,1,1,0,1,0,0,1,0,1,0,0,1,0,0,0,0,1,1,0,1,0,1,0,1,0,1,1,1,1,0.25,19.77240117385957,1
66,1,1,1,0,0,0,1,1,0,0,1,0,1,1,0,1,0,0,1,0,0,0,0,1,1,0,1,0,1,0,1,0,1,1,1,1,0.3611111111111111,19.737684850593418,1
67,0,0,0,1,1,1,0,0,0,1,0,0,0,0,1,0,1,1,0,1,1,1,1,0,0,1,0,1,0,1,0,1,0,0,0,0,0.3055555555555556,28.82135941006268,1
68,0,1,1,0,0,0,0,1,1,0,1,0,1,1,0,1,0,0,1,0,0,0,0,1,1,0,1,0,1,0,1,1,1,1,1,1,0.3888888888888889,30.899023862416726,1
69,0,0,0,1,1,1,0,0,0,1,0,1,0,0,1,0,1,1,0,1,1,1,1,0,0,1,0,1,0,0,0,1,0,0,0,1,0.3611111111111111,30.078230852241436,1
70,0,0,0,1,1,1,0,0,0,1,0,1,0,0,1,0,1,1,0,1,1,1,1,0,0,1,0,1,1,0,0,1,0,0,0,1,0.3888888888888889,31.929517499556336,1
71,1,1,1,0,0,0,0,0,1,0,1,0,1,1,0,1,0,0,1,0,0,0,0,1,1,0,0,0,1,0,1,0,1,1,1,0,0.2222222222222222,10.468153938598949,1
72,0,0,0,1,1,1,0,0,0,1,0,1,0,0,1,0,0,1,0,1,1,1,0,0,0,1,0,1,0,0,0,1,0,0,0,1,0.3888888888888889,24.977664530952392,1
73,1,0,1,0,0,0,1,1,1,0,0,0,1,1,0,1,0,0,1,0,0,0,0,1,1,0,1,1,0,1,1,0,1,0,1,0,0.16666666666666666,20.477793448540222,1
74,1,0,0,1,1,1,1,0,0,1,0,1,0,0,1,0,1,1,0,1,1,1,1,0,0,1,0,1,0,0,0,0,0,0,0,1,0.3888888888888889,24.36997541179788,1
75,1,0,0,1,1,1,1,0,0,1,0,0,0,0,1,0,1,1,0,1,1,1,0,0,0,1,0,1,1,0,0,1,0,0,0,1,0.3055555555555556,26.492419330872128,1
76,1,0,0,1,1,1,0,0,0,1,0,1,0,0,1,0,1,1,0,1,1,1,0,0,0,1,0,1,0,1,0,1,0,0,0,1,0.3055555555555556,28.554201063002907,1
77,0,0,0,1,1,1,0,0,0,1,0,1,1,0,1,0,1,1,0,1,1,1,0,0,0,1,0,1,0,0,0,1,0,0,0,1,0.3333333333333333,27.027777093157145,1
78,1,1,1,0,0,0,0,1,0,0,1,0,1,1,0,1,0,0,1,0,0,0,0,1,1,0,0,1,1,0,1,0,1,0,1,0,0.2222222222222222,14.035557364420061,1
79,0,0,0,1,1,1,0,0,0,1,0,1,0,0,1,0,1,1,0,1,1,1,0,0,0,1,0,1,1,0,1,1,0,0,0,1,0.4166666666666667,31.929517499556344,1
80,1,0,1,0,0,0,1,1,1,0,1,0,0,1,0,0,0,0,1,0,0,0,0,1,1,0,0,0,1,0,0,0,1,0,1,0,0.08333333333333333,6.207164400887869,1
81,1,0,0,1,1,1,0,0,0,1,0,1,0,0,1,0,1,1,0,1,1,1,1,0,0,1,0,1,0,1,0,1,0,0,0,1,0.3611111111111111,33.04347776369615,1
82,1,1,1,0,0,0,0,1,1,0,1,0,1,1,0,1,0,0,1,0,0,0,0,1,1,0,1,0,1,0,0,0,1,1,1,1,0.3333333333333333,16.924069016657022,1
83,0,0,0,1,1,1,1,0,0,1,0,1,0,0,1,0,1,0,0,1,1,1,0,0,0,1,0,1,0,1,0,1,0,0,0,1,0.3055555555555556,29.511282898508675,1
84,0,0,0,0,1,1,0,0,0,1,0,1,0,0,1,0,1,0,0,1,1,1,1,0,0,1,0,1,1,0,0,0,1,0,0,0,0.2222222222222222,16.991671695338383,1
85,1,1,1,0,0,0,1,1,1,0,1,0,1,1,0,1,0,0,1,0,0,0,0,1,1,0,1,0,0,1,1,1,1,1,1,1,0.25,31.70926134240085,1
86,0,1,1,0,0,0,1,0,1,0,1,0,1,1,0,1,0,0,1,0,0,0,0,1,1,0,1,0,1,1,1,0,0,1,1,0,0.19444444444444445,13.756843883967598,1
87,1,1,1,0,0,0,0,0,1,0,1,0,1,0,0,1,0,0,1,0,0,0,0,1,1,0,0,0,0,1,1,0,0,0,0,0,0.1388888888888889,5.388739398060616,1
88,1,1,1,0,0,0,1,1,0,0,1,0,1,1,0,1,0,0,1,0,0,0,0,1,1,0,1,0,1,0,1,0,1,1,1,1,0.4166666666666667,19.737684850593418,1
89,1,1,1,0,0,0,1,1,0,0,1,0,1,1,0,1,0,0,0,0,0,0,0,1,1,0,1,0,1,0,1,0,1,1,1,0,0.2777777777777778,13.999244053849772,1
90,1,1,1,0,0,0,0,0,1,0,0,0,1,1,0,1,0,0,1,0,0,0,0,1,1,0,0,0,0,1,0,0,1,0,1,0,0.19444444444444445,7.784619351578227,1
91,1,1,0,0,0,0,0,1,1,0,1,0,1,1,0,1,0,0,1,0,0,0,0,1,1,1,1,0,0,0,1,0,1,0,1,0,0.1111111111111111,10.828032291058918,1
92,1,0,0,1,1,1,0,0,0,1,0,0,1,0,1,0,1,1,0,1,1,1,1,0,1,1,0,1,0,0,0,1,0,0,0,1,0.3055555555555556,29.69499041811992,1
93,0,0,0,1,1,1,0,0,0,1,0,1,0,0,1,0,1,0,0,1,1,1,1,0,0,1,0,1,1,0,0,1,0,0,0,1,0.3055555555555556,31.716017164898172,1
94,1,1,1,0,1,0,0,1,0,0,1,0,1,1,0,1,0,0,0,0,0,0,0,1,1,0,1,0,1,0,0,1,1,1,1,1,0.1388888888888889,20.31800657266806,1
95,0,1,1,0,0,0,1,1,1,0,1,0,1,1,0,1,0,0,0,0,0,0,0,1,1,0,1,0,1,1,1,0,1,1,1,1,0.3055555555555556,20.685180197719745,1
96,1,1,1,0,0,0,0,1,1,0,1,0,1,1,0,1,0,0,1,0,0,0,1,1,1,0,0,0,1,1,0,0,1,1,1,1,0.25,19.17404347964881,1
97,1,1,1,0,0,0,0,1,1,0,1,0,1,1,0,1,0,0,1,0,0,0,0,1,1,0,0,0,0,1,0,0,1,1,1,1,0.3611111111111111,15.806549694399015,1
98,1,1,1,0,0,0,1,1,0,0,1,0,1,1,0,1,0,0,1,0,0,0,0,1,1,1,1,1,1,1,1,0,1,0,1,0,0.3333333333333333,23.137517892779144,1
99,1,0,0,1,1,1,0,0,0,1,0,1,1,0,1,0,1,1,0,1,1,1,1,0,0,1,0,1,1,0,1,1,0,0,0,1,0.3611111111111111,34.790848804829295,1
