,0,1,2,3,4,5,6,7,8,9,10,11,12,13,14,15,16,17,18,19,20,21,22,23,24,25,26,27,28,29,30,31,32,33,34,35,36,37,38,39,40,41,42,43,44,45,46,47,48,49,50,51,52,53,chain_break_fraction,energy,num_occurrences
0,0,0,0,0,1,0,0,0,0,1,1,1,0,1,0,1,0,0,1,1,0,1,0,0,1,0,1,1,0,0,0,1,0,1,0,0,1,0,0,0,0,0,1,0,0,1,1,1,0,0,1,0,1,0,0.2777777777777778,177.68218644504486,1
1,0,0,0,0,1,0,0,0,0,1,1,0,0,1,1,1,0,0,1,1,0,1,0,0,1,0,1,1,0,0,0,1,0,1,0,0,1,0,1,0,0,0,1,0,0,1,1,1,1,0,1,0,1,0,0.2222222222222222,192.5090334342912,1
2,0,0,0,0,1,0,0,0,0,1,1,1,0,1,0,1,0,1,1,1,0,1,0,0,1,0,1,1,0,0,0,1,0,0,0,0,1,1,0,0,0,1,1,0,0,1,1,1,1,0,1,0,1,0,0.24074074074074073,237.41564256284605,1
3,0,0,0,0,1,0,0,0,0,1,1,1,0,1,0,1,0,0,1,1,0,1,0,0,1,0,1,1,0,0,0,1,0,0,0,0,1,0,0,0,0,1,1,0,0,1,1,1,1,0,1,0,1,0,0.3148148148148148,213.030217679433,1
4,0,0,0,0,1,0,0,0,0,1,1,1,0,1,0,1,0,1,1,1,0,1,0,0,1,0,1,1,0,0,0,1,0,1,0,0,1,0,0,0,0,0,1,0,0,1,1,1,1,0,1,0,1,0,0.3333333333333333,229.69528190792346,1
5,0,0,0,0,1,0,0,0,0,1,1,0,0,1,0,1,0,0,1,1,0,1,0,0,1,0,1,1,0,0,0,1,0,0,0,0,1,0,0,0,0,0,1,0,0,1,1,1,1,0,1,0,1,0,0.2777777777777778,145.7825999707415,1
6,0,0,0,0,1,0,0,0,0,1,1,1,0,1,0,1,0,0,1,1,0,1,0,0,1,0,1,0,0,0,0,1,0,0,0,0,1,1,0,0,0,1,1,0,0,1,1,1,1,0,1,0,1,0,0.2777777777777778,231.62144398180973,1
7,0,0,0,0,1,0,0,0,0,1,1,1,1,1,0,1,0,1,1,1,0,1,0,0,1,0,1,0,0,0,0,1,0,0,0,0,1,0,0,0,0,0,1,0,0,1,1,1,1,0,1,0,1,0,0.25925925925925924,274.6225713408062,1
8,0,0,0,0,1,0,0,0,0,1,1,0,0,1,1,1,0,0,1,1,0,1,0,0,1,0,1,1,0,0,0,1,0,0,0,0,1,1,0,0,0,0,1,0,0,1,1,1,1,0,1,0,1,0,0.2777777777777778,153.5009861514401,1
9,0,0,0,0,1,0,0,0,0,1,1,1,1,0,0,1,0,1,1,1,0,1,0,0,1,0,1,1,0,0,0,1,0,0,0,0,1,0,0,0,0,0,1,0,0,1,1,1,1,0,1,0,1,0,0.2222222222222222,228.5255856246273,1
10,0,0,0,0,1,1,0,0,0,1,1,0,0,1,0,1,0,0,1,1,0,1,0,0,1,0,1,1,0,0,0,1,0,0,0,0,1,1,0,0,0,0,1,0,0,1,1,1,1,0,1,0,1,0,0.2777777777777778,174.979535987983,1
11,0,0,0,0,1,0,0,0,0,1,1,0,0,1,1,1,0,0,1,1,0,1,0,0,1,0,1,1,0,0,0,1,0,0,0,0,1,1,1,0,0,0,1,0,0,1,1,1,1,0,0,0,1,0,0.2777777777777778,155.696182590327,1
12,0,0,0,0,1,0,0,0,0,1,0,1,0,1,0,1,0,0,1,1,0,1,0,0,1,0,1,1,0,0,0,1,0,1,0,0,1,0,1,0,0,0,1,0,0,1,1,1,1,0,0,0,1,0,0.2962962962962963,162.5320601386297,1
13,0,0,0,0,1,0,0,0,0,1,1,1,0,1,0,1,0,0,1,1,0,1,0,0,1,0,1,1,0,0,0,1,0,0,0,0,1,1,1,0,0,0,1,0,0,1,1,1,1,0,0,0,1,1,0.2777777777777778,243.45145250675333,1
14,0,0,0,0,1,1,0,0,0,1,1,1,0,1,0,1,0,0,1,1,0,1,0,0,1,0,1,0,0,0,0,1,0,0,0,0,1,0,0,0,0,0,1,0,0,1,1,1,1,0,1,0,1,1,0.25925925925925924,249.69301794284584,1
15,0,0,0,0,1,0,0,0,0,1,0,1,0,1,0,1,0,1,1,1,0,1,0,0,1,0,1,0,0,0,0,1,0,1,0,0,1,0,0,0,0,0,1,0,0,0,1,1,1,0,1,0,1,0,0.2962962962962963,214.3812220577852,1
16,0,0,0,0,1,0,1,0,0,1,1,0,1,1,1,1,0,1,1,1,0,1,0,0,1,0,1,1,0,0,0,1,0,0,0,0,1,0,1,0,0,0,1,0,0,1,1,1,1,0,1,0,1,0,0.24074074074074073,214.06085863356608,1
17,0,0,0,0,1,1,0,0,0,1,1,1,0,1,0,1,0,0,1,1,0,1,0,0,1,0,1,0,0,0,0,1,0,0,0,0,1,0,0,0,0,0,1,0,0,1,1,1,1,0,1,0,1,1,0.25925925925925924,249.69301794284584,1
18,0,0,0,0,1,1,0,0,0,1,1,0,0,1,0,1,0,0,1,1,0,1,0,0,1,0,1,0,0,0,0,1,0,0,0,0,1,0,0,0,0,0,1,1,0,1,1,1,1,0,1,0,1,0,0.24074074074074073,182.65618759189636,1
19,0,0,0,0,1,0,0,0,0,1,1,0,0,1,1,1,0,0,1,1,0,1,0,0,1,0,1,0,0,0,0,1,0,0,0,0,1,1,0,0,0,0,1,0,0,1,1,1,1,0,1,0,1,0,0.3148148148148148,154.57544718134278,1
20,0,0,0,0,1,0,0,0,1,1,1,0,0,1,1,1,0,0,1,1,0,1,0,0,1,0,1,1,0,0,0,1,0,0,0,0,1,1,0,0,0,0,1,0,0,1,1,1,1,0,1,0,1,0,0.3148148148148148,194.5744499733521,1
21,0,0,0,0,1,0,0,0,0,1,1,0,0,1,1,1,0,0,1,1,0,1,0,0,1,0,1,1,0,0,0,1,0,1,0,0,1,1,0,0,0,0,1,0,0,0,1,1,0,0,1,0,1,0,0.3148148148148148,150.6209978025581,1
22,0,0,0,0,1,0,0,0,0,1,1,1,1,1,0,1,0,0,1,1,0,1,0,0,1,0,1,1,0,0,0,1,0,1,0,0,0,0,0,0,0,0,1,0,0,1,1,1,1,0,1,0,1,0,0.2777777777777778,182.36671238834612,1
23,0,0,0,0,1,1,0,0,0,1,1,0,0,1,0,1,0,0,1,1,0,1,0,0,1,0,1,1,0,0,0,0,0,1,0,0,1,0,0,0,0,0,1,1,0,1,1,1,0,0,1,0,1,0,0.25925925925925924,176.97202139625114,1
24,0,0,0,0,1,0,0,0,0,1,0,1,0,1,0,1,0,1,1,1,0,1,0,0,1,0,1,1,0,0,0,0,0,1,0,0,1,1,0,0,0,0,1,0,0,0,1,1,1,0,1,0,1,0,0.2777777777777778,205.0472629721397,1
25,0,0,0,0,1,1,0,0,0,1,1,0,0,1,0,1,0,0,1,1,0,1,0,0,1,0,1,1,0,0,0,1,0,0,0,0,1,1,1,1,0,0,1,0,0,1,1,1,0,0,1,0,1,0,0.2222222222222222,231.2253567980873,1
26,0,0,0,0,1,0,0,0,0,1,0,1,0,1,0,1,0,1,1,1,0,1,0,0,1,0,1,1,0,0,0,1,0,1,0,0,1,0,0,0,0,1,1,0,0,1,1,1,0,0,0,0,1,0,0.2962962962962963,196.9972890858645,1
27,0,0,0,0,1,0,0,0,0,1,1,0,0,1,0,1,0,0,1,1,0,1,0,0,1,0,1,1,0,0,0,0,0,0,0,0,1,1,1,0,0,0,1,0,0,1,1,1,0,0,1,0,1,0,0.24074074074074073,203.9445098891401,1
28,0,0,0,0,1,1,0,0,0,1,1,0,0,1,0,1,0,1,1,1,0,0,0,1,1,0,1,1,0,0,0,1,0,0,0,0,1,1,1,0,0,1,1,0,0,1,1,1,1,0,1,0,1,0,0.2777777777777778,298.2905590627887,1
29,0,0,0,0,1,0,0,0,0,1,1,0,0,1,1,1,0,1,1,1,0,1,0,0,1,0,1,1,0,0,0,1,0,0,0,0,1,0,0,0,0,0,1,0,0,1,1,1,1,0,1,0,1,0,0.2962962962962963,212.5124732290349,1
30,0,0,0,0,1,0,0,0,0,1,1,1,0,1,0,1,0,0,1,1,0,1,0,0,1,0,1,1,0,0,0,1,0,0,0,0,1,1,0,0,0,0,1,0,0,1,1,1,0,0,0,0,1,0,0.3148148148148148,174.9690886162917,1
31,0,0,0,0,1,0,0,0,0,1,1,1,0,1,0,1,0,1,1,1,0,1,0,0,1,0,1,1,0,0,0,0,0,0,0,0,1,1,1,0,0,1,1,0,0,1,1,1,1,0,0,0,1,0,0.18518518518518517,238.30274396477193,1
32,0,0,0,0,1,0,0,0,0,1,1,1,0,1,0,1,0,0,1,1,0,1,0,0,1,0,1,1,0,0,0,1,0,0,0,0,1,1,0,0,0,0,1,0,0,1,1,1,0,0,0,0,1,0,0.3148148148148148,174.9690886162917,1
33,0,0,0,0,1,0,0,0,0,1,1,1,0,1,0,1,0,0,1,1,0,1,0,0,1,0,1,1,0,0,0,1,0,0,0,0,1,0,0,0,0,0,1,0,0,1,1,1,0,0,0,0,1,1,0.2962962962962963,178.77205531513107,1
34,0,0,0,0,1,0,0,0,1,1,1,1,0,1,0,0,0,0,1,1,0,1,0,0,1,0,1,1,0,0,0,1,0,0,0,0,1,1,0,0,0,0,1,0,0,0,1,1,1,0,0,0,1,0,0.24074074074074073,245.04944397717216,1
35,0,0,0,0,1,0,0,0,0,1,0,0,1,1,0,1,0,1,1,1,0,1,0,0,1,0,1,1,0,0,0,1,0,0,0,0,1,0,0,0,0,0,1,1,0,1,1,1,1,0,1,0,1,0,0.3333333333333333,164.77675937871575,1
36,0,0,0,0,1,0,0,0,0,1,1,1,0,1,0,1,0,0,1,1,0,1,0,0,1,0,1,1,0,0,0,1,0,1,0,0,0,0,0,1,0,0,1,0,0,0,1,1,0,0,0,0,1,0,0.24074074074074073,196.40064648214124,1
37,0,0,0,0,1,0,0,0,0,1,1,1,0,1,1,1,0,0,1,1,0,1,0,0,1,0,1,1,0,0,0,1,0,1,0,0,1,0,1,0,0,0,1,0,0,1,1,1,1,0,0,1,1,0,0.2222222222222222,207.8387954488997,1
38,0,0,0,0,1,0,0,0,0,1,1,1,0,1,1,1,0,0,1,1,0,1,0,0,1,0,1,1,0,0,1,1,0,1,0,0,1,1,0,0,0,0,1,0,0,1,1,1,1,0,0,0,1,1,0.2962962962962963,201.91397748247198,1
39,0,0,0,0,1,0,0,0,0,1,1,1,0,1,0,1,0,0,1,1,0,1,0,0,1,0,1,1,0,0,0,1,0,0,0,0,1,0,1,0,0,0,1,0,0,1,1,1,0,0,1,0,1,0,0.2777777777777778,203.36953078840673,1
40,0,0,0,0,1,0,0,0,0,1,1,0,0,1,1,1,0,1,1,1,0,1,0,0,1,0,1,1,0,0,0,1,0,0,0,0,1,0,0,0,0,0,1,0,0,1,1,1,1,0,1,0,1,0,0.3148148148148148,212.5124732290349,1
41,0,0,0,0,1,0,0,0,0,1,1,1,0,1,1,1,0,0,0,1,0,1,0,0,1,0,1,1,0,0,0,1,0,1,0,0,1,1,1,0,0,0,1,0,0,1,1,1,0,0,0,0,1,1,0.25925925925925924,231.49475979668762,1
42,0,0,0,0,1,0,0,0,0,1,1,1,0,1,0,1,0,0,1,1,0,1,0,0,1,0,1,1,0,0,0,1,0,0,0,0,1,0,1,0,0,0,1,0,0,0,1,1,0,0,1,0,1,0,0.2777777777777778,196.7088438973805,1
43,0,0,0,0,1,0,0,0,0,1,1,1,0,1,0,1,0,0,0,1,0,1,0,0,1,0,1,0,0,0,0,1,0,1,0,0,0,1,0,0,0,0,1,0,0,1,1,1,1,0,1,0,1,0,0.25925925925925924,183.4310121325687,1
44,0,0,0,0,1,0,0,0,0,1,1,1,0,0,0,1,0,1,1,1,0,1,0,0,1,0,1,1,0,0,0,1,0,0,0,0,1,0,1,0,0,1,1,0,0,1,1,1,0,0,1,0,1,0,0.24074074074074073,274.758966032829,1
45,0,0,0,0,1,0,0,0,0,1,1,0,0,1,1,1,0,1,1,1,0,1,0,0,1,0,1,1,0,0,0,1,0,1,0,0,1,0,0,0,0,0,1,1,0,1,1,1,1,0,0,0,1,0,0.3148148148148148,209.7866175823698,1
46,0,0,0,0,1,0,0,0,0,1,1,1,0,1,0,1,0,1,1,1,0,1,0,0,1,0,1,1,0,0,0,1,0,0,0,0,1,1,0,0,0,0,1,0,0,1,1,1,0,0,1,0,1,0,0.3148148148148148,230.29357171705558,1
47,0,0,0,0,1,1,0,0,0,1,1,1,0,1,0,1,0,0,1,1,0,1,0,0,1,0,1,1,1,0,0,1,0,0,0,0,1,0,0,0,0,0,1,0,0,1,1,1,1,0,1,0,1,0,0.3148148148148148,221.9238752582132,1
48,0,0,0,0,1,0,0,0,0,1,1,1,0,1,0,1,0,1,1,1,0,1,0,0,1,0,1,1,0,0,1,1,0,1,0,0,1,1,0,0,0,0,1,0,0,1,1,1,1,0,1,0,1,0,0.24074074074074073,214.15830985088007,1
49,0,0,0,0,1,0,0,0,0,1,1,1,0,1,0,1,0,0,1,1,0,0,0,0,1,0,1,1,0,0,0,1,0,0,0,0,1,1,0,0,0,1,1,0,0,1,1,1,0,0,0,0,1,1,0.2777777777777778,239.6776120734069,1
50,0,0,0,0,1,0,0,0,0,1,1,0,0,0,0,1,0,1,1,1,0,1,0,0,1,0,1,1,0,0,0,1,0,1,0,0,1,1,0,0,0,0,1,0,0,1,1,1,1,0,1,0,1,0,0.3333333333333333,191.53045857679123,1
51,0,0,0,0,1,0,0,0,0,0,1,0,1,1,0,1,0,0,1,1,0,1,0,0,1,0,1,1,0,0,0,1,0,0,0,0,1,1,1,0,0,0,1,0,0,1,1,1,1,0,1,0,1,0,0.3148148148148148,260.8863207402418,1
52,0,0,0,0,1,0,0,0,0,1,1,0,0,1,0,1,0,0,1,1,0,0,0,0,1,0,1,0,0,0,0,1,0,0,0,0,0,0,0,0,0,0,1,0,0,1,1,1,1,0,1,0,1,0,0.25925925925925924,139.29852933407196,1
53,0,0,0,0,1,1,0,0,0,1,1,0,0,1,0,1,0,0,1,1,0,1,0,0,1,0,1,1,0,0,0,1,0,0,0,0,1,0,0,0,0,0,1,1,0,0,1,1,1,0,1,0,1,0,0.24074074074074073,175.48735419121897,1
54,0,0,0,0,1,0,0,0,0,0,1,0,0,1,1,1,0,0,1,1,0,1,0,0,1,0,1,0,0,0,0,1,0,0,0,0,1,0,0,0,0,0,1,0,0,1,1,1,1,0,0,1,1,0,0.24074074074074073,145.37861232027583,1
55,0,0,0,0,1,0,0,0,0,1,0,1,0,0,0,1,0,0,1,1,0,1,0,0,1,0,1,0,0,0,0,1,0,1,0,0,1,0,0,0,0,0,1,1,0,1,1,1,0,0,0,0,1,1,0.24074074074074073,190.1232111923557,1
56,0,0,0,0,1,0,0,0,0,1,1,0,0,1,1,1,0,0,1,1,0,0,0,0,1,0,1,1,0,0,0,1,0,1,0,0,1,0,0,1,0,0,1,1,0,0,1,1,1,0,1,0,1,0,0.2962962962962963,163.7843552879427,1
57,0,0,0,0,1,1,0,0,0,1,1,0,0,1,0,1,0,0,1,1,0,0,0,0,1,0,1,1,0,0,0,1,0,1,0,0,0,0,0,0,0,0,1,0,0,1,1,1,0,0,1,0,1,0,0.2962962962962963,164.68865516584822,1
58,0,0,0,0,1,0,0,0,0,1,1,0,1,1,1,1,0,0,1,1,0,1,0,0,1,0,1,1,0,0,0,1,0,0,0,0,1,1,0,0,0,0,1,1,0,0,1,1,1,0,0,0,1,0,0.2962962962962963,146.8399104148242,1
59,0,0,0,0,1,0,0,0,0,1,1,1,0,1,0,1,0,0,1,1,0,1,0,0,1,0,1,1,0,0,0,1,0,1,0,0,1,0,0,0,0,0,1,0,0,1,1,1,1,0,1,0,1,0,0.3333333333333333,179.33849443762557,1
60,0,0,0,0,1,1,0,0,0,0,1,0,0,1,0,1,0,0,1,1,0,1,0,0,1,0,1,1,0,0,0,0,0,0,0,0,1,1,0,0,0,0,1,0,0,1,1,1,0,0,1,0,1,1,0.2777777777777778,207.03287663835397,1
61,0,0,0,0,1,0,0,0,0,1,1,0,1,1,1,1,0,1,1,1,0,1,0,0,1,0,1,1,0,0,0,0,0,0,0,0,1,0,0,0,0,0,1,0,0,1,1,1,1,0,1,0,1,0,0.35185185185185186,265.04903735472146,1
62,0,0,0,0,1,0,0,0,0,1,1,0,0,1,0,0,0,0,1,1,0,1,0,0,1,0,1,0,0,0,0,1,0,0,0,0,1,0,0,0,0,0,1,0,0,1,1,1,1,0,1,0,1,0,0.3148148148148148,145.6608742156526,1
63,0,0,0,0,1,0,0,0,0,1,1,1,0,1,1,1,0,0,1,0,0,0,0,0,1,0,1,1,0,0,0,1,0,0,0,0,1,0,0,0,0,0,1,0,0,1,1,1,1,0,1,0,1,0,0.25925925925925924,187.73059359226818,1
64,0,0,0,0,1,0,0,0,0,1,0,1,0,1,0,1,0,1,1,1,0,1,0,0,1,0,1,0,0,0,0,1,0,0,0,0,1,0,0,0,0,0,1,0,0,1,1,1,1,0,0,0,1,0,0.3333333333333333,253.29920646275284,1
65,0,0,0,0,1,1,0,0,0,1,1,0,0,1,0,1,0,0,1,1,0,1,0,1,1,0,1,1,1,0,0,1,0,1,0,0,1,0,0,0,0,0,0,0,0,1,1,1,0,0,1,0,1,0,0.25925925925925924,214.7019792527028,1
66,0,0,0,0,1,1,0,0,0,1,1,0,0,1,0,1,0,0,1,1,0,1,0,0,1,0,1,1,0,0,0,1,0,0,0,0,1,1,0,0,0,0,1,0,0,1,1,1,0,0,1,0,1,0,0.3148148148148148,170.8385527325102,1
67,1,0,0,0,1,0,0,0,0,1,1,0,1,1,1,1,0,0,1,1,0,0,0,0,1,0,1,1,0,0,0,1,0,0,0,0,1,0,0,0,0,0,1,0,0,1,1,1,1,0,1,0,1,0,0.24074074074074073,154.89937049666452,1
68,0,0,0,0,1,0,0,0,0,1,1,1,0,1,0,1,0,1,1,1,0,1,0,0,1,0,1,1,0,0,0,0,0,0,0,0,1,1,0,0,0,0,1,1,0,1,1,1,0,0,1,0,1,0,0.25925925925925924,237.86783493428797,1
69,0,0,0,0,1,0,0,0,0,1,1,1,0,1,0,0,0,0,1,1,0,1,0,0,1,0,1,1,0,0,0,1,0,0,0,0,1,0,0,1,0,0,1,0,0,1,1,1,0,0,1,0,1,0,0.2222222222222222,174.47072725385866,1
70,0,0,0,0,1,0,0,0,0,0,1,1,0,1,1,1,0,1,1,1,0,1,0,0,1,0,1,1,0,0,0,1,0,1,0,0,1,0,0,0,0,0,1,0,0,1,1,1,1,0,0,0,1,1,0.2777777777777778,280.44193424202217,1
71,0,0,0,0,1,0,0,0,0,1,1,0,0,1,1,1,0,1,1,1,0,0,0,0,1,0,1,0,0,0,0,1,0,0,0,0,1,0,1,0,0,0,1,0,0,1,1,1,1,0,1,0,1,0,0.24074074074074073,201.03310313822513,1
72,0,0,0,0,1,0,1,0,1,1,1,0,0,1,1,1,0,0,1,1,0,0,0,0,1,0,1,1,0,0,0,1,0,0,0,0,1,0,0,0,0,0,1,0,0,1,1,1,0,0,1,0,1,0,0.24074074074074073,226.0996889771007,1
73,0,0,0,0,1,1,0,0,0,1,0,0,0,1,1,1,0,1,1,1,0,1,0,0,1,0,1,1,0,0,0,1,0,0,0,0,1,1,1,0,0,0,1,0,0,1,1,1,1,0,1,0,1,0,0.3333333333333333,235.2945880519201,1
74,0,0,0,0,1,0,0,0,0,1,1,1,0,1,0,1,0,1,1,1,0,1,0,0,1,0,1,1,0,0,0,1,0,0,0,0,1,1,1,0,0,0,1,0,0,0,1,1,0,0,1,0,1,0,0.3148148148148148,231.67700279621127,1
75,0,0,0,0,1,0,0,0,0,1,1,1,0,1,0,1,0,0,1,1,0,1,0,0,1,0,1,1,0,0,0,0,0,0,0,0,1,1,1,0,0,0,0,0,0,1,1,1,0,0,0,0,1,1,0.2777777777777778,204.56007861713755,1
76,0,0,0,0,1,0,0,0,0,1,1,1,0,0,1,1,0,1,1,1,0,1,0,0,1,0,1,1,0,0,0,1,0,0,0,0,1,0,0,0,0,0,1,0,0,0,1,1,1,0,1,0,1,0,0.24074074074074073,302.3702805001256,1
77,0,0,0,0,1,0,0,0,0,1,1,1,1,1,0,1,0,0,1,1,0,1,0,0,1,0,1,1,0,0,0,1,0,1,0,0,0,0,0,0,0,0,1,0,0,1,1,1,1,0,1,0,1,0,0.3148148148148148,182.36671238834612,1
78,0,0,0,0,1,0,1,0,0,1,1,0,0,0,1,1,0,0,1,1,0,0,0,0,1,0,1,0,0,0,0,1,0,0,0,0,1,0,1,0,0,0,1,0,0,1,1,1,1,0,1,0,1,0,0.2962962962962963,191.45544619973208,1
79,0,0,0,0,1,0,0,0,0,1,1,1,0,0,0,1,0,0,1,1,0,1,0,0,1,0,1,1,0,0,0,1,0,0,0,0,1,1,0,0,0,0,1,0,0,1,1,1,0,0,0,0,1,1,0.2962962962962963,183.99914262499948,1
80,0,0,0,0,1,0,0,0,0,1,1,1,0,1,0,1,0,1,1,1,0,1,0,0,1,0,1,1,0,0,0,1,0,0,0,0,1,0,0,0,0,0,1,0,0,0,1,1,1,0,0,1,1,0,0.2962962962962963,287.15695285312216,1
81,0,0,0,0,1,0,0,0,0,1,1,0,0,1,1,1,0,0,1,1,0,1,0,0,1,0,1,1,0,0,0,0,0,0,0,0,1,0,0,0,0,0,1,1,0,0,1,1,1,0,0,0,1,0,0.3148148148148148,177.44000357273615,1
82,1,0,0,0,1,0,0,0,0,1,0,0,0,1,1,1,0,1,1,1,1,0,0,0,1,0,1,1,0,0,0,1,0,0,0,0,1,0,0,0,0,0,1,0,0,1,1,1,0,0,0,0,1,0,0.25925925925925924,375.8822439547952,1
83,0,0,0,0,1,0,0,0,0,0,1,0,0,1,1,1,0,1,1,1,0,1,0,0,1,0,1,1,0,0,1,1,0,1,0,0,1,0,0,0,0,0,0,0,0,0,1,1,1,0,1,1,1,0,0.2037037037037037,183.36635310963487,1
84,0,0,0,0,1,0,0,0,0,1,1,0,0,1,1,1,0,0,1,1,0,1,0,0,1,0,1,1,0,0,0,1,0,0,0,0,1,1,0,0,0,0,1,0,0,1,1,1,1,0,1,0,1,0,0.2777777777777778,153.5009861514401,1
85,0,0,0,0,1,0,0,0,0,1,1,1,0,1,0,1,0,0,1,1,0,1,0,0,1,0,1,1,0,0,0,1,0,0,0,0,1,1,0,0,0,0,0,0,0,0,1,1,1,0,0,0,1,1,0.3333333333333333,178.66935616752704,1
86,0,0,0,0,1,0,0,0,0,1,1,1,0,0,1,1,0,0,1,1,0,1,0,0,1,0,1,1,0,0,0,1,0,0,0,0,1,1,0,0,0,0,1,0,0,0,1,1,0,0,1,0,1,1,0.2962962962962963,219.57622306067077,1
87,0,0,0,0,1,0,0,0,0,1,1,1,1,1,0,1,0,1,1,1,0,1,0,0,1,0,1,1,0,0,0,1,0,0,0,0,1,0,1,0,0,0,1,0,0,0,1,1,1,0,0,0,1,1,0.3148148148148148,238.08064275687553,1
88,0,0,0,0,1,1,0,0,0,1,1,1,0,1,0,1,0,1,1,1,0,0,0,0,1,0,1,1,0,0,0,1,0,0,0,0,1,1,1,0,0,0,1,0,0,1,1,1,1,0,1,0,1,0,0.3148148148148148,276.38953385076695,1
89,0,0,0,0,1,0,0,0,0,1,1,1,0,1,0,0,0,1,1,1,0,1,0,0,0,0,1,1,0,0,0,1,0,1,0,0,1,1,0,0,0,0,1,0,0,0,1,1,0,0,0,0,1,0,0.2962962962962963,220.11567619485803,1
90,0,0,0,0,1,0,0,0,0,1,0,1,0,1,0,1,0,0,1,1,0,1,0,0,1,0,1,1,0,0,0,1,0,0,0,0,1,1,0,0,0,0,1,0,0,0,1,1,1,0,0,0,1,0,0.35185185185185186,142.05913752815832,1
91,0,0,0,0,1,0,0,0,0,1,1,0,1,1,1,1,0,0,1,1,0,1,0,0,1,0,1,1,0,0,0,0,0,0,0,0,1,0,0,0,0,0,1,0,0,1,1,1,1,0,0,0,1,1,0.3148148148148148,170.3692934745612,1
92,0,0,0,0,1,0,0,0,0,1,1,0,1,0,1,1,0,0,0,1,0,1,0,0,1,0,1,1,0,0,0,1,0,1,0,0,1,1,0,0,0,0,1,0,0,1,1,1,1,0,1,0,1,0,0.3148148148148148,168.02420441443346,1
93,0,0,0,0,1,0,0,0,0,0,1,1,0,1,0,1,0,1,1,1,0,1,0,1,1,0,1,0,0,0,0,1,0,0,0,0,1,0,0,0,0,0,1,0,0,1,1,1,1,0,0,0,1,1,0.37037037037037035,344.8101421212731,1
94,0,0,0,0,1,0,0,0,0,1,0,0,0,1,1,1,0,0,1,1,0,0,0,0,1,0,1,1,0,0,0,1,0,1,0,0,1,0,0,1,0,0,0,0,0,1,1,1,0,0,0,0,1,0,0.2962962962962963,116.98694749150494,1
95,1,1,1,1,0,0,1,1,1,0,1,0,0,0,1,0,1,1,0,0,1,0,1,1,0,1,0,0,1,1,1,0,1,0,1,1,0,1,1,1,1,1,0,1,1,0,0,0,0,1,0,0,0,0,0.3333333333333333,412.20062865972665,1
96,1,1,1,1,0,1,0,1,1,0,0,0,0,1,1,0,1,0,0,0,1,0,1,1,0,1,0,0,1,1,0,1,1,0,1,1,0,0,1,1,1,0,0,1,1,1,0,0,0,1,0,1,0,1,0.2962962962962963,407.8633862939634,1
97,0,0,0,1,1,0,0,0,0,1,1,1,0,1,0,1,0,0,1,1,0,0,0,0,1,0,1,1,0,0,0,1,0,0,0,0,1,1,1,0,0,0,1,0,0,1,1,1,0,0,0,0,1,1,0.25925925925925924,231.41772274398042,1
98,1,1,1,1,0,1,1,1,1,0,0,0,1,0,1,0,1,0,0,0,1,0,1,1,0,1,0,0,1,1,1,0,1,0,1,1,0,0,1,1,1,1,0,0,1,0,0,0,0,1,0,1,0,0,0.37037037037037035,406.4343372377896,1
99,1,1,1,1,0,0,1,1,1,0,0,0,0,0,0,0,1,1,0,0,1,0,1,1,0,1,0,1,1,1,1,0,1,0,1,1,0,0,1,1,1,1,0,0,1,0,0,0,1,1,0,1,0,0,0.35185185185185186,394.7839701449458,1
