,0,1,2,3,4,5,6,7,8,9,10,11,12,13,14,15,16,17,18,19,20,21,22,23,24,25,26,27,28,29,30,31,32,33,34,35,36,37,38,39,40,41,42,43,44,45,46,47,48,49,50,51,52,53,chain_break_fraction,energy,num_occurrences
0,0,1,0,0,1,0,0,1,0,1,0,0,0,1,0,1,1,0,0,0,1,1,1,0,0,0,0,0,1,1,1,0,0,0,0,1,0,0,0,0,0,1,0,0,1,1,0,1,1,0,0,1,0,1,0.2777777777777778,404.19847870849753,1
1,0,1,0,0,1,0,0,1,0,1,0,0,0,1,0,1,0,1,0,0,1,1,1,0,0,0,1,0,0,1,1,0,0,0,0,1,0,0,1,0,0,1,0,0,1,1,0,1,1,0,0,1,0,1,0.3148148148148148,380.0766799761746,1
2,0,1,0,0,1,0,0,1,0,1,0,0,0,1,0,1,1,1,0,0,1,1,1,0,0,0,1,0,1,1,1,0,0,0,0,1,1,0,1,0,0,1,0,0,1,1,0,1,1,0,0,1,0,1,0.3148148148148148,425.75165026928727,1
3,0,1,0,0,1,0,0,1,0,1,0,0,0,1,0,1,0,1,0,0,1,1,1,0,0,0,1,0,0,1,1,0,0,0,0,1,0,0,1,0,0,1,1,0,1,1,0,1,1,0,0,1,0,1,0.35185185185185186,404.5013050508395,1
4,0,1,0,0,1,0,0,1,0,1,0,0,0,1,0,1,1,1,0,0,1,1,1,0,0,0,0,0,0,1,1,0,0,0,0,1,0,0,1,0,0,1,1,0,1,1,0,1,1,0,0,1,0,1,0.2962962962962963,427.91717614898727,1
5,0,1,0,0,1,0,0,0,0,1,0,0,0,1,0,1,0,0,0,0,1,1,1,0,0,0,1,0,1,1,1,0,0,0,0,1,0,0,1,0,0,1,0,0,1,1,0,1,1,0,0,1,1,1,0.3333333333333333,710.6119929923635,1
6,0,1,0,0,1,0,0,1,0,1,0,0,0,1,0,1,0,1,0,0,1,1,1,0,0,0,1,1,0,1,1,0,0,0,0,1,0,0,1,0,0,1,0,0,1,1,0,1,1,0,0,1,0,1,0.3333333333333333,405.72646586439436,1
7,0,1,0,0,1,0,0,1,0,1,0,0,0,1,0,1,0,1,0,0,1,1,1,0,0,0,1,0,1,1,1,0,0,0,0,0,0,1,1,0,0,1,0,1,1,1,0,1,1,0,0,1,0,1,0.3888888888888889,435.34363106934404,1
8,0,1,0,0,1,0,0,1,0,1,0,0,0,0,0,1,1,0,0,0,1,1,1,0,0,0,1,0,1,1,0,0,0,0,0,1,0,0,0,0,0,1,0,0,1,1,0,1,1,0,0,1,1,1,0.2777777777777778,407.15152204370696,1
9,0,1,0,0,1,0,0,1,0,1,0,0,0,1,0,1,0,1,0,0,1,1,1,0,0,0,1,0,1,1,1,0,0,0,0,1,0,0,1,0,0,1,0,0,1,1,0,1,1,0,0,1,0,1,0.3888888888888889,437.3762517526143,1
10,0,1,0,0,1,0,0,1,0,1,0,0,0,1,0,1,0,0,0,0,1,1,1,0,0,0,1,0,0,1,1,0,0,0,0,1,0,0,1,0,0,1,0,0,1,1,0,1,1,0,0,0,0,1,0.3333333333333333,424.1973020735387,1
11,0,1,0,0,1,0,0,1,0,1,0,0,0,1,0,1,0,1,0,0,1,1,1,0,0,0,1,0,0,1,1,0,0,0,0,1,0,0,1,0,0,1,0,0,1,1,0,1,1,0,0,1,0,1,0.3333333333333333,380.0766799761746,1
12,0,1,0,0,1,0,0,0,0,1,0,0,0,1,0,1,1,0,0,0,1,1,1,0,0,0,0,0,0,1,1,0,0,0,0,1,0,0,1,0,0,1,0,0,1,0,0,1,1,0,0,1,0,1,0.3148148148148148,518.98547973229,1
13,0,1,0,1,1,0,0,1,0,1,0,0,0,1,0,1,0,1,0,0,1,1,1,0,0,0,1,0,0,1,1,0,0,0,0,1,0,0,1,0,0,1,0,0,1,1,0,1,1,0,0,1,0,1,0.3148148148148148,366.09210928351314,1
14,0,1,0,0,1,0,0,1,0,1,0,0,0,1,0,1,0,1,0,0,1,1,1,0,0,0,1,0,0,1,1,0,0,0,0,1,0,0,1,0,0,1,1,0,1,1,0,1,1,0,0,1,0,1,0.3333333333333333,404.5013050508395,1
15,0,1,0,0,1,0,0,1,0,1,0,0,0,1,0,1,0,1,0,0,1,1,1,0,0,0,1,0,1,1,1,0,0,0,0,1,0,0,1,0,0,1,0,0,1,1,0,1,1,0,0,1,0,1,0.3148148148148148,437.3762517526143,1
16,0,1,0,1,1,0,0,1,0,1,0,1,0,1,0,1,0,0,0,0,1,1,1,0,0,0,0,0,0,1,1,0,0,0,0,1,0,0,1,0,0,1,0,0,1,1,0,1,1,0,0,1,0,1,0.2962962962962963,422.72597273330666,1
17,0,1,0,0,1,0,0,1,0,1,0,0,0,1,0,1,1,0,0,0,1,1,1,0,0,0,0,0,1,1,1,0,0,0,0,1,0,0,1,0,0,1,0,0,1,1,0,1,1,0,0,1,0,1,0.2962962962962963,585.4420074317233,1
18,0,1,0,0,1,0,0,1,0,1,0,0,0,1,0,1,0,1,0,0,1,1,1,0,0,0,1,1,0,1,1,0,0,0,0,1,0,0,1,0,0,1,0,0,1,1,0,1,1,0,0,1,0,1,0.3333333333333333,405.72646586439436,1
19,0,1,0,0,1,0,0,1,0,1,0,0,0,1,0,1,1,1,0,0,1,1,1,0,0,0,1,0,1,1,1,0,0,0,0,1,0,0,1,0,0,1,0,0,1,1,0,1,1,0,0,1,0,1,0.3333333333333333,399.0270442640632,1
20,0,1,0,0,1,0,0,1,0,1,0,0,0,0,0,1,0,0,0,0,1,1,1,0,0,0,1,0,0,1,1,0,0,0,0,1,0,0,0,0,0,1,0,0,1,1,0,1,1,0,1,1,0,1,0.2962962962962963,507.3957150642596,1
21,0,1,0,0,1,0,0,1,0,1,0,1,0,1,0,1,1,1,0,0,1,1,1,0,0,0,1,0,1,1,1,0,0,0,0,1,0,0,1,0,0,1,0,1,1,1,0,1,1,0,0,1,0,1,0.3888888888888889,393.53456237453247,1
22,0,1,0,0,1,0,0,1,0,1,0,0,0,1,0,1,0,0,0,0,1,1,1,0,0,0,1,0,1,1,1,0,0,0,0,0,0,0,1,0,0,1,0,0,1,1,0,1,1,0,0,0,0,1,0.3148148148148148,357.85557790581186,1
23,0,1,0,0,1,0,0,1,0,1,0,0,0,1,0,1,0,1,0,0,1,1,1,0,0,0,1,0,0,1,1,0,0,0,0,1,0,0,1,0,0,1,0,0,1,1,0,1,1,0,0,1,0,1,0.37037037037037035,380.0766799761746,1
24,0,1,0,0,1,0,0,1,0,1,0,0,0,1,0,1,0,0,0,0,1,1,1,0,0,0,1,0,0,1,1,0,0,0,0,1,0,0,1,0,0,1,0,0,1,1,0,1,1,0,0,1,0,1,0.3333333333333333,459.7490455866762,1
25,0,1,0,0,1,0,0,1,0,1,0,0,0,1,0,1,1,1,0,0,1,1,1,0,0,0,0,0,0,1,1,0,0,0,0,1,0,0,1,0,0,1,0,0,1,1,1,1,1,0,0,1,0,1,0.2777777777777778,469.4673785301996,1
26,0,1,0,0,1,0,0,1,0,1,0,0,0,1,0,0,1,1,0,0,1,1,1,0,0,0,1,0,1,1,1,0,0,0,0,1,0,0,1,0,0,1,0,0,1,1,0,1,0,0,1,1,1,1,0.25925925925925924,609.0312874212683,1
27,0,1,0,1,1,0,0,1,0,1,0,1,0,1,0,1,0,0,0,0,1,1,1,0,0,0,1,1,1,1,1,0,0,0,0,1,0,0,1,0,0,1,0,0,1,1,0,1,1,0,0,1,0,1,0.3148148148148148,444.21900670122574,1
28,1,0,1,1,0,1,1,0,1,0,1,1,1,1,1,0,1,1,1,1,0,0,0,1,1,1,0,1,1,0,0,1,1,1,1,0,1,1,0,1,1,1,1,1,0,0,1,0,0,1,1,0,1,0,0.3888888888888889,499.566784924145,1
29,0,1,0,0,1,0,0,1,0,1,0,0,0,1,0,1,0,1,0,0,1,1,1,0,0,0,1,0,0,1,1,0,0,0,0,1,0,0,1,0,0,1,0,0,1,1,0,1,1,0,0,1,0,1,0.37037037037037035,380.0766799761746,1
30,0,1,0,0,1,0,0,1,0,1,0,0,0,1,0,1,0,1,0,0,1,1,1,0,0,0,1,0,1,1,1,0,0,0,0,0,0,0,1,0,0,1,1,0,1,1,0,1,1,0,0,1,1,1,0.3333333333333333,403.8808591221113,1
31,0,1,0,0,1,0,0,0,0,1,0,0,0,1,0,1,0,0,0,0,1,1,1,0,0,0,1,1,1,1,1,0,0,0,0,0,0,0,1,0,0,1,0,1,1,1,0,1,1,0,0,1,0,1,0.3333333333333333,555.8417054837298,1
32,0,1,0,0,1,0,0,1,0,1,0,0,0,0,0,1,0,0,0,0,1,1,1,0,0,0,1,0,0,1,1,0,0,0,0,1,0,0,0,0,0,1,0,0,1,1,0,1,1,0,0,1,1,1,0.35185185185185186,427.8791903977437,1
33,0,1,0,0,1,0,0,1,0,1,0,0,0,1,0,1,0,1,0,0,1,1,1,0,0,0,1,0,0,1,1,0,0,0,0,1,0,0,1,0,0,1,1,0,1,0,0,1,1,0,0,1,0,1,0.3333333333333333,377.0857452575351,1
34,0,1,0,0,1,0,0,1,0,0,0,0,0,1,0,1,0,0,0,0,1,1,1,0,0,0,1,0,0,1,1,0,0,0,0,1,0,0,1,0,0,1,1,0,1,1,0,1,1,0,0,1,0,1,0.3888888888888889,528.8373040011836,1
35,0,1,0,0,1,0,0,1,0,1,0,0,0,1,0,0,0,0,0,0,1,1,1,0,0,0,1,0,0,1,1,0,0,0,0,1,0,0,1,0,0,1,1,0,1,1,1,1,1,0,0,0,0,1,0.2962962962962963,576.3692485522748,1
36,0,1,0,1,1,0,0,1,0,1,0,1,0,1,0,1,0,1,0,0,1,1,1,0,0,0,1,0,0,1,1,0,0,0,0,1,0,0,1,0,0,1,1,0,1,1,0,1,1,0,0,1,1,1,0.3148148148148148,390.5432851700989,1
37,0,1,0,0,1,0,0,0,0,1,0,0,0,1,0,1,0,0,0,0,1,1,1,0,0,0,1,0,0,1,1,0,0,0,0,1,0,0,1,0,0,1,1,0,1,0,0,1,1,0,0,1,0,1,0.2962962962962963,514.0479851492001,1
38,0,1,0,0,1,0,0,1,0,1,0,0,0,1,0,0,0,0,0,0,1,1,1,0,0,0,0,0,0,1,1,0,0,0,0,1,0,0,1,0,0,1,0,0,1,1,0,1,0,0,0,1,0,1,0.2777777777777778,568.7141437123348,1
39,0,1,0,0,1,0,0,1,0,1,0,0,0,1,0,1,0,1,0,0,1,1,1,0,0,0,1,0,1,1,1,0,0,0,0,1,0,0,1,0,0,1,1,0,1,1,0,1,1,0,0,1,1,1,0.3333333333333333,545.1980482278161,1
40,0,1,0,0,1,0,0,1,0,1,0,0,0,1,0,1,1,1,0,0,1,1,1,0,0,0,1,0,1,0,1,0,0,0,0,1,0,0,1,0,0,1,1,1,1,1,0,1,1,0,1,1,0,1,0.3148148148148148,483.5266013076852,1
41,1,0,1,1,0,1,1,0,1,0,1,1,1,1,0,0,0,1,1,1,0,0,0,1,1,1,0,1,1,0,0,1,1,1,1,0,1,0,0,1,1,1,1,1,0,0,1,0,0,1,1,0,0,0,0.35185185185185186,391.60913643619074,1
42,0,1,0,0,1,0,0,1,0,1,0,0,0,1,0,1,0,1,0,0,1,1,1,0,0,0,1,0,1,1,1,0,0,0,0,1,0,0,1,0,0,1,0,1,1,1,0,1,1,0,0,1,0,1,0.4444444444444444,503.58592203286344,1
43,0,1,0,0,1,0,0,1,0,1,0,0,0,1,0,1,1,1,0,0,1,1,1,0,0,0,1,0,0,1,1,0,0,1,0,1,0,0,1,0,0,1,0,0,1,1,0,1,0,0,0,1,0,1,0.3333333333333333,353.2502702306614,1
44,0,1,0,0,1,0,0,1,0,1,0,0,0,1,0,0,1,0,0,0,1,1,1,0,0,0,1,0,1,1,1,0,0,0,0,1,0,0,0,0,0,1,0,0,1,0,0,1,1,0,1,1,0,1,0.3148148148148148,460.8552766480243,1
45,0,1,0,0,1,0,0,1,0,1,0,0,0,1,0,0,0,1,0,0,1,1,1,0,0,0,1,0,1,1,1,0,0,0,0,1,1,0,1,0,0,1,0,1,1,1,0,1,1,0,0,1,0,1,0.35185185185185186,574.2442551424122,1
46,0,1,0,0,1,0,0,1,0,1,0,0,0,1,0,0,1,0,0,0,1,1,1,0,0,0,1,0,0,1,1,0,0,0,0,1,0,0,1,0,0,1,0,0,1,1,0,1,1,0,0,1,0,1,0.3333333333333333,433.830954184051,1
47,0,1,0,0,1,0,0,0,0,1,0,0,0,1,0,1,0,1,0,0,1,1,1,0,0,0,1,0,0,1,1,0,0,0,0,1,0,0,1,0,0,1,0,0,1,1,0,1,1,0,0,1,0,1,0.37037037037037035,417.8305262245565,1
48,0,1,0,0,1,0,0,1,0,1,0,1,0,0,0,1,0,1,0,0,1,1,1,0,0,0,1,0,1,1,1,0,0,0,0,1,0,0,1,0,0,1,1,0,1,1,0,1,1,0,0,1,1,1,0.2777777777777778,492.78273986175145,1
49,1,1,0,0,1,0,0,1,0,1,0,0,0,1,0,0,0,0,0,0,1,1,1,0,0,0,1,0,0,1,1,0,0,0,0,1,0,0,1,0,0,1,0,0,1,1,0,1,1,0,0,1,1,1,0.3148148148148148,548.3208131354367,1
50,0,1,0,0,1,0,0,1,0,1,0,1,0,1,0,1,0,0,0,0,1,1,1,0,0,0,1,0,0,1,1,0,0,0,0,1,0,1,1,0,0,1,0,0,1,0,0,1,1,0,0,1,0,1,0.3333333333333333,407.5144287776572,1
51,0,1,0,0,1,0,0,1,0,1,0,0,0,1,0,1,0,1,0,0,1,1,1,0,0,0,0,0,1,1,1,0,0,0,0,1,0,0,1,0,0,1,0,0,1,1,0,1,1,0,0,1,0,1,0.3888888888888889,525.8210977258602,1
52,0,1,0,0,1,0,0,0,0,1,0,0,0,1,0,0,0,1,0,0,1,1,1,0,0,0,0,0,0,1,1,0,0,0,0,1,0,0,1,0,0,1,1,0,1,1,0,1,1,0,0,1,0,1,0.35185185185185186,583.5818511840616,1
53,0,1,0,0,1,0,0,1,0,1,0,0,0,1,0,0,0,1,0,0,1,1,1,0,0,0,1,0,1,1,1,0,0,0,0,1,0,0,1,0,0,1,1,0,1,1,0,1,0,0,0,1,0,1,0.3148148148148148,463.3695115834324,1
54,0,1,0,1,1,0,0,1,0,1,0,0,0,1,0,1,0,1,0,0,1,1,1,0,0,0,1,1,1,1,1,0,0,0,0,1,0,0,1,0,0,1,1,0,1,1,0,1,1,0,0,1,0,1,0.2962962962962963,477.9769606242015,1
55,0,1,0,0,1,0,0,1,0,0,0,0,0,1,0,1,1,1,0,0,1,1,1,0,0,0,0,0,0,1,0,0,0,0,0,1,0,0,1,0,0,1,1,0,1,1,0,1,1,0,0,1,0,1,0.3333333333333333,422.9793165891867,1
56,0,1,0,0,1,0,0,1,0,1,0,0,0,1,0,1,1,0,0,0,1,1,1,0,0,0,1,0,1,1,1,0,0,0,0,1,0,0,1,0,0,1,1,0,1,1,0,1,1,0,0,1,0,1,0.2962962962962963,510.8822169491613,1
57,0,1,0,0,1,0,0,1,0,1,0,0,0,1,0,1,0,1,0,0,1,1,1,0,0,0,1,0,0,1,1,0,0,0,0,1,0,0,1,0,0,1,0,0,1,1,0,1,1,0,0,1,0,1,0.35185185185185186,380.0766799761746,1
58,0,1,0,0,1,0,0,1,0,1,0,1,0,1,0,1,0,1,0,0,1,1,1,0,0,0,1,0,1,1,1,0,0,0,0,1,0,0,1,0,0,1,0,0,1,1,0,1,0,0,0,1,1,1,0.3148148148148148,406.56155122110795,1
59,0,1,0,1,1,0,0,1,0,1,0,0,0,1,0,1,0,1,0,0,1,1,1,0,0,0,0,0,1,1,1,0,0,1,0,1,0,0,1,0,0,1,0,0,1,1,0,1,1,0,0,1,1,1,0.3333333333333333,627.6722477425832,1
60,0,1,0,0,1,0,0,1,0,1,0,0,0,1,0,0,0,1,0,0,1,1,1,0,0,0,1,0,0,1,1,0,0,0,0,1,1,0,1,0,0,1,0,1,1,1,0,1,1,0,0,0,0,1,0.3148148148148148,458.8740602603033,1
61,0,1,0,0,1,0,0,1,0,1,0,0,0,1,0,1,0,0,0,0,1,1,1,0,0,0,1,0,1,1,1,0,0,0,0,0,0,0,0,0,0,1,0,0,1,0,1,1,1,0,1,1,0,1,0.2777777777777778,414.4803108682396,1
62,0,1,0,0,1,0,0,1,0,1,0,0,0,1,0,1,0,0,0,0,1,1,1,0,0,0,1,0,0,1,1,0,0,0,0,1,0,0,1,0,0,1,1,0,1,1,0,1,1,0,0,1,0,1,0.3888888888888889,494.2775157970835,1
63,0,1,0,0,1,0,0,1,0,0,0,0,0,1,0,1,0,1,0,0,1,1,1,0,0,0,1,0,0,1,1,0,0,0,0,1,0,0,1,0,0,1,0,1,1,0,0,1,1,0,0,1,0,1,0.4074074074074074,428.8758410028222,1
64,0,1,0,0,1,0,0,0,0,1,0,1,0,1,0,1,0,1,0,0,1,1,1,0,0,0,0,0,1,1,1,0,0,0,0,0,0,0,1,0,0,1,1,0,1,1,1,1,1,0,0,1,0,1,0.3333333333333333,430.4080772021731,1
65,0,1,1,0,1,0,0,1,0,1,0,0,0,1,0,1,0,1,0,0,1,1,1,0,0,0,1,0,1,1,1,0,0,0,0,1,0,0,1,0,0,1,0,0,1,1,0,1,1,0,0,1,0,1,0.3888888888888889,396.0686898443059,1
66,0,1,0,0,1,0,0,1,0,1,0,0,0,1,0,1,0,0,0,0,1,1,1,0,0,0,1,0,1,1,1,0,0,0,0,1,0,0,1,1,0,1,0,0,1,1,0,1,1,0,0,1,0,1,0.3333333333333333,578.2833470055838,1
67,0,1,0,0,1,0,0,1,0,1,0,0,0,1,0,1,0,0,0,0,1,1,1,0,0,0,0,0,0,1,1,0,0,0,1,0,0,0,1,0,0,1,1,0,1,1,1,1,1,0,0,1,0,1,0.37037037037037035,610.6388971599714,1
68,0,1,0,0,1,0,0,1,0,1,0,0,0,1,0,1,0,1,0,0,1,1,1,0,0,0,1,0,1,1,1,0,0,0,0,0,0,0,1,0,0,1,0,0,1,1,0,1,1,0,0,1,0,1,0.37037037037037035,329.2432478081902,1
69,1,1,0,0,1,0,0,1,0,1,0,0,0,1,0,1,1,1,0,0,1,1,1,0,0,0,1,0,1,1,1,0,0,0,0,1,1,0,0,0,0,1,1,0,1,1,0,1,1,0,1,1,0,1,0.3333333333333333,429.4087796760817,1
70,0,1,0,1,1,0,0,1,0,1,0,0,0,1,0,1,1,1,0,0,1,1,1,0,0,0,1,0,1,1,1,0,0,0,0,1,0,0,1,0,0,1,0,0,1,1,0,1,1,0,0,1,0,1,0.35185185185185186,385.04115528947466,1
71,0,1,0,0,1,0,0,1,0,1,0,0,0,1,0,1,0,1,0,0,1,1,1,0,0,0,1,0,1,1,1,0,0,0,0,1,0,1,1,1,0,1,1,0,1,1,0,1,1,0,0,1,0,1,0.37037037037037035,581.9386140555838,1
72,0,1,0,0,1,0,0,1,0,1,0,0,0,1,0,1,0,1,0,0,1,1,1,0,0,0,0,0,1,1,1,0,0,0,0,0,0,0,1,0,0,1,1,0,1,1,0,1,1,0,0,1,1,1,0.3148148148148148,482.4930085749474,1
73,0,1,0,1,1,0,1,1,0,0,0,0,0,1,0,1,0,1,0,0,1,1,1,0,0,0,1,1,0,1,1,0,0,0,0,1,0,0,1,0,0,1,0,1,1,1,0,1,1,0,0,1,0,1,0.3333333333333333,447.745938181869,1
74,0,1,0,1,1,0,0,1,0,1,0,0,0,1,0,0,0,1,0,0,1,1,1,0,0,0,1,0,0,1,1,0,0,0,0,1,0,0,1,0,0,1,0,0,1,1,0,1,1,0,0,1,0,1,0.35185185185185186,383.50905198338876,1
75,0,1,0,0,1,0,0,1,0,1,0,0,0,1,0,1,0,0,0,0,1,1,1,0,0,0,0,0,1,1,1,0,0,0,0,1,0,0,1,0,0,1,0,0,1,1,0,1,1,0,0,1,0,1,0.3888888888888889,669.0629171375863,1
76,0,1,0,0,1,0,0,1,0,1,0,0,0,1,0,1,1,1,0,0,1,1,1,0,0,0,1,0,0,1,1,0,0,0,0,1,0,0,1,0,0,1,1,0,1,1,0,1,1,0,0,1,0,1,0.35185185185185186,371.6131996777174,1
77,0,1,0,0,1,0,0,1,0,0,0,0,0,1,0,1,0,1,0,0,1,1,1,0,0,0,1,0,1,1,1,0,0,0,0,1,0,0,1,0,0,1,1,0,1,1,0,1,1,0,0,1,0,1,0.3333333333333333,497.41065482624794,1
78,0,1,0,0,1,0,0,1,0,1,0,0,0,1,0,1,0,0,0,0,1,1,1,0,0,0,1,0,0,1,1,0,0,0,0,1,0,0,1,0,0,1,0,0,1,1,0,1,1,0,0,1,0,1,0.37037037037037035,459.7490455866762,1
79,0,1,0,0,1,0,0,1,0,1,0,0,0,1,0,1,0,1,0,0,1,1,1,0,0,0,1,0,1,1,1,0,0,0,0,1,0,1,1,0,0,1,0,0,1,1,0,1,1,0,0,1,0,1,0.37037037037037035,507.8473069072289,1
80,0,1,0,1,1,0,0,1,0,1,0,0,0,1,0,1,1,0,0,0,1,1,1,0,0,0,0,0,1,1,1,0,0,1,0,1,0,0,1,0,0,1,0,1,1,0,0,1,1,0,0,1,0,1,0.2777777777777778,638.9435263019807,1
81,1,0,1,1,0,1,1,0,1,0,1,1,1,1,1,0,0,0,1,1,1,0,0,1,1,1,0,1,1,0,0,0,1,1,1,0,1,1,1,1,1,1,1,1,0,0,1,0,0,1,1,0,0,0,0.37037037037037035,454.5233898987361,1
82,0,1,0,0,1,0,0,0,0,1,0,0,0,1,0,1,0,1,0,1,1,1,1,0,0,0,1,0,0,1,1,0,0,0,0,0,0,1,1,0,0,1,0,0,1,1,0,1,0,0,0,1,0,1,0.37037037037037035,311.8935650005872,1
83,0,1,0,0,1,0,0,1,0,1,0,0,0,0,0,1,1,1,0,0,1,1,1,0,0,0,0,0,0,1,1,0,0,0,0,1,0,0,1,0,0,1,1,1,1,1,0,1,1,0,1,1,0,1,0.2962962962962963,765.5929698337584,1
84,0,1,0,0,1,0,0,1,0,1,0,0,0,0,0,1,0,1,0,0,1,1,1,0,0,0,1,0,1,1,1,0,0,1,0,1,0,0,0,0,0,1,0,0,1,1,0,1,0,0,0,1,1,1,0.3148148148148148,407.05466772483794,1
85,0,1,0,0,1,0,0,1,0,1,0,0,0,1,0,1,0,1,0,0,1,1,1,0,0,0,1,0,0,1,1,0,0,0,0,1,0,0,1,0,0,1,0,1,1,1,0,1,1,0,0,1,0,1,0.35185185185185186,434.925930125504,1
86,0,1,0,0,1,0,0,1,0,1,0,0,0,1,0,1,0,0,0,0,1,1,1,0,0,0,1,0,1,1,1,0,0,0,0,1,1,0,1,0,0,0,0,0,1,1,0,1,1,0,0,0,0,1,0.3333333333333333,388.3626896949033,1
87,0,1,0,0,1,0,0,1,0,1,0,0,0,1,0,1,0,1,0,0,1,1,1,0,0,0,1,1,0,1,1,0,0,0,0,1,0,0,1,0,0,1,0,0,1,1,0,1,1,0,0,1,0,1,0.35185185185185186,405.72646586439436,1
88,0,1,0,0,1,0,0,1,0,1,0,0,0,1,0,1,0,1,0,0,1,1,1,0,0,0,1,0,1,1,1,0,0,0,0,1,0,0,1,0,0,1,0,0,1,1,0,1,1,0,0,1,1,1,0.4444444444444444,509.8032579329779,1
89,0,1,0,0,1,0,1,1,0,1,0,0,0,1,1,1,0,1,0,0,1,1,1,0,0,0,1,0,0,1,1,0,0,0,0,1,0,0,1,0,0,1,0,0,1,1,1,1,1,0,0,1,1,1,0.37037037037037035,436.28701476738775,1
90,0,1,0,0,1,0,0,1,0,1,0,0,0,1,0,0,0,0,0,0,1,1,1,0,0,0,1,0,1,1,1,0,0,0,0,1,1,0,1,0,0,1,1,0,1,0,0,1,1,0,0,1,0,1,0.3148148148148148,616.848830158383,1
91,0,1,0,0,1,0,0,1,0,1,0,0,0,1,0,0,0,1,0,0,1,1,1,0,0,0,1,0,1,1,1,0,0,0,0,0,0,0,1,0,0,1,0,0,1,1,0,1,1,0,0,1,0,1,0.37037037037037035,343.76710858820485,1
92,0,1,0,0,1,0,0,1,0,1,0,0,0,1,0,1,0,0,0,0,1,1,1,0,0,0,1,0,1,1,1,0,0,0,0,1,0,0,1,0,0,1,1,0,1,1,0,1,1,0,1,0,0,1,0.37037037037037035,729.3480531502217,1
93,0,1,0,0,1,0,0,1,0,1,0,0,0,1,0,1,0,0,0,0,1,1,1,0,0,0,1,0,1,1,1,0,0,0,0,1,0,1,1,1,0,1,1,1,1,0,0,1,1,0,0,1,0,1,0.35185185185185186,776.0493028855336,1
94,0,1,0,0,1,0,0,1,0,0,0,0,0,1,0,1,1,0,0,0,1,1,1,0,0,0,1,0,0,1,1,0,0,0,0,1,1,0,1,0,0,1,1,1,1,1,0,1,0,0,0,1,0,1,0.3148148148148148,546.0448455970106,1
95,0,1,0,1,1,0,1,1,0,1,0,0,0,0,0,0,1,0,0,0,1,1,1,0,0,0,1,0,0,1,1,0,0,0,0,1,0,0,1,0,0,1,0,0,1,1,0,1,1,0,1,1,0,1,0.3148148148148148,592.5955795050478,1
96,1,0,1,1,0,1,1,0,1,0,1,1,1,0,1,0,0,0,1,1,0,0,0,1,0,1,0,1,1,0,0,1,0,1,1,0,1,0,0,1,1,1,1,1,0,0,1,0,0,1,1,0,1,0,0.35185185185185186,350.6408315067559,1
97,0,1,0,0,1,0,1,1,0,1,0,0,0,1,0,0,0,0,0,0,1,1,1,0,0,0,1,0,0,1,1,0,0,0,0,1,0,0,1,0,0,1,1,0,1,0,0,1,1,0,0,0,0,1,0.3333333333333333,423.4555160245869,1
98,0,1,0,0,1,0,0,0,0,0,0,0,0,1,0,1,0,1,0,0,1,1,1,0,0,0,0,0,0,1,1,0,0,0,0,0,0,0,1,0,0,1,1,1,1,1,0,1,1,0,0,1,0,1,0.3888888888888889,495.0196837832173,1
99,0,1,0,0,1,0,0,1,0,0,0,0,0,1,0,1,0,1,0,0,1,1,1,0,0,0,1,0,0,1,1,0,0,0,0,0,1,1,1,0,0,1,0,0,1,1,1,1,1,0,0,1,0,1,0.37037037037037035,434.2008595708576,1
