,0,1,2,3,4,5,6,7,8,9,10,11,12,13,14,15,16,17,18,19,20,21,22,23,24,25,26,27,28,29,30,31,32,33,34,35,36,37,38,39,40,41,42,43,44,45,46,47,48,49,50,51,52,53,chain_break_fraction,energy,num_occurrences
0,0,0,1,0,1,1,0,0,1,1,0,1,0,1,1,1,1,0,0,0,0,1,1,1,0,1,0,0,0,1,1,0,0,1,0,0,0,0,1,1,1,0,0,0,0,0,1,0,1,1,1,0,1,1,0.25925925925925924,445.9808435212278,1
1,0,0,0,1,1,1,0,1,1,1,0,1,0,1,1,1,1,0,0,0,0,1,1,1,0,1,0,0,0,1,1,1,0,1,0,0,0,0,1,1,1,0,0,0,0,1,1,0,0,1,1,0,1,1,0.2222222222222222,378.89674661479455,1
2,0,0,1,0,1,1,0,1,1,1,0,0,0,1,1,1,1,0,0,0,0,1,1,1,0,1,0,0,0,1,1,0,0,1,1,0,0,0,1,0,1,0,0,0,0,1,1,0,1,1,0,0,1,1,0.2962962962962963,417.15446949693626,1
3,0,0,1,0,1,1,0,1,1,1,0,1,0,1,1,1,1,0,0,0,0,1,1,1,0,1,0,0,0,1,0,1,0,1,0,0,0,0,1,0,0,0,0,0,0,1,1,0,1,1,1,0,1,1,0.24074074074074073,529.846881240081,1
4,0,0,1,1,1,1,1,1,1,1,0,1,0,1,1,1,1,0,0,0,0,1,1,1,0,1,0,0,0,1,1,1,0,1,1,0,0,0,1,1,1,0,0,0,0,1,1,0,1,1,1,0,1,1,0.2777777777777778,477.25226455315044,1
5,1,0,1,0,1,1,0,1,1,1,0,1,0,1,1,1,1,0,0,0,0,1,1,1,0,1,0,0,0,1,1,0,0,1,0,0,0,0,1,0,1,0,0,0,0,1,1,0,1,1,1,0,1,1,0.2777777777777778,541.1223340985001,1
6,0,0,1,1,1,1,1,1,1,1,0,0,0,1,1,1,1,0,0,0,0,1,1,1,0,1,0,0,0,1,1,0,0,1,0,0,0,0,1,1,1,0,0,0,0,1,1,0,1,1,1,0,1,1,0.24074074074074073,434.40166333615434,1
7,0,0,1,1,1,1,0,1,1,1,0,0,0,1,1,1,1,0,0,0,0,1,1,1,0,1,0,0,0,1,1,0,0,1,0,0,0,1,1,0,1,0,0,1,0,1,1,0,1,1,1,0,1,1,0.2962962962962963,394.4418983932022,1
8,0,1,0,1,1,0,1,0,0,0,1,0,1,0,0,0,0,1,1,1,1,0,0,1,1,0,1,1,1,0,0,0,1,0,1,0,1,0,0,0,1,1,1,0,0,0,0,1,0,0,1,1,0,1,0.2962962962962963,346.41784904874453,1
9,1,0,0,0,1,1,0,1,1,1,0,0,0,1,1,1,1,0,0,0,0,1,1,1,0,1,0,0,0,1,1,0,0,1,0,0,0,0,1,0,0,0,0,0,0,1,1,0,1,1,1,0,1,1,0.24074074074074073,343.3929529574275,1
10,0,1,0,1,0,0,1,0,0,0,1,0,1,0,0,0,0,1,1,1,1,0,0,1,1,0,1,1,1,0,0,0,1,0,1,0,1,0,0,0,1,1,1,1,0,0,0,1,0,0,1,1,0,0,0.2962962962962963,326.80998084421446,1
11,0,0,1,0,1,1,0,0,1,1,0,1,0,1,1,1,1,0,0,0,0,1,1,1,0,1,0,0,0,1,1,1,0,1,0,0,0,0,1,0,1,0,0,0,0,1,1,0,1,1,1,0,1,1,0.3148148148148148,417.8658244736182,1
12,0,0,0,0,1,1,0,1,1,1,0,1,0,1,1,1,1,0,0,0,0,1,1,1,0,1,0,0,0,1,1,0,0,1,0,0,0,1,1,0,1,0,0,0,0,1,1,0,1,1,1,0,1,1,0.2962962962962963,361.28865351072466,1
13,0,0,1,0,1,1,0,1,1,1,0,0,0,1,1,1,1,0,0,0,0,1,1,1,0,1,0,0,0,1,1,1,0,1,0,0,0,1,1,1,1,0,0,0,0,1,1,0,1,1,1,0,1,1,0.2962962962962963,377.84718171716804,1
14,0,0,1,1,1,1,0,1,1,1,0,1,0,1,1,1,1,0,0,0,0,1,1,1,0,1,0,0,0,1,1,1,0,1,0,0,0,0,1,0,1,0,0,0,0,1,1,0,0,1,1,0,1,1,0.25925925925925924,512.3029212625673,1
15,0,0,0,0,1,1,0,1,1,1,0,0,0,1,1,1,1,0,0,0,0,1,1,1,0,1,0,0,0,1,0,1,0,1,0,0,0,0,1,0,1,0,0,0,0,0,1,0,1,1,1,0,1,1,0.2222222222222222,322.2997522338942,1
16,0,1,1,0,1,1,0,0,1,1,0,0,0,1,1,1,1,0,0,0,0,1,1,1,0,1,0,0,0,1,1,1,0,1,0,0,0,0,1,1,1,0,0,0,0,1,1,0,1,1,1,0,1,1,0.25925925925925924,381.43358599087856,1
17,0,0,0,1,1,1,0,0,1,1,0,1,0,1,1,1,1,0,0,0,0,1,1,1,0,1,0,0,0,1,1,0,0,1,0,0,0,0,1,0,0,0,0,0,0,1,1,0,1,1,1,0,1,1,0.3148148148148148,381.4687812970701,1
18,0,1,1,1,1,1,0,1,1,1,0,1,0,1,1,1,1,0,0,0,0,1,1,1,0,1,0,0,0,1,1,1,0,1,0,1,1,0,1,0,1,0,0,0,0,1,1,0,1,1,1,0,1,1,0.3333333333333333,494.5531892418262,1
19,0,0,1,1,1,1,0,1,1,1,0,1,0,1,1,1,1,0,0,0,0,1,1,1,0,1,0,0,0,1,0,1,0,1,0,0,1,0,1,0,1,0,0,0,0,1,1,0,1,1,1,0,1,1,0.2777777777777778,491.0063342766782,1
20,0,0,1,0,1,1,0,0,1,1,0,1,0,1,1,1,1,0,0,0,0,1,1,1,0,1,0,0,0,1,0,0,0,1,0,0,0,0,1,0,1,0,0,0,0,1,1,0,1,1,1,0,1,1,0.2777777777777778,465.468434431967,1
21,0,0,0,1,1,1,0,1,1,1,0,1,0,1,1,1,1,0,0,0,0,1,1,1,0,1,0,0,0,1,1,0,0,1,0,0,0,0,1,0,1,0,0,1,0,1,1,0,1,1,1,0,1,1,0.25925925925925924,388.03620398824444,1
22,0,0,1,0,1,1,0,0,1,1,0,1,0,1,1,1,1,0,0,0,0,1,1,1,0,1,0,0,0,1,1,0,0,1,1,0,0,0,1,0,1,0,0,0,0,1,1,0,1,1,1,0,1,1,0.3333333333333333,422.4585818036908,1
23,0,0,0,0,1,1,0,1,1,1,0,1,0,1,1,1,1,0,0,0,0,1,1,1,0,1,0,0,0,1,0,0,0,1,1,0,0,0,1,0,1,0,0,0,0,0,1,0,1,1,1,0,1,1,0.25925925925925924,391.2988967125241,1
24,0,0,1,1,1,1,0,0,1,1,0,1,0,1,1,1,1,0,0,0,0,1,1,1,0,1,0,0,0,1,1,1,0,1,0,0,0,1,1,1,0,0,0,0,0,1,1,0,1,1,1,0,1,1,0.3148148148148148,416.5625170136484,1
25,0,0,1,1,1,1,0,1,1,1,0,1,0,1,1,1,1,0,0,0,0,1,1,1,0,1,0,0,0,1,0,0,0,1,0,0,0,0,1,1,1,0,0,0,1,1,1,0,1,1,1,0,1,1,0.2962962962962963,490.9615705882177,1
26,1,0,0,1,1,1,0,0,1,1,0,0,0,1,1,1,1,0,0,0,0,1,1,1,0,1,0,0,0,1,1,0,0,1,1,0,0,0,1,0,0,0,0,0,0,0,1,0,1,1,1,0,1,1,0.2777777777777778,323.3499595091283,1
27,0,0,0,1,1,1,0,0,1,1,0,1,0,1,1,1,1,0,0,0,0,1,1,1,0,1,0,0,0,1,1,0,0,0,0,0,0,0,1,0,1,0,0,0,0,0,1,0,1,1,1,0,1,1,0.24074074074074073,384.5494091694976,1
28,0,1,0,0,1,0,1,0,0,0,1,0,1,0,0,0,0,1,0,1,1,0,0,1,1,0,1,1,1,0,0,1,1,0,1,0,1,0,0,0,1,1,1,0,0,0,0,1,0,0,1,1,0,0,0.35185185185185186,320.1238490009703,1
29,0,1,0,1,0,0,1,0,1,0,1,0,1,0,0,0,0,1,1,1,1,0,0,1,1,0,1,1,1,0,0,1,1,0,1,0,0,0,0,0,1,1,1,1,0,0,0,1,0,0,1,1,0,0,0.3333333333333333,388.509378846043,1
30,1,1,0,1,0,0,0,1,0,0,1,0,1,0,0,0,0,1,1,1,1,0,0,1,1,0,1,1,1,0,0,0,1,0,1,0,1,0,0,0,1,1,1,0,1,0,0,1,0,0,1,1,0,0,0.3333333333333333,374.80332992999826,1
31,1,1,0,1,0,0,1,0,0,0,1,0,1,0,0,0,0,1,1,1,1,0,0,1,1,0,1,1,1,0,0,1,1,0,0,0,1,0,0,1,0,1,1,1,0,0,0,1,0,0,1,1,0,1,0.2962962962962963,377.5434232368377,1
32,0,0,1,1,1,1,0,1,1,0,0,1,0,1,1,1,1,0,0,0,0,1,1,1,0,1,0,0,0,1,1,1,0,1,0,0,0,0,1,0,1,0,0,0,0,1,1,0,1,1,1,0,1,1,0.25925925925925924,470.2361333704346,1
33,1,1,0,1,1,0,1,0,0,0,1,1,1,0,0,0,0,1,1,1,1,0,0,1,1,0,1,0,1,0,0,0,1,0,0,0,1,1,0,0,1,1,1,1,0,0,0,1,0,0,1,1,0,0,0.3148148148148148,397.09474564802065,1
34,0,0,0,1,1,1,0,1,1,1,0,1,0,1,1,1,1,0,0,0,0,1,1,1,0,1,0,0,0,1,0,1,0,1,0,0,0,0,1,1,1,0,0,0,0,1,1,0,1,1,1,0,1,1,0.2962962962962963,382.2744850563663,1
35,1,1,0,1,0,0,1,0,0,0,1,0,1,0,0,0,0,1,1,1,1,0,0,0,1,0,1,1,1,0,0,1,1,0,1,0,1,0,0,0,0,1,1,0,0,0,0,1,0,0,1,1,0,0,0.3333333333333333,295.1910741295391,1
36,0,0,1,1,1,1,1,1,1,1,0,1,0,1,1,1,1,0,0,0,0,1,1,1,0,1,0,0,0,1,1,1,0,1,0,0,0,1,1,1,1,0,0,0,0,1,1,0,1,1,1,0,1,1,0.2962962962962963,467.142352320377,1
37,1,1,0,0,0,0,1,0,1,0,1,0,1,0,0,0,0,1,1,1,1,0,0,1,1,0,1,1,1,0,0,0,1,0,1,0,1,0,0,0,0,1,1,1,0,0,0,1,0,0,1,1,0,0,0.3148148148148148,385.4826417014991,1
38,0,1,0,0,1,1,0,1,1,1,0,1,0,1,1,1,1,0,0,0,0,1,1,1,0,1,0,0,0,1,1,0,0,1,0,0,0,0,1,0,1,0,0,0,0,0,1,0,1,1,1,0,1,1,0.2962962962962963,452.15949948306866,1
39,0,1,0,1,0,0,1,0,0,0,1,0,1,0,0,0,0,1,1,1,1,0,0,1,1,0,1,0,1,0,0,0,1,0,1,0,1,0,0,0,1,1,1,0,0,0,0,1,0,0,1,1,0,0,0.37037037037037035,300.9052981972705,1
40,1,0,1,0,1,1,0,1,1,1,0,0,0,1,1,1,1,0,0,0,0,1,1,1,0,1,0,0,0,1,1,1,0,1,0,0,0,0,1,1,1,0,0,0,0,1,1,0,1,1,1,0,1,1,0.3333333333333333,397.5934046970211,1
41,0,1,0,1,0,0,1,0,0,0,1,0,1,0,0,0,0,1,0,1,1,0,0,1,1,0,1,1,0,0,0,1,1,0,1,0,1,0,0,0,1,1,1,1,0,0,0,1,0,0,1,1,0,0,0.2962962962962963,326.8609738021685,1
42,1,1,0,1,0,0,1,0,0,0,1,0,1,0,0,0,0,1,1,1,1,0,0,0,1,0,1,0,1,0,0,1,1,0,1,0,1,0,0,0,1,1,1,0,0,0,0,1,0,0,1,1,0,0,0.37037037037037035,312.3511828682637,1
43,0,0,0,0,1,1,0,1,1,1,0,0,0,1,1,1,1,0,0,0,0,1,1,1,0,1,0,0,0,1,1,0,0,1,0,0,0,0,1,1,0,0,0,0,0,0,1,0,1,1,1,0,1,1,0.3148148148148148,326.71100039998737,1
44,0,0,1,1,1,1,0,1,1,1,0,1,0,1,1,1,1,0,0,0,0,1,1,1,0,1,0,0,0,1,1,1,0,1,0,0,0,0,1,0,1,0,0,0,0,1,1,0,1,1,0,0,1,1,0.3148148148148148,568.5820885438724,1
45,1,1,0,1,0,0,0,0,0,0,1,0,1,0,0,0,0,1,1,1,1,0,0,1,1,0,1,0,1,0,0,1,1,0,1,0,1,0,0,0,0,1,1,0,0,0,0,1,0,0,1,1,0,0,0.25925925925925924,300.89082060154595,1
46,1,0,1,1,1,1,1,0,1,1,0,1,0,1,1,1,1,0,0,0,0,1,1,1,0,1,0,0,0,1,0,0,0,1,0,0,1,0,1,0,0,0,0,0,0,0,1,0,1,1,1,0,1,1,0.2777777777777778,617.8359222774177,1
47,0,0,0,0,1,1,0,1,1,1,0,0,0,1,1,1,1,0,0,0,0,1,1,1,0,1,0,0,0,1,0,0,0,1,1,0,0,0,1,0,1,0,0,0,0,1,1,0,1,1,0,0,1,1,0.2777777777777778,324.08063653441553,1
48,1,0,0,1,0,0,1,0,0,0,1,0,1,0,0,0,0,1,1,1,1,0,0,1,1,0,1,1,0,0,0,1,1,0,1,0,1,0,0,1,1,1,1,1,0,0,0,1,0,0,1,1,0,1,0.35185185185185186,435.6476565325422,1
49,0,0,0,1,1,1,0,0,1,1,0,0,0,1,1,1,1,0,0,0,0,1,1,1,0,1,0,0,0,1,1,1,0,1,0,0,0,0,1,1,0,0,0,0,1,0,1,0,1,1,1,0,1,1,0.2222222222222222,357.461700860248,1
50,0,0,1,0,1,1,0,1,1,1,0,1,0,1,1,1,1,0,0,0,0,1,1,1,0,1,0,0,0,1,0,0,0,1,1,0,0,1,1,0,1,0,0,0,0,1,1,0,1,1,1,0,1,1,0.3333333333333333,456.92914612845266,1
51,1,1,0,1,1,0,0,0,0,0,1,0,1,0,0,0,0,1,1,1,1,0,0,1,1,0,1,1,1,0,0,1,1,0,1,0,1,0,0,0,1,1,1,1,0,0,0,1,0,0,1,1,0,1,0.3333333333333333,421.0002721920182,1
52,0,0,0,1,1,1,0,0,1,1,0,1,0,1,1,1,1,0,0,0,0,1,1,1,0,1,0,0,0,1,1,1,0,1,1,0,0,0,1,1,0,0,0,0,0,1,1,0,1,1,1,0,1,1,0.35185185185185186,346.4321050779582,1
53,0,1,0,1,1,0,1,0,0,0,1,0,1,0,0,0,0,1,1,1,1,0,0,1,1,0,1,1,1,0,0,1,1,0,1,0,1,0,0,0,1,1,1,1,0,0,0,1,0,0,1,1,0,0,0.3888888888888889,344.8518026347648,1
54,0,1,0,1,0,0,0,0,0,0,1,0,1,0,0,0,0,1,1,1,1,0,0,1,1,0,1,1,1,0,0,1,1,0,1,0,1,1,0,0,1,1,1,1,0,0,0,1,1,0,1,1,0,1,0.3148148148148148,560.3535934628379,1
55,0,1,0,1,0,0,1,0,1,0,1,0,1,0,0,0,0,1,1,1,1,0,0,1,1,0,1,1,1,0,0,1,1,0,0,0,1,0,0,0,0,1,1,1,1,0,0,1,0,0,1,1,0,1,0.37037037037037035,466.75016203185135,1
56,0,0,1,0,1,1,0,1,1,1,0,1,0,1,1,1,1,0,0,0,0,1,1,1,0,1,0,1,0,1,1,1,0,1,0,0,0,0,1,1,1,0,0,0,0,0,1,0,1,1,1,0,1,1,0.35185185185185186,453.62944104026496,1
57,0,1,0,1,0,0,1,0,0,0,1,0,1,0,0,0,0,1,0,1,1,0,0,1,1,1,1,1,1,0,0,1,1,0,1,0,0,0,0,0,1,1,1,0,0,0,0,1,0,0,1,1,0,1,0.2962962962962963,378.0374844309963,1
58,0,1,0,0,0,0,1,1,0,0,1,0,1,0,0,0,0,1,1,1,1,0,0,1,1,0,1,1,0,0,0,0,1,0,1,0,1,0,0,0,0,1,1,1,0,0,0,1,0,0,1,1,0,0,0.3333333333333333,323.09492721744596,1
59,0,1,0,1,0,0,1,0,0,0,1,0,1,0,0,0,1,1,1,1,1,0,0,1,1,0,1,1,1,0,0,0,1,0,1,0,1,1,0,1,0,1,1,1,0,0,0,1,0,0,1,1,0,0,0.2962962962962963,327.57494459127633,1
60,0,0,1,1,1,1,1,0,1,1,0,1,0,1,1,1,1,0,0,0,0,1,1,1,0,1,0,0,0,1,0,1,0,0,0,0,0,1,1,1,1,0,0,0,1,0,1,0,1,1,1,0,1,1,0.25925925925925924,441.2355381423614,1
61,1,0,1,0,1,1,0,0,1,1,0,0,0,1,1,1,1,0,0,0,0,1,1,1,0,1,0,0,0,1,1,0,0,1,0,0,0,0,1,0,0,0,0,1,0,0,1,0,0,1,1,0,1,1,0.2777777777777778,407.8038396001642,1
62,0,0,1,0,1,1,0,1,1,1,0,1,0,1,1,1,1,0,0,0,0,1,1,1,1,1,0,0,0,1,0,1,0,1,1,0,0,0,1,1,1,0,0,0,0,0,1,0,1,1,1,0,1,1,0.3148148148148148,482.9731625396578,1
63,0,0,0,0,1,1,1,1,1,0,0,1,0,1,1,1,1,0,0,0,0,1,1,1,0,1,0,0,0,1,1,1,0,1,1,0,0,0,1,1,1,0,0,0,0,1,1,0,1,1,1,0,1,1,0.25925925925925924,368.679398537519,1
64,0,0,0,1,1,1,0,0,1,1,0,1,0,1,1,1,1,0,0,0,0,1,1,1,0,1,0,0,0,1,1,1,0,0,0,0,0,0,1,1,1,0,0,0,0,0,1,0,1,1,1,0,1,1,0.24074074074074073,352.8146629155682,1
65,1,1,0,1,0,0,1,0,0,0,1,0,1,0,0,0,0,1,1,1,1,0,0,1,1,0,1,0,1,0,0,0,1,0,0,0,1,0,0,1,1,1,1,1,0,0,0,1,0,0,1,1,0,0,0.4074074074074074,321.25591631079726,1
66,1,0,0,1,1,0,1,0,0,0,1,0,1,0,0,0,0,1,1,1,1,0,0,1,1,0,1,1,1,0,0,1,1,0,1,0,0,0,0,0,1,1,1,0,0,0,0,1,0,0,1,1,0,1,0.3148148148148148,367.4058540448045,1
67,0,1,1,0,1,1,0,0,1,1,0,0,0,1,1,1,1,0,0,0,0,0,1,1,1,1,0,0,0,1,1,1,0,1,0,0,0,0,1,1,1,0,0,0,0,1,1,0,1,1,1,0,0,1,0.2777777777777778,386.346668744942,1
68,0,0,1,0,1,1,0,0,1,1,0,1,0,1,1,1,1,0,0,0,0,1,1,1,0,1,0,0,0,1,0,1,0,1,1,0,0,1,1,0,1,0,0,0,0,0,1,0,1,1,1,0,1,1,0.2962962962962963,402.62618439562675,1
69,0,0,1,0,1,1,1,0,1,1,0,1,0,1,1,1,1,0,0,1,0,1,1,1,0,1,0,0,0,1,0,1,0,1,0,0,0,0,1,1,0,0,0,0,0,0,1,0,1,1,1,0,1,1,0.3148148148148148,566.5585051883344,1
70,0,0,0,0,1,1,1,1,1,1,0,1,0,1,1,1,1,0,0,0,0,0,1,1,0,1,0,0,0,1,0,0,0,1,1,0,0,0,1,1,1,0,0,0,0,0,1,0,1,1,1,0,1,1,0.2777777777777778,380.62972718696653,1
71,1,1,0,1,0,0,1,0,0,0,1,0,1,0,0,0,0,1,1,1,1,1,0,1,1,0,1,1,1,0,0,0,1,0,1,0,1,0,0,0,1,1,1,0,0,0,0,1,0,0,1,1,0,1,0.37037037037037035,352.69430494763196,1
72,0,1,0,1,1,0,0,0,0,0,1,0,1,0,0,0,0,1,1,1,1,0,0,1,1,0,1,0,0,0,0,1,1,0,1,0,1,0,0,0,1,1,1,1,0,0,0,1,0,0,1,1,0,0,0.3148148148148148,314.8218569758185,1
73,0,1,0,1,1,0,1,0,0,0,1,0,1,0,0,0,0,1,0,1,1,0,0,1,1,0,1,0,1,0,0,0,1,0,1,1,1,0,0,0,1,1,1,0,0,0,0,1,0,0,1,1,0,0,0.35185185185185186,335.8782692823134,1
74,1,1,0,1,0,0,0,0,0,0,1,0,1,0,0,0,0,1,0,1,1,0,0,1,1,0,1,1,1,0,0,0,1,0,1,0,1,0,0,0,1,1,1,1,0,0,0,1,0,0,1,1,0,1,0.35185185185185186,412.46625127371874,1
75,0,1,0,1,1,0,1,0,0,0,1,0,1,0,0,0,0,1,1,1,1,0,0,1,1,0,1,1,1,0,0,0,1,0,1,0,1,0,0,0,0,1,1,1,0,1,0,1,0,0,1,1,0,1,0.35185185185185186,362.6817699980787,1
76,0,1,0,1,0,0,1,0,1,0,1,0,1,0,0,0,0,1,1,1,1,0,0,1,1,0,1,1,1,0,0,0,1,0,1,0,1,0,0,1,0,1,1,1,0,0,0,1,0,0,1,1,0,0,0.35185185185185186,372.5176282444021,1
77,0,1,0,1,1,0,0,1,0,0,1,0,1,0,0,0,0,1,1,1,1,0,0,1,1,0,1,1,1,0,0,0,1,0,0,0,1,0,0,1,1,1,1,0,0,0,0,1,0,0,1,1,0,0,0.37037037037037035,336.470388280854,1
78,0,1,0,1,0,0,1,1,0,0,1,0,1,1,0,0,0,1,1,1,1,0,0,1,1,0,1,1,1,0,0,0,1,0,1,0,1,0,0,0,1,1,1,1,0,0,0,1,0,0,1,1,0,1,0.37037037037037035,386.98679627859906,1
79,0,1,1,0,1,1,0,1,1,1,0,1,0,1,1,0,1,0,0,0,0,1,1,1,0,1,0,0,0,1,1,1,0,1,0,0,0,0,1,0,1,0,0,0,1,0,1,0,1,1,1,0,1,1,0.35185185185185186,488.7149659071474,1
80,1,1,0,1,0,0,1,1,0,0,1,0,1,0,0,0,0,1,0,1,1,0,0,1,1,0,1,0,1,0,0,1,1,0,1,1,1,0,0,0,1,1,1,1,0,0,0,1,0,0,1,1,0,1,0.2777777777777778,529.0262907886815,1
81,0,1,0,1,0,0,1,1,0,0,1,1,1,0,0,0,0,1,1,1,1,0,0,1,1,0,1,1,0,0,0,1,1,0,1,0,1,0,0,0,1,1,1,1,0,1,0,1,0,0,1,1,0,0,0.3148148148148148,392.34653567478705,1
82,0,1,0,1,0,0,1,0,1,0,1,0,1,0,0,0,0,1,1,1,1,0,0,1,1,0,1,1,0,0,0,0,1,0,1,0,1,0,0,0,1,1,1,0,0,0,0,1,1,0,1,1,0,1,0.35185185185185186,380.45858329993246,1
83,1,0,1,0,1,1,0,1,1,0,0,1,0,1,1,1,1,0,0,0,0,1,1,1,0,1,0,0,0,1,1,0,0,1,1,0,0,0,1,0,1,0,0,0,0,1,1,0,1,1,1,0,1,1,0.3333333333333333,479.9395867757638,1
84,1,1,0,1,0,0,0,1,0,0,1,0,1,0,0,0,0,1,1,1,1,0,0,1,1,0,1,1,0,0,0,0,1,0,1,0,1,0,0,1,1,1,1,1,0,1,0,1,0,0,1,1,0,1,0.3888888888888889,392.97010407344794,1
85,0,1,0,1,1,0,0,0,0,0,1,0,1,0,0,0,0,1,0,1,1,0,0,1,1,0,1,1,1,0,0,0,1,0,1,0,1,0,0,0,1,1,1,0,0,0,0,1,0,0,1,1,0,1,0.3888888888888889,349.4536419660692,1
86,0,1,0,1,0,0,1,0,0,0,1,0,1,0,0,0,1,1,1,1,1,0,0,1,1,0,1,1,0,0,0,0,1,0,1,0,1,0,0,0,0,1,1,1,0,0,0,1,0,0,1,0,0,0,0.35185185185185186,338.18240352319384,1
87,0,1,0,0,0,0,1,0,0,0,1,0,1,0,0,0,0,1,1,1,1,0,0,1,1,0,1,0,1,0,0,1,1,0,1,0,1,0,0,0,1,1,0,0,0,0,0,1,0,0,1,1,0,1,0.3148148148148148,369.88028275582417,1
88,0,0,1,1,0,1,0,1,1,1,0,0,0,1,1,1,1,0,0,0,0,1,1,1,0,1,0,1,0,1,1,0,0,1,0,0,0,0,1,1,1,0,0,0,0,1,1,0,1,1,1,0,1,1,0.35185185185185186,370.1908223134287,1
89,1,0,1,1,1,1,0,1,1,1,0,0,0,1,1,1,1,0,0,1,0,1,1,1,0,1,0,0,1,1,1,0,0,1,0,0,0,0,1,0,0,0,0,0,0,1,1,0,0,1,1,0,1,1,0.2962962962962963,535.2289721240078,1
90,1,0,0,1,0,0,1,0,0,0,1,0,1,0,0,0,0,1,1,1,1,0,0,1,1,0,1,0,0,0,0,0,1,0,1,0,1,0,0,0,1,1,1,0,0,0,0,1,0,0,1,0,0,0,0.3148148148148148,288.38077548813845,1
91,0,0,0,1,0,0,1,1,1,0,1,0,1,0,0,0,0,1,1,1,1,0,0,1,1,0,1,1,0,0,0,1,1,0,1,0,0,1,0,0,1,1,1,1,0,0,0,1,0,0,1,1,0,1,0.3333333333333333,418.2722636922183,1
92,0,1,0,1,0,0,1,0,1,0,1,1,1,0,0,0,0,1,1,0,1,0,0,1,1,0,1,0,1,0,0,0,1,0,1,0,1,0,0,1,1,1,1,0,0,1,0,1,0,0,1,1,0,1,0.37037037037037035,406.9018959837638,1
93,0,1,0,1,1,0,0,0,0,0,1,0,1,0,0,0,0,1,1,1,1,0,0,1,1,0,1,0,1,0,0,0,1,0,1,0,1,0,0,1,1,1,1,0,0,0,0,1,0,0,1,1,0,0,0.35185185185185186,305.2262999654826,1
94,1,1,0,1,0,0,0,1,0,0,1,0,1,0,0,0,0,1,1,1,1,0,0,1,1,0,1,1,0,0,0,1,1,0,0,0,1,0,0,1,1,1,1,1,1,0,0,1,0,0,1,1,0,0,0.3888888888888889,398.15117018705723,1
95,0,1,0,1,0,0,1,0,0,0,1,0,1,0,0,0,0,1,1,1,1,0,0,1,1,0,1,0,0,0,0,0,1,0,1,0,1,0,0,0,0,1,1,1,0,0,0,1,1,0,1,1,0,0,0.3888888888888889,302.02793775056284,1
96,1,1,0,1,0,0,0,1,0,0,1,0,1,0,0,0,0,1,1,1,1,0,0,1,1,0,1,0,1,0,0,1,1,0,1,0,1,0,0,0,0,1,1,0,0,0,0,1,1,0,1,1,0,0,0.3148148148148148,328.8235508248003,1
97,1,1,0,1,0,0,1,1,0,0,1,0,1,0,0,0,0,1,1,1,1,0,0,1,1,0,1,1,0,0,0,0,1,0,1,0,1,0,0,1,1,1,1,0,0,0,0,1,0,0,1,1,0,0,0.4074074074074074,341.97117360421026,1
98,0,1,0,1,0,0,0,0,0,0,1,0,1,1,0,0,0,1,1,1,1,0,0,1,1,0,1,1,0,0,0,1,1,0,1,0,0,0,0,0,0,1,1,1,0,0,0,1,1,0,1,1,0,0,0.3148148148148148,319.81048875081683,1
99,0,1,0,1,0,0,1,0,0,0,1,0,1,0,0,0,0,1,0,1,1,0,0,1,1,0,1,1,0,0,0,0,1,0,1,1,0,0,0,1,1,1,1,0,0,0,0,1,0,0,1,0,0,0,0.35185185185185186,326.45945037790676,1
