,0,1,2,3,4,5,6,7,8,9,10,11,12,13,14,15,16,17,18,19,20,21,22,23,24,25,26,27,28,29,30,31,32,33,34,35,chain_break_fraction,energy,num_occurrences
0,1,0,0,1,0,0,1,1,0,0,0,1,0,1,0,0,0,1,1,0,1,0,0,0,0,0,1,0,1,0,0,0,1,1,0,0,0.3611111111111111,14.98930321300811,1
1,1,0,0,1,0,0,1,1,0,0,0,1,0,1,0,0,0,1,1,0,1,0,0,0,0,0,1,1,1,0,0,0,1,1,0,0,0.3611111111111111,13.419983857429745,2
2,1,0,0,1,0,0,1,1,0,0,0,1,0,1,0,1,0,1,1,0,1,0,0,0,0,0,1,0,1,0,0,0,1,1,0,0,0.3611111111111111,21.92931079668376,2
3,1,0,0,1,0,0,1,1,0,0,0,1,0,1,0,0,0,1,1,0,1,0,0,0,0,0,1,0,1,0,0,0,1,1,0,0,0.3611111111111111,14.98930321300811,1
4,1,0,0,1,0,0,1,1,0,0,0,1,0,1,0,0,0,1,1,0,1,0,0,0,0,0,1,0,1,0,0,0,1,1,0,0,0.3611111111111111,14.98930321300811,1
5,1,0,0,1,0,0,1,1,0,0,0,1,0,1,0,0,0,1,1,0,1,0,0,0,0,0,1,0,1,0,0,0,1,1,0,0,0.3888888888888889,14.98930321300811,1
6,1,0,0,1,0,0,1,1,0,0,0,1,0,1,0,0,0,1,1,0,1,0,0,0,0,0,1,0,1,0,0,0,1,1,0,0,0.3888888888888889,14.98930321300811,1
7,1,0,0,1,0,0,1,1,0,0,0,1,0,1,0,0,0,1,1,0,1,0,0,0,0,0,1,0,1,0,0,0,1,1,0,0,0.3333333333333333,14.98930321300811,1
8,1,0,0,1,0,0,1,1,0,0,0,1,0,1,0,1,0,1,1,0,1,0,0,0,0,0,1,0,1,0,0,0,1,1,0,0,0.3611111111111111,21.92931079668376,1
9,1,0,0,1,0,0,1,1,0,0,0,1,0,1,0,0,0,1,1,0,1,0,0,0,0,0,1,0,1,0,0,0,1,1,0,0,0.3333333333333333,14.98930321300811,1
10,1,0,0,1,0,0,1,1,0,0,0,1,0,1,0,0,0,1,1,0,1,0,0,0,0,0,1,1,1,0,0,0,1,1,0,0,0.3611111111111111,13.419983857429745,1
11,1,0,0,1,0,0,1,1,0,0,0,1,0,1,0,0,0,1,1,0,1,0,0,0,0,0,1,0,1,0,0,0,1,1,0,0,0.3611111111111111,14.98930321300811,1
12,1,0,0,1,0,0,1,1,0,0,0,1,0,1,0,0,0,1,1,0,1,0,0,0,0,0,1,1,1,0,0,0,1,1,0,0,0.3333333333333333,13.419983857429745,2
13,1,0,0,1,0,0,1,1,0,0,0,1,0,1,0,1,0,1,1,0,1,0,0,0,0,0,1,0,1,0,0,0,1,1,0,0,0.3333333333333333,21.92931079668376,1
14,1,0,0,1,0,0,1,1,0,0,0,1,0,1,0,0,0,1,1,0,1,0,0,0,0,0,1,0,1,0,0,0,1,1,0,0,0.3333333333333333,14.98930321300811,1
15,1,0,0,1,0,0,1,1,0,0,0,1,0,1,0,0,0,1,1,0,1,0,0,0,0,0,1,0,1,0,0,0,1,1,0,0,0.3611111111111111,14.98930321300811,1
16,1,0,0,1,0,0,1,1,0,0,0,1,0,1,0,0,0,1,1,0,1,0,0,0,0,0,1,1,1,0,0,0,1,1,0,0,0.3888888888888889,13.419983857429745,2
17,1,0,0,1,0,0,1,1,0,0,0,1,0,1,0,0,0,1,1,0,1,0,0,0,0,0,1,1,1,0,0,0,1,1,0,0,0.3888888888888889,13.419983857429745,1
18,1,0,0,1,0,0,1,1,0,0,0,1,0,1,0,0,0,1,1,0,1,0,0,0,0,0,1,1,1,0,0,0,1,1,0,0,0.3611111111111111,13.419983857429745,1
19,1,0,0,1,0,0,1,1,0,0,0,1,0,1,0,0,0,1,1,0,1,0,0,0,0,0,1,1,1,0,0,0,1,1,0,0,0.3611111111111111,13.419983857429745,1
20,1,0,0,1,0,0,1,1,0,0,0,1,0,1,0,0,0,1,1,0,1,0,0,0,0,0,1,0,1,0,0,0,1,1,0,0,0.3333333333333333,14.98930321300811,1
21,1,0,0,1,0,0,1,1,0,0,0,1,0,1,0,0,0,1,1,0,1,0,0,0,0,0,1,0,1,0,0,0,1,1,0,0,0.3611111111111111,14.98930321300811,1
22,1,0,0,1,0,0,1,1,0,0,0,1,0,1,0,0,0,1,1,0,1,0,0,0,0,0,1,1,1,0,0,0,1,1,0,0,0.3888888888888889,13.419983857429745,1
23,1,0,0,1,0,0,1,1,0,0,0,1,0,1,0,0,0,1,1,0,1,0,0,0,0,0,1,0,1,0,0,0,1,1,0,0,0.3611111111111111,14.98930321300811,1
24,1,0,0,1,0,0,1,1,0,0,0,1,1,1,0,0,0,1,1,0,1,0,0,0,0,0,1,0,1,0,0,0,1,1,0,0,0.3611111111111111,18.71033876891103,1
25,1,0,0,1,0,0,1,1,0,0,0,1,0,1,0,1,0,1,1,0,1,0,0,0,0,0,1,0,1,0,0,0,1,1,0,0,0.3611111111111111,21.92931079668376,1
26,1,0,0,1,0,0,1,1,0,0,0,1,0,1,0,0,0,1,1,0,1,0,0,0,0,0,1,0,1,0,0,0,1,1,0,1,0.3888888888888889,13.257710928228665,1
27,1,0,0,1,0,0,1,1,0,0,0,1,0,1,0,0,0,1,1,0,1,0,0,0,0,0,1,0,1,0,0,0,1,1,0,0,0.3888888888888889,14.98930321300811,1
28,1,0,0,1,0,0,1,1,0,0,0,1,0,1,0,1,0,1,1,0,1,0,0,0,0,0,1,0,1,0,0,0,1,1,0,0,0.3333333333333333,21.92931079668376,1
29,1,0,0,1,0,0,1,1,0,0,0,1,0,1,0,0,0,1,1,0,1,0,0,0,0,0,1,0,1,0,0,0,1,1,0,0,0.3611111111111111,14.98930321300811,1
30,1,0,0,1,0,0,1,1,0,0,0,1,0,0,0,0,0,1,1,0,1,0,0,0,0,0,1,1,1,0,0,0,1,1,0,0,0.2777777777777778,9.978087688518068,1
31,1,0,0,1,0,0,1,1,0,0,0,1,0,1,0,0,0,1,1,0,1,0,0,0,0,0,1,0,1,0,0,0,1,1,0,0,0.3333333333333333,14.98930321300811,1
32,1,0,0,1,0,0,1,1,0,0,0,1,0,1,0,1,0,1,1,0,1,0,0,0,0,0,1,0,1,0,0,0,1,1,0,0,0.3611111111111111,21.92931079668376,1
33,1,0,0,1,0,0,1,1,0,0,0,1,0,1,0,0,0,1,1,0,1,0,0,0,0,0,1,0,1,0,0,0,1,1,0,0,0.3611111111111111,14.98930321300811,1
34,1,0,0,1,0,0,1,1,0,0,0,1,0,1,0,0,0,1,1,0,1,0,0,0,0,0,1,0,1,0,0,0,1,1,0,0,0.3888888888888889,14.98930321300811,1
35,1,0,0,1,0,0,1,1,0,0,0,1,0,0,0,0,0,1,1,0,1,0,0,0,0,0,1,0,1,0,0,0,1,1,0,0,0.3333333333333333,9.547232101202324,1
36,1,0,0,1,0,0,1,1,0,0,0,1,0,1,0,0,0,1,1,0,1,0,0,0,0,0,1,0,1,0,0,0,1,1,0,0,0.3611111111111111,14.98930321300811,1
37,1,0,0,1,0,0,1,1,0,0,0,1,0,1,0,1,0,1,1,0,1,0,0,0,0,0,1,0,1,0,0,0,1,1,0,0,0.3611111111111111,21.92931079668376,1
38,1,0,0,1,0,0,1,1,0,0,0,1,0,1,0,1,0,1,1,0,1,0,0,0,0,0,1,1,1,0,0,0,1,1,0,0,0.3611111111111111,18.354246989498492,1
39,1,0,0,1,0,0,1,1,0,0,0,1,0,1,0,0,0,1,1,0,1,0,0,0,0,0,1,1,1,0,0,0,1,1,0,0,0.3611111111111111,13.419983857429745,1
40,1,0,0,1,0,0,1,1,0,0,0,1,0,1,0,0,0,1,1,0,1,0,0,0,0,0,1,1,1,0,0,0,1,1,0,0,0.3888888888888889,13.419983857429745,1
41,1,0,0,1,0,0,1,1,0,0,0,1,0,1,0,1,0,1,1,0,1,0,0,0,0,0,1,0,1,0,0,0,1,1,0,0,0.3611111111111111,21.92931079668376,1
42,1,0,0,1,0,0,1,1,0,0,0,1,0,1,0,0,0,1,1,0,1,0,0,0,0,0,1,0,1,0,0,0,1,1,0,0,0.3333333333333333,14.98930321300811,1
43,1,0,0,1,0,0,1,1,0,0,0,1,0,1,0,0,0,1,1,0,1,0,0,0,0,0,1,0,1,0,0,0,1,1,0,0,0.3611111111111111,14.98930321300811,1
44,1,0,0,1,0,0,1,1,0,0,0,1,0,1,0,0,0,1,1,0,1,0,0,0,0,0,1,1,1,0,0,0,1,1,0,0,0.3888888888888889,13.419983857429745,1
45,1,0,0,1,0,0,1,1,0,0,0,1,0,1,0,0,0,1,1,0,1,0,0,0,0,0,1,1,1,0,0,0,1,1,0,0,0.3611111111111111,13.419983857429745,1
46,1,0,0,1,0,0,1,1,0,0,0,1,0,1,0,0,0,1,1,0,1,0,0,0,0,0,1,0,1,0,0,0,1,1,0,0,0.3888888888888889,14.98930321300811,1
47,1,0,0,1,0,0,1,1,0,0,0,1,1,1,0,1,0,1,1,0,1,0,0,0,0,0,1,0,1,0,0,0,1,1,0,0,0.4166666666666667,26.650346371857818,1
48,1,0,0,1,0,0,1,1,0,0,0,1,0,1,0,0,0,1,1,0,1,0,0,0,0,0,1,0,1,0,0,0,1,1,0,0,0.2777777777777778,14.98930321300811,1
49,1,0,0,1,0,0,1,1,0,0,0,1,0,1,0,0,0,1,1,0,1,0,0,0,0,0,0,1,1,0,0,0,1,1,0,0,0.3611111111111111,14.204643535218931,1
50,1,0,0,1,0,0,1,1,0,0,0,1,0,1,0,1,0,1,1,0,1,0,0,0,0,0,1,0,1,0,0,0,1,1,0,0,0.3611111111111111,21.92931079668376,1
51,1,0,0,1,0,0,1,1,0,0,0,1,0,1,0,1,0,1,1,0,1,0,0,1,0,0,1,1,1,0,0,0,1,1,0,0,0.3333333333333333,17.69599589707141,1
52,1,0,0,1,0,0,1,1,0,0,0,1,0,1,0,0,0,1,1,0,1,0,0,0,1,0,1,1,1,0,0,0,1,1,0,0,0.3888888888888889,13.029633573676094,1
53,1,0,0,1,0,0,1,1,0,0,0,1,0,1,0,0,0,1,1,0,1,0,0,0,0,0,1,1,1,0,0,0,1,1,0,0,0.3055555555555556,13.419983857429745,1
54,1,0,0,1,0,0,1,1,0,0,0,1,0,1,0,1,0,1,1,0,1,0,0,0,0,0,1,1,1,0,0,0,1,1,0,0,0.3888888888888889,18.354246989498492,1
55,1,0,0,1,0,0,1,1,0,0,0,1,0,1,0,1,0,1,1,0,1,0,0,1,0,0,1,0,1,0,0,0,1,1,0,0,0.4166666666666667,19.26425901376802,1
56,1,0,0,1,0,0,1,1,0,0,0,1,0,1,0,0,0,1,1,0,1,0,0,0,0,0,1,1,1,0,0,0,1,1,0,0,0.4166666666666667,13.419983857429745,1
57,1,0,0,1,0,0,1,1,0,0,0,1,0,1,0,0,0,1,1,0,1,0,0,0,0,0,1,1,1,0,0,0,1,1,0,0,0.4166666666666667,13.419983857429745,1
58,1,0,0,1,0,0,1,1,0,0,0,1,0,1,0,0,0,1,1,0,1,0,0,0,0,0,1,0,1,0,0,0,1,1,0,0,0.3888888888888889,14.98930321300811,1
59,1,0,0,1,0,0,1,1,0,0,0,1,0,1,0,0,0,1,1,0,1,0,0,0,0,0,1,0,1,0,0,0,1,1,0,0,0.3333333333333333,14.98930321300811,1
60,1,0,0,1,0,0,1,1,0,0,0,1,0,1,0,0,0,1,1,0,1,0,0,0,1,0,1,0,1,0,0,0,1,1,0,0,0.3611111111111111,12.992601982354692,1
61,1,0,0,1,0,0,1,1,0,0,0,1,0,1,0,0,0,1,1,0,1,0,0,0,0,0,1,0,1,0,0,0,1,1,0,0,0.3055555555555556,14.98930321300811,1
62,1,0,0,1,0,0,1,1,0,0,0,1,0,1,0,1,0,1,1,0,1,0,0,0,0,0,1,1,1,0,0,0,1,1,0,0,0.3611111111111111,18.354246989498492,1
63,1,0,0,1,1,0,1,1,0,0,0,1,0,1,0,0,0,1,1,0,1,0,0,0,0,0,1,0,1,0,0,0,1,1,0,0,0.3611111111111111,18.50639223492567,1
64,1,0,0,1,0,0,1,1,0,0,0,1,0,1,0,1,0,1,1,0,1,1,0,0,0,0,1,1,1,0,0,0,1,1,0,0,0.3888888888888889,14.675755893873582,1
65,1,0,0,1,0,0,1,1,0,0,0,1,0,1,0,0,0,1,1,0,1,1,0,0,0,0,1,1,1,0,0,0,1,1,0,0,0.3888888888888889,11.741493644071713,1
66,1,0,0,1,0,0,1,1,0,0,0,1,0,1,0,1,0,1,1,0,1,0,0,0,0,0,1,1,1,0,0,0,0,1,0,0,0.3611111111111111,20.388882889705226,1
67,1,0,0,1,0,0,1,1,0,0,0,1,0,1,0,0,0,1,1,0,1,0,0,0,0,0,1,0,1,0,0,0,1,1,0,0,0.3611111111111111,14.98930321300811,1
68,1,0,0,1,0,0,1,1,0,0,0,1,0,1,0,1,0,1,1,0,1,0,0,0,0,0,0,1,1,0,0,0,1,1,0,0,0.3611111111111111,20.141778893091118,1
69,1,0,0,1,0,0,1,1,0,0,0,1,0,1,0,0,0,1,1,0,1,0,0,0,0,0,1,0,1,0,0,0,1,1,0,1,0.3611111111111111,13.257710928228665,1
70,1,0,0,1,0,0,1,1,0,0,0,1,0,1,0,0,1,1,1,0,1,0,0,1,0,0,1,1,1,0,0,0,1,1,0,0,0.3611111111111111,16.330390668358064,1
71,1,0,0,1,0,0,1,1,0,0,0,1,0,1,0,1,0,1,1,0,1,0,0,0,1,0,1,0,1,0,0,0,1,1,0,0,0.3055555555555556,18.931780679437793,1
72,1,0,0,1,0,0,1,1,0,0,0,1,0,1,0,0,0,1,1,0,1,0,0,1,0,0,1,0,1,0,0,0,1,1,0,0,0.3888888888888889,14.375940854444583,1
73,1,0,0,1,0,0,1,1,0,0,0,1,0,1,0,0,0,1,1,0,1,0,0,0,0,0,1,1,1,0,0,0,1,1,0,0,0.4166666666666667,13.419983857429745,1
74,1,0,0,1,0,0,1,1,0,0,0,1,1,1,0,0,0,1,1,0,1,0,0,0,0,0,1,0,1,0,0,0,1,1,0,0,0.3888888888888889,18.71033876891103,1
75,1,0,0,1,0,0,1,1,0,0,0,1,0,1,0,1,0,1,1,0,1,0,0,0,0,0,1,0,1,0,0,0,1,1,0,0,0.3611111111111111,21.92931079668376,1
76,1,0,0,1,0,0,1,1,0,0,0,1,0,1,0,1,0,1,1,0,1,0,0,0,0,0,1,1,1,0,0,0,1,1,0,0,0.3888888888888889,18.354246989498492,1
77,1,0,0,1,0,0,1,1,0,0,0,1,0,1,0,0,0,1,1,0,1,0,0,0,0,0,0,1,1,0,0,0,1,1,0,0,0.3888888888888889,14.204643535218931,1
78,1,0,0,1,0,0,1,1,0,0,0,1,0,1,0,0,0,1,1,0,1,0,0,0,0,0,1,1,1,0,0,0,0,1,0,0,0.3888888888888889,14.436535463331747,1
79,1,0,0,1,0,0,1,1,0,0,0,1,0,1,0,1,0,1,1,0,1,0,0,0,0,0,1,0,1,0,0,0,1,1,0,0,0.3611111111111111,21.92931079668376,1
80,1,0,0,1,0,0,1,1,0,0,0,1,0,1,0,1,0,1,1,0,1,0,0,0,0,0,1,1,1,0,0,0,1,1,0,1,0.3888888888888889,16.858989746113235,1
81,1,0,0,1,0,0,1,1,0,0,0,1,0,1,0,1,0,1,1,0,1,1,0,0,0,0,1,1,1,0,0,0,1,1,0,0,0.2777777777777778,14.675755893873582,1
82,1,0,1,1,0,0,1,1,0,0,0,1,0,1,0,1,0,1,1,0,1,0,0,0,0,0,1,1,1,0,0,0,1,1,0,0,0.3333333333333333,22.910176886214327,1
83,1,0,0,1,0,0,1,1,0,0,0,1,0,1,0,0,0,1,1,0,1,0,0,0,0,0,1,1,1,0,0,0,0,1,0,0,0.4444444444444444,14.436535463331747,1
84,1,0,0,1,0,0,1,1,0,0,0,1,0,1,0,1,0,1,1,0,1,0,0,0,0,0,1,1,1,0,0,0,1,1,0,0,0.3888888888888889,18.354246989498492,1
85,1,0,0,1,0,0,1,1,0,0,0,1,0,1,0,0,0,1,1,0,1,0,0,0,0,0,1,1,1,0,0,0,1,1,0,0,0.25,13.419983857429745,1
86,1,0,0,1,0,0,1,1,0,0,0,1,1,1,0,0,1,1,1,0,1,0,0,0,0,0,1,1,1,0,0,0,1,1,0,0,0.4444444444444444,19.3695702737513,1
87,0,1,0,0,1,0,0,0,1,0,1,0,1,0,1,1,1,0,0,1,0,1,1,1,0,1,0,0,0,1,1,0,0,0,0,0,0.2222222222222222,10.298688227680168,1
88,1,0,0,1,0,0,1,1,1,0,0,1,0,1,0,1,0,1,1,0,1,0,0,0,0,0,1,0,1,0,0,0,1,1,0,0,0.4166666666666667,25.58266653954944,1
89,1,0,0,1,0,0,1,1,0,0,0,1,0,1,1,1,0,1,1,0,1,0,0,0,0,0,1,1,1,0,0,0,1,1,0,1,0.3333333333333333,19.32562837677623,1
90,1,0,0,1,0,0,1,1,0,0,0,1,0,1,0,0,0,1,1,0,1,0,0,0,0,0,1,0,1,0,0,0,1,1,0,0,0.25,14.98930321300811,1
91,1,0,0,1,0,0,1,1,0,0,0,1,0,1,0,0,0,1,1,0,1,0,0,0,0,0,0,0,1,0,0,0,1,1,1,1,0.2777777777777778,14.498583779525468,1
92,1,0,0,1,0,0,1,1,0,0,0,1,0,1,1,0,1,1,1,0,1,0,0,1,0,0,1,1,1,0,0,0,1,1,0,0,0.3333333333333333,17.27167752234597,1
93,0,1,1,0,1,0,0,0,0,1,1,0,0,0,1,1,1,0,0,1,0,1,1,1,0,1,0,0,0,1,1,1,0,0,0,0,0.25,19.049183190269463,1
94,0,1,1,0,1,0,0,0,0,0,1,0,1,0,1,1,1,0,0,1,0,1,1,1,0,1,0,0,0,1,1,0,0,0,0,0,0.2222222222222222,11.866752741853006,1
95,0,1,1,0,1,1,0,0,1,1,1,0,1,0,1,0,0,0,0,1,0,1,1,1,1,1,0,0,0,1,1,1,0,0,0,1,0.2777777777777778,28.960353421934162,1
