,0,1,2,3,4,5,6,7,8,9,10,11,12,13,14,15,16,17,18,19,20,21,22,23,24,25,26,27,28,29,30,31,32,33,34,35,36,37,38,39,40,41,42,43,44,45,46,47,48,49,50,51,52,53,chain_break_fraction,energy,num_occurrences
0,1,0,1,1,1,0,0,0,1,0,0,1,0,1,1,1,1,1,1,0,0,1,0,1,1,0,0,1,1,0,0,0,1,0,1,0,1,1,1,1,0,0,1,0,1,1,1,1,0,1,0,0,1,0,0.3148148148148148,366.8214985784583,1
1,0,1,1,0,0,1,0,1,0,0,1,0,1,0,0,0,1,0,0,0,1,0,1,0,0,1,1,0,0,1,1,0,0,1,0,0,0,0,0,0,1,1,0,1,0,0,1,0,1,0,1,0,0,1,0.2962962962962963,266.3560973057587,1
2,0,1,1,0,0,1,0,1,0,0,1,0,1,0,0,0,0,0,1,1,1,0,1,0,0,1,0,0,0,1,1,0,0,0,0,0,0,1,0,0,1,1,0,1,0,0,1,0,1,0,1,1,0,1,0.2962962962962963,251.67552417164381,1
3,0,1,1,1,0,1,1,1,0,0,1,0,1,0,0,0,0,0,0,1,1,0,1,0,0,1,1,0,0,1,1,0,0,1,0,0,1,1,0,0,1,1,0,1,0,0,1,0,1,0,1,1,0,1,0.2962962962962963,278.2294546831067,1
4,1,0,1,1,1,0,0,0,1,0,0,1,0,1,1,1,1,1,1,1,0,1,0,1,1,0,0,1,1,0,0,0,1,1,1,0,1,1,1,1,0,0,1,0,1,0,1,1,0,1,0,0,1,0,0.3148148148148148,399.1923994505122,1
5,0,1,1,0,0,1,1,1,0,0,1,0,1,0,0,0,0,0,1,1,1,0,1,0,0,1,1,0,0,1,1,1,0,1,0,0,0,0,0,0,1,1,0,1,0,0,1,0,1,0,1,1,0,1,0.35185185185185186,284.36253463400976,1
6,0,1,1,0,0,1,1,1,0,0,1,0,1,0,0,0,1,0,1,0,1,0,1,0,0,1,0,0,0,1,1,0,0,1,0,1,1,0,0,0,1,1,0,1,0,1,1,0,1,0,1,0,0,1,0.2777777777777778,298.5250473422948,1
7,1,0,1,1,1,0,0,0,1,0,0,1,0,1,1,1,1,1,1,1,0,1,0,1,1,0,0,0,1,0,0,1,1,1,1,0,1,1,1,1,0,0,1,0,1,0,1,1,0,1,0,0,1,0,0.37037037037037035,405.40131417455666,1
8,1,0,1,1,1,0,0,0,1,0,0,1,0,1,0,1,1,1,0,1,0,1,0,1,1,0,0,1,1,0,0,0,1,0,1,0,1,1,1,1,0,0,1,0,1,1,1,1,0,1,0,0,1,0,0.35185185185185186,336.8030741059923,1
9,1,0,1,1,1,0,0,0,1,1,0,1,0,1,0,1,1,1,1,1,0,1,0,1,1,0,1,1,1,0,0,0,1,0,1,1,1,1,1,1,0,0,1,0,1,1,1,1,0,1,0,0,1,0,0.37037037037037035,409.1058345158177,1
10,1,0,1,1,1,0,0,0,1,0,0,1,0,1,0,1,0,1,1,1,0,1,0,1,1,0,0,1,1,0,0,0,1,0,1,1,1,1,1,1,0,0,1,0,1,0,1,1,0,1,0,0,1,0,0.3333333333333333,385.46196072649377,1
11,0,1,1,0,0,1,1,1,0,0,1,0,1,0,0,0,0,0,0,1,1,0,1,0,0,1,0,0,0,1,1,1,0,1,0,0,0,0,0,0,1,1,0,1,0,1,1,0,1,0,1,0,0,1,0.2777777777777778,255.56236816063733,1
12,0,1,1,0,0,1,1,1,0,0,1,0,1,0,0,0,0,0,1,1,1,0,1,0,0,0,1,0,0,1,1,1,0,0,0,0,0,0,0,0,1,1,0,1,0,0,1,0,1,0,1,0,0,1,0.3148148148148148,271.5569550284901,1
13,1,0,1,1,1,0,0,0,1,1,0,1,0,1,0,1,1,1,0,0,0,1,0,1,1,0,0,1,1,0,0,0,1,0,1,0,1,1,1,1,0,0,1,0,1,1,1,1,0,1,0,0,1,0,0.3333333333333333,331.4549493922178,1
14,1,0,1,1,1,0,0,0,1,1,0,1,0,1,0,1,0,1,1,0,0,1,0,1,1,0,0,1,1,0,0,0,1,1,1,0,1,1,1,1,0,0,1,0,1,1,1,1,0,1,0,0,1,0,0.3333333333333333,339.41239349181023,1
15,1,0,1,1,1,0,0,0,1,1,0,1,0,1,1,1,1,1,0,1,0,1,0,1,1,0,0,0,1,0,0,0,1,1,1,0,1,1,1,1,0,0,1,0,1,1,1,1,0,1,0,0,1,0,0.2777777777777778,402.0868263528313,1
16,0,1,1,0,0,1,0,1,0,0,1,0,1,0,0,0,0,0,0,1,1,1,1,0,0,1,1,1,0,1,1,0,0,1,0,0,0,0,0,0,1,1,0,1,0,0,1,0,1,0,1,0,0,1,0.25925925925925924,270.25065134483503,1
17,1,0,1,1,1,0,0,0,1,0,0,1,0,1,1,1,1,1,1,0,0,1,0,1,1,0,0,0,1,0,0,0,1,0,1,0,1,1,1,1,0,0,1,0,1,1,1,1,0,1,0,0,1,0,0.3333333333333333,374.19086406858344,1
18,1,0,1,1,1,0,0,0,1,1,0,1,0,1,0,1,0,1,1,0,0,1,0,1,1,0,0,0,1,0,0,0,1,0,1,0,1,1,1,1,0,0,1,0,1,1,1,1,0,1,0,0,1,0,0.3148148148148148,322.80502780748895,1
19,0,1,1,0,0,1,0,1,0,0,1,0,1,0,0,0,0,0,0,0,1,0,1,0,0,1,1,0,0,1,1,1,0,1,0,0,0,1,0,0,1,1,0,1,0,0,0,0,1,0,1,1,0,1,0.35185185185185186,263.5315106881738,1
20,0,1,1,0,0,1,1,1,0,1,1,0,1,0,0,0,0,0,0,1,1,0,1,0,0,1,1,0,0,1,1,0,0,0,0,1,0,0,0,0,1,1,0,1,0,0,1,0,1,0,1,1,0,1,0.37037037037037035,292.7723318743469,1
21,1,0,1,1,1,0,0,0,1,1,0,1,0,1,0,1,1,0,1,0,0,1,0,1,1,0,0,1,1,0,0,0,1,0,1,1,1,1,1,1,0,0,1,0,1,0,1,1,0,1,0,0,1,0,0.35185185185185186,399.126620887371,1
22,1,0,1,1,1,0,0,0,1,0,0,1,0,1,0,1,1,1,0,1,0,1,0,1,1,0,0,0,1,0,0,0,1,0,1,0,1,1,1,1,0,0,1,0,1,1,1,1,0,1,0,0,1,0,0.3148148148148148,336.67013823188586,1
23,1,0,1,1,1,0,0,0,1,0,0,1,0,1,0,1,0,1,0,0,0,1,0,1,1,0,0,1,1,0,0,0,1,0,1,0,1,1,1,1,0,0,1,0,1,0,0,1,0,1,0,0,1,0,0.25925925925925924,303.18779948839926,1
24,1,0,1,1,1,0,0,0,1,1,0,1,0,1,0,1,1,1,1,0,0,1,0,1,1,0,0,0,1,0,0,0,1,1,1,0,1,1,1,1,0,0,1,0,1,1,1,1,0,1,0,0,1,0,0.35185185185185186,337.6318163647537,1
25,1,0,1,1,1,0,0,0,1,0,0,1,0,1,0,1,1,1,0,0,0,1,0,1,1,0,0,0,1,0,0,1,0,1,1,0,1,1,1,1,0,0,1,0,1,1,1,1,0,1,0,0,1,0,0.2962962962962963,299.4382872145799,1
26,1,0,1,1,1,0,0,0,1,0,0,1,0,1,0,1,0,1,0,0,0,1,0,1,1,0,0,1,1,0,0,0,1,1,1,0,1,1,1,1,0,0,1,0,1,1,1,1,0,1,0,0,1,0,0.3888888888888889,353.5118135992768,1
27,1,0,1,1,1,0,0,0,1,1,0,1,0,1,1,1,1,1,0,0,0,1,0,1,1,0,0,1,1,0,0,1,1,0,1,0,1,1,1,1,0,0,1,0,1,1,1,1,0,1,0,0,1,0,0.35185185185185186,376.84878534579707,1
28,1,0,1,1,1,0,0,0,1,1,0,1,0,1,0,1,1,0,1,1,0,1,0,1,1,0,0,1,1,0,0,0,0,0,1,0,1,1,1,1,0,0,1,0,1,0,1,1,0,1,0,0,1,0,0.3333333333333333,272.90613282276126,1
29,1,0,1,1,1,0,0,0,1,0,0,1,0,1,0,1,1,1,0,0,0,1,0,1,1,0,0,1,1,0,0,0,1,0,1,1,1,1,1,0,0,0,1,0,1,0,1,1,0,1,0,0,1,0,0.3333333333333333,374.98169088047655,1
30,1,0,1,1,1,0,0,0,1,0,0,1,0,1,0,1,1,1,0,1,0,1,0,1,1,0,0,1,1,0,0,0,1,0,1,0,1,1,1,1,0,0,1,0,1,1,1,1,0,1,0,0,1,0,0.37037037037037035,336.8030741059923,1
31,1,0,1,1,1,0,0,0,1,1,0,1,0,1,0,1,1,1,1,0,0,1,0,1,1,0,0,1,1,0,0,0,1,0,1,1,1,1,1,1,0,0,1,0,1,0,1,1,0,1,0,0,1,0,0.3148148148148148,381.59689782784096,1
32,1,0,1,1,1,0,0,0,1,1,0,1,0,1,0,1,1,1,1,0,0,1,0,1,1,0,0,1,1,0,1,0,1,0,1,0,1,1,1,1,0,0,1,0,1,1,1,1,0,1,0,0,1,0,0.3888888888888889,343.41245275031974,1
33,0,1,1,0,0,1,1,1,0,1,1,0,1,0,0,0,0,0,0,1,1,0,1,0,0,1,1,0,0,1,1,1,0,1,0,0,1,0,0,0,1,1,1,1,0,1,0,0,1,0,1,0,0,1,0.2777777777777778,279.439353410316,1
34,1,0,1,1,1,0,0,0,1,1,0,1,0,1,0,1,1,0,1,0,0,1,0,1,1,0,0,1,1,0,0,0,1,0,1,0,1,1,1,1,0,0,1,0,1,1,1,1,0,1,0,0,1,0,0.37037037037037035,321.72286824363266,1
35,1,0,1,1,1,0,0,0,1,1,0,1,0,1,0,1,1,1,1,1,0,1,0,1,1,0,0,1,1,0,0,1,0,0,1,0,1,1,1,1,0,0,1,0,1,1,1,1,0,1,0,0,1,0,0.3148148148148148,337.41928100096584,1
36,0,1,1,0,0,1,1,1,0,1,1,0,1,0,0,0,0,0,0,0,1,0,1,0,1,1,1,0,0,1,1,1,0,1,0,0,0,0,0,0,1,1,0,1,0,0,1,0,1,0,1,0,0,1,0.2777777777777778,266.75199532695325,1
37,1,0,1,1,1,0,0,0,1,1,0,1,0,1,0,1,0,1,1,1,0,1,0,1,1,0,0,0,1,0,1,0,1,1,1,0,1,1,1,1,0,0,1,0,1,0,1,1,0,1,0,0,1,0,0.3333333333333333,340.61248593638254,1
38,1,0,1,1,1,0,0,0,1,0,0,1,0,1,0,1,1,1,0,1,0,1,0,1,1,0,0,0,1,0,0,0,1,0,1,0,0,1,1,1,0,0,1,0,1,1,1,1,0,1,0,0,1,0,0.3148148148148148,333.55955875134634,1
39,1,0,1,1,1,0,0,0,1,1,0,0,0,1,0,0,1,1,0,0,0,1,0,1,1,0,0,0,1,0,0,0,1,0,1,0,1,1,1,1,0,0,1,0,1,1,1,1,0,1,0,0,1,0,0.2777777777777778,327.52338642992936,1
40,1,0,1,1,1,0,0,0,1,0,0,1,0,1,0,1,1,1,0,0,0,1,0,1,1,0,1,0,1,0,1,0,1,0,1,0,1,1,1,1,0,0,1,0,1,1,1,1,0,1,0,0,1,0,0.3333333333333333,349.47240835438447,1
41,1,0,1,1,1,0,0,0,1,0,0,1,0,1,0,0,0,1,1,1,0,1,0,1,1,0,1,0,1,0,0,0,1,0,1,0,1,1,1,1,0,0,1,0,1,0,1,1,0,1,0,0,1,0,0.2962962962962963,353.6792292984985,1
42,1,0,1,1,1,0,0,0,1,0,0,1,0,1,1,1,1,1,0,0,0,1,0,1,1,0,0,1,1,0,0,0,1,0,1,0,1,1,1,1,0,0,1,0,1,1,1,1,0,1,0,0,1,0,0.35185185185185186,357.06624974714157,1
43,1,0,1,1,1,0,0,0,1,1,0,1,0,1,0,1,0,1,1,0,0,1,0,1,1,0,0,1,1,0,0,0,1,0,1,0,1,1,1,1,0,0,1,0,1,0,1,1,0,1,0,0,1,0,0.3333333333333333,319.92788574943097,1
44,1,0,1,1,1,0,0,0,1,1,0,1,0,1,1,0,0,1,0,0,0,1,0,1,1,0,0,0,1,0,0,1,1,1,1,0,1,1,1,1,0,0,1,0,1,0,1,1,0,1,0,0,1,0,0.25925925925925924,362.8105240947715,1
45,1,0,1,1,1,0,0,0,1,1,0,1,0,1,0,1,1,0,0,1,0,1,0,1,1,0,0,0,1,0,0,1,1,1,1,0,1,1,1,1,0,0,1,0,1,1,1,1,0,1,0,0,1,0,0.35185185185185186,362.87577759653664,1
46,1,0,1,1,1,0,0,0,1,0,0,1,0,1,0,1,1,1,1,0,0,1,0,1,1,0,0,1,1,0,0,0,1,1,1,0,1,1,1,1,0,0,1,0,1,0,1,1,0,1,0,0,1,0,0.35185185185185186,331.76283997756116,1
47,1,0,1,1,1,0,0,0,1,0,0,1,0,1,0,1,1,1,0,0,0,1,0,1,1,0,0,0,1,0,0,1,1,0,1,0,1,1,1,1,0,0,1,0,1,0,1,1,0,1,0,0,1,0,0.4074074074074074,344.7058293768521,1
48,1,0,1,1,1,0,0,0,1,0,0,1,0,1,0,1,0,1,1,1,0,1,0,1,1,0,0,0,1,0,0,0,1,0,1,1,1,1,1,1,0,0,1,0,1,1,1,1,0,1,0,0,1,0,0.3888888888888889,388.5718885911102,1
49,1,0,1,1,1,0,0,0,1,1,0,1,0,1,0,1,1,1,0,1,0,1,0,1,1,0,0,0,1,0,0,1,0,0,1,0,1,1,1,1,0,0,1,0,1,1,1,1,0,1,0,0,1,0,0.3888888888888889,331.14393016060706,1
50,1,0,1,1,1,0,0,0,1,1,0,1,0,1,0,1,1,1,1,0,0,1,0,1,1,0,0,0,1,0,0,1,1,0,1,0,1,1,1,1,0,0,1,0,1,0,1,1,0,1,0,0,1,0,0.3148148148148148,347.43143675390786,1
51,1,0,1,1,1,0,0,0,1,1,0,1,0,1,0,1,1,0,1,0,0,1,0,1,1,0,0,1,1,0,0,0,1,0,1,0,0,1,1,1,0,0,1,0,1,1,1,1,0,1,0,0,1,0,0.35185185185185186,305.9428993841668,1
52,1,0,1,1,1,0,0,0,1,0,0,1,0,1,0,1,1,1,0,0,0,1,0,1,1,0,0,0,1,0,0,1,1,0,1,0,1,1,1,1,0,0,1,0,1,1,1,1,0,1,0,0,1,0,0.35185185185185186,355.82083467366124,1
53,1,0,1,1,1,0,0,0,1,1,0,1,0,1,0,1,0,1,0,0,0,1,0,1,1,0,0,0,1,0,0,1,1,0,1,0,1,1,1,1,0,0,1,0,1,1,1,1,0,1,0,0,1,0,0.3148148148148148,358.3733226668852,1
54,1,0,1,1,1,0,0,0,1,1,0,1,0,1,0,1,0,1,1,0,0,1,0,1,1,0,0,1,1,0,1,0,1,0,1,0,1,1,1,1,0,0,1,0,1,1,1,1,0,1,0,0,1,0,0.35185185185185186,342.4064346729889,1
55,1,0,1,1,0,0,0,0,1,1,0,1,0,1,0,1,1,1,0,1,0,1,0,1,1,0,1,1,1,0,0,0,1,0,1,1,1,1,1,1,0,0,1,0,1,0,1,1,0,1,0,0,1,0,0.2962962962962963,396.3645583841501,1
56,1,0,1,1,1,0,0,0,1,0,0,0,0,1,0,1,1,1,0,1,0,0,0,1,1,0,0,1,1,0,0,0,1,0,1,0,1,1,1,1,0,0,1,0,1,0,1,1,0,1,0,0,1,0,0.3148148148148148,317.2258661993636,1
57,1,0,1,1,1,0,0,0,1,1,0,1,0,1,0,1,1,1,1,0,0,1,0,1,1,0,0,1,1,0,0,1,0,0,1,0,1,1,1,1,0,0,1,0,1,0,1,1,0,1,0,0,1,0,0.3333333333333333,312.7000230030112,1
58,1,0,1,1,1,0,0,0,1,0,0,1,0,1,0,1,0,1,1,0,0,1,0,1,1,0,0,0,1,0,0,0,1,1,1,0,1,1,1,1,0,0,1,0,1,1,1,1,0,1,0,0,1,0,0.35185185185185186,334.4073286956557,1
59,1,0,1,1,1,0,0,0,1,1,0,1,0,1,0,1,1,1,1,0,0,1,0,1,1,0,0,0,1,0,0,1,0,1,1,1,1,1,1,1,0,0,1,0,1,1,1,1,0,1,0,0,1,0,0.3148148148148148,352.14066675038987,1
60,1,0,1,1,1,0,0,0,1,1,0,1,0,1,0,1,1,0,1,1,0,1,0,1,1,0,0,0,1,0,0,0,1,0,1,0,1,1,1,1,0,0,1,0,1,1,1,1,0,1,0,0,1,0,0.2962962962962963,310.38210181253953,1
61,1,0,1,1,1,0,0,0,1,1,0,1,0,1,0,1,0,1,1,1,0,1,0,1,1,0,0,1,1,0,0,0,1,1,1,0,1,1,1,1,0,0,1,0,1,1,1,1,0,1,0,0,1,0,0.3888888888888889,339.970827428774,1
62,1,0,1,1,1,0,0,0,1,1,0,1,0,1,0,1,1,1,1,0,0,1,0,1,0,0,0,0,1,0,0,0,0,1,1,0,1,1,1,1,0,0,1,0,1,0,1,1,0,1,0,0,1,0,0.37037037037037035,309.89951749641,1
63,1,0,1,1,1,0,0,0,1,0,0,1,0,1,0,1,1,0,1,0,0,1,0,1,1,0,0,0,1,0,1,1,1,0,1,0,0,1,1,1,0,0,1,0,1,1,1,1,0,1,0,0,1,0,0.3333333333333333,364.9049960322561,1
64,1,0,1,1,1,0,0,0,1,0,0,1,0,1,0,1,1,1,0,0,0,1,0,1,1,0,0,0,1,0,0,0,1,1,1,0,1,1,1,1,0,0,1,0,1,1,1,1,0,1,0,0,1,0,0.35185185185185186,334.8252564478852,1
65,0,1,1,0,0,1,0,1,0,1,1,0,1,0,1,0,0,0,0,1,1,0,1,0,0,0,0,0,0,1,1,0,0,0,0,0,0,0,0,0,1,1,0,1,0,1,1,0,1,0,1,0,0,1,0.3148148148148148,268.7094104187052,1
66,0,0,1,1,1,0,0,0,1,0,0,0,0,1,0,1,0,1,0,1,0,1,0,1,1,0,1,1,1,0,0,0,0,1,1,1,1,1,1,1,0,0,1,0,1,1,1,1,0,1,0,0,1,0,0.3333333333333333,326.80873522875925,1
67,1,0,1,1,1,0,0,0,1,1,0,1,0,1,0,1,0,1,0,0,0,1,0,1,1,0,0,0,1,0,0,0,1,0,1,0,1,1,1,1,0,0,1,0,1,1,1,1,0,1,0,0,1,0,0.3888888888888889,323.5024867748342,1
68,1,0,1,1,1,0,1,0,1,1,0,1,0,1,0,1,0,1,1,0,0,1,0,1,1,0,0,0,1,0,0,1,1,0,0,0,1,1,1,1,0,0,1,0,1,0,1,1,0,1,0,0,1,0,0.3333333333333333,329.68336463972105,1
69,1,0,1,1,1,0,0,0,1,1,0,1,0,1,0,1,1,1,0,0,0,1,0,1,1,0,0,1,1,0,0,0,0,1,1,0,1,1,1,1,0,0,1,0,1,0,1,1,0,1,0,0,1,0,0.35185185185185186,296.88818562485073,1
70,1,0,1,1,1,0,0,0,1,0,0,1,0,1,1,1,1,1,1,1,0,1,0,1,1,0,0,1,1,0,0,1,1,0,1,0,1,1,1,1,0,0,1,0,1,1,1,1,0,1,0,0,1,0,0.35185185185185186,397.6316474822271,1
71,1,0,1,1,1,0,0,0,1,1,0,1,0,1,0,1,1,1,1,0,0,1,0,1,1,0,0,1,1,0,0,0,1,0,1,0,1,1,1,1,0,0,1,0,1,1,1,1,0,1,0,0,1,0,0.2962962962962963,334.1592806146797,1
72,1,0,1,1,1,0,0,0,1,0,0,1,0,1,1,1,0,0,1,1,0,1,0,1,1,0,0,0,1,0,1,0,1,1,1,0,1,1,1,1,0,0,1,0,1,0,1,1,0,1,0,0,1,0,0.3333333333333333,333.22609967588403,1
73,1,0,1,1,1,0,0,0,1,0,0,1,0,1,0,1,1,1,1,0,0,1,0,1,1,0,0,1,1,0,0,0,1,0,1,0,1,1,1,1,0,0,1,0,1,1,1,1,0,1,0,0,1,0,0.3888888888888889,331.05017752191725,1
74,1,0,1,1,1,0,0,0,1,1,0,1,0,1,0,1,0,1,1,1,0,1,0,1,1,0,0,1,1,0,1,0,1,0,1,0,1,1,1,1,0,0,0,0,1,1,0,1,0,1,0,0,1,0,0.2777777777777778,331.2560581554246,1
75,1,0,1,1,1,0,0,0,1,1,0,0,0,1,0,1,1,1,1,1,0,1,0,1,1,0,0,0,1,0,1,0,1,1,1,0,1,1,1,1,0,0,1,0,1,1,1,1,0,1,0,0,1,0,0.3148148148148148,333.83085814943126,1
76,1,0,1,1,1,0,0,0,1,0,0,1,0,1,0,1,1,1,0,0,0,1,0,1,1,0,0,1,1,0,0,0,1,1,1,0,0,1,1,1,0,0,1,0,1,0,1,1,0,1,0,0,1,0,0.3333333333333333,321.112560711991,1
77,1,0,1,1,0,0,0,0,1,1,0,1,0,1,0,1,1,1,0,1,0,1,0,1,1,0,0,1,1,0,0,1,1,0,1,1,1,1,1,1,0,0,1,0,1,1,1,1,0,1,0,0,1,0,0.4074074074074074,470.3655772027031,1
78,1,0,1,1,1,0,0,0,1,0,0,1,0,1,0,1,0,1,1,0,0,1,0,1,1,0,0,0,1,0,0,0,1,0,1,0,1,1,1,1,0,0,1,0,1,1,1,1,0,1,0,0,1,0,0.35185185185185186,323.1938930541331,1
79,1,0,1,1,1,0,0,0,1,0,0,1,0,1,0,1,1,1,1,0,0,1,0,1,1,0,0,1,1,0,1,0,1,0,1,0,1,1,1,1,0,0,1,0,1,1,1,1,0,1,0,0,1,0,0.3333333333333333,342.9094437116538,1
80,1,0,1,1,1,0,0,0,1,1,0,0,0,1,0,1,1,0,0,0,0,1,0,1,1,0,0,1,1,0,0,0,1,0,1,0,1,1,1,1,0,0,1,0,1,1,1,1,0,1,0,0,1,0,0.37037037037037035,378.1936017572224,1
81,1,0,1,1,1,0,0,0,1,1,0,1,0,1,0,1,1,0,1,0,0,1,0,1,0,0,0,0,1,0,0,0,1,0,1,0,1,1,1,1,0,0,1,0,1,0,1,1,0,1,0,0,1,0,0.35185185185185186,310.0376146261052,1
82,1,0,1,1,1,0,0,0,1,0,0,1,0,1,0,1,1,1,0,1,0,1,0,1,0,0,0,0,1,0,0,0,1,0,1,0,1,1,1,1,0,0,1,0,1,1,1,1,0,0,0,0,1,0,0.3148148148148148,325.9326966008766,1
83,1,0,1,1,1,0,0,0,1,0,0,1,0,1,0,1,0,1,0,1,0,1,0,1,1,0,0,1,1,0,1,0,1,0,1,0,0,1,1,1,0,0,1,0,1,0,1,1,0,1,0,0,1,0,0.37037037037037035,323.2875497802412,1
84,1,0,1,1,1,0,0,0,1,1,0,0,0,1,0,1,1,1,0,0,0,1,0,1,1,0,0,0,1,0,0,0,1,0,1,0,1,1,1,1,0,0,1,0,1,0,1,1,0,1,0,0,1,0,0.3333333333333333,304.8599152691867,1
85,1,0,1,1,1,0,0,0,1,1,0,1,0,1,0,1,1,0,0,0,0,1,0,1,1,0,0,0,1,0,0,0,1,1,1,0,1,1,1,1,0,0,1,0,1,1,1,1,0,1,0,0,1,0,0.37037037037037035,334.4550726939485,1
86,1,0,1,1,1,0,0,0,1,0,0,1,1,1,0,1,1,1,1,0,0,1,0,1,1,0,0,1,1,0,1,0,1,1,1,0,1,1,1,1,0,0,1,0,1,0,1,1,0,1,0,0,1,0,0.2962962962962963,341.0441366097083,1
87,1,0,1,0,1,0,1,0,1,1,0,1,0,1,0,1,0,1,1,1,0,1,0,1,1,0,0,1,1,0,0,1,1,0,1,0,1,1,1,1,0,0,1,0,1,1,1,1,0,1,0,0,1,0,0.3333333333333333,364.8630703584827,1
88,1,0,1,1,1,0,0,0,1,1,0,1,0,1,0,1,1,1,1,0,0,1,0,1,1,0,0,1,1,0,0,0,1,0,1,1,1,1,1,0,0,0,1,0,1,1,1,1,0,1,0,0,1,0,0.2222222222222222,379.57098365882075,1
89,1,0,1,1,1,0,0,0,1,1,0,1,0,1,0,1,0,1,0,1,0,1,0,1,1,0,0,0,1,0,0,0,1,1,1,0,1,1,1,1,0,0,1,0,1,0,1,1,0,1,0,0,1,0,0.3333333333333333,328.5794843721635,1
90,1,0,1,1,1,0,0,0,1,0,0,1,0,1,0,1,0,1,0,1,0,1,0,1,1,0,1,1,1,0,1,0,1,1,1,0,1,1,1,1,0,0,1,0,1,1,0,1,0,1,0,0,1,0,0.35185185185185186,344.79818371598685,1
91,1,0,1,1,1,0,0,0,1,1,0,1,0,1,0,1,0,1,0,1,0,1,0,1,1,0,0,0,1,0,0,0,1,0,1,1,1,1,1,1,0,0,1,0,1,1,0,1,0,1,0,0,1,0,0.35185185185185186,360.1840662085066,1
92,1,0,1,1,1,0,1,0,1,1,0,1,0,1,0,1,0,1,0,0,0,1,0,1,1,0,0,0,1,0,1,0,1,0,1,1,1,1,1,1,0,0,1,0,1,0,1,1,0,1,0,0,1,0,0.3148148148148148,397.8371641805628,1
93,0,0,1,1,1,0,0,0,1,0,0,0,0,1,0,0,1,1,1,1,0,1,0,1,1,0,0,0,1,0,0,0,1,1,1,0,1,0,1,1,0,0,1,0,1,0,1,1,0,1,0,0,1,0,0.2962962962962963,293.1443449048909,1
94,0,0,1,1,1,0,0,0,1,0,0,1,0,1,0,1,0,1,1,1,0,1,0,1,1,0,0,1,1,0,0,0,0,0,1,0,1,1,1,1,0,0,1,0,1,1,1,1,0,1,0,0,1,0,0.3333333333333333,289.89696681547844,1
95,0,0,1,1,1,0,0,0,1,0,0,1,0,1,0,1,1,0,1,1,0,1,0,1,1,0,0,0,1,0,0,0,1,0,1,0,1,1,1,1,0,0,1,0,1,1,1,1,0,1,0,0,1,0,0.2962962962962963,318.6313787173028,1
96,1,0,1,1,1,0,0,0,1,0,0,1,0,1,0,1,0,1,1,0,0,1,0,1,0,0,0,1,1,0,0,0,1,0,1,0,1,1,1,1,0,0,1,0,1,1,1,1,0,1,0,0,1,0,0.42592592592592593,342.4202103400928,1
97,0,0,1,1,1,0,0,0,1,0,0,1,0,1,0,1,1,0,0,0,0,1,0,1,1,0,0,1,1,0,1,0,1,1,1,0,1,1,1,1,0,0,1,0,1,1,0,1,0,1,0,1,1,0,0.2962962962962963,389.6025875770066,1
98,1,0,1,1,1,0,0,0,1,0,0,1,0,1,0,0,1,1,1,1,0,1,0,1,1,0,1,1,1,0,0,0,1,0,1,0,1,1,1,1,0,0,1,0,1,1,1,1,0,1,0,0,1,0,0.3148148148148148,371.77239969204163,1
99,1,0,1,1,1,0,0,0,1,0,0,1,1,1,0,1,1,1,0,1,0,1,0,1,1,0,0,1,1,0,1,0,1,0,1,0,1,1,1,1,0,0,1,0,1,0,1,1,0,1,0,0,1,0,0.3148148148148148,342.8712374573879,1
