,0,1,2,3,4,5,6,7,8,9,10,11,12,13,14,15,16,17,18,19,20,21,22,23,24,25,26,27,28,29,30,31,32,33,34,35,chain_break_fraction,energy,num_occurrences
0,0,0,0,0,1,1,0,1,1,0,1,0,1,1,0,0,1,0,0,1,0,1,0,1,0,0,1,1,0,0,1,1,0,1,0,1,0.2777777777777778,23.52100393198803,1
1,1,1,1,1,0,0,1,0,0,1,0,1,0,1,1,1,0,1,1,0,1,0,1,0,1,1,0,0,1,1,0,0,1,0,1,1,0.2777777777777778,20.806777128003407,1
2,0,0,0,0,1,1,0,1,1,0,1,0,1,1,0,0,1,0,0,1,0,1,0,1,0,0,1,1,0,0,1,1,0,1,0,1,0.2777777777777778,23.52100393198803,1
3,0,0,0,0,1,1,0,1,1,0,1,0,1,1,0,0,1,0,0,1,0,1,0,1,0,0,1,1,0,0,0,1,0,1,0,1,0.2777777777777778,19.586490111232425,1
4,0,0,0,0,1,1,0,1,1,0,1,0,1,1,0,0,1,0,0,1,0,1,0,1,0,0,1,1,0,0,1,1,0,1,0,1,0.3055555555555556,23.52100393198803,1
5,0,1,1,1,0,0,1,0,0,1,0,1,0,1,1,1,0,0,1,0,1,0,1,0,1,1,0,0,0,1,0,0,1,0,1,0,0.3055555555555556,13.566678528760646,1
6,1,1,1,1,0,0,1,0,0,1,0,1,0,1,1,1,0,1,1,0,1,0,1,0,1,1,0,0,1,1,0,0,1,0,1,1,0.3055555555555556,20.806777128003407,1
7,0,1,1,1,0,0,1,0,0,1,0,1,0,1,1,1,0,0,1,0,1,0,1,0,1,1,0,0,0,1,0,0,1,0,1,1,0.25,12.255482921171287,1
8,1,1,1,1,0,0,1,0,0,1,0,1,0,1,1,1,0,1,1,0,1,0,1,0,1,1,0,0,0,1,0,0,1,0,1,1,0.25,21.521559373259457,1
9,0,0,0,0,1,1,0,1,1,0,1,0,1,1,0,0,1,1,0,1,0,1,0,1,0,0,1,1,0,0,1,1,0,1,0,1,0.2777777777777778,17.2592668872168,1
10,1,1,1,1,0,0,1,0,0,1,0,1,0,1,1,1,0,0,1,0,1,0,1,0,1,1,0,0,0,1,0,0,1,0,1,0,0.3055555555555556,17.640804840308626,1
11,1,1,1,1,0,0,1,0,0,1,0,1,0,1,1,1,0,1,1,0,1,0,1,0,1,1,0,0,1,1,0,0,1,0,1,1,0.3333333333333333,20.806777128003407,1
12,0,1,1,1,0,0,1,0,0,1,0,1,0,1,1,1,0,1,1,1,1,0,1,0,1,1,0,0,1,1,0,0,1,0,1,1,0.2777777777777778,14.40643104474542,1
13,0,0,0,0,1,1,0,1,1,0,1,0,1,1,0,0,1,0,0,1,0,1,0,1,1,0,1,1,0,0,1,1,0,1,0,1,0.2222222222222222,25.10491564558016,1
14,0,1,1,1,0,0,1,0,0,1,0,1,0,1,1,1,0,1,1,0,1,0,1,0,1,1,0,0,0,1,0,0,1,0,1,1,0.3055555555555556,17.43749114552182,1
15,0,1,1,1,0,0,1,0,0,1,0,1,0,1,1,1,0,1,1,0,1,0,1,0,1,1,0,0,0,1,0,0,1,0,1,0,0.3333333333333333,20.787343508631302,1
16,1,1,1,1,0,0,1,0,0,1,0,1,0,1,1,1,0,1,1,0,1,0,1,0,1,1,0,0,0,1,0,0,1,0,1,1,0.3055555555555556,21.521559373259457,1
17,1,1,1,0,0,0,1,0,0,1,0,1,0,1,1,1,0,1,1,0,1,0,1,0,1,1,0,0,0,1,0,0,1,0,1,1,0.2222222222222222,14.801357560682094,1
18,0,1,1,1,0,0,1,0,0,1,0,1,0,1,1,1,0,0,1,0,1,0,1,0,1,1,0,0,0,1,0,0,1,0,1,0,0.25,13.566678528760646,1
19,0,1,1,1,0,0,1,0,0,1,0,1,0,1,1,1,0,0,1,1,1,0,1,0,1,1,0,0,0,1,0,0,1,0,1,0,0.2222222222222222,8.753137831973042,1
20,1,1,1,1,0,0,1,0,0,1,0,1,0,1,1,1,0,0,1,0,1,0,1,0,1,1,0,0,1,1,0,0,1,0,1,1,0.2777777777777778,15.707916658300226,1
21,1,1,1,0,0,0,1,0,0,1,0,1,0,1,1,1,0,0,1,0,1,0,1,0,1,1,0,0,0,1,0,0,1,0,1,1,0.2222222222222222,10.609695927631345,1
22,1,0,0,0,1,1,0,1,1,0,1,0,1,1,0,0,1,0,0,1,0,0,0,1,0,0,1,1,0,0,1,1,0,1,0,1,0.2222222222222222,13.165178269381908,1
23,0,1,1,1,0,0,1,0,0,1,0,1,0,1,1,1,0,1,1,0,1,0,1,0,1,1,0,0,0,1,0,0,1,0,1,0,0.3055555555555556,20.787343508631302,1
24,0,1,1,1,0,0,1,0,0,1,0,1,0,1,1,1,0,1,1,0,1,0,1,0,1,1,0,0,0,1,0,0,1,0,1,1,0.3055555555555556,17.43749114552182,1
25,1,1,0,1,0,0,1,0,0,1,0,1,0,1,1,1,0,0,1,0,1,0,1,0,1,1,0,0,0,1,0,0,1,0,1,0,0.2222222222222222,14.201921150829714,1
26,1,1,1,1,0,0,1,0,0,1,0,1,0,1,1,1,0,0,1,0,1,0,1,0,1,1,0,0,0,1,0,0,1,0,1,1,0.2777777777777778,15.329354216492957,1
27,0,1,1,1,0,0,1,0,0,1,0,1,0,1,1,1,0,0,1,0,1,0,1,0,1,1,0,0,0,1,0,0,1,0,1,1,0.25,12.255482921171287,1
28,1,1,1,1,0,0,1,0,0,1,0,1,0,1,1,1,0,0,1,0,1,0,1,0,1,1,0,0,0,1,0,0,1,0,1,1,0.2777777777777778,15.329354216492957,1
29,1,1,1,1,0,0,1,0,0,1,0,1,0,1,1,1,0,1,1,0,1,0,1,0,1,1,0,0,1,1,0,0,1,0,1,1,0.3333333333333333,20.806777128003407,1
30,0,1,1,1,0,0,1,0,0,1,0,1,0,1,1,1,0,0,1,0,1,0,1,0,1,1,0,0,0,1,1,0,1,0,1,0,0.2777777777777778,11.972826948824377,1
31,1,1,0,1,0,0,1,0,0,1,0,1,0,1,1,1,0,1,1,0,1,0,1,0,1,1,0,0,0,1,0,0,1,0,1,1,0.2777777777777778,18.161458466970778,1
32,0,0,0,0,1,1,0,1,1,0,1,0,1,1,0,0,1,0,0,1,0,1,0,1,0,0,1,1,0,0,1,1,0,1,0,1,0.2222222222222222,23.52100393198803,1
33,1,1,1,1,0,0,1,0,0,1,0,1,0,1,1,1,0,0,1,0,1,0,1,0,1,1,0,0,1,1,0,0,1,0,1,0,0.3055555555555556,16.549221477822535,1
34,0,1,1,1,0,0,1,0,0,1,0,1,0,1,1,1,0,0,1,0,1,0,1,0,1,1,0,1,0,1,0,0,1,0,1,0,0.3055555555555556,10.991893171476331,1
35,0,0,0,0,1,1,0,1,1,0,1,0,1,1,0,0,1,0,0,1,1,1,0,1,0,0,1,0,0,0,1,1,0,1,0,1,0.3333333333333333,20.727627370639727,1
36,0,1,1,1,0,0,1,0,0,1,0,1,0,1,1,1,0,1,1,0,0,0,1,0,1,1,0,0,1,1,0,0,1,1,1,1,0.25,13.174235446611494,1
37,1,1,1,1,0,0,1,0,0,1,0,1,0,1,1,1,0,1,1,0,1,0,1,0,1,1,0,0,1,1,0,0,1,0,1,1,0.3888888888888889,20.806777128003407,1
38,0,1,1,1,0,0,1,0,0,1,0,1,0,1,1,1,0,0,1,1,1,0,1,0,1,1,0,0,0,1,0,0,1,0,1,1,0.3055555555555556,10.353936671991704,1
39,0,0,0,0,1,1,0,1,1,0,1,0,1,1,0,0,1,0,0,1,1,1,0,1,0,0,1,1,0,0,1,1,0,1,0,1,0.3611111111111111,29.092750863023273,1
40,1,1,1,0,0,0,1,0,0,1,0,1,0,1,1,1,0,1,1,0,1,0,1,0,1,1,0,0,1,1,0,0,1,0,1,1,0.3055555555555556,15.089704836297715,1
41,0,1,1,1,0,0,1,0,0,1,0,1,0,1,1,1,0,1,1,0,1,0,1,0,1,1,0,0,0,1,0,0,1,0,1,1,0.25,17.43749114552182,1
42,1,1,1,1,0,0,1,0,0,1,0,1,0,1,1,1,0,1,1,0,1,0,0,0,1,1,0,0,0,1,0,0,1,0,1,1,0.2777777777777778,23.6091518047223,1
43,1,1,1,1,0,0,1,0,0,1,0,1,0,1,1,1,0,1,1,0,1,0,1,0,1,1,0,1,0,1,0,0,1,0,1,0,0.3055555555555556,18.54695200657923,1
44,1,1,1,1,0,0,1,0,0,1,0,1,0,1,1,1,0,0,1,0,1,0,1,0,1,1,0,0,0,1,0,0,1,0,1,0,0.25,17.640804840308626,1
45,1,1,1,1,0,0,1,0,0,1,0,1,0,1,1,1,0,1,1,0,1,0,1,0,1,1,0,0,0,1,0,0,1,0,1,0,0.25,25.871666752595246,1
46,1,1,1,0,0,0,1,0,0,1,0,1,0,1,1,1,0,1,1,0,1,0,1,0,1,1,0,1,0,1,1,0,1,0,1,0,0.25,10.585430058026207,1
47,0,0,0,0,1,1,0,1,1,0,1,0,1,1,0,0,1,0,0,1,0,1,0,1,0,0,1,1,0,0,1,1,0,1,0,1,0.3333333333333333,23.52100393198803,1
48,1,1,1,1,0,0,1,0,0,1,0,1,0,1,1,1,0,1,1,0,1,0,1,0,1,1,0,0,1,1,0,0,1,0,1,1,0.3888888888888889,20.806777128003407,1
49,0,1,1,1,0,0,1,0,0,1,0,1,0,1,1,1,0,0,1,0,1,0,1,0,1,1,0,0,0,1,0,0,1,0,1,1,0.2777777777777778,12.255482921171287,1
50,1,1,1,1,1,0,1,0,0,1,0,1,0,1,1,1,0,0,1,0,1,0,1,0,1,1,0,0,0,1,0,0,1,0,1,1,0.3055555555555556,18.68918336092378,1
51,0,1,1,1,0,0,1,0,0,1,0,1,0,1,1,1,0,1,1,0,1,0,1,0,1,1,0,0,1,1,0,0,1,0,1,1,0.3055555555555556,17.222745593907923,1
52,0,1,1,1,0,0,1,0,0,1,0,1,0,1,1,0,0,1,1,0,1,0,1,0,1,1,0,0,0,1,0,0,1,0,1,1,0.2222222222222222,14.499217107386942,1
53,0,1,1,1,0,0,1,0,0,1,0,1,0,1,1,1,0,1,1,0,1,0,1,0,1,1,0,0,0,1,1,0,1,0,1,0,0.2777777777777778,18.185806851806515,1
54,0,1,0,1,0,0,1,0,0,1,0,1,0,1,1,1,0,1,1,0,1,0,1,0,1,1,0,0,1,1,0,0,1,0,1,1,0.2222222222222222,14.865549957584976,1
55,1,1,0,1,0,0,1,0,0,1,0,1,0,1,1,1,0,1,1,0,0,0,1,0,1,1,0,0,1,1,0,0,1,0,1,1,0.2777777777777778,18.153764641679068,1
56,0,1,1,1,0,0,1,0,0,1,0,1,0,1,1,1,0,1,1,1,1,0,1,0,1,1,0,0,1,1,0,0,1,0,1,1,0.3055555555555556,14.40643104474542,1
57,0,1,1,1,0,0,1,0,0,1,0,1,0,1,1,1,0,0,1,0,1,0,1,0,1,1,0,0,1,1,1,0,1,0,1,0,0.19444444444444445,12.170020335883361,1
58,1,0,0,0,1,1,0,1,1,0,1,0,1,1,0,0,1,0,0,1,0,0,0,1,0,0,1,1,0,0,1,1,0,1,0,1,0.2777777777777778,13.165178269381908,1
59,0,1,1,1,0,0,1,0,0,1,0,1,0,1,1,1,0,1,1,1,1,0,0,0,1,1,0,0,1,1,1,0,1,0,1,1,0.2222222222222222,14.057390691742915,1
60,0,1,1,1,0,0,1,0,0,1,0,1,0,1,1,1,0,0,1,0,1,0,1,0,1,1,0,0,1,1,0,0,1,0,1,0,0.2777777777777778,12.975131859916663,1
61,0,1,1,0,0,0,1,0,0,1,0,1,0,1,1,1,0,1,1,0,1,0,1,0,1,1,0,0,0,1,1,0,1,0,1,1,0.25,11.319502295812038,1
62,0,1,1,1,0,0,1,0,0,1,0,1,0,1,1,1,0,1,1,0,1,0,1,0,1,1,0,0,0,1,1,0,1,0,1,1,0.2777777777777778,16.036731610899743,1
63,0,1,1,1,0,0,1,0,0,1,0,1,0,1,0,1,0,0,1,0,1,0,1,0,1,1,0,0,0,1,0,0,1,0,1,1,0.3055555555555556,11.78757674643901,1
64,1,1,0,1,0,0,1,0,0,1,0,1,0,1,1,1,0,0,1,1,1,0,1,0,1,1,0,0,0,1,0,0,1,0,1,0,0.2777777777777778,9.446958856572266,1
65,1,1,1,1,0,0,1,0,0,1,0,1,0,1,1,1,0,1,1,0,1,0,1,0,1,1,0,0,0,1,1,0,1,0,1,1,0.3055555555555556,19.62079960883777,1
66,0,0,0,0,1,1,0,1,1,0,1,0,1,1,0,0,1,1,0,1,0,1,0,1,0,0,1,1,0,0,1,1,0,1,0,1,0.3611111111111111,17.2592668872168,1
67,0,0,0,0,1,1,0,1,1,0,1,0,1,1,0,0,1,0,0,1,0,1,0,1,0,0,1,1,0,0,0,1,0,1,0,1,0.3333333333333333,19.586490111232425,1
68,1,1,1,1,0,0,1,0,0,1,0,1,0,1,1,1,0,0,1,0,1,0,1,0,1,1,0,0,0,1,0,0,1,0,1,1,0.3333333333333333,15.329354216492957,1
69,1,1,1,1,0,0,1,0,0,1,0,1,0,1,1,1,1,0,1,0,1,0,1,0,1,1,0,0,0,1,0,0,1,0,1,1,0.2777777777777778,17.425456794876233,1
70,1,1,1,1,0,0,1,0,0,1,0,1,0,1,1,1,0,1,1,0,1,0,0,0,1,1,0,0,1,1,0,0,1,0,1,1,0.3333333333333333,22.102897082774298,1
71,0,1,1,0,0,0,1,0,0,1,0,1,0,1,1,1,0,0,1,0,1,0,1,0,0,1,0,0,0,1,0,0,1,0,1,1,0.2222222222222222,9.312323573683258,1
72,1,1,0,1,0,0,1,0,0,1,0,1,0,1,1,1,1,0,1,0,1,0,1,0,1,1,0,0,1,1,0,0,1,0,1,0,0.2222222222222222,15.680525280462165,1
73,1,1,0,1,0,0,1,0,0,1,0,1,0,1,1,1,0,0,1,0,0,0,1,0,1,1,0,0,1,1,0,0,1,0,1,0,0.2777777777777778,14.258234831871208,1
74,1,1,1,1,0,0,1,0,0,1,0,1,0,1,1,1,0,0,1,0,1,0,1,0,1,1,0,0,1,1,0,0,1,0,1,0,0.25,16.549221477822535,1
75,1,1,1,1,0,0,1,0,0,1,0,1,0,1,1,1,0,1,1,0,1,0,1,0,1,1,0,0,0,1,0,0,1,0,1,1,0.3055555555555556,21.521559373259457,1
76,1,1,1,0,0,0,1,0,0,1,0,1,0,1,1,1,0,1,1,0,1,0,1,0,1,1,0,0,0,1,0,0,1,0,1,1,0.19444444444444445,14.801357560682094,1
77,1,1,1,1,0,0,1,0,0,1,0,1,0,1,1,1,0,0,1,0,1,0,1,0,1,1,0,0,0,1,0,0,1,0,1,1,0.3333333333333333,15.329354216492957,1
78,0,1,1,1,0,0,1,0,0,1,0,1,0,1,1,1,0,0,1,1,0,0,1,0,1,1,0,0,1,1,1,0,1,0,1,1,0.2777777777777778,11.014038629457886,1
79,1,1,0,0,0,0,1,0,0,1,0,1,0,1,1,1,0,0,1,0,1,0,0,0,1,1,0,0,1,1,0,0,1,0,1,1,0.2222222222222222,10.64592189074155,1
80,1,1,1,1,0,0,1,0,0,1,0,1,0,1,1,1,0,0,1,0,1,0,1,0,1,1,0,0,1,1,1,0,1,0,1,1,0.25,15.603582026670034,1
81,0,0,0,0,1,1,0,1,1,0,1,0,1,1,0,0,1,0,0,1,0,0,0,1,0,0,1,1,0,0,1,1,0,1,0,1,0.3333333333333333,14.377510069917538,1
82,0,1,1,1,0,0,1,0,0,1,0,1,0,1,1,1,0,1,1,0,0,0,0,0,1,1,0,0,0,1,1,0,1,0,1,1,0.16666666666666666,18.230121646196313,1
83,0,0,0,0,0,1,0,1,1,0,1,0,1,1,0,0,1,0,0,1,0,1,1,1,0,0,1,1,0,0,0,1,0,1,0,1,0.2777777777777778,25.37793718031239,1
84,1,1,1,1,1,0,1,0,0,1,0,1,0,1,1,1,0,0,1,0,1,0,1,0,1,1,0,0,0,1,1,0,1,0,1,1,0.2777777777777778,17.295962934175712,1
85,0,1,1,1,0,0,1,0,0,1,0,1,0,1,1,1,0,0,1,0,0,0,1,0,1,1,0,0,1,1,1,0,1,0,1,0,0.19444444444444445,12.00674555759932,1
86,1,1,1,0,0,0,1,0,0,1,0,1,0,1,1,1,0,1,1,0,1,0,1,0,1,1,0,0,0,1,1,0,1,0,1,0,0.16666666666666666,14.892110441727066,1
87,0,1,1,0,0,0,1,0,0,1,0,1,0,1,1,1,0,1,1,0,0,0,0,0,1,1,0,1,0,1,1,0,1,0,1,0,0.1111111111111111,8.885456154317827,1
88,0,1,1,1,0,0,1,0,0,1,0,1,0,1,1,1,0,1,1,0,0,0,1,0,1,1,0,0,1,1,1,0,1,0,1,1,0.25,16.006642713341513,1
89,0,0,0,0,1,1,0,1,1,0,1,0,1,1,1,0,1,0,0,1,0,1,0,1,0,0,1,1,0,0,0,1,0,1,0,1,0.3888888888888889,17.547101301576273,1
90,1,1,0,1,1,0,1,0,0,1,0,1,0,1,1,1,0,1,1,0,1,0,1,0,1,1,0,0,1,1,1,0,1,0,1,0,0.2222222222222222,21.37394187232442,1
91,0,1,1,1,0,0,1,0,0,1,0,1,0,1,0,1,0,1,1,0,1,0,1,0,1,1,0,0,1,1,0,0,1,0,1,1,0.2777777777777778,16.331512917202296,1
92,1,1,1,1,0,0,1,0,0,1,0,1,0,1,1,1,1,0,1,0,1,0,1,0,1,1,0,0,0,1,1,0,1,0,1,1,0.3055555555555556,16.028539568898815,1
93,1,1,1,1,0,0,1,0,0,1,0,1,0,1,1,1,1,0,1,0,1,0,1,0,1,1,0,0,0,1,0,0,1,0,1,0,0.25,20.75623579645196,1
94,1,1,1,1,0,0,1,0,0,1,0,1,0,1,1,1,0,0,1,0,1,0,1,0,1,1,0,0,0,1,0,0,1,0,1,0,0.2222222222222222,17.640804840308626,1
95,0,0,0,0,0,1,0,1,1,0,1,0,1,1,0,0,1,1,0,1,0,1,0,1,0,0,1,1,0,0,0,1,1,1,0,1,0.25,16.98988791831093,1
96,0,0,0,0,1,1,0,1,1,0,1,0,1,1,0,0,1,0,0,1,1,1,0,1,1,0,1,1,0,0,1,1,0,1,0,1,0.3333333333333333,31.229028424419266,1
97,1,1,1,1,0,0,1,0,0,1,0,1,0,1,1,1,0,0,1,0,1,0,1,0,1,1,0,0,1,1,0,0,1,0,1,1,0.3333333333333333,15.707916658300226,1
98,1,0,0,0,1,1,0,1,1,0,1,0,1,1,1,0,1,0,0,1,0,1,0,1,0,0,1,1,0,0,1,1,0,1,0,1,0.3611111111111111,19.216304982633407,1
99,0,0,0,0,1,1,0,1,1,0,1,0,1,1,0,1,1,0,0,1,0,1,1,1,0,0,1,1,0,0,1,1,0,1,0,1,0.25,24.125689695634204,1
