,0,1,2,3,4,5,6,7,8,9,10,11,12,13,14,15,16,17,18,19,20,21,22,23,24,25,26,27,28,29,30,31,32,33,34,35,36,37,38,39,40,41,42,43,44,45,46,47,48,49,50,51,52,53,chain_break_fraction,energy,num_occurrences
0,1,0,1,1,1,0,1,0,0,1,0,1,0,0,0,1,0,0,0,0,0,1,0,0,1,0,0,1,0,0,1,1,0,0,1,0,1,1,1,0,0,1,1,0,0,0,1,1,0,0,1,1,1,0,0.35185185185185186,493.9767890215741,1
1,1,1,1,1,1,0,1,0,1,1,0,1,0,0,0,1,0,0,0,0,0,1,0,0,1,0,0,1,0,0,1,1,0,0,1,0,1,1,1,0,0,0,1,0,0,1,1,1,0,0,1,1,1,0,0.3148148148148148,290.86220641322166,1
2,0,1,0,0,0,1,0,1,0,0,1,1,0,1,1,0,1,1,1,1,1,0,1,1,0,1,1,0,1,1,0,0,1,1,0,1,0,1,0,1,1,0,0,1,1,0,0,0,1,1,0,0,0,1,0.3148148148148148,605.7999123716745,1
3,1,0,1,1,1,0,1,0,0,1,0,1,0,0,0,1,0,0,0,0,0,1,0,0,1,0,0,1,0,0,0,1,0,0,1,0,1,0,1,0,0,1,1,0,0,0,1,1,0,0,1,1,1,0,0.2777777777777778,374.25462467018593,1
4,0,0,0,0,0,1,0,1,0,0,1,1,1,1,1,0,1,1,1,1,1,0,1,1,0,1,1,0,1,1,0,0,1,1,0,1,0,1,0,1,1,0,0,1,1,0,0,0,1,1,0,0,0,1,0.3333333333333333,572.5042623936378,1
5,1,0,1,1,1,0,1,0,1,1,0,1,0,0,0,1,0,0,0,0,0,1,0,0,1,0,0,1,0,0,1,1,0,1,1,0,1,1,1,0,0,1,1,0,0,1,1,1,0,0,1,1,1,0,0.3333333333333333,464.80701895357004,1
6,1,0,1,1,1,0,1,0,1,1,0,1,0,0,0,1,1,0,0,0,0,1,0,0,1,0,0,1,0,0,1,1,0,0,1,0,1,0,1,0,0,1,1,0,0,1,1,1,0,0,1,1,1,0,0.2962962962962963,324.49167332439094,1
7,1,0,1,0,1,0,1,0,1,1,0,1,1,0,0,1,0,0,0,0,0,1,0,0,1,1,0,1,0,0,1,1,0,0,1,0,1,1,1,0,0,1,1,0,0,0,1,1,0,0,1,1,1,0,0.35185185185185186,356.46163578020327,1
8,1,0,1,0,1,0,1,0,1,1,0,1,0,0,0,1,0,0,0,0,0,1,0,0,1,0,0,1,0,0,0,1,0,0,0,0,1,0,1,0,0,1,1,0,0,0,1,1,0,0,1,1,1,0,0.35185185185185186,272.0394065791623,1
9,0,1,0,0,0,1,0,1,0,0,1,1,0,1,1,0,1,1,1,1,1,0,1,1,0,1,1,0,1,1,0,0,1,1,0,1,0,1,0,1,1,0,0,1,1,0,0,0,1,1,0,0,0,1,0.3888888888888889,605.7999123716745,1
10,1,0,1,1,1,0,1,0,1,1,0,1,0,0,0,1,0,0,0,0,0,1,0,0,1,0,0,1,0,0,1,1,0,0,1,0,1,1,1,0,0,0,1,0,0,0,1,1,0,0,1,1,1,0,0.35185185185185186,289.2268128776307,1
11,0,1,0,0,0,1,0,1,1,0,1,1,1,1,1,0,1,1,1,1,1,0,1,1,0,1,1,0,1,1,0,0,1,1,0,1,0,1,0,1,1,0,0,1,1,0,0,0,1,1,0,0,0,1,0.37037037037037035,824.0234203431291,1
12,1,1,1,1,1,0,1,0,1,1,0,1,0,0,0,1,0,0,0,0,0,1,0,0,1,0,0,1,0,0,1,1,0,0,0,0,1,0,1,0,0,1,1,0,0,0,1,1,0,0,1,1,1,0,0.3333333333333333,260.7968350618123,1
13,1,0,1,1,1,0,1,0,1,1,0,1,1,0,0,1,0,0,0,0,0,1,0,0,1,0,0,1,0,0,1,1,0,0,1,0,1,1,1,0,0,1,1,0,0,0,1,1,0,0,1,1,1,0,0.35185185185185186,370.59106612425205,1
14,0,1,0,0,0,1,0,1,0,0,1,1,1,1,1,0,1,1,1,1,1,0,1,1,0,1,1,0,1,1,0,0,1,1,0,1,0,1,0,1,1,0,0,1,1,1,0,0,1,1,0,0,0,1,0.42592592592592593,614.405400019406,1
15,1,1,1,1,1,0,1,0,1,1,0,1,0,0,0,1,0,0,0,0,0,1,0,0,1,0,0,1,0,0,1,1,0,0,1,0,1,1,1,0,0,0,1,0,0,0,1,1,0,0,1,1,1,0,0.35185185185185186,272.7543110171036,1
16,1,0,1,1,1,0,1,0,1,1,0,1,0,0,0,1,0,0,0,0,0,1,0,0,1,0,0,1,0,0,0,1,0,0,1,0,1,1,1,0,0,0,1,0,0,1,1,1,0,0,1,1,1,0,0.2962962962962963,290.3252416974608,1
17,1,0,1,1,1,0,1,0,1,1,0,1,0,0,0,1,0,0,0,0,0,1,0,0,1,0,0,1,0,0,1,1,0,0,1,0,1,1,1,0,0,1,1,0,0,0,1,1,0,0,1,1,1,0,0.3888888888888889,393.7525399881167,1
18,1,0,1,1,1,0,0,0,1,1,0,1,0,0,0,1,0,0,0,0,0,1,0,0,1,0,0,1,0,0,1,1,0,0,1,0,1,1,1,0,0,1,1,0,0,0,1,1,0,0,1,1,1,0,0.37037037037037035,418.8086022464809,1
19,1,0,1,1,1,0,1,0,1,1,0,1,0,0,0,1,0,0,0,0,0,1,0,0,1,0,0,1,0,0,1,1,0,0,1,0,1,1,1,0,0,1,1,0,0,0,1,1,0,0,1,1,1,0,0.3333333333333333,393.7525399881167,1
20,1,1,1,1,1,0,1,0,1,1,0,1,0,0,0,1,0,0,0,0,0,1,0,0,1,0,0,1,0,0,1,1,0,0,0,0,1,1,1,0,0,1,0,0,0,1,1,1,0,0,1,1,1,0,0.3333333333333333,305.4838876900352,1
21,1,0,1,0,0,0,1,0,1,1,0,1,0,0,0,1,0,0,0,0,0,1,0,0,1,0,0,1,0,0,1,1,0,0,1,0,1,0,1,0,0,1,1,0,0,1,1,1,0,0,1,1,0,0,0.35185185185185186,371.3618411590972,1
22,0,1,0,0,0,1,0,1,0,0,1,1,1,0,1,0,1,1,1,1,1,0,1,1,0,1,1,0,1,1,0,0,1,1,0,1,0,1,0,1,1,0,0,1,1,1,0,0,1,1,0,0,0,1,0.42592592592592593,548.7783013137758,1
23,1,0,1,1,1,0,1,0,1,1,0,1,0,0,0,1,0,0,0,0,0,1,0,0,1,0,0,1,0,0,1,1,0,0,1,0,1,1,1,0,0,1,1,0,0,0,1,1,0,0,1,1,0,0,0.3888888888888889,339.62976539935744,1
24,1,0,1,0,1,0,1,0,1,1,0,1,0,0,0,1,0,0,0,0,0,1,0,0,1,0,0,1,0,0,1,1,0,0,1,0,1,1,1,0,0,1,1,0,0,1,1,1,0,0,1,1,1,0,0.3333333333333333,456.44583745248036,1
25,1,0,1,1,1,0,1,0,1,1,0,1,0,0,0,1,0,0,0,0,0,1,0,0,1,0,0,1,0,0,1,1,0,0,1,0,1,1,1,0,0,1,1,0,0,1,1,1,0,0,1,1,1,0,0.35185185185185186,427.4761656939463,1
26,1,1,1,1,1,0,1,0,1,1,0,1,0,0,0,1,0,0,0,0,0,1,0,0,1,0,0,1,0,0,0,1,0,0,1,0,1,1,1,1,0,1,1,0,0,0,1,1,0,0,1,1,1,0,0.3333333333333333,354.25571742078097,1
27,1,0,1,1,1,0,1,0,1,1,0,1,0,0,0,1,0,0,0,1,0,1,0,0,1,0,0,1,0,0,0,1,0,0,1,0,1,1,1,0,0,1,1,0,0,1,1,1,0,0,1,1,1,0,0.3333333333333333,358.60617220226027,1
28,1,0,1,1,1,0,1,0,1,1,0,1,0,0,0,1,0,0,0,0,0,1,0,0,1,0,0,0,0,0,1,1,0,0,1,0,1,1,1,0,0,1,1,0,0,1,1,1,0,0,1,1,1,0,0.35185185185185186,395.19940818290064,1
29,1,0,1,0,1,0,1,0,1,1,0,1,0,1,0,0,0,0,0,0,0,1,0,0,1,0,0,1,0,0,1,1,0,0,0,0,1,1,1,0,0,1,1,0,0,0,1,1,0,0,1,1,1,0,0.3333333333333333,333.79617451622676,1
30,0,1,0,0,0,1,0,1,0,0,1,1,0,1,1,0,1,1,1,1,1,0,1,0,0,1,1,0,1,1,0,0,1,1,0,1,0,1,0,1,1,0,0,1,1,0,0,0,1,1,0,0,0,1,0.3888888888888889,501.0468251719157,1
31,1,0,1,0,1,0,1,0,1,1,0,1,0,1,0,1,0,0,0,0,0,1,0,0,1,0,0,0,0,0,1,1,0,0,1,0,1,1,1,0,0,1,1,0,0,1,1,1,0,0,1,1,1,0,0.37037037037037035,375.845052179408,1
32,1,0,1,0,1,0,1,0,1,1,0,1,0,0,0,1,0,0,0,0,0,1,0,0,1,1,0,1,0,0,1,1,0,0,1,0,1,1,1,0,0,1,1,0,0,0,1,1,0,0,1,1,1,0,0.3333333333333333,377.2926248933289,1
33,1,0,1,1,1,0,1,0,1,1,0,1,0,0,0,1,0,0,0,0,0,1,0,0,1,0,0,1,0,0,1,1,0,0,1,0,1,1,1,0,0,0,1,0,0,0,1,1,0,0,1,1,1,0,0.3148148148148148,289.2268128776307,1
34,1,0,1,0,1,0,1,0,1,1,0,1,0,0,0,1,0,0,0,0,0,1,0,0,1,0,0,1,0,0,1,1,0,0,0,0,0,1,1,0,0,1,1,0,0,1,1,1,0,0,1,1,1,0,0.4074074074074074,350.52259843171964,1
35,1,0,1,0,1,0,1,0,1,1,0,1,0,1,0,1,0,0,0,0,0,1,0,0,1,0,0,1,0,0,0,1,0,0,0,0,1,1,1,1,0,1,1,0,0,1,1,1,0,0,1,1,1,0,0.35185185185185186,338.4610736559405,1
36,0,1,0,0,0,1,0,1,0,0,1,1,1,0,1,0,1,0,1,1,1,0,1,1,0,1,1,0,1,1,0,0,1,1,0,1,0,1,0,1,1,0,0,1,1,1,0,0,1,1,0,0,0,1,0.37037037037037035,442.92333251170805,1
37,1,0,1,0,1,0,1,0,1,1,0,1,0,0,0,1,0,0,0,0,0,1,0,0,1,0,0,1,0,0,1,1,0,0,1,0,1,0,1,0,0,1,1,0,0,1,1,1,1,0,1,1,1,0,0.3888888888888889,415.80819601857365,1
38,0,1,0,0,0,1,0,1,0,0,1,1,0,1,1,0,1,1,1,1,1,0,1,1,0,1,1,0,1,1,0,0,1,1,0,1,0,0,0,1,1,0,0,1,1,0,0,0,1,1,0,0,0,1,0.35185185185185186,653.9977493681433,1
39,0,0,1,1,1,0,1,0,1,1,0,1,0,0,0,1,0,0,0,0,0,1,0,0,1,0,0,1,0,0,1,1,0,0,0,0,1,1,1,0,0,1,1,0,0,1,1,1,0,0,1,1,1,0,0.3333333333333333,380.5492204846979,1
40,1,1,1,1,1,0,1,0,1,1,0,1,0,0,0,1,0,0,0,0,0,1,0,0,1,1,0,1,0,0,1,1,0,1,1,0,1,1,1,0,0,0,1,0,0,0,1,1,0,0,1,1,1,1,0.25925925925925924,363.64548965085356,1
41,1,0,1,1,1,0,1,0,1,1,0,1,0,1,0,1,0,0,0,0,0,1,0,0,1,0,0,1,0,0,0,1,0,0,1,0,1,0,1,0,0,1,1,0,0,0,1,1,0,0,1,1,1,0,0.37037037037037035,279.42125900167196,1
42,0,1,0,0,0,1,0,1,0,0,1,1,1,0,1,0,1,1,1,1,1,0,1,1,0,1,1,0,1,1,0,0,1,1,0,1,0,0,0,1,1,0,0,1,1,1,0,0,1,1,0,0,0,1,0.42592592592592593,586.476167058353,1
43,1,1,1,1,1,0,1,0,0,1,0,1,0,0,0,1,0,1,0,0,0,1,0,0,1,1,0,1,0,0,1,1,0,0,1,0,1,1,1,0,0,1,1,0,0,1,1,1,0,0,1,0,1,0,0.2962962962962963,346.2120879479673,1
44,1,0,1,0,1,0,1,0,0,1,0,1,0,0,0,1,0,0,0,0,0,1,0,0,1,0,0,1,0,0,1,1,0,0,1,0,1,1,1,0,0,1,1,0,0,0,1,1,0,0,1,1,1,0,0.37037037037037035,530.2506453335011,1
45,0,1,0,0,0,1,0,1,1,0,1,1,1,1,1,0,1,1,1,1,1,0,1,1,0,1,1,0,1,1,0,0,1,1,0,1,0,1,0,1,1,0,0,1,1,0,0,0,1,1,0,0,0,1,0.3888888888888889,824.0234203431291,1
46,0,0,0,1,0,1,0,1,1,0,1,1,1,1,1,0,1,1,1,1,1,0,1,1,0,1,1,0,1,1,0,0,1,1,0,1,0,0,0,1,1,0,0,1,1,1,0,0,1,1,0,0,0,1,0.37037037037037035,805.8851117731231,1
47,0,1,0,1,0,1,0,1,0,0,1,1,0,0,1,0,0,1,1,1,1,0,1,1,0,1,1,0,1,1,0,0,1,1,0,1,0,1,0,1,1,0,0,1,0,0,0,0,1,1,0,0,0,1,0.37037037037037035,587.6758158938334,1
48,1,0,1,0,1,0,1,0,1,1,0,1,0,0,0,1,0,0,0,0,0,1,0,0,1,0,0,1,0,0,1,1,0,0,1,0,1,0,1,1,0,1,1,0,0,0,1,1,0,0,1,1,1,0,0.37037037037037035,376.2531608778628,1
49,1,0,1,1,1,0,1,0,1,1,0,1,1,0,0,1,0,0,0,0,0,1,0,0,1,0,0,1,0,0,1,1,0,1,1,0,1,1,1,0,0,1,1,0,0,1,1,1,0,0,1,0,1,0,0.3333333333333333,406.8771368403129,1
50,1,0,1,1,1,0,1,0,1,1,0,1,0,0,0,1,0,0,0,0,0,1,0,0,1,0,0,1,0,0,1,1,0,0,0,0,1,1,1,0,0,1,1,0,0,1,1,1,0,0,1,0,1,0,0.37037037037037035,334.31062479603247,1
51,1,0,1,0,1,0,1,0,0,1,0,1,0,0,0,1,0,0,0,0,0,1,0,0,1,1,0,1,0,0,1,1,0,0,1,0,1,1,1,0,0,1,1,0,0,0,1,1,0,0,1,1,0,0,0.3888888888888889,396.11519442177485,1
52,0,1,0,0,0,1,0,1,0,0,1,1,0,0,1,0,1,1,1,1,1,0,1,1,0,1,1,0,1,1,0,0,1,1,0,1,0,1,0,1,1,0,0,1,1,1,0,0,1,1,0,0,0,1,0.3888888888888889,521.9647519609612,1
53,1,0,1,1,1,0,1,0,1,1,0,1,0,0,0,1,0,0,1,0,0,1,0,0,1,1,0,1,0,0,1,1,0,0,1,0,1,1,1,0,0,1,0,0,0,1,1,1,1,0,1,1,1,0,0.2962962962962963,370.0086052667064,1
54,1,0,1,0,1,0,1,0,0,1,0,1,0,0,0,1,0,0,0,0,0,1,0,0,1,0,0,1,0,0,1,1,0,0,0,0,1,1,1,0,0,0,1,0,0,1,1,1,0,0,1,1,1,0,0.42592592592592593,332.64905520749915,1
55,1,1,1,1,1,0,1,0,1,1,0,1,0,0,0,1,0,0,0,0,0,1,0,0,1,0,0,1,0,0,1,1,0,0,1,0,1,0,1,0,0,1,1,0,0,0,1,1,0,0,1,1,1,0,0.37037037037037035,302.3513850698113,1
56,1,0,1,1,1,0,1,0,1,1,0,1,0,0,0,1,0,0,1,0,0,1,0,0,1,0,0,1,0,0,1,1,0,0,1,0,1,1,1,0,0,1,1,0,0,1,1,1,0,0,1,1,1,0,0.35185185185185186,403.66296755628395,1
57,1,0,1,1,1,0,1,0,1,1,1,1,0,1,0,1,0,0,0,0,0,1,0,0,1,0,0,1,0,0,1,1,0,0,1,0,1,0,1,0,0,1,1,0,0,0,1,1,0,0,1,1,1,0,0.4444444444444444,275.9497648709418,1
58,0,1,0,0,0,1,0,1,0,0,1,1,1,1,1,0,1,0,1,1,1,0,1,1,0,1,1,0,1,1,0,0,1,1,0,1,0,1,0,1,1,0,0,1,0,0,0,0,1,1,0,0,0,1,0.35185185185185186,579.8729451470907,1
59,1,0,1,1,1,0,1,0,1,1,0,1,0,0,0,1,0,0,0,0,0,1,0,0,1,1,0,1,0,0,1,1,0,0,1,0,1,1,1,0,0,1,1,0,0,0,1,1,0,0,1,0,1,0,0.3148148148148148,333.9890119589812,1
60,1,1,1,1,1,0,1,0,0,1,0,1,0,0,0,1,0,0,0,0,0,1,0,0,1,0,0,1,0,0,1,1,0,0,1,0,1,0,1,0,0,1,1,0,0,0,1,1,1,0,1,1,1,0,0.25925925925925924,397.09742441026856,1
61,1,1,1,1,1,0,1,0,1,1,0,1,0,0,0,0,0,0,0,0,0,1,0,0,1,0,0,1,0,0,1,1,0,0,1,0,1,0,1,0,0,1,0,0,0,0,1,1,0,0,1,1,1,0,0.35185185185185186,294.65787294350923,1
62,0,1,0,1,0,1,0,1,0,0,1,1,1,1,1,0,1,1,1,1,1,0,1,1,0,0,1,0,1,1,0,0,1,1,0,1,0,1,0,1,1,0,0,1,1,0,0,0,1,1,0,0,0,1,0.42592592592592593,599.6041246808047,1
63,1,0,1,1,1,0,1,0,1,1,0,1,0,0,0,1,0,0,0,0,0,1,0,0,1,0,0,1,0,0,1,1,1,0,1,0,1,1,1,0,0,1,1,0,0,0,1,1,0,0,1,1,1,0,0.35185185185185186,560.7038902957809,1
64,1,0,1,0,1,0,1,0,1,1,0,1,0,0,0,1,0,0,0,0,0,1,0,0,1,0,0,1,0,0,1,1,0,0,0,0,1,0,1,0,0,1,1,0,0,1,1,1,0,0,1,1,0,0,0.4444444444444444,275.2891547828554,1
65,1,0,1,1,1,0,1,0,1,1,0,1,0,0,0,1,0,0,0,0,0,1,0,0,1,0,0,1,0,0,1,1,0,0,1,0,1,1,1,0,0,0,0,0,0,1,1,1,0,0,1,1,1,0,0.3888888888888889,290.32524169746097,1
66,0,1,0,0,0,1,0,1,0,0,1,1,1,0,1,0,1,1,1,1,1,0,1,0,0,0,1,0,1,1,0,0,1,1,0,1,0,0,0,1,1,0,0,1,1,0,0,0,1,1,0,0,0,1,0.4074074074074074,443.069249966242,1
67,0,1,0,1,0,1,0,1,0,0,1,1,0,0,1,0,1,1,1,1,1,0,1,1,0,1,1,0,1,1,0,0,1,1,0,1,0,1,0,1,1,0,0,1,1,0,0,0,1,1,0,0,0,1,0.3888888888888889,570.0492908023862,1
68,0,1,0,0,0,1,0,1,0,0,1,1,1,1,1,0,1,1,1,1,1,0,1,0,0,1,1,0,1,1,1,0,1,0,0,1,0,0,0,1,1,0,0,1,1,0,0,0,1,1,0,0,0,1,0.3888888888888889,557.4395673225058,1
69,1,0,1,1,1,0,1,0,0,1,0,1,0,1,0,1,0,0,0,0,0,1,0,0,1,0,0,1,0,0,0,1,0,0,1,0,1,1,1,0,0,1,0,0,0,0,1,1,0,0,1,1,1,0,0.35185185185185186,366.8277124808081,1
70,1,0,1,0,1,1,1,0,1,1,0,1,0,0,0,1,0,0,0,0,0,1,0,0,1,0,0,1,0,0,1,1,0,0,0,0,1,1,1,0,0,0,0,0,0,1,1,1,0,0,1,1,1,0,0.37037037037037035,251.74289734984137,1
71,0,1,0,1,0,1,0,1,0,0,1,0,1,1,1,0,1,0,1,1,1,0,1,1,0,1,1,0,1,1,0,0,1,1,0,1,0,1,0,1,1,0,0,1,1,0,0,0,1,1,0,0,0,1,0.4074074074074074,436.16286685619156,1
72,1,1,1,0,1,0,1,0,1,1,0,1,0,0,0,1,0,1,0,0,0,1,0,0,1,0,0,1,0,0,0,1,0,0,1,0,1,1,1,0,0,1,1,0,0,0,1,1,0,0,1,0,1,0,0.24074074074074073,314.65985155734836,1
73,1,0,1,1,1,0,1,0,0,1,0,1,0,0,0,1,0,0,0,0,0,1,0,0,1,0,0,1,0,0,0,1,0,0,1,0,1,1,1,0,0,1,1,0,0,0,1,1,0,0,1,0,1,0,0.35185185185185186,419.81694792177683,1
74,0,0,0,0,0,1,0,1,0,0,1,1,0,0,1,0,1,1,1,1,1,0,1,1,0,1,1,0,1,1,0,0,1,1,0,1,0,1,0,1,1,0,0,1,1,1,0,0,1,1,0,0,0,1,0.4074074074074074,473.27865904915905,1
75,1,1,1,1,1,0,1,0,1,1,0,1,1,0,0,1,0,0,1,0,0,1,0,0,1,0,0,1,0,0,0,1,0,0,1,0,1,1,1,0,0,1,1,0,0,0,1,1,0,0,1,1,1,0,0.37037037037037035,305.76684433322146,1
76,1,0,1,1,1,0,1,0,1,1,0,1,0,0,0,1,0,0,0,0,0,1,0,0,1,0,0,1,0,0,1,1,0,1,1,0,1,1,1,0,0,0,0,0,0,1,1,1,0,0,1,0,1,0,0.3333333333333333,294.36967436888096,1
77,0,1,0,0,0,1,0,1,0,0,1,1,1,1,1,0,1,1,1,1,1,0,1,1,0,1,1,0,1,1,0,0,1,1,0,1,0,1,0,1,1,0,0,1,1,0,0,0,1,1,0,0,0,1,0.42592592592592593,641.1942868460915,1
78,0,0,0,0,1,1,0,1,1,0,1,1,1,1,1,0,1,1,0,1,1,0,1,1,0,1,1,0,1,1,0,0,1,1,0,1,0,1,0,1,1,0,0,1,1,1,0,0,1,1,0,0,0,1,0.37037037037037035,741.6448174855791,1
79,0,0,0,1,0,1,0,1,0,0,1,1,1,1,1,0,1,1,0,1,1,0,1,1,0,0,1,0,1,1,0,0,1,1,0,1,0,1,0,1,1,0,0,1,1,0,0,0,1,1,0,0,0,1,0.3333333333333333,506.3503688335541,1
80,1,1,1,1,1,0,1,0,1,1,0,1,0,0,0,0,0,0,0,0,0,1,0,0,1,0,0,1,0,0,0,1,0,0,1,0,1,1,1,0,0,1,1,0,0,1,1,1,0,0,1,1,1,0,0.3333333333333333,377.57577459190134,1
81,1,1,1,0,1,1,1,0,0,1,0,1,0,0,0,1,0,0,0,0,0,1,0,0,1,0,0,1,0,0,0,1,0,0,1,0,1,0,1,0,0,1,1,0,0,1,1,1,0,0,1,1,1,0,0.35185185185185186,320.6644411032026,1
82,0,0,0,0,0,1,0,1,0,0,1,1,1,1,1,0,1,1,1,1,1,0,1,1,0,1,1,0,1,1,0,0,1,1,0,1,0,1,0,1,1,1,0,1,1,0,0,0,1,1,0,0,0,1,0.3888888888888889,513.6706413798557,1
83,1,0,1,1,1,0,0,0,1,0,0,1,0,0,0,1,0,0,0,0,0,1,0,0,1,0,0,1,0,0,1,1,0,0,1,0,1,0,1,0,0,1,1,0,0,0,1,1,0,0,1,1,1,0,0.4074074074074074,373.71941732114,1
84,1,0,1,1,1,0,1,0,1,1,0,1,0,0,0,1,0,1,0,0,0,1,0,1,1,0,0,1,0,0,1,1,0,0,1,0,1,0,1,0,0,1,1,0,0,0,1,1,0,0,1,1,1,0,0.2962962962962963,290.5232085318531,1
85,0,1,0,0,0,1,0,1,0,0,1,1,1,0,1,0,1,1,1,1,1,0,1,1,0,1,1,0,1,1,1,0,1,1,0,1,0,1,0,1,1,0,0,1,1,0,0,0,1,1,0,0,0,1,0.2962962962962963,549.2682942958792,1
86,1,1,1,1,1,0,1,0,1,1,0,1,0,1,0,1,0,0,0,0,0,1,0,0,1,0,0,1,0,0,1,1,0,0,1,0,1,1,1,0,0,1,1,0,0,0,1,1,0,0,1,1,1,0,0.3888888888888889,326.95449387595363,1
87,1,1,1,0,1,0,0,0,1,1,0,1,0,0,0,1,0,1,0,0,0,1,0,0,1,0,0,1,0,0,1,1,0,0,0,0,1,1,1,0,0,1,1,0,0,1,1,1,0,0,1,1,1,0,0.4444444444444444,328.57353690898117,1
88,1,0,1,1,1,0,1,0,1,1,0,1,0,0,0,1,1,0,0,0,0,1,0,0,1,0,0,1,0,0,0,1,0,0,1,0,1,1,1,1,0,1,0,0,0,0,1,1,0,0,1,1,1,0,0.3148148148148148,329.1089568699191,1
89,0,0,0,0,0,1,0,1,0,0,1,1,1,1,1,0,1,0,1,1,1,0,1,1,0,1,1,0,1,1,1,0,1,1,0,1,0,1,0,1,1,0,0,1,1,0,0,0,1,1,0,0,0,1,0.3888888888888889,450.03516895032766,1
90,1,0,1,1,1,0,1,0,0,1,0,1,0,0,0,1,0,0,0,0,0,1,0,0,1,0,0,1,0,0,0,1,0,0,0,0,1,1,1,1,0,1,1,0,0,1,1,1,1,0,1,1,1,0,0.4074074074074074,488.82280538113747,1
91,0,1,0,1,0,1,0,1,1,0,1,1,0,1,1,0,1,1,1,1,1,0,1,1,0,1,1,0,1,1,0,0,1,1,0,1,0,1,0,1,1,0,0,1,1,0,0,0,1,1,0,0,0,1,0.42592592592592593,822.9989402958174,1
92,1,0,1,1,1,0,1,0,1,1,0,1,0,0,0,1,0,0,0,0,0,1,0,0,0,1,0,1,0,0,0,1,0,0,1,0,1,1,1,0,0,1,1,0,1,1,1,1,0,0,1,1,1,0,0.37037037037037035,531.2204605333878,1
93,0,1,0,0,0,1,0,1,0,0,1,1,1,1,1,0,1,1,1,1,1,0,0,1,0,0,1,0,1,1,0,0,1,1,0,1,0,0,0,1,1,1,0,1,1,0,0,0,1,1,0,0,0,1,0.3333333333333333,494.0054308012888,1
94,1,1,1,0,1,1,1,0,0,1,0,1,0,0,0,1,0,0,1,0,0,1,0,0,1,0,0,1,0,0,0,1,0,0,1,0,1,0,1,0,0,1,1,0,0,1,1,1,0,0,1,1,1,0,0.35185185185185186,305.9514674459172,1
95,0,1,0,1,0,1,0,1,0,0,1,1,1,0,1,0,1,1,1,1,1,0,1,1,0,0,1,0,1,1,0,0,1,1,0,1,0,1,0,0,1,0,0,1,0,0,0,0,1,1,0,0,0,1,0.37037037037037035,653.2725314678624,1
96,0,1,0,0,0,1,0,1,0,0,1,1,0,0,1,0,1,0,1,1,1,0,1,1,0,1,1,0,1,1,0,0,1,1,0,1,0,1,0,1,1,0,0,1,1,0,0,0,1,1,0,0,0,1,0.4444444444444444,435.1401945009745,1
97,0,0,0,0,0,1,0,1,0,0,1,1,1,0,1,0,1,1,1,1,1,0,1,1,0,1,1,0,1,1,0,0,1,1,0,1,0,1,0,1,1,0,0,1,1,0,0,0,1,1,0,0,0,1,0.35185185185185186,511.71551641581635,1
98,1,1,1,1,0,0,1,0,0,1,1,1,0,0,0,1,0,0,0,0,0,1,0,0,1,0,0,1,0,0,1,1,0,0,1,0,1,0,1,0,0,1,1,0,0,0,1,1,1,0,1,1,1,0,0.35185185185185186,393.69731872384745,1
99,1,0,1,0,1,0,1,0,1,1,0,1,0,0,0,1,0,0,0,0,0,1,0,0,0,0,0,1,0,0,1,1,0,0,0,0,1,0,1,0,0,0,1,0,0,0,1,0,0,0,1,1,0,0,0.35185185185185186,169.93077140378293,1
