,0,1,2,3,4,5,6,7,8,9,10,11,12,13,14,15,16,17,18,19,20,21,22,23,24,25,26,27,28,29,30,31,32,33,34,35,chain_break_fraction,energy,num_occurrences
0,0,1,1,0,0,1,1,0,0,1,0,1,1,0,1,0,1,1,0,0,0,1,1,0,0,1,0,1,0,0,1,0,0,1,1,1,0.2222222222222222,28.72093896757473,2
1,0,1,1,0,0,1,1,0,0,0,0,1,1,0,1,0,1,1,0,0,0,1,1,0,0,1,0,1,0,0,1,0,0,1,1,1,0.19444444444444445,26.507802659522564,3
2,0,1,1,0,0,1,1,0,0,0,0,1,1,0,1,0,1,1,0,0,0,1,1,0,0,1,0,1,0,0,1,0,0,1,1,1,0.2222222222222222,26.507802659522564,2
3,0,1,1,0,0,1,1,0,1,0,0,1,1,0,1,0,1,1,0,0,0,1,1,0,0,1,0,1,0,0,1,0,0,1,1,1,0.2222222222222222,26.614370813548664,1
4,0,1,1,0,0,1,1,0,0,0,0,1,1,0,1,0,1,1,0,0,0,1,1,0,0,1,0,1,0,0,1,0,0,1,1,1,0.2222222222222222,26.507802659522564,3
5,0,1,1,0,0,1,1,0,1,0,0,1,1,0,1,0,1,1,0,0,0,1,1,0,0,1,0,1,0,0,1,0,0,1,1,1,0.19444444444444445,26.614370813548664,1
6,0,1,1,0,0,1,1,0,0,1,0,1,1,0,0,0,1,1,0,0,0,1,1,0,0,1,0,1,0,0,1,0,0,1,1,1,0.2222222222222222,27.88084609784306,1
7,0,1,1,0,0,1,1,0,1,0,0,1,1,0,1,0,1,1,0,0,0,1,1,0,0,1,0,1,0,0,1,0,0,1,1,1,0.25,26.614370813548664,2
8,0,1,1,0,0,1,1,0,0,0,0,1,1,0,1,0,1,1,0,0,0,1,1,0,0,1,0,1,0,0,1,0,0,1,1,1,0.2222222222222222,26.507802659522564,1
9,0,1,1,0,0,1,1,0,0,1,0,1,1,0,1,0,1,1,0,0,0,1,1,0,0,1,0,1,0,0,1,0,0,1,1,1,0.25,28.72093896757473,1
10,0,1,1,0,0,1,1,0,0,1,0,1,1,0,1,0,1,1,0,0,0,1,1,0,0,1,0,1,0,0,1,0,0,0,1,1,0.25,25.155226392530704,1
11,0,1,1,0,0,1,1,0,0,0,0,1,1,0,1,0,1,1,0,0,0,1,1,0,0,1,0,1,0,0,1,0,0,1,1,1,0.25,26.507802659522564,2
12,0,1,1,0,0,1,1,0,1,0,0,0,1,0,1,0,1,1,0,0,0,1,1,0,0,1,0,1,0,0,1,0,0,1,1,1,0.16666666666666666,22.916612417869334,1
13,0,1,1,0,0,1,1,0,1,0,0,1,1,0,1,0,1,1,0,0,0,1,1,0,0,1,0,1,0,0,1,0,0,1,1,1,0.2222222222222222,26.614370813548664,1
14,0,1,1,0,0,1,1,0,0,0,0,1,1,0,0,0,1,1,0,0,0,1,1,0,0,1,0,1,0,0,1,0,0,1,1,1,0.2222222222222222,26.667709796109484,1
15,0,1,1,0,0,1,1,0,0,1,0,1,1,0,1,0,1,1,0,0,0,1,1,0,0,1,0,1,0,0,1,0,0,1,1,1,0.2777777777777778,28.72093896757473,1
16,0,1,1,0,0,1,1,0,0,1,0,1,1,0,1,0,1,1,0,0,0,1,1,0,0,1,0,1,0,0,1,0,0,1,1,1,0.2777777777777778,28.72093896757473,1
17,0,1,1,0,0,1,1,0,0,0,0,1,1,0,1,0,1,1,0,0,0,1,1,0,0,1,0,1,0,0,1,0,0,1,1,1,0.25,26.507802659522564,1
18,0,1,1,0,0,1,1,0,0,0,0,1,1,0,1,0,1,1,0,0,0,1,1,0,0,1,0,1,0,0,1,0,0,1,1,1,0.25,26.507802659522564,1
19,0,1,1,0,0,1,1,0,0,1,0,1,1,0,1,0,1,1,0,0,0,1,1,0,0,1,0,1,0,0,1,0,0,1,1,1,0.2777777777777778,28.72093896757473,1
20,0,1,0,0,0,1,1,0,0,1,0,1,1,0,1,0,1,1,0,0,0,1,1,0,0,1,0,1,0,0,1,0,0,1,1,1,0.25,28.854309030014306,1
21,0,1,1,0,0,1,1,0,1,1,0,1,0,0,1,0,1,1,0,0,0,1,1,0,0,1,0,1,0,0,1,0,0,1,1,1,0.2222222222222222,28.507086126496514,1
22,0,1,1,0,0,1,1,0,0,1,0,1,1,0,0,0,1,1,0,0,0,0,1,0,0,1,0,1,0,0,1,0,0,1,1,1,0.25,23.68216420050339,1
23,0,1,1,0,0,1,1,0,0,0,0,1,1,0,1,0,1,1,0,0,0,1,1,0,0,1,0,1,0,0,1,0,0,1,1,1,0.25,26.507802659522564,1
24,0,1,1,0,0,1,1,1,0,1,0,1,1,0,0,0,1,1,0,0,0,1,1,0,0,1,0,1,0,0,1,0,0,1,1,1,0.25,31.00110754093185,1
25,0,1,1,0,0,1,1,0,0,1,0,1,1,0,1,0,1,1,0,0,0,1,1,0,0,1,0,1,0,0,1,0,0,1,1,1,0.2777777777777778,28.72093896757473,1
26,0,1,1,0,0,1,1,0,0,1,0,1,1,0,1,0,1,1,0,0,0,1,1,0,1,1,0,1,0,0,1,0,0,1,1,1,0.2777777777777778,29.667071284238645,1
27,0,1,0,0,0,1,1,0,0,1,0,1,1,0,1,0,1,1,0,0,0,1,1,0,0,1,0,1,0,0,1,0,0,1,1,1,0.25,28.854309030014306,1
28,0,1,1,0,0,1,1,0,0,0,0,1,1,0,0,0,1,1,0,0,0,1,1,0,0,1,0,1,0,0,1,0,0,0,1,1,0.2222222222222222,20.094240554221635,1
29,0,1,1,0,0,1,1,0,0,1,0,1,0,0,1,0,1,1,0,0,0,1,1,0,0,1,0,1,0,0,1,0,0,1,1,1,0.25,26.90051871663187,1
30,0,1,0,0,0,1,1,1,0,1,0,1,1,0,1,0,1,1,0,0,0,1,1,0,0,1,0,1,0,0,1,0,0,1,1,1,0.2222222222222222,31.974535539384878,1
31,0,1,1,0,0,1,1,0,0,1,0,1,1,0,1,0,1,1,0,0,0,1,1,0,0,1,0,0,0,0,1,0,0,0,1,1,0.2222222222222222,25.38578549607318,1
32,0,1,1,0,0,1,1,0,1,0,0,1,1,0,1,0,1,1,0,0,0,1,1,0,0,1,0,1,0,0,1,0,0,1,1,1,0.2222222222222222,26.614370813548664,1
33,0,1,1,0,0,1,1,0,0,1,0,1,1,0,1,0,1,1,0,0,0,1,1,0,0,1,0,1,0,0,1,0,0,1,1,1,0.2222222222222222,28.72093896757473,1
34,0,1,1,0,0,1,1,0,0,0,0,1,1,0,1,0,1,1,0,0,1,1,1,0,0,1,0,1,0,0,1,0,0,1,1,1,0.25,30.107206344245903,1
35,0,1,1,0,0,1,1,0,0,1,0,1,1,0,0,0,1,1,0,0,0,1,1,0,0,1,0,1,0,0,1,0,0,1,1,1,0.2777777777777778,27.88084609784306,1
36,0,1,1,0,0,1,1,0,1,1,0,1,1,0,1,0,1,1,0,0,0,1,1,0,0,1,0,1,0,0,1,0,0,1,1,1,0.2777777777777778,30.82750712160085,1
37,0,1,1,0,0,1,1,0,0,1,0,1,1,0,0,0,1,1,0,0,0,0,1,0,0,1,0,1,0,0,1,0,0,1,1,1,0.2222222222222222,23.68216420050339,1
38,0,0,1,0,0,1,1,0,0,1,0,1,1,0,1,0,1,1,0,0,0,1,1,0,0,1,0,1,0,0,1,0,0,1,1,1,0.2222222222222222,24.02318056323086,1
39,0,1,0,0,0,1,1,0,0,1,0,0,0,0,1,0,1,1,0,0,0,1,1,0,0,1,0,1,0,0,1,0,0,1,1,1,0.19444444444444445,25.392213396752012,1
40,0,1,1,0,0,1,1,0,1,0,0,1,1,0,1,0,1,1,0,0,1,1,1,0,0,1,0,1,0,0,1,0,0,1,1,1,0.2777777777777778,29.71374255223506,1
41,0,1,1,0,0,1,1,0,0,1,0,0,1,0,1,0,1,1,0,0,0,1,1,0,0,1,0,1,0,0,1,1,0,1,1,1,0.16666666666666666,31.740639896695185,1
42,0,1,1,0,0,1,1,0,0,0,0,1,1,0,1,0,1,1,0,0,0,1,1,0,0,1,0,1,0,0,1,0,0,1,1,1,0.25,26.507802659522564,1
43,0,1,0,0,0,1,0,0,0,1,0,1,1,0,1,0,1,1,0,0,0,1,1,0,0,1,0,0,0,0,1,0,0,1,1,1,0.19444444444444445,23.36016612071304,1
44,0,1,0,0,0,1,1,0,0,1,0,1,1,0,1,0,1,1,0,0,0,1,1,0,0,1,0,1,0,0,1,0,0,1,1,1,0.25,28.854309030014306,1
45,0,1,1,0,0,1,1,0,0,1,0,1,1,0,1,0,1,1,0,0,1,1,1,0,0,1,0,1,0,0,1,0,0,1,1,1,0.2777777777777778,31.32027876022421,1
46,0,1,0,0,0,1,1,0,0,1,0,1,1,0,1,0,1,1,0,0,0,1,1,1,0,1,0,1,0,0,1,0,0,1,1,1,0.2777777777777778,35.935827282868715,1
47,0,1,1,0,0,1,1,0,1,0,0,0,1,0,1,0,1,1,0,0,0,1,1,0,0,1,0,1,0,0,1,0,0,1,1,1,0.19444444444444445,22.916612417869334,1
48,0,1,1,0,0,1,1,0,0,1,0,1,1,0,1,0,1,1,0,0,1,1,1,0,0,1,0,1,0,0,1,1,0,1,1,1,0.2222222222222222,38.79982374797561,1
49,0,1,1,0,0,1,1,1,0,1,0,0,1,0,0,0,1,1,0,0,0,1,1,0,0,1,0,1,0,0,1,0,0,0,1,1,0.19444444444444445,20.510952920956278,1
50,0,1,1,0,0,1,1,0,0,1,0,1,1,0,1,0,1,1,0,0,0,1,1,0,0,1,0,1,0,0,1,0,0,1,1,1,0.3333333333333333,28.72093896757473,1
51,0,1,0,0,0,1,1,0,0,1,0,1,1,0,0,0,1,1,0,0,0,1,1,0,0,1,0,1,0,0,1,0,0,1,1,1,0.19444444444444445,28.514216308557945,1
52,0,1,1,0,0,1,1,0,0,0,0,1,1,0,1,0,1,1,0,0,1,1,1,0,0,1,0,1,0,0,1,0,0,1,1,1,0.2777777777777778,30.107206344245903,1
53,0,1,1,0,0,1,1,0,1,0,0,1,1,0,1,0,1,1,0,0,0,1,1,0,0,1,0,1,0,0,1,0,0,1,1,1,0.2777777777777778,26.614370813548664,1
54,0,1,1,0,0,1,1,0,0,0,0,1,1,0,1,0,1,1,0,0,0,1,1,1,0,1,0,1,0,0,1,0,0,1,1,1,0.25,34.336640690728316,1
55,0,1,1,0,0,1,1,0,0,0,0,1,1,0,1,0,1,1,0,0,0,1,0,0,0,1,0,1,0,0,1,0,0,1,1,1,0.2777777777777778,24.5933836439197,1
56,0,1,1,0,0,1,1,1,0,0,0,1,1,0,1,0,1,1,0,0,0,1,1,0,0,1,0,1,0,0,1,0,0,1,1,1,0.2777777777777778,28.62806409322919,1
57,0,1,1,0,0,1,1,0,0,0,0,1,1,0,1,0,1,1,0,0,0,1,1,0,0,1,0,1,0,0,1,0,0,1,1,1,0.2777777777777778,26.507802659522564,1
58,0,0,1,0,0,1,1,0,1,1,0,1,1,0,0,0,1,1,0,0,0,1,1,0,0,1,0,1,0,0,1,0,0,0,1,1,0.19444444444444445,19.227511930199448,1
59,0,1,0,0,0,1,1,0,1,1,0,1,1,0,1,0,1,1,0,0,0,1,1,0,0,1,0,1,0,0,1,0,0,1,1,1,0.2777777777777778,30.338754007866804,1
60,0,1,1,0,0,1,1,0,0,1,0,1,1,0,1,0,1,1,0,1,1,1,1,0,0,1,0,1,0,0,1,0,0,1,1,1,0.2777777777777778,40.51895834552315,1
61,0,1,0,0,0,1,1,0,0,1,0,1,1,0,1,0,1,0,0,0,0,1,1,0,0,1,0,1,0,0,1,0,0,1,1,1,0.25,26.649018723063826,1
62,0,1,0,0,0,1,1,0,0,0,0,1,1,0,1,0,1,1,0,0,0,1,1,0,0,1,0,1,0,0,1,0,0,0,1,1,0.25,21.123248031034333,1
63,0,1,1,0,0,1,1,0,0,0,0,1,1,0,1,0,1,1,0,0,0,1,1,0,0,1,0,1,0,0,1,0,0,1,1,1,0.2777777777777778,26.507802659522564,1
64,0,1,0,0,0,1,1,0,1,0,0,1,1,0,1,0,1,1,0,0,0,1,1,0,0,1,0,1,0,0,1,0,0,1,1,1,0.25,27.369864052161788,1
65,0,1,0,0,0,1,1,0,0,0,1,0,1,0,1,0,1,1,0,0,0,1,1,0,0,1,0,1,0,0,1,0,0,1,1,1,0.19444444444444445,26.03654977415405,1
66,0,1,1,0,0,1,1,0,0,0,0,1,1,0,1,0,1,1,0,0,1,1,1,0,0,1,0,1,0,0,1,0,0,1,1,1,0.2777777777777778,30.107206344245903,1
67,0,1,0,0,0,1,1,0,0,0,0,1,1,0,1,0,1,1,0,1,0,1,1,0,0,1,0,1,0,0,1,0,0,1,1,1,0.25,38.1086651495706,1
68,0,1,1,0,0,1,1,0,1,1,0,1,1,0,1,0,1,1,0,0,0,1,1,0,0,1,0,1,0,0,1,0,0,1,1,1,0.25,30.82750712160085,1
69,0,1,0,0,0,1,1,1,0,1,0,1,1,0,1,0,1,1,0,0,0,1,1,0,0,1,0,1,0,0,1,0,0,1,1,1,0.3055555555555556,31.974535539384878,1
70,0,1,0,0,0,1,1,0,0,1,0,1,1,0,0,0,1,1,0,0,0,1,1,0,0,1,0,1,0,0,1,0,0,1,1,1,0.2777777777777778,28.514216308557945,1
71,0,1,1,0,0,1,1,0,0,0,0,0,1,0,1,0,1,1,0,0,0,1,1,1,0,1,0,1,0,0,1,0,0,1,1,1,0.19444444444444445,33.64761609158745,1
72,0,1,1,0,0,1,1,0,0,0,0,1,1,0,1,0,1,1,0,0,0,1,1,0,0,1,0,1,0,0,1,0,0,1,0,1,0.2777777777777778,23.450325035761896,1
73,0,1,0,0,0,1,1,1,0,0,0,0,1,0,1,0,1,1,0,0,0,1,1,1,0,1,0,1,0,0,1,0,0,1,1,1,0.19444444444444445,34.145228455753,1
74,0,1,1,0,0,1,1,0,0,0,0,1,0,0,1,0,1,1,0,0,0,1,1,0,0,1,0,1,0,0,1,0,0,0,1,1,0.19444444444444445,19.113759022638902,1
75,0,1,1,0,0,1,1,0,1,0,0,1,1,0,1,0,1,1,0,0,0,1,1,0,0,1,0,1,0,1,1,0,0,1,1,0,0.2777777777777778,25.31973434472867,1
76,0,1,1,0,1,1,1,0,0,0,0,1,1,0,1,0,1,0,0,0,0,0,1,0,0,1,0,1,0,0,1,0,0,1,1,1,0.25,18.344823028597744,1
77,0,1,1,0,0,1,1,0,0,1,0,1,0,0,1,0,1,1,0,0,0,1,1,0,0,1,0,1,0,0,1,0,0,1,1,1,0.2777777777777778,26.90051871663187,1
78,0,1,1,0,0,1,1,1,0,1,0,1,1,0,0,0,1,1,0,0,0,1,1,0,1,1,0,1,0,0,1,0,0,0,1,1,0.3055555555555556,27.316516545360603,1
79,0,0,0,0,0,1,1,0,1,0,0,1,1,0,1,0,1,1,0,0,0,1,1,0,0,1,0,1,0,1,1,0,0,1,1,0,0.1388888888888889,23.17564938147371,1
80,0,1,1,0,0,1,1,1,0,1,0,1,1,0,1,0,1,1,0,0,1,1,1,0,0,1,0,1,0,0,1,0,0,1,1,1,0.3611111111111111,34.327807194004215,1
81,0,1,0,0,0,1,1,0,1,0,0,1,1,0,1,0,1,1,0,0,0,1,1,0,0,1,0,1,0,0,1,0,0,1,1,1,0.25,27.369864052161788,1
82,0,1,1,0,0,1,1,0,0,0,0,1,1,0,0,0,1,1,0,0,0,1,1,0,0,1,0,1,0,0,1,0,0,1,1,1,0.2777777777777778,26.667709796109484,1
83,0,1,0,0,1,1,1,0,1,0,0,0,1,0,1,0,1,1,0,0,0,1,1,1,0,1,0,1,0,1,1,0,0,1,1,1,0.19444444444444445,43.49336692918322,1
84,0,1,1,0,0,1,1,1,0,0,1,1,0,0,1,0,1,1,0,0,1,1,1,0,0,1,0,1,0,0,1,0,0,1,1,1,0.25,31.954953412900895,1
85,1,0,1,0,1,0,0,1,0,0,1,0,0,0,0,1,0,0,0,0,0,0,0,1,1,0,1,0,0,1,0,0,1,0,0,1,0.16666666666666666,10.333022309823068,1
86,1,0,0,0,1,0,0,0,0,0,1,0,0,1,0,1,0,1,1,0,0,0,0,1,1,0,1,0,1,1,0,0,1,0,0,1,0.19444444444444445,19.195178487141646,1
87,1,0,0,0,1,0,0,1,1,0,1,0,0,0,0,1,0,0,1,0,0,1,0,1,0,0,1,0,1,1,0,1,1,0,0,0,0.19444444444444445,21.690896113728332,1
88,1,0,0,0,1,0,0,1,0,0,0,0,0,0,0,1,0,0,1,0,0,0,0,1,1,0,0,0,0,1,0,1,0,0,0,0,0.1388888888888889,7.713722400048323,1
89,1,0,0,0,1,0,0,1,0,0,1,0,0,0,0,1,0,1,1,1,1,0,0,1,1,0,1,0,1,1,0,0,1,0,0,1,0.2777777777777778,31.838040380879576,1
90,1,0,0,1,1,0,0,1,1,0,0,0,0,0,0,1,0,1,1,1,0,1,0,1,1,0,1,0,1,1,0,1,1,0,0,0,0.1388888888888889,32.371805099023696,1
91,1,0,0,1,1,0,0,1,0,0,1,0,0,0,1,0,0,0,1,0,0,0,0,1,1,1,0,0,1,1,0,1,1,0,0,0,0.16666666666666666,16.390721869300066,1
