,0,1,2,3,4,5,6,7,8,9,10,11,12,13,14,15,16,17,18,19,20,21,22,23,24,25,26,27,28,29,30,31,32,33,34,35,36,37,38,39,40,41,42,43,44,45,46,47,48,49,50,51,52,53,chain_break_fraction,energy,num_occurrences
0,1,1,0,0,1,1,1,1,0,1,1,1,0,1,0,0,1,1,1,0,1,0,1,0,0,1,0,0,1,1,0,1,0,1,0,0,1,1,1,0,1,1,0,1,0,0,0,0,0,0,1,0,1,0,0.3888888888888889,487.54672694693625,1
1,1,1,0,0,1,1,1,1,0,0,1,1,0,1,0,0,1,1,1,0,1,0,1,0,0,1,0,0,0,1,0,1,0,0,0,0,1,1,1,0,1,1,0,1,0,0,0,0,0,0,1,0,1,0,0.37037037037037035,492.75243687504,1
2,1,1,0,0,1,1,1,1,0,1,1,1,0,1,0,0,1,1,1,0,1,0,1,0,0,1,0,0,0,1,0,1,0,0,0,0,1,1,1,0,1,1,1,1,0,0,0,0,0,1,1,0,1,0,0.37037037037037035,495.05897292590254,1
3,1,1,0,0,1,1,1,1,0,1,1,1,0,1,0,0,1,1,1,0,1,0,1,0,0,1,0,0,1,1,0,1,0,1,0,0,1,1,1,0,1,1,0,1,0,0,0,0,0,0,1,1,1,0,0.35185185185185186,484.26093493296355,1
4,1,1,0,0,1,1,1,1,0,1,1,1,0,1,0,0,1,1,1,0,1,0,1,0,0,1,0,0,1,1,0,1,0,1,0,0,1,1,1,0,1,1,0,1,0,0,0,0,0,1,1,0,1,0,0.35185185185185186,485.62447858726824,1
5,1,1,0,0,1,1,1,1,0,1,1,1,0,1,0,0,1,1,1,0,1,0,1,0,0,1,0,0,0,1,0,1,0,0,0,0,0,1,1,0,1,1,0,1,0,0,0,0,0,0,1,0,1,0,0.35185185185185186,534.8686203261095,1
6,1,1,0,0,1,1,1,1,0,1,1,1,0,1,0,0,1,1,1,0,1,0,1,0,0,1,0,0,1,1,0,1,0,0,0,0,1,1,1,0,1,1,0,1,0,0,0,0,0,1,1,0,1,0,0.3333333333333333,490.9325237285042,1
7,1,1,0,0,1,1,1,1,0,1,1,1,0,1,0,0,1,1,1,0,1,0,1,0,0,1,0,0,0,1,0,1,0,0,0,0,1,1,1,0,1,1,1,1,0,0,0,0,0,0,1,0,1,0,0.37037037037037035,507.55726127174376,1
8,1,1,0,0,1,1,1,1,0,1,1,1,0,1,0,0,1,1,1,0,1,0,1,0,0,1,0,0,1,1,0,1,0,0,0,0,1,1,1,0,1,1,0,1,0,0,0,0,0,1,1,0,1,0,0.3333333333333333,490.9325237285042,1
9,1,1,0,0,1,1,1,1,0,1,1,1,0,1,0,0,1,1,1,0,1,0,1,0,0,1,0,0,1,1,0,1,0,0,0,0,1,1,1,0,1,1,0,1,0,0,0,0,0,1,1,0,1,0,0.3333333333333333,490.9325237285042,1
10,1,1,0,0,1,1,1,1,0,0,1,1,0,1,0,0,1,1,1,0,1,0,1,0,0,1,0,0,0,1,0,1,0,1,0,0,0,1,1,0,1,1,0,1,0,0,0,0,0,0,1,0,1,0,0.37037037037037035,487.70983949156715,1
11,1,1,0,0,1,1,1,1,0,1,1,1,0,1,0,0,1,1,1,0,1,0,1,0,0,1,0,0,0,1,0,1,0,0,0,0,1,1,1,0,1,1,0,1,0,0,0,1,0,1,1,0,1,0,0.35185185185185186,502.0434550078902,1
12,1,1,0,0,1,1,1,1,0,1,1,1,0,1,0,0,1,1,1,0,1,0,1,0,0,1,0,0,0,1,0,1,0,0,0,0,1,1,1,0,1,1,0,1,0,0,0,0,0,1,1,0,1,0,0.3333333333333333,502.4427159569824,1
13,1,1,0,0,1,1,1,1,0,0,1,1,0,1,0,0,1,1,0,0,1,0,1,0,0,1,0,0,0,1,0,1,0,0,0,0,1,1,1,0,1,1,0,1,0,0,0,0,0,0,1,0,1,0,0.35185185185185186,467.75896225941784,1
14,1,1,0,0,1,1,1,1,0,1,1,1,0,1,0,0,1,1,1,0,1,0,1,0,0,1,0,0,1,1,0,1,0,0,0,0,1,1,1,0,1,1,0,1,0,0,0,0,0,1,1,0,1,0,0.37037037037037035,490.9325237285042,1
15,1,1,0,0,1,1,1,1,0,1,1,1,0,1,0,0,0,1,0,0,1,0,1,0,0,1,0,0,1,1,0,1,0,1,0,0,1,1,1,0,1,1,0,1,0,0,0,0,0,0,1,0,1,0,0.3148148148148148,433.54950822611715,1
16,1,1,0,0,1,1,1,1,0,1,1,1,0,1,0,0,1,1,1,0,1,0,1,0,0,1,0,0,0,1,0,1,0,1,0,0,1,1,1,0,1,1,1,1,0,0,0,0,0,0,1,0,1,0,0.3148148148148148,493.74192145456,1
17,1,1,0,0,1,1,1,1,0,1,1,1,0,1,0,0,1,1,1,0,1,0,1,0,0,1,0,0,0,1,0,1,0,0,0,0,1,1,1,1,1,1,0,1,0,0,0,0,0,1,1,0,1,0,0.37037037037037035,497.12876797820314,1
18,1,1,0,0,1,1,1,1,0,0,1,1,0,1,0,0,1,1,0,0,1,0,1,0,0,1,0,0,1,1,0,1,0,0,0,0,0,1,1,0,1,1,0,1,0,0,0,0,0,0,1,0,1,0,0.3148148148148148,459.00698735995627,1
19,1,1,0,0,1,1,1,1,0,1,1,1,0,1,0,0,1,1,1,0,1,0,1,0,0,1,0,0,1,1,0,1,0,1,0,0,1,1,1,0,1,1,1,1,0,0,0,0,0,0,1,0,1,0,0.3148148148148148,482.82863600011257,1
20,1,1,0,1,1,1,1,1,0,1,1,1,0,1,0,0,1,1,1,0,1,0,1,0,0,1,0,0,1,1,0,1,0,1,0,0,1,1,1,1,1,1,0,1,0,0,0,0,0,1,1,0,1,0,0.3333333333333333,504.2843267081887,1
21,1,1,0,0,1,1,1,1,0,1,1,1,0,1,1,0,1,1,1,0,1,0,1,0,0,1,0,0,0,1,0,1,0,1,0,0,1,1,1,0,1,1,1,1,0,0,0,0,0,0,1,0,1,0,0.37037037037037035,623.7882257035806,1
22,1,1,0,0,1,1,1,1,0,1,1,1,0,1,0,0,1,1,0,0,1,0,1,0,0,1,0,0,1,1,0,1,0,0,0,0,1,1,1,0,1,1,1,1,0,0,0,0,0,0,1,0,1,0,0.3148148148148148,470.69058700986284,1
23,1,1,0,0,1,1,1,1,0,1,1,1,0,1,0,0,1,1,1,0,1,0,1,0,0,1,0,0,0,1,0,1,0,0,0,0,1,1,1,0,1,1,0,1,1,0,0,0,0,1,1,0,1,0,0.3888888888888889,508.9077438326642,1
24,1,1,0,1,1,1,1,1,0,0,1,1,0,1,0,0,1,1,1,0,1,0,1,0,0,1,1,0,1,1,0,1,0,0,0,0,1,1,1,0,1,1,0,1,0,0,0,0,0,1,1,0,1,0,0.3333333333333333,594.9049164453343,1
25,1,1,0,0,1,1,1,1,1,1,1,1,0,1,0,0,1,1,0,0,1,0,1,0,0,1,0,0,0,1,0,1,0,1,0,0,0,1,1,0,1,1,0,1,0,0,0,0,0,0,1,0,1,0,0.3333333333333333,628.3860577230332,1
26,1,1,0,0,1,1,1,1,0,1,1,1,0,1,0,0,1,1,1,0,1,0,1,0,0,1,0,0,0,1,0,1,0,0,0,0,1,1,1,1,1,1,1,1,0,0,0,0,0,1,1,0,1,0,0.37037037037037035,492.4805081757894,1
27,1,1,0,0,1,1,1,1,0,0,1,1,0,1,0,0,1,1,1,0,1,0,1,0,0,1,0,0,1,1,0,1,0,0,0,0,1,1,1,0,1,1,0,1,0,0,0,0,0,0,1,0,1,0,0.37037037037037035,475.2415019587233,1
28,1,1,0,0,1,1,1,1,1,1,1,1,0,1,0,0,1,1,1,0,1,0,1,0,0,1,0,0,1,1,0,1,0,1,0,0,1,1,1,0,1,1,0,1,0,0,0,0,0,0,1,0,1,0,0.3333333333333333,607.6819375085453,1
29,1,1,0,0,1,1,1,1,0,0,1,1,0,1,0,0,1,1,1,0,1,0,1,0,0,1,0,0,1,1,0,1,0,0,0,0,1,1,1,0,1,1,1,1,0,0,0,0,0,0,1,1,1,0,0.37037037037037035,469.56162463453484,1
30,1,1,0,0,1,1,1,1,0,0,1,1,0,1,0,0,1,0,1,0,1,0,1,0,0,1,0,0,0,1,0,1,0,0,0,0,1,1,1,0,1,1,1,1,0,0,0,1,0,1,1,0,1,0,0.3888888888888889,465.6777192566738,1
31,1,1,0,0,1,1,1,1,0,1,1,1,0,1,0,0,1,1,1,0,1,0,1,0,0,1,0,0,0,1,0,1,0,1,0,0,1,1,1,0,1,1,0,1,0,0,0,0,0,1,1,0,1,0,0.37037037037037035,491.1952597151888,1
32,1,1,0,0,1,1,1,1,0,1,1,1,0,1,0,0,1,1,0,1,1,0,1,0,0,1,0,0,1,1,0,1,0,0,0,0,1,1,1,0,1,1,0,1,0,0,0,0,0,0,1,0,1,0,0.3148148148148148,526.7295436182883,1
33,1,1,0,0,1,1,1,1,0,1,1,1,0,1,0,0,0,1,1,0,1,0,1,0,0,1,0,0,0,1,0,1,0,0,0,0,1,1,1,0,1,1,0,1,0,0,0,1,0,0,1,0,1,0,0.37037037037037035,461.6874396577611,1
34,1,1,0,0,1,1,1,1,0,0,1,1,0,1,0,0,1,1,1,0,1,0,1,0,0,1,0,0,1,1,0,1,0,0,0,0,1,1,1,0,1,1,0,1,0,0,0,0,0,0,1,0,1,0,0.3148148148148148,475.2415019587233,1
35,1,1,0,0,1,1,1,1,0,1,1,1,0,1,0,0,1,1,1,0,1,0,1,0,0,1,0,0,1,1,0,1,0,0,0,0,1,1,1,0,1,1,1,1,0,0,0,1,0,0,1,0,1,0,0.37037037037037035,499.54036128594487,1
36,1,1,0,0,1,1,1,1,0,1,1,1,0,1,0,0,1,1,1,0,1,0,1,0,0,1,0,0,1,1,0,1,0,0,0,0,1,1,0,0,1,1,0,1,0,0,0,0,0,1,1,0,1,0,0.3148148148148148,502.97237068344543,1
37,1,1,0,0,1,1,1,1,0,1,1,1,0,1,0,0,1,1,1,0,1,0,1,0,0,1,0,0,1,1,0,1,0,1,0,0,1,1,1,0,1,1,0,1,1,0,0,0,0,0,1,0,1,0,0.35185185185185186,504.67436315964267,1
38,1,1,0,0,1,1,1,1,0,1,1,1,0,1,0,0,1,1,1,0,1,0,1,0,0,1,1,0,1,1,0,1,0,1,0,0,1,1,1,0,1,1,1,1,0,0,0,0,0,1,1,0,1,0,0.3148148148148148,570.2469133308322,1
39,0,0,1,1,1,0,0,0,0,0,0,0,1,0,1,1,1,1,0,1,0,1,0,1,1,0,1,1,0,1,1,0,1,0,1,1,0,0,1,0,0,0,1,0,1,1,1,1,1,0,0,1,0,1,0.37037037037037035,558.0361745658063,1
40,1,1,0,0,1,1,1,1,0,1,1,1,0,1,0,0,1,1,1,0,1,0,1,0,0,1,0,0,0,1,0,1,0,0,0,0,1,1,1,0,1,1,1,1,0,0,0,0,0,0,1,0,1,0,0.42592592592592593,507.55726127174376,1
41,1,1,0,0,1,1,1,1,0,1,1,1,0,1,0,0,1,1,1,0,1,0,1,0,0,1,0,0,0,1,0,1,0,1,0,0,1,1,1,0,1,1,0,0,1,0,0,0,0,1,1,0,1,0,0.3888888888888889,500.0029852183671,1
42,1,1,0,0,1,1,1,1,0,0,1,1,0,1,0,0,1,1,1,0,1,0,1,0,0,1,1,0,0,1,0,1,0,0,0,0,1,1,1,0,1,1,1,1,0,0,0,0,0,0,1,0,1,0,0.37037037037037035,606.6104936747234,1
43,1,1,0,0,1,1,1,1,0,1,1,1,0,1,0,0,1,1,0,0,1,0,1,0,0,1,0,0,0,1,0,1,0,1,0,0,1,1,1,0,1,1,1,1,0,0,0,0,0,0,1,0,1,0,0.3333333333333333,471.22647492833124,1
44,1,1,0,0,1,1,1,1,0,0,1,1,0,1,0,0,1,1,0,0,1,0,1,0,0,1,0,0,0,1,0,1,0,1,0,0,1,1,1,0,1,1,1,1,0,0,0,0,0,1,1,0,1,0,0.35185185185185186,453.67949154321616,1
45,1,1,0,0,1,1,1,1,0,1,1,1,0,1,0,0,1,1,1,0,1,0,1,0,0,1,0,0,0,1,0,1,0,0,0,0,1,1,1,0,1,1,0,1,0,0,0,0,0,0,1,0,1,0,0.37037037037037035,520.8264663203682,1
46,0,0,1,1,1,0,0,0,0,0,1,0,1,0,1,1,1,1,0,1,0,1,0,1,1,0,1,1,0,1,1,0,1,0,1,1,0,0,1,1,0,0,1,0,0,1,1,1,1,0,0,0,0,1,0.3333333333333333,445.5012353607436,1
47,1,1,0,1,1,1,1,1,0,1,1,1,0,1,0,0,1,1,0,0,1,0,1,0,0,1,0,0,1,1,0,1,0,0,0,0,1,1,1,0,1,1,0,1,0,0,0,0,0,1,1,0,1,0,0.3148148148148148,492.0187212060524,1
48,1,1,0,0,1,1,1,0,1,1,1,1,0,1,0,0,1,1,1,0,1,0,1,0,0,1,0,0,1,1,0,1,0,0,0,0,0,1,1,0,1,1,1,1,0,0,0,0,0,0,1,0,1,0,0.35185185185185186,561.7454212513528,1
49,1,1,0,0,1,1,1,1,0,1,1,1,0,1,0,0,1,1,1,0,1,0,1,0,0,1,1,0,0,1,0,1,0,1,0,0,1,1,1,0,1,1,0,1,0,0,0,0,0,1,1,0,1,0,0.37037037037037035,605.0522850986894,1
50,1,1,0,0,1,1,1,0,0,1,1,1,0,1,0,0,1,1,1,0,1,0,1,0,0,1,0,0,0,1,0,1,0,0,0,0,1,1,1,0,1,1,0,1,0,0,0,0,0,0,1,0,1,0,0.3333333333333333,469.7382296535654,1
51,1,1,0,1,1,1,1,1,0,0,1,1,0,1,0,0,1,1,0,0,1,0,1,0,0,1,0,0,1,1,0,1,0,1,0,0,0,1,1,0,1,1,1,1,0,0,0,0,0,0,1,0,1,0,0.37037037037037035,466.49471890213636,1
52,1,1,0,0,1,1,1,1,0,1,1,1,0,1,0,0,1,1,1,0,1,0,1,0,0,1,0,0,1,1,0,1,0,1,0,0,1,1,1,0,1,1,0,1,0,0,0,0,0,1,1,0,1,0,0.35185185185185186,485.62447858726824,1
53,1,1,0,0,1,1,1,1,0,0,1,1,0,1,0,0,1,1,1,0,1,0,1,0,0,1,0,0,0,1,0,1,0,1,0,0,0,1,1,0,1,1,0,1,0,0,0,0,0,1,1,0,1,0,0.35185185185185186,473.95919652158307,1
54,1,1,0,0,1,1,1,1,0,1,1,1,0,1,0,0,1,1,0,0,1,0,1,0,0,1,0,0,1,1,0,1,0,1,0,0,0,1,0,0,1,1,1,1,0,0,0,0,0,0,1,0,1,0,0.35185185185185186,481.9210098045968,1
55,0,0,1,1,1,1,0,0,0,0,0,0,1,0,1,1,1,1,0,1,0,0,0,1,1,0,1,1,0,0,1,0,1,0,1,1,0,0,1,1,0,0,1,0,1,1,1,1,1,0,0,0,0,1,0.35185185185185186,463.81404888450476,1
56,1,1,0,0,1,1,1,1,0,1,1,1,0,1,0,0,1,1,1,1,1,0,1,0,0,1,0,0,0,1,0,1,0,1,0,0,1,1,1,0,1,1,1,1,0,0,0,0,0,1,1,1,1,0,0.37037037037037035,528.3070323143697,1
57,1,1,0,0,1,1,1,1,0,0,1,1,0,1,0,0,1,1,1,0,1,0,1,0,0,1,0,0,0,1,0,1,0,0,0,0,1,1,1,0,1,1,1,0,1,0,0,0,0,0,1,0,1,0,0.4074074074074074,484.4747987805158,1
58,1,1,0,0,1,1,1,1,0,1,1,1,0,1,0,0,1,1,1,0,1,0,1,0,0,1,1,0,1,1,0,1,0,0,0,0,1,1,1,0,1,1,0,1,0,0,0,0,0,1,1,0,1,0,0.3888888888888889,594.7018583039782,1
59,0,0,1,1,1,0,0,0,0,0,0,0,1,0,1,1,1,1,0,1,0,1,0,1,1,0,0,1,0,0,1,0,1,0,1,1,0,0,1,1,0,0,1,0,1,1,1,0,1,0,0,1,0,1,0.3148148148148148,386.6582824094427,1
60,1,1,0,0,1,1,1,1,0,1,1,1,1,1,0,0,1,1,1,0,1,0,1,0,0,1,0,0,1,1,0,1,0,0,0,0,0,1,1,0,1,1,0,1,0,0,0,0,0,1,1,0,1,0,0.35185185185185186,514.9068979104055,1
61,1,1,0,0,1,1,1,1,1,1,1,1,0,1,0,0,1,1,0,0,1,0,1,0,0,1,0,0,1,1,0,1,0,1,0,0,1,1,1,1,1,1,0,1,0,0,0,0,0,0,1,1,1,0,0.3148148148148148,559.1327442778806,1
62,0,0,1,1,0,0,0,0,0,0,1,0,1,0,1,1,1,1,0,1,0,1,0,1,1,0,1,1,0,1,1,0,1,1,1,1,0,0,1,1,0,0,1,0,0,1,1,1,1,0,0,1,0,1,0.35185185185185186,486.3988359074936,1
63,0,0,1,1,1,1,0,0,1,0,0,0,1,0,1,1,1,1,0,1,0,1,0,1,1,0,1,1,0,1,1,0,1,1,1,1,0,0,1,0,0,0,1,1,1,1,1,1,1,0,0,0,0,1,0.3888888888888889,599.9819327419278,1
64,0,0,1,1,1,0,0,0,0,1,0,0,1,0,1,1,1,1,0,1,0,1,0,1,1,0,1,1,0,1,1,0,1,1,1,1,0,0,1,1,0,0,1,1,1,1,1,0,1,0,0,1,0,1,0.37037037037037035,546.999467580148,1
65,1,1,0,0,1,1,1,1,0,1,1,1,1,1,0,0,1,1,1,0,1,0,1,0,0,1,0,0,1,1,0,1,0,0,0,0,1,1,1,0,1,1,0,1,0,0,0,0,0,1,1,0,1,0,0.3888888888888889,509.3826086524115,1
66,1,1,0,0,1,1,1,1,0,1,1,1,0,1,0,0,1,1,1,0,1,0,1,0,0,1,0,0,0,1,0,1,0,1,0,0,0,1,1,0,1,1,0,1,0,0,0,0,0,0,1,1,1,0,0.4074074074074074,504.089645253912,1
67,1,1,0,0,1,1,1,1,0,0,1,1,0,1,0,0,1,1,1,0,1,0,1,0,0,1,0,0,1,1,0,1,0,0,0,0,1,1,1,1,1,1,1,1,0,0,0,0,0,1,1,0,1,0,0.4074074074074074,479.08568244197556,1
68,1,0,1,1,1,1,0,0,0,0,0,0,1,0,1,1,1,1,0,1,0,1,0,1,1,0,0,1,0,1,1,0,1,0,1,1,0,0,1,0,0,0,1,0,0,1,1,0,1,0,0,1,0,1,0.3148148148148148,404.2125465661736,1
69,1,1,0,0,1,1,1,1,0,0,1,1,0,1,0,0,1,1,1,1,1,0,1,0,0,1,1,0,1,1,0,1,0,0,0,0,1,1,1,0,1,1,1,1,0,0,0,0,0,1,1,0,1,0,0.35185185185185186,614.2646815955967,1
70,0,0,1,1,0,1,0,0,1,1,0,0,1,0,1,1,1,1,0,1,0,1,0,1,1,0,1,1,0,1,1,0,1,1,1,1,0,0,1,0,0,0,1,0,1,1,1,1,1,0,0,0,0,1,0.3888888888888889,565.5624959229154,1
71,0,0,1,1,1,1,0,0,0,0,0,0,1,0,1,1,1,1,0,1,0,1,0,1,1,0,1,1,0,1,1,0,1,0,1,1,0,0,1,0,0,0,1,0,1,1,1,1,1,0,0,1,0,1,0.3888888888888889,536.8269961809128,1
72,0,0,1,1,1,0,0,0,1,0,0,0,1,0,1,1,1,1,0,1,0,1,0,1,1,0,0,1,0,1,1,0,1,0,1,1,0,0,1,1,0,0,1,1,1,1,1,0,1,0,0,0,0,1,0.3888888888888889,515.7783331066914,1
73,0,0,1,1,1,0,0,0,0,0,0,0,1,0,1,1,1,1,0,1,0,1,0,1,1,0,0,1,0,1,1,0,1,1,1,1,0,0,1,0,0,0,1,0,1,1,1,0,1,0,0,1,0,1,0.3333333333333333,509.90898431656404,1
74,1,1,0,0,1,1,1,1,0,0,1,1,0,1,0,0,1,1,0,0,1,0,1,0,0,1,0,0,1,1,0,1,0,1,0,0,1,1,1,0,1,1,1,1,0,0,0,0,0,0,1,0,1,0,0.2962962962962963,450.0279805477924,1
75,1,1,0,0,1,1,0,1,0,1,1,1,0,1,0,0,1,1,0,0,1,0,1,0,0,1,0,0,0,1,0,1,0,1,0,0,1,1,1,0,1,1,1,0,0,0,0,0,0,0,1,0,1,0,0.35185185185185186,464.1059513141394,1
76,1,1,0,0,1,1,1,1,0,0,1,1,0,1,0,0,1,1,0,0,1,0,1,0,0,1,0,0,0,1,0,1,0,0,0,0,1,1,1,0,1,1,0,1,1,0,0,0,0,0,1,0,1,0,0.4444444444444444,470.74332932744215,1
77,0,0,1,1,1,0,0,0,0,0,0,0,1,0,1,1,1,1,0,1,0,1,1,1,1,0,1,1,0,0,0,0,1,0,1,1,0,0,1,0,0,0,1,0,0,1,1,1,1,0,0,1,0,1,0.2962962962962963,398.10566965391587,1
78,1,1,0,0,1,1,1,1,0,1,1,1,0,1,0,0,1,1,1,0,1,0,1,0,0,1,0,0,1,1,0,1,0,1,0,0,0,1,1,0,1,1,0,1,1,0,0,0,0,0,1,0,1,0,0.4074074074074074,499.88521274596184,1
79,1,1,0,0,1,1,1,0,0,1,1,1,0,1,0,0,1,1,0,0,1,0,1,0,0,1,1,0,0,1,0,1,0,0,0,0,0,1,1,0,1,1,0,1,0,0,0,1,0,1,1,0,1,0,0.3148148148148148,521.8696889646742,1
80,0,0,1,1,1,0,0,0,0,0,0,0,0,0,1,1,1,1,0,1,0,1,0,1,1,0,1,0,0,1,1,0,1,0,1,1,0,0,1,0,0,0,1,0,1,1,1,1,1,0,0,0,0,1,0.35185185185185186,515.4120860911771,1
81,0,0,1,1,1,0,0,0,0,0,0,0,1,0,1,1,1,1,0,1,0,1,1,1,1,0,1,1,0,0,1,0,1,0,1,1,0,0,1,0,0,0,1,0,0,1,1,1,1,0,0,1,0,1,0.3333333333333333,397.68011831855426,1
82,0,0,1,0,1,1,0,0,1,0,0,0,1,0,1,1,1,1,0,1,0,1,0,1,1,0,1,1,1,1,1,0,1,0,1,1,0,0,1,0,0,0,0,0,1,1,1,1,1,0,0,0,0,1,0.3888888888888889,575.272895980176,1
83,0,0,1,1,1,0,0,0,0,1,0,0,1,0,1,1,1,1,0,1,0,1,1,1,1,0,1,1,0,1,1,0,1,0,1,1,0,0,1,0,0,0,1,0,1,1,1,0,1,0,0,1,0,1,0.3333333333333333,464.59169769491984,1
84,1,1,0,0,0,1,1,1,0,1,1,1,0,1,0,0,1,1,0,0,1,0,1,0,0,1,0,0,1,1,0,1,0,1,0,0,1,1,1,0,1,1,1,1,0,0,0,0,0,0,1,0,1,0,0.3888888888888889,434.2652254832138,1
85,0,0,1,0,1,1,0,0,1,1,0,0,1,0,1,1,1,1,0,1,0,1,0,0,1,0,1,1,1,1,1,0,1,0,1,1,0,0,1,0,0,0,1,1,1,1,1,1,1,0,0,1,0,1,0.4074074074074074,678.0827972367648,1
86,1,1,0,0,1,1,1,1,1,0,1,0,0,1,0,0,1,1,1,0,1,0,1,0,0,1,0,0,0,1,0,1,0,0,0,0,1,1,0,0,1,1,1,1,0,0,0,1,0,1,1,0,1,0,0.35185185185185186,461.1973179701328,1
87,0,0,1,0,1,0,0,0,0,0,0,0,1,0,1,1,1,1,0,1,0,1,0,1,1,0,1,1,1,1,0,0,1,0,1,1,0,0,1,0,0,0,1,0,0,1,1,0,1,0,0,1,0,1,0.3888888888888889,418.32525550645033,1
88,0,0,1,1,0,0,0,0,0,1,1,0,1,0,1,1,1,1,1,1,0,1,0,1,1,0,1,1,0,0,1,0,1,1,1,1,0,0,1,0,0,0,1,0,1,1,1,1,1,1,0,1,0,1,0.3148148148148148,490.97198369601284,1
89,0,0,1,1,1,0,0,0,1,0,0,0,1,0,1,1,1,1,0,0,0,1,0,1,1,0,1,1,0,0,1,0,1,1,1,1,0,0,1,0,0,0,1,1,0,1,1,0,1,1,0,1,0,1,0.37037037037037035,432.41162780346656,1
90,1,1,0,0,1,1,0,1,0,1,1,1,0,1,0,0,1,1,0,0,1,0,1,0,0,1,0,0,0,1,0,1,0,0,0,0,1,1,1,0,1,1,1,1,0,0,0,1,0,0,1,0,1,0,0.35185185185185186,469.8453805402488,1
91,1,1,0,0,1,1,1,1,0,1,1,1,0,1,0,0,1,1,1,0,1,1,1,0,0,1,0,0,1,1,0,1,0,1,0,0,1,1,1,1,1,1,0,1,0,0,0,0,0,0,1,0,1,0,0.3333333333333333,496.9162089904391,1
92,0,0,1,0,0,1,0,0,0,1,0,0,1,0,1,1,1,1,0,1,0,1,0,1,1,0,1,1,0,1,1,0,1,0,1,1,0,0,1,0,0,0,0,0,1,1,1,0,1,0,0,0,0,1,0.4074074074074074,460.7452891389659,1
93,1,1,0,0,1,1,1,1,1,0,1,1,0,1,0,0,1,1,1,0,1,0,1,0,0,1,0,0,0,1,0,1,0,0,0,0,1,1,1,0,1,1,0,0,1,1,0,0,0,0,1,0,1,0,0.3333333333333333,592.0112568044841,1
94,1,1,0,0,1,1,1,0,1,1,1,0,0,1,0,0,1,1,0,0,1,0,1,0,0,1,0,0,1,1,0,1,0,0,0,0,1,1,0,0,1,1,0,1,0,0,0,0,0,0,1,0,1,0,0.35185185185185186,439.1308394090183,1
95,0,0,1,1,1,0,0,0,1,0,0,0,1,0,1,1,1,1,0,1,0,1,0,1,1,0,1,1,1,0,1,0,1,1,1,1,0,0,1,1,0,0,1,1,1,1,1,0,1,0,0,1,0,1,0.3888888888888889,508.729396351335,1
96,1,1,0,0,1,1,1,1,0,1,1,1,0,1,0,0,1,0,1,0,1,0,1,0,0,1,0,0,1,1,0,1,0,0,0,0,1,1,0,0,1,1,0,0,0,0,0,0,0,0,1,0,1,0,0.2777777777777778,425.9374942185345,1
97,1,1,0,0,1,1,0,1,0,0,1,1,0,1,0,0,1,1,1,0,1,0,1,0,0,1,0,0,0,1,0,1,0,1,0,0,0,1,1,1,1,1,1,1,0,0,0,0,0,1,1,0,1,0,0.3888888888888889,455.7191967633589,1
98,1,0,1,1,1,1,0,0,1,0,0,0,1,0,1,1,1,1,0,1,0,1,0,1,1,0,0,1,0,0,0,0,1,0,1,1,0,0,1,0,0,0,1,0,1,1,1,0,1,1,0,0,0,1,0.3888888888888889,481.8914348388805,1
99,0,0,1,0,1,1,0,0,0,0,0,0,1,0,1,1,1,1,0,1,0,1,1,1,1,0,0,1,0,0,1,0,1,0,1,1,0,0,1,1,0,0,0,1,1,1,1,0,1,1,0,0,0,1,0.4074074074074074,419.61847686411886,1
