,0,1,2,3,4,5,6,7,8,9,10,11,12,13,14,15,16,17,18,19,20,21,22,23,24,25,26,27,28,29,30,31,32,33,34,35,36,37,38,39,40,41,42,43,44,45,46,47,48,49,50,51,52,53,chain_break_fraction,energy,num_occurrences
0,0,0,0,0,1,1,0,0,0,0,0,1,1,1,1,1,1,1,0,0,1,0,1,0,1,1,1,0,0,1,1,1,0,1,1,0,0,1,0,1,0,0,1,1,0,1,1,0,0,0,0,0,0,0,0.3148148148148148,671.7775296009285,1
1,0,0,0,0,1,1,0,0,0,0,0,1,1,1,1,1,1,1,1,0,1,1,1,0,1,1,1,0,1,1,1,1,0,1,1,0,0,1,0,1,0,0,0,1,0,1,1,0,0,0,0,0,1,0,0.25925925925925924,651.2079577560365,1
2,0,1,0,0,1,1,0,0,0,0,0,1,1,1,1,1,1,1,0,0,1,0,1,0,1,1,1,0,1,1,1,1,0,1,1,0,0,1,0,1,0,0,1,1,1,1,1,0,0,0,0,0,0,0,0.2962962962962963,550.7919466322123,1
3,0,0,0,0,1,1,0,0,0,1,0,0,1,1,1,0,1,1,0,0,1,0,1,0,1,1,1,0,1,1,1,1,0,1,1,0,0,1,0,1,0,0,1,1,0,1,1,0,0,0,0,0,0,0,0.24074074074074073,419.214759720203,1
4,0,0,0,1,1,1,0,0,0,0,0,1,1,1,1,1,1,1,1,1,1,0,1,0,1,1,1,0,1,1,1,1,0,1,1,0,0,1,0,1,0,0,0,1,0,1,1,0,0,0,0,0,1,0,0.2962962962962963,762.9663199497779,1
5,0,0,0,0,1,0,0,0,0,0,0,0,1,1,1,1,1,1,1,0,1,1,1,0,1,1,1,0,0,1,1,1,0,1,1,0,0,1,0,1,0,1,0,1,0,1,1,0,0,0,0,0,0,0,0.2222222222222222,329.9476007399827,1
6,1,0,0,0,1,1,0,0,0,0,0,0,1,1,1,1,1,1,1,0,1,0,1,0,1,1,1,1,0,1,1,1,0,1,1,0,0,1,0,1,0,0,0,1,1,1,1,0,0,0,0,0,0,0,0.2962962962962963,441.41433827679674,1
7,0,0,0,0,1,0,0,0,0,0,0,1,1,1,1,1,1,1,1,0,1,0,1,0,1,1,1,0,0,1,1,1,0,1,1,0,0,1,0,1,0,0,0,1,0,1,1,0,0,0,0,0,1,0,0.35185185185185186,496.72638555474356,1
8,0,1,0,0,1,1,0,0,0,0,0,0,1,1,1,1,1,1,1,0,1,0,1,0,0,1,1,1,0,1,0,1,0,1,1,0,0,1,0,1,0,1,0,1,0,1,1,0,0,0,0,0,0,0,0.24074074074074073,470.63593356341244,1
9,0,0,0,0,1,1,0,0,0,0,0,1,1,1,1,1,1,1,0,1,1,0,1,0,1,1,1,0,0,1,1,1,0,1,1,0,0,1,0,1,0,1,1,1,1,1,1,0,0,0,0,0,1,0,0.2777777777777778,467.40274051196894,1
10,0,1,0,1,1,0,0,0,0,0,0,0,1,1,1,1,1,1,0,0,1,0,1,0,1,1,1,1,1,1,1,0,0,1,1,0,0,1,0,1,0,0,1,1,1,1,1,0,0,0,0,0,0,0,0.2777777777777778,319.50459221675095,1
11,0,0,0,0,1,1,0,0,0,0,0,1,1,1,1,1,1,1,0,0,1,0,1,0,1,1,1,0,1,1,0,0,0,1,1,0,0,1,0,1,0,0,1,1,1,1,1,0,0,0,0,0,0,0,0.2777777777777778,576.2068976277656,1
12,0,0,0,0,1,0,0,0,0,0,0,1,1,1,1,0,1,1,0,0,1,0,1,0,1,1,1,0,0,1,1,1,0,1,1,0,0,1,0,1,0,0,1,1,1,1,1,0,0,0,0,0,0,0,0.2777777777777778,359.88081876990003,1
13,0,0,0,0,1,0,0,0,0,0,0,0,1,1,1,1,1,1,1,1,1,0,1,1,0,1,1,0,0,1,1,1,0,1,1,0,0,1,0,0,0,0,0,1,0,1,1,0,0,0,0,0,0,0,0.3333333333333333,632.7795038730616,1
14,0,0,0,0,1,0,0,0,0,0,0,1,1,1,1,1,1,1,0,1,1,0,1,0,0,1,1,0,1,1,1,1,0,1,1,0,0,1,0,1,0,0,1,1,1,1,1,0,0,0,0,0,0,0,0.3148148148148148,388.23866099977164,1
15,0,0,0,0,1,0,0,0,0,0,0,1,1,1,1,1,1,1,0,1,1,0,1,0,0,1,1,1,1,1,1,0,0,0,1,0,0,1,0,1,0,1,0,1,0,1,1,0,0,0,0,0,0,0,0.25925925925925924,463.2090012963017,1
16,0,0,0,0,1,1,0,0,0,0,0,0,1,1,1,1,1,1,0,0,1,0,1,1,0,1,1,0,0,1,1,1,0,1,1,0,0,1,0,1,0,0,0,0,1,1,1,0,0,0,0,0,0,0,0.2777777777777778,580.5795151532488,1
17,0,0,0,0,1,1,0,0,0,0,0,0,1,1,1,1,1,1,0,0,1,0,1,0,0,1,1,1,0,1,1,1,0,1,1,0,0,1,0,0,0,0,0,1,1,1,1,0,0,0,0,0,0,0,0.3148148148148148,381.1983819709346,1
18,0,0,0,0,1,1,0,0,0,0,0,1,1,1,1,1,1,1,1,0,1,0,1,0,1,1,1,0,0,1,1,0,0,1,1,0,0,1,0,1,0,0,1,1,1,1,1,0,0,0,0,0,0,0,0.2777777777777778,652.9742677255115,1
19,0,1,0,0,1,0,0,0,0,0,0,0,1,1,1,1,1,1,1,0,1,0,1,0,0,1,1,0,0,1,1,1,0,1,1,0,0,1,0,1,0,0,0,1,0,1,1,0,0,0,0,0,1,0,0.35185185185185186,366.48451852602585,1
20,0,0,0,0,1,1,0,0,0,0,0,0,1,1,1,1,1,1,0,0,1,0,1,0,1,1,1,0,0,1,1,0,0,0,1,0,0,1,0,1,0,1,1,1,0,0,1,0,0,0,0,0,0,0,0.25925925925925924,485.53958259144486,1
21,0,0,0,0,1,0,0,0,0,0,0,0,1,1,1,1,1,1,1,0,1,1,1,0,0,1,1,0,1,1,1,1,0,1,1,0,0,1,0,0,0,0,1,1,0,0,1,0,0,0,0,0,0,0,0.3148148148148148,357.8351475625366,1
22,1,0,0,0,1,1,0,0,0,0,0,0,1,1,1,1,1,1,0,0,1,0,1,0,0,1,1,0,0,1,1,1,0,1,1,0,0,1,0,1,0,1,1,1,0,0,1,0,0,0,0,0,0,0,0.2777777777777778,398.53626886151164,1
23,0,1,0,0,1,1,0,0,0,0,0,1,1,1,1,1,1,1,1,0,1,0,1,0,0,1,1,0,1,1,1,1,0,1,1,0,0,1,0,1,0,0,1,1,1,1,1,0,0,0,0,0,0,0,0.2777777777777778,554.0884049026693,1
24,0,1,0,0,1,0,0,0,0,0,0,0,1,1,1,1,1,1,1,0,1,0,1,1,1,1,1,1,0,1,1,1,0,0,1,0,0,1,0,1,0,1,1,1,0,1,1,0,0,0,0,0,0,0,0.25925925925925924,461.42702321876993,1
25,0,0,0,1,1,0,0,0,0,0,0,1,1,1,1,1,1,1,0,0,1,0,1,0,0,1,1,0,0,1,1,1,0,1,1,0,0,1,0,1,0,1,0,1,1,1,0,0,0,0,0,0,0,0,0.2777777777777778,380.6016218551125,1
26,0,0,0,0,1,0,0,0,0,0,0,0,1,1,1,1,1,1,1,0,1,1,1,0,1,1,1,0,0,1,1,1,0,1,1,0,0,1,0,1,0,0,1,1,0,1,1,0,0,0,0,0,0,0,0.3333333333333333,382.4370185168141,1
27,0,0,0,0,1,0,0,0,0,0,0,1,1,1,1,1,1,1,1,0,1,0,1,0,1,1,1,0,0,1,1,1,0,1,1,0,0,1,0,1,0,1,0,1,0,0,1,0,0,0,0,0,1,0,0.3333333333333333,429.20850741594836,1
28,0,0,0,1,1,1,0,0,0,0,0,1,1,1,1,1,1,1,0,0,1,0,1,0,0,1,1,0,1,1,1,1,0,1,1,0,0,1,0,1,0,0,1,1,1,1,1,0,0,0,0,0,1,0,0.2962962962962963,441.83926311216527,1
29,0,1,0,0,1,0,0,0,0,0,0,0,1,1,1,1,1,1,0,0,1,0,1,0,1,1,1,1,0,1,1,1,0,1,1,0,0,1,0,1,0,1,1,1,1,1,0,0,0,0,0,0,0,0,0.3333333333333333,284.4602239218365,1
30,0,1,0,1,1,0,0,0,0,0,0,0,1,1,1,1,1,1,1,0,1,0,1,0,1,1,1,0,0,1,1,1,0,1,1,0,0,1,0,1,0,1,1,1,1,1,1,0,0,0,0,0,1,0,0.2777777777777778,296.35322531511497,1
31,0,1,0,0,1,1,0,0,0,0,0,1,1,1,1,1,1,1,1,0,1,1,1,1,1,1,1,0,1,1,1,1,0,1,1,0,0,1,0,1,0,0,0,1,1,1,0,0,0,0,0,0,0,0,0.3148148148148148,977.6720741080962,1
32,0,1,0,0,1,0,0,0,0,0,0,1,1,1,1,1,1,1,1,0,1,0,1,0,1,1,1,0,1,1,0,1,0,0,1,0,0,1,0,1,0,1,1,1,0,1,1,0,0,0,0,0,0,0,0.3333333333333333,495.4373478682397,1
33,1,1,0,0,1,0,0,0,0,0,0,0,1,1,1,1,1,1,0,0,1,0,1,1,0,1,1,0,0,1,0,1,0,1,1,0,0,1,0,0,0,1,1,1,0,0,1,0,0,0,0,0,0,0,0.24074074074074073,519.041699095177,1
34,0,0,0,0,1,0,0,0,0,0,0,1,1,1,1,1,1,1,0,0,1,0,1,0,0,1,1,0,1,1,1,0,0,1,1,0,0,1,1,1,0,0,1,1,1,1,0,0,0,0,0,0,0,0,0.3333333333333333,344.8466681466814,1
35,0,0,0,0,1,0,0,0,0,0,0,0,1,1,1,1,1,1,1,0,1,0,1,0,1,1,1,1,0,1,1,1,0,1,1,0,0,1,0,1,0,0,0,1,1,0,0,0,0,0,0,0,0,0,0.3148148148148148,345.5165883259369,1
36,1,0,0,1,1,1,0,0,0,1,0,1,1,1,1,1,1,1,1,0,1,0,1,0,1,1,1,0,0,1,1,1,0,1,1,0,0,1,0,1,0,0,0,1,1,1,1,0,0,0,0,0,0,0,0.3148148148148148,756.4708916638542,1
37,0,0,0,0,1,1,0,0,0,0,0,1,1,1,1,1,1,1,1,0,1,0,1,0,0,1,1,1,1,1,1,1,0,1,1,0,0,1,0,1,0,0,1,1,1,1,1,0,0,0,0,0,0,0,0.2962962962962963,462.6512505336139,1
38,0,0,0,1,1,1,0,0,0,0,0,1,1,1,1,1,1,1,1,0,1,0,1,0,1,1,1,0,0,1,0,1,0,1,1,0,0,1,0,0,0,1,0,1,0,1,1,0,0,0,0,0,1,0,0.2777777777777778,665.4583010915173,1
39,0,0,0,0,1,0,0,0,0,0,0,1,1,1,1,1,1,1,1,0,1,1,1,0,0,1,1,0,0,1,1,1,0,1,1,0,0,1,0,1,0,0,1,1,1,1,1,0,0,0,0,0,0,0,0.3148148148148148,416.4136477151051,1
40,0,0,0,1,1,0,0,0,0,0,0,1,1,1,1,1,1,1,1,0,1,0,1,0,1,1,1,0,0,1,1,1,0,1,1,0,0,1,0,1,0,0,0,1,0,1,1,0,0,0,0,0,0,0,0.2962962962962963,605.227098969263,1
41,1,0,0,0,1,0,0,0,0,0,0,0,1,1,1,1,1,1,0,1,1,0,1,0,1,1,1,0,0,1,0,1,0,1,1,0,0,1,0,1,0,1,0,1,1,0,0,0,0,0,0,0,1,0,0.2962962962962963,342.107730579182,1
42,0,0,0,0,1,0,0,0,0,0,0,0,1,1,0,1,1,1,1,0,1,1,1,0,1,1,1,1,1,1,1,0,0,1,1,0,0,1,0,1,0,1,0,1,0,0,1,0,0,0,0,0,1,0,0.25925925925925924,228.60984649165562,1
43,0,0,0,0,1,0,0,0,0,0,0,1,1,1,1,1,1,1,0,0,1,0,1,0,1,1,1,0,0,1,1,1,0,0,1,0,0,1,0,1,0,1,0,1,0,0,1,0,0,0,0,0,0,0,0.2037037037037037,470.25883174858507,1
44,0,0,0,0,1,0,0,0,0,0,0,0,1,1,1,1,1,1,0,0,1,0,1,0,1,1,1,0,0,1,1,1,0,1,1,0,0,1,0,0,0,0,1,1,0,0,1,0,0,0,0,0,0,0,0.2962962962962963,375.45730589027585,1
45,0,0,0,0,1,1,0,0,0,0,0,0,1,1,1,1,1,1,1,0,1,0,1,0,1,1,1,0,0,1,1,1,0,1,1,0,0,1,0,1,0,1,1,1,1,1,1,0,0,0,0,0,0,0,0.2777777777777778,349.6503432909787,1
46,0,0,0,0,1,0,0,0,0,0,0,1,1,1,0,1,1,1,1,0,1,1,1,0,1,0,1,0,0,1,1,1,0,1,1,0,0,1,0,1,0,1,1,1,0,1,1,0,0,0,0,0,0,0,0.24074074074074073,278.1031473816498,1
47,1,1,1,1,0,0,0,1,1,1,0,1,0,0,1,0,0,0,0,0,0,1,0,1,0,0,0,0,0,0,0,0,1,0,0,1,1,0,1,0,1,0,1,0,0,0,0,1,1,1,1,1,1,1,0.2962962962962963,409.56623963207255,1
48,0,0,0,0,1,1,0,0,0,0,0,0,1,1,1,1,1,1,1,1,1,0,1,0,1,1,1,0,0,1,1,1,0,0,1,0,0,1,0,0,0,1,1,1,1,1,1,0,0,0,0,0,0,0,0.3148148148148148,447.49122935022257,1
49,0,0,0,0,1,1,0,0,0,1,0,0,1,1,1,1,1,1,0,0,1,1,1,0,0,1,1,0,1,1,1,1,0,1,1,0,0,1,0,1,0,0,1,1,0,0,1,0,0,0,0,1,0,0,0.3148148148148148,452.1072423153579,1
50,0,0,0,0,1,1,0,0,0,0,0,0,1,1,1,1,1,1,1,1,1,1,1,0,0,1,1,0,1,1,1,1,0,1,1,0,0,1,0,1,0,1,1,1,1,0,1,0,0,0,0,0,0,0,0.2777777777777778,385.32588934460927,1
51,0,0,0,1,1,1,0,0,0,0,1,0,1,1,1,1,1,1,1,0,1,0,1,0,1,1,1,0,0,1,1,1,0,1,1,0,0,0,0,1,0,1,0,1,1,1,1,0,0,0,0,0,1,0,0.3333333333333333,451.93465974495,1
52,1,0,0,0,1,1,0,0,0,0,0,1,1,1,1,1,1,1,0,0,1,0,1,1,1,1,1,0,0,1,1,1,0,1,1,0,0,1,0,1,0,0,1,1,1,1,1,0,0,0,0,0,1,0,0.3333333333333333,675.46213094863,1
53,0,1,0,1,1,0,0,0,0,0,0,1,1,1,1,1,0,1,0,0,1,0,1,1,0,1,1,1,0,1,1,0,0,1,1,0,0,1,0,1,0,1,0,1,0,1,1,0,0,0,0,0,1,0,0.2962962962962963,517.9022792906856,1
54,1,0,0,0,1,1,0,0,0,0,0,1,1,1,1,1,1,1,0,0,1,1,1,0,1,1,1,0,1,1,1,0,0,1,1,0,0,1,0,1,0,1,1,1,0,0,1,0,0,0,0,0,0,0,0.35185185185185186,654.5868878742455,1
55,1,0,0,0,1,0,0,0,0,0,0,1,1,1,1,1,1,1,0,0,1,0,1,0,1,1,1,0,1,1,0,0,0,0,1,0,0,1,0,1,0,1,0,1,0,0,1,1,0,0,0,0,0,0,0.3148148148148148,445.2784526127051,1
56,0,1,1,1,0,0,1,1,1,1,1,0,0,0,1,0,0,0,1,1,0,1,0,1,0,0,0,1,0,0,0,0,1,0,0,1,1,0,1,1,1,0,0,0,0,0,0,1,1,1,1,0,1,1,0.25925925925925924,395.3241810782164,1
57,0,0,1,0,1,0,0,0,0,0,0,1,1,1,1,1,1,1,1,0,1,0,1,0,1,1,1,0,1,1,0,1,0,1,1,0,0,1,0,1,0,1,1,1,0,1,1,0,0,0,0,0,0,0,0.2777777777777778,553.1767434845196,1
58,0,0,0,0,1,1,0,0,0,0,0,0,1,1,1,1,1,1,0,0,1,0,1,0,0,1,1,0,0,1,0,1,0,0,1,0,0,1,0,0,0,1,1,1,0,1,1,0,0,0,0,0,1,0,0.3148148148148148,377.8113338099297,1
59,1,0,0,1,1,1,0,0,0,0,0,1,1,1,1,1,1,1,1,0,1,0,1,0,0,1,1,0,1,1,1,1,0,1,1,0,0,1,0,1,0,1,0,1,0,1,1,0,0,0,0,1,0,0,0.35185185185185186,556.396347011792,1
60,0,0,0,0,1,1,0,0,0,1,0,0,1,1,1,1,1,1,1,0,1,1,1,0,1,1,1,0,0,1,1,0,0,1,1,0,0,1,0,1,0,1,0,1,1,0,1,0,0,0,0,0,0,0,0.3148148148148148,486.59407722177417,1
61,0,1,0,1,1,0,0,0,0,0,0,0,1,1,1,1,1,1,1,0,1,0,1,1,1,1,1,0,0,1,1,0,0,1,1,0,0,1,0,1,0,1,0,1,0,1,1,0,0,0,0,0,1,0,0.3888888888888889,532.7340604011439,1
62,1,1,0,1,0,1,1,1,1,1,1,1,0,0,1,0,0,0,0,0,0,1,0,1,1,0,0,0,1,0,1,0,1,0,0,1,0,0,1,0,1,0,1,0,1,0,0,1,1,1,1,1,1,1,0.2777777777777778,513.9422562849884,1
63,0,0,0,0,1,0,0,0,0,0,0,0,1,1,1,1,1,1,1,0,1,0,1,0,0,1,1,1,0,1,1,1,0,1,1,0,1,1,0,1,0,0,0,1,0,1,1,0,0,0,0,0,0,0,0.2962962962962963,308.0306683093596,1
64,0,0,0,1,1,0,0,0,0,0,0,0,1,1,1,1,1,1,0,0,1,0,1,0,1,1,1,0,0,1,1,1,0,0,1,0,0,1,0,1,0,0,1,1,1,0,1,0,0,0,0,0,1,0,0.2777777777777778,294.33328308728335,1
65,1,1,0,1,0,1,1,1,1,1,0,0,0,0,0,0,0,0,1,1,0,1,0,1,1,0,0,0,0,0,0,1,1,0,0,1,1,0,1,0,1,0,0,0,0,0,1,1,1,1,1,1,1,1,0.2777777777777778,540.7882462888513,1
66,0,1,1,1,0,1,0,1,1,1,1,0,0,0,1,0,0,0,1,1,0,1,0,1,1,0,0,1,1,0,0,0,1,0,1,1,1,0,1,0,1,0,1,0,1,0,1,1,1,1,1,1,1,1,0.3333333333333333,654.7024341833995,1
67,0,0,0,0,1,1,0,0,0,0,0,0,1,1,1,1,1,1,1,0,1,0,1,0,0,1,1,0,1,1,1,1,0,1,1,0,0,1,0,1,0,1,1,1,0,0,1,0,0,0,0,0,0,0,0.2962962962962963,364.69841024096286,1
68,1,1,0,1,1,1,0,0,0,0,0,0,1,1,1,1,1,1,1,0,1,0,1,0,1,1,1,1,1,1,1,1,0,0,1,0,0,1,0,1,0,1,1,1,1,1,1,0,0,0,0,0,1,0,0.3333333333333333,375.41143330086135,1
69,0,1,0,0,1,1,0,0,0,0,0,1,1,1,1,1,1,1,1,0,1,0,1,0,0,1,1,0,0,1,1,0,0,1,1,0,0,1,0,1,0,1,0,1,0,0,1,0,0,0,0,0,0,0,0.3888888888888889,793.3849934333551,1
70,1,1,1,1,0,0,1,1,1,1,0,0,0,0,1,0,0,0,1,1,0,1,0,1,0,0,0,1,0,0,0,0,1,0,0,1,1,0,1,1,1,1,1,0,0,0,0,1,0,1,1,1,1,1,0.3148148148148148,544.8204373278334,1
71,0,1,0,1,1,1,0,0,0,1,0,1,1,1,1,1,1,1,0,1,1,0,1,0,1,1,1,0,1,1,1,1,0,1,1,0,0,1,0,0,0,1,1,1,0,1,1,0,0,0,0,0,0,0,0.35185185185185186,780.4006619607352,1
72,0,0,0,0,1,0,0,0,0,0,0,0,1,1,0,1,1,1,1,0,1,0,1,0,0,1,1,0,0,1,1,1,0,0,0,0,0,1,0,0,0,0,1,1,0,1,1,0,0,0,0,0,0,0,0.2777777777777778,284.69622326156286,1
73,0,1,0,1,1,0,0,0,0,0,0,0,1,1,1,1,1,1,0,0,1,0,1,0,0,1,1,1,0,1,0,1,0,1,1,0,0,1,0,1,0,1,1,0,0,0,1,0,0,0,0,0,1,0,0.2777777777777778,338.22963572737825,1
74,1,1,0,0,1,1,0,0,0,0,0,0,1,1,1,1,1,0,1,0,1,1,1,0,1,1,1,1,0,1,0,1,0,0,1,0,0,1,0,1,0,1,1,1,1,1,1,0,0,0,0,0,0,0,0.3333333333333333,332.8542901037794,1
75,0,1,1,1,0,1,1,1,1,1,0,0,0,0,1,0,0,0,1,1,0,1,0,1,1,0,0,1,1,0,0,0,1,0,0,1,1,0,1,0,1,0,1,0,1,0,0,1,1,1,1,1,1,1,0.37037037037037035,530.9138003185224,1
76,0,1,1,1,0,1,1,1,1,0,1,0,0,1,1,0,0,1,1,0,0,1,0,1,1,0,0,0,0,0,0,0,1,1,0,1,1,0,1,0,1,0,1,0,1,0,1,1,1,1,1,1,1,1,0.25925925925925924,479.521033622101,1
77,1,1,0,1,0,0,0,1,1,1,1,0,0,0,1,0,0,0,1,1,0,1,0,1,1,0,0,0,1,0,0,0,1,0,0,1,1,0,1,0,1,0,1,0,0,0,1,1,1,1,1,1,0,1,0.3148148148148148,485.22177685470496,1
78,1,1,0,1,0,1,0,1,1,1,1,0,0,0,1,0,0,0,1,1,0,1,0,1,1,0,0,0,0,0,0,0,1,0,0,1,0,0,1,0,1,0,1,0,0,0,0,1,1,1,1,1,1,1,0.25925925925925924,361.6504358288245,1
79,1,0,1,1,0,1,1,1,1,1,1,0,0,0,1,0,0,1,1,0,0,1,0,1,0,0,0,0,0,0,0,0,1,0,0,1,1,0,1,1,1,0,0,0,0,0,0,1,1,0,1,1,1,1,0.2777777777777778,389.5538197508525,1
80,0,0,1,1,0,0,1,1,1,0,1,0,1,0,1,0,0,0,1,1,0,1,0,1,1,0,0,0,1,0,0,0,1,0,0,1,0,0,1,0,1,0,0,0,0,0,0,1,1,1,1,1,1,1,0.24074074074074073,410.54102321708774,1
81,1,1,1,1,0,1,1,1,1,1,0,0,0,0,1,0,0,0,0,1,0,1,0,1,1,0,0,0,1,0,0,0,1,1,0,1,1,0,0,1,1,0,0,0,1,0,0,1,1,1,1,0,1,1,0.3333333333333333,385.20279361979016,1
82,0,1,1,1,0,0,1,1,1,1,0,0,0,0,1,0,0,0,1,0,0,1,0,1,0,0,0,0,0,0,1,0,1,0,0,1,0,0,1,0,1,0,1,0,1,1,0,1,1,1,1,1,1,1,0.2777777777777778,622.9908253969468,1
83,1,1,0,1,0,0,1,1,1,1,1,0,0,0,1,0,0,0,1,1,0,1,0,1,1,0,0,1,0,0,1,0,1,0,0,1,1,0,1,0,1,0,1,0,1,0,0,1,1,1,1,1,1,1,0.3333333333333333,605.2998068440852,1
84,1,1,0,1,0,0,0,1,1,1,0,1,0,0,1,0,0,0,0,1,0,1,0,1,0,1,0,0,0,0,0,0,1,0,0,1,1,0,1,0,1,0,1,0,0,0,0,1,1,1,1,0,1,1,0.3148148148148148,378.9207995680007,1
85,0,0,1,1,1,1,0,0,0,0,0,0,1,1,1,1,1,1,1,0,1,0,1,0,0,1,1,1,0,1,0,0,0,1,1,0,0,1,0,1,0,1,1,1,0,1,1,0,0,0,0,1,0,0,0.35185185185185186,600.5364947953568,1
86,0,0,0,0,1,0,0,0,0,0,0,1,1,1,1,1,1,1,1,1,1,0,1,0,0,1,1,1,1,1,0,1,0,0,1,0,0,1,0,1,0,0,0,1,0,1,0,0,0,0,0,0,1,0,0.42592592592592593,589.3721043227317,1
87,1,1,1,1,0,0,1,1,1,1,1,1,0,0,1,0,0,0,0,1,0,1,0,1,1,0,0,0,1,0,0,0,1,0,1,1,1,0,1,0,1,0,0,0,0,0,1,1,1,1,1,1,1,1,0.25925925925925924,478.4711151531256,1
88,0,0,0,1,1,1,0,0,0,0,0,1,1,1,1,1,1,1,1,1,1,1,1,0,0,1,1,1,0,1,1,1,0,1,1,0,0,1,0,0,0,0,1,1,1,1,0,0,0,0,0,0,0,0,0.3333333333333333,806.9030107271969,1
89,1,1,0,1,0,1,0,1,1,1,1,0,0,0,1,0,0,0,0,1,0,1,0,1,1,0,0,1,0,0,0,0,1,1,0,1,1,0,1,0,1,0,1,0,0,0,0,1,1,1,1,1,0,1,0.3333333333333333,384.8556910165322,1
90,1,1,0,1,0,0,0,1,1,0,1,1,0,0,1,0,0,0,1,1,0,0,0,1,1,0,0,0,0,0,0,0,1,0,0,1,1,0,1,0,1,0,0,0,0,0,0,1,1,1,1,1,1,1,0.2962962962962963,400.5762918576413,1
91,1,0,0,0,1,1,0,0,0,0,0,0,1,1,1,1,1,1,0,0,1,1,1,1,0,1,1,1,0,1,1,1,0,1,1,0,0,1,0,0,0,1,0,1,1,1,1,1,0,0,0,0,0,0,0.2777777777777778,410.3525787015957,1
92,1,1,0,0,0,0,1,1,1,1,1,0,0,0,0,0,0,0,1,0,0,1,0,1,1,0,0,0,0,0,0,0,1,1,0,1,0,0,1,1,1,0,1,0,0,0,0,1,1,1,1,1,1,1,0.2962962962962963,594.4129826789502,1
93,0,1,0,1,0,0,0,1,1,1,1,1,0,0,1,0,0,0,0,1,0,1,0,1,1,1,0,1,0,0,0,0,1,0,0,1,1,0,0,0,1,0,1,0,0,0,0,1,1,1,1,0,1,1,0.2962962962962963,324.2045737996154,1
94,0,1,1,1,0,0,0,0,1,1,1,0,0,0,1,0,0,0,1,1,0,1,0,1,1,0,0,0,0,0,1,0,1,0,0,1,1,0,1,0,1,0,0,0,0,0,1,1,1,1,1,1,1,1,0.35185185185185186,463.09362066132,1
95,0,0,1,1,0,1,1,1,1,1,0,1,0,0,1,0,0,0,1,0,0,0,0,1,1,0,0,0,0,0,0,0,1,0,0,1,1,0,1,1,1,0,1,0,1,1,0,1,1,1,1,0,1,1,0.2962962962962963,508.404589968706,1
96,0,0,1,1,0,1,1,1,1,1,1,0,0,0,1,0,0,1,1,1,0,1,0,1,1,0,0,0,0,0,1,0,1,1,0,1,1,0,0,0,1,0,1,0,0,0,1,1,1,1,1,0,0,1,0.3333333333333333,404.08037102156635,1
97,1,1,0,1,0,1,1,1,1,1,1,1,0,0,1,0,0,0,1,1,0,0,0,1,1,0,0,1,0,0,0,0,1,0,0,1,1,0,1,0,1,0,0,0,0,0,0,1,1,1,1,1,1,1,0.37037037037037035,410.7466854086397,1
98,1,1,1,1,0,1,0,1,1,1,0,1,0,0,1,0,0,0,1,0,0,1,0,1,1,0,0,0,1,0,1,0,1,1,0,1,0,0,1,1,1,0,1,0,0,0,0,1,1,1,1,1,1,1,0.4074074074074074,438.0859919650616,1
99,1,1,0,0,0,0,1,1,1,1,1,0,0,0,1,0,0,0,1,1,0,1,0,1,1,0,0,0,0,0,0,0,1,0,0,1,1,1,1,1,1,0,0,1,0,0,0,1,1,1,1,0,1,1,0.35185185185185186,517.8355269962302,1
