,0,1,2,3,4,5,6,7,8,9,10,11,12,13,14,15,16,17,18,19,20,21,22,23,24,25,26,27,28,29,30,31,32,33,34,35,chain_break_fraction,energy,num_occurrences
0,0,0,1,0,0,1,0,0,0,0,0,1,0,0,0,1,0,1,1,0,1,0,0,0,1,0,0,1,0,0,0,0,0,0,0,0,0.2222222222222222,8.666457483137325,1
1,0,0,1,0,0,1,0,0,0,0,0,1,0,1,0,1,0,1,1,0,1,0,0,0,1,0,1,1,0,0,0,0,0,0,0,0,0.2222222222222222,13.624156741140435,1
2,0,0,1,1,0,1,0,0,0,0,0,1,0,0,0,1,0,1,1,0,1,0,0,0,1,0,1,1,0,0,0,0,0,0,0,0,0.2222222222222222,14.628336640040331,1
3,1,0,1,0,0,1,0,0,0,0,0,1,0,0,1,0,0,1,1,0,1,0,0,0,1,0,1,1,0,0,0,0,0,0,0,0,0.16666666666666666,6.302010981137103,1
4,0,0,1,0,0,1,0,0,0,0,0,1,0,1,0,1,0,1,1,0,1,0,0,0,0,0,1,1,0,0,0,0,0,0,0,0,0.25,16.37621732098026,1
5,0,0,1,1,0,1,0,0,0,0,0,1,0,0,1,1,0,1,1,0,1,1,0,0,0,0,1,1,0,0,0,0,0,0,0,0,0.2222222222222222,17.790086569913093,2
6,0,0,1,1,0,1,0,0,0,0,0,1,0,0,0,1,0,1,0,0,1,0,0,0,1,0,1,1,0,0,0,0,0,0,0,0,0.2222222222222222,17.27957442550525,1
7,0,0,1,1,0,1,0,0,0,0,0,1,0,1,1,1,0,1,1,0,1,1,0,1,0,0,1,1,0,0,0,0,0,0,0,0,0.2777777777777778,24.61807419483224,1
8,1,0,1,1,0,1,0,0,0,0,0,1,0,0,0,1,0,1,1,0,1,1,0,1,1,0,1,1,0,0,0,0,0,0,0,0,0.2777777777777778,16.64909173434873,1
9,1,0,1,1,0,1,0,0,0,0,0,1,0,0,1,1,0,1,1,0,1,1,0,0,1,0,1,1,0,0,0,0,0,0,0,0,0.3055555555555556,18.14836547002295,1
10,1,0,1,1,0,1,0,0,0,0,0,1,0,0,1,0,0,1,1,0,1,1,0,1,1,0,0,1,0,0,0,0,0,0,0,0,0.3055555555555556,14.34314318565657,1
11,0,0,1,0,0,1,0,0,0,0,0,1,0,1,0,1,0,1,1,0,1,0,0,0,1,0,1,1,0,0,0,0,0,0,0,0,0.25,13.624156741140435,1
12,1,0,1,1,0,1,0,0,0,0,0,1,0,1,0,1,0,1,1,0,1,0,0,1,1,0,1,1,0,0,0,0,0,0,0,0,0.25,22.124245308653233,1
13,0,0,1,1,0,1,0,0,0,0,0,1,0,0,0,1,0,1,1,0,1,0,0,0,1,0,0,1,0,0,0,0,0,0,0,0,0.2777777777777778,16.673911932300886,1
14,1,0,1,1,0,1,0,0,0,0,0,1,0,1,0,1,0,1,1,0,1,1,0,1,1,0,1,1,0,0,0,0,0,0,0,0,0.3055555555555556,21.611889970164018,1
15,0,0,1,1,0,1,0,0,0,0,0,1,0,0,1,0,0,1,1,0,1,1,0,1,0,0,0,1,0,0,0,0,0,0,0,0,0.2777777777777778,13.801123127161983,1
16,0,0,1,0,0,1,0,0,0,0,0,1,0,1,0,1,0,1,1,0,1,0,0,0,0,0,0,1,0,0,0,0,0,0,0,0,0.25,18.944436665098387,1
17,0,0,1,0,0,1,0,0,0,0,0,1,0,1,0,1,0,1,1,0,1,0,0,0,0,1,1,1,0,0,0,0,0,0,0,0,0.19444444444444445,12.872096161300625,1
18,0,0,1,1,0,1,0,0,0,0,0,1,0,0,1,1,0,1,1,0,1,1,0,0,1,0,1,1,0,0,0,0,0,0,0,0,0.3055555555555556,16.020099205571373,1
19,0,0,1,1,0,1,0,0,0,0,0,1,0,0,0,1,0,1,1,0,1,1,0,0,0,0,1,1,0,0,0,0,0,0,0,0,0.2222222222222222,14.806743002585426,1
20,0,0,1,1,0,1,0,0,0,0,0,1,0,1,0,1,0,1,1,0,1,1,0,1,1,0,1,1,0,0,0,0,0,0,0,0,0.3055555555555556,19.983912538238524,1
21,0,0,1,1,0,1,0,0,0,0,0,1,0,0,0,1,0,1,1,0,1,1,0,0,1,0,1,1,1,0,0,0,0,0,0,0,0.19444444444444445,13.584821829626078,1
22,1,0,1,1,0,1,0,0,0,0,0,1,0,0,1,1,0,1,1,0,1,1,0,1,0,0,1,1,0,0,0,0,0,0,0,0,0.2777777777777778,19.7584512989882,1
23,1,0,1,1,0,1,0,0,0,0,0,1,0,0,0,1,0,1,1,0,1,1,0,0,1,0,1,1,0,0,0,0,0,0,0,0,0.2777777777777778,15.165021913217839,1
24,1,0,1,0,0,1,0,0,0,0,0,1,0,0,0,0,0,1,1,0,1,0,0,0,0,0,0,1,0,0,0,0,0,0,0,0,0.19444444444444445,7.615479406328993,1
25,1,0,1,0,0,1,0,0,0,0,0,1,0,1,0,1,0,1,1,0,1,0,0,0,1,0,1,1,0,0,0,0,0,0,0,1,0.2222222222222222,9.982424483301132,1
26,1,0,1,1,0,1,0,0,0,0,0,1,0,0,0,1,0,1,1,0,1,0,0,1,0,0,1,1,0,0,0,0,0,0,0,0,0.25,17.272525407500517,1
27,1,0,1,1,0,1,1,0,0,0,0,1,0,0,1,0,0,1,1,0,1,1,0,1,1,0,0,1,0,0,0,0,0,0,0,0,0.3055555555555556,15.831902690584363,1
28,0,0,1,1,0,1,0,0,0,0,0,1,0,0,1,0,1,1,1,0,1,1,0,1,1,0,1,1,0,0,0,0,0,0,0,0,0.2222222222222222,15.57330337422056,1
29,1,0,1,1,0,1,0,0,0,0,0,1,0,1,0,1,0,1,1,0,1,1,0,1,0,0,1,1,0,0,0,0,0,0,0,0,0.2777777777777778,23.238043083031634,1
30,1,0,1,1,0,1,0,0,0,0,0,1,0,0,1,0,1,1,1,0,1,1,0,1,1,0,1,1,0,0,0,0,0,0,0,1,0.3333333333333333,12.724774125499085,1
31,1,0,1,0,0,1,0,0,0,0,0,1,0,1,0,1,0,1,1,0,1,0,0,0,0,0,1,1,0,0,0,0,0,0,0,0,0.19444444444444445,19.54955239947961,1
32,0,0,1,0,0,1,0,0,0,0,0,1,0,0,1,0,1,1,1,0,1,0,0,0,0,0,1,1,0,0,0,0,0,0,0,0,0.19444444444444445,8.991616676607041,1
33,1,0,1,1,0,1,0,0,0,0,0,1,0,0,0,1,0,1,1,0,1,0,0,1,0,0,1,1,0,0,0,0,0,0,0,0,0.2222222222222222,17.272525407500517,1
34,0,0,1,1,0,1,0,0,1,0,0,1,0,0,0,1,0,1,1,0,1,0,0,0,1,0,1,1,1,0,0,0,0,0,0,0,0.25,16.38853972005967,1
35,0,0,1,1,0,1,0,0,0,0,0,1,0,0,0,1,0,1,1,0,1,1,0,0,0,0,0,1,0,0,0,0,0,0,0,0,0.25,16.27087157412894,1
36,1,0,1,1,0,1,1,0,0,0,0,1,0,0,1,0,1,1,1,0,1,1,0,1,1,0,1,1,0,0,0,0,0,0,0,0,0.3611111111111111,17.712458327754362,1
37,0,0,1,1,0,1,0,0,0,0,0,1,0,1,0,1,1,1,1,0,1,1,0,1,1,0,1,1,0,0,0,0,0,0,0,0,0.3333333333333333,22.519311966874437,1
38,1,0,1,1,0,1,0,0,0,0,0,1,0,0,0,0,1,1,1,0,1,1,0,0,1,0,0,1,0,0,0,0,0,0,0,0,0.2222222222222222,14.216917388709327,1
39,0,0,1,1,0,1,0,0,0,0,0,1,0,0,0,1,0,1,1,0,1,1,0,0,0,0,1,1,0,0,0,0,0,0,0,0,0.19444444444444445,14.806743002585426,1
40,0,0,1,1,0,1,0,0,0,0,0,1,0,0,1,1,1,1,1,0,0,1,0,1,0,0,0,1,0,0,0,0,0,0,0,0,0.3333333333333333,22.89168842942102,1
41,0,0,1,1,0,1,0,0,0,0,0,1,0,1,0,1,0,1,1,0,1,1,0,1,0,0,0,1,0,0,0,0,0,0,0,0,0.2777777777777778,22.306663589679637,1
42,0,0,1,1,0,1,0,0,0,0,0,1,0,0,1,0,0,1,1,0,1,1,0,1,1,0,0,1,0,0,0,0,0,0,0,0,0.3888888888888889,13.715165672405165,1
43,0,0,1,1,0,1,0,0,0,0,0,1,0,0,0,1,1,1,1,0,1,1,0,1,1,0,1,1,0,0,0,0,0,0,0,0,0.3333333333333333,17.55651373087035,1
44,0,0,1,0,0,1,0,0,1,0,0,1,0,0,0,0,0,1,1,0,1,0,0,0,1,0,1,1,0,0,0,0,0,0,0,0,0.2222222222222222,5.170294651450204,1
45,1,0,1,1,0,1,0,0,0,0,0,1,0,0,0,1,1,1,1,0,1,1,0,1,0,0,1,1,0,0,0,0,0,0,0,0,0.25,19.866768165391964,1
46,0,0,1,1,0,0,0,0,0,0,0,1,0,0,0,1,0,1,1,0,1,0,0,1,1,0,1,1,0,0,0,0,0,0,0,0,0.16666666666666666,9.991851437793263,1
47,0,0,1,1,0,1,0,0,0,0,0,1,0,0,0,1,0,1,0,0,1,1,0,1,0,0,0,1,0,0,0,0,0,0,0,0,0.2777777777777778,16.64923940926084,1
48,1,0,1,1,0,1,0,0,0,0,0,1,0,0,1,0,0,1,1,0,1,1,0,1,0,0,0,1,0,0,0,0,0,0,0,0,0.3333333333333333,14.970719389220445,1
49,0,0,1,0,0,1,0,0,0,0,0,1,0,1,0,1,1,1,1,0,1,1,0,0,1,0,1,1,0,0,0,0,0,0,0,0,0.25,15.128673192050869,1
50,0,0,1,1,0,1,0,0,1,0,0,1,0,0,0,1,0,1,1,0,1,0,0,1,0,0,1,1,0,0,0,0,0,0,0,0,0.2777777777777778,18.082686313777845,1
51,1,0,1,1,0,1,0,0,0,0,0,1,0,0,1,0,0,1,1,0,1,0,0,1,1,0,1,1,0,0,0,0,0,0,0,1,0.3333333333333333,7.456069679743132,1
52,1,0,1,0,0,1,0,0,0,0,0,1,0,0,0,0,1,1,1,0,1,0,0,1,1,0,0,1,0,0,0,0,0,0,0,1,0.16666666666666666,5.92229146724395,1
53,1,0,1,1,0,1,0,0,0,0,0,1,0,0,1,0,1,1,1,0,1,1,0,0,0,0,1,1,0,0,0,0,0,0,0,0,0.2777777777777778,16.588405781608422,1
54,1,0,1,0,0,1,0,0,0,0,0,1,0,1,0,1,0,1,1,0,1,0,0,0,1,0,1,0,1,0,0,0,0,0,0,0,0.25,17.863480153969597,1
55,1,0,1,1,0,1,0,0,0,0,0,1,0,1,1,0,0,1,1,0,1,1,0,1,1,0,1,1,0,0,0,0,0,0,0,0,0.3055555555555556,18.06226268815341,1
56,1,0,1,0,0,1,0,0,0,0,0,1,0,1,1,0,0,1,1,0,1,1,0,1,1,0,0,1,1,0,0,0,0,0,0,0,0.25,13.717741767382092,1
57,0,0,1,1,0,1,0,0,0,0,0,1,0,0,0,1,1,1,1,0,1,0,0,0,1,0,1,1,0,0,0,0,0,0,1,0,0.2777777777777778,13.19011464500779,1
58,0,0,1,1,0,1,0,0,0,0,0,1,0,0,0,1,0,1,1,0,1,1,0,1,0,0,1,1,0,0,0,0,0,0,0,0,0.3333333333333333,16.105644751089095,1
59,0,0,1,0,0,1,0,0,1,0,0,1,0,1,0,1,0,1,1,0,1,0,0,0,0,0,1,1,0,0,0,0,0,0,0,0,0.25,20.925983556909195,1
60,1,0,1,0,0,1,0,0,0,0,0,1,0,0,0,1,0,1,1,0,1,1,0,0,0,0,1,1,0,0,0,0,0,0,0,0,0.19444444444444445,10.076289366139072,1
61,0,0,1,1,0,1,0,0,0,0,0,1,0,0,0,1,0,1,1,0,0,1,0,0,0,0,1,1,1,0,0,0,0,0,0,0,0.2222222222222222,14.998630428099899,1
62,1,0,1,1,0,1,0,0,0,0,0,1,0,1,0,1,0,1,1,0,1,1,0,1,0,0,0,1,0,0,0,0,0,0,0,0,0.3333333333333333,24.976259851743492,1
63,1,0,1,1,0,1,0,0,0,0,0,1,0,0,1,0,1,1,1,0,1,1,0,1,0,0,1,1,0,0,0,0,0,0,1,0,0.19444444444444445,13.620292804462979,1
64,0,0,1,1,0,1,0,0,0,0,0,1,0,0,1,0,1,1,1,0,1,1,0,1,1,0,0,1,0,0,0,0,0,0,0,1,0.2777777777777778,11.70062923380997,1
65,1,0,1,1,0,1,0,0,0,0,0,1,0,0,0,1,0,1,1,0,1,1,0,0,1,0,0,1,0,0,0,0,0,0,0,0,0.3055555555555556,16.627723549473778,1
66,0,0,1,0,0,1,0,0,0,0,0,1,0,0,1,0,0,1,0,0,1,0,0,0,0,0,1,1,0,0,0,0,0,0,1,0,0.2222222222222222,5.079392047139547,1
67,1,0,1,1,1,0,0,0,0,0,1,0,0,1,0,0,1,0,0,1,0,0,1,0,0,1,0,1,0,0,1,0,0,0,1,1,0.1111111111111111,6.18897624768042,1
68,1,0,1,1,0,1,0,0,0,0,0,1,0,0,0,0,1,1,1,0,1,1,0,1,1,1,0,1,0,0,0,0,0,0,0,0,0.3055555555555556,18.106295164191792,1
69,1,0,1,0,0,1,0,0,0,0,0,1,0,1,0,1,0,1,1,0,0,1,0,1,1,0,1,1,0,0,0,0,0,0,0,0,0.3055555555555556,15.00628499299919,1
70,1,0,1,1,0,1,0,0,0,0,0,1,0,0,1,1,0,1,1,0,1,1,0,1,0,0,0,1,1,0,0,0,0,0,0,0,0.3888888888888889,20.195993400411727,1
71,0,0,1,1,0,1,1,0,0,0,0,1,0,1,1,1,0,1,0,0,1,0,0,1,1,0,1,1,0,0,0,0,0,0,0,0,0.3055555555555556,31.60241038603807,1
72,1,0,1,1,0,1,1,0,0,0,0,1,0,0,0,1,0,1,1,0,1,0,0,1,0,0,1,1,0,0,0,0,0,0,0,0,0.25,20.755741764923823,1
73,0,0,1,1,0,1,0,0,1,0,0,1,0,0,1,1,0,1,0,0,1,1,0,0,1,0,1,1,0,0,0,0,0,0,1,0,0.2222222222222222,16.27633336967498,1
74,1,0,1,1,0,1,0,0,0,0,0,1,0,0,0,1,0,1,1,0,1,1,0,1,0,0,0,1,1,0,0,0,0,0,0,0,0.3333333333333333,17.708601938864284,1
75,0,0,1,0,0,1,0,0,0,0,0,1,0,1,0,1,0,1,1,0,0,0,0,1,1,0,0,1,1,0,0,0,0,0,0,0,0.2777777777777778,13.50970717993209,1
76,0,0,1,1,0,1,0,0,0,0,0,1,0,0,1,0,1,1,1,0,1,1,0,1,0,0,1,1,0,0,0,0,0,0,0,0,0.3333333333333333,15.685994452528579,1
77,0,0,1,0,0,1,0,0,0,0,0,1,0,1,1,1,0,1,0,0,1,0,0,0,0,0,1,1,0,0,0,1,0,0,0,0,0.2777777777777778,18.740173627615512,1
78,1,0,1,0,0,1,0,0,0,0,0,1,0,0,0,1,1,1,1,0,1,0,0,1,1,1,1,1,0,0,0,0,0,0,0,0,0.2222222222222222,12.052849171456828,1
79,1,0,1,0,0,1,1,0,0,0,0,1,0,1,0,1,0,1,1,0,1,1,0,1,1,0,0,1,0,0,0,0,0,0,0,0,0.3055555555555556,19.0482329132015,1
80,0,0,1,0,0,1,0,0,0,0,0,1,0,0,1,1,0,1,1,0,0,0,0,0,0,0,1,1,1,0,0,0,0,0,0,0,0.25,13.316194235232196,1
81,0,0,1,1,0,1,0,0,0,0,0,1,0,1,0,1,1,1,1,0,1,1,0,1,1,0,1,1,0,0,0,0,0,0,0,0,0.3611111111111111,22.519311966874437,1
82,1,0,1,1,0,1,0,0,1,0,0,1,0,0,0,1,0,1,1,0,0,1,0,1,1,0,0,1,0,0,0,0,0,0,0,0,0.2222222222222222,19.617969849154537,1
83,1,0,1,1,0,1,0,0,0,0,0,1,0,0,1,1,0,1,0,0,1,1,0,1,1,0,1,1,0,0,0,0,0,0,0,0,0.3611111111111111,18.68432956434716,1
84,1,1,0,1,1,1,1,0,0,0,0,0,0,1,0,0,1,0,0,0,0,0,1,0,0,1,0,1,1,0,1,0,1,0,1,1,0.08333333333333333,6.32330656956879,1
85,1,1,0,0,1,0,1,1,0,1,1,0,1,0,1,0,1,0,0,1,0,0,1,0,0,1,0,0,1,1,1,1,0,0,1,1,0.2222222222222222,24.258126021326113,1
86,1,0,1,1,0,1,1,0,0,0,0,1,0,0,0,1,0,1,1,0,0,1,0,0,1,0,0,1,0,0,0,0,0,0,0,0,0.3055555555555556,22.205576249197357,1
87,0,0,1,0,0,1,0,0,0,0,0,1,0,0,0,1,1,1,1,0,0,1,0,1,0,0,0,1,0,0,0,0,0,0,0,0,0.2222222222222222,12.48479839358182,1
88,1,0,1,0,0,1,0,0,0,0,0,1,0,0,1,0,1,1,1,0,1,1,0,0,0,0,0,1,0,0,0,0,0,0,1,0,0.2222222222222222,7.531775455607007,1
89,1,0,0,1,0,1,0,0,0,0,0,1,0,0,1,0,0,1,1,0,1,1,0,1,1,0,1,1,0,0,0,0,0,0,0,0,0.25,13.254454094604661,1
90,1,0,1,1,0,1,0,0,0,0,0,1,0,0,0,1,1,1,1,0,1,1,0,1,0,0,1,1,1,0,0,0,0,1,0,0,0.3888888888888889,23.490762753940107,1
91,1,1,0,0,1,0,1,1,1,0,1,0,1,0,0,0,1,0,0,1,0,0,1,0,0,1,0,0,1,1,1,0,1,0,1,1,0.2222222222222222,16.76436776142061,1
92,1,1,0,0,1,0,0,1,0,1,1,0,1,0,0,0,0,0,0,1,0,0,0,0,0,1,0,0,1,1,1,1,1,0,1,1,0.25,24.51280839027655,1
93,1,0,1,0,0,1,0,0,0,0,0,1,0,0,1,0,1,1,1,0,1,0,0,1,1,0,0,1,0,0,0,0,0,0,0,0,0.25,9.069783709238804,1
94,1,0,1,1,0,1,0,0,1,0,0,1,0,0,0,0,0,1,1,0,1,0,0,1,0,0,0,1,1,0,0,0,0,0,0,0,0.2222222222222222,14.031518106091584,1
95,0,0,1,0,1,1,0,0,1,0,0,1,0,1,0,1,1,1,1,0,0,1,0,1,0,0,1,1,0,0,0,0,0,0,0,0,0.3611111111111111,23.943593519827413,1
96,1,0,1,1,0,1,0,0,0,0,0,1,0,0,0,1,1,1,1,0,0,1,0,1,1,0,0,1,0,1,0,0,0,0,0,0,0.25,19.95146047874707,1
97,0,1,0,0,1,1,1,1,0,1,1,0,0,0,0,0,0,0,0,1,0,0,1,0,0,1,0,0,1,1,1,1,1,0,1,1,0.2222222222222222,24.26697034784294,1
98,1,0,1,1,0,1,1,0,0,0,0,1,0,0,0,1,1,1,1,0,1,1,0,1,0,0,1,1,1,0,0,0,0,0,0,0,0.3333333333333333,22.509460790558116,1
