,0,1,2,3,4,5,6,7,8,9,10,11,12,13,14,15,16,17,18,19,20,21,22,23,24,25,26,27,28,29,30,31,32,33,34,35,chain_break_fraction,energy,num_occurrences
0,1,1,1,1,0,0,0,1,0,1,0,1,1,0,0,0,0,1,1,1,1,1,0,0,1,0,1,0,1,1,0,0,0,1,0,0,0.3333333333333333,22.50110636001476,1
1,1,1,1,1,0,0,0,1,0,1,0,1,1,0,1,0,0,1,1,1,1,1,0,0,1,0,1,0,1,1,0,0,0,1,0,0,0.3333333333333333,24.817537830975557,1
2,1,1,1,1,0,0,0,1,0,1,0,1,1,0,1,0,0,1,1,1,1,1,0,0,1,0,1,0,1,1,0,0,0,1,0,0,0.3333333333333333,24.817537830975557,1
3,1,1,1,1,0,0,0,1,0,1,0,1,1,0,1,0,0,1,1,1,1,1,0,0,1,0,1,0,1,1,1,0,0,1,0,0,0.3055555555555556,24.215843208104346,1
4,1,1,1,1,0,0,0,1,0,1,0,1,1,0,0,0,0,1,1,0,1,1,0,0,1,0,1,0,1,0,0,0,0,1,0,0,0.3055555555555556,21.42639904128161,1
5,1,1,1,1,0,0,0,1,0,1,0,1,1,0,1,0,0,1,1,1,1,1,0,0,1,0,1,0,1,0,1,0,0,1,0,0,0.3055555555555556,22.18532470880468,1
6,1,1,1,1,0,0,0,1,0,1,0,1,1,0,0,0,0,1,1,1,1,1,0,0,1,0,1,0,1,0,1,0,0,1,0,0,0.2777777777777778,19.370659162441626,1
7,1,1,1,1,0,1,0,1,0,1,0,1,1,0,0,0,0,1,1,1,1,1,0,0,1,0,1,0,1,0,0,0,0,1,0,0,0.3055555555555556,21.606454524934207,1
8,1,1,1,1,0,0,0,1,0,1,0,1,1,0,1,0,0,1,1,1,1,1,0,0,1,0,1,0,1,0,0,0,0,1,0,0,0.3333333333333333,23.853092433077986,1
9,1,1,1,1,0,0,0,1,0,1,0,1,1,0,0,0,0,1,1,0,1,1,0,0,1,0,1,0,1,0,0,0,0,1,0,0,0.3333333333333333,21.42639904128161,1
10,1,1,1,1,0,0,0,1,0,1,0,1,1,0,1,0,0,1,1,0,1,1,0,0,1,0,1,0,1,0,0,0,0,1,0,0,0.3055555555555556,25.743328436610774,1
11,1,1,1,1,0,0,0,1,0,1,0,1,1,0,0,0,0,1,1,0,1,1,0,0,1,0,1,0,1,0,0,0,0,1,0,0,0.25,21.42639904128161,1
12,1,1,1,1,0,0,0,1,0,1,0,1,1,0,1,0,0,1,1,1,1,1,0,0,1,0,1,0,1,0,0,0,0,1,0,0,0.3611111111111111,23.853092433077986,1
13,1,1,1,1,0,0,0,1,0,1,0,1,1,0,0,0,0,1,1,1,1,1,0,0,1,0,1,0,1,0,0,0,0,1,0,0,0.3333333333333333,20.536651583325565,1
14,1,1,1,1,0,0,0,1,0,1,0,1,1,0,1,0,0,1,1,1,1,1,0,0,1,0,1,0,1,0,0,0,0,1,0,0,0.3055555555555556,23.853092433077986,1
15,1,1,1,1,0,0,0,1,0,1,0,1,1,0,0,0,0,1,1,1,1,1,0,0,1,0,1,0,1,0,0,0,0,1,0,0,0.25,20.536651583325565,1
16,0,1,1,1,0,0,0,1,0,1,0,1,1,0,0,0,0,1,1,1,1,1,0,0,1,0,1,0,1,0,0,0,0,1,0,0,0.2777777777777778,18.45463046370889,1
17,1,1,1,1,0,0,0,1,0,1,0,1,1,0,0,0,0,1,1,1,1,1,0,0,1,0,1,0,1,0,0,0,0,1,0,0,0.2777777777777778,20.536651583325565,1
18,1,1,1,1,0,0,0,1,0,1,0,1,1,0,1,0,0,1,1,1,1,1,0,0,1,0,1,0,1,0,0,0,0,1,0,0,0.3611111111111111,23.853092433077986,1
19,1,1,1,1,0,0,0,1,0,1,0,1,1,0,1,0,0,1,1,1,1,1,0,0,1,0,1,0,1,0,1,0,1,1,0,0,0.3055555555555556,21.450195919020715,1
20,1,1,1,1,0,0,0,1,0,1,0,1,1,0,1,0,0,1,1,0,1,1,0,0,1,0,1,0,1,0,0,0,0,1,0,0,0.3333333333333333,25.743328436610774,1
21,1,1,1,1,0,0,0,1,0,1,0,1,1,0,0,0,0,1,1,1,1,1,0,0,1,0,1,0,1,1,0,0,1,1,0,0,0.3888888888888889,22.946806700398522,1
22,1,1,1,1,0,0,0,1,0,1,0,1,1,0,1,0,0,1,1,1,1,1,0,0,1,0,1,0,1,0,0,0,0,1,0,0,0.3333333333333333,23.853092433077986,1
23,1,1,1,1,0,0,0,1,0,1,0,1,1,0,0,0,0,1,1,1,1,1,0,0,1,0,1,0,1,0,0,0,0,1,0,0,0.3611111111111111,20.536651583325565,1
24,1,1,1,1,0,1,0,1,0,1,0,1,1,0,0,0,0,1,1,1,1,1,0,0,1,0,1,0,1,1,0,0,1,1,0,0,0.3055555555555556,19.200772151585994,1
25,1,1,1,1,0,0,0,1,0,1,0,1,1,0,1,0,0,1,1,1,1,1,0,0,1,0,1,0,1,0,1,0,1,1,0,0,0.3611111111111111,21.450195919020715,1
26,0,0,0,1,1,1,1,0,1,0,1,0,0,1,0,0,1,1,0,0,0,0,1,0,0,1,0,1,0,1,0,1,1,1,0,1,0.3055555555555556,15.260971410900911,1
27,1,1,1,1,0,0,0,1,0,1,0,1,1,0,1,0,0,1,1,1,1,1,0,0,1,0,1,0,1,0,0,0,0,1,0,0,0.3611111111111111,23.853092433077986,1
28,1,1,1,1,0,0,0,1,0,1,0,1,1,0,1,0,0,1,1,1,1,1,0,0,1,0,1,0,1,1,0,0,0,1,0,0,0.2777777777777778,24.817537830975557,1
29,1,1,1,1,0,0,0,1,0,1,0,1,1,0,0,0,0,1,1,1,1,1,0,0,1,0,1,0,1,0,1,0,0,1,0,0,0.3333333333333333,19.370659162441626,1
30,0,0,0,1,1,1,1,0,1,0,0,0,0,1,0,1,1,1,0,0,0,0,1,0,0,1,0,1,0,1,0,1,1,1,0,1,0.25,17.057608541542614,1
31,1,1,1,1,0,0,0,1,0,1,0,1,1,0,0,0,0,1,1,1,1,1,0,0,1,0,1,0,1,0,0,0,0,1,0,0,0.3055555555555556,20.536651583325565,1
32,1,1,1,1,0,0,0,1,0,1,0,1,1,0,1,0,0,1,1,1,1,1,0,0,1,0,1,0,1,1,0,0,0,1,0,0,0.3611111111111111,24.817537830975557,1
33,0,0,0,1,1,1,1,0,1,0,0,0,0,1,0,1,1,1,0,0,0,0,1,0,0,1,0,1,0,1,0,1,1,1,0,1,0.25,17.057608541542614,1
34,1,1,1,1,0,0,0,1,0,1,0,1,1,0,0,0,0,1,1,1,1,1,0,0,1,0,1,0,1,1,0,0,1,1,0,0,0.4166666666666667,22.946806700398522,1
35,1,1,1,1,0,0,0,1,0,1,0,1,1,0,1,0,0,1,1,1,1,1,0,0,1,0,1,0,1,0,0,0,0,1,0,0,0.3888888888888889,23.853092433077986,1
36,1,1,1,1,1,0,0,1,0,1,0,1,1,0,1,0,0,1,1,1,1,1,0,0,1,0,1,0,1,0,0,0,0,1,0,0,0.3333333333333333,23.88802477773952,1
37,0,0,0,1,1,1,1,0,1,0,1,0,0,1,0,0,1,1,0,0,0,0,1,0,0,1,0,1,0,1,1,1,1,1,1,1,0.3333333333333333,21.805594322669663,1
38,1,1,1,1,0,0,0,1,0,1,0,1,1,0,0,0,0,1,1,1,1,1,0,0,1,0,1,0,1,1,0,0,1,1,0,0,0.3611111111111111,22.946806700398522,1
39,1,1,1,1,1,0,0,1,0,1,0,1,1,0,0,0,0,1,1,0,1,1,0,0,1,0,1,0,1,1,0,0,0,1,0,0,0.3055555555555556,19.77471824748775,1
40,1,1,1,1,0,0,0,1,0,1,0,1,1,0,0,0,0,1,1,1,1,1,0,0,1,0,1,0,1,0,0,0,0,1,0,0,0.3888888888888889,20.536651583325565,1
41,1,1,1,1,0,1,0,1,0,1,0,1,1,0,0,0,0,1,1,1,1,1,0,0,1,0,1,0,1,0,0,0,0,1,0,0,0.3611111111111111,21.606454524934207,1
42,0,0,0,1,1,1,1,0,1,0,1,0,0,1,0,0,1,1,0,0,0,0,1,0,0,1,0,1,0,1,1,1,1,1,1,1,0.3333333333333333,21.805594322669663,1
43,1,1,1,1,0,0,0,1,0,1,0,1,1,0,1,0,0,1,1,1,1,1,0,0,1,0,1,0,1,0,0,0,1,1,0,0,0.3333333333333333,22.56042795800767,1
44,1,1,1,1,0,0,0,1,0,1,0,1,1,0,0,0,0,1,1,1,1,1,0,0,1,0,1,0,1,0,0,0,1,1,0,0,0.3611111111111111,19.743987409278702,1
45,0,0,0,1,1,1,1,0,1,0,1,0,0,1,0,0,1,1,0,0,0,0,1,0,0,1,0,1,0,1,0,1,1,1,0,1,0.3055555555555556,15.260971410900911,1
46,1,1,1,1,0,0,0,1,0,1,0,1,1,0,1,0,0,1,1,0,1,1,0,0,1,0,1,0,1,0,0,0,0,1,0,0,0.3611111111111111,25.743328436610774,1
47,0,1,1,1,0,0,0,1,0,1,0,1,1,0,1,0,0,1,1,1,1,1,0,0,1,0,1,0,1,0,0,0,1,1,0,0,0.2777777777777778,20.528107591499538,1
48,0,1,1,1,0,0,0,1,0,1,0,1,1,0,0,0,0,1,1,1,1,1,0,0,1,0,1,0,1,0,0,0,0,1,0,0,0.2777777777777778,18.45463046370889,1
49,1,1,1,1,0,0,0,1,0,1,1,1,1,0,0,0,0,1,1,1,1,1,0,0,1,0,1,0,1,0,0,0,0,1,0,0,0.3333333333333333,23.891967908029887,1
50,1,1,1,1,0,0,0,1,0,1,0,1,1,0,1,0,0,1,1,1,1,1,0,0,1,0,1,0,1,0,1,0,0,1,0,0,0.3333333333333333,22.18532470880468,1
51,0,1,1,1,0,0,0,1,0,1,0,1,1,0,1,0,0,1,1,1,1,1,0,0,1,0,1,0,1,0,0,0,0,1,0,0,0.2777777777777778,21.271066799733713,1
52,1,1,1,1,0,0,0,1,0,1,0,1,1,0,1,0,0,1,1,1,1,1,0,0,1,0,1,0,1,0,1,0,0,1,0,0,0.3055555555555556,22.18532470880468,1
53,1,1,1,1,0,0,0,1,0,1,0,1,1,0,1,0,0,1,1,1,1,1,0,0,1,0,1,0,1,0,0,0,0,1,0,0,0.2777777777777778,23.853092433077986,1
54,0,0,0,1,1,1,1,0,1,0,1,0,0,1,0,1,1,1,0,0,0,1,1,0,0,1,0,1,0,1,0,1,1,1,0,1,0.3333333333333333,22.22234611347926,1
55,0,0,0,1,1,1,1,0,1,0,0,0,0,1,0,1,1,1,0,0,0,0,1,0,0,1,0,1,0,1,1,1,1,0,1,1,0.2777777777777778,15.702153873102345,1
56,1,1,1,0,0,0,0,1,0,1,0,1,1,0,1,0,0,1,1,0,1,1,0,0,1,0,1,0,1,0,0,0,0,1,0,0,0.3611111111111111,15.876503337091275,1
57,0,1,1,1,0,0,0,1,0,1,0,1,1,0,1,0,0,1,1,1,1,1,0,0,1,0,1,0,1,0,1,0,0,1,0,0,0.3333333333333333,20.197716576231805,1
58,0,0,0,1,1,1,1,0,1,0,0,0,0,1,0,1,1,1,0,0,0,0,1,0,0,1,0,1,0,1,1,1,1,1,0,1,0.3055555555555556,18.612408568456207,1
59,1,1,1,1,0,0,0,1,0,1,0,1,1,0,0,0,0,1,1,1,1,1,0,0,1,0,0,0,1,0,1,0,0,1,0,0,0.2777777777777778,19.855395223395988,1
60,1,1,1,1,0,0,0,1,0,1,0,1,1,0,1,0,0,1,1,1,1,1,0,0,1,0,1,0,1,0,0,0,0,1,0,0,0.3611111111111111,23.853092433077986,1
61,0,0,0,1,1,1,1,0,1,0,1,0,0,1,0,1,1,1,0,0,0,0,1,0,0,1,0,1,0,1,0,1,1,1,0,1,0.3055555555555556,18.70238520605164,1
62,0,0,0,1,1,1,1,0,1,0,1,0,0,1,0,0,1,1,0,0,0,0,1,0,0,1,0,1,0,1,0,1,1,1,0,1,0.3055555555555556,15.260971410900911,1
63,1,0,0,1,1,1,1,0,1,0,1,0,0,1,0,0,1,1,0,0,0,0,1,0,0,1,0,1,0,1,0,1,1,1,1,1,0.3333333333333333,18.07593594909514,1
64,0,0,0,1,1,1,1,0,1,0,0,0,0,1,0,1,1,1,0,0,0,0,1,0,0,1,0,1,0,1,0,1,1,0,1,1,0.25,14.669696764182104,1
65,0,0,0,1,1,1,1,0,1,0,1,0,0,1,0,0,1,1,0,0,0,0,1,0,0,1,0,1,0,1,1,1,0,0,1,1,0.3055555555555556,11.952785857593824,1
66,1,1,1,1,0,0,0,1,0,1,0,1,1,0,1,0,0,1,1,1,1,1,0,0,1,0,1,0,1,1,0,0,0,1,0,0,0.3888888888888889,24.817537830975557,1
67,1,0,0,1,1,1,1,0,1,0,1,0,0,1,0,0,1,1,0,0,0,0,1,0,0,1,0,1,0,1,1,1,1,1,0,1,0.2777777777777778,16.16854049258845,1
68,1,1,1,1,0,0,0,1,0,1,0,1,1,0,0,0,0,1,1,1,1,1,0,0,1,0,1,0,1,1,0,0,0,1,0,0,0.3055555555555556,22.50110636001476,1
69,1,1,1,1,0,0,0,1,0,1,1,1,1,0,0,0,0,1,1,1,1,1,0,0,1,0,1,0,1,0,0,0,0,1,1,0,0.3888888888888889,23.094347287728,1
70,1,1,1,1,0,0,0,1,0,1,0,1,1,0,1,0,0,1,1,1,1,1,0,0,1,0,1,0,1,0,1,0,1,1,0,0,0.3333333333333333,21.450195919020715,1
71,0,0,0,1,1,1,1,0,1,0,1,0,0,1,1,0,1,1,0,0,0,0,1,0,0,1,0,1,0,1,1,1,1,1,0,1,0.3055555555555556,17.532911611459227,1
72,0,1,1,1,0,0,0,1,0,1,0,1,1,0,0,0,1,1,1,1,1,1,0,0,1,0,1,0,1,1,1,0,0,1,0,0,0.3055555555555556,21.683524156277024,1
73,0,0,0,1,1,1,1,0,1,0,1,0,0,1,0,0,1,1,0,0,0,0,1,0,0,1,0,1,0,1,0,1,1,1,0,1,0.3055555555555556,15.260971410900911,1
74,1,1,1,1,0,1,0,1,0,1,0,1,1,0,0,0,0,1,1,1,1,1,0,0,1,0,1,0,1,0,0,0,0,1,1,0,0.3333333333333333,20.05634685729433,1
75,1,1,1,1,0,0,0,1,0,1,0,1,1,0,1,0,0,1,1,1,1,1,0,0,1,0,1,0,1,1,0,0,1,1,0,0,0.3888888888888889,24.76323787033586,1
76,0,0,0,1,1,1,1,0,1,0,1,0,0,1,0,1,1,1,0,0,0,1,1,0,0,1,0,1,0,1,1,1,1,0,0,1,0.3333333333333333,18.129081225957325,1
77,1,1,1,1,0,0,0,1,0,1,0,1,1,0,1,0,0,1,1,0,1,1,0,0,1,0,1,0,1,0,0,0,1,1,0,0,0.3888888888888889,23.400116909976767,1
78,0,1,1,1,0,0,1,1,0,1,0,1,1,0,0,0,0,1,1,1,1,1,0,0,1,0,1,0,1,0,0,0,0,1,0,0,0.3333333333333333,21.958817175200636,1
79,0,0,0,1,1,1,1,0,1,0,0,0,0,1,0,1,1,1,0,0,0,0,1,0,0,1,0,1,0,1,0,1,1,1,1,1,0.3055555555555556,20.456499898064873,1
80,0,1,1,1,0,0,0,1,0,1,0,1,1,0,0,0,0,1,1,1,1,1,0,0,1,0,1,0,1,0,0,0,0,1,0,0,0.3611111111111111,18.45463046370889,1
81,1,1,1,1,1,0,0,1,0,1,0,1,1,0,1,0,0,1,1,1,1,1,0,0,1,0,1,0,1,0,0,0,0,1,0,0,0.3888888888888889,23.88802477773952,1
82,1,0,0,1,1,1,1,0,1,0,1,0,0,1,0,1,1,1,0,0,0,0,1,0,0,1,0,1,0,1,0,1,1,1,1,1,0.3055555555555556,21.51735485630103,1
83,1,1,1,1,0,0,0,1,0,1,0,1,1,0,0,1,0,1,1,1,1,1,0,0,1,0,1,0,1,0,0,0,0,1,0,0,0.3333333333333333,29.169533282830375,1
84,1,0,0,1,1,1,1,0,1,0,1,0,0,1,0,0,1,1,0,0,0,0,1,0,0,1,0,1,0,1,1,1,1,0,1,1,0.25,13.324793730897165,1
85,0,0,0,1,1,1,1,0,1,0,1,0,0,1,0,1,1,1,0,0,0,0,1,0,0,1,0,1,0,1,0,1,0,1,1,1,0.3333333333333333,19.207867275776593,1
86,1,1,1,1,0,1,0,1,0,1,0,1,1,0,1,0,0,1,1,1,1,1,0,0,1,0,1,0,1,0,0,0,1,1,0,0,0.3888888888888889,23.529989751518233,1
87,0,0,0,1,1,1,1,0,1,0,1,0,0,0,0,1,1,1,0,0,0,1,1,0,0,1,0,1,0,1,0,1,1,0,0,1,0.25,13.470656480942603,1
88,1,1,1,1,0,1,0,1,0,1,0,1,1,0,1,0,0,1,1,1,0,1,0,0,1,0,1,0,1,1,0,0,1,1,0,0,0.3611111111111111,24.39820032499713,1
89,0,0,0,1,1,1,1,0,1,0,1,0,0,1,1,0,1,1,0,0,0,0,1,0,0,1,0,1,0,1,0,1,1,1,1,1,0.3333333333333333,19.380562203593264,1
90,0,0,0,1,1,1,1,0,1,0,0,0,0,1,0,1,1,1,0,0,0,0,1,0,0,1,0,1,0,1,0,1,1,1,1,1,0.3888888888888889,20.456499898064873,1
91,1,1,1,1,0,1,0,1,0,1,0,1,1,0,0,0,0,1,1,1,1,1,0,0,1,0,1,0,1,0,0,0,0,1,0,0,0.3333333333333333,21.606454524934207,1
92,0,1,1,1,0,1,0,1,0,1,0,1,1,0,0,0,0,1,1,1,1,1,0,0,1,0,1,1,1,0,1,0,1,1,0,0,0.3333333333333333,17.65047025249585,1
93,0,0,0,0,1,1,1,0,1,0,1,0,0,1,0,0,1,1,0,0,0,0,1,0,0,1,0,1,0,1,1,1,1,1,0,1,0.3055555555555556,18.91994579194207,1
94,1,1,1,1,0,0,0,1,0,1,0,1,1,0,1,0,0,0,1,0,1,1,0,0,1,0,1,0,1,0,0,0,0,1,0,0,0.2777777777777778,20.070809413956216,1
95,0,0,0,1,1,1,1,0,1,0,0,0,0,1,0,1,1,1,0,0,0,0,1,1,0,1,0,1,0,1,1,1,1,1,0,1,0.3055555555555556,28.59564818665945,1
96,1,0,0,1,1,1,1,0,1,0,0,0,0,1,0,1,1,1,0,0,0,1,1,1,0,1,0,1,0,1,1,1,0,1,1,1,0.3888888888888889,34.44825909170291,1
97,0,0,0,1,1,1,1,0,1,0,1,0,0,1,1,0,1,1,0,0,0,0,1,0,0,1,0,1,0,1,0,1,1,0,1,1,0.3611111111111111,13.593761866162332,1
98,1,0,0,1,1,1,1,0,1,0,1,0,0,1,0,1,1,1,0,0,0,0,1,1,0,1,0,1,0,1,1,1,0,1,1,1,0.4166666666666667,28.197970000843963,1
99,1,1,1,1,0,0,0,1,0,1,0,1,1,0,1,0,0,0,1,1,1,1,0,0,1,0,1,0,1,0,0,0,0,1,1,0,0.3611111111111111,20.73971243571035,1
