,0,1,2,3,4,5,6,7,8,9,10,11,12,13,14,15,16,17,18,19,20,21,22,23,24,25,26,27,28,29,30,31,32,33,34,35,36,37,38,39,40,41,42,43,44,45,46,47,48,49,50,51,52,53,chain_break_fraction,energy,num_occurrences
0,0,0,1,1,0,1,0,1,0,1,0,0,1,1,1,1,1,0,0,0,0,0,0,1,0,0,1,1,0,0,0,1,0,1,1,0,0,0,1,1,0,1,0,1,0,0,0,0,1,0,1,1,1,0,0.2962962962962963,317.00583016914976,1
1,1,0,1,1,0,1,0,1,0,1,0,0,1,1,1,1,1,0,0,0,0,0,0,0,0,0,1,1,0,0,0,0,0,1,0,0,1,0,1,1,0,1,0,1,1,0,0,0,1,0,1,1,1,0,0.2777777777777778,262.926097434044,1
2,1,0,1,1,0,1,0,1,0,1,0,1,1,0,1,1,1,0,1,0,0,0,0,1,0,0,1,1,0,0,0,1,0,1,0,0,0,0,1,1,0,1,0,1,0,0,0,0,1,0,1,1,1,0,0.2777777777777778,442.5803186270281,1
3,0,0,1,1,0,1,0,1,0,1,0,1,1,1,1,1,1,0,1,0,0,0,0,1,0,0,1,1,0,0,0,1,0,1,0,0,0,0,1,1,0,1,0,1,1,0,0,0,1,0,1,1,1,0,0.2962962962962963,406.70759479479506,1
4,1,0,1,1,0,1,0,1,0,1,0,0,1,1,1,1,1,0,0,0,0,0,0,1,0,0,1,1,0,0,0,1,1,1,1,0,1,0,1,1,0,1,0,1,0,0,0,0,1,0,1,1,1,0,0.2777777777777778,345.6423867896114,1
5,0,0,1,1,0,1,0,1,0,0,0,1,0,1,1,1,1,0,0,0,0,0,0,1,0,0,1,1,0,0,0,1,0,1,1,0,0,0,1,1,0,1,0,1,0,0,0,0,1,0,1,1,1,0,0.2962962962962963,366.304003544792,1
6,1,0,1,1,0,1,0,1,0,1,1,1,1,0,1,1,1,0,0,0,0,0,0,0,1,0,1,1,0,0,0,0,0,1,0,0,1,0,1,1,0,1,0,1,0,0,0,0,1,0,1,1,1,0,0.2777777777777778,385.91335085932053,1
7,1,0,1,1,0,1,0,1,1,0,0,0,1,1,1,1,1,0,1,0,0,0,0,0,0,0,1,1,0,0,0,1,0,1,0,0,0,0,1,1,0,1,0,1,0,0,0,0,1,0,1,1,1,0,0.2962962962962963,342.8947012591039,1
8,0,0,1,1,0,1,0,1,0,1,0,1,1,1,1,1,1,0,0,0,0,0,0,1,1,0,1,1,0,0,0,0,0,0,0,0,0,0,1,1,0,1,0,1,0,0,0,0,1,0,1,1,1,0,0.2962962962962963,565.3244197531703,1
9,1,0,1,1,0,1,0,1,0,1,1,0,1,0,1,1,1,0,1,0,0,0,0,0,0,0,1,1,0,0,0,1,0,1,0,0,0,0,1,1,0,1,0,1,0,0,0,0,1,0,1,1,1,0,0.2777777777777778,267.9346258010751,1
10,0,0,1,1,0,1,0,1,0,1,0,0,1,1,1,1,1,0,0,0,0,0,0,0,0,0,1,1,0,0,0,1,0,0,0,0,0,0,1,1,0,1,0,1,1,0,0,0,1,0,1,1,1,0,0.2777777777777778,262.5792050964075,1
11,0,1,0,0,1,0,1,0,1,1,0,0,0,0,0,0,0,1,1,1,1,1,1,0,0,1,0,0,1,1,1,0,1,0,1,1,0,1,0,0,1,0,1,0,0,1,1,1,0,1,0,0,0,1,0.2777777777777778,466.39900160118026,1
12,0,1,0,0,1,0,1,0,1,1,1,0,0,0,1,0,0,1,0,1,1,1,1,0,0,1,0,0,1,1,1,0,1,0,1,1,0,1,0,0,1,0,1,0,0,1,1,1,0,1,0,0,0,1,0.25925925925925924,414.27124855452206,1
13,1,0,1,1,0,1,0,1,0,1,0,0,1,0,1,1,1,0,0,0,0,0,0,0,1,0,1,0,0,0,0,1,0,1,1,0,0,0,1,1,0,1,0,1,1,0,0,0,1,0,1,1,1,0,0.3148148148148148,285.9677022322426,1
14,1,0,1,1,1,1,0,1,0,0,0,0,1,1,1,1,1,0,0,0,0,0,0,1,0,0,1,1,0,0,0,1,0,1,0,0,0,0,1,0,0,1,0,1,1,0,0,0,1,0,1,1,1,0,0.3148148148148148,348.9918258025775,1
15,0,0,1,1,0,1,0,1,0,1,0,0,1,0,1,1,1,0,0,0,0,0,0,0,0,0,1,1,0,0,0,0,0,1,0,0,0,0,1,1,0,1,0,1,0,0,0,0,1,0,1,1,1,0,0.2962962962962963,224.93614028235197,1
16,1,0,1,1,0,1,0,1,0,1,0,1,0,1,1,1,1,0,0,0,0,0,0,1,1,0,1,0,0,0,0,1,0,1,0,0,0,0,1,1,0,1,0,1,1,0,0,0,1,0,1,1,1,0,0.25925925925925924,431.2761593058332,1
17,1,0,1,1,0,1,0,1,0,1,0,0,1,1,1,1,1,0,0,0,0,0,0,0,0,0,1,1,0,0,0,1,0,0,0,0,0,0,1,1,0,1,0,1,1,0,0,0,1,0,1,1,1,0,0.35185185185185186,266.3958364694038,1
18,1,0,1,1,0,1,0,1,1,0,0,0,1,1,1,1,1,0,0,0,0,0,0,1,0,0,1,1,0,0,0,0,0,1,0,0,0,0,1,1,0,1,0,1,0,0,0,0,1,0,1,1,1,0,0.2962962962962963,495.2588030094876,1
19,0,0,1,1,0,1,0,1,1,1,0,0,1,1,1,1,1,0,0,0,0,0,0,1,0,0,1,0,0,0,0,1,0,1,0,0,0,0,1,1,0,1,0,1,0,0,0,0,1,0,1,1,1,0,0.3333333333333333,473.52333542100325,1
20,1,0,1,1,0,1,0,1,0,1,0,0,1,1,1,1,1,0,0,0,0,0,0,0,0,0,0,1,0,0,0,1,0,1,1,0,0,0,1,1,0,1,0,1,0,0,0,0,1,0,1,1,1,0,0.2962962962962963,229.10558559931934,1
21,1,0,1,1,0,1,0,1,0,1,0,0,1,1,1,1,1,0,1,0,0,0,0,1,1,0,1,1,0,0,0,0,0,0,0,0,0,0,1,1,0,1,0,1,1,0,1,0,1,0,1,1,1,0,0.2962962962962963,363.54363082997634,1
22,0,1,0,0,1,0,1,0,1,1,0,0,0,0,0,0,0,1,1,1,1,1,1,0,0,1,0,0,1,1,1,0,1,0,1,1,0,1,0,0,1,0,1,0,0,1,1,1,0,1,0,0,0,1,0.2962962962962963,466.39900160118026,1
23,0,1,0,0,1,0,1,0,1,0,1,0,0,0,0,0,0,1,0,1,1,1,1,0,0,1,0,0,1,1,1,0,1,0,1,1,0,1,0,0,1,0,1,0,1,1,0,1,0,1,0,0,0,1,0.2962962962962963,530.774992012061,1
24,1,0,1,1,0,1,0,1,0,0,0,0,0,0,1,1,0,0,0,0,0,0,0,1,1,0,1,0,0,0,0,1,0,0,0,0,0,0,1,1,0,1,0,1,0,0,0,0,1,0,1,1,1,0,0.24074074074074073,280.69060806990456,1
25,1,0,1,1,0,1,0,1,0,1,0,0,1,1,1,1,1,0,0,0,0,0,0,1,0,0,1,0,0,0,0,0,0,1,0,0,0,0,1,1,0,1,0,1,0,0,0,0,0,0,1,1,1,0,0.2777777777777778,437.0624063276934,1
26,1,0,1,1,0,1,0,1,0,0,0,0,1,1,1,1,1,0,0,0,0,0,1,1,1,0,1,0,0,0,0,1,0,0,0,0,0,0,1,1,0,1,0,1,1,0,0,0,1,0,1,1,1,0,0.2962962962962963,393.13016318861827,1
27,1,0,1,1,0,1,0,1,0,1,0,1,0,1,1,1,1,0,0,0,0,0,0,1,0,0,1,1,0,0,0,1,0,0,1,0,0,0,1,1,0,1,0,1,1,0,0,0,1,0,1,1,1,0,0.3333333333333333,382.4315275823171,1
28,1,0,1,1,0,1,0,1,0,1,0,0,1,1,1,1,1,0,0,0,0,0,0,1,0,0,1,1,0,0,0,0,0,1,0,0,0,0,1,1,0,1,0,1,1,0,0,0,1,0,1,0,1,0,0.3333333333333333,346.4184652806623,1
29,1,1,0,0,1,0,1,0,0,1,1,0,0,0,0,0,0,1,0,1,1,1,1,0,0,1,0,0,1,1,1,0,1,0,1,1,0,1,0,0,1,0,1,0,1,1,0,1,0,1,0,0,0,1,0.3333333333333333,577.5576491422498,1
30,0,1,0,0,1,0,1,0,1,1,1,0,1,0,0,0,0,1,0,1,1,1,1,0,0,1,0,0,1,1,1,0,1,1,0,1,0,1,0,0,1,0,1,0,1,1,1,1,0,1,0,0,0,1,0.2777777777777778,518.0184562076636,1
31,0,1,0,0,0,0,1,0,1,1,0,0,0,0,0,0,0,1,0,1,1,1,1,0,0,1,0,0,1,1,1,0,1,0,1,1,0,1,0,0,1,0,1,0,0,1,1,1,0,1,0,0,0,1,0.2962962962962963,542.7123321947711,1
32,1,0,1,1,0,1,0,1,0,1,0,0,1,1,1,1,1,0,1,0,0,0,0,1,0,0,1,1,0,0,0,1,0,1,1,0,0,0,1,1,0,1,0,1,0,0,1,0,1,0,1,1,1,0,0.35185185185185186,337.31066619880255,1
33,0,0,1,1,0,1,0,1,0,0,0,0,1,1,1,1,1,0,1,0,0,0,0,0,1,0,1,1,0,0,0,1,0,0,0,0,1,0,1,1,0,1,0,1,1,0,0,0,1,0,1,1,1,0,0.2777777777777778,271.1531590574101,1
34,0,1,0,0,1,0,1,0,1,0,0,0,0,0,0,0,0,1,0,1,1,1,1,0,0,1,0,0,1,1,1,0,0,0,0,1,0,1,0,0,1,1,1,0,0,1,0,1,0,1,0,0,0,1,0.2962962962962963,371.08608655521664,1
35,0,0,1,1,0,1,0,1,0,1,0,0,1,0,1,1,1,0,0,0,0,0,0,1,1,0,1,1,0,0,0,1,0,0,1,0,1,0,1,1,0,1,0,1,1,0,0,0,1,0,1,1,1,0,0.3333333333333333,310.07749429462,1
36,0,0,1,1,0,1,1,1,0,0,0,0,1,0,1,1,1,0,0,0,0,0,0,1,1,0,1,1,0,0,0,1,0,1,1,0,0,0,1,1,0,1,0,1,1,0,0,0,1,0,1,1,1,0,0.2962962962962963,311.5434722793469,1
37,1,0,1,1,0,1,0,1,0,0,1,0,1,0,1,1,1,0,0,0,0,0,0,0,1,0,1,0,0,0,0,0,0,0,0,0,0,0,1,1,0,1,0,1,0,0,0,0,1,0,0,1,1,0,0.2777777777777778,371.87494131946823,1
38,1,0,1,1,0,1,0,1,0,0,0,1,0,1,1,1,1,0,0,0,0,0,0,1,1,0,1,1,0,0,0,1,1,0,0,0,0,0,1,1,0,1,0,1,1,0,0,0,1,0,1,1,1,0,0.2962962962962963,387.44884020539706,1
39,0,1,0,0,1,0,1,0,1,0,1,1,0,0,0,0,0,1,1,1,1,1,1,0,1,1,0,0,1,1,1,1,1,0,1,1,0,1,0,0,1,1,1,0,0,1,1,1,0,1,0,0,0,1,0.3333333333333333,575.2282346138534,1
40,0,1,0,0,1,0,1,0,0,1,1,0,0,0,0,0,0,1,0,1,1,1,1,0,1,1,0,0,1,1,1,0,1,0,1,1,1,1,0,0,1,0,1,0,1,1,1,1,0,1,0,0,0,1,0.2962962962962963,716.7996050133561,1
41,0,1,0,0,1,0,1,0,1,0,0,1,0,0,0,0,0,1,1,1,1,1,1,0,1,1,0,0,1,1,1,0,1,0,1,1,0,1,0,0,1,0,1,0,0,1,0,1,0,1,0,0,0,1,0.37037037037037035,375.115530330643,1
42,0,0,1,1,0,1,0,1,0,0,0,1,1,1,1,1,1,0,1,0,0,0,0,1,1,0,1,1,0,0,0,1,0,0,0,0,1,0,1,1,0,1,0,1,1,0,0,0,1,0,1,1,1,0,0.3148148148148148,406.5182068964672,1
43,1,0,1,1,0,1,0,1,0,1,0,1,0,1,1,1,1,0,0,0,0,0,0,1,1,0,1,1,0,0,0,1,0,1,1,0,0,0,1,1,0,1,0,1,1,0,0,0,1,0,1,1,1,0,0.3148148148148148,393.95957127357406,1
44,0,1,0,0,1,0,1,0,1,1,0,0,0,0,1,0,0,1,0,1,1,1,1,0,0,1,0,0,1,1,1,1,1,0,1,1,0,1,0,0,1,0,1,0,0,1,1,1,0,1,0,0,0,1,0.3148148148148148,496.5777063854194,1
45,1,1,0,0,1,0,1,0,1,0,1,1,0,0,0,0,0,1,0,1,1,0,1,0,1,1,0,0,1,1,1,0,1,0,1,1,0,1,0,0,1,0,1,0,0,1,0,1,0,1,0,0,0,1,0.3148148148148148,376.46594708686894,1
46,0,1,0,0,1,0,1,0,0,1,1,0,0,0,0,0,0,1,0,1,1,1,1,0,0,1,0,0,1,1,1,1,1,0,0,1,0,1,0,0,1,0,1,0,1,1,1,1,0,1,0,0,0,1,0.3333333333333333,712.8117907094145,1
47,0,1,0,0,0,0,1,0,0,0,1,1,0,0,0,0,0,1,0,1,1,1,1,0,1,1,0,0,1,1,1,0,1,0,1,1,0,1,0,0,1,0,1,0,1,1,1,1,0,1,0,0,0,1,0.2962962962962963,652.6795635735368,1
48,0,1,0,0,1,0,1,0,1,0,0,0,0,0,0,0,0,1,1,1,1,1,1,0,1,1,0,0,1,1,1,0,1,0,1,1,0,1,0,0,1,0,1,0,1,1,1,1,0,1,0,0,0,1,0.3148148148148148,613.1479308101905,1
49,0,0,1,1,0,1,0,1,0,1,0,1,0,1,1,1,1,0,0,0,0,0,0,1,1,0,1,0,0,0,0,0,0,1,0,0,0,0,1,1,0,1,0,1,1,0,0,0,1,0,1,1,1,0,0.25925925925925924,436.5394909696556,1
50,0,1,0,0,0,0,1,0,0,1,1,0,1,0,0,0,0,1,0,1,1,1,1,0,1,1,0,0,1,1,1,1,1,0,0,1,0,1,0,0,1,0,1,0,0,1,1,1,0,1,0,0,0,1,0.3333333333333333,538.2645679380336,1
51,0,1,0,0,1,0,1,0,1,0,1,1,0,0,0,0,0,1,0,1,1,1,1,0,0,1,0,0,1,1,1,0,1,0,1,1,0,1,0,0,1,0,1,0,0,1,0,1,0,1,0,0,0,1,0.24074074074074073,381.58935657737527,1
52,1,1,0,0,1,0,1,0,1,0,0,1,0,0,0,0,0,1,0,1,1,0,1,0,0,1,0,0,1,1,1,1,1,0,1,1,0,1,0,0,1,0,1,0,0,1,1,1,0,1,0,0,0,1,0.2777777777777778,514.8935321616527,1
53,0,0,1,1,0,1,0,1,0,0,0,0,0,1,1,0,1,0,0,0,0,0,0,1,1,0,1,1,0,0,0,0,0,1,0,0,0,0,1,1,0,1,0,1,0,0,0,0,1,0,0,1,1,0,0.2777777777777778,378.01764401775694,1
54,1,1,0,0,1,0,1,0,0,0,1,0,0,0,0,0,0,1,0,1,1,1,1,0,0,1,0,0,1,1,1,1,1,0,1,1,0,1,0,0,1,0,1,0,0,1,1,1,0,0,0,0,0,1,0.3333333333333333,550.426764412014,1
55,1,0,1,1,0,1,0,1,0,1,1,0,1,1,1,1,1,0,0,0,0,0,0,1,0,0,1,1,0,0,0,1,0,1,1,0,0,0,1,1,0,1,0,1,0,0,0,0,1,0,1,1,1,0,0.3888888888888889,376.58593043070414,1
56,1,1,0,0,1,0,1,0,1,0,0,0,0,0,0,0,0,1,1,1,1,1,1,0,1,1,0,0,1,1,1,1,1,0,1,1,0,1,0,0,1,1,1,0,0,1,1,1,0,1,0,0,0,1,0.3333333333333333,694.7138739621838,1
57,1,0,1,1,1,1,0,1,0,1,0,0,1,1,1,1,1,0,0,0,0,0,0,1,0,0,1,1,0,0,0,1,0,0,0,0,0,0,1,1,0,1,0,1,1,0,1,0,1,0,1,1,1,0,0.37037037037037035,347.905302572819,1
58,0,1,0,0,0,0,1,0,1,0,1,0,1,0,0,0,0,1,0,1,1,1,1,0,1,1,0,0,1,1,0,1,1,0,1,1,0,1,0,0,1,0,1,0,1,1,1,1,0,1,0,0,0,1,0.2777777777777778,665.3314290566387,1
59,0,1,0,0,0,0,1,0,1,0,0,1,0,0,0,0,0,1,1,1,1,1,1,0,0,1,0,0,1,1,1,1,1,0,1,1,0,1,0,0,1,0,1,0,0,1,1,1,0,0,0,0,0,1,0.3333333333333333,476.548700022584,1
60,0,1,0,0,1,0,1,0,0,1,1,0,0,0,0,0,0,1,1,1,1,1,1,1,1,1,0,0,1,1,1,1,0,0,1,1,0,1,0,0,1,1,1,0,0,1,1,1,0,1,0,0,0,1,0.2777777777777778,482.5573943247058,1
61,0,1,0,0,1,0,1,0,1,0,0,0,0,0,0,0,0,1,0,1,1,1,1,0,0,1,0,0,1,1,1,1,1,0,1,1,0,1,0,0,1,0,1,0,0,1,1,1,0,0,0,0,0,1,0.3333333333333333,529.2261412606922,1
62,1,0,1,1,0,1,0,1,0,1,0,1,1,1,1,0,1,0,0,0,0,0,0,0,0,0,1,1,0,0,0,1,0,1,1,0,0,0,1,1,0,1,0,1,0,0,0,0,1,0,0,1,1,0,0.2777777777777778,350.0876466605086,1
63,0,1,0,0,1,0,1,0,1,1,0,0,0,0,0,0,0,1,0,1,1,1,1,0,0,1,1,0,1,1,1,1,1,0,0,1,0,1,0,0,1,1,1,0,0,1,1,1,0,1,0,0,0,1,0.35185185185185186,572.4380389916255,1
64,1,1,0,0,1,0,0,0,1,1,1,0,0,0,0,0,0,1,0,1,1,1,1,0,1,1,0,0,1,1,1,1,0,0,1,1,0,1,0,0,1,1,1,0,1,1,0,1,0,1,0,0,0,1,0.2777777777777778,545.7292630313337,1
65,0,1,0,0,1,0,1,0,1,0,1,1,0,0,1,0,0,1,0,1,1,1,1,0,0,1,0,0,1,1,1,1,1,0,1,1,0,1,0,0,1,0,1,0,0,1,0,1,0,1,0,0,0,1,0.3333333333333333,421.1370432406947,1
66,0,1,0,0,1,0,0,0,0,0,1,0,1,0,0,0,0,1,0,1,1,1,1,0,0,1,0,0,1,1,1,1,1,0,0,1,0,1,0,0,1,0,1,0,1,1,1,1,0,1,0,0,0,1,0.3148148148148148,757.1294111917059,1
67,0,1,0,0,1,0,1,0,1,1,0,1,0,0,1,0,0,1,0,1,1,1,1,1,1,1,0,0,1,1,1,0,1,0,1,1,0,1,0,0,1,0,1,0,1,1,1,1,1,1,0,0,0,1,0.24074074074074073,494.69943854547324,1
68,0,1,0,0,1,0,1,0,0,0,1,0,0,0,0,0,0,1,0,1,1,1,1,0,0,1,0,0,1,1,1,0,1,0,1,1,0,1,0,0,1,0,0,0,0,1,0,1,1,1,0,0,0,1,0.3148148148148148,481.21055606856896,1
69,0,1,0,0,1,0,1,0,1,0,0,0,0,0,0,0,0,1,0,1,1,1,1,0,0,1,1,0,1,1,1,0,1,0,0,1,0,1,0,0,1,0,0,0,0,1,1,1,0,1,0,0,0,1,0.3148148148148148,387.05754405143466,1
70,0,1,0,0,0,0,1,0,1,0,1,1,0,0,0,0,0,1,0,1,1,1,1,0,0,1,0,0,1,1,1,0,1,0,1,1,0,1,0,0,1,0,1,0,0,1,0,1,0,1,0,0,0,1,0.3888888888888889,398.8387669998239,1
71,0,1,0,0,0,0,1,0,1,1,0,0,0,0,0,0,0,1,0,1,1,1,1,0,1,1,0,0,1,1,1,0,1,0,1,1,0,1,0,0,1,0,1,0,0,1,0,1,0,1,0,0,0,1,0.37037037037037035,439.6420158374021,1
72,0,1,0,0,1,0,1,0,1,0,0,1,0,0,0,0,0,1,0,1,1,1,1,0,0,1,1,0,1,1,1,1,1,0,1,1,0,1,0,0,0,0,1,0,1,1,1,1,0,1,0,0,0,1,0.3148148148148148,519.1985750622287,1
73,0,1,0,0,1,0,1,0,1,0,1,0,1,0,0,0,0,1,0,1,1,1,1,0,1,1,0,1,1,1,1,0,1,0,0,1,0,1,0,0,1,0,1,0,0,1,0,1,0,1,0,0,0,1,0.3148148148148148,352.5913526545729,1
74,0,1,0,0,1,0,0,0,1,1,1,1,0,0,0,1,0,1,0,1,1,1,1,0,1,1,0,0,1,1,1,0,1,0,1,1,0,1,0,0,1,0,1,0,0,1,1,1,0,1,0,0,0,1,0.24074074074074073,409.3573012075059,1
75,0,1,0,0,1,0,1,0,1,0,0,1,1,0,0,0,0,1,0,1,1,1,1,0,0,1,0,0,1,1,1,0,1,0,1,1,0,1,0,0,1,0,1,0,0,1,1,1,0,1,0,0,0,1,0.3333333333333333,432.373185281889,1
76,0,1,0,0,1,0,1,0,0,1,1,0,1,0,0,0,0,1,0,1,1,1,1,0,0,1,0,0,1,1,1,0,1,0,1,1,0,1,0,0,1,0,1,0,0,1,0,1,0,1,0,0,0,1,0.35185185185185186,429.6640035107235,1
77,0,1,0,0,1,0,1,0,1,0,0,0,0,0,0,0,0,1,0,1,1,1,1,0,1,1,0,0,1,1,0,0,1,0,1,1,0,1,0,0,1,0,1,0,1,1,0,1,0,0,0,0,0,1,0.3333333333333333,452.2170303728081,1
78,0,1,0,0,1,0,1,0,1,1,1,1,0,0,0,0,0,1,0,1,1,1,1,0,0,1,0,0,1,1,1,1,0,0,1,1,0,1,0,0,1,1,1,0,1,1,0,1,0,1,1,0,0,1,0.2777777777777778,644.2871741174071,1
79,1,1,0,0,1,0,1,0,0,1,1,0,0,0,0,0,0,0,0,1,1,1,1,0,1,1,0,0,1,1,1,0,1,0,1,1,0,1,0,0,1,0,1,0,0,1,0,1,0,1,0,0,0,1,0.3148148148148148,491.9413195396324,1
80,0,1,0,0,0,0,1,0,1,0,0,0,0,0,0,0,0,1,1,1,1,1,1,0,0,1,0,0,1,1,1,1,1,0,0,1,0,1,0,0,1,0,1,0,1,1,0,1,0,1,0,0,0,1,0.3888888888888889,620.0926047917147,1
81,1,0,1,1,0,1,0,1,0,1,0,1,1,0,1,1,1,0,1,0,0,0,0,0,0,0,1,1,0,0,0,0,1,1,0,0,0,0,1,0,0,1,1,1,0,0,0,0,1,0,1,1,1,0,0.2777777777777778,313.88593193759976,1
82,1,1,0,0,1,0,1,0,0,1,1,1,0,0,0,0,0,1,0,1,1,1,1,0,0,1,0,0,1,1,1,1,1,0,1,1,0,1,0,0,1,0,1,0,1,1,0,1,0,1,0,0,0,1,0.37037037037037035,565.8635698706423,1
83,1,0,1,1,0,1,0,1,1,1,0,0,1,0,1,1,1,0,0,0,0,0,0,0,1,0,1,1,0,0,0,1,0,1,0,0,0,0,1,1,0,1,0,1,0,0,1,0,1,0,1,1,1,0,0.3148148148148148,303.2999480887212,1
84,1,0,1,1,1,1,0,0,0,1,0,1,1,0,1,0,1,0,1,0,0,1,0,1,1,0,1,1,0,0,0,1,0,1,0,0,0,0,1,1,0,1,0,1,1,0,0,0,1,0,1,1,1,0,0.3148148148148148,407.64988370498145,1
85,0,1,0,0,1,0,1,0,1,1,1,0,0,0,0,0,0,1,1,1,1,1,1,0,0,1,0,0,1,1,1,0,1,0,1,1,0,1,0,0,1,0,1,0,1,1,1,1,0,1,0,0,0,1,0.35185185185185186,557.5160926677178,1
86,1,1,0,0,1,0,1,0,0,0,1,0,1,0,0,0,0,1,0,1,1,1,1,0,0,1,0,0,1,1,1,0,1,0,1,1,0,1,0,0,1,0,0,0,0,1,0,1,0,1,0,0,0,1,0.3333333333333333,409.25070867429713,1
87,0,0,1,1,0,1,0,1,0,1,0,0,1,1,1,1,1,0,1,0,0,1,0,1,0,0,0,0,0,0,0,1,0,0,0,0,0,0,1,1,0,1,0,1,0,0,0,0,1,0,1,0,1,0,0.3148148148148148,310.9089076867602,1
88,0,0,1,1,0,1,0,1,0,1,1,1,1,0,1,1,1,0,0,0,0,0,0,1,1,0,1,1,0,0,0,1,0,0,0,0,1,0,1,1,0,1,0,1,1,0,0,0,1,0,1,1,1,0,0.35185185185185186,408.69453276407586,1
89,0,0,1,1,0,1,0,1,1,0,0,0,1,1,1,1,1,0,0,0,0,0,0,1,1,0,1,1,0,0,0,1,0,1,1,0,0,0,1,1,0,1,0,1,0,0,1,0,1,0,1,1,1,0,0.3148148148148148,388.28743872128456,1
90,0,1,0,0,1,0,0,0,1,0,1,1,1,0,0,0,0,1,0,1,1,1,1,0,0,1,0,0,1,1,1,0,1,0,1,1,0,1,0,0,1,0,1,0,0,1,1,1,0,1,0,0,0,1,0.2777777777777778,424.8304744608172,1
91,0,1,0,0,1,0,0,0,1,1,0,0,0,0,0,0,0,1,0,1,1,1,1,0,1,1,0,0,1,1,1,1,1,0,1,1,0,1,0,0,1,0,0,0,1,1,1,1,0,1,0,0,0,1,0.25925925925925924,706.6535264498217,1
92,0,1,0,0,1,0,1,0,1,1,1,0,0,0,0,0,0,1,0,1,1,1,1,0,0,1,0,0,1,1,0,0,1,0,0,1,0,1,0,0,1,0,1,0,1,1,1,1,0,1,0,0,0,1,0.2777777777777778,472.6290175272442,1
93,1,1,0,0,1,0,1,0,1,0,1,0,0,0,0,0,0,1,1,1,1,1,1,0,0,1,0,0,1,1,1,1,1,0,0,1,0,1,0,0,1,0,0,0,1,1,0,1,0,1,0,0,0,1,0.3148148148148148,460.9940937206877,1
94,0,1,0,0,1,0,1,0,1,1,0,0,0,0,0,0,0,1,0,1,1,1,1,0,0,1,0,1,1,1,1,1,1,1,1,1,0,1,0,0,1,0,1,0,0,0,0,1,0,1,0,0,0,1,0.3148148148148148,521.7550205274314,1
95,0,1,0,0,1,0,1,0,1,1,1,1,0,0,0,0,1,1,1,1,1,1,1,1,0,1,0,0,1,1,1,0,0,0,1,1,1,1,0,0,1,0,1,0,1,1,0,1,0,0,0,0,0,1,0.3148148148148148,429.1310040256236,1
96,1,1,0,0,1,0,1,0,1,0,1,1,0,0,0,1,0,1,1,1,1,0,1,0,1,1,0,0,1,1,1,0,1,0,1,1,0,1,0,0,1,0,1,0,0,1,0,1,0,1,0,0,0,1,0.3333333333333333,373.68580737883656,1
97,0,1,0,0,1,0,1,0,0,1,1,0,0,0,0,0,0,1,0,1,1,1,1,0,0,1,0,0,1,1,1,0,1,0,1,1,0,1,0,0,1,0,1,0,1,1,0,1,1,0,0,0,0,1,0.3333333333333333,565.331778411988,1
98,0,1,0,0,1,0,0,0,1,0,1,0,1,0,0,0,0,1,1,1,1,1,1,0,0,1,0,0,1,1,0,1,1,0,0,1,0,1,0,0,1,0,0,0,0,1,0,1,0,1,0,0,0,1,0.3333333333333333,356.2281799306723,1
99,0,1,0,0,1,0,1,0,1,1,0,1,1,0,0,0,0,1,0,1,1,1,1,0,0,1,0,1,1,1,0,1,1,0,0,1,0,1,0,0,1,0,1,0,1,1,0,1,0,1,0,0,0,1,0.3333333333333333,458.45377182325575,1
