,0,1,2,3,4,5,6,7,8,9,10,11,12,13,14,15,16,17,18,19,20,21,22,23,24,25,26,27,28,29,30,31,32,33,34,35,chain_break_fraction,energy,num_occurrences
0,0,0,0,1,0,1,0,1,1,1,0,1,1,0,0,1,0,0,1,0,1,0,1,0,1,0,1,0,1,0,1,0,1,0,1,0,0.25,10.672527926695583,1
1,0,0,0,1,0,1,0,1,1,1,0,1,1,0,0,1,0,0,1,0,1,0,0,0,1,0,1,0,0,0,1,0,1,0,1,0,0.2777777777777778,15.799437187864736,1
2,0,0,0,1,0,0,0,1,1,1,0,1,1,0,0,1,0,0,1,0,1,0,0,0,1,0,1,0,1,0,1,0,1,0,1,0,0.2222222222222222,6.197302509531892,1
3,0,0,0,1,0,1,0,1,1,1,0,1,1,0,0,1,0,0,1,0,1,0,1,0,1,0,1,0,1,0,1,0,1,0,1,0,0.2777777777777778,10.672527926695583,1
4,0,0,0,1,0,1,0,1,1,1,0,1,1,0,0,1,0,0,1,0,1,0,0,0,1,0,0,0,1,0,1,0,1,0,1,0,0.2777777777777778,15.724686834002524,1
5,0,0,0,1,0,0,0,1,1,1,0,1,1,0,0,1,0,1,1,0,1,0,0,0,1,0,1,0,1,0,1,0,1,0,1,0,0.2777777777777778,12.858227292169104,1
6,0,0,0,1,0,1,0,1,1,1,0,1,1,0,0,1,0,0,1,0,1,0,1,0,1,0,1,0,1,0,1,0,1,0,1,0,0.2777777777777778,10.672527926695583,1
7,0,0,0,1,0,0,0,1,1,1,0,1,1,0,0,1,0,1,1,0,1,0,1,0,1,0,1,0,1,0,1,0,1,0,1,0,0.3055555555555556,11.16768524517077,1
8,0,0,0,1,0,0,0,1,1,1,0,1,1,0,0,1,0,1,1,0,1,0,0,0,1,0,0,1,1,0,1,0,1,0,0,0,0.2777777777777778,13.27262351194389,1
9,0,0,0,1,0,0,0,1,1,1,0,1,1,0,0,1,0,0,1,0,1,0,0,0,1,0,1,1,1,0,1,0,1,0,0,0,0.2222222222222222,5.437299866410769,1
10,0,0,0,1,0,0,0,1,1,1,0,1,1,0,0,1,0,0,1,0,1,0,0,0,1,0,1,1,1,0,1,0,1,0,0,0,0.2777777777777778,5.437299866410769,1
11,1,0,0,1,0,0,0,1,1,1,0,1,1,0,0,1,0,1,1,0,1,0,0,0,1,0,1,0,1,0,1,0,1,0,1,0,0.25,16.319726018359496,1
12,0,0,0,1,0,0,0,1,1,1,0,1,1,0,0,1,0,1,1,0,1,0,0,0,1,0,0,0,1,0,1,0,1,0,1,0,0.2777777777777778,16.254401367452022,1
13,0,0,0,1,0,0,0,1,1,1,0,1,1,0,0,1,0,1,1,0,1,0,0,0,1,0,1,1,1,0,1,0,1,0,0,0,0.2777777777777778,10.996477684720325,1
14,0,0,0,1,0,0,0,1,1,1,0,1,1,0,0,1,0,1,1,0,1,0,1,0,1,0,0,1,1,1,1,0,1,0,0,0,0.3333333333333333,9.654888845481466,1
15,0,0,0,1,0,1,0,1,1,1,0,1,1,0,0,1,0,0,1,0,1,0,0,0,1,0,1,1,1,0,1,0,1,0,0,0,0.2777777777777778,10.650470120456061,1
16,0,0,0,1,0,0,0,1,1,1,0,1,1,0,0,1,0,1,1,0,1,0,1,0,1,0,1,1,1,1,1,0,1,0,0,0,0.3055555555555556,9.389904481705294,1
17,0,0,0,1,0,0,0,1,1,1,0,1,1,0,0,1,0,1,1,0,1,0,1,0,1,0,0,1,1,0,1,0,1,0,0,0,0.2777777777777778,11.462053216886176,1
18,0,0,0,1,0,0,0,1,1,1,0,1,1,0,0,1,0,0,1,0,1,0,0,0,1,0,0,1,1,1,1,0,1,0,0,0,0.2777777777777778,5.6986745101379,1
19,0,0,0,1,0,0,0,1,1,1,0,1,1,0,0,1,0,0,1,0,1,0,0,0,1,0,1,1,1,1,1,0,1,0,0,0,0.2777777777777778,5.615310021803274,1
20,0,0,0,1,0,0,0,1,1,1,0,1,1,0,0,1,0,0,1,0,1,0,1,0,1,0,1,1,1,0,1,0,1,0,0,0,0.2777777777777778,5.528137613730393,1
21,0,0,0,1,0,0,0,1,1,1,0,1,1,0,0,1,0,1,1,0,1,0,0,0,1,0,1,0,0,0,1,0,1,0,0,0,0.2222222222222222,19.646847901007945,1
22,0,0,0,1,0,0,0,1,1,1,0,1,1,0,0,1,0,1,1,0,1,0,0,0,1,0,0,1,1,1,1,0,1,0,0,0,0.3611111111111111,10.207656099769595,1
23,1,0,0,1,0,0,0,1,1,1,0,1,1,0,0,1,0,1,1,0,1,0,0,0,1,0,1,1,1,1,1,0,1,0,0,0,0.3611111111111111,10.306914261437853,1
24,0,0,0,1,0,0,0,1,1,1,0,1,1,0,0,1,0,1,1,0,1,0,1,0,1,0,1,1,1,1,1,0,1,0,0,0,0.3055555555555556,9.389904481705294,1
25,0,0,0,1,0,0,0,1,1,1,0,1,1,0,0,1,0,1,1,0,1,0,0,0,1,0,0,0,1,1,1,0,1,0,1,0,0.3055555555555556,12.184857573033819,1
26,0,0,0,1,0,0,0,1,0,1,0,1,1,0,0,1,0,1,1,0,1,0,1,0,1,0,0,1,1,0,1,0,1,0,1,0,0.2777777777777778,8.395684694115566,1
27,0,0,0,1,0,0,0,1,1,1,0,1,1,0,0,1,0,1,1,0,1,0,0,0,1,0,1,0,1,1,1,0,1,0,0,0,0.3333333333333333,11.352612215486378,1
28,0,0,0,1,0,0,0,1,1,1,0,1,1,0,0,1,0,1,1,0,1,0,1,0,1,0,1,0,1,0,1,0,1,0,0,0,0.2222222222222222,12.858227292169087,1
29,0,0,0,1,0,0,0,1,1,1,0,1,1,0,0,1,0,0,1,0,1,0,0,0,1,0,1,0,1,0,1,0,1,0,1,0,0.25,6.197302509531892,1
30,0,0,0,1,0,0,0,1,1,1,0,1,1,0,0,1,0,0,1,0,1,0,0,0,1,0,0,1,1,0,1,0,1,1,0,0,0.2777777777777778,4.994300501283547,1
31,0,0,0,1,0,0,0,1,1,1,0,1,1,0,0,1,0,0,1,0,1,0,1,0,1,0,1,0,1,0,1,0,1,0,0,0,0.3055555555555556,6.1973025095318945,1
32,0,0,0,1,0,0,0,1,1,1,0,1,1,0,0,1,0,0,1,0,1,0,0,0,1,0,0,1,1,1,1,0,1,0,0,0,0.2777777777777778,5.6986745101379,1
33,0,0,0,1,0,0,0,1,1,1,0,1,1,0,0,1,0,1,1,0,1,0,1,0,1,0,0,0,1,1,1,0,1,0,0,0,0.2777777777777778,12.184857573033803,1
34,0,0,0,1,0,0,0,1,0,1,0,1,1,0,0,1,0,0,1,0,1,0,0,0,1,0,1,1,1,0,1,0,1,0,0,0,0.25,3.6803520407148587,1
35,0,0,0,1,0,1,0,1,1,1,0,1,1,0,0,1,0,0,1,0,1,0,0,0,1,0,1,0,1,1,1,0,1,0,0,0,0.3055555555555556,11.003109875843306,1
36,0,0,0,1,0,1,0,1,1,1,0,1,1,0,0,1,0,0,1,0,1,0,1,0,1,0,0,0,0,0,1,0,1,0,0,0,0.3055555555555556,19.70664007286115,1
37,0,0,0,1,0,1,0,1,1,1,0,1,1,0,0,1,0,0,1,0,1,0,1,0,1,0,0,0,1,1,1,0,1,0,0,0,0.3055555555555556,11.760780356285268,1
38,0,0,0,1,0,0,0,1,1,1,0,1,1,0,0,1,0,1,1,0,1,0,0,0,1,0,1,1,1,0,1,0,1,0,1,0,0.2777777777777778,10.065879141603256,1
39,0,0,0,1,0,1,0,1,1,1,0,1,1,0,0,1,0,0,1,0,1,0,0,0,1,0,1,0,0,0,1,0,1,0,1,0,0.25,15.799437187864736,1
40,0,0,0,1,0,1,0,1,1,1,0,1,1,0,0,1,0,0,1,0,1,0,0,0,1,0,0,0,1,0,1,0,1,0,1,0,0.3333333333333333,15.724686834002524,1
41,0,0,0,1,0,0,0,1,1,1,0,1,1,0,0,1,0,1,1,0,1,0,1,0,0,0,0,1,1,1,1,0,1,0,0,0,0.2777777777777778,10.031614657483479,1
42,0,0,0,1,0,0,0,1,1,1,1,1,1,0,0,1,0,0,1,0,1,0,0,0,1,0,1,1,1,1,1,0,1,0,0,0,0.3611111111111111,6.295852221295438,1
43,1,0,0,1,0,0,0,1,1,1,0,1,1,0,0,1,0,1,1,0,1,0,0,0,1,0,0,1,1,0,1,0,1,0,1,0,0.2777777777777778,14.191328608655311,1
44,0,0,0,1,0,0,0,1,1,1,0,1,1,0,0,1,0,0,1,0,1,0,1,0,1,0,0,1,1,0,1,0,1,0,0,0,0.2222222222222222,5.862720061631143,1
45,0,0,0,1,0,0,0,1,1,1,0,1,1,0,0,1,0,0,1,0,1,0,0,0,1,0,0,1,1,1,1,0,1,0,0,0,0.3333333333333333,5.6986745101379,1
46,0,0,0,1,0,0,0,1,1,1,0,1,1,0,0,1,0,0,1,0,1,0,0,0,1,0,0,0,1,1,1,0,1,0,1,0,0.3055555555555556,6.574129019074469,1
47,0,0,0,1,0,0,0,1,1,1,0,1,1,0,1,1,0,0,1,0,1,0,0,0,1,0,1,0,1,0,1,0,1,0,1,0,0.25,8.484189004911839,1
48,0,0,0,1,0,1,0,1,1,1,0,1,1,0,0,1,0,0,1,0,1,0,0,0,1,0,0,1,1,0,1,0,1,0,1,0,0.25,11.041470775516462,1
49,0,0,0,1,0,0,0,1,1,1,0,1,1,0,0,1,0,0,1,0,1,0,0,0,1,0,1,0,1,0,1,0,1,0,1,0,0.3888888888888889,6.197302509531892,1
50,1,0,0,1,0,0,0,1,0,1,0,1,1,0,0,1,0,1,1,0,1,0,0,0,1,0,1,1,1,1,1,0,1,0,0,0,0.2777777777777778,8.084447320659216,1
51,1,0,0,1,0,0,0,1,1,1,0,1,1,0,0,1,0,0,1,0,1,0,1,0,1,0,0,1,1,1,1,0,1,0,0,0,0.3055555555555556,6.083587123763771,1
52,0,0,0,1,0,0,0,1,1,1,0,1,1,0,0,1,0,1,1,1,1,0,0,0,1,0,0,0,1,0,1,0,1,0,0,0,0.2222222222222222,14.529368291278528,1
53,0,0,0,1,0,0,0,1,0,1,0,1,1,0,0,1,0,0,1,0,1,0,0,0,1,0,0,0,1,0,1,0,1,0,0,0,0.2222222222222222,7.823877125082191,1
54,0,0,0,1,0,0,1,1,1,1,0,1,1,0,0,1,0,1,1,0,1,0,1,0,1,0,1,1,1,1,1,0,1,0,0,0,0.3333333333333333,10.077565808966666,1
55,0,0,0,1,0,0,0,1,1,1,0,1,1,0,0,1,0,0,1,0,1,0,0,0,1,0,0,1,1,1,0,0,1,0,0,0,0.3055555555555556,7.306015529315748,1
56,1,0,0,1,0,0,0,1,1,1,0,1,1,0,0,1,0,1,1,0,1,0,1,0,1,0,0,1,1,1,1,0,1,0,0,0,0.3055555555555556,10.951187399651285,1
57,1,0,0,1,0,0,0,1,1,1,0,1,1,0,0,1,0,0,1,0,1,0,1,0,1,0,0,0,1,0,1,0,1,0,1,0,0.3611111111111111,9.116335475213013,1
58,0,0,0,1,0,0,0,1,1,1,0,1,1,0,0,1,0,0,1,0,1,0,0,0,1,0,0,1,1,1,0,0,1,0,0,0,0.2777777777777778,7.306015529315748,1
59,0,0,0,1,0,0,0,1,1,1,0,1,1,0,0,1,0,0,1,0,1,0,0,0,1,0,1,1,1,0,1,0,1,1,0,0,0.3611111111111111,4.789011779547479,1
60,1,0,0,1,0,0,0,1,1,1,0,1,1,0,0,1,0,0,1,0,1,0,0,0,1,0,0,1,1,1,1,0,1,0,0,0,0.3333333333333333,6.29505714525167,1
61,0,0,0,1,0,0,0,1,1,1,1,1,1,0,0,1,0,0,1,0,1,0,0,0,1,0,1,0,1,1,1,0,1,1,0,0,0.3611111111111111,6.322845140587296,1
62,1,0,0,1,0,0,0,1,1,1,0,1,1,0,0,1,0,0,1,0,1,0,0,0,1,0,1,0,1,1,1,0,1,0,0,0,0.3055555555555556,7.11064496800754,1
63,0,0,0,1,0,0,0,1,1,1,0,1,1,0,0,1,0,1,1,0,1,0,0,0,1,0,1,1,1,1,0,0,1,0,0,0,0.3333333333333333,11.158132620110711,1
64,0,0,0,1,0,0,0,1,1,1,0,1,1,0,0,1,0,0,1,0,1,0,1,0,1,0,0,1,1,0,1,0,1,0,0,0,0.3055555555555556,5.862720061631143,1
65,0,0,0,1,0,0,0,1,1,1,1,1,1,0,0,1,0,0,1,0,1,0,1,0,1,0,0,1,1,0,1,0,1,0,1,0,0.3333333333333333,7.729945443698015,1
66,0,0,0,1,1,0,0,1,1,1,0,1,1,0,0,1,0,1,1,0,1,0,0,0,1,0,1,1,1,0,1,0,1,0,0,0,0.3055555555555556,13.60306378619171,1
67,1,0,0,1,0,0,0,1,1,1,0,1,1,0,0,1,0,0,1,0,1,0,0,0,1,0,0,1,1,1,1,0,1,0,0,0,0.3055555555555556,6.29505714525167,1
68,1,0,0,1,0,0,0,1,1,1,1,1,1,0,0,1,0,0,1,0,1,0,0,0,1,0,0,0,1,1,1,0,1,0,0,0,0.3611111111111111,12.73637701252348,1
69,0,0,0,1,0,0,0,1,1,1,0,1,1,0,0,1,0,1,1,0,1,0,0,0,1,0,1,1,1,1,1,0,1,0,0,0,0.3888888888888889,9.062699984052793,1
70,0,0,0,1,0,0,1,1,1,1,0,1,1,0,0,1,0,0,1,0,1,0,0,0,0,0,1,0,1,1,1,0,1,0,1,0,0.25,7.013652282345841,1
71,1,0,0,1,0,0,0,1,0,1,0,1,1,0,0,1,0,0,1,0,1,0,0,0,1,0,0,0,1,1,1,0,1,0,1,0,0.25,5.732821715692503,1
72,0,0,0,1,0,0,0,1,1,1,0,1,1,0,0,1,0,1,1,0,1,0,1,0,1,0,1,1,1,1,1,0,1,0,0,0,0.3888888888888889,9.389904481705294,1
73,0,0,0,1,0,0,0,1,1,1,0,1,1,0,0,1,0,1,1,0,1,0,0,0,1,0,0,0,1,1,1,0,1,0,0,0,0.2777777777777778,14.49756833120318,1
74,1,0,0,1,0,1,0,1,1,1,0,1,1,0,0,1,0,0,1,0,1,0,0,0,1,0,0,1,0,1,1,0,1,0,0,0,0.3055555555555556,13.705802037588846,1
75,0,0,0,1,0,0,0,1,1,1,0,1,1,0,0,1,0,1,1,0,1,0,0,0,1,0,1,0,1,0,1,0,1,0,0,0,0.2777777777777778,15.54876933916742,1
76,0,0,0,1,0,0,0,1,1,1,0,1,1,0,0,1,0,1,1,0,1,0,1,0,1,0,1,1,1,0,1,0,1,0,0,0,0.3333333333333333,10.065879141603244,1
77,0,0,0,1,0,0,0,1,1,1,0,1,1,0,0,1,0,0,1,0,1,0,0,0,1,0,0,1,1,0,1,0,1,0,0,0,0.2777777777777778,6.65185406625215,1
78,0,0,0,1,0,0,0,1,1,1,0,1,1,0,0,1,0,1,1,0,1,0,0,0,0,0,0,1,1,1,1,0,1,0,0,0,0.3333333333333333,11.349607978633612,1
79,0,0,0,1,0,0,0,1,1,1,0,1,1,0,0,1,0,0,1,0,1,0,1,0,0,0,1,1,1,1,1,0,1,0,0,0,0.3611111111111111,5.691165929364393,1
80,0,0,0,1,0,0,0,1,1,1,0,1,1,0,0,1,0,1,1,0,1,0,0,0,1,0,0,1,1,0,1,0,1,0,0,0,0.3055555555555556,13.27262351194389,1
81,0,0,0,1,0,0,0,1,1,1,0,1,1,0,0,1,0,0,1,0,1,0,1,0,1,0,1,1,1,1,1,0,1,0,0,0,0.3055555555555556,6.963950809892483,1
82,0,0,0,1,0,0,0,1,1,1,0,1,1,0,0,1,0,1,1,0,1,0,1,0,1,0,1,1,1,1,1,0,1,0,1,0,0.3055555555555556,10.717108979357805,1
83,0,0,0,1,0,0,0,1,1,1,0,1,1,0,0,1,0,1,1,0,1,0,1,0,1,0,1,0,1,0,1,0,1,0,0,0,0.2777777777777778,12.858227292169087,1
84,0,0,1,1,0,0,0,1,1,1,0,1,1,0,0,1,0,1,1,0,1,0,0,0,1,0,1,0,1,1,1,0,1,0,1,0,0.3888888888888889,12.962740066608562,1
85,0,0,0,1,0,0,1,1,1,1,1,1,1,0,0,1,0,1,1,0,1,0,1,0,1,0,0,1,1,1,1,0,1,0,0,0,0.3888888888888889,13.496033297701198,1
86,0,0,0,1,0,0,0,1,1,1,0,1,1,0,1,1,0,1,1,0,1,0,0,0,0,0,1,1,1,1,1,0,1,0,0,0,0.25,11.877924387484542,1
87,0,0,0,1,0,0,0,1,1,1,0,1,1,0,0,1,0,1,1,1,1,0,1,0,1,0,1,1,1,1,1,0,1,0,0,0,0.3055555555555556,10.317716496729375,1
88,1,0,0,1,0,0,0,1,1,1,0,1,1,0,1,1,0,1,1,0,1,0,0,0,0,0,0,1,1,1,1,0,1,0,0,0,0.3055555555555556,17.31365131972757,1
89,0,0,0,1,0,0,0,1,1,1,0,1,1,0,0,1,0,0,1,0,1,0,0,0,1,0,1,0,1,0,1,0,1,0,1,0,0.3333333333333333,6.197302509531892,1
90,0,0,0,1,0,0,0,1,1,1,0,1,1,0,0,1,0,1,1,1,1,0,1,0,0,0,1,0,1,0,1,0,1,0,1,0,0.2777777777777778,10.1036505569856,1
91,1,0,0,1,0,0,0,1,1,1,0,1,1,0,0,1,0,1,1,0,1,0,1,0,0,0,1,1,1,1,1,0,1,0,1,0,0.3333333333333333,10.276026432020634,1
92,0,0,0,1,0,0,1,1,1,1,0,1,1,0,0,1,0,1,1,0,1,0,1,0,1,0,1,0,1,1,1,0,1,0,1,0,0.3611111111111111,11.18504929647239,1
93,0,0,0,1,0,0,0,1,1,1,0,1,1,0,0,1,0,0,1,0,1,0,0,0,1,0,1,0,1,0,1,0,1,0,0,0,0.3333333333333333,7.866408266093517,1
94,1,0,0,1,0,0,0,1,1,1,0,1,1,0,0,1,0,1,1,0,1,0,0,0,1,0,1,1,1,1,1,0,1,1,0,0,0.3888888888888889,9.207909524073997,1
95,0,0,0,1,0,0,0,1,1,1,1,1,1,0,0,1,0,1,1,0,1,0,1,0,1,0,1,0,1,1,1,0,1,0,1,0,0.3888888888888889,11.261447944333247,1
96,0,0,0,1,0,0,1,1,1,1,0,1,1,0,0,1,0,1,1,0,1,0,0,0,0,0,1,1,1,1,1,0,1,0,0,0,0.3055555555555556,11.548712460714592,1
97,0,0,0,1,0,0,0,1,1,1,0,1,0,0,0,1,0,1,1,0,1,0,1,0,1,0,1,1,1,0,1,0,1,0,0,0,0.25,8.968025297826712,1
98,1,0,0,1,0,0,0,1,1,1,0,1,1,0,0,1,0,0,1,0,1,0,0,0,0,0,1,1,1,1,1,0,1,0,0,0,0.25,5.660061286555975,1
99,0,0,0,1,0,0,0,1,1,1,0,1,1,0,0,1,0,1,1,0,1,0,0,0,1,0,1,1,1,1,0,0,1,0,0,0,0.3333333333333333,11.158132620110711,1
