,0,1,2,3,4,5,6,7,8,9,10,11,12,13,14,15,16,17,18,19,20,21,22,23,24,25,26,27,28,29,30,31,32,33,34,35,chain_break_fraction,energy,num_occurrences
0,1,0,1,0,1,1,0,0,1,0,1,0,1,0,1,1,1,0,0,1,0,0,1,1,1,0,1,0,0,0,0,1,0,1,1,1,0.2777777777777778,12.828015741613465,1
1,1,0,1,0,1,1,0,0,1,0,1,0,1,0,1,1,1,0,0,1,0,0,1,1,1,0,1,0,0,0,0,1,0,1,1,1,0.3055555555555556,12.828015741613465,1
2,1,0,1,0,1,1,0,0,1,0,1,0,1,0,1,1,1,0,0,1,0,0,1,1,1,0,1,0,0,0,0,1,0,1,1,1,0.3055555555555556,12.828015741613465,1
3,1,0,1,0,1,1,0,0,1,0,1,0,1,0,1,1,1,0,0,1,0,0,1,1,1,0,1,0,0,0,0,1,0,1,1,1,0.3333333333333333,12.828015741613465,1
4,1,0,1,0,1,0,0,0,1,0,1,1,1,0,1,1,1,0,0,1,0,0,1,1,1,0,1,0,0,0,0,1,0,1,1,1,0.3055555555555556,12.776397327773548,1
5,1,0,1,0,1,1,0,0,1,0,1,1,1,0,1,1,1,0,0,1,0,0,1,1,1,0,1,0,0,0,0,1,0,1,1,1,0.3333333333333333,13.77326218159044,1
6,1,0,0,0,1,0,0,0,1,0,1,0,1,0,1,1,1,0,0,1,0,0,1,1,1,0,1,0,0,0,0,1,0,1,1,1,0.2777777777777778,16.41902529960161,1
7,1,0,1,0,1,1,0,0,1,0,1,1,1,0,1,1,1,0,0,1,0,0,1,1,1,0,1,0,0,0,0,1,0,1,1,1,0.3333333333333333,13.77326218159044,1
8,1,0,1,0,1,1,0,0,1,0,1,0,1,0,1,1,1,0,0,1,0,0,1,1,1,0,1,0,0,0,0,1,0,1,1,1,0.25,12.828015741613465,1
9,1,0,1,0,1,1,0,0,1,0,1,0,1,0,1,1,1,0,0,1,0,0,1,1,1,0,1,0,0,0,0,1,0,1,0,1,0.3055555555555556,11.279650156736556,1
10,1,0,1,0,1,1,0,0,1,0,1,0,1,0,1,1,1,0,0,1,0,0,1,1,1,0,1,0,0,0,0,1,0,1,0,1,0.3055555555555556,11.279650156736556,1
11,1,0,1,1,1,0,0,0,1,0,1,0,1,0,1,1,1,0,0,1,0,0,1,1,1,0,1,0,0,0,0,1,0,1,1,1,0.2777777777777778,12.655417529280998,1
12,1,0,1,1,1,0,0,0,1,0,1,0,1,0,1,1,1,0,0,1,0,0,1,1,1,0,1,0,0,0,0,1,0,1,1,1,0.25,12.655417529280998,1
13,1,0,1,0,1,1,0,0,1,0,1,1,1,0,1,1,1,0,0,1,0,0,1,1,1,0,1,0,0,0,0,1,0,1,0,1,0.3055555555555556,13.224896624261191,1
14,1,0,0,0,1,1,0,0,1,0,1,0,1,0,1,1,1,0,0,1,0,0,1,1,1,0,1,0,0,0,0,1,0,1,0,1,0.3055555555555556,12.309977865100356,1
15,1,0,1,0,1,1,0,0,1,0,1,1,1,0,1,1,1,0,0,1,0,0,1,1,1,0,1,0,0,0,0,1,0,1,1,1,0.3333333333333333,13.77326218159044,1
16,1,0,1,0,1,0,0,0,1,0,1,0,1,0,1,1,1,0,0,1,0,0,1,1,1,0,1,0,0,0,0,1,0,1,0,1,0.2222222222222222,11.27921910883626,1
17,1,0,1,1,1,0,0,0,1,0,1,0,1,0,1,1,1,0,0,1,0,0,1,1,1,0,1,0,0,0,0,1,0,1,0,1,0.2777777777777778,11.216547564295263,1
18,1,0,1,0,1,0,0,0,1,0,1,0,0,0,1,1,1,0,0,1,0,0,1,1,1,0,1,0,0,0,0,1,0,1,1,1,0.2777777777777778,15.98491609182653,1
19,1,0,1,1,1,0,0,0,1,0,1,0,1,0,1,1,1,0,0,1,0,0,1,1,1,0,1,0,0,0,0,1,0,1,0,1,0.3055555555555556,11.216547564295263,1
20,1,0,0,0,1,1,0,0,1,0,1,1,1,0,1,1,1,0,0,1,0,0,1,1,1,0,1,0,0,0,0,1,0,1,0,1,0.2777777777777778,13.255224332624794,1
21,1,0,0,0,1,1,0,0,1,0,1,0,1,0,1,1,1,0,0,1,0,0,1,1,1,0,1,0,0,0,0,1,0,1,0,1,0.3055555555555556,12.309977865100356,1
22,1,0,1,0,1,1,0,0,1,0,1,0,1,0,1,1,1,0,1,1,0,0,1,1,1,0,1,0,0,0,0,1,0,1,1,1,0.3055555555555556,15.435290466619625,1
23,1,0,1,0,1,0,0,0,1,0,1,0,1,0,1,1,1,0,0,1,0,0,1,1,1,0,1,0,0,0,0,1,0,1,0,1,0.2222222222222222,11.27921910883626,1
24,0,1,0,1,0,0,1,1,0,1,0,0,0,1,0,0,0,1,1,0,1,0,0,0,0,1,0,0,1,0,1,0,1,0,0,0,0.2777777777777778,23.039318459293934,1
25,1,0,1,1,1,1,0,0,1,0,1,0,1,0,1,1,1,0,0,1,0,0,1,1,1,0,1,0,0,0,0,1,0,1,1,1,0.3333333333333333,13.654293355879782,1
26,1,0,1,0,1,1,0,0,1,0,1,0,1,0,1,1,1,0,0,1,0,0,1,1,1,0,1,0,0,0,0,1,0,1,0,1,0.2777777777777778,11.279650156736556,1
27,1,0,1,1,1,0,0,0,1,0,1,0,1,0,1,1,1,0,0,1,0,0,1,1,1,0,1,0,0,0,0,1,0,1,0,1,0.2777777777777778,11.216547564295263,1
28,1,0,1,0,1,1,0,0,1,0,1,0,1,0,1,0,1,0,0,1,0,0,1,1,1,0,1,0,0,0,0,1,0,1,1,1,0.3333333333333333,13.924860313283371,1
29,0,1,0,1,0,0,1,1,0,1,0,0,0,1,0,0,0,1,1,0,1,0,0,0,0,1,0,0,1,0,1,0,1,0,0,0,0.3055555555555556,23.039318459293934,1
30,1,0,1,0,1,0,0,0,1,0,1,0,0,0,1,1,1,0,0,1,0,0,1,1,1,0,1,0,0,0,0,1,0,1,0,1,0.2777777777777778,12.919088896609718,1
31,1,0,1,0,1,0,0,0,1,0,1,0,1,0,1,1,1,0,0,1,0,0,1,1,1,0,1,0,0,0,0,1,0,1,1,1,0.3055555555555556,13.831156042828079,1
32,0,0,0,1,0,0,1,1,0,1,0,0,0,1,0,0,0,1,1,0,1,0,0,0,0,1,0,0,1,0,1,0,1,0,0,0,0.2777777777777778,15.919050017213396,1
33,1,0,1,0,1,1,0,0,1,0,1,0,0,0,1,1,1,0,0,1,0,0,1,1,1,0,1,0,0,0,0,1,0,1,1,1,0.2777777777777778,13.732081544077209,1
34,1,0,1,0,1,1,0,0,1,0,1,0,1,0,1,1,1,0,0,1,0,0,1,1,1,0,1,0,0,0,0,1,0,1,0,1,0.2222222222222222,11.279650156736556,1
35,0,1,0,1,0,0,1,1,0,1,0,0,0,1,0,0,0,1,0,0,1,0,0,0,0,1,0,0,1,0,1,0,1,0,0,0,0.3055555555555556,25.545128495774648,1
36,1,0,1,0,1,0,0,0,1,0,1,1,1,0,1,1,1,0,0,1,0,0,1,1,1,0,1,0,0,0,0,1,0,1,0,1,0.2777777777777778,11.22446042132939,1
37,1,0,1,0,1,1,0,0,1,0,1,1,1,0,1,1,1,0,0,1,0,0,1,1,1,0,1,0,0,0,0,1,0,1,1,1,0.3055555555555556,13.77326218159044,1
38,1,0,1,0,1,1,0,0,1,0,1,1,1,0,1,1,1,0,0,1,0,0,1,1,1,0,1,0,0,0,0,1,0,1,0,1,0.3055555555555556,13.224896624261191,1
39,1,0,1,0,1,0,0,0,1,0,1,1,1,0,0,1,1,0,0,1,0,0,1,1,1,0,1,0,0,0,0,1,0,1,0,1,0.3055555555555556,11.272513668231344,1
40,1,0,1,0,1,1,0,0,1,0,1,0,1,0,1,1,1,0,0,1,0,0,1,1,1,0,1,0,1,0,0,1,0,1,1,1,0.3055555555555556,15.37167810573015,1
41,0,1,0,1,0,0,1,1,0,1,0,1,0,1,0,0,0,1,1,0,1,0,0,0,0,1,0,0,1,0,1,0,1,0,0,0,0.3055555555555556,31.00973859162774,1
42,1,0,1,0,1,1,0,0,1,0,1,0,1,0,1,1,1,0,1,1,0,0,1,1,1,0,1,0,0,0,0,1,0,1,1,1,0.3055555555555556,15.435290466619625,1
43,0,1,1,1,0,0,1,1,0,1,0,0,0,1,0,0,0,1,1,0,1,0,0,0,0,1,0,0,1,1,1,0,1,0,0,0,0.3055555555555556,26.656198771554934,1
44,0,1,0,1,0,0,1,1,0,1,0,0,0,1,0,0,0,1,1,0,1,0,0,0,0,1,0,0,1,1,1,0,1,0,0,0,0.2777777777777778,21.992799329218123,1
45,1,0,1,1,1,1,0,0,1,0,1,0,1,0,1,1,1,0,0,1,0,0,1,1,1,0,1,0,0,0,0,1,0,1,0,1,0.3055555555555556,13.218994740008958,1
46,1,0,1,0,1,1,0,0,1,0,1,0,1,0,0,1,1,0,0,1,0,0,1,1,1,0,1,0,0,0,0,1,0,1,0,1,0.2777777777777778,11.328072441339396,1
47,1,0,0,0,1,0,0,0,1,0,1,1,1,0,1,1,1,0,0,1,0,0,1,1,1,0,1,0,0,0,0,1,0,1,0,1,0.2777777777777778,12.25579619359969,1
48,1,0,1,1,1,1,0,0,1,0,1,0,1,0,1,1,1,0,0,1,0,0,1,1,1,0,1,0,0,0,0,1,0,1,0,1,0.2777777777777778,13.218994740008958,1
49,0,1,1,1,0,0,1,1,0,1,0,0,0,1,1,0,0,1,1,0,1,0,0,0,0,1,0,0,1,0,1,0,1,0,0,0,0.3333333333333333,32.15417845208812,1
50,0,1,0,1,0,0,1,1,0,1,0,0,0,1,1,0,0,1,1,0,1,0,0,0,0,1,0,0,1,0,1,0,1,0,0,0,0.3055555555555556,25.990778995325854,1
51,0,1,0,1,0,0,1,1,0,1,0,0,0,1,0,0,0,1,1,0,1,1,0,0,0,1,0,0,1,0,1,0,0,0,0,0,0.2777777777777778,23.534415001174132,1
52,1,0,1,0,1,1,0,0,1,0,1,0,1,0,1,1,1,0,0,1,0,0,1,1,1,0,1,0,0,0,0,1,0,1,0,1,0.3333333333333333,11.279650156736556,1
53,0,1,0,1,0,0,1,1,0,1,0,0,0,1,0,0,0,1,1,0,1,0,0,0,0,1,0,0,1,0,1,0,1,0,0,0,0.3333333333333333,23.039318459293934,1
54,1,0,1,0,1,1,0,0,1,0,0,1,1,0,1,1,1,0,0,1,0,0,1,1,1,0,1,0,0,0,0,1,0,1,1,1,0.3055555555555556,13.300638961601955,1
55,1,0,1,1,1,0,0,0,1,0,1,1,1,0,1,1,1,0,0,1,0,0,1,1,1,0,1,0,0,0,0,1,0,1,0,1,0.2777777777777778,13.161788876788801,1
56,0,1,0,1,0,0,1,1,0,1,0,1,0,1,0,0,0,1,1,0,1,0,0,0,0,1,0,0,1,1,1,0,1,0,0,0,0.3333333333333333,27.934293933330473,1
57,0,1,0,1,0,0,1,1,0,1,0,0,0,1,0,0,0,1,1,0,1,0,0,0,0,1,0,0,1,0,1,0,1,0,0,0,0.25,23.039318459293934,1
58,0,0,1,0,1,1,0,0,1,0,1,0,1,0,1,1,1,0,0,1,0,0,1,1,1,0,1,0,0,0,0,1,0,1,1,1,0.3055555555555556,13.207752000147412,1
59,1,0,1,0,1,0,0,0,1,0,1,0,1,0,1,1,1,0,0,1,0,0,1,1,1,0,1,0,0,0,0,1,0,1,0,1,0.3055555555555556,11.27921910883626,1
60,1,0,1,0,1,1,0,0,1,0,0,0,1,0,1,1,1,0,0,1,0,0,1,1,1,0,1,0,0,0,0,1,0,1,1,1,0.3333333333333333,14.355392521624985,1
61,1,0,1,0,1,1,0,0,1,0,1,1,1,0,1,1,1,0,0,1,0,0,1,1,1,0,1,0,0,1,0,1,0,1,0,1,0.3055555555555556,17.28289244184693,1
62,0,1,0,1,0,0,1,1,0,1,0,1,0,1,0,0,0,1,1,0,1,0,0,0,0,1,0,0,1,1,1,0,1,0,0,0,0.3333333333333333,27.934293933330473,1
63,1,0,1,0,1,0,0,0,1,0,1,0,1,0,1,1,1,0,0,1,0,0,1,1,1,0,1,0,0,0,0,1,0,1,0,1,0.3055555555555556,11.27921910883626,1
64,0,1,0,1,0,0,1,1,0,1,1,0,0,1,0,0,0,1,1,0,1,1,0,0,0,1,0,0,1,0,1,0,1,0,0,0,0.3055555555555556,24.012820857493942,1
65,1,0,1,1,1,0,0,0,1,0,1,1,1,0,1,1,1,0,0,1,0,0,1,1,1,1,1,0,0,0,0,1,0,1,0,1,0.2777777777777778,17.33961955490916,1
66,0,1,1,1,0,0,1,1,0,1,0,0,0,1,0,0,0,1,1,0,1,0,0,0,0,1,0,0,1,0,0,0,1,0,0,0,0.3055555555555556,31.725977488306814,1
67,0,1,1,1,0,0,1,1,0,1,0,0,0,1,0,0,0,1,1,0,1,1,0,0,0,1,0,0,1,0,1,0,1,0,0,0,0.3333333333333333,26.691097485815174,1
68,0,0,0,1,0,0,1,1,0,1,0,0,0,1,0,0,0,1,1,0,1,1,0,0,0,1,0,0,1,0,1,0,1,0,0,0,0.2777777777777778,16.907429970524813,1
69,1,0,1,0,1,1,0,0,1,0,0,1,1,0,1,1,1,0,0,1,0,0,1,1,1,0,1,0,0,1,0,1,0,1,0,1,0.3333333333333333,17.32473197219534,1
70,1,0,1,1,1,0,0,0,1,0,1,0,1,0,1,1,1,0,0,1,0,0,1,1,1,0,1,0,0,0,0,1,0,1,0,1,0.3611111111111111,11.216547564295263,1
71,0,1,0,1,0,0,1,1,0,1,0,1,0,1,0,0,0,1,1,0,1,0,0,0,0,1,0,0,1,1,1,0,1,0,0,0,0.3055555555555556,27.934293933330473,1
72,1,0,1,0,1,1,0,0,1,0,0,1,0,0,1,1,1,0,0,1,0,0,1,1,1,0,1,0,0,0,0,1,0,1,0,1,0.25,12.142448931156121,1
73,0,1,1,1,0,0,1,1,0,1,0,0,0,1,0,0,0,1,1,0,1,0,0,0,0,1,0,0,1,0,0,0,1,0,0,0,0.3333333333333333,31.725977488306814,1
74,0,0,1,0,1,0,0,0,1,0,1,1,1,0,0,1,1,0,0,1,0,0,1,1,1,0,1,0,0,0,0,1,0,1,0,1,0.3055555555555556,12.256312118503859,1
75,1,0,1,1,1,0,0,0,1,0,1,1,1,0,0,1,1,0,1,1,0,0,1,1,1,0,1,0,0,0,0,1,0,1,0,1,0.3611111111111111,13.82088673215456,1
76,0,0,1,1,0,0,1,1,0,1,0,0,0,1,0,0,0,1,1,0,1,0,0,0,0,1,0,0,1,0,1,0,1,0,0,0,0.25,20.577794333310546,1
77,0,1,1,1,0,0,1,1,0,1,0,1,0,1,0,0,0,1,1,0,1,1,0,0,0,1,0,1,1,1,1,0,1,0,0,0,0.3333333333333333,29.691707451233476,1
78,0,0,1,0,1,0,0,0,1,0,1,1,1,0,1,1,1,0,0,1,0,0,1,1,1,1,1,0,0,0,0,1,0,1,0,1,0.25,18.93501081042933,1
79,1,0,1,0,1,1,0,0,1,0,0,1,0,0,1,1,1,0,0,1,0,0,1,1,1,0,1,0,0,0,0,1,0,1,0,1,0.3333333333333333,12.142448931156121,1
80,0,1,1,1,0,0,1,1,0,1,0,0,0,1,0,0,0,1,1,0,1,1,0,0,0,1,0,0,1,0,1,0,1,0,0,0,0.3888888888888889,26.691097485815174,1
81,0,1,1,1,0,0,1,1,0,1,0,0,0,1,0,0,0,1,1,0,1,0,0,0,0,1,0,0,1,1,1,0,1,0,0,0,0.3333333333333333,26.656198771554934,1
82,1,0,1,0,1,0,0,0,1,0,1,0,1,0,1,1,1,0,0,1,0,0,1,1,1,0,1,0,0,0,0,1,0,1,0,1,0.2777777777777778,11.27921910883626,1
83,0,1,0,1,0,0,1,1,0,1,0,0,0,1,0,0,0,1,1,0,0,0,0,0,0,1,0,1,1,0,1,0,1,0,0,0,0.25,20.875443449002844,1
84,1,0,1,0,1,1,0,0,1,0,1,1,0,0,1,1,1,0,1,1,0,0,1,1,1,0,1,0,0,0,0,1,0,1,0,1,0.2777777777777778,14.220567463729171,1
85,0,1,1,1,0,0,1,1,0,1,0,0,0,1,0,0,0,1,1,0,1,0,0,0,0,1,0,0,1,0,1,0,1,0,0,0,0.3888888888888889,28.702717916056184,1
86,1,0,0,0,1,0,0,0,1,0,1,0,1,0,1,1,1,0,0,1,0,0,1,1,1,0,1,0,0,0,0,1,0,1,0,1,0.3055555555555556,13.310554881106748,1
87,0,1,0,1,0,0,1,1,0,1,0,0,0,1,0,0,0,1,1,0,1,0,0,0,0,1,0,1,1,1,1,0,1,0,0,0,0.25,20.405757626560494,1
88,0,0,1,0,1,1,0,0,1,0,1,0,1,0,1,1,1,0,0,1,0,0,1,1,1,0,1,0,0,0,0,1,0,1,0,1,0.3055555555555556,11.158354741107537,1
89,0,1,0,1,0,0,1,1,0,1,0,1,0,1,0,0,0,1,0,0,1,0,0,0,0,1,0,1,1,1,1,0,1,0,0,0,0.3055555555555556,25.43743654515038,1
90,0,1,1,1,0,0,1,1,0,1,0,1,0,1,0,0,0,1,0,0,1,0,0,0,0,1,0,1,1,1,1,0,1,0,0,0,0.3611111111111111,30.600831029740217,1
91,1,0,1,0,1,1,0,0,1,0,1,0,0,0,1,1,1,0,0,1,0,0,1,1,1,0,1,0,0,0,0,1,0,1,0,1,0.3333333333333333,11.669825697975309,1
92,1,0,1,0,1,1,0,0,1,0,1,0,1,0,1,0,1,0,0,1,0,0,1,1,1,0,1,0,0,0,0,1,0,1,0,1,0.3055555555555556,11.37649472594222,1
93,1,0,1,0,1,1,0,0,1,0,1,0,1,0,1,1,1,0,0,1,0,0,1,1,1,0,1,0,1,0,0,1,0,1,0,1,0.2777777777777778,13.32311082964015,1
94,1,0,1,1,1,1,0,0,1,0,1,1,0,0,0,1,1,0,0,1,0,0,1,1,1,0,1,0,0,0,0,1,0,1,0,1,0.3055555555555556,14.012487415425111,1
95,0,1,0,1,0,1,1,1,0,1,0,1,0,1,0,0,0,1,1,0,1,1,0,0,0,1,0,0,1,1,1,0,1,0,0,0,0.2777777777777778,35.31903788507341,1
96,0,1,0,0,0,0,1,1,0,1,0,0,0,1,0,0,0,1,1,0,1,0,0,0,0,1,0,0,1,0,0,0,1,0,0,0,0.25,15.235779096381851,1
97,1,1,0,1,0,0,1,1,0,1,0,0,0,1,1,0,0,1,1,0,1,1,0,0,0,1,0,0,1,0,1,0,1,0,0,0,0.3055555555555556,28.028194833711503,1
98,0,1,1,1,0,0,1,1,0,1,0,0,0,1,0,0,0,1,0,0,1,1,0,0,0,1,0,1,1,1,1,0,1,0,0,0,0.3888888888888889,25.432865001346887,1
99,1,0,1,1,1,1,0,0,1,0,1,0,1,0,1,1,1,0,0,1,0,0,1,0,1,0,1,0,0,0,0,1,0,1,1,1,0.4444444444444444,12.516311008397814,1
