,0,1,2,3,4,5,6,7,8,9,10,11,12,13,14,15,16,17,18,19,20,21,22,23,24,25,26,27,28,29,30,31,32,33,34,35,36,37,38,39,40,41,42,43,44,45,46,47,48,49,50,51,52,53,chain_break_fraction,energy,num_occurrences
0,1,1,1,1,1,0,0,1,0,0,0,1,0,1,0,0,1,1,0,0,0,1,1,1,1,0,1,0,0,1,0,1,0,1,0,1,1,0,0,1,0,0,0,0,1,1,0,1,1,0,1,0,1,1,0.3148148148148148,403.51192415171215,1
1,1,1,1,1,1,0,0,1,0,1,0,1,0,1,0,0,0,1,0,0,0,1,1,1,1,0,1,0,0,1,0,1,0,1,0,1,1,0,1,1,0,0,0,0,1,1,0,1,1,0,1,0,1,1,0.35185185185185186,437.4174794974127,1
2,1,1,1,1,1,0,0,1,0,0,0,1,0,1,0,0,1,1,0,0,0,1,0,1,1,0,1,0,1,0,0,1,0,1,1,1,1,0,0,1,0,0,0,0,0,1,0,1,0,0,1,0,1,0,0.25925925925925924,422.02800552911896,1
3,1,1,1,1,1,0,0,1,0,1,0,0,0,1,0,0,1,1,0,0,1,1,1,1,1,0,1,0,1,0,0,1,0,0,0,1,1,0,0,1,0,0,0,0,0,1,0,1,1,0,1,1,1,1,0.2962962962962963,449.80625887755497,1
4,1,1,1,1,1,0,0,1,0,1,0,0,0,1,0,0,1,1,0,0,0,1,1,1,1,0,1,0,0,1,0,1,0,1,0,1,1,0,1,0,0,0,0,0,1,1,0,1,1,0,1,0,1,1,0.35185185185185186,407.5580292377417,1
5,1,1,1,1,1,0,0,1,0,0,0,0,0,1,0,0,1,1,0,0,1,1,1,1,1,0,1,0,0,1,0,1,0,1,0,1,1,0,0,0,0,0,0,0,1,1,0,1,1,0,1,0,1,1,0.2962962962962963,397.5076628120799,1
6,1,1,1,1,1,0,0,1,0,0,0,0,0,1,0,0,1,1,0,0,1,1,1,1,1,0,1,0,0,1,0,1,0,1,0,1,1,0,0,1,0,0,0,0,1,1,0,1,1,0,1,0,1,1,0.37037037037037035,395.7453746918938,1
7,1,1,1,1,1,0,0,1,0,0,0,0,1,1,0,0,1,1,0,0,1,1,1,1,1,0,1,0,0,1,0,1,0,1,0,1,1,0,0,0,0,0,0,0,1,1,0,1,1,0,1,0,1,1,0.2777777777777778,409.16347554375335,1
8,1,1,1,1,1,0,0,1,0,0,0,0,0,1,0,0,1,1,0,0,1,1,1,1,1,0,1,0,1,1,0,0,0,1,0,1,1,0,0,1,0,0,0,0,1,1,0,1,1,0,1,0,1,1,0.35185185185185186,394.6267334488493,1
9,1,1,1,1,1,0,1,1,0,0,0,0,0,1,0,0,1,1,0,0,1,1,1,1,1,0,1,0,0,1,0,1,0,1,0,1,1,0,1,1,0,0,0,0,1,1,0,1,1,0,1,0,0,1,0.35185185185185186,431.28955037907735,1
10,1,1,1,1,1,0,1,1,0,1,0,0,0,1,0,0,1,1,0,0,1,1,1,1,1,0,1,0,0,1,0,1,0,1,0,1,1,0,1,1,0,0,0,0,1,1,0,1,1,0,1,1,1,1,0.3333333333333333,448.364175303556,1
11,1,1,1,1,1,0,0,1,0,1,0,0,0,1,0,0,1,1,0,0,1,1,1,1,1,0,1,0,0,1,0,1,0,1,0,1,1,0,0,1,0,0,0,0,1,1,0,1,0,0,1,0,1,1,0.3333333333333333,418.0598409749222,1
12,1,1,1,1,1,0,0,1,0,0,0,0,0,1,0,0,1,1,0,0,0,1,0,1,1,0,1,0,1,0,0,1,0,1,0,1,1,0,0,1,0,0,0,0,0,1,0,1,1,0,1,0,1,0,0.2777777777777778,305.77694203087424,1
13,1,1,1,1,1,0,0,1,0,0,0,0,0,1,0,0,1,1,0,0,1,1,1,1,1,0,1,0,0,1,0,1,0,1,0,1,1,0,0,1,0,0,0,0,1,1,0,1,1,0,1,0,1,1,0.37037037037037035,395.7453746918938,1
14,0,0,1,0,0,1,1,0,1,0,1,0,1,0,1,1,0,0,1,1,0,0,1,1,0,1,0,1,1,0,1,0,1,0,1,0,0,1,1,0,1,1,1,1,0,0,1,0,0,1,0,1,0,1,0.35185185185185186,392.2269373452335,1
15,0,1,1,1,1,0,0,1,0,0,0,0,0,1,0,0,1,1,0,0,0,1,0,1,1,0,1,0,1,0,0,0,0,0,0,1,1,0,0,1,0,0,0,0,0,1,0,1,1,0,1,0,1,1,0.25925925925925924,282.5428201450924,1
16,1,1,1,1,1,0,0,1,0,0,0,0,0,1,0,0,1,1,0,0,0,1,1,1,1,0,1,0,1,1,0,1,0,0,0,1,1,0,0,0,0,0,0,0,1,1,0,1,1,0,1,0,0,1,0.3333333333333333,340.01708477285786,1
17,1,0,1,1,1,0,0,1,0,1,0,0,0,1,0,0,1,1,0,0,1,1,1,1,1,0,1,0,0,1,0,1,0,1,0,1,1,0,0,1,0,0,0,0,1,1,0,1,1,0,1,0,1,1,0.3148148148148148,393.5171445210476,1
18,0,0,1,0,0,1,1,0,1,0,1,0,1,0,1,1,0,0,1,1,0,0,1,1,0,1,0,1,1,0,1,0,1,0,1,0,0,1,1,0,1,1,1,1,0,0,1,0,0,1,0,1,0,1,0.3888888888888889,392.2269373452335,1
19,0,0,1,0,0,1,1,0,1,0,1,0,1,0,1,1,0,0,1,1,0,0,1,1,0,1,0,1,0,0,1,0,1,1,0,0,0,1,1,0,1,1,1,1,0,0,1,0,0,1,0,1,0,1,0.35185185185185186,362.6806741776945,1
20,0,1,1,1,1,0,0,1,0,1,0,0,0,1,0,0,1,1,0,0,0,1,1,1,1,0,1,0,1,1,0,1,0,0,0,1,1,0,0,1,0,0,0,0,1,1,0,1,1,0,1,0,1,0,0.3148148148148148,334.1081461170832,1
21,0,0,0,0,0,1,0,0,1,0,1,0,1,0,1,1,0,0,1,1,1,0,1,1,0,1,0,1,0,0,1,0,1,0,1,0,0,1,1,0,1,1,1,1,0,0,1,0,0,1,0,0,0,1,0.35185185185185186,393.30052913999816,1
22,1,1,1,1,1,0,0,1,0,0,0,1,0,1,0,0,1,1,0,0,1,1,1,1,1,0,1,0,1,1,0,1,0,1,0,1,1,0,0,0,0,0,0,0,1,1,0,1,0,0,1,0,1,1,0.3148148148148148,496.5211583483603,1
23,0,0,0,0,0,1,0,0,1,0,1,0,1,0,1,1,0,0,1,1,1,0,1,1,0,1,0,1,1,0,1,0,1,0,1,0,0,1,1,0,1,1,1,1,0,0,1,0,0,1,0,1,0,1,0.3148148148148148,427.1298576281945,1
24,0,0,0,0,0,1,1,0,1,0,1,0,1,0,1,1,0,0,1,1,0,0,1,1,0,1,0,1,1,0,1,0,1,0,1,0,0,1,1,0,1,1,1,1,0,0,1,0,0,1,0,0,0,1,0.37037037037037035,401.9268348489891,1
25,1,1,1,1,1,0,0,1,0,1,0,0,0,1,0,0,1,1,0,0,1,1,1,1,1,0,1,0,0,1,0,1,0,0,0,1,1,0,0,0,0,0,0,0,1,1,0,1,0,0,1,0,1,1,0.3333333333333333,435.3402956165422,1
26,0,0,0,0,0,1,0,0,1,1,1,0,1,0,1,1,0,0,1,1,1,0,1,1,0,1,0,1,0,1,1,0,1,0,0,0,0,1,1,0,1,1,1,1,0,0,1,0,0,1,0,1,0,1,0.3333333333333333,433.432929825978,1
27,1,1,1,1,1,0,0,1,0,0,0,0,0,1,0,0,1,1,0,0,1,1,1,1,1,0,1,0,0,1,0,1,0,0,0,1,1,0,0,1,0,0,0,0,1,1,0,1,1,0,1,0,1,1,0.35185185185185186,397.50766281208035,1
28,1,1,1,1,1,0,0,1,0,0,0,0,1,1,0,0,1,1,0,0,0,1,0,1,1,0,1,0,1,0,0,1,0,1,0,1,1,0,1,1,0,0,0,0,1,1,0,1,1,0,1,1,1,1,0.25925925925925924,394.4482688548202,1
29,1,1,1,1,1,0,0,1,0,0,0,0,0,1,0,0,0,1,0,0,1,1,1,1,1,0,1,0,0,1,0,1,0,1,0,1,1,0,0,1,0,0,0,0,1,1,0,1,1,0,1,0,1,1,0.3888888888888889,371.1352412218851,1
30,1,1,1,1,1,0,0,1,0,0,0,0,1,1,0,0,1,1,0,0,0,1,1,1,1,0,1,0,0,1,0,1,0,0,0,1,1,0,0,0,0,0,0,0,1,1,0,1,1,0,1,0,1,1,0.35185185185185186,339.64079155365977,1
31,0,1,1,1,1,0,0,1,0,1,1,1,0,1,0,0,1,1,0,0,0,1,1,1,1,0,1,0,0,1,0,1,0,1,0,1,1,0,0,0,0,0,0,0,1,1,0,1,1,0,1,0,1,1,0.3148148148148148,458.40994267132874,1
32,0,1,1,1,1,0,0,1,0,1,0,0,0,1,0,0,0,1,0,0,1,1,1,1,1,0,1,0,1,1,0,1,0,1,0,1,1,0,0,1,0,0,0,0,1,1,0,1,0,0,1,0,1,1,0.3148148148148148,386.7831937652469,1
33,0,1,1,1,1,0,0,1,0,1,0,1,0,1,0,0,1,1,0,0,0,1,1,1,1,0,1,0,1,0,0,0,0,1,0,1,1,0,0,1,0,0,0,0,1,1,0,1,1,0,1,0,1,1,0.2962962962962963,420.6716199876904,1
34,1,1,1,1,1,0,0,1,0,1,0,0,0,1,0,0,1,1,0,0,1,1,1,1,1,0,1,0,0,1,0,1,0,1,0,1,1,0,1,1,0,0,0,0,1,1,0,1,0,0,1,0,1,1,0.35185185185185186,437.93572194041445,1
35,1,1,1,1,1,0,0,1,0,1,0,1,0,1,0,0,1,1,0,0,0,1,1,1,1,0,1,0,0,1,0,1,0,1,0,1,1,0,0,0,0,0,0,0,1,1,0,1,1,0,1,0,0,1,0.3888888888888889,444.73707929995015,1
36,0,0,0,0,0,1,0,0,1,0,1,0,0,0,1,1,0,0,1,1,0,0,1,1,0,1,0,1,1,0,1,0,1,0,0,0,0,1,1,0,1,1,1,1,0,0,1,0,0,1,0,1,0,1,0.35185185185185186,398.48534134490444,1
37,1,1,1,1,1,0,0,1,0,1,0,0,0,1,0,0,1,1,0,0,0,1,1,1,1,0,1,0,1,1,1,1,0,1,0,1,1,0,0,0,0,0,0,0,1,1,0,1,1,0,1,0,0,1,0.2962962962962963,358.3639355186804,1
38,1,1,1,1,1,0,0,1,0,0,0,0,0,1,0,0,1,1,0,0,1,1,1,1,1,0,1,0,1,0,0,1,0,1,0,1,1,0,1,1,0,0,0,0,0,1,0,1,1,0,1,0,1,1,0.25925925925925924,396.9269247263233,1
39,1,1,1,1,1,0,0,1,0,1,0,0,0,1,0,0,1,1,0,0,1,1,1,1,1,0,1,0,1,1,0,1,0,1,0,1,1,0,0,1,0,0,0,0,1,1,0,1,1,0,1,0,0,1,0.4444444444444444,415.8249072240624,1
40,1,1,1,1,1,0,0,1,0,0,0,0,0,1,0,0,1,1,0,0,0,1,1,1,1,0,1,0,1,1,0,1,0,1,1,1,1,0,0,1,0,0,0,0,1,1,0,1,1,0,1,0,1,1,0.3888888888888889,415.5329943138175,1
41,0,0,0,0,0,1,0,0,1,0,1,0,1,0,1,1,0,0,1,1,1,0,1,1,0,1,0,1,0,0,1,0,1,0,0,0,0,1,1,0,1,1,1,1,0,0,1,0,0,1,0,1,1,1,0.3333333333333333,396.453943195884,1
42,1,0,1,1,1,0,0,1,0,1,0,0,1,1,0,0,1,1,0,0,1,1,1,1,1,0,1,0,0,1,0,1,0,0,0,1,1,0,0,1,0,0,0,0,1,1,0,1,0,0,1,0,1,1,0.3148148148148148,408.08667761659933,1
43,1,1,1,1,1,0,0,1,0,0,0,1,0,1,0,0,0,1,0,0,0,1,1,1,1,0,1,0,0,1,0,1,0,0,0,1,1,0,0,0,0,0,0,0,1,1,0,1,1,0,1,0,1,1,0.3333333333333333,372.7533641599152,1
44,0,0,1,0,0,1,0,0,1,1,1,0,1,0,1,1,0,0,1,1,0,0,1,1,0,1,0,1,1,0,1,0,1,0,0,0,0,1,1,0,1,1,1,1,0,0,1,0,0,1,0,1,0,1,0.3333333333333333,370.8753879823348,1
45,1,1,1,1,1,0,0,1,0,0,0,1,0,1,0,0,1,1,0,0,0,1,1,1,1,0,1,0,0,1,0,1,0,0,0,1,1,0,0,1,0,0,0,0,1,1,0,1,1,0,1,0,1,1,0.35185185185185186,405.2706762612739,1
46,1,1,1,1,1,0,0,1,0,0,0,0,0,1,0,0,1,1,0,0,1,1,1,1,1,0,1,0,1,1,0,1,0,0,0,1,1,0,0,1,0,0,0,0,1,1,0,1,0,0,1,0,1,1,0.35185185185185186,399.687671228298,1
47,1,1,1,1,1,0,0,1,0,1,0,0,0,1,0,0,1,1,0,0,1,1,1,1,1,0,1,0,1,1,0,1,0,1,0,1,1,0,0,0,0,0,0,0,1,1,0,1,0,0,1,0,1,1,0.3888888888888889,414.89604300831377,1
48,0,1,1,1,1,0,0,1,0,0,0,0,0,1,0,0,1,1,0,0,0,1,1,1,1,0,1,0,1,0,0,1,0,0,0,1,1,0,0,1,0,0,0,0,1,1,0,1,0,0,1,1,1,0,0.3333333333333333,316.24282645452075,1
49,0,0,1,0,0,1,0,0,1,0,1,0,1,0,1,1,0,0,1,1,0,0,1,1,0,1,0,1,0,0,1,0,1,0,0,0,0,1,1,1,1,1,1,1,0,0,1,0,0,1,0,1,0,1,0.37037037037037035,359.0147250201662,1
50,1,1,1,1,1,0,0,1,0,0,0,1,0,1,0,0,1,1,0,0,0,1,1,1,1,0,1,0,0,1,0,1,0,1,0,1,1,0,0,1,0,0,0,0,1,1,0,1,0,0,1,0,1,1,0.3333333333333333,407.9207468159843,1
51,0,1,0,0,0,1,0,0,1,0,1,0,1,0,1,1,0,0,1,1,1,0,1,1,0,1,0,1,0,0,1,0,1,0,1,0,0,1,1,0,1,1,1,1,0,0,1,0,0,1,0,1,0,1,0.35185185185185186,400.11642637248474,1
52,0,0,0,0,0,1,0,0,1,0,1,0,1,0,1,1,0,0,1,1,1,0,1,1,0,1,0,1,1,0,1,0,1,0,1,0,0,1,1,0,1,1,1,1,0,0,1,0,0,1,0,1,0,1,0.3148148148148148,427.1298576281945,1
53,1,1,0,0,0,1,1,0,1,0,1,0,1,0,1,1,0,0,1,1,1,0,1,1,0,1,0,1,0,0,1,0,1,0,1,0,0,1,1,0,1,1,1,1,0,0,1,0,0,1,0,1,0,1,0.3333333333333333,411.5193195469162,1
54,1,0,0,0,0,1,1,0,1,0,1,0,1,0,1,1,0,0,1,1,1,0,1,1,0,1,0,1,0,0,1,0,1,0,0,0,0,1,1,0,1,1,1,1,0,0,1,0,0,1,0,0,0,1,0.3333333333333333,395.3195281821273,1
55,0,0,1,0,0,1,0,0,1,0,1,0,1,0,1,1,0,0,1,1,0,0,1,1,0,1,0,1,1,0,1,0,1,0,0,0,0,1,1,0,1,1,1,1,0,0,1,0,0,1,0,1,0,1,0.37037037037037035,366.66279928337156,1
56,1,0,0,0,0,1,1,0,1,0,1,0,1,0,1,1,0,0,1,1,1,0,1,0,0,1,0,1,0,1,1,0,1,0,1,0,0,1,1,1,1,1,1,1,0,0,1,0,0,1,0,1,1,1,0.2777777777777778,566.8899595695709,1
57,0,0,1,0,0,1,0,0,1,1,1,0,1,0,1,1,0,0,1,1,0,0,1,1,0,1,0,1,1,0,1,0,1,0,0,0,0,1,1,1,1,1,1,1,0,0,1,0,0,1,0,0,0,1,0.3148148148148148,374.09210591700116,1
58,1,1,1,1,1,0,0,1,0,0,0,0,0,1,0,0,1,1,0,0,1,1,1,1,1,0,1,0,1,1,0,1,0,0,0,1,1,0,1,0,0,0,0,0,1,1,0,1,1,0,1,0,1,0,0.3148148148148148,416.30124681581873,1
59,0,0,0,0,0,1,0,0,1,0,1,0,1,0,1,1,0,0,1,1,1,0,1,1,0,1,0,1,1,0,1,0,1,0,0,0,0,1,1,0,1,1,1,1,0,0,1,0,1,1,0,1,0,1,0.37037037037037035,405.95431404643836,1
60,0,0,0,0,0,1,0,0,1,0,1,0,1,0,1,1,0,0,1,1,1,0,1,1,0,1,0,1,0,0,0,0,1,0,1,0,0,1,1,1,1,1,1,1,0,0,1,0,0,1,0,1,0,1,0.2962962962962963,401.3524409060889,1
61,0,0,1,0,0,1,1,0,1,0,1,0,0,0,1,1,0,0,1,1,1,0,1,1,0,1,0,1,0,0,1,0,1,0,1,0,0,1,1,0,1,1,1,1,0,0,1,0,0,1,0,0,0,1,0.3148148148148148,429.1235265882551,1
62,0,0,0,0,0,1,0,0,1,0,1,0,1,0,1,1,0,0,1,1,0,0,1,1,0,1,0,1,1,0,1,0,1,1,0,0,0,1,1,0,1,1,1,1,0,0,1,0,0,1,0,1,0,1,0.3333333333333333,408.80823087267845,1
63,0,0,1,0,0,1,1,0,1,0,1,0,1,0,1,1,0,0,1,1,1,0,1,1,0,1,0,1,0,0,1,0,1,1,1,0,0,1,1,0,1,1,1,1,0,0,1,0,0,1,0,1,0,1,0.37037037037037035,434.17108196619336,1
64,0,1,1,1,1,0,0,1,0,1,0,0,0,1,0,0,1,1,1,0,1,1,1,1,1,0,1,0,0,1,0,1,0,1,0,1,1,0,0,0,0,0,0,0,1,1,0,1,1,0,1,0,1,1,0.3333333333333333,421.02114740226745,1
65,1,0,0,0,0,1,1,0,1,0,1,0,0,0,1,1,0,0,1,1,0,0,1,1,0,1,0,1,0,0,1,0,1,0,1,0,0,1,1,0,1,1,1,1,0,0,1,0,0,1,0,1,0,1,0.2962962962962963,378.5103388315042,1
66,0,0,1,0,0,1,1,0,1,0,1,0,0,0,1,1,0,0,1,1,1,0,1,0,0,1,0,1,1,0,1,0,1,0,0,0,0,1,1,0,1,1,1,1,0,0,1,0,0,1,0,1,0,1,0.4444444444444444,377.4111524704633,1
67,1,1,1,1,1,0,0,1,0,1,0,1,0,1,0,0,1,1,0,0,0,1,0,1,1,0,1,0,0,1,0,1,0,1,0,1,1,0,1,1,0,0,0,0,1,1,0,1,0,0,1,0,0,0,0.37037037037037035,424.72266200640996,1
68,0,0,0,0,0,1,0,0,1,0,1,0,1,0,1,1,0,0,1,1,0,0,1,1,0,1,0,1,1,0,1,0,1,0,1,0,0,1,1,0,1,1,1,1,0,0,1,0,1,1,0,1,0,1,0.3888888888888889,464.55468967950225,1
69,0,0,0,0,0,1,0,0,1,0,1,0,1,0,1,1,0,0,1,1,1,0,1,1,0,1,0,1,0,0,1,0,1,0,1,0,0,1,1,0,1,1,1,1,0,0,1,0,0,1,0,1,1,1,0.35185185185185186,428.6349087824898,1
70,0,1,1,1,1,0,0,1,0,1,0,1,0,1,0,0,1,1,0,0,0,1,1,1,1,0,1,0,0,1,0,1,0,1,0,1,1,0,0,1,0,0,0,0,0,1,0,1,1,0,1,0,1,0,0.35185185185185186,481.4912130191513,1
71,0,0,1,0,0,1,1,0,1,1,1,0,1,0,1,1,0,0,1,1,0,0,1,1,0,1,0,1,1,0,1,0,1,0,0,0,0,1,1,0,1,1,1,1,0,0,1,0,1,1,0,1,0,1,0.3888888888888889,378.873470152007,1
72,1,0,0,0,0,1,0,0,1,1,1,0,1,0,1,1,0,0,1,1,1,0,1,1,0,1,0,1,1,0,1,0,1,0,0,0,0,1,1,0,1,1,1,1,0,0,1,0,0,1,0,0,1,1,0.35185185185185186,407.23861569151234,1
73,0,0,1,0,0,1,0,0,1,0,1,0,1,0,1,1,0,0,1,1,0,0,1,1,1,1,0,1,1,0,1,0,1,0,0,0,0,1,1,0,1,1,1,1,0,0,1,0,0,1,0,1,0,1,0.37037037037037035,360.33427062500414,1
74,1,1,1,1,1,0,0,1,0,0,0,0,0,1,0,0,1,1,0,0,1,1,1,1,1,0,1,0,1,1,0,1,0,1,0,1,1,0,0,0,0,0,0,0,1,1,0,1,0,0,1,0,1,0,0.4074074074074074,421.11526904174553,1
75,1,0,0,0,0,1,0,0,1,0,1,1,1,0,1,1,0,0,1,1,0,0,1,1,0,1,0,1,0,0,1,0,1,0,1,0,0,1,1,0,1,1,1,1,0,0,1,0,0,1,0,1,1,1,0.3888888888888889,422.37782062083704,1
76,1,0,1,1,1,0,1,1,0,1,0,0,0,1,0,0,1,1,0,0,0,1,0,1,1,0,1,0,1,0,0,1,0,1,0,1,1,0,1,0,0,0,0,0,1,1,0,1,1,0,1,0,1,0,0.2777777777777778,323.9113168193224,1
77,0,0,0,0,0,1,1,0,1,0,1,0,1,0,1,1,0,0,1,1,1,0,1,1,0,1,0,1,1,0,1,0,1,1,0,0,0,1,1,0,1,1,1,1,0,0,1,0,0,1,0,0,1,1,0.35185185185185186,419.8466530084527,1
78,1,0,0,0,0,1,0,0,1,0,1,0,1,0,1,1,0,0,1,1,0,0,1,1,0,1,0,1,1,0,1,0,1,0,1,0,0,1,1,0,1,1,1,1,0,0,1,0,0,1,0,0,0,1,0.37037037037037035,398.08189493238444,1
79,1,1,1,1,1,0,0,1,0,1,0,0,0,1,0,0,1,1,0,0,1,1,1,1,1,0,1,0,0,0,0,1,0,1,0,1,1,0,0,0,0,0,0,0,1,1,0,1,1,0,1,0,1,1,0.35185185185185186,449.48363008614905,1
80,0,0,0,0,0,1,0,0,1,0,1,0,1,0,1,1,0,0,1,1,1,0,1,1,0,1,0,1,0,0,0,0,1,1,1,0,0,1,1,0,1,1,1,1,0,0,1,0,0,1,0,0,1,1,0.3333333333333333,415.434329380661,1
81,0,0,0,0,0,1,0,0,1,1,1,0,0,0,1,1,0,0,1,1,1,0,1,1,0,1,0,1,0,0,1,0,1,0,1,0,0,1,1,0,1,1,1,1,0,0,1,0,0,1,0,0,1,1,0.3333333333333333,420.01719938693213,1
82,0,0,0,0,0,1,0,0,1,0,1,0,1,0,1,1,0,0,1,1,0,0,1,1,0,1,0,1,0,0,0,0,1,0,0,0,0,1,1,0,1,1,1,1,0,0,1,0,0,1,0,1,0,1,0.35185185185185186,336.034100204012,1
83,0,0,0,0,0,1,0,0,1,0,1,0,1,0,1,1,0,0,1,1,0,0,1,1,0,1,0,1,0,0,1,0,1,0,1,0,0,1,1,0,1,1,1,1,0,0,1,0,1,1,0,1,0,1,0.35185185185185186,413.0668982055067,1
84,0,0,1,0,0,1,0,0,1,0,1,0,1,0,1,1,0,0,0,1,0,0,1,1,0,1,0,1,1,0,1,0,1,0,1,0,0,1,1,0,1,1,0,1,0,0,1,0,0,1,0,1,0,1,0.3148148148148148,383.9771093874922,1
85,0,0,0,0,0,1,1,0,1,1,1,1,1,0,1,1,0,0,1,1,0,0,1,0,0,1,0,1,1,0,1,0,1,0,1,0,0,1,1,0,1,1,1,1,0,0,1,0,1,1,0,0,0,1,0.3333333333333333,423.22864838390836,1
86,1,1,1,1,1,0,0,1,0,0,0,0,0,1,0,0,0,1,0,0,1,1,1,1,1,0,1,0,0,1,0,1,0,1,0,1,1,0,0,1,0,0,0,0,1,1,0,1,0,0,1,0,1,1,0.37037037037037035,370.61639561717607,1
87,1,0,0,0,0,1,0,0,1,0,1,0,1,0,1,1,0,0,1,1,1,0,1,1,0,1,0,1,1,0,1,0,1,0,0,0,0,1,1,0,1,1,1,1,0,0,1,0,0,1,0,1,0,1,0.35185185185185186,392.0077606301296,1
88,1,1,1,1,1,0,0,1,0,0,0,1,0,1,0,0,1,1,0,0,0,1,1,1,1,0,1,1,0,1,0,1,0,1,0,1,1,0,0,0,0,0,0,0,1,1,0,1,0,0,1,0,0,1,0.37037037037037035,422.475105783772,1
89,1,1,1,1,1,0,0,1,0,1,0,0,0,1,0,0,1,1,0,0,1,1,1,1,1,0,1,0,1,0,0,1,0,1,0,1,1,0,0,0,0,0,0,0,1,1,0,1,0,0,1,0,1,1,0.3148148148148148,435.5040935831512,1
90,0,0,1,1,0,1,1,0,1,0,1,0,1,0,1,1,1,0,1,1,1,0,1,1,0,1,0,1,1,0,1,0,1,1,0,0,0,1,1,0,1,1,1,1,0,0,1,0,0,1,0,1,1,1,0.35185185185185186,475.3969199385931,1
91,1,1,1,1,1,0,0,1,0,0,0,1,0,1,0,0,1,1,0,0,0,1,1,1,1,0,1,0,1,1,0,1,0,1,0,1,1,0,0,0,0,0,0,0,1,1,0,1,1,0,1,0,1,1,0.3888888888888889,404.9640063851503,1
92,0,0,0,0,0,1,0,0,1,0,1,1,1,0,1,1,0,0,1,1,0,0,1,1,0,1,0,1,0,0,1,0,1,1,0,0,0,1,1,1,1,1,1,1,0,1,1,0,0,1,0,0,0,1,0.3333333333333333,402.0729812306258,1
93,1,0,0,0,0,1,0,0,1,0,1,0,0,0,1,1,0,0,1,1,1,0,1,1,0,1,0,1,1,0,1,0,1,0,1,0,0,1,1,0,1,1,1,1,0,0,1,0,0,1,0,0,1,1,0.4074074074074074,442.5497305619998,1
94,1,0,0,0,0,1,0,0,1,0,1,1,1,0,1,1,0,0,1,1,0,0,1,1,0,1,0,1,1,0,1,0,1,0,1,0,0,1,1,1,1,1,1,1,0,0,1,0,0,1,0,0,0,1,0.4074074074074074,423.6385126517912,1
95,1,0,0,0,0,1,0,0,1,0,0,0,0,0,1,1,0,0,1,1,0,0,1,0,0,1,0,1,0,0,1,0,1,0,0,0,0,1,1,0,1,1,1,1,0,0,1,0,0,1,0,0,0,0,0.3148148148148148,271.5421844042782,1
96,0,0,0,0,0,1,0,0,1,0,1,0,1,0,1,1,0,0,1,1,1,0,1,1,0,1,0,1,1,0,1,0,1,0,1,0,0,1,1,0,1,1,0,1,0,0,1,0,0,1,0,1,0,1,0.35185185185185186,412.13787869025055,1
97,0,0,0,0,0,1,1,0,1,0,1,0,1,0,1,1,0,0,1,1,1,0,1,1,0,1,0,1,1,0,1,0,1,0,0,0,0,1,1,0,1,1,1,1,0,0,1,0,0,1,0,0,1,1,0.37037037037037035,406.6664385917363,1
98,0,0,0,0,0,1,0,0,1,0,1,0,1,0,1,1,0,0,1,1,0,1,1,1,0,1,0,1,1,0,0,0,1,1,1,0,0,1,1,1,1,1,1,1,0,0,1,0,0,1,0,1,0,1,0.3888888888888889,454.075819366201,1
99,0,0,1,0,0,1,0,0,1,0,1,0,0,0,1,1,0,0,1,1,1,0,1,1,0,1,0,1,1,0,1,0,1,0,0,0,0,1,1,0,1,1,1,1,0,0,1,0,1,1,0,0,0,1,0.3333333333333333,412.1855119574382,1
