,0,1,2,3,4,5,6,7,8,9,10,11,12,13,14,15,16,17,18,19,20,21,22,23,24,25,26,27,28,29,30,31,32,33,34,35,36,37,38,39,40,41,42,43,44,45,46,47,48,49,50,51,52,53,chain_break_fraction,energy,num_occurrences
0,1,0,0,1,0,1,0,1,1,1,1,0,0,1,1,0,1,0,1,1,0,1,0,1,1,0,0,1,1,0,1,0,1,0,1,1,0,0,0,1,1,1,0,0,1,1,1,1,1,0,0,1,0,0,0.3148148148148148,320.34404671680653,1
1,1,0,0,1,0,1,0,1,1,1,1,0,0,1,1,0,1,0,1,1,0,1,0,1,1,0,0,1,1,0,1,0,1,0,1,1,0,0,0,1,1,1,0,0,1,1,0,1,1,0,0,1,0,0,0.3333333333333333,306.55279157840226,1
2,1,0,0,1,0,1,0,1,1,1,1,0,0,1,1,0,1,0,1,1,0,1,0,1,1,0,0,1,1,0,1,0,1,0,1,0,0,0,1,1,1,1,0,0,1,1,0,1,1,0,1,1,0,0,0.3148148148148148,370.892831426146,1
3,1,0,0,0,0,1,0,1,1,1,1,0,0,1,1,0,1,0,1,1,0,1,0,1,1,0,0,1,1,0,1,0,1,0,1,0,0,0,1,1,1,1,0,0,1,1,1,1,1,0,0,1,0,0,0.3148148148148148,329.478073523995,1
4,1,0,0,1,0,1,0,1,1,1,1,0,0,1,1,0,1,0,1,1,0,1,0,1,1,0,0,1,1,0,1,0,1,0,1,0,0,0,0,1,1,1,0,0,1,1,0,1,1,0,0,1,0,0,0.2962962962962963,288.9646898169469,1
5,1,0,0,1,0,1,0,1,1,1,1,0,0,1,1,0,1,0,1,1,0,1,0,1,1,0,0,1,1,0,1,0,1,0,1,1,0,0,0,1,1,1,0,0,1,1,0,1,1,0,0,1,0,0,0.35185185185185186,306.55279157840226,1
6,1,0,0,1,0,1,0,1,1,1,1,0,0,1,1,1,1,0,1,1,0,1,0,1,1,0,0,1,1,0,1,0,1,0,1,0,0,0,0,1,1,1,0,0,1,1,0,1,1,0,0,1,0,0,0.3148148148148148,303.0441626890359,1
7,1,0,0,0,0,1,0,1,1,0,1,0,0,1,1,0,1,0,1,1,0,1,0,1,1,0,0,1,1,0,1,0,1,0,1,1,0,0,0,1,1,1,0,0,1,1,0,1,1,0,0,1,0,0,0.3333333333333333,309.4230430356898,1
8,1,0,0,0,0,1,0,1,1,1,1,0,0,1,1,0,1,0,1,1,0,0,0,1,1,0,0,1,1,0,1,0,1,0,1,0,0,0,1,1,1,1,0,0,1,1,0,1,1,0,0,1,0,0,0.3148148148148148,314.5073190766048,1
9,1,0,0,1,0,1,0,1,1,1,1,0,0,1,0,0,1,0,1,0,0,1,0,1,1,0,0,1,1,0,1,0,1,0,1,0,0,0,1,1,1,1,0,0,1,1,0,1,1,0,0,1,0,0,0.2777777777777778,334.85408286391186,1
10,1,0,0,1,0,1,0,1,1,1,1,0,0,1,0,0,1,0,1,1,0,1,0,1,1,0,0,1,1,0,1,0,1,0,1,1,0,0,1,1,1,1,0,0,1,1,0,1,1,0,0,1,0,0,0.35185185185185186,413.12972280396946,1
11,1,0,0,1,0,1,0,1,1,1,1,0,0,1,1,0,1,0,1,1,0,1,0,1,1,0,0,1,1,0,1,0,1,0,1,0,0,0,1,1,1,1,0,0,1,1,0,1,0,0,0,1,0,0,0.3148148148148148,312.0910132944687,1
12,1,0,0,0,0,1,0,1,1,1,1,0,0,1,1,0,1,0,1,1,0,1,0,1,1,0,0,1,1,0,1,0,1,0,1,0,0,0,0,1,1,1,0,0,1,1,0,1,0,0,0,1,0,0,0.2962962962962963,283.36713212330835,1
13,1,0,0,0,0,1,0,1,1,1,1,0,0,1,1,0,1,0,1,1,0,1,0,1,1,0,0,1,1,0,1,0,1,0,1,0,0,0,0,1,1,1,0,0,1,1,0,1,1,0,0,1,0,0,0.3148148148148148,277.3368825817275,1
14,1,0,0,1,0,1,0,1,1,1,1,0,0,1,1,0,1,0,1,1,0,1,0,1,0,0,0,1,1,0,1,0,1,0,1,1,0,0,0,1,1,1,0,0,1,1,0,1,1,0,1,1,0,0,0.2777777777777778,376.718806993676,1
15,1,0,0,1,0,1,0,1,1,1,1,0,0,1,1,0,1,0,1,1,0,1,0,1,1,0,0,1,1,0,1,0,1,0,1,1,0,0,0,1,1,1,0,0,1,1,0,1,1,0,0,1,0,0,0.3333333333333333,306.55279157840226,1
16,1,0,0,1,0,1,0,1,1,1,1,0,0,1,1,0,1,0,1,1,0,1,0,1,1,0,1,1,1,0,1,0,1,0,1,1,0,0,1,1,1,1,0,0,1,1,0,1,1,0,0,1,0,0,0.2962962962962963,388.5484479888188,1
17,1,0,0,1,0,1,0,1,1,1,1,0,0,1,1,0,1,0,1,1,0,1,0,1,1,0,0,1,1,0,1,0,1,0,1,1,0,0,0,1,1,1,0,0,1,1,1,1,1,0,0,1,0,0,0.3333333333333333,320.34404671680653,1
18,1,0,0,1,0,1,0,1,1,1,1,0,0,1,1,0,1,0,1,1,0,1,0,1,1,0,0,1,1,0,1,0,1,0,1,1,0,0,0,1,1,1,0,0,1,1,0,1,0,0,0,1,0,0,0.3333333333333333,303.1975969845703,1
19,1,0,0,1,0,0,0,1,1,1,1,0,0,1,1,0,1,0,1,1,0,1,0,1,1,0,0,1,1,0,1,0,1,0,1,1,0,0,0,1,1,1,0,0,1,1,1,1,1,0,0,1,0,0,0.3333333333333333,333.96103045537876,1
20,1,0,0,1,0,1,0,1,1,1,1,0,0,1,1,0,1,0,1,1,0,1,0,1,1,0,0,1,1,0,1,0,1,0,1,1,0,0,0,1,1,1,0,0,1,1,0,1,1,0,1,1,0,0,0.3148148148148148,367.9735699537305,1
21,1,0,0,0,0,1,0,1,1,1,1,0,0,1,1,0,1,0,1,1,0,1,0,1,1,0,0,1,1,0,1,0,1,0,1,0,0,0,0,1,1,1,0,0,1,1,0,1,0,0,0,1,0,0,0.2777777777777778,283.36713212330835,1
22,1,0,0,0,0,1,0,1,1,1,1,0,0,1,1,0,1,0,1,1,0,1,0,1,1,0,1,1,1,0,1,0,1,0,1,1,0,0,0,1,1,1,0,0,1,1,0,1,1,0,0,1,0,0,0.4074074074074074,346.682589190628,1
23,1,0,0,1,0,1,0,1,1,1,1,0,0,1,1,0,1,0,0,1,0,1,0,1,1,0,0,1,1,0,1,0,1,0,1,0,0,0,1,1,1,1,0,0,1,1,1,1,1,0,0,1,0,0,0.35185185185185186,331.98012522435215,1
24,1,0,0,1,0,1,0,1,1,0,1,0,0,1,1,0,1,0,1,1,0,1,0,1,1,0,0,1,1,0,1,0,1,0,1,1,0,0,0,1,1,1,0,0,1,1,0,1,1,0,0,1,0,0,0.35185185185185186,308.2856528606945,1
25,1,0,0,0,0,1,0,1,1,1,1,0,0,1,1,0,1,0,0,1,0,1,0,1,1,0,0,1,1,0,1,0,1,0,1,0,0,0,1,1,1,1,0,0,1,1,0,1,0,0,0,1,0,0,0.3148148148148148,309.0635054373867,1
26,1,0,0,1,0,1,0,1,1,0,1,0,0,1,1,0,1,0,0,1,0,1,0,1,1,0,0,1,1,0,1,0,1,0,1,1,0,0,1,1,1,1,0,0,1,1,0,1,0,0,0,1,0,0,0.3148148148148148,383.44221407564163,1
27,1,0,0,0,0,1,0,1,1,1,1,0,0,1,1,0,1,0,1,1,0,1,0,1,1,0,0,1,1,0,1,0,1,0,1,1,0,0,0,1,1,1,0,0,1,1,1,1,1,0,0,1,0,0,0.3333333333333333,323.7482926514495,1
28,1,0,0,1,0,1,0,1,1,1,1,0,0,1,1,0,1,0,0,1,0,1,0,1,1,0,0,1,1,0,1,0,1,0,1,0,0,0,1,1,1,1,0,0,1,1,0,1,1,0,0,1,0,0,0.37037037037037035,315.1489629007722,1
29,1,0,0,0,0,1,0,1,1,1,1,0,0,1,1,0,1,0,1,1,0,1,0,1,0,0,0,1,1,0,1,0,1,0,1,0,0,0,0,1,1,1,0,0,1,1,0,1,1,0,0,0,0,0,0.3148148148148148,274.5071422156374,1
30,1,0,0,1,0,0,0,1,1,1,1,0,0,1,1,0,1,0,1,1,0,1,0,1,1,0,0,1,1,0,1,0,1,0,1,0,0,0,1,1,1,1,0,0,1,1,0,1,1,0,0,1,0,0,0.3333333333333333,309.4104597494043,1
31,0,1,1,0,1,0,1,0,0,0,1,1,1,0,1,1,0,1,0,1,1,0,1,1,0,1,0,0,0,1,0,1,1,1,0,1,1,1,1,0,0,0,1,1,0,0,0,1,0,1,1,0,1,1,0.3148148148148148,504.10360919919293,1
32,1,0,0,1,0,1,0,1,1,1,1,0,0,1,1,0,1,0,1,1,0,1,0,1,1,0,0,1,1,0,1,0,1,0,1,0,0,0,1,1,1,1,1,0,1,1,0,1,1,0,0,1,0,0,0.35185185185185186,324.10857688501625,1
33,1,0,0,1,0,1,0,1,1,1,1,0,0,1,0,0,1,0,1,1,0,1,0,1,1,0,0,1,1,0,1,0,1,0,1,0,0,0,1,1,1,1,0,0,1,1,0,1,1,0,0,1,0,0,0.3148148148148148,311.3627787858012,1
34,1,0,0,1,0,1,0,1,1,0,1,0,0,1,1,0,1,0,1,1,0,1,0,1,1,0,0,1,1,0,1,0,1,0,1,0,0,0,0,1,1,1,0,0,1,1,0,1,1,1,0,1,1,0,0.3148148148148148,287.97218428568215,1
35,1,0,0,1,0,1,0,1,1,1,1,0,0,1,1,0,1,0,1,1,0,1,0,1,1,0,0,1,1,0,1,0,1,0,1,1,0,0,0,1,1,1,0,0,1,1,1,1,1,0,0,1,0,0,0.37037037037037035,320.34404671680653,1
36,1,0,0,1,0,1,0,1,1,1,1,0,0,1,0,0,1,0,1,1,0,1,0,1,1,0,1,1,1,0,1,0,1,0,1,1,0,0,0,1,1,1,0,0,1,1,0,1,1,0,0,1,0,0,0.35185185185185186,316.6293678009146,1
37,1,0,0,0,0,1,0,1,1,1,1,0,0,1,1,0,1,0,1,1,0,1,0,1,1,0,0,1,1,0,1,0,1,0,1,1,0,0,0,1,1,1,0,0,1,1,1,1,0,0,0,1,0,0,0.37037037037037035,311.9883236362225,1
38,0,1,1,1,1,0,1,0,0,1,1,1,1,0,1,1,0,1,0,1,1,0,1,1,0,1,0,0,0,1,0,1,1,1,0,1,1,1,1,0,0,0,1,1,0,0,0,1,0,1,1,0,1,1,0.35185185185185186,499.55554158460944,1
39,0,1,1,1,1,0,1,1,0,0,1,1,1,0,1,1,0,1,0,1,1,0,1,1,0,1,0,0,0,1,0,1,1,1,0,1,1,1,1,0,0,0,1,1,0,0,1,1,0,0,1,0,1,1,0.35185185185185186,485.1799834553404,1
40,0,1,1,0,1,0,1,1,0,0,1,1,1,0,1,1,0,1,0,1,1,0,1,1,0,1,1,0,0,1,0,1,1,1,0,1,1,1,1,0,0,0,1,1,0,0,1,1,1,1,1,0,1,1,0.35185185185185186,542.602194907209,1
41,1,0,0,1,0,1,0,1,1,1,1,0,0,1,0,0,1,0,1,1,0,1,0,1,1,0,0,1,1,0,1,0,1,0,1,1,0,0,0,1,1,1,0,0,1,1,1,1,1,0,1,1,0,0,0.2962962962962963,462.90325569957315,1
42,1,0,0,1,0,1,0,1,1,1,1,0,0,1,1,0,1,0,1,1,0,1,0,1,1,0,0,1,1,0,1,0,1,0,1,1,0,0,0,1,1,1,0,0,1,1,0,1,0,0,0,1,0,0,0.37037037037037035,303.1975969845703,1
43,1,0,0,0,0,1,0,1,1,1,1,0,0,1,1,0,1,0,1,1,0,1,0,1,1,0,0,1,1,0,1,0,1,0,1,0,0,0,1,0,1,1,0,0,1,1,0,1,0,0,0,1,0,0,0.2962962962962963,304.8857469618903,1
44,1,0,0,1,0,1,0,1,1,1,1,0,0,1,1,0,1,0,1,1,0,1,0,1,1,0,1,1,1,0,1,0,1,0,1,1,0,0,1,1,1,1,0,0,1,1,0,1,1,0,1,1,0,0,0.2777777777777778,452.74141673887283,1
45,1,0,0,0,0,1,0,1,1,1,1,0,0,1,1,0,1,0,1,1,0,1,0,1,1,0,0,1,1,0,1,0,1,0,1,1,0,0,1,1,1,1,0,0,1,1,0,1,0,0,0,1,0,0,0.3333333333333333,368.03591391844867,1
46,1,0,0,0,0,1,0,1,1,1,1,0,0,1,1,0,1,0,1,1,0,1,0,1,1,0,0,1,1,0,1,0,1,0,1,1,0,0,0,1,1,1,0,0,1,1,0,1,1,0,0,1,0,0,0.37037037037037035,304.9557169568997,1
47,0,1,1,0,1,0,1,0,0,0,1,1,1,0,1,1,0,1,0,1,1,0,1,1,0,1,1,0,0,1,0,1,1,1,0,1,1,0,1,0,0,0,1,1,0,0,1,1,0,1,1,0,0,1,0.3333333333333333,528.7558934227629,1
48,0,1,1,0,1,0,1,1,0,0,1,1,1,0,1,1,0,1,1,1,1,0,1,1,0,1,0,0,0,1,0,1,1,1,0,1,1,1,0,0,0,0,1,1,0,0,1,1,0,1,1,0,1,1,0.3333333333333333,461.4231188709094,1
49,1,0,0,0,0,1,0,1,1,1,1,0,0,1,0,0,1,0,1,1,0,1,0,1,1,0,0,1,1,0,1,0,1,0,1,1,0,0,1,1,1,1,0,0,1,1,1,1,1,0,0,1,0,0,0.2962962962962963,491.5098689522878,1
50,1,0,0,1,0,0,0,1,1,1,1,0,0,1,1,0,1,0,1,1,0,1,0,1,1,0,0,1,1,0,1,0,1,0,1,0,0,0,0,1,1,1,0,0,1,1,0,1,1,0,0,1,0,0,0.3148148148148148,242.4534608760697,1
51,1,0,0,1,0,1,0,1,1,1,1,0,0,1,1,0,1,0,1,1,0,1,0,1,1,0,0,1,1,0,1,0,1,0,1,0,0,0,1,1,1,1,0,0,1,1,0,1,1,0,0,1,1,0,0.3333333333333333,325.68698226069984,1
52,0,1,1,1,1,0,1,1,0,1,1,1,1,0,1,1,0,1,0,1,1,0,1,1,0,1,0,0,0,1,0,1,1,1,0,1,1,1,1,0,0,0,1,1,0,0,1,1,0,1,1,0,1,1,0.3148148148148148,501.47424922028307,1
53,1,0,0,1,0,1,0,1,1,1,1,0,0,1,1,0,1,0,1,1,0,1,0,1,0,0,0,1,1,0,1,0,1,0,1,0,0,0,0,1,1,1,0,0,1,1,0,1,0,0,0,1,0,0,0.37037037037037035,283.7402747079179,1
54,1,0,0,1,0,0,0,1,1,0,1,0,0,1,1,0,1,0,1,1,0,1,0,1,1,0,1,1,1,0,1,0,1,0,1,1,0,0,1,1,1,1,0,0,1,1,0,1,1,0,0,1,0,0,0.3333333333333333,392.2398084771836,1
55,0,1,1,0,1,0,1,0,0,0,1,1,1,0,1,1,0,1,1,1,1,0,1,1,0,1,1,0,0,1,0,1,1,1,0,1,1,1,1,0,0,0,1,1,0,0,0,1,0,1,1,0,1,1,0.35185185185185186,544.9871694108483,1
56,1,0,0,1,0,1,0,1,1,1,1,0,0,1,0,0,1,0,1,1,0,1,0,1,1,0,0,1,1,0,1,0,1,0,1,0,0,0,1,1,1,1,0,0,1,1,0,1,0,0,0,1,0,0,0.3148148148148148,299.1134352506421,1
57,1,0,0,1,0,1,0,1,1,0,1,0,0,1,1,0,1,0,0,1,0,1,0,1,1,0,0,1,1,0,1,0,1,0,1,1,0,0,1,1,1,1,0,0,1,1,0,1,1,0,0,1,0,0,0.3148148148148148,402.7546500796842,1
58,1,0,0,1,0,1,0,1,1,0,1,0,1,1,1,0,1,0,1,1,0,1,0,1,1,0,1,1,1,0,1,0,1,0,1,1,0,0,0,1,1,1,0,0,1,1,0,1,1,0,0,1,0,0,0.35185185185185186,362.2202529228966,1
59,1,0,0,0,0,1,0,1,1,1,1,0,0,1,1,0,1,0,1,1,0,1,0,1,1,0,0,1,1,0,1,0,1,0,1,0,0,0,1,1,1,1,0,0,1,1,0,1,0,0,1,1,0,0,0.3333333333333333,363.03144844941846,1
60,1,0,0,0,0,1,0,1,1,0,1,0,0,1,0,1,1,0,1,1,0,1,0,1,1,0,0,1,1,0,1,0,1,0,1,1,0,0,0,1,1,1,0,0,1,1,1,1,1,0,0,1,0,0,0.3888888888888889,353.2279586594621,1
61,1,0,0,1,0,1,0,1,1,1,1,0,0,1,0,0,1,0,1,0,0,1,0,1,1,0,0,1,1,0,1,0,1,0,1,1,0,0,0,1,1,1,0,0,1,1,0,1,1,0,0,1,0,0,0.35185185185185186,327.78996807319385,1
62,1,0,0,0,0,1,0,1,1,0,1,0,0,1,1,0,1,0,1,1,0,1,0,1,1,0,0,1,1,0,1,0,1,0,1,1,0,1,1,1,1,1,0,0,1,1,0,1,0,0,0,1,0,0,0.37037037037037035,433.28082751341896,1
63,1,0,0,0,0,1,0,0,1,1,1,0,0,1,1,0,1,0,1,1,0,1,0,1,0,0,0,1,1,0,1,0,1,0,1,0,0,0,0,1,1,1,0,0,1,1,0,1,1,0,0,1,0,0,0.35185185185185186,263.2625485158953,1
64,1,0,0,0,0,1,0,1,1,1,1,0,1,1,1,0,1,0,1,1,0,1,0,1,1,0,0,1,1,0,1,0,1,0,1,1,0,1,0,1,1,1,0,0,1,1,0,1,1,0,0,1,0,0,0.35185185185185186,328.96932155578503,1
65,1,0,0,1,0,1,0,1,1,1,1,0,0,1,1,0,1,0,1,0,0,1,0,1,1,0,0,1,1,0,1,0,1,0,1,0,0,0,0,1,1,1,0,0,1,1,0,1,0,0,0,1,0,0,0.3333333333333333,273.33777471214955,1
66,0,1,1,1,1,0,1,0,0,1,1,1,1,0,1,1,0,1,0,1,1,0,1,1,0,1,1,0,0,1,0,1,1,1,0,0,1,1,0,0,0,0,1,1,0,0,1,1,1,1,0,0,1,1,0.3148148148148148,613.9579576487699,1
67,1,0,0,1,0,1,0,1,1,0,1,0,0,1,1,0,1,0,1,1,0,1,0,1,1,0,0,1,1,0,1,0,1,0,1,0,0,0,0,1,1,1,0,0,1,1,0,1,1,1,1,1,0,0,0.3333333333333333,328.412286487777,1
68,1,0,0,1,0,1,0,1,1,1,1,0,0,1,0,0,1,0,1,1,0,1,0,1,0,0,0,1,1,0,1,0,1,0,1,0,0,0,1,1,1,1,0,0,1,1,0,1,1,0,0,1,0,0,0.3148148148148148,320.16535029855595,1
69,1,0,0,1,0,1,0,1,1,1,1,0,0,1,1,0,1,0,1,1,0,1,0,1,0,0,1,1,1,0,1,0,1,0,1,0,0,0,1,1,1,1,0,0,1,1,0,1,1,0,1,1,0,0,0.3333333333333333,380.483273694543,1
70,1,0,0,1,0,1,0,1,1,1,1,0,0,1,1,0,1,0,1,1,0,1,0,1,1,0,0,1,1,0,1,0,1,0,1,1,0,0,0,1,1,1,0,0,1,1,0,1,1,0,0,1,0,0,0.37037037037037035,306.55279157840226,1
71,0,1,1,1,1,0,1,0,0,1,1,1,1,0,0,1,0,1,0,1,1,0,1,1,0,1,0,0,0,1,0,1,1,1,0,0,1,1,0,0,0,0,1,1,0,0,0,1,0,1,1,0,1,1,0.3148148148148148,384.2457749955543,1
72,0,1,1,0,1,0,1,0,0,0,1,1,1,0,1,1,0,1,0,1,1,0,1,1,0,1,1,0,0,1,0,1,1,1,0,1,1,1,1,0,0,0,1,1,0,0,1,1,0,1,0,0,1,1,0.2962962962962963,512.919388569258,1
73,1,0,0,0,0,1,0,1,1,1,1,0,0,1,1,1,1,0,0,1,0,1,0,1,1,0,0,1,1,0,1,0,1,0,1,1,0,0,0,1,1,1,0,0,1,1,1,1,1,0,0,1,0,0,0.3333333333333333,325.5929409668792,1
74,1,0,0,0,0,1,0,1,1,1,1,0,0,1,1,0,1,0,0,1,0,1,0,1,0,0,1,1,1,0,1,0,1,0,1,1,0,1,0,1,1,1,0,0,1,1,1,1,1,0,0,1,0,0,0.3333333333333333,369.8635562737214,1
75,1,0,0,1,0,1,0,1,1,1,1,0,0,1,1,0,1,0,1,1,0,1,0,1,1,0,1,1,1,0,1,0,1,0,1,0,0,0,0,1,1,1,0,0,1,1,0,1,0,0,0,0,0,0,0.3148148148148148,424.0847393862088,1
76,1,0,0,1,0,1,0,1,1,1,1,0,0,1,1,0,1,0,1,1,0,1,0,1,0,0,0,1,1,0,1,0,1,0,1,0,0,0,0,1,1,1,0,0,1,1,1,1,1,0,0,1,0,0,0.3888888888888889,273.4974836783385,1
77,0,1,1,0,1,0,1,0,0,0,1,1,1,0,1,1,0,1,0,1,1,0,1,1,0,1,0,0,0,1,0,1,1,1,0,1,1,1,0,0,0,0,1,1,0,0,0,1,0,1,1,0,0,1,0.35185185185185186,453.99310735773923,1
78,0,1,1,0,1,1,1,0,0,0,1,1,1,0,1,0,0,1,0,1,1,0,1,1,0,1,1,0,0,1,0,1,1,1,0,1,1,0,1,0,0,0,0,1,0,0,1,1,0,1,1,0,1,1,0.35185185185185186,590.7929704427827,1
79,1,0,0,0,0,1,0,1,1,1,1,0,0,1,1,0,1,0,0,1,0,1,0,1,0,0,0,1,1,0,1,0,1,0,1,0,0,1,0,1,1,1,0,0,1,1,0,1,0,0,0,1,0,0,0.3333333333333333,276.02154869452534,1
80,0,1,1,1,1,0,1,1,0,1,1,1,1,0,1,1,0,1,0,0,1,0,1,1,0,1,1,0,0,1,0,1,1,1,0,1,1,1,1,0,0,0,1,1,0,0,1,1,0,1,1,0,1,1,0.3888888888888889,532.7757453434026,1
81,1,0,0,1,0,0,0,1,1,1,1,0,0,1,1,0,1,0,1,1,0,1,0,1,1,0,0,1,1,0,1,0,1,0,1,0,0,0,1,1,1,1,0,0,1,1,0,1,0,0,0,1,0,0,0.3333333333333333,297.2378161997914,1
82,0,1,1,0,1,0,1,0,0,0,1,1,1,0,1,1,0,1,0,1,1,0,1,1,0,1,1,0,0,1,0,1,1,1,0,1,1,1,1,0,0,0,1,1,0,0,1,1,0,1,1,0,1,1,0.37037037037037035,544.2776260251942,1
83,1,0,0,1,0,1,0,0,1,1,1,0,0,1,0,0,1,0,1,1,0,1,0,1,1,0,0,1,1,0,1,0,1,0,1,1,0,0,0,1,1,1,0,0,1,1,0,1,1,0,0,1,0,0,0.37037037037037035,331.408625826001,1
84,0,1,1,0,1,0,1,0,0,0,1,1,1,0,1,1,0,1,0,1,1,0,1,1,0,1,1,0,0,1,0,1,1,0,0,1,1,0,0,0,0,0,1,1,0,0,1,1,0,1,1,0,1,1,0.37037037037037035,523.0233838591012,1
85,0,1,1,0,1,0,1,0,0,1,1,1,1,0,1,1,0,1,0,1,1,0,1,1,0,1,0,0,0,1,0,1,1,1,0,0,0,1,1,0,0,0,1,1,0,0,0,1,0,1,1,0,1,1,0.3333333333333333,452.93629612469107,1
86,0,1,1,0,1,1,1,0,0,1,1,1,1,0,1,1,0,1,0,1,1,0,1,1,0,1,0,0,0,1,0,1,1,1,0,0,0,1,0,0,0,0,0,1,0,0,0,1,1,1,1,0,1,1,0.3333333333333333,597.1626679601648,1
87,1,0,0,0,0,1,0,1,1,1,1,1,1,1,1,0,1,0,1,1,0,0,0,1,1,0,0,1,1,0,1,0,1,0,1,1,0,0,0,1,1,1,0,0,1,1,1,1,1,0,0,1,0,0,0.3333333333333333,335.1109358511674,1
88,1,0,0,1,0,1,0,1,1,1,1,0,0,1,1,1,1,0,0,1,0,1,0,1,1,0,1,1,1,0,1,0,1,0,1,0,0,0,0,1,1,1,0,0,1,1,0,1,0,0,0,1,0,0,0.3333333333333333,402.63472586779534,1
89,1,0,0,0,0,1,0,1,1,1,1,0,0,1,1,0,1,0,1,1,0,1,0,1,0,0,1,1,1,0,1,0,1,0,1,1,0,0,0,1,1,1,0,0,1,1,0,1,1,0,0,1,0,0,0.35185185185185186,336.2508711321963,1
90,1,0,0,0,0,1,0,1,1,1,1,0,0,1,0,0,1,0,1,1,0,0,0,1,1,0,0,1,1,0,1,0,1,0,1,0,0,0,1,1,1,1,0,0,1,1,0,1,1,0,0,1,1,0,0.3888888888888889,373.89936448311767,1
91,1,0,0,0,0,1,0,1,1,1,1,0,1,1,0,0,1,0,1,1,0,1,0,1,1,0,1,0,1,0,1,0,1,0,1,1,0,0,0,1,1,1,0,0,1,1,0,1,1,0,0,1,0,0,0.35185185185185186,307.569163924812,1
92,0,1,1,0,1,1,1,0,0,1,1,1,1,0,1,0,0,1,0,1,1,0,1,1,0,1,0,0,0,1,0,1,1,1,0,1,1,0,1,0,0,0,1,1,0,0,1,1,0,1,0,0,1,1,0.3888888888888889,513.1872139849506,1
93,0,1,1,1,1,0,1,0,0,1,1,1,1,0,1,1,0,1,0,1,1,0,1,1,0,1,1,0,0,1,0,1,1,1,0,1,1,0,0,0,0,0,1,1,0,0,0,1,0,1,1,0,1,1,0.4074074074074074,588.3240050683623,1
94,0,1,1,1,1,0,1,0,0,0,1,1,1,0,1,1,0,1,0,1,1,0,1,1,0,1,0,0,0,1,0,1,1,1,0,0,1,0,0,0,0,0,1,1,0,0,1,1,1,1,1,0,0,1,0.3148148148148148,465.0814336924155,1
95,0,1,1,0,1,0,1,0,0,0,1,1,0,0,1,1,0,1,0,1,1,0,1,0,0,1,1,0,0,1,0,1,1,1,0,1,1,1,0,0,0,0,1,1,0,0,0,1,1,1,1,0,1,1,0.37037037037037035,458.21898144574624,1
96,0,1,1,0,1,0,1,0,0,0,1,1,1,0,1,1,0,1,0,1,1,0,1,1,0,1,1,0,0,1,0,1,1,1,0,0,1,1,1,0,0,0,1,1,0,0,1,1,1,0,1,0,1,1,0.37037037037037035,506.2097248227272,1
97,0,1,1,1,1,1,1,1,0,0,1,1,0,0,1,0,0,1,0,1,1,0,1,1,0,1,0,0,0,1,0,1,1,1,0,1,1,1,1,0,0,0,1,1,0,0,1,1,1,1,1,0,1,1,0.3888888888888889,538.14095120092,1
98,1,0,0,1,0,1,0,1,1,1,1,0,1,1,1,0,1,0,1,1,0,1,0,1,0,0,0,1,1,0,1,0,1,0,1,1,0,0,0,1,1,1,0,0,1,1,0,1,0,0,1,1,0,0,0.4074074074074074,352.53294659235024,1
99,1,0,0,1,0,1,0,1,1,1,1,0,0,1,1,0,1,0,0,1,0,1,0,1,1,0,1,1,1,0,1,0,1,0,1,0,0,0,1,1,1,1,0,0,1,1,0,1,1,0,0,1,0,0,0.42592592592592593,357.93871412738923,1
