,0,1,2,3,4,5,6,7,8,9,10,11,12,13,14,15,16,17,18,19,20,21,22,23,24,25,26,27,28,29,30,31,32,33,34,35,36,37,38,39,40,41,42,43,44,45,46,47,48,49,50,51,52,53,chain_break_fraction,energy,num_occurrences
0,0,0,1,0,0,0,0,0,1,0,1,0,1,1,0,0,0,1,1,0,1,1,0,0,0,0,1,1,1,0,0,0,1,1,0,0,0,1,1,0,0,1,0,1,0,0,1,1,0,0,0,0,1,0,0.37037037037037035,292.4960698457796,1
1,1,1,1,0,0,1,1,1,0,1,1,0,0,0,1,0,1,0,0,1,0,0,1,1,1,0,0,0,0,1,1,1,1,0,1,1,1,0,0,1,1,0,0,0,1,1,0,0,1,1,0,1,0,1,0.25925925925925924,326.0327562082264,1
2,0,0,0,1,0,0,0,0,1,0,1,0,1,1,0,1,0,1,1,0,1,1,0,0,0,1,1,1,1,0,1,0,1,1,1,0,0,1,1,0,0,1,0,1,0,0,1,1,0,0,0,0,1,0,0.37037037037037035,321.2270174176464,1
3,1,1,1,0,1,1,1,1,0,1,0,0,0,0,1,0,1,0,0,1,0,0,1,1,1,0,0,0,0,1,0,1,1,0,1,1,1,1,0,1,1,0,1,0,1,1,0,0,1,1,1,1,0,0,0.2962962962962963,356.2144028691494,1
4,0,0,1,0,1,0,0,0,1,0,1,1,1,1,0,1,0,1,0,0,1,1,0,0,0,0,1,1,1,0,1,0,1,1,0,0,0,1,1,0,0,1,0,1,0,0,1,1,0,0,0,0,1,1,0.37037037037037035,368.17148250229474,1
5,1,1,0,0,0,0,1,1,0,1,0,0,0,0,1,0,1,0,0,1,0,0,1,1,1,0,0,0,0,1,0,1,1,0,1,1,0,0,0,1,1,0,1,0,1,1,0,0,1,0,0,1,0,0,0.2777777777777778,251.93234045138337,1
6,1,1,1,0,0,1,1,1,0,0,0,0,0,0,1,0,1,0,0,1,0,0,1,1,1,0,0,0,1,1,1,1,1,0,1,1,1,0,0,1,1,0,1,0,1,1,0,0,1,0,0,1,0,0,0.4074074074074074,286.7414948251048,1
7,1,1,1,0,0,1,1,1,0,1,0,0,0,0,1,0,1,0,0,1,0,0,1,1,1,0,0,0,0,1,0,1,1,0,1,1,1,0,0,1,1,0,1,0,1,1,0,0,1,0,1,1,0,0,0.3888888888888889,304.8851996420186,1
8,1,1,1,0,0,1,1,1,0,1,0,1,0,0,1,0,0,0,1,0,0,0,1,1,1,0,0,0,0,1,1,1,1,0,1,1,1,0,0,1,1,0,0,0,1,1,0,0,1,0,0,1,0,0,0.2962962962962963,280.2962136346575,1
9,1,1,1,0,0,1,1,1,0,0,0,0,0,0,1,0,1,0,1,1,0,0,1,1,1,0,0,0,1,1,1,1,1,0,0,1,1,0,0,1,1,0,0,0,1,1,0,0,1,1,1,0,0,0,0.3333333333333333,314.7786089339016,1
10,0,0,1,0,1,0,0,0,1,0,0,1,1,1,0,1,0,1,1,0,1,1,0,0,0,0,1,1,1,0,1,0,1,1,0,0,0,1,1,0,0,1,0,1,0,0,1,1,0,0,1,0,1,0,0.3148148148148148,356.01054777834423,1
11,1,1,0,0,0,1,1,1,0,1,0,0,0,0,1,0,1,0,1,1,0,0,1,1,1,0,0,0,1,1,1,1,1,0,0,1,1,0,0,1,1,0,1,0,1,1,0,0,1,0,1,1,0,0,0.35185185185185186,331.104975926996,1
12,1,1,1,0,0,1,1,1,0,1,0,0,0,0,1,0,1,0,0,1,0,0,1,1,0,0,0,0,1,1,0,1,1,0,1,1,1,0,0,1,1,0,1,0,1,1,0,0,1,1,1,1,0,1,0.37037037037037035,544.1911263437918,1
13,1,1,1,0,0,1,1,1,0,1,0,0,0,0,1,0,1,0,1,1,0,0,1,1,1,0,0,0,0,1,0,0,1,0,1,1,0,0,0,1,1,0,1,0,1,1,0,0,1,1,0,1,0,0,0.3333333333333333,290.6438365664266,1
14,1,1,1,1,1,1,1,0,0,1,0,0,0,0,1,0,1,0,1,1,0,1,1,1,1,0,0,0,0,1,0,1,0,0,0,1,1,1,0,1,1,0,0,0,1,1,0,0,1,1,0,0,0,1,0.2222222222222222,334.5957923108132,1
15,1,1,1,0,1,1,1,1,0,1,0,0,0,0,1,0,1,0,1,0,0,0,1,1,1,0,0,0,0,1,0,1,1,0,1,1,1,0,0,1,1,0,0,0,1,1,0,0,1,1,1,1,0,1,0.37037037037037035,407.5951435899671,1
16,1,1,0,0,0,1,1,1,0,0,0,0,0,0,1,1,1,0,0,1,0,0,1,1,1,1,0,0,1,1,0,1,0,0,1,1,1,0,0,1,1,0,1,0,1,1,0,0,1,1,1,1,0,0,0.35185185185185186,314.7987268159024,1
17,1,1,0,0,0,0,1,1,0,0,0,0,1,0,1,0,1,0,0,1,0,0,1,1,1,0,0,0,0,1,1,1,1,0,1,1,1,0,0,1,1,0,1,0,1,1,0,0,1,0,1,1,0,0,0.3148148148148148,427.67345537492594,1
18,1,1,1,0,0,1,1,1,0,1,0,0,0,0,0,0,1,0,0,1,0,0,1,1,1,1,0,0,0,1,0,1,1,0,1,1,1,0,0,1,1,0,1,0,1,1,0,0,1,0,1,1,0,1,0.2777777777777778,414.75138686676996,1
19,1,1,1,1,0,1,1,1,0,1,0,1,0,0,1,0,1,0,0,1,0,0,1,1,1,0,0,0,0,1,0,1,1,0,1,1,1,0,0,1,1,0,1,0,1,1,0,0,1,1,0,1,0,1,0.2962962962962963,347.2033648473748,1
20,1,1,1,0,0,1,1,1,0,1,0,0,0,1,1,0,1,0,0,1,0,0,1,1,1,0,0,0,1,1,0,1,1,0,1,1,1,0,0,1,1,0,1,0,1,1,0,0,0,1,1,1,0,0,0.35185185185185186,346.0864566576887,1
21,0,0,0,1,1,0,0,0,1,0,1,0,1,0,0,1,0,1,0,0,1,1,0,0,0,1,1,0,1,0,1,0,0,1,0,0,0,1,1,0,0,1,0,1,0,0,1,1,0,1,0,0,1,0,0.3333333333333333,259.4679069792578,1
22,0,1,0,0,0,1,1,1,0,1,0,0,0,0,1,0,1,0,0,1,0,0,1,1,1,0,0,0,1,1,0,1,1,0,1,1,1,0,0,1,1,0,1,0,1,1,0,0,1,1,0,1,0,0,0.35185185185185186,332.46821611011615,1
23,1,1,1,0,0,1,1,1,0,1,0,0,0,0,1,0,0,0,0,1,0,0,1,1,1,0,0,0,0,1,0,1,1,0,1,1,1,0,0,1,1,0,1,0,1,1,0,0,1,0,0,1,0,0,0.3333333333333333,258.6183065945993,1
24,0,0,1,1,0,0,0,1,1,1,1,1,0,1,0,1,0,1,1,0,1,1,0,0,0,0,1,1,1,0,1,0,0,1,0,0,0,1,1,0,0,1,1,1,0,0,1,1,0,0,0,0,1,0,0.3148148148148148,430.89243801396816,1
25,1,1,1,0,0,1,1,1,0,1,0,0,0,0,1,0,1,0,0,1,0,0,1,1,1,0,0,0,1,1,0,1,0,0,1,1,1,0,0,1,1,0,1,0,1,1,0,0,0,0,0,1,0,1,0.3333333333333333,313.13741408833465,1
26,1,1,1,0,0,1,1,1,0,1,0,0,0,0,1,0,1,0,1,1,0,0,1,1,1,0,0,0,0,1,0,1,1,0,1,1,1,1,0,1,1,0,1,0,1,1,0,0,1,1,0,1,0,0,0.4074074074074074,291.3585045490453,1
27,1,1,1,1,0,0,1,1,0,1,0,0,0,0,1,0,1,0,0,1,0,0,1,1,1,0,0,0,0,1,1,1,1,0,1,1,1,0,0,1,1,0,1,1,1,1,0,0,1,0,1,1,0,0,0.2777777777777778,381.29161892391016,1
28,1,1,1,0,1,1,1,1,0,0,0,0,0,1,1,0,1,0,0,1,0,0,1,1,1,0,0,0,1,1,0,1,1,0,1,1,1,0,0,1,1,0,0,0,1,1,0,0,1,1,1,1,0,0,0.4074074074074074,345.10991578100146,1
29,1,1,1,1,0,1,1,1,0,1,0,0,0,0,1,0,1,0,1,0,0,0,1,1,1,0,0,0,1,1,0,1,1,0,1,1,1,0,0,1,1,0,0,0,1,1,0,0,0,0,1,1,0,0,0.35185185185185186,306.27371024107646,1
30,1,1,0,0,0,1,1,1,0,1,0,0,0,0,1,0,1,0,1,1,0,0,1,1,1,0,0,0,1,1,1,1,1,0,1,1,1,0,0,1,1,0,1,0,1,1,0,0,1,0,1,1,0,1,0.2777777777777778,541.7059756304319,1
31,1,1,1,0,0,1,1,1,0,0,1,0,0,0,1,0,1,0,0,0,0,0,1,1,1,0,0,0,0,1,0,1,0,0,1,1,1,1,0,1,1,0,1,0,1,1,0,0,0,1,0,1,0,1,0.37037037037037035,316.9968272324725,1
32,1,0,1,1,0,1,1,1,0,1,0,0,0,0,1,0,1,0,1,1,0,0,1,1,1,0,0,0,1,1,0,1,1,0,1,1,1,0,0,1,1,0,1,0,1,1,0,0,0,1,1,1,0,0,0.4444444444444444,356.1023797401283,1
33,1,1,0,0,0,1,1,1,0,1,0,0,1,0,1,0,1,0,1,1,0,0,1,1,1,0,0,0,1,1,0,1,1,0,1,1,1,0,0,1,1,0,1,0,1,1,0,0,1,0,1,1,0,0,0.3148148148148148,347.89250677102336,1
34,1,0,1,0,0,1,1,1,0,1,0,0,0,0,1,0,1,0,1,1,1,0,1,1,1,0,0,0,0,1,0,1,1,0,0,1,1,1,0,1,1,0,1,0,1,1,0,0,1,1,0,1,0,1,0.3333333333333333,355.1446571340959,1
35,1,1,1,1,0,1,1,1,0,1,0,0,0,0,1,0,1,0,0,1,0,0,1,1,1,1,0,0,1,1,0,1,1,0,1,1,1,0,0,1,1,0,1,0,1,1,0,0,1,1,0,0,0,1,0.35185185185185186,347.78328119635,1
36,1,1,1,0,0,1,1,1,0,1,0,0,0,0,1,0,1,0,1,1,0,0,0,1,1,0,0,0,0,1,0,1,0,0,1,1,1,0,0,1,1,0,1,0,1,0,0,0,1,1,0,1,0,1,0.2962962962962963,296.81979434679164,1
37,1,1,0,0,0,1,1,1,0,0,0,0,0,0,1,1,1,0,0,1,0,0,1,1,1,0,0,0,1,1,1,1,0,0,1,1,1,0,0,1,1,0,0,0,1,1,0,0,1,0,0,1,0,0,0.2222222222222222,231.36324335105923,1
38,1,1,1,0,0,1,1,1,0,1,1,0,0,0,0,0,1,0,0,1,0,0,1,1,1,0,0,0,0,1,0,1,1,0,1,1,1,0,0,1,1,0,1,0,1,1,0,0,1,1,1,1,0,0,0.35185185185185186,339.3680814480985,1
39,0,0,0,0,1,0,0,0,1,0,1,0,1,1,0,0,0,1,1,0,1,1,0,0,0,1,1,1,1,0,1,0,1,1,0,0,0,1,1,0,0,1,1,1,0,0,1,1,0,0,0,0,1,0,0.3888888888888889,311.1373020088548,1
40,1,1,1,0,0,1,0,1,0,1,1,0,0,0,1,0,1,0,0,1,0,0,1,1,1,0,0,0,1,1,0,1,1,0,1,1,0,0,0,1,1,0,0,0,1,1,0,0,1,1,1,1,0,0,0.2777777777777778,331.968406453539,1
41,0,0,1,1,0,0,0,0,1,0,1,0,1,1,0,1,0,1,1,0,1,1,0,0,1,0,1,1,0,0,1,0,1,1,0,0,0,1,1,1,0,1,0,1,0,0,1,1,0,1,0,0,1,0,0.3333333333333333,295.517034503441,1
42,1,1,1,1,0,1,1,1,0,1,0,0,0,0,1,0,1,0,0,1,0,0,1,1,1,0,0,0,1,1,0,1,0,0,1,1,0,0,0,1,1,0,1,0,1,1,0,0,1,0,1,1,0,1,0.3148148148148148,356.9336247501226,1
43,1,1,1,1,0,1,1,1,0,0,0,0,0,0,1,0,1,0,1,1,0,0,1,1,1,0,0,0,0,1,0,1,1,0,1,1,1,1,0,1,1,0,0,0,1,1,0,0,1,0,0,1,0,1,0.3333333333333333,327.3062837457824,1
44,0,1,1,0,1,0,0,0,1,0,1,0,1,0,0,1,0,1,1,0,1,1,0,0,0,1,1,1,1,0,1,0,0,0,0,0,0,1,1,0,0,1,1,1,0,0,1,1,0,1,0,0,1,0,0.3333333333333333,332.2088994505709,1
45,1,1,0,1,0,1,1,1,0,1,0,0,0,0,1,0,1,0,0,0,0,0,1,1,1,1,0,0,1,1,1,1,1,0,1,1,1,0,0,1,1,0,1,0,1,1,0,0,1,0,1,1,0,0,0.3148148148148148,377.50496926519435,1
46,1,1,0,0,0,1,1,1,0,1,0,0,0,0,1,0,1,0,1,1,0,0,1,1,1,0,0,0,1,1,0,1,1,0,1,1,0,0,0,1,1,0,1,0,1,1,0,0,1,0,1,1,0,0,0.3888888888888889,339.1650339746616,1
47,1,0,1,0,0,1,1,1,0,0,1,0,0,1,1,0,1,0,1,1,0,0,1,1,1,0,0,0,1,1,0,1,1,0,1,1,1,0,0,1,1,0,0,0,1,1,0,0,1,0,1,1,0,0,0.37037037037037035,319.5057625529905,1
48,1,1,0,0,0,1,1,1,0,1,0,0,0,0,0,0,1,0,1,1,0,0,1,1,0,0,0,0,0,1,1,1,0,0,1,1,1,0,0,1,1,0,1,0,1,1,0,0,0,0,0,1,0,1,0.3333333333333333,287.30982295044623,1
49,1,1,1,0,0,1,1,1,0,1,0,0,0,0,1,1,1,0,1,1,0,0,1,1,1,1,0,0,0,1,0,1,1,0,1,1,1,0,0,1,0,0,1,0,1,1,0,0,1,0,0,1,0,0,0.3148148148148148,356.5842176438051,1
50,1,1,0,0,0,1,1,1,0,1,0,0,0,0,1,0,1,0,0,1,0,0,1,1,1,0,0,1,0,1,0,1,1,0,1,1,1,0,0,1,1,0,1,0,1,1,0,0,0,0,1,1,0,1,0.2962962962962963,461.66612974569136,1
51,1,1,1,0,0,1,1,1,0,1,0,0,0,0,1,0,1,0,0,1,0,0,1,1,1,0,0,0,1,1,0,1,0,0,1,1,1,0,0,1,1,0,1,0,1,0,0,0,1,0,1,1,0,1,0.3888888888888889,356.79041383759954,1
52,1,1,1,0,0,1,1,1,0,0,0,0,0,1,1,0,1,0,0,0,0,1,1,1,1,0,0,0,1,1,1,1,1,0,0,1,1,0,0,1,1,0,0,0,1,1,0,0,1,0,1,1,0,0,0.37037037037037035,304.3834810305427,1
53,1,1,0,0,0,1,1,1,0,1,0,1,0,0,1,0,1,0,1,1,0,0,1,1,1,0,0,0,1,0,0,0,0,0,1,1,1,1,0,1,1,0,1,0,1,1,0,0,1,1,0,1,0,1,0.3148148148148148,298.1658418612403,1
54,0,0,1,0,0,0,0,1,1,0,1,1,1,1,0,1,0,1,1,0,1,1,0,0,0,1,1,0,1,0,1,0,1,1,1,0,0,1,1,1,0,1,0,1,0,0,1,1,0,0,0,0,1,0,0.35185185185185186,389.4146226023514,1
55,0,0,1,1,1,0,0,0,1,0,1,1,1,0,0,1,0,1,1,0,1,1,0,0,0,0,1,1,1,0,1,0,1,1,0,0,0,1,1,0,0,1,0,1,0,0,1,1,0,0,0,0,1,1,0.37037037037037035,368.8487163267019,1
56,0,1,0,0,0,0,0,0,1,0,1,0,1,1,0,0,0,1,1,0,1,1,0,0,0,1,1,1,1,0,1,0,1,1,0,0,1,1,1,0,0,1,0,1,0,0,1,1,0,0,0,0,1,0,0.35185185185185186,309.0962216042269,1
57,1,1,1,0,1,1,1,1,0,1,0,0,0,0,1,0,1,0,0,1,0,0,1,1,1,0,0,0,1,1,1,1,0,0,1,1,1,0,0,1,1,0,0,0,1,1,0,0,1,1,0,0,0,1,0.3333333333333333,319.7921882935067,1
58,1,1,0,0,0,1,1,1,0,1,0,0,0,0,1,0,1,0,0,0,0,0,1,1,1,0,0,0,1,1,0,1,1,0,1,1,1,0,0,1,1,0,1,0,1,1,0,0,1,0,1,1,0,0,0.3888888888888889,417.0512549165851,1
59,1,1,1,0,0,1,1,1,0,1,0,0,0,0,1,0,1,0,0,1,1,1,1,1,1,0,0,0,1,1,0,1,0,0,1,1,1,0,0,1,0,0,1,0,1,1,0,0,1,0,0,1,0,1,0.35185185185185186,410.7812688157876,1
60,1,1,1,1,0,1,1,1,0,1,0,0,0,0,1,0,0,0,0,1,0,0,1,1,1,1,0,0,0,1,1,0,1,0,1,1,1,0,0,1,1,0,0,0,1,1,0,0,1,0,1,1,0,0,0.37037037037037035,292.1771707803296,1
61,0,0,0,0,1,0,0,0,1,1,1,1,1,0,0,1,0,1,0,0,1,1,0,0,0,0,1,1,1,0,1,0,1,1,0,0,0,0,1,0,0,1,1,1,0,0,1,1,0,0,0,0,1,1,0.3888888888888889,366.95743990919385,1
62,1,1,0,1,0,0,1,1,0,1,0,0,0,0,1,0,0,0,1,1,0,0,1,1,1,0,0,0,0,1,1,1,1,0,1,1,1,0,0,1,1,0,1,0,1,1,0,0,1,0,1,1,0,0,0.3333333333333333,428.47962583844213,1
63,1,1,1,0,0,1,1,1,0,1,0,1,0,0,1,0,0,0,1,1,0,1,1,1,1,0,0,0,0,1,1,1,1,0,1,1,1,0,0,1,0,0,1,0,1,1,0,0,1,1,0,1,0,1,0.35185185185185186,345.427939036189,1
64,1,0,1,1,0,1,0,1,0,1,0,0,1,0,1,0,1,0,1,1,0,0,1,1,1,0,0,0,0,1,0,1,0,0,1,1,1,0,0,1,1,0,0,0,1,1,0,0,1,1,1,1,0,1,0.3888888888888889,353.98535505792506,1
65,1,1,0,0,0,1,1,1,0,0,0,0,0,0,1,0,1,0,1,1,0,0,1,1,1,0,0,0,1,1,1,1,0,0,1,1,1,1,0,1,1,0,0,0,1,1,0,0,1,0,0,0,0,1,0.3148148148148148,318.95477109103695,1
66,1,1,0,0,0,0,0,1,0,1,0,0,1,0,0,0,1,0,1,1,1,0,0,1,1,0,0,0,0,1,0,1,0,1,1,1,1,0,0,1,1,0,0,0,1,1,0,0,1,0,1,1,0,1,0.3148148148148148,451.27822013231537,1
67,1,1,0,1,1,1,1,1,0,0,0,0,0,0,1,0,1,0,0,1,0,0,1,1,1,0,0,0,0,1,0,1,1,0,1,1,0,0,0,1,1,0,1,0,1,1,0,0,1,0,1,1,0,0,0.42592592592592593,290.3795325315658,1
68,0,0,1,1,0,0,0,0,1,1,1,1,0,1,0,1,0,1,1,0,1,1,0,0,0,1,1,1,0,0,1,0,1,1,0,0,0,1,1,1,0,1,0,1,0,0,1,1,1,0,1,0,1,0,0.2777777777777778,379.2477616563152,1
69,1,1,0,0,0,1,1,1,0,0,1,0,0,1,1,0,1,0,0,1,0,1,1,1,1,0,0,0,0,1,0,1,1,0,1,1,1,0,0,1,1,0,0,0,1,1,0,0,1,0,1,1,0,1,0.3333333333333333,370.9798317097271,1
70,1,1,0,0,1,1,1,1,0,0,0,0,0,1,1,0,1,0,1,0,0,0,0,1,1,0,0,0,0,1,1,1,0,0,1,1,1,0,0,1,1,0,1,0,1,1,0,0,1,1,0,1,0,1,0.35185185185185186,319.71068156550274,1
71,1,1,1,0,0,1,1,1,0,0,0,1,0,0,1,1,1,0,0,1,0,0,1,1,0,0,0,0,0,1,1,1,1,0,1,1,1,0,0,1,1,0,0,0,1,1,0,0,1,1,0,1,0,0,0.35185185185185186,300.054976173998,1
72,0,1,1,1,0,1,1,1,0,1,0,0,0,0,1,0,1,0,1,1,0,0,1,1,1,0,0,0,0,1,1,1,1,0,1,1,1,0,0,1,1,0,1,0,1,1,0,0,1,1,0,1,0,0,0.2777777777777778,278.3300358562409,1
73,1,1,1,0,1,0,1,1,0,1,0,0,0,0,1,0,1,0,1,1,0,0,1,1,1,0,0,0,0,1,0,1,0,0,1,1,1,1,0,1,1,0,1,0,1,1,0,0,1,1,1,1,0,0,0.35185185185185186,305.292746111096,1
74,1,1,0,0,0,0,1,1,0,1,0,0,0,1,1,0,1,0,1,1,0,0,1,1,0,0,0,0,0,1,0,1,0,0,1,1,1,0,0,1,1,0,0,0,1,0,0,0,1,0,1,1,0,1,0.3888888888888889,333.7883025854545,1
75,0,1,1,0,1,0,0,0,1,0,1,1,1,1,0,1,0,1,1,0,1,1,0,0,0,1,1,1,1,0,0,0,0,1,0,0,0,1,1,0,0,1,1,1,0,0,1,1,0,0,0,0,1,0,0.42592592592592593,550.6980896747142,1
76,1,1,1,1,0,1,1,1,0,1,0,0,0,1,0,0,1,0,0,1,0,0,1,1,0,1,0,0,1,1,1,1,1,0,1,1,1,0,0,1,1,0,1,0,1,1,0,0,1,1,1,0,0,1,0.35185185185185186,493.4398988917475,1
77,1,1,1,0,0,1,1,1,0,1,0,0,0,1,1,1,1,0,0,0,0,0,1,1,1,0,0,0,0,1,0,1,0,0,1,1,1,1,0,1,0,0,1,0,1,1,0,0,0,0,0,1,0,1,0.35185185185185186,331.3346770364367,1
78,1,1,1,1,0,1,1,0,0,1,0,0,0,1,1,0,1,0,1,1,0,0,1,1,0,0,0,0,1,1,0,1,0,0,1,1,1,0,0,1,1,0,1,0,1,1,0,0,1,1,1,1,0,0,0.42592592592592593,327.38598916478315,1
79,0,0,1,1,0,1,0,0,1,0,1,1,0,1,1,1,1,1,1,0,1,1,0,0,1,1,1,1,1,0,0,0,1,1,0,0,0,1,1,0,0,1,0,1,0,0,1,1,1,0,1,0,0,0,0.2777777777777778,663.7220261083654,1
80,0,0,1,1,1,0,0,0,1,0,1,1,0,0,0,1,0,1,1,0,1,1,0,0,0,0,1,1,1,0,1,0,1,1,0,0,0,1,1,0,0,1,0,1,0,0,1,1,0,0,0,0,1,1,0.3888888888888889,369.4452875917442,1
81,1,0,1,0,0,1,1,0,0,0,1,0,0,1,1,0,1,0,1,1,0,0,1,1,1,0,0,0,1,1,0,1,1,0,1,1,1,0,0,1,1,0,1,0,1,1,0,0,1,0,0,0,0,0,0.3148148148148148,279.2395496288744,1
82,1,1,0,0,1,0,1,1,0,1,0,0,0,1,1,0,1,0,1,0,0,1,1,1,1,0,0,0,1,1,0,1,1,0,0,1,1,0,0,1,1,0,1,0,1,1,0,0,1,0,0,1,0,1,0.3333333333333333,328.1550658182163,1
83,1,1,0,0,0,1,1,1,0,1,0,0,0,1,0,0,0,0,1,1,0,0,1,1,1,0,0,0,0,1,0,1,1,0,1,1,1,1,0,1,1,0,0,0,1,1,0,0,1,0,0,1,0,0,0.35185185185185186,275.07398973796774,1
84,1,1,1,0,0,1,1,1,0,1,0,0,0,1,1,0,1,0,1,1,0,0,1,1,1,0,0,0,0,1,0,1,1,0,1,1,1,1,0,1,1,0,0,0,1,1,0,0,0,0,1,1,0,1,0.3888888888888889,376.5662258597928,1
85,1,1,1,1,1,1,1,1,0,1,0,0,0,1,1,0,1,0,1,1,0,1,1,1,0,1,0,0,0,1,1,1,0,0,1,1,1,0,0,1,1,0,1,0,1,1,0,0,1,0,1,1,0,1,0.3333333333333333,393.8566363370027,1
86,1,0,1,0,1,0,0,0,1,0,1,0,1,1,0,0,0,1,1,0,1,1,0,0,0,0,1,1,0,0,1,0,1,1,0,0,0,1,1,0,0,1,0,1,0,0,1,1,1,0,0,0,1,0,0.3333333333333333,290.4995465060134,1
87,1,1,1,1,0,1,1,1,0,0,0,0,0,1,1,1,1,0,1,0,1,0,1,1,1,1,0,0,1,1,0,1,1,0,1,1,1,0,0,1,1,0,1,0,1,1,0,0,1,0,0,1,0,1,0.3148148148148148,394.69252762051815,1
88,1,1,0,1,0,1,1,1,0,0,0,0,0,0,1,0,1,0,0,0,0,0,1,1,1,0,0,0,1,1,1,1,1,0,1,1,0,0,0,1,1,0,1,0,1,1,0,0,1,0,1,1,0,0,0.4074074074074074,414.373234925947,1
89,1,1,1,0,1,1,1,0,0,1,0,0,0,1,1,0,1,0,0,1,0,0,1,1,1,0,0,0,0,1,0,1,1,0,1,1,1,0,0,1,1,0,1,0,1,0,0,0,0,0,0,0,0,0,0.4074074074074074,326.0647452444851,1
90,1,0,1,1,0,1,1,1,0,0,0,0,0,0,1,0,1,0,0,1,0,0,1,1,1,0,0,0,0,1,0,1,1,0,1,1,1,0,0,1,1,0,1,0,1,1,0,0,1,0,0,1,0,0,0.3888888888888889,259.52331705357363,1
91,1,1,1,1,0,1,1,1,0,1,0,0,0,0,1,0,0,0,0,1,0,0,1,1,1,0,0,0,0,1,1,1,0,0,1,1,1,0,0,1,0,0,1,0,1,1,0,0,0,0,0,1,0,1,0.2962962962962963,298.3318692226886,1
92,0,0,0,1,1,0,0,0,1,1,1,1,1,1,1,1,0,1,0,0,1,1,0,0,0,0,1,0,1,0,1,1,1,1,1,0,0,1,1,0,0,1,0,1,0,0,1,1,0,0,0,0,1,0,0.35185185185185186,362.86981714218444,1
93,1,1,1,1,0,1,1,1,0,0,0,0,0,0,1,0,1,0,0,1,0,0,1,1,1,1,0,0,0,1,0,0,1,1,1,1,1,0,0,1,1,0,1,0,1,1,0,0,1,1,0,1,0,0,0.35185185185185186,297.9517076761151,1
94,0,1,0,0,1,0,0,0,1,0,1,1,1,1,0,1,0,1,1,0,1,1,0,0,0,1,1,1,1,0,1,0,0,1,0,0,0,1,1,0,0,1,1,1,0,0,1,1,0,1,0,1,1,0,0.37037037037037035,360.89714834905686,1
95,1,1,1,1,0,1,1,1,0,0,0,0,0,1,1,0,1,0,0,0,0,0,1,1,1,0,0,0,1,1,0,1,1,0,1,1,1,0,0,1,1,0,1,0,1,1,0,0,1,0,1,1,0,0,0.4074074074074074,343.126325537762,1
96,1,1,1,0,0,1,1,1,0,1,0,0,0,0,1,0,1,0,1,0,0,0,1,1,1,0,0,0,1,1,1,1,1,1,1,1,0,0,0,1,1,0,1,0,1,1,0,0,1,1,0,1,0,0,0.3333333333333333,310.38964788468826,1
97,1,1,1,0,0,1,1,1,0,1,0,0,0,0,1,1,1,0,1,1,0,0,1,1,1,1,0,0,0,1,0,1,1,0,1,1,1,0,0,1,1,0,0,0,1,1,0,0,1,0,1,1,0,1,0.4444444444444444,353.82121770587037,1
98,1,0,0,1,1,1,1,1,0,1,1,0,0,1,1,1,1,0,0,1,0,1,1,1,1,0,0,0,0,1,1,1,0,0,1,1,1,1,0,1,1,0,1,0,1,1,0,0,1,0,1,1,0,1,0.3888888888888889,346.19767718612036,1
99,0,0,1,0,1,0,0,1,1,0,1,1,0,0,0,1,0,1,1,0,1,1,0,0,0,1,1,0,0,0,0,0,1,1,0,0,0,1,1,0,0,1,0,1,0,1,1,1,0,0,0,0,1,1,0.4444444444444444,410.0781727714264,1
