,0,1,2,3,4,5,6,7,8,9,10,11,12,13,14,15,16,17,18,19,20,21,22,23,24,25,26,27,28,29,30,31,32,33,34,35,36,37,38,39,40,41,42,43,44,45,46,47,48,49,50,51,52,53,chain_break_fraction,energy,num_occurrences
0,1,1,1,1,1,0,0,0,1,1,0,1,1,0,0,0,0,0,0,0,1,1,0,0,1,0,1,0,1,0,1,0,0,0,0,0,1,0,0,1,1,0,0,1,1,1,1,0,0,0,0,1,1,0,0.2777777777777778,377.28516002610587,1
1,1,1,1,1,1,0,0,0,1,1,0,1,0,0,0,0,0,0,0,0,1,0,0,0,1,0,1,0,1,0,1,0,0,0,0,0,1,1,0,1,1,0,0,1,1,1,1,0,0,0,0,1,1,0,0.3148148148148148,300.71016933117716,1
2,1,1,1,1,1,0,0,0,1,1,0,1,0,0,0,0,0,0,0,0,1,0,1,0,1,0,1,0,1,0,1,0,0,0,0,0,1,0,0,1,1,0,0,1,1,1,1,0,0,0,0,1,1,0,0.3333333333333333,378.8400577628298,1
3,1,1,1,1,1,0,0,0,1,1,0,1,1,0,0,0,0,0,0,0,1,0,0,0,1,0,1,0,1,0,1,0,0,0,0,0,0,0,0,1,1,0,0,1,1,1,1,0,0,0,0,1,1,0,0.3148148148148148,373.2517971710953,1
4,1,1,1,1,1,0,0,0,1,1,0,1,0,0,0,0,0,0,0,0,1,0,0,0,1,0,1,0,1,1,1,0,0,0,0,0,0,0,0,0,1,0,0,1,1,1,1,0,0,0,0,1,1,0,0.3148148148148148,305.83641630692676,1
5,1,1,1,1,1,0,0,0,1,1,0,1,0,0,0,0,0,0,0,0,1,0,0,0,1,0,1,0,1,0,1,0,0,0,0,0,0,0,0,1,0,0,0,1,1,1,1,0,0,0,0,1,1,0,0.25925925925925924,389.907311623448,1
6,0,1,1,1,1,0,0,0,1,1,0,1,1,0,0,0,0,0,0,0,1,1,0,0,1,0,1,0,1,0,1,0,0,0,0,0,1,1,0,1,1,0,0,1,1,1,1,0,0,0,0,1,1,0,0.2962962962962963,316.6355724637304,1
7,1,1,1,1,1,0,0,0,1,1,0,1,0,0,0,0,0,0,0,0,1,1,0,0,1,0,1,0,1,0,1,0,0,0,0,0,1,0,0,1,0,0,0,1,1,1,1,0,0,0,0,1,1,0,0.2962962962962963,393.4951370027034,1
8,1,1,1,1,1,0,0,0,1,1,0,1,1,0,0,0,0,0,0,0,1,0,0,0,1,0,1,0,1,0,1,0,0,1,0,0,0,0,0,1,1,0,0,1,1,1,1,0,0,0,0,1,1,0,0.3148148148148148,349.78753545702267,1
9,1,1,1,1,1,0,0,0,1,1,0,1,0,0,0,0,0,0,0,0,1,1,0,0,1,0,1,0,1,1,1,1,0,0,0,0,1,1,0,0,1,0,1,1,1,1,1,0,0,0,0,1,1,0,0.3333333333333333,289.4249841314313,1
10,0,1,1,1,1,0,0,0,1,1,0,1,0,0,0,0,0,0,0,0,1,0,0,0,1,0,1,0,0,0,1,0,0,0,0,0,1,0,0,0,1,0,1,1,1,1,1,0,0,0,0,1,1,0,0.2962962962962963,342.3956103431773,1
11,1,1,1,1,1,0,0,0,1,1,0,1,0,0,0,0,0,0,0,0,1,1,0,0,1,0,1,0,0,0,1,0,0,0,0,0,1,0,0,1,1,0,0,1,1,1,1,0,0,0,0,1,1,0,0.3333333333333333,399.12496096047715,1
12,1,1,1,1,1,0,0,0,1,1,0,1,0,0,0,0,0,0,0,0,1,1,1,0,1,0,1,0,1,0,1,0,0,1,0,0,1,0,0,1,1,0,0,1,1,1,1,0,0,0,0,1,1,0,0.3333333333333333,382.2020024054024,1
13,1,1,1,1,1,0,0,0,1,1,0,1,0,0,0,0,0,0,0,0,1,0,0,0,1,0,1,0,0,0,1,0,0,0,0,0,0,0,0,0,1,0,0,1,1,1,1,0,0,0,0,0,1,0,0.2962962962962963,455.17350048739587,1
14,1,1,1,1,0,0,0,0,1,1,0,1,0,0,0,0,0,0,0,0,1,0,0,0,1,0,1,0,0,0,1,0,0,0,0,0,1,0,0,1,0,0,1,1,1,1,1,0,0,0,0,1,1,0,0.2962962962962963,331.5468763510705,1
15,1,1,1,1,1,0,0,0,1,1,0,1,0,0,0,0,0,0,1,0,1,1,1,0,1,0,1,0,1,0,1,0,0,0,0,0,0,0,0,1,1,0,1,1,1,1,1,0,0,0,0,1,1,0,0.2962962962962963,441.63494725122337,1
16,0,1,1,1,1,0,0,0,1,1,0,1,0,0,0,0,0,0,0,0,1,1,0,0,1,0,1,0,0,1,1,0,0,0,0,0,1,0,0,0,1,0,0,1,1,1,1,0,0,0,0,1,1,0,0.2962962962962963,316.97545751843256,1
17,1,1,1,1,1,0,0,0,1,1,0,1,0,0,0,0,0,0,1,0,1,1,0,0,1,0,1,0,0,0,1,0,0,0,0,0,1,0,0,1,1,0,1,1,1,1,1,0,0,0,0,1,1,0,0.3148148148148148,407.0208902400119,1
18,1,1,1,1,1,0,0,0,1,1,0,1,0,0,0,0,0,0,0,0,1,1,0,0,1,0,1,0,1,0,1,0,0,0,0,0,1,0,0,1,1,0,0,1,1,1,1,0,0,0,0,0,1,0,0.2962962962962963,373.39248835644906,1
19,1,1,1,1,1,0,0,0,1,1,0,1,0,0,0,0,0,0,0,0,1,1,0,0,1,0,1,0,1,0,1,0,0,0,0,0,0,0,0,0,1,0,0,1,1,1,1,0,0,0,1,1,1,0,0.2962962962962963,335.818274930831,1
20,1,1,1,1,1,0,0,0,1,1,0,1,1,1,0,0,0,0,0,0,1,0,0,0,1,0,0,0,0,0,1,0,0,0,0,0,0,0,0,1,1,0,0,1,1,1,1,0,0,0,0,1,1,0,0.3148148148148148,339.88085526876824,1
21,1,1,1,1,1,0,0,0,1,1,0,1,1,0,0,0,0,0,0,0,1,0,0,0,1,0,1,0,0,0,1,0,0,1,0,0,1,0,0,1,1,0,1,1,1,1,1,0,0,0,0,1,1,0,0.2777777777777778,354.20957007938114,1
22,1,1,1,1,1,0,0,0,1,1,0,1,1,0,0,0,0,0,1,0,1,1,0,0,1,0,1,0,1,0,1,1,0,1,0,0,0,0,0,1,1,0,1,1,1,1,1,0,0,0,0,1,1,0,0.2962962962962963,346.519556876177,1
23,1,1,1,1,1,0,0,0,1,1,0,1,0,0,0,0,0,0,0,0,1,0,0,0,1,0,1,0,1,0,1,0,0,0,0,0,0,0,0,1,1,0,0,1,1,0,1,0,0,0,0,1,1,0,0.2777777777777778,371.6372497426052,1
24,1,1,1,1,1,0,0,0,1,1,0,1,0,0,0,0,0,0,0,0,1,0,0,0,1,0,1,0,0,1,1,0,0,0,0,0,1,0,0,1,1,0,0,1,1,1,1,0,0,0,0,1,1,0,0.3148148148148148,306.4276670819225,1
25,1,1,1,1,1,0,0,0,1,1,0,1,0,0,0,0,0,0,1,0,1,0,0,0,1,0,0,0,0,1,1,0,0,0,0,0,1,0,0,0,1,0,1,1,1,1,1,0,0,0,0,0,1,0,0.2777777777777778,241.5395194185004,1
26,1,1,1,1,1,0,0,0,1,1,0,1,0,0,0,0,0,0,0,0,1,1,0,0,1,0,1,0,0,0,1,0,0,1,0,0,1,0,0,1,1,0,0,1,1,1,1,0,0,0,0,1,1,0,0.3148148148148148,373.32875037885833,1
27,1,1,1,1,1,0,0,0,1,1,0,1,0,0,0,0,0,0,0,0,1,1,1,0,1,0,1,0,1,0,1,1,0,0,0,0,1,0,0,1,1,0,0,1,1,1,1,0,0,0,0,0,1,0,0.3148148148148148,388.873161861389,1
28,1,1,1,1,1,0,0,0,1,1,0,1,1,0,0,0,0,0,1,0,1,0,0,0,1,0,1,0,0,0,1,0,0,1,0,0,0,0,0,0,1,0,0,1,1,1,1,0,0,0,0,1,1,0,0.2962962962962963,463.30993668093,1
29,1,1,1,1,1,0,0,0,1,1,0,1,1,0,0,0,0,0,1,0,1,1,0,0,1,0,1,0,0,0,1,0,0,1,0,0,0,0,0,1,1,0,0,1,1,1,1,0,0,0,0,1,1,0,0.3148148148148148,466.80212282237636,1
30,1,1,1,1,1,0,0,0,1,1,0,1,0,0,0,0,0,0,1,0,1,0,0,0,1,0,1,0,1,0,1,0,0,0,0,0,1,0,0,0,0,0,0,1,1,1,1,0,0,0,0,0,1,0,0.2777777777777778,456.47061403859277,1
31,1,1,1,1,1,0,0,0,1,1,0,1,0,0,0,0,0,0,0,0,1,0,0,0,1,0,0,0,1,0,1,0,0,0,0,0,1,0,0,0,1,0,0,1,1,1,1,0,0,0,0,1,1,0,0.2962962962962963,232.47006911269722,1
32,1,1,1,1,1,0,0,0,1,1,0,1,0,1,0,0,0,0,0,0,1,1,0,0,1,0,1,0,1,0,1,0,0,0,0,0,1,0,0,1,1,0,0,1,1,0,1,0,0,0,0,1,1,0,0.3333333333333333,442.308883854086,1
33,1,1,1,1,1,0,0,0,1,1,0,1,0,0,0,0,0,0,0,0,1,0,0,0,1,0,1,0,0,0,1,0,0,1,0,0,1,0,0,0,1,0,0,1,1,1,1,0,0,0,0,0,1,0,0.3148148148148148,396.85157860336983,1
34,0,1,1,1,1,0,0,0,1,1,0,1,0,0,0,0,0,0,0,0,1,0,0,0,1,0,1,0,1,0,1,0,0,0,0,0,1,0,0,1,1,0,0,1,1,1,1,0,0,0,1,1,1,0,0.2962962962962963,287.38714423432157,1
35,0,1,1,1,1,0,0,0,1,1,0,1,0,0,0,0,0,0,0,0,1,0,0,0,1,0,1,0,1,0,1,1,0,0,0,0,1,0,0,0,1,0,0,1,1,1,1,0,0,0,0,1,1,0,0.3333333333333333,292.30802737292834,1
36,1,1,1,1,1,0,0,0,1,1,0,1,1,0,0,0,0,0,0,0,1,1,0,0,1,0,1,0,1,0,1,0,0,0,0,0,0,1,0,1,1,0,0,1,1,1,1,0,0,0,0,1,1,0,0.2962962962962963,358.94931583034946,1
37,0,1,1,1,1,0,0,0,1,1,0,1,0,0,0,0,0,0,0,0,1,0,1,0,1,0,1,0,0,0,1,0,0,0,0,0,0,0,0,1,1,0,0,1,1,1,1,0,0,0,0,1,1,0,0.3333333333333333,426.2422597248558,1
38,1,1,1,1,1,0,0,0,1,1,0,1,0,0,0,0,0,0,0,0,1,0,0,0,1,0,1,0,1,0,1,0,0,0,0,0,0,0,0,1,1,0,0,1,1,0,1,0,0,0,0,1,1,0,0.2777777777777778,371.6372497426052,1
39,1,1,1,1,1,0,0,0,1,1,0,1,1,0,0,0,0,0,0,0,1,1,0,0,1,0,1,0,1,0,1,0,0,0,0,0,1,0,0,1,1,0,0,1,1,1,1,0,0,0,0,1,1,0,0.35185185185185186,377.28516002610587,1
40,1,1,1,1,1,0,0,0,1,1,0,1,0,0,0,0,0,0,0,0,1,1,1,0,1,0,1,0,1,0,1,0,0,0,0,0,1,0,0,1,1,0,1,0,1,1,1,0,0,0,0,1,1,0,0.3148148148148148,432.33479434295396,1
41,0,1,1,1,1,0,0,0,1,1,0,1,0,1,0,0,0,0,0,0,1,0,0,0,1,0,0,0,1,0,1,1,0,0,0,0,1,0,0,1,1,0,0,1,1,1,1,0,0,0,0,1,1,0,0.3333333333333333,229.7147135017325,1
42,1,1,1,1,1,0,0,0,1,1,0,1,0,0,0,0,0,0,0,0,1,1,0,0,1,0,1,0,1,0,1,0,0,1,0,0,1,0,0,1,1,0,0,1,1,1,1,0,0,0,0,0,1,0,0.2962962962962963,350.22477684153694,1
43,0,1,1,1,1,0,0,0,1,1,0,1,0,0,0,0,0,0,1,0,1,1,0,0,1,0,1,0,1,0,1,0,0,0,0,0,1,0,0,1,0,0,0,1,1,1,1,0,0,0,0,1,1,0,0.2777777777777778,392.94730173263184,1
44,1,1,1,1,1,0,0,0,1,1,0,1,0,0,0,0,0,0,0,0,1,0,0,0,0,0,1,0,1,0,1,0,0,0,0,0,1,0,0,1,1,0,0,0,1,1,1,0,0,0,0,1,1,0,0.3333333333333333,333.8960677744787,1
45,1,1,1,1,1,0,0,0,1,1,0,1,0,0,0,0,0,0,0,0,1,1,0,0,1,0,1,0,1,0,1,0,0,0,0,0,0,0,0,0,1,0,0,1,1,1,1,0,0,0,0,1,1,0,0.35185185185185186,396.3092444550908,1
46,1,1,1,1,1,0,0,0,1,1,0,1,1,0,0,0,0,0,1,0,1,0,0,0,1,0,1,0,1,0,1,0,0,0,0,0,1,0,0,1,1,0,0,1,1,0,1,0,0,0,0,1,1,0,0.2777777777777778,409.13605529098464,1
47,1,1,1,1,1,0,0,0,1,1,0,1,0,0,0,0,0,0,0,0,1,0,0,0,1,0,1,0,1,0,1,0,0,0,0,0,1,0,0,1,1,0,0,1,1,1,1,0,0,0,0,0,1,0,0.2777777777777778,347.7933703429014,1
48,1,1,1,1,1,0,0,0,1,1,0,1,0,0,0,0,0,0,0,0,1,0,1,0,1,0,1,0,0,0,1,0,0,0,0,0,1,0,0,1,0,0,0,0,1,1,1,0,0,0,0,1,1,0,0.3333333333333333,564.2484868627776,1
49,1,1,1,1,1,0,0,0,1,1,0,1,1,0,0,0,0,0,0,0,1,0,1,0,1,1,1,0,1,0,1,0,0,0,0,0,1,0,0,1,1,0,0,1,1,1,1,0,0,0,0,1,1,0,0.3148148148148148,487.6573215045402,1
50,1,1,1,1,1,0,0,0,1,1,0,1,0,0,0,0,0,0,0,0,1,1,0,0,1,0,0,0,1,1,1,0,0,0,0,0,0,0,0,0,1,0,1,1,1,1,1,0,0,0,0,1,1,0,0.35185185185185186,227.79465518902308,1
51,1,1,1,1,1,0,0,0,1,1,0,1,0,0,0,0,0,0,0,0,1,1,0,0,1,0,1,0,0,0,1,0,0,0,0,0,0,0,0,1,1,0,1,1,1,0,1,0,0,0,0,1,1,0,0.2777777777777778,430.04440821737643,1
52,1,1,1,1,0,0,0,0,1,1,0,1,0,0,0,0,0,0,0,0,1,1,0,0,1,0,0,0,0,0,1,0,0,0,0,0,0,0,0,0,1,0,0,1,1,1,1,0,0,0,1,1,1,0,0.3333333333333333,228.50257496682343,1
53,1,1,1,1,1,0,0,0,1,1,0,1,0,1,0,0,0,0,1,0,1,0,0,0,1,0,1,0,0,0,1,0,0,1,0,0,0,0,0,1,1,0,1,1,1,1,1,0,0,0,0,1,1,0,0.3148148148148148,442.86391543826284,1
54,1,1,1,1,1,0,0,0,1,1,0,1,0,0,0,0,0,0,0,0,1,1,0,0,1,0,1,0,0,0,1,0,0,0,0,0,1,0,0,0,1,0,0,1,1,1,1,0,0,0,0,0,1,0,0.2777777777777778,458.8076145735578,1
55,0,1,1,1,1,0,0,0,1,1,0,1,0,0,0,0,0,0,0,0,1,0,0,0,1,0,1,0,0,0,1,0,0,1,0,0,0,0,0,1,1,0,1,0,1,1,1,0,0,0,0,1,1,0,0.25925925925925924,359.0429543459498,1
56,0,1,1,1,1,0,0,0,1,1,0,1,0,0,0,0,0,0,0,0,1,0,0,0,1,0,1,0,1,0,1,0,0,0,0,0,1,0,0,1,1,0,0,1,1,1,1,0,0,0,0,1,1,0,0.2777777777777778,302.8313602913207,1
57,1,1,1,0,1,0,0,0,1,1,0,1,1,0,0,0,0,0,0,0,1,1,0,0,1,0,1,0,1,0,1,0,0,0,0,0,0,0,0,0,1,0,0,1,1,1,1,0,0,0,0,1,1,0,0.3148148148148148,395.27062830946977,1
58,1,1,1,1,1,0,0,0,1,1,0,1,0,0,0,0,0,0,0,0,1,1,0,0,1,0,1,0,1,0,1,0,0,0,0,0,0,0,0,1,1,0,1,1,1,1,1,0,0,0,1,1,1,0,0.3333333333333333,312.95128889988433,1
59,1,1,1,1,1,0,0,1,1,1,0,1,0,0,0,0,0,0,0,0,1,0,0,0,1,0,1,0,1,1,1,0,0,1,0,0,0,0,0,0,1,0,1,1,1,1,1,0,0,0,0,1,1,0,0.2777777777777778,326.8160307057972,1
60,1,1,1,1,1,0,0,0,1,1,0,1,0,1,0,0,0,0,0,0,1,0,0,0,1,0,1,0,1,0,1,0,0,0,0,0,0,0,0,1,1,0,0,1,1,0,1,0,0,0,0,1,1,0,0.2962962962962963,438.38960982149786,1
61,1,1,1,1,1,0,0,0,1,1,0,1,0,0,0,0,0,0,0,0,1,1,0,0,1,0,1,0,0,1,1,0,0,1,0,0,0,0,0,0,1,0,1,1,1,0,1,0,0,0,0,1,1,0,0.2962962962962963,343.03042011552634,1
62,1,1,1,1,1,0,0,0,1,1,0,1,0,0,0,0,0,0,0,0,1,1,1,0,1,0,1,0,0,0,1,0,0,0,0,0,0,0,0,1,1,0,1,1,1,0,1,0,0,0,0,1,1,0,0.3333333333333333,503.27986279025805,1
63,1,1,1,1,1,0,0,0,1,1,0,1,0,0,0,0,0,0,0,0,1,1,0,0,1,1,1,0,1,0,1,0,0,0,0,0,1,0,0,1,0,0,0,1,1,1,1,0,0,0,1,1,1,0,0.35185185185185186,391.79797124373863,1
64,1,1,1,1,1,0,0,0,1,1,0,1,1,0,0,0,0,0,0,0,1,1,0,0,1,0,1,0,1,0,1,0,0,0,0,0,1,0,0,0,1,0,0,1,1,1,1,0,0,0,0,0,1,0,0.3148148148148148,430.5588562236772,1
65,1,1,1,1,1,0,0,0,1,1,0,1,0,0,0,0,0,0,1,0,1,1,0,0,1,0,1,0,1,0,1,0,0,0,0,0,0,0,0,1,0,0,1,1,1,1,1,0,0,0,0,0,1,0,0.25925925925925924,459.2494293570478,1
66,0,1,1,1,1,0,0,0,1,1,0,1,0,0,0,0,0,0,0,0,1,1,1,0,1,0,1,0,1,0,1,0,0,0,0,0,1,0,0,1,1,0,0,1,1,0,1,0,0,0,0,1,1,0,0.2962962962962963,404.4749234750532,1
67,1,1,1,1,1,0,0,0,1,1,0,1,0,0,0,0,0,0,0,0,1,1,0,0,1,0,1,0,0,0,1,0,0,1,0,0,0,0,0,0,1,0,1,1,1,1,1,0,0,0,0,0,1,0,0.3148148148148148,427.5631491209794,1
68,1,1,1,1,1,0,0,0,1,1,0,1,0,0,0,0,0,0,1,0,1,0,0,0,1,1,1,0,1,0,1,0,0,1,0,0,1,0,0,1,1,0,0,1,1,1,1,0,0,0,0,0,1,0,0.3333333333333333,422.58795402263775,1
69,1,1,1,1,1,0,1,0,1,1,0,1,0,0,0,0,0,0,0,0,1,1,1,0,1,0,1,0,0,1,1,0,0,0,0,0,0,0,0,1,1,0,0,1,1,1,1,0,0,0,0,1,1,0,0.2777777777777778,428.6565629832009,1
70,1,1,1,1,1,0,0,0,1,1,0,1,1,0,0,0,0,0,0,0,1,0,1,0,1,0,0,0,1,0,1,0,0,1,0,0,0,0,0,1,1,0,0,1,1,0,1,0,0,0,0,1,1,0,0.3333333333333333,294.4965174291174,1
71,1,1,1,1,1,0,0,0,1,1,0,1,0,0,0,0,0,0,0,0,1,0,0,0,1,0,1,0,0,0,1,0,0,0,0,0,0,1,0,1,1,0,0,1,1,1,1,0,0,0,0,1,1,0,0.3333333333333333,352.84202295676147,1
72,1,1,1,1,1,0,0,0,1,1,0,1,0,1,0,0,0,0,0,0,1,1,0,0,1,0,1,0,1,0,1,1,0,0,0,0,0,0,0,1,1,0,0,1,1,1,1,0,0,0,0,0,1,0,0.3333333333333333,415.7538254363343,1
73,1,1,1,1,1,0,0,0,1,1,0,1,1,0,0,0,0,0,0,0,1,1,0,0,1,0,1,0,1,0,1,0,0,0,0,0,0,0,0,1,1,0,0,1,1,0,1,0,0,0,0,1,1,0,0.3333333333333333,432.8949039468855,1
74,1,1,1,1,1,0,0,0,1,1,0,1,0,0,0,0,0,0,0,0,1,1,0,0,1,0,1,0,1,0,1,0,0,0,0,0,0,0,0,1,1,0,0,1,1,0,1,0,0,0,1,1,1,0,0.35185185185185186,340.75647284906137,1
75,0,1,1,1,1,0,0,0,1,1,0,1,0,0,0,0,0,0,0,0,1,1,0,0,1,1,1,0,1,0,1,0,0,0,0,0,1,0,0,0,1,0,0,1,1,1,1,0,0,0,1,1,1,0,0.3333333333333333,352.4393358357798,1
76,1,1,1,1,1,0,0,0,1,1,0,1,0,0,0,0,0,0,0,0,1,1,0,0,1,0,1,0,1,0,1,1,0,0,0,0,0,1,0,0,1,0,0,1,1,1,1,0,0,0,0,1,1,0,0.35185185185185186,320.96265212127423,1
77,1,1,1,1,1,0,0,0,1,1,0,1,1,0,0,0,0,0,0,0,1,0,1,0,1,0,1,0,1,0,1,0,0,0,0,0,0,0,0,1,1,0,0,1,1,1,1,0,0,0,0,1,1,0,0.3888888888888889,435.99021127262927,1
78,1,1,1,1,1,0,0,0,1,0,0,1,1,0,0,0,0,0,0,0,1,1,1,0,1,0,1,0,1,0,1,0,0,0,0,0,0,0,0,1,1,0,0,1,1,0,1,0,0,0,0,1,1,0,0.3333333333333333,465.7034851518157,1
79,1,1,1,1,1,0,0,0,1,1,0,1,0,1,0,0,0,0,0,0,1,0,0,0,1,0,0,0,1,1,1,0,0,0,0,0,1,0,0,1,1,0,0,1,1,0,1,0,0,0,0,1,1,0,0.3148148148148148,247.93928362537463,1
80,1,1,1,1,1,0,1,0,1,1,0,1,0,0,0,0,0,0,0,0,1,0,0,0,1,0,1,0,1,0,1,0,0,0,0,0,1,0,0,1,1,0,0,1,1,1,1,0,0,0,0,1,1,0,0.2962962962962963,355.2075987457534,1
81,1,1,1,1,1,0,0,0,1,1,0,1,0,0,0,0,0,0,0,0,1,1,0,0,0,0,1,0,1,0,1,0,0,1,0,0,0,0,0,1,1,0,0,1,1,0,1,0,0,0,0,1,1,0,0.2962962962962963,342.88697151928136,1
82,0,1,1,1,1,0,0,0,1,1,0,1,0,0,0,0,0,0,0,0,1,1,0,0,1,0,1,0,1,0,1,0,0,0,0,0,0,0,0,0,1,0,1,0,1,1,1,0,0,0,0,0,1,0,0.2962962962962963,415.71671985247565,1
83,1,1,1,1,1,0,0,0,1,1,0,1,0,0,0,0,0,0,1,0,1,0,0,0,1,0,1,0,1,0,1,0,0,0,0,0,1,0,0,1,1,0,0,1,1,1,1,0,0,0,1,1,1,0,0.3888888888888889,316.935891188843,1
84,1,1,1,1,0,0,0,0,1,1,0,1,0,0,0,0,0,0,0,0,1,0,0,0,1,0,1,0,1,0,1,0,0,1,0,0,1,0,0,1,1,0,0,1,1,1,1,0,0,0,0,1,1,0,0.35185185185185186,266.6093953714646,1
85,1,1,1,1,1,0,0,0,1,1,0,1,1,0,0,0,0,0,0,0,1,1,0,0,1,0,1,0,1,0,1,0,0,0,0,0,1,0,0,0,1,0,0,1,1,0,1,0,0,0,0,0,1,0,0.35185185185185186,464.4504352679181,1
86,1,1,1,1,1,0,0,0,1,1,0,1,0,0,0,0,0,0,0,0,1,0,0,0,1,0,1,0,0,1,1,0,0,0,0,0,1,0,0,1,1,0,1,1,1,1,1,0,0,0,0,1,1,0,0.3333333333333333,295.59173030942884,1
87,0,1,1,1,1,0,0,0,1,1,0,1,1,0,0,0,0,0,0,0,1,0,0,0,1,0,1,0,1,0,1,0,0,0,0,0,0,0,0,1,1,0,0,0,1,1,1,0,0,0,0,1,1,0,0.3333333333333333,388.0003540684921,1
88,1,1,1,1,1,0,0,0,1,1,0,1,1,0,0,0,0,0,0,0,1,0,1,0,1,0,1,0,0,0,1,1,0,0,0,0,1,0,0,1,0,0,1,1,1,1,1,0,0,0,0,1,1,0,0.35185185185185186,438.9385217420324,1
89,0,1,1,1,1,0,0,0,1,1,0,1,0,0,0,0,0,0,0,0,1,0,0,0,1,0,1,0,1,0,1,0,0,0,0,0,1,0,0,1,1,0,1,1,1,0,1,0,0,0,0,1,1,0,0.35185185185185186,307.23389471894944,1
90,1,1,1,1,1,0,0,1,1,1,0,1,0,0,0,0,0,0,1,0,1,0,0,0,1,0,1,0,1,0,1,0,0,0,0,0,0,0,0,1,1,0,0,1,1,1,1,0,0,0,0,0,1,0,0.25925925925925924,479.01094748471706,1
91,0,1,1,1,1,0,0,0,1,1,0,1,0,0,0,0,0,0,1,0,1,1,0,0,1,0,1,0,1,0,1,0,0,0,0,0,0,0,0,1,1,0,1,1,1,1,1,0,0,0,1,1,1,0,0.3333333333333333,313.0171633668469,1
92,0,0,0,0,0,1,1,1,0,0,1,0,0,1,1,1,1,1,1,1,0,1,1,1,0,1,0,1,0,1,0,1,0,1,1,1,0,1,1,0,0,1,1,0,0,0,0,1,1,1,0,0,0,1,0.3333333333333333,441.511832935225,1
93,0,1,1,1,1,0,0,0,1,1,0,1,0,0,0,1,0,0,0,0,1,0,0,0,1,0,1,0,1,0,1,0,0,0,0,0,0,0,0,1,0,0,0,1,1,0,1,0,0,0,0,1,1,0,0.3148148148148148,422.05952512027085,1
94,1,1,1,1,1,0,0,0,1,1,0,1,1,0,0,0,0,0,0,0,1,1,1,0,1,0,1,0,0,0,1,0,0,1,0,0,0,0,0,1,1,0,0,1,1,1,1,0,0,0,0,1,1,0,0.37037037037037035,503.63863266698263,1
95,0,1,1,1,1,0,0,0,1,1,0,1,1,0,0,0,0,0,0,0,1,0,0,0,1,0,1,0,0,0,1,0,0,0,0,0,1,0,0,1,1,0,0,1,1,0,1,0,0,0,0,1,1,0,0.3148148148148148,397.5377577511483,1
96,0,1,1,1,1,0,0,0,1,1,0,1,0,0,0,0,0,0,0,0,1,1,0,0,1,0,0,0,1,0,1,0,0,0,0,0,1,0,0,0,1,0,0,1,1,0,1,0,0,0,0,1,1,0,0.3333333333333333,245.45255667594608,1
97,0,1,1,1,1,0,0,0,1,0,0,1,1,0,0,0,0,0,0,0,1,1,0,0,1,0,1,0,1,0,1,0,0,0,0,0,1,0,0,1,1,0,0,0,1,1,1,0,0,0,0,1,1,0,0.35185185185185186,358.53495351022326,1
98,1,1,1,1,1,0,0,0,1,0,0,1,1,1,0,1,0,0,0,0,1,0,0,0,1,0,0,0,1,0,1,0,0,0,0,0,1,0,0,1,1,0,1,1,1,1,1,0,0,0,0,1,1,0,0.3148148148148148,265.50780096468293,1
99,1,1,1,1,1,0,0,0,1,1,0,1,0,0,0,0,0,0,0,0,1,1,0,0,1,0,1,0,1,0,1,0,0,0,0,0,1,0,0,1,1,0,0,1,1,1,1,0,0,0,0,1,1,0,0.3888888888888889,349.7818208489216,1
