,0,1,2,3,4,5,6,7,8,9,10,11,12,13,14,15,16,17,18,19,20,21,22,23,24,25,26,27,28,29,30,31,32,33,34,35,36,37,38,39,40,41,42,43,44,45,46,47,48,49,50,51,52,53,chain_break_fraction,energy,num_occurrences
0,1,0,0,0,1,0,0,1,1,1,0,0,0,0,1,0,1,1,0,0,1,0,1,1,0,1,1,0,0,0,0,1,1,0,1,0,0,1,1,0,1,1,1,0,0,0,1,1,0,1,1,0,1,0,0.3148148148148148,401.7126492646331,1
1,0,1,1,1,0,1,1,0,0,1,1,1,1,1,0,1,0,0,1,1,0,1,0,1,0,0,0,1,1,1,1,0,0,1,0,1,0,0,1,1,0,0,0,1,1,1,0,0,1,0,1,1,0,1,0.3333333333333333,385.0778906662735,1
2,1,0,0,0,1,0,0,1,1,0,0,0,0,0,1,0,1,0,0,0,1,0,1,1,0,1,1,0,0,0,0,0,1,0,1,0,1,1,1,0,1,1,0,0,0,0,1,1,0,1,1,0,1,0,0.3148148148148148,348.29703679129386,1
3,0,1,1,0,0,1,1,0,0,0,1,1,1,1,0,1,0,0,1,1,0,1,0,1,1,0,0,1,1,1,1,0,0,1,0,1,0,0,1,1,0,0,0,1,1,1,0,0,1,0,0,1,0,1,0.3333333333333333,321.1995809674208,1
4,0,1,1,1,0,1,1,0,0,0,1,1,1,1,0,1,0,0,1,1,0,1,0,1,1,0,0,1,1,1,1,1,0,1,0,1,1,0,1,1,0,0,0,1,1,1,0,0,1,0,0,1,0,1,0.35185185185185186,350.46007603596405,1
5,1,0,0,0,1,0,0,1,1,1,0,0,0,0,1,0,1,0,0,0,1,0,1,1,0,1,1,0,0,0,0,1,1,0,1,0,1,1,1,0,1,1,0,0,0,0,1,1,0,0,1,0,1,0,0.3333333333333333,357.37277133980234,1
6,0,1,1,1,0,1,1,0,0,1,1,1,1,1,0,1,0,0,1,1,0,0,0,1,1,0,0,1,1,1,1,0,0,1,0,1,0,0,1,1,0,0,1,1,1,1,0,0,1,0,0,1,0,1,0.3333333333333333,330.61594566615435,1
7,0,1,1,0,0,1,1,0,0,0,1,1,1,1,0,1,0,0,1,1,0,1,0,1,0,0,0,1,1,1,1,1,0,1,0,1,0,0,1,1,0,0,0,1,1,1,0,0,1,0,0,1,0,1,0.3333333333333333,351.94497855446355,1
8,0,1,1,1,0,1,1,0,0,0,1,1,1,1,0,1,0,0,1,1,0,1,0,1,0,0,0,1,1,1,1,1,0,1,0,1,1,0,1,1,0,0,0,1,1,1,0,0,1,0,0,1,0,1,0.2962962962962963,364.0413164866584,1
9,0,1,1,1,0,1,1,0,0,1,1,1,1,1,0,1,0,0,1,1,0,0,0,1,0,0,0,1,1,1,1,0,0,1,0,1,0,0,1,1,0,0,0,1,1,1,0,0,1,0,0,1,0,1,0.35185185185185186,332.3165599374235,1
10,0,1,1,0,0,1,1,0,0,0,1,1,1,1,0,1,0,0,1,1,0,1,0,1,1,0,0,1,1,1,1,0,0,1,0,1,0,0,0,1,0,0,0,1,1,1,0,0,1,0,0,1,0,1,0.3148148148148148,289.88148048723855,1
11,1,0,0,1,1,0,0,1,1,1,0,0,0,0,1,0,1,1,0,0,1,0,1,1,0,1,1,0,0,0,0,1,1,0,1,0,1,1,1,0,1,1,1,0,0,0,1,1,0,1,1,0,1,0,0.3333333333333333,411.0946485882379,1
12,0,1,1,1,0,1,1,0,0,1,1,1,1,1,0,1,0,0,1,1,0,0,0,1,1,0,0,1,1,1,1,1,0,1,0,1,0,0,1,1,0,0,0,1,1,1,0,0,1,0,0,1,0,1,0.35185185185185186,339.19796931806997,1
13,0,1,1,1,0,1,1,0,0,1,1,1,1,1,0,1,0,0,1,1,0,0,0,1,1,0,0,1,1,1,1,1,0,1,0,1,0,0,1,1,0,0,0,1,1,1,0,0,1,0,0,1,0,1,0.3148148148148148,339.19796931806997,1
14,1,0,0,0,1,0,0,1,1,0,0,0,0,0,1,0,1,1,0,0,1,0,1,1,0,1,1,0,0,0,0,0,1,0,1,0,1,1,1,0,1,1,0,1,0,0,1,1,0,1,1,0,1,0,0.3333333333333333,390.3890929815346,1
15,0,1,1,1,0,1,1,0,0,1,1,1,1,1,0,1,0,0,1,1,0,1,0,1,0,0,0,1,1,1,1,1,0,1,0,1,0,0,1,1,0,0,0,1,1,1,0,0,1,0,0,1,0,1,0.3148148148148148,347.9445282931722,1
16,0,1,1,1,0,1,1,0,0,0,1,1,1,1,0,0,0,0,1,1,0,1,0,1,1,0,0,1,1,1,1,0,0,1,0,1,0,0,1,1,0,0,0,1,1,1,0,0,1,0,0,1,0,1,0.3333333333333333,321.1995809674207,1
17,1,0,0,0,1,0,0,1,1,0,0,0,0,0,1,0,1,0,0,0,1,0,1,1,1,1,1,0,0,0,0,1,1,0,1,0,1,1,1,0,1,1,1,0,0,0,1,1,0,1,1,0,1,0,0.35185185185185186,379.8776352138066,1
18,0,1,1,1,0,1,1,0,0,0,1,1,1,1,0,1,0,0,1,1,0,1,0,1,1,0,0,1,1,1,1,1,0,1,0,1,0,0,0,1,0,0,0,1,1,1,0,0,1,0,0,1,0,1,0.37037037037037035,296.1392938448237,1
19,0,1,1,1,0,1,1,0,0,0,1,1,1,1,0,1,0,0,1,1,0,0,0,1,1,0,0,1,1,1,1,0,0,1,0,1,0,0,1,1,0,0,0,1,1,1,0,0,1,0,0,1,0,1,0.37037037037037035,321.97261908915993,1
20,1,0,0,1,1,0,1,1,1,0,0,0,0,0,1,0,1,1,0,0,1,0,1,1,0,1,1,0,0,0,0,1,1,0,1,0,1,1,1,0,1,1,0,0,0,0,1,1,0,1,1,0,1,0,0.2962962962962963,409.3458970539036,1
21,1,0,0,0,1,0,0,1,1,0,0,0,0,0,1,0,1,1,0,0,1,0,1,1,0,1,1,0,0,0,0,0,1,0,1,0,1,1,1,0,1,1,0,0,0,0,1,1,0,1,1,0,1,0,0.3333333333333333,386.9652782949591,1
22,1,0,0,0,1,0,0,1,1,1,0,0,0,0,1,0,1,1,0,0,1,0,1,1,1,1,1,0,0,0,0,1,1,0,1,0,0,1,1,0,1,1,0,0,0,0,1,1,0,1,1,0,1,0,0.37037037037037035,409.4275393314231,1
23,0,1,1,1,0,1,1,0,0,0,1,1,1,1,0,1,0,0,1,1,0,1,0,1,1,0,0,1,1,1,1,1,0,1,0,1,0,0,1,1,0,0,0,1,1,1,0,0,1,0,0,1,0,1,0.3333333333333333,337.1959195977363,1
24,0,1,1,0,0,1,1,0,0,0,1,1,1,1,0,1,0,0,1,1,0,1,0,1,1,0,0,1,1,1,1,0,0,1,0,1,0,0,1,1,0,0,0,1,1,1,0,0,1,0,0,1,0,1,0.35185185185185186,321.1995809674208,1
25,0,1,1,0,0,1,1,0,0,0,1,1,1,1,0,1,0,0,1,1,0,1,0,1,1,0,0,1,1,1,1,0,0,1,0,1,0,0,1,1,0,0,0,1,1,1,0,0,1,0,0,1,0,1,0.35185185185185186,321.1995809674208,1
26,0,1,1,1,0,1,1,0,0,0,1,1,1,1,0,1,0,0,1,1,0,1,0,1,0,0,0,1,1,1,1,1,0,1,0,1,0,0,1,1,0,0,0,1,1,1,0,0,1,0,0,1,0,1,0.4074074074074074,347.8657484844244,1
27,0,1,1,1,0,1,1,0,0,0,1,1,1,1,0,1,0,1,1,1,0,1,0,1,0,0,0,1,1,1,1,1,0,1,0,1,0,0,1,1,0,0,1,1,1,1,0,0,1,0,0,1,0,1,0.3333333333333333,380.8265046875154,1
28,0,1,1,1,0,1,1,0,0,0,1,1,1,1,0,0,0,0,1,1,0,1,0,1,1,0,0,1,1,1,1,1,0,1,0,1,0,0,1,1,0,0,0,1,1,1,0,0,1,0,0,1,0,1,0.3333333333333333,338.7395092793846,1
29,0,1,1,1,0,1,1,0,0,0,1,1,1,1,0,1,0,0,1,1,0,0,0,1,1,0,0,1,1,1,1,0,0,1,0,1,0,0,1,1,0,0,0,1,1,1,0,0,1,0,0,1,0,1,0.3333333333333333,321.97261908915993,1
30,0,1,1,1,0,1,1,0,0,1,1,1,1,1,0,1,0,1,1,1,0,0,0,1,1,0,0,1,1,1,1,1,0,1,0,1,0,0,1,1,0,0,0,1,1,1,0,0,1,0,0,1,0,1,0.37037037037037035,381.12970466491623,1
31,0,1,1,1,0,1,1,0,0,1,1,1,1,1,0,1,0,0,1,1,0,1,0,1,1,0,0,1,1,1,1,0,0,1,0,1,0,0,1,1,0,0,0,1,1,1,0,0,1,0,0,1,0,1,0.3333333333333333,332.2374297632169,1
32,0,1,1,0,0,1,1,0,0,0,1,1,1,1,0,1,0,0,1,1,0,1,0,1,1,0,0,1,1,1,1,1,0,1,0,1,1,0,1,1,0,0,0,1,1,1,0,0,1,0,0,1,0,1,0.35185185185185186,354.5938658340918,1
33,0,1,1,1,0,1,1,0,0,1,1,1,1,1,0,1,0,0,1,1,0,1,0,1,0,0,0,1,1,1,1,0,0,1,0,1,0,0,1,1,0,0,1,1,1,1,0,0,1,0,0,1,0,1,0.3333333333333333,339.1206317544007,1
34,1,0,0,0,1,0,0,1,1,1,0,0,0,0,1,0,1,1,0,0,1,0,1,1,0,1,1,0,0,0,0,1,1,0,1,0,1,1,1,0,1,1,1,0,0,0,1,1,0,1,1,0,1,0,0.3333333333333333,403.28163189141753,1
35,1,0,0,1,1,0,0,1,1,1,0,0,0,0,1,0,1,0,0,0,1,0,1,1,0,1,1,0,0,0,0,1,1,0,1,0,0,1,1,0,1,1,0,0,0,0,1,1,0,1,1,0,1,0,0.3333333333333333,364.16724637724934,1
36,1,0,0,0,1,0,0,1,1,1,0,0,0,0,1,0,1,0,0,0,1,0,1,1,0,1,1,0,0,0,0,1,1,0,1,0,1,1,1,0,1,1,1,0,0,0,1,1,0,1,1,0,1,0,0.37037037037037035,384.0295651041393,1
37,0,1,1,1,0,1,0,0,0,1,1,1,1,1,0,1,0,0,1,1,0,0,0,1,1,0,0,1,1,1,1,1,0,1,0,1,0,0,1,1,0,0,0,1,1,1,0,0,1,0,0,1,0,1,0.35185185185185186,345.48900559043466,1
38,0,1,1,1,0,1,1,0,0,1,1,1,1,1,0,1,0,0,1,1,0,1,0,1,1,0,0,1,1,1,1,0,0,1,0,1,0,0,1,1,0,0,0,1,1,1,0,0,1,0,0,1,0,1,0.35185185185185186,332.2374297632169,1
39,0,1,1,1,0,1,1,0,0,1,1,1,1,1,0,1,0,0,1,1,0,0,0,1,0,0,0,1,1,1,1,1,0,1,0,1,0,0,1,1,0,0,0,1,1,1,0,0,1,0,0,1,0,1,0.3148148148148148,349.8700384667445,1
40,0,1,1,0,0,1,1,0,0,0,1,1,1,1,0,1,0,0,1,1,0,1,0,1,1,0,0,1,1,1,1,1,0,1,0,1,0,0,1,1,0,0,0,1,1,1,0,0,1,0,0,1,0,1,0.3333333333333333,338.73950927938483,1
41,1,1,1,1,0,1,1,0,0,0,1,1,1,1,0,1,0,0,1,1,0,1,0,1,1,0,0,1,1,1,1,1,0,1,0,1,0,0,1,1,0,0,0,1,1,1,0,0,1,0,0,1,0,1,0.37037037037037035,334.9166390370052,1
42,1,0,0,0,1,0,0,1,1,0,0,0,0,0,1,0,1,1,0,0,1,0,1,1,1,1,1,0,0,0,0,1,1,0,1,0,1,1,1,0,1,1,0,0,0,0,1,1,0,1,1,0,1,0,0.37037037037037035,397.19341381331367,1
43,0,1,1,0,0,1,0,0,0,1,1,1,1,1,0,1,0,0,1,1,0,0,0,1,1,0,0,1,1,1,1,1,0,1,0,1,0,0,1,1,0,0,0,1,1,1,0,0,1,0,0,1,0,1,0.2962962962962963,349.50607819027755,1
44,0,1,1,1,0,1,1,0,0,1,1,1,1,1,0,1,0,0,1,1,0,0,0,1,1,0,0,0,1,1,1,0,0,1,0,1,0,0,1,1,0,0,0,1,1,1,0,0,1,0,0,1,0,1,0.3333333333333333,320.9977028588346,1
45,0,0,0,0,1,0,0,1,1,0,0,0,0,0,1,0,1,0,0,0,1,0,1,1,0,1,1,0,0,0,0,0,1,0,1,0,0,1,1,0,1,1,0,0,0,0,1,1,0,0,1,0,1,0,0.3148148148148148,334.8303009268193,1
46,0,1,1,0,0,1,1,0,0,1,1,1,1,1,0,1,0,0,1,1,0,1,0,1,1,0,0,1,1,1,1,1,0,1,0,1,1,0,1,1,0,0,0,1,1,1,0,0,1,1,0,1,0,1,0.37037037037037035,380.2782237714597,1
47,1,0,0,0,1,0,0,1,1,0,0,0,0,0,1,0,1,0,0,0,1,0,1,1,0,1,1,0,0,0,0,1,1,0,1,0,1,1,1,0,1,1,1,0,0,0,1,1,0,0,1,0,1,0,0.35185185185185186,365.06572997908967,1
48,0,1,1,1,0,1,0,0,0,0,1,1,1,1,0,1,0,0,1,1,0,1,0,1,1,0,0,1,1,1,1,0,0,1,0,1,0,0,1,1,0,0,0,1,1,1,0,0,1,0,0,1,0,1,0.3333333333333333,325.6094804962528,1
49,0,1,1,1,0,1,1,0,0,0,1,1,1,1,0,1,0,0,1,1,0,1,0,1,1,0,0,1,1,1,1,0,0,1,0,1,0,0,1,1,0,0,1,1,1,1,0,0,1,0,0,1,0,1,0.35185185185185186,328.4622006901502,1
50,0,1,1,0,0,1,1,0,0,1,1,1,1,1,0,0,0,0,1,1,0,1,0,1,1,0,0,1,1,1,1,1,0,1,0,1,0,0,0,1,0,0,0,1,1,1,0,0,1,0,0,1,0,1,0.3148148148148148,288.74298297068117,1
51,0,1,1,1,0,1,1,0,0,1,1,1,1,1,0,1,0,0,1,1,0,0,0,1,0,0,0,1,1,1,1,0,0,1,0,1,0,0,1,1,0,0,0,1,1,1,0,0,1,0,0,1,0,1,0.3333333333333333,332.3165599374235,1
52,0,1,1,1,0,1,1,0,0,0,1,1,1,1,0,1,0,1,1,1,0,1,0,1,1,0,0,1,1,1,1,0,0,1,0,1,0,0,1,1,0,0,0,1,1,1,0,0,1,0,0,1,0,1,0.35185185185185186,386.485362535897,1
53,1,0,0,0,1,0,0,1,1,1,0,0,0,0,1,0,1,0,0,0,1,0,1,1,0,1,1,0,0,0,0,1,1,0,1,0,0,1,1,0,1,1,1,0,0,0,1,1,0,1,1,0,1,0,0.3333333333333333,372.0997820114379,1
54,0,1,1,1,0,1,1,0,0,0,1,1,1,1,0,1,0,1,1,1,0,0,0,1,1,0,0,1,1,1,1,1,0,1,0,1,0,0,1,1,0,0,0,1,1,1,0,0,1,0,0,1,0,1,0.37037037037037035,370.7019914277524,1
55,1,0,0,0,1,0,0,1,1,1,0,0,0,0,1,0,1,0,0,0,1,0,1,1,1,1,1,0,0,0,0,1,1,0,1,0,0,1,1,0,1,1,0,0,0,0,1,1,0,1,1,0,1,0,0.35185185185185186,359.51128242390814,1
56,1,0,0,1,1,0,0,1,1,1,0,0,0,0,1,0,1,0,0,0,1,0,1,1,1,1,1,0,0,0,0,1,1,0,1,0,1,1,1,0,1,1,0,0,0,0,1,1,0,0,1,0,1,0,0.37037037037037035,361.9072400135363,1
57,0,1,1,1,0,1,1,0,0,1,1,0,1,1,0,1,0,1,1,1,0,1,0,1,0,0,0,0,1,1,1,0,0,1,0,1,0,0,1,1,0,0,0,1,1,1,0,0,1,0,0,1,0,1,0.35185185185185186,329.0826997524512,1
58,0,1,0,1,0,1,1,0,0,0,1,1,1,1,0,1,0,0,1,1,0,1,0,1,1,0,0,1,1,1,1,0,0,1,0,1,0,0,0,1,0,0,0,1,1,1,0,0,1,0,0,1,0,1,0.3333333333333333,264.03530034217727,1
59,1,1,1,1,0,1,1,0,0,0,1,1,1,1,0,1,0,0,1,1,0,1,0,1,0,0,0,1,1,1,1,1,0,1,0,1,1,0,1,1,0,0,0,1,1,1,0,0,1,0,0,1,0,1,0.37037037037037035,356.75796494971564,1
60,1,0,0,0,1,0,0,1,1,1,0,0,0,0,1,0,1,1,1,0,1,0,1,1,0,1,1,0,0,0,0,1,1,0,1,0,1,1,1,0,1,1,0,0,0,0,1,1,0,0,1,0,1,0,0.3333333333333333,423.32098478561664,1
61,1,0,0,0,1,0,0,1,1,1,0,0,0,0,1,0,1,0,0,0,1,0,1,1,0,1,1,0,0,0,0,1,1,0,1,0,0,1,1,0,1,1,0,0,0,0,1,1,0,0,1,0,1,0,0.37037037037037035,353.1162295608853,1
62,1,0,0,0,1,0,0,1,1,1,0,0,0,0,1,0,1,1,0,0,1,0,1,1,0,1,1,0,0,0,0,0,1,0,1,0,1,1,1,0,1,1,0,0,0,0,1,1,1,0,1,0,1,0,0.25925925925925924,402.7297953206365,1
63,0,1,1,1,0,1,1,0,0,0,1,1,1,1,0,1,0,0,1,1,0,0,0,1,0,0,0,1,1,1,1,0,0,1,0,1,1,0,0,1,0,0,1,1,1,1,0,0,1,0,0,1,0,1,0.2962962962962963,290.5809438415383,1
64,1,0,0,0,1,0,0,1,1,1,0,0,0,0,1,0,1,0,0,0,1,0,1,1,0,1,1,0,0,0,0,1,1,0,1,0,1,1,1,0,1,1,1,0,0,0,1,1,0,0,1,0,1,0,0.3888888888888889,362.9217794964566,1
65,0,1,1,1,0,1,1,0,0,1,0,1,1,1,0,1,0,0,1,1,0,1,0,1,1,0,0,1,1,1,1,1,0,1,0,1,1,0,1,1,0,0,1,1,1,1,0,0,1,0,0,1,0,1,0.3148148148148148,364.44252552616405,1
66,0,1,1,0,0,1,1,0,0,0,1,1,1,1,0,1,0,0,1,1,0,1,0,1,1,0,0,1,1,1,1,0,0,1,0,1,1,0,0,1,0,0,0,1,1,1,0,0,1,0,0,1,0,1,0.35185185185185186,288.71100560728416,1
67,1,0,0,0,1,0,0,1,1,1,0,0,0,0,1,0,1,0,0,0,1,0,1,1,1,1,1,0,0,0,0,1,1,0,1,0,1,1,1,0,1,1,0,0,0,0,1,1,0,0,1,0,1,0,0.35185185185185186,355.7819569359831,1
68,0,1,1,1,0,1,1,0,0,1,1,1,1,1,0,0,0,0,1,1,0,1,0,1,1,0,0,1,1,1,1,0,0,1,0,1,0,0,1,1,0,0,0,1,1,1,0,0,1,0,0,1,0,1,0.37037037037037035,326.0933641080863,1
69,1,0,0,0,1,0,1,1,1,1,0,0,0,0,1,0,1,0,0,0,1,0,1,1,0,1,1,0,0,0,0,1,1,0,1,0,0,1,1,0,1,1,1,0,0,0,1,1,0,0,1,0,1,0,0.3333333333333333,356.63728763611124,1
70,0,1,0,1,0,1,1,0,0,0,1,1,1,1,0,1,0,0,1,1,0,0,0,1,1,0,0,0,1,1,1,1,0,1,0,1,0,0,1,1,0,0,1,1,1,1,0,0,1,0,0,1,0,1,0.3148148148148148,367.9208974897219,1
71,1,0,0,0,1,0,0,1,1,1,0,0,0,0,1,0,1,1,0,0,1,0,1,1,0,1,1,0,0,0,0,1,1,0,1,0,0,1,1,0,1,1,0,0,0,0,1,1,0,1,1,0,1,0,0.37037037037037035,402.9975178927141,1
72,1,0,0,0,1,0,0,1,1,1,0,0,0,1,1,0,1,1,0,0,1,0,1,1,0,1,1,0,0,0,0,1,1,0,1,0,0,1,1,0,1,1,0,0,0,0,1,1,0,1,1,0,1,0,0.3333333333333333,424.75862050296854,1
73,0,1,1,0,0,1,1,0,0,0,1,1,1,1,0,0,0,1,1,1,0,1,0,1,1,0,0,0,1,1,1,1,0,1,0,1,0,0,1,1,0,0,0,1,1,1,0,0,1,0,0,1,0,1,0.2962962962962963,355.67936952426567,1
74,1,0,0,1,1,0,0,1,1,0,0,0,0,0,1,0,1,1,1,0,1,1,1,1,0,1,1,0,0,0,0,1,1,0,1,0,1,1,1,0,1,1,1,0,0,0,1,1,0,1,1,0,1,0,0.3333333333333333,420.9762411643657,1
75,0,1,1,0,0,1,0,0,0,0,1,1,1,1,0,1,0,0,1,1,0,0,0,1,1,0,0,0,1,1,1,0,0,1,0,1,0,0,1,1,0,0,0,1,1,1,0,0,1,0,0,1,0,1,0.3148148148148148,313.8205638973567,1
76,0,1,1,0,0,1,1,0,0,1,1,1,1,1,0,1,0,0,1,1,0,0,0,1,1,0,0,1,1,1,1,1,0,1,0,1,0,0,1,1,0,0,1,1,1,1,0,0,1,0,0,1,0,1,0.3888888888888889,352.3440685870919,1
77,0,1,1,0,0,1,1,0,0,1,1,1,1,1,0,1,0,1,1,1,0,1,0,1,1,0,0,1,1,1,1,1,0,1,0,1,1,0,0,1,0,0,0,1,1,1,0,0,1,0,0,1,0,1,0.37037037037037035,370.2491810320362,1
78,1,0,0,0,1,1,0,1,1,1,0,0,0,0,1,0,1,0,0,0,1,0,1,1,0,1,1,0,0,0,0,1,1,0,1,0,0,1,1,0,1,1,0,0,0,0,1,1,0,1,1,0,1,0,0.3148148148148148,402.9975178927142,1
79,0,1,1,1,0,1,1,0,0,1,1,1,1,1,0,1,0,1,1,1,0,0,0,1,0,0,0,0,1,1,1,1,0,1,0,1,0,0,1,1,0,0,0,1,1,1,0,0,1,0,0,1,0,1,0.35185185185185186,378.6943543886224,1
80,0,1,1,1,0,1,1,0,0,1,1,1,1,1,0,1,0,0,1,1,0,1,0,1,0,0,0,1,1,1,1,0,0,1,0,1,0,0,1,1,0,0,0,1,1,1,0,0,1,0,0,1,0,1,0.37037037037037035,335.397141804723,1
81,1,0,0,0,1,0,0,1,1,0,0,0,0,0,1,0,1,1,0,0,1,1,1,1,0,1,1,0,0,0,0,1,1,0,1,0,1,1,1,0,1,1,1,0,0,0,1,1,0,1,1,0,1,0,0.37037037037037035,402.40325480744656,1
82,1,0,0,0,1,0,0,1,1,0,0,0,0,0,1,1,1,1,0,0,1,0,1,1,1,1,1,0,0,0,0,1,1,0,1,0,1,1,1,0,1,1,1,0,0,0,1,1,0,1,1,0,1,0,0.3888888888888889,406.18637393267556,1
83,0,1,1,0,0,1,1,0,0,0,1,1,1,1,0,1,0,0,1,1,0,1,0,1,0,0,0,1,1,1,1,1,0,1,0,1,0,0,1,1,0,0,0,1,1,1,0,0,0,0,0,1,0,1,0.35185185185185186,341.18028405005776,1
84,1,0,0,0,1,0,0,1,1,0,0,0,0,0,1,0,1,0,0,0,1,0,1,1,1,1,1,0,0,0,0,0,1,0,1,0,1,1,1,0,1,1,0,0,0,0,1,1,0,0,1,0,1,0,0.3888888888888889,338.7470695629933,1
85,0,1,0,1,0,1,1,0,0,1,1,1,1,1,0,1,0,0,1,1,0,1,0,1,1,0,0,1,1,1,1,1,0,1,0,1,0,0,1,1,0,0,1,1,1,1,0,0,1,0,0,1,0,1,0.3888888888888889,368.41414614377504,1
86,1,1,1,1,0,1,1,0,0,0,1,1,1,1,0,1,0,1,1,1,0,0,0,1,1,0,0,1,1,1,1,0,0,1,0,1,0,0,1,1,0,0,0,1,1,1,0,0,1,0,0,1,0,1,0.2962962962962963,383.50211761355683,1
87,1,0,0,0,1,0,0,1,1,1,0,0,0,0,1,0,1,0,0,0,1,0,1,1,0,1,1,0,0,0,0,1,1,0,1,0,1,1,1,0,1,1,1,0,0,0,1,1,0,0,1,0,1,0,0.3888888888888889,362.9217794964566,1
88,1,1,1,1,0,1,1,0,0,1,1,1,0,1,0,1,0,1,1,1,0,1,0,1,0,0,0,1,1,1,1,1,0,1,0,1,0,0,1,1,0,0,0,1,1,1,0,0,1,0,0,1,0,1,0.37037037037037035,390.6054870682425,1
89,0,1,1,0,0,1,1,0,0,1,1,1,1,1,0,1,0,1,1,1,0,1,0,1,1,0,0,1,1,1,1,1,0,1,0,1,0,0,1,1,0,0,0,1,1,1,0,0,1,0,0,1,0,1,0.37037037037037035,379.2059733305328,1
90,1,0,0,1,1,0,0,1,1,0,0,0,0,0,1,0,1,0,0,0,1,0,1,1,0,1,1,0,0,0,0,0,1,0,1,0,1,1,1,0,1,1,1,0,0,0,1,1,0,1,1,0,1,0,0.35185185185185186,355.29662558606657,1
91,0,1,1,1,0,1,1,0,0,1,1,1,1,1,0,1,0,0,1,1,0,1,0,1,0,0,0,1,1,1,1,1,0,1,0,1,1,0,1,1,0,0,0,1,1,1,0,0,1,0,0,1,0,1,0.35185185185185186,361.61213763944784,1
92,0,1,1,1,0,1,1,0,0,1,1,1,1,1,0,1,0,0,1,1,0,0,0,1,0,0,0,1,1,1,1,0,0,1,0,1,0,0,1,1,0,0,0,1,1,1,0,0,1,0,0,1,0,1,0.3333333333333333,332.3165599374235,1
93,1,0,0,0,1,0,0,1,1,0,0,0,0,0,1,0,1,0,1,0,1,0,1,1,0,1,1,0,0,0,0,0,1,0,1,0,1,1,1,0,1,1,1,0,0,0,1,1,0,1,1,0,1,0,0.3148148148148148,355.29662558606634,1
94,0,1,1,1,0,1,1,0,0,1,1,1,1,1,0,1,0,0,1,1,0,0,0,1,0,0,0,1,1,1,1,1,0,1,0,1,1,0,1,1,0,0,0,1,1,1,0,0,1,0,0,1,0,1,0.37037037037037035,366.05767704094205,1
95,1,0,0,0,1,0,0,1,1,0,0,0,0,0,1,0,1,0,0,0,1,0,1,1,0,1,1,0,0,0,0,1,1,0,1,0,1,1,1,0,1,1,0,0,0,0,1,1,0,1,1,0,1,0,0.4074074074074074,377.5108613610053,1
96,1,0,0,0,1,0,0,1,1,0,0,0,0,0,1,0,1,0,0,0,1,1,1,1,1,1,1,0,0,0,0,1,1,0,1,0,0,1,1,0,1,1,0,0,0,0,1,1,0,1,1,0,1,0,0.35185185185185186,358.91049981520075,1
97,0,1,0,0,0,1,0,0,0,1,1,1,1,1,0,1,0,0,1,1,0,1,0,1,1,0,0,1,1,1,1,0,0,1,0,1,0,0,0,1,0,0,1,1,1,1,0,0,1,0,0,1,0,1,0.3333333333333333,273.4037381535217,1
98,0,1,1,0,0,1,1,0,0,1,1,1,1,1,0,1,0,0,1,1,0,1,0,1,0,0,0,1,1,1,1,0,0,1,0,1,1,0,0,1,0,0,1,1,1,1,0,0,1,0,0,1,0,1,0.3333333333333333,296.751156795633,1
99,0,1,1,1,0,1,0,0,0,0,1,1,1,1,0,1,0,0,1,1,0,0,0,1,0,0,0,1,1,1,1,1,0,1,0,1,0,0,1,1,0,0,0,1,1,1,0,0,1,0,0,1,0,1,0.35185185185185186,363.98453861717263,1
