,0,1,2,3,4,5,6,7,8,9,10,11,12,13,14,15,16,17,18,19,20,21,22,23,24,25,26,27,28,29,30,31,32,33,34,35,36,37,38,39,40,41,42,43,44,45,46,47,48,49,50,51,52,53,chain_break_fraction,energy,num_occurrences
0,1,1,0,0,0,0,0,0,0,1,0,1,0,0,0,1,1,1,1,1,0,1,1,0,1,1,0,0,0,0,1,1,1,1,1,1,0,0,1,0,1,0,1,1,0,0,0,0,0,1,1,0,1,0,0.35185185185185186,337.63965330160147,1
1,1,1,0,0,0,0,0,0,0,1,0,1,0,0,0,1,1,1,1,1,0,1,1,0,1,1,0,0,0,0,1,1,1,1,1,1,0,1,0,0,1,0,1,1,0,1,0,0,0,1,1,0,1,0,0.35185185185185186,299.7019340114484,1
2,1,0,0,0,0,0,0,1,0,1,0,1,0,0,0,1,1,1,1,1,0,1,1,0,1,1,0,0,0,0,1,1,1,1,0,0,0,1,0,0,1,0,1,1,0,0,0,0,0,1,1,0,1,0,0.3333333333333333,208.78094751440125,1
3,1,1,0,0,0,0,0,0,0,1,0,1,0,0,0,1,1,1,1,1,0,1,1,0,1,1,0,0,0,0,1,1,1,1,1,1,0,1,0,0,0,0,1,1,0,1,0,0,0,1,1,0,1,0,0.35185185185185186,261.67303954299933,1
4,1,0,0,0,0,0,0,0,0,1,0,1,0,0,0,1,1,1,1,1,1,1,1,0,1,0,0,0,0,0,1,1,1,1,0,1,0,1,0,0,1,0,1,1,0,0,0,0,0,1,1,0,1,0,0.2777777777777778,253.1443766456922,1
5,1,0,0,1,0,0,0,0,0,1,0,1,0,0,0,1,1,1,1,1,0,1,1,0,1,0,0,0,0,0,1,1,1,1,0,0,0,0,0,0,1,0,1,1,0,1,0,0,0,1,1,0,1,0,0.2962962962962963,188.77624703609695,1
6,1,0,0,0,0,0,0,0,0,1,0,1,0,0,0,1,1,1,0,1,0,1,1,0,1,1,0,0,0,0,1,1,1,0,1,1,0,1,0,0,0,0,1,1,0,0,0,0,0,1,1,0,1,0,0.3333333333333333,264.517735254954,1
7,1,1,0,0,0,0,0,0,0,1,0,1,0,0,0,1,1,1,1,1,0,1,1,0,1,0,0,0,0,0,1,1,1,1,0,0,0,1,0,0,1,0,1,1,0,1,0,0,0,1,1,0,1,0,0.4074074074074074,202.6571247609328,1
8,1,0,0,1,0,0,0,1,0,1,0,1,0,0,0,1,1,1,1,1,0,1,1,0,1,1,0,0,0,0,1,1,1,1,0,1,1,1,0,0,0,0,1,1,0,1,0,1,0,1,1,0,1,0,0.37037037037037035,305.0258733993216,1
9,1,1,0,0,0,0,0,0,0,1,0,1,0,0,0,1,1,1,1,1,1,1,1,0,1,1,0,0,0,0,1,1,1,1,1,1,0,1,0,0,0,0,1,1,0,1,0,1,0,1,1,0,1,0,0.2962962962962963,296.265556784657,1
10,1,0,0,0,0,0,0,0,0,1,0,1,0,0,0,1,1,1,1,1,0,1,1,0,1,1,0,0,1,0,1,1,1,1,1,0,0,1,0,0,1,0,1,1,0,1,0,0,0,1,1,0,1,0,0.37037037037037035,269.3745846973971,1
11,1,0,0,0,0,0,0,0,0,1,0,1,0,0,0,1,1,1,1,1,0,1,1,0,1,1,0,0,0,0,0,1,1,1,0,0,0,1,0,0,1,0,1,1,0,0,0,1,0,1,1,0,1,0,0.35185185185185186,241.2227956753141,1
12,1,0,0,1,0,0,0,0,0,1,0,1,0,0,0,1,1,1,0,1,0,1,1,0,1,1,0,0,0,0,0,1,1,1,0,1,0,1,0,0,1,0,1,1,0,1,0,0,0,1,1,0,1,0,0.2962962962962963,266.031732410447,1
13,1,0,0,0,0,0,0,1,0,1,0,1,0,0,0,1,1,1,0,1,0,1,1,0,0,1,0,0,0,0,1,1,1,1,0,1,0,1,0,0,0,0,1,1,0,1,0,1,0,1,1,0,1,0,0.3148148148148148,332.67805167746246,1
14,1,1,0,0,0,0,0,0,0,1,0,1,0,0,0,1,1,1,1,1,0,1,1,0,1,1,0,0,0,0,1,1,1,1,0,1,1,0,1,0,0,0,1,1,0,0,0,1,0,0,1,0,1,0,0.2777777777777778,305.5749756989015,1
15,1,0,0,0,0,0,0,0,0,1,0,1,0,0,0,1,1,1,1,1,0,1,1,0,1,1,0,0,0,0,0,1,1,1,1,1,0,1,0,0,0,0,1,1,0,1,0,1,0,1,1,0,1,0,0.3333333333333333,356.0863328862132,1
16,0,0,1,0,1,1,1,1,1,0,1,0,1,1,1,0,0,0,0,0,1,0,0,1,0,0,1,1,1,1,0,0,0,0,0,0,0,1,0,1,1,1,0,0,1,1,1,0,1,0,0,1,0,1,0.35185185185185186,526.7332237841132,1
17,1,0,0,0,0,0,0,0,0,1,0,1,0,1,0,1,1,1,1,1,0,1,1,0,1,1,0,0,0,0,1,1,1,0,0,0,0,1,0,0,1,0,1,1,0,1,0,0,0,1,1,0,1,0,0.3333333333333333,207.77903718631484,1
18,1,0,0,0,0,0,0,0,0,1,0,1,0,0,0,1,1,1,1,1,0,1,1,0,1,1,0,0,0,0,0,1,1,1,1,1,0,1,0,0,0,0,1,1,0,1,0,0,0,1,1,0,1,0,0.2962962962962963,261.6972179323997,1
19,1,0,0,1,0,0,0,1,0,1,0,1,0,0,0,1,1,1,1,1,1,1,1,0,1,1,0,0,0,0,1,1,1,1,0,1,0,0,0,0,1,0,1,1,0,1,0,1,0,1,1,0,1,0,0.3888888888888889,271.1273557070232,1
20,1,0,0,1,0,0,0,0,0,1,0,1,0,0,0,1,1,1,1,1,0,1,1,0,0,1,0,0,0,0,1,1,1,1,0,0,1,1,0,0,0,0,1,1,0,1,0,0,0,1,1,0,1,0,0.35185185185185186,196.24647615791548,1
21,1,0,0,0,0,0,0,0,0,1,0,1,0,0,0,1,1,1,0,1,0,1,1,0,1,1,0,0,0,0,0,1,1,1,0,1,1,1,0,0,1,0,1,1,0,0,0,0,0,1,1,0,1,0,0.35185185185185186,279.31819213093854,1
22,1,0,0,0,0,0,0,1,0,1,0,1,0,0,0,1,1,1,1,1,0,1,1,0,1,1,0,0,0,0,1,1,1,1,0,1,0,1,1,0,0,0,1,1,0,0,0,0,0,1,1,0,1,0,0.35185185185185186,293.819819961841,1
23,1,1,0,0,0,0,0,0,0,1,0,1,0,0,0,1,1,1,1,1,0,1,1,0,1,1,0,0,0,0,1,1,1,1,1,1,0,1,1,0,1,0,1,1,0,0,0,1,0,1,1,0,1,0,0.3888888888888889,526.1385044201494,1
24,0,0,1,0,1,1,1,1,1,0,1,1,1,1,1,0,0,0,0,0,0,0,1,1,0,0,0,1,0,1,0,0,0,0,0,0,1,1,0,1,1,1,0,0,1,1,1,1,1,0,0,1,0,1,0.3148148148148148,458.8753037288791,1
25,1,1,0,0,0,0,0,0,0,1,0,1,0,0,0,1,1,1,1,1,0,1,1,0,1,1,1,0,0,0,1,1,1,1,0,1,1,0,1,0,0,0,1,1,0,0,0,0,0,1,1,0,1,0,0.37037037037037035,294.3253854328038,1
26,0,0,0,1,0,0,0,0,0,1,0,1,0,0,0,1,1,1,1,1,0,1,1,1,1,1,0,0,0,0,0,1,1,1,0,1,0,1,0,0,0,0,1,1,0,0,0,0,0,1,1,0,1,0,0.2962962962962963,237.2536759369528,1
27,1,1,0,0,0,0,0,0,0,1,0,1,0,0,0,1,1,1,1,1,0,1,1,0,1,1,0,0,0,0,1,1,1,1,0,1,1,1,1,0,0,0,1,1,0,0,0,1,0,1,1,0,1,0,0.35185185185185186,416.32787832411924,1
28,1,0,0,0,0,0,0,0,0,1,0,1,1,0,0,1,1,1,0,1,0,1,1,0,1,1,0,0,0,0,1,1,1,1,0,0,0,1,0,0,0,0,0,1,0,1,0,0,0,1,1,0,1,0,0.2962962962962963,188.65816755800904,1
29,0,0,0,0,0,0,0,1,0,1,0,1,0,0,0,1,1,1,1,1,0,1,1,0,1,1,0,0,0,0,0,1,1,1,0,1,0,1,0,0,1,0,1,1,0,1,0,0,0,1,1,0,1,0,0.3888888888888889,252.90674973836872,1
30,1,0,0,0,0,0,0,0,0,1,0,1,0,1,0,1,1,1,1,1,0,1,1,0,1,0,0,0,0,0,1,1,1,1,1,1,0,0,1,0,0,0,1,1,0,0,0,0,0,1,1,0,1,0,0.3148148148148148,314.8069914154714,1
31,1,1,0,0,0,0,0,0,0,1,1,1,0,0,0,1,1,1,1,1,0,1,1,0,1,1,0,0,0,0,1,1,1,1,1,1,0,1,1,0,0,0,1,1,0,0,0,0,0,1,1,0,1,0,0.35185185185185186,315.41399103547826,1
32,1,1,0,1,0,0,0,0,0,1,0,1,0,0,0,1,1,1,1,1,0,0,1,0,1,1,0,0,0,0,1,1,1,1,0,0,0,1,0,0,0,0,1,1,0,1,0,1,0,1,1,0,1,0,0.35185185185185186,230.67884488976875,1
33,1,1,0,0,0,0,0,0,0,1,0,1,0,0,0,1,1,1,1,1,0,1,1,0,1,1,0,0,1,0,1,1,1,1,0,0,0,0,1,0,1,0,1,1,0,1,0,0,0,1,1,0,1,0,0.3888888888888889,260.2422176737567,1
34,1,0,0,1,0,0,0,0,0,1,1,1,0,0,0,1,1,1,1,1,0,1,1,0,1,0,0,0,0,0,0,1,1,1,0,1,1,1,0,0,1,0,1,1,0,1,0,0,0,1,1,0,1,0,0.3148148148148148,262.77787666817323,1
35,1,0,0,0,0,0,0,1,0,1,0,1,0,0,0,1,1,1,0,1,0,1,1,0,1,0,0,0,0,0,1,1,1,1,0,1,0,0,1,0,1,0,1,1,0,1,0,0,0,1,1,0,1,0,0.3333333333333333,356.5339836954996,1
36,1,0,0,0,0,0,0,0,0,1,0,1,0,0,0,1,1,1,0,1,1,1,1,0,0,1,0,0,0,0,1,1,1,1,1,1,0,1,1,0,0,0,1,1,0,0,0,0,0,1,1,0,1,0,0.37037037037037035,350.3554657504415,1
37,0,1,0,0,0,0,0,0,0,1,0,1,0,0,0,1,1,1,1,1,0,1,1,0,1,1,0,0,0,0,1,1,1,1,0,1,1,1,1,0,0,0,1,1,0,0,0,1,0,1,1,0,1,0,0.2962962962962963,443.7030839769277,1
38,1,1,0,0,0,0,0,0,0,0,0,1,0,0,0,1,1,1,0,1,0,1,1,0,1,1,0,0,0,0,1,1,1,1,0,1,0,1,0,0,1,0,1,1,0,0,0,0,0,1,1,0,1,0,0.3333333333333333,272.30735690131536,1
39,0,0,1,0,1,1,1,1,1,0,1,0,1,1,1,0,0,0,0,0,1,0,0,1,0,0,1,1,0,1,0,0,0,0,0,0,0,1,0,1,1,1,0,0,1,1,1,0,1,0,0,1,0,1,0.42592592592592593,557.2536031567769,1
40,0,0,1,1,1,1,1,0,1,0,1,0,1,1,1,0,0,0,0,0,1,0,0,1,0,0,1,1,1,1,0,0,0,0,0,0,1,1,0,1,1,1,0,0,1,1,1,0,1,0,0,1,0,1,0.4074074074074074,471.1377473892244,1
41,1,1,0,0,0,0,0,0,0,1,0,1,0,0,0,1,1,1,0,1,0,1,1,0,1,1,0,0,0,0,1,1,1,1,0,1,0,1,0,0,0,0,1,1,0,1,0,1,0,1,1,0,1,0,0.3888888888888889,318.08037333310557,1
42,1,1,0,0,0,0,0,0,0,1,0,1,0,0,0,1,1,1,1,1,1,1,1,0,1,1,0,0,0,0,1,1,1,1,1,1,0,1,0,0,0,0,1,1,0,1,0,0,0,1,1,0,1,0,0.3333333333333333,258.80212817566354,1
43,1,1,0,1,0,0,0,0,0,1,0,1,0,0,0,1,1,1,1,1,0,1,1,0,1,1,0,0,0,0,1,1,1,1,0,1,0,1,0,0,1,0,1,1,0,1,0,0,0,1,1,0,1,0,0.3888888888888889,255.55556241862683,1
44,1,1,0,0,0,0,0,0,0,1,0,1,0,0,0,1,1,1,1,1,0,1,1,0,1,1,0,0,1,0,0,1,1,1,1,1,0,1,0,0,0,0,1,1,0,0,0,0,0,1,1,0,1,0,0.35185185185185186,261.2555164689348,1
45,1,1,0,0,0,0,0,0,0,1,0,1,0,0,0,1,1,1,1,1,0,1,1,0,0,1,0,0,0,0,1,1,1,1,0,1,1,1,1,0,0,0,1,1,0,0,0,1,0,1,1,0,1,0,0.3148148148148148,438.42299628099596,1
46,1,0,0,1,0,0,0,0,0,1,0,1,0,0,0,1,1,1,0,1,0,1,1,0,0,0,0,0,0,0,1,1,1,0,1,1,1,1,0,0,0,0,1,1,0,0,0,0,0,1,1,0,1,0,0.35185185185185186,305.31688342764653,1
47,1,0,0,0,0,0,0,0,0,1,0,1,0,0,0,1,1,1,1,1,0,1,1,0,0,0,0,0,0,0,1,1,1,1,0,0,0,1,0,0,1,0,1,1,0,0,0,0,0,1,1,0,1,0,0.35185185185185186,209.65543312126334,1
48,1,1,0,0,0,0,0,0,0,1,0,1,0,0,0,1,1,1,1,1,0,1,1,0,1,0,0,0,0,0,0,1,1,0,0,1,0,1,1,0,1,0,1,1,0,0,0,1,0,1,1,0,1,0,0.35185185185185186,427.2127411858057,1
49,1,0,0,0,0,0,0,0,0,1,0,1,0,0,0,1,1,1,1,1,0,1,1,0,1,0,0,0,0,0,1,1,1,1,0,0,1,1,1,0,0,0,1,1,0,1,0,1,0,1,1,0,1,0,0.3148148148148148,399.43481953801506,1
50,1,1,0,1,0,0,0,0,0,1,0,1,0,0,0,1,1,1,1,1,0,1,1,0,0,0,0,0,0,0,0,1,1,1,0,1,1,0,1,0,0,0,1,1,0,0,0,0,0,0,1,0,1,0,0.2962962962962963,230.41184726168626,1
51,1,1,0,1,0,0,0,0,0,1,0,1,0,0,0,1,1,1,1,1,0,1,1,0,1,0,0,0,0,0,0,1,1,0,0,1,0,1,0,0,1,0,1,1,0,1,0,1,0,0,1,0,1,0,0.3333333333333333,261.3168184001597,1
52,1,0,0,0,0,0,0,0,0,1,0,1,0,0,0,1,1,1,1,1,0,1,1,0,1,1,0,0,0,0,1,0,1,1,1,0,1,1,0,0,1,0,0,1,0,1,0,0,0,0,1,0,1,0,0.3333333333333333,178.729328773384,1
53,1,0,0,0,0,0,0,0,0,1,0,1,0,0,0,1,1,1,1,1,0,1,1,0,0,1,0,0,0,0,1,1,1,1,0,1,0,1,0,0,0,0,1,1,0,0,0,0,0,1,1,0,1,0,0.4074074074074074,240.28573544519384,1
54,0,0,1,0,1,1,1,1,1,0,1,1,1,1,1,0,0,0,0,0,1,0,0,1,0,0,0,0,0,1,0,0,0,1,0,0,1,1,0,1,1,1,0,0,1,1,1,0,1,0,0,1,0,1,0.3148148148148148,496.26279861832427,1
55,0,0,1,0,1,1,1,1,1,0,1,0,1,0,1,0,0,0,0,0,0,0,1,1,0,1,1,1,0,1,0,0,0,0,0,0,1,1,1,1,0,1,0,0,1,0,1,0,1,0,0,1,0,1,0.37037037037037035,463.5562505523835,1
56,1,1,0,0,0,0,0,0,0,1,0,1,0,0,0,1,1,1,1,1,0,1,1,0,1,1,0,0,0,0,1,1,1,1,0,1,0,1,0,0,1,0,1,1,0,1,0,0,0,1,1,0,1,0,0.4074074074074074,261.32685180422527,1
57,0,0,1,0,1,1,1,1,1,0,1,1,1,1,1,0,0,0,0,0,1,0,0,1,0,0,0,1,0,1,1,0,0,0,0,0,1,1,0,1,1,1,0,0,1,1,1,0,1,0,0,1,0,1,0.3333333333333333,484.3205986644565,1
58,1,0,1,0,1,1,1,1,1,0,1,0,1,1,1,0,0,0,0,0,1,0,0,1,0,0,1,1,1,1,0,0,0,0,0,0,1,1,0,1,0,1,0,0,1,0,1,0,1,0,0,1,0,1,0.35185185185185186,584.270743334926,1
59,1,0,0,0,0,0,0,0,0,1,0,1,0,0,0,1,1,1,1,1,0,1,1,0,0,1,0,0,0,0,1,1,1,0,1,1,0,1,0,0,1,0,1,1,0,0,0,1,0,1,1,0,1,0,0.37037037037037035,417.13324697507113,1
60,0,0,1,0,1,1,1,1,1,0,1,0,1,1,1,0,0,0,0,0,0,0,0,1,0,0,1,0,0,1,0,0,0,0,0,0,1,1,1,1,0,1,0,0,1,0,1,0,1,0,0,1,0,1,0.4074074074074074,433.0234534015815,1
61,1,0,0,0,0,0,0,0,0,1,0,1,0,0,0,1,1,1,1,1,0,1,1,0,1,1,0,0,0,0,0,1,1,1,1,1,1,1,0,0,0,0,0,1,0,1,0,0,0,1,1,0,1,0,0.35185185185185186,258.49134240354033,1
62,1,0,0,0,0,0,0,0,0,1,1,1,0,0,0,1,1,1,0,1,1,1,1,0,0,1,0,0,0,0,1,1,1,1,0,1,1,1,0,0,1,0,1,1,0,1,0,0,0,1,1,0,1,0,0.3148148148148148,271.6423458605958,1
63,0,0,1,1,1,1,1,1,1,0,1,0,1,1,1,0,0,0,0,0,0,0,0,1,0,0,1,1,1,1,0,0,0,0,1,0,1,1,0,1,1,1,0,0,1,0,1,0,1,0,0,1,0,1,0.4444444444444444,456.8422394258888,1
64,1,1,0,0,0,0,0,0,0,1,0,1,0,0,0,1,1,1,1,1,0,1,1,0,1,0,0,1,0,0,1,1,1,1,0,1,0,1,0,0,1,0,1,1,0,0,0,0,0,0,1,0,1,0,0.42592592592592593,234.61658237386047,1
65,0,1,1,1,1,1,1,1,1,0,1,1,1,1,1,0,0,0,0,0,1,0,0,1,0,0,1,1,1,1,0,0,0,0,0,0,1,1,0,1,1,1,0,0,1,1,1,0,1,0,0,1,0,1,0.3888888888888889,735.692676531223,1
66,0,0,1,0,1,1,1,1,1,0,1,0,1,1,1,0,0,0,0,0,1,0,0,1,0,0,0,1,1,1,0,0,0,0,0,0,1,1,0,1,1,1,0,0,1,1,1,0,1,0,0,1,0,1,0.4074074074074074,409.29926222088136,1
67,1,0,0,1,0,0,0,1,0,1,0,1,0,0,0,1,1,1,0,1,0,1,1,0,1,1,0,0,0,0,1,1,1,1,0,0,0,0,0,0,1,0,1,1,0,1,0,0,1,1,1,0,1,0,0.3333333333333333,214.68560440060799,1
68,0,0,0,0,0,0,0,0,0,1,0,1,0,0,0,1,1,1,1,1,0,1,1,0,1,0,0,0,0,0,1,0,1,1,0,0,1,1,0,0,0,0,1,1,0,1,0,0,0,0,1,0,1,0,0.25925925925925924,156.30741466689472,1
69,1,1,0,1,0,0,0,0,0,1,0,1,0,0,0,1,1,1,1,1,0,1,1,0,1,0,0,0,0,0,1,1,1,1,0,1,0,1,0,0,1,0,1,1,0,1,0,1,0,1,1,0,1,0,0.3888888888888889,361.34555488186663,1
70,0,0,1,0,1,1,1,1,1,0,1,0,1,1,1,0,0,0,0,0,1,0,1,1,0,0,1,0,1,1,0,0,0,0,0,0,1,1,1,1,1,1,0,0,1,0,1,0,1,0,0,1,0,1,0.4074074074074074,505.14696994586734,1
71,0,0,1,0,1,1,1,1,1,0,1,0,1,0,1,0,0,0,1,0,1,0,0,1,0,1,1,1,1,1,0,0,0,1,0,0,0,1,1,1,0,1,0,0,1,0,1,0,1,0,0,1,0,1,0.37037037037037035,478.77701933684455,1
72,1,0,0,0,0,1,0,0,0,1,0,1,0,0,0,1,1,1,0,1,0,1,1,0,0,1,0,0,0,0,0,1,1,1,0,1,0,1,0,0,0,0,1,1,0,1,0,1,0,1,1,0,1,0,0.3148148148148148,303.7090527986575,1
73,1,1,0,1,0,0,0,0,0,1,0,1,0,0,0,1,1,1,1,1,0,1,1,0,1,1,0,1,0,0,1,1,1,0,0,1,0,1,0,0,1,0,1,1,0,1,0,1,0,1,1,0,1,0,0.35185185185185186,333.0635468968626,1
74,1,1,0,0,0,0,0,0,0,1,0,1,0,1,0,1,1,1,1,1,0,1,1,0,0,0,0,0,0,0,0,0,1,1,0,1,1,1,0,0,0,0,1,1,0,1,0,0,0,1,1,0,1,0,0.2222222222222222,200.46736866304747,1
75,1,1,0,0,0,0,0,0,0,1,0,1,0,1,0,1,1,1,0,1,0,1,1,0,1,1,0,0,1,0,1,1,1,1,0,1,1,0,1,0,0,0,1,1,0,0,0,1,0,1,1,0,1,0,0.3333333333333333,397.1427875067852,1
76,1,0,0,0,0,0,0,0,0,1,1,1,0,0,0,1,1,1,0,1,0,1,1,0,1,1,0,0,0,0,0,1,1,1,1,1,1,1,0,0,0,0,1,1,0,0,0,1,0,1,1,0,1,0,0.37037037037037035,342.83296702120793,1
77,1,0,0,0,0,0,0,0,0,1,0,1,0,0,0,1,1,1,1,1,0,1,1,0,0,1,0,0,0,0,0,1,1,0,0,1,0,0,1,0,0,0,0,1,0,0,0,1,0,1,1,0,1,0,0.2962962962962963,308.12471676468334,1
78,1,0,0,1,0,0,0,0,0,1,0,1,0,0,0,1,1,1,0,1,0,1,1,0,1,1,0,0,0,0,1,0,1,0,0,1,1,1,0,0,0,0,0,1,0,1,0,1,0,1,1,0,1,0,0.2962962962962963,260.9275211103609,1
79,1,1,0,0,0,0,0,0,0,1,0,1,0,0,0,1,1,1,0,1,0,1,1,0,0,1,0,0,0,0,0,1,1,0,0,1,1,1,0,0,1,0,1,1,0,1,0,1,0,1,1,0,1,0,0.3148148148148148,360.0620269049828,1
80,1,0,0,0,0,0,0,0,0,1,0,1,0,0,0,1,1,1,0,1,0,1,1,0,1,0,0,0,0,0,1,1,1,0,0,1,1,0,0,0,0,0,1,1,0,1,0,1,0,1,1,0,1,0,0.37037037037037035,332.67388901428035,1
81,1,0,1,1,1,1,1,1,1,0,1,0,1,1,1,0,0,0,0,0,0,0,0,1,0,0,0,1,0,1,0,0,0,0,0,0,1,1,0,1,0,1,0,0,1,1,1,0,1,0,0,1,0,1,0.3333333333333333,416.9924279685491,1
82,1,1,0,0,0,0,0,0,0,1,0,1,0,0,0,1,1,1,1,1,0,1,1,0,0,0,0,0,0,0,1,1,1,0,1,1,0,1,1,0,0,0,0,1,0,0,0,1,0,0,1,0,1,0,0.3148148148148148,379.5726855927392,1
83,1,0,0,0,0,0,0,0,0,1,0,1,0,0,0,1,1,1,0,1,1,1,1,0,1,0,0,0,0,0,1,1,1,1,1,1,0,1,0,0,1,0,1,1,0,1,0,1,0,1,1,0,1,0,0.42592592592592593,427.71853293287626,1
84,0,0,1,0,1,0,1,1,1,0,1,0,1,1,1,0,0,0,0,0,0,0,0,1,0,0,0,1,1,1,0,0,0,0,0,0,0,1,0,1,1,1,0,0,1,0,1,0,1,0,0,1,0,1,0.35185185185185186,375.5629243097916,1
85,0,0,1,1,1,1,1,1,1,0,1,0,1,1,1,0,0,0,1,0,1,0,1,1,0,0,1,1,1,1,0,0,0,0,0,0,1,1,1,1,0,1,0,0,1,1,1,0,1,0,0,1,0,1,0.37037037037037035,544.4248968646035,1
86,1,0,0,0,0,0,0,0,0,1,0,1,0,0,0,1,1,1,1,1,0,1,1,0,1,0,0,0,0,0,0,0,1,1,0,1,1,1,0,0,1,0,1,1,0,1,0,0,0,0,1,0,1,0,0.2962962962962963,209.46838857649675,1
87,1,0,0,0,0,0,0,0,0,1,0,1,0,0,0,1,1,1,1,1,0,1,1,0,0,0,0,0,0,0,0,1,1,1,1,0,0,1,0,0,0,0,1,1,0,1,0,1,0,1,1,0,1,0,0.37037037037037035,284.8582150045703,1
88,0,0,1,1,1,1,1,1,1,0,1,1,1,1,1,0,0,0,0,0,1,0,0,1,0,0,0,0,1,1,0,0,0,1,0,0,1,1,0,1,1,1,0,0,1,1,1,0,1,0,0,0,0,1,0.37037037037037035,512.6241051821979,1
89,1,0,0,0,0,0,0,0,0,1,0,1,0,0,0,1,1,1,0,1,0,1,1,0,1,1,0,0,0,0,0,1,1,1,0,0,1,1,0,0,1,0,1,1,0,1,0,0,0,1,1,0,1,0,0.3888888888888889,214.2633468124571,1
90,0,0,1,0,1,1,1,1,1,0,1,1,1,0,1,0,0,0,0,0,1,0,0,1,0,0,0,0,1,1,1,0,0,0,1,0,0,1,0,1,1,1,0,0,1,0,1,0,1,0,0,1,0,1,0.2962962962962963,422.03467187768877,1
91,1,1,0,0,0,0,0,0,0,1,0,1,0,1,0,1,1,1,1,1,0,1,1,0,0,1,0,0,0,0,1,1,1,0,0,1,1,1,0,0,1,0,1,1,0,0,0,1,0,1,1,0,1,0,0.2777777777777778,310.4604713673372,1
92,0,0,1,0,1,1,1,1,1,0,1,1,1,1,1,0,0,0,0,0,1,0,1,1,0,0,1,0,1,1,0,0,0,1,0,0,0,1,0,1,1,1,0,0,1,1,1,0,1,0,0,1,0,1,0.2962962962962963,713.0551531739852,1
93,0,1,1,0,1,1,1,1,1,0,1,0,1,0,1,0,0,0,0,0,1,0,0,1,0,0,0,1,1,1,1,0,0,0,0,0,0,1,0,1,1,1,0,0,1,1,1,0,1,0,0,1,0,1,0.3888888888888889,418.3188416540314,1
94,1,0,0,0,0,0,0,0,0,1,0,1,0,0,0,1,1,1,1,1,1,1,1,0,0,1,0,0,0,0,0,1,1,1,0,0,1,0,1,0,0,0,1,1,0,1,0,1,0,0,1,0,1,0,0.2962962962962963,231.1629493505552,1
95,0,0,1,0,1,1,1,1,1,0,1,1,1,1,1,0,0,0,0,0,0,0,0,1,0,0,0,1,1,1,0,0,0,0,0,0,1,1,0,1,1,1,0,0,1,1,1,0,1,0,0,1,0,1,0.3333333333333333,425.27276245888834,1
96,0,0,1,0,1,1,1,0,1,0,1,1,1,1,1,0,0,0,1,0,1,0,0,1,0,0,0,1,1,1,0,0,0,0,1,0,1,1,0,1,0,1,0,0,1,0,1,0,0,0,0,1,0,1,0.3148148148148148,450.5263441391809,1
97,1,1,0,0,0,0,0,0,0,1,0,1,0,0,0,1,1,1,1,1,0,1,1,0,0,1,0,0,1,0,1,1,1,0,0,1,0,1,0,0,0,0,1,1,0,0,0,1,0,1,1,0,1,0,0.3333333333333333,314.03252187119904,1
98,1,0,1,0,1,1,1,1,1,0,1,0,1,1,1,0,0,0,0,0,1,0,0,1,0,0,0,1,1,1,0,0,0,1,0,0,1,1,0,0,1,1,0,0,1,0,1,0,1,0,0,1,0,1,0.37037037037037035,426.9284484621322,1
99,0,1,0,1,0,0,0,0,0,1,0,1,0,0,0,1,1,1,0,1,0,1,1,0,0,0,0,0,0,0,1,0,1,1,0,0,0,0,0,0,0,0,1,1,0,1,0,0,0,1,1,0,1,0,0.2777777777777778,166.42980051800936,1
