,0,1,2,3,4,5,6,7,8,9,10,11,12,13,14,15,16,17,18,19,20,21,22,23,24,25,26,27,28,29,30,31,32,33,34,35,chain_break_fraction,energy,num_occurrences
0,0,0,0,1,1,0,1,1,1,0,0,0,0,0,1,0,1,0,0,1,0,1,0,0,1,1,1,1,1,0,1,1,1,0,0,1,0.3055555555555556,37.36761901575639,1
1,0,0,0,1,1,0,1,1,1,0,0,0,0,0,1,0,1,0,0,1,0,1,0,0,1,1,1,1,1,0,1,1,1,0,1,1,0.3333333333333333,43.51703593579087,1
2,0,0,0,1,1,0,1,1,1,0,0,0,0,0,1,0,1,0,0,1,0,1,0,0,1,1,1,1,1,0,1,1,1,0,0,1,0.3611111111111111,37.36761901575639,1
3,0,0,0,1,1,0,1,1,1,0,0,0,0,0,1,0,1,0,0,1,0,1,0,0,1,1,1,1,1,0,1,1,1,0,0,1,0.3611111111111111,37.36761901575639,1
4,0,0,0,1,1,0,1,0,1,0,0,0,0,0,1,0,1,0,0,1,0,1,0,0,1,1,1,1,1,0,1,1,1,0,0,1,0.3611111111111111,44.407741966450374,1
5,0,0,0,1,1,0,1,1,1,0,0,0,0,0,1,0,1,0,0,1,0,1,0,0,1,1,1,1,1,0,1,1,1,0,0,1,0.3333333333333333,37.36761901575639,1
6,0,0,0,1,1,0,1,1,1,0,0,0,0,0,1,0,1,0,0,1,0,1,0,0,1,1,1,1,1,0,1,1,1,0,0,1,0.3333333333333333,37.36761901575639,1
7,0,0,0,1,1,0,1,1,1,0,0,0,0,0,1,0,1,0,0,1,0,1,0,0,1,1,1,1,1,0,1,1,1,0,0,1,0.3333333333333333,37.36761901575639,1
8,0,1,0,1,1,0,1,1,1,0,0,0,0,0,1,0,1,0,0,1,0,1,0,0,1,1,1,1,1,0,1,1,1,0,1,1,0.3333333333333333,32.35593233750254,1
9,0,0,0,1,1,0,1,1,0,0,0,0,0,0,1,0,1,0,0,1,0,1,0,0,1,1,1,1,1,0,1,1,1,0,1,1,0.3611111111111111,49.476486380466824,1
10,0,0,0,1,1,0,1,1,1,0,0,0,0,0,1,0,1,0,0,1,0,1,0,0,1,1,1,1,1,0,1,1,1,0,1,1,0.3333333333333333,43.51703593579087,1
11,0,0,0,1,1,0,1,1,1,0,0,0,0,0,1,0,1,0,0,1,0,1,0,1,1,1,1,1,1,0,1,1,1,0,0,1,0.3055555555555556,51.12886487749654,1
12,0,0,0,1,1,0,1,1,1,0,0,0,0,0,1,0,1,0,0,1,0,1,0,0,1,1,1,1,1,0,1,1,1,0,0,1,0.3611111111111111,37.36761901575639,1
13,0,0,0,0,1,0,1,1,1,0,0,0,0,0,1,0,1,0,0,1,0,1,0,0,1,1,1,1,1,0,1,1,1,0,0,1,0.3055555555555556,46.561022854403916,1
14,0,0,0,1,1,0,1,0,1,0,0,0,0,0,1,0,1,0,0,1,0,1,0,0,1,1,1,1,1,0,1,1,1,0,1,1,0.3888888888888889,51.5716216505956,1
15,0,0,0,1,1,0,1,1,1,0,0,0,0,0,1,0,1,0,0,1,0,1,0,0,1,1,1,1,1,0,0,1,1,0,0,1,0.3055555555555556,30.744054214448987,1
16,0,0,0,1,1,0,1,1,1,0,0,0,0,0,1,0,1,0,0,1,0,1,0,0,1,1,1,1,1,0,1,1,1,0,1,1,0.3333333333333333,43.51703593579087,1
17,0,1,0,1,1,0,1,1,0,0,0,0,0,0,1,0,1,0,0,1,0,1,0,0,1,1,1,1,1,0,1,1,1,0,0,1,0.3333333333333333,31.651979092801508,1
18,1,0,1,1,0,1,0,0,0,1,1,1,1,1,0,1,0,1,1,0,1,0,1,0,0,0,0,0,0,1,0,0,0,1,0,0,0.3611111111111111,53.67226519214685,1
19,0,0,1,1,0,1,0,0,0,1,1,1,1,1,0,1,0,1,1,0,1,0,1,0,0,0,0,0,0,0,0,0,0,1,1,0,0.3055555555555556,47.30320305388474,1
20,1,0,1,1,0,1,0,0,0,1,1,1,1,1,0,1,0,1,1,0,1,0,1,0,0,0,0,0,0,0,0,0,0,1,1,0,0.3333333333333333,55.5363696091867,1
21,0,0,0,1,1,0,1,0,1,0,0,0,0,0,1,0,1,0,0,1,0,1,0,0,1,1,1,1,1,0,1,1,1,0,0,1,0.3611111111111111,44.407741966450374,1
22,0,0,0,1,1,0,1,1,1,0,0,0,0,0,1,0,1,0,0,1,0,1,0,1,1,1,1,1,1,0,1,1,1,0,0,1,0.3888888888888889,51.12886487749654,1
23,0,0,1,1,1,0,1,0,1,0,0,0,0,0,1,0,1,0,0,1,0,1,0,0,1,1,1,1,1,0,1,1,1,0,0,1,0.3611111111111111,39.8020147511081,1
24,0,0,0,1,1,0,1,1,1,0,0,0,0,0,1,0,1,0,0,1,0,1,0,0,1,1,1,1,1,0,1,1,1,0,1,1,0.3611111111111111,43.51703593579087,1
25,0,0,0,1,1,0,1,1,1,0,0,0,0,0,1,0,1,0,0,1,0,1,0,0,1,1,1,1,1,0,1,1,1,0,1,1,0.3333333333333333,43.51703593579087,1
26,1,0,0,1,1,0,1,1,1,0,0,0,0,1,1,0,1,0,0,1,0,1,0,0,1,1,1,1,1,0,1,1,1,0,0,1,0.3055555555555556,26.179262830654896,1
27,0,0,0,0,1,0,1,1,1,0,0,0,0,0,1,0,1,0,0,1,0,1,0,0,1,1,1,1,1,0,1,1,1,0,0,1,0.2777777777777778,46.561022854403916,1
28,1,0,1,1,0,1,0,0,0,1,1,1,1,0,0,1,0,1,1,0,1,0,1,0,0,0,0,0,0,0,0,0,0,1,1,0,0.3333333333333333,40.95160929351774,1
29,1,0,1,1,0,1,0,0,0,1,1,1,1,1,0,1,0,1,1,0,1,0,1,0,0,0,0,0,0,1,0,0,0,1,0,0,0.3055555555555556,53.67226519214685,1
30,0,0,0,1,1,0,1,1,0,0,0,0,0,0,1,0,1,0,0,1,0,1,0,0,1,1,1,1,1,0,1,1,1,0,0,1,0.3888888888888889,42.82687649899245,1
31,0,0,0,1,0,1,0,0,0,1,1,1,1,1,0,1,0,1,1,0,1,0,1,0,0,0,0,0,0,0,0,0,0,1,1,0,0.2777777777777778,40.25181236066704,1
32,0,0,1,1,0,1,0,0,0,1,1,1,1,0,0,1,0,1,1,0,1,0,1,0,0,0,0,0,0,0,0,0,0,1,0,0,0.3055555555555556,38.31764057402623,1
33,0,0,0,0,1,0,1,1,1,0,0,0,0,0,1,0,1,0,0,1,0,1,0,1,1,1,1,1,1,0,1,1,1,0,1,1,0.3611111111111111,71.22374099925919,1
34,1,0,0,1,1,0,1,0,1,0,0,0,0,0,1,0,1,0,0,1,0,1,0,0,1,1,1,1,1,0,1,1,1,0,0,1,0.3611111111111111,37.32906948238791,1
35,0,0,0,0,1,0,1,1,1,0,0,0,0,0,1,0,1,0,0,1,0,1,0,0,1,1,1,1,1,0,1,1,1,0,0,1,0.3611111111111111,46.561022854403916,1
36,1,1,1,1,0,1,0,0,0,1,1,1,1,1,0,1,0,1,1,0,1,0,1,0,0,0,0,0,0,1,0,0,0,1,1,0,0.3611111111111111,66.85013967498782,1
37,0,0,1,1,0,1,0,0,0,1,1,1,1,1,0,1,0,1,1,0,1,0,1,0,0,0,0,0,0,0,0,0,0,1,1,0,0.3333333333333333,47.30320305388474,1
38,0,0,0,1,1,0,1,0,1,0,0,0,0,0,1,0,1,0,0,1,0,1,0,0,1,1,1,1,1,0,0,1,1,0,0,1,0.3611111111111111,36.784176433277736,1
39,1,0,0,1,1,0,0,1,1,0,0,1,0,0,1,0,1,0,0,1,0,1,0,0,1,1,1,1,1,0,1,1,1,0,0,1,0.3333333333333333,25.151663129428943,1
40,1,0,1,1,0,1,0,0,0,1,1,1,1,1,0,1,0,1,1,0,1,0,1,0,0,0,0,0,0,0,0,0,0,1,1,0,0.3888888888888889,55.5363696091867,1
41,0,0,0,1,1,0,1,1,1,0,0,0,0,0,1,0,1,0,0,1,1,1,0,0,1,1,1,1,1,0,0,1,1,0,0,1,0.3611111111111111,36.39138998137601,1
42,0,0,0,1,1,0,1,1,1,0,0,0,0,0,1,0,1,0,0,1,0,1,0,0,1,1,1,1,1,0,1,1,1,0,1,1,0.4444444444444444,43.51703593579087,1
43,0,0,1,1,0,1,0,0,1,1,1,1,1,1,0,1,0,1,1,0,1,0,1,0,0,0,0,0,0,0,0,0,0,1,1,0,0.3333333333333333,53.85445340125694,1
44,0,0,1,1,0,1,0,0,0,1,1,1,1,1,0,1,0,1,1,0,1,0,1,0,0,0,0,0,0,0,1,0,0,1,1,0,0.2777777777777778,39.94083472575198,1
45,0,0,0,0,1,0,1,1,1,0,0,0,0,1,0,0,1,0,0,1,0,1,0,0,1,1,1,1,1,0,1,1,1,0,0,1,0.3055555555555556,43.500345934165196,1
46,1,0,1,1,0,1,0,0,0,1,1,1,1,1,0,1,0,1,1,0,1,0,1,0,0,0,0,0,0,0,0,0,0,1,1,0,0.3611111111111111,55.5363696091867,1
47,0,0,0,1,0,1,0,0,0,1,1,1,1,1,0,1,0,1,1,0,1,0,1,0,0,0,0,0,0,0,0,0,0,1,1,0,0.3055555555555556,40.25181236066704,1
48,0,0,0,1,1,0,1,1,1,0,0,0,0,0,1,0,1,0,0,1,0,1,0,1,1,1,1,1,1,0,1,1,1,0,1,1,0.3888888888888889,58.64440473624373,1
49,0,0,0,1,0,0,1,1,1,0,0,0,0,0,1,0,1,0,0,1,0,1,0,1,1,1,1,1,1,0,1,1,1,0,1,1,0.3888888888888889,64.91249522214451,1
50,0,0,1,1,0,1,0,0,0,1,1,1,1,1,0,1,0,1,1,0,1,0,1,0,0,0,0,0,0,0,0,0,0,1,1,0,0.3611111111111111,47.30320305388474,1
51,1,0,0,1,0,1,0,0,1,1,1,1,1,1,0,1,0,1,1,0,1,0,1,0,0,0,0,0,0,0,0,0,0,1,1,0,0.3333333333333333,54.5449991070353,1
52,1,0,1,1,0,1,0,0,1,1,1,1,1,1,0,1,0,1,1,0,1,0,1,0,0,0,0,0,0,1,0,0,0,1,1,0,0.3611111111111111,54.55070847205003,1
53,0,0,1,1,0,1,0,0,0,1,1,1,1,1,0,1,0,1,1,0,1,0,1,1,0,0,0,0,0,0,0,0,0,1,1,0,0.3611111111111111,41.31132748778016,1
54,0,1,0,1,1,0,1,1,1,0,0,0,0,0,1,0,1,0,0,1,0,1,0,1,1,1,1,1,1,0,0,1,1,0,0,1,0.3611111111111111,32.83159471224643,1
55,0,0,1,1,0,1,0,0,0,1,1,1,1,1,0,1,0,1,1,0,1,0,1,0,0,0,0,0,0,0,0,0,0,1,1,0,0.3333333333333333,47.30320305388474,1
56,0,0,0,1,1,0,1,1,1,0,0,0,0,0,1,0,1,0,1,1,0,1,0,0,1,1,1,1,1,0,1,1,1,0,1,1,0.4166666666666667,49.156285952996996,1
57,0,0,1,1,0,1,0,0,0,1,1,1,1,1,0,1,0,1,1,0,1,0,1,1,0,0,0,0,0,0,0,0,0,1,1,0,0.3055555555555556,41.31132748778016,1
58,1,0,0,0,1,0,1,1,1,0,0,0,0,0,1,0,1,0,0,1,0,1,0,0,1,1,1,1,1,0,1,1,1,0,1,1,0.3333333333333333,46.4078501458352,1
59,1,0,1,1,0,1,0,0,0,1,1,1,1,1,0,1,0,1,1,0,1,0,1,0,0,0,0,0,0,0,0,0,0,1,1,0,0.3055555555555556,55.5363696091867,1
60,1,0,1,1,0,1,0,0,0,1,1,1,1,1,0,1,0,1,1,0,1,0,1,0,0,0,0,0,0,0,0,0,0,1,0,0,0.3888888888888889,62.08382618986353,1
61,1,0,1,1,0,1,0,0,0,1,1,1,1,1,0,1,0,1,1,0,1,0,1,0,0,0,0,0,0,0,0,0,0,1,0,0,0.3888888888888889,62.08382618986353,1
62,1,0,1,1,0,1,0,0,1,1,1,1,1,1,0,1,0,1,1,0,1,0,1,1,0,0,0,0,0,1,0,0,0,1,1,0,0.3333333333333333,50.50502070816619,1
63,1,0,1,1,0,1,0,0,0,1,1,1,1,1,0,1,0,1,1,0,1,0,1,0,0,0,0,0,0,1,0,0,0,1,1,0,0.3888888888888889,48.490931550182694,1
64,0,0,0,1,1,0,1,1,1,0,0,0,1,0,1,0,1,0,0,1,0,1,0,1,1,1,1,1,1,0,1,1,1,0,1,1,0.3611111111111111,52.7518824256839,1
65,0,0,0,1,1,0,1,1,1,0,0,0,0,0,1,0,1,0,0,1,0,1,0,1,1,1,1,1,1,0,1,1,1,0,0,1,0.3333333333333333,51.12886487749654,1
66,0,0,1,1,0,1,0,1,0,1,1,1,1,1,0,1,0,1,1,0,1,0,1,1,0,0,0,0,0,0,0,0,0,1,1,0,0.2777777777777778,52.33611090689669,1
67,0,0,0,1,1,0,1,1,1,0,0,0,0,0,1,0,1,0,0,1,0,1,0,0,1,1,0,1,1,0,0,1,1,0,0,1,0.3333333333333333,24.535202412801453,1
68,1,1,0,1,1,0,1,0,1,0,0,0,0,0,1,0,1,0,0,1,0,1,0,0,1,1,1,1,1,1,0,1,1,0,0,1,0.3611111111111111,33.54517869403023,1
69,1,0,1,1,0,1,0,0,0,1,1,1,1,1,0,1,0,1,1,0,1,0,1,0,0,0,0,0,0,1,0,0,0,1,0,0,0.3611111111111111,53.67226519214685,1
70,0,0,0,1,1,0,1,1,0,0,0,0,0,0,1,0,1,0,0,1,0,1,0,0,1,1,1,1,1,0,1,1,1,0,1,1,0.3888888888888889,49.476486380466824,1
71,1,0,1,1,0,1,0,0,0,1,1,1,1,1,0,1,0,1,1,0,1,0,1,0,0,0,0,0,0,1,1,0,0,1,1,0,0.3888888888888889,41.34332042334282,1
72,0,0,0,0,1,0,1,0,1,0,0,0,0,0,1,0,1,0,0,1,0,1,0,0,1,1,1,1,1,0,1,1,1,0,0,1,0.3611111111111111,55.61919639713493,1
73,0,0,0,0,1,0,1,0,1,0,0,0,0,0,1,0,1,0,0,1,0,1,0,0,1,1,1,1,1,0,0,1,1,0,0,1,0.3611111111111111,46.995623525223095,1
74,0,1,0,1,1,0,1,1,1,0,0,0,0,0,1,0,1,0,1,1,0,1,0,0,1,1,1,1,1,0,0,1,1,0,0,1,0.3611111111111111,24.769067003762316,1
75,0,0,1,1,0,1,0,0,0,1,1,1,1,0,0,1,0,1,1,0,1,0,1,0,0,0,0,0,0,0,0,0,0,1,1,0,0.3611111111111111,33.71850530461783,1
76,0,0,1,1,0,1,0,0,1,1,1,1,1,1,0,1,0,1,1,0,1,0,1,0,0,0,0,0,0,1,0,0,0,1,1,0,0.3888888888888889,46.86232813027253,1
77,0,0,0,0,1,0,1,1,1,0,0,0,0,0,1,0,1,0,0,1,0,1,0,0,1,1,1,1,1,0,1,1,1,0,0,1,0.3888888888888889,46.561022854403916,1
78,0,0,1,1,0,1,0,0,0,1,1,1,1,1,0,1,0,1,1,0,1,0,1,0,0,0,0,0,0,1,1,0,0,1,1,0,0.3333333333333333,34.96923803153031,1
79,0,0,0,0,1,0,1,1,1,0,0,0,1,0,1,0,1,0,0,1,0,1,0,0,1,1,0,1,1,0,1,1,1,0,1,1,0.3611111111111111,39.16101160203702,1
80,0,0,1,1,0,1,0,0,1,1,1,1,1,0,0,1,0,1,1,0,1,0,1,0,0,0,0,0,0,0,0,0,0,1,0,0,0.3055555555555556,44.369082734864996,1
81,0,0,1,1,0,1,0,0,0,1,1,1,1,1,0,1,0,1,1,0,1,0,1,0,0,0,0,0,0,1,1,0,0,1,1,0,0.3333333333333333,34.96923803153031,1
82,0,0,1,1,0,1,0,0,0,1,1,1,1,1,0,1,0,1,1,0,1,0,1,0,0,0,0,0,0,0,0,0,0,1,1,0,0.3333333333333333,47.30320305388474,1
83,0,0,0,0,1,1,1,1,1,0,0,0,0,0,1,0,1,0,0,1,0,1,0,0,1,1,1,1,1,0,0,1,1,0,1,1,0.3055555555555556,38.363304669301286,1
84,0,0,1,1,0,1,0,0,1,1,1,1,1,1,0,1,0,1,1,0,1,0,1,0,0,0,0,0,0,1,0,0,0,1,1,0,0.3888888888888889,46.86232813027253,1
85,0,0,0,1,1,0,1,1,0,0,0,0,0,0,1,0,1,0,0,1,0,1,0,0,1,1,1,1,1,0,0,1,1,0,0,1,0.3611111111111111,35.613143401258455,1
86,0,0,1,1,0,1,0,0,1,1,1,1,1,1,0,1,0,1,1,0,0,0,1,0,0,0,0,0,0,0,0,0,0,1,1,0,0.3888888888888889,60.40022356794994,1
87,0,0,1,0,0,1,0,0,0,1,1,1,1,0,0,1,0,1,1,0,1,0,0,0,0,0,0,0,0,0,0,0,0,1,0,0,0.2777777777777778,30.327888307497258,1
88,1,0,1,1,0,1,0,0,1,1,1,1,0,1,0,1,0,1,1,0,1,0,1,0,0,0,0,0,0,1,0,0,0,1,0,0,0.3611111111111111,52.831061554456454,1
89,0,0,0,0,1,0,1,1,1,0,0,0,0,0,1,0,1,0,0,1,0,1,0,0,1,1,1,1,1,0,1,1,1,0,1,1,0.3888888888888889,53.98841460709171,1
90,0,1,0,1,1,0,1,0,0,0,0,0,0,0,1,0,1,0,0,1,0,1,0,0,1,1,1,1,1,0,0,1,1,0,0,1,0.4166666666666667,31.08941750959211,1
91,0,0,0,0,1,0,1,1,1,0,0,0,1,0,1,0,1,0,0,1,0,1,0,0,1,1,1,1,1,0,0,1,1,0,0,1,0.3611111111111111,33.442390562653124,1
92,1,0,1,1,0,1,0,0,1,1,1,1,1,1,0,1,0,1,1,0,1,0,1,1,0,0,0,0,0,1,0,0,0,1,0,0,0.3611111111111111,54.820424372857566,1
93,1,0,0,0,1,0,1,1,1,0,0,0,0,0,1,0,1,0,0,1,0,1,0,0,1,1,1,1,1,0,1,1,1,0,1,1,0.3333333333333333,46.4078501458352,1
94,0,0,1,1,0,1,0,1,1,1,1,1,1,1,0,1,0,1,1,0,1,0,1,1,0,0,0,0,0,0,0,0,0,1,1,0,0.3333333333333333,58.88711762458874,1
95,1,0,0,0,1,0,1,0,1,0,0,0,0,0,1,0,1,0,1,1,0,1,0,0,1,1,1,1,1,0,1,1,1,0,0,1,0.3611111111111111,53.731908959691154,1
96,0,0,1,1,1,1,0,0,0,1,1,1,1,0,0,1,0,1,1,0,1,0,1,0,0,0,0,0,0,0,0,0,0,1,0,0,0.3611111111111111,44.91003186754389,1
97,0,0,1,1,0,1,0,0,0,1,1,1,1,1,0,1,0,1,0,0,1,0,1,0,0,0,0,0,0,1,1,0,0,1,1,0,0.3888888888888889,42.393228937609486,1
98,0,0,1,1,0,1,0,0,0,1,1,1,1,1,0,1,0,1,1,0,1,0,1,0,0,0,0,0,0,0,0,0,0,1,1,0,0.3611111111111111,47.30320305388474,1
99,1,0,1,1,0,1,0,0,1,1,1,1,1,1,0,1,0,1,1,0,1,0,1,0,0,0,0,0,0,1,0,0,0,1,1,0,0.4722222222222222,54.55070847205003,1
