,0,1,2,3,4,5,6,7,8,9,10,11,12,13,14,15,16,17,18,19,20,21,22,23,24,25,26,27,28,29,30,31,32,33,34,35,36,37,38,39,40,41,42,43,44,45,46,47,48,49,50,51,52,53,chain_break_fraction,energy,num_occurrences
0,0,0,1,1,1,1,0,1,1,1,0,1,1,0,0,0,0,0,0,1,0,1,1,0,0,0,0,0,1,0,1,1,0,1,0,0,0,1,1,0,0,0,1,0,0,0,1,1,0,1,0,1,1,1,0.2962962962962963,271.69466643587293,1
1,0,0,1,1,1,1,0,1,0,1,0,1,1,0,0,0,0,0,0,1,0,1,1,0,0,0,0,0,0,0,0,1,0,1,0,0,0,1,1,0,0,0,0,0,0,0,1,1,0,1,0,1,1,1,0.3148148148148148,214.86681787204117,1
2,0,0,1,1,1,1,0,1,1,1,0,1,1,0,0,0,0,0,0,0,0,1,1,0,0,0,0,0,1,1,1,0,0,1,0,0,0,1,1,0,0,0,0,1,0,0,1,1,0,1,0,1,1,1,0.2777777777777778,322.12929665875566,1
3,0,0,1,1,1,1,0,1,0,1,0,1,1,1,0,0,0,0,0,1,0,1,1,0,0,0,0,0,1,0,1,1,0,1,0,0,1,1,1,0,0,0,1,0,0,0,1,1,0,1,0,1,1,1,0.3333333333333333,246.3746640706432,1
4,0,0,1,1,1,1,0,1,1,1,0,1,1,0,0,0,0,0,0,1,0,0,1,0,0,0,0,0,1,0,1,1,0,1,0,0,0,1,1,0,0,0,0,0,0,0,1,1,0,1,0,1,1,1,0.2962962962962963,266.78093395667725,1
5,0,0,1,1,1,1,0,1,0,1,1,1,1,0,0,1,0,0,0,0,0,1,1,0,0,0,0,0,1,1,0,0,0,1,0,0,0,1,1,0,0,0,0,0,0,0,1,1,0,1,0,1,1,1,0.3148148148148148,261.08004653556634,1
6,0,0,1,1,1,1,0,1,0,1,1,0,1,1,0,0,0,0,0,0,0,0,1,0,0,0,0,0,1,0,1,1,0,1,0,0,0,1,1,0,0,0,0,1,0,0,1,1,0,1,0,1,1,1,0.25925925925925924,292.0189675747689,1
7,0,0,1,1,1,1,0,1,1,1,0,1,1,0,0,0,0,0,0,0,0,1,1,0,1,0,0,0,1,0,1,1,0,1,0,0,1,1,1,0,0,0,0,1,0,0,1,1,0,1,0,1,1,1,0.3148148148148148,280.60988715966494,1
8,0,0,1,1,1,1,0,1,0,1,0,1,1,1,0,0,0,0,0,1,0,1,1,0,0,0,0,0,1,0,1,1,0,1,0,0,0,1,1,0,0,0,1,0,0,0,1,1,0,1,0,1,1,1,0.3148148148148148,237.19913914818616,1
9,0,0,1,1,1,1,0,1,0,1,0,1,1,1,0,1,0,0,0,0,0,1,1,0,0,0,0,0,0,0,1,1,0,0,0,0,0,1,1,0,0,0,1,0,0,0,1,1,0,1,0,1,1,1,0.3333333333333333,213.84615394913757,1
10,0,0,1,1,1,1,0,1,0,0,1,1,1,1,0,0,0,0,0,0,0,1,1,0,0,0,0,1,1,0,0,1,0,1,0,0,0,1,1,0,0,0,0,0,0,0,1,1,0,1,0,1,1,1,0.2777777777777778,229.19445410972992,1
11,0,0,1,1,1,1,0,1,1,1,0,1,1,0,0,1,0,0,0,0,0,1,1,0,0,0,0,0,1,0,0,1,0,1,0,0,0,1,1,0,0,0,0,0,0,0,1,1,0,1,0,1,1,1,0.3333333333333333,256.65702931289866,1
12,0,0,1,1,1,1,0,1,1,1,0,1,1,0,0,0,0,0,0,0,0,1,1,0,0,0,0,0,1,0,1,1,0,1,0,0,0,1,1,1,0,0,0,1,0,0,1,1,0,1,0,1,1,1,0.35185185185185186,289.4646466226775,1
13,0,0,1,1,1,1,0,1,0,1,0,1,1,0,0,0,0,0,0,0,0,1,1,0,0,0,0,0,0,0,0,1,0,1,0,0,0,1,1,0,0,0,0,0,0,0,1,1,0,1,0,1,1,1,0.3333333333333333,209.94125677792584,1
14,0,0,1,1,1,1,0,1,1,1,1,1,1,0,0,0,0,0,0,1,0,1,1,0,0,0,0,0,1,0,1,1,0,1,0,0,0,1,1,0,0,0,0,1,0,0,1,1,0,1,0,1,1,1,0.2962962962962963,285.4094259783193,1
15,0,0,1,1,1,1,0,1,1,1,0,1,1,0,0,0,0,0,0,0,0,1,1,0,0,0,0,0,1,0,1,1,0,1,0,0,1,1,1,0,0,0,0,0,0,0,0,1,0,1,0,1,1,1,0.2962962962962963,246.92959343616045,1
16,0,0,1,1,1,1,0,1,0,1,1,1,1,0,0,0,0,0,0,1,0,1,1,0,0,0,0,0,1,1,1,0,0,1,0,0,0,1,1,1,0,0,0,0,0,0,1,1,0,1,0,1,1,1,0.25925925925925924,284.77048230644164,1
17,0,0,1,1,1,1,0,1,0,1,0,1,1,0,0,0,0,0,0,1,0,1,1,0,0,0,0,0,1,0,1,1,0,1,0,0,1,1,1,0,0,0,0,0,0,0,1,1,0,1,0,1,1,1,0.2962962962962963,251.58847425083357,1
18,0,0,1,1,1,1,0,1,0,1,1,1,1,1,0,1,0,0,0,0,0,1,1,0,0,0,0,1,1,0,0,1,0,1,0,0,0,1,1,1,0,0,0,0,0,0,1,1,0,1,0,1,1,1,0.3148148148148148,233.65811481328902,1
19,0,0,1,1,1,1,0,1,0,1,0,1,1,0,0,0,0,0,0,0,0,0,1,0,0,0,0,0,1,0,0,1,0,0,0,0,0,1,1,1,0,0,0,0,0,0,1,1,0,1,0,1,1,1,0.3148148148148148,245.08221956393257,1
20,0,0,1,1,1,1,0,1,0,1,1,1,1,1,0,0,0,0,0,0,0,1,1,0,0,0,0,0,1,0,0,1,0,1,0,0,0,1,1,0,0,0,1,0,0,0,1,1,0,1,0,1,1,1,0.2777777777777778,224.87433769665802,1
21,0,0,1,1,1,1,0,1,0,1,0,1,1,1,0,0,0,0,0,0,0,1,1,0,0,0,0,0,1,0,1,1,0,1,0,0,0,1,1,0,0,0,1,0,0,0,1,1,0,1,0,1,1,1,0.37037037037037035,242.4956424343878,1
22,0,0,1,0,1,1,0,1,1,1,0,1,1,0,0,0,0,0,0,1,0,1,1,0,0,0,0,0,1,0,1,1,0,1,0,0,0,1,1,0,0,0,1,0,0,0,1,1,0,1,0,1,1,1,0.2962962962962963,270.41061296620035,1
23,0,0,1,1,1,1,0,1,0,1,0,1,1,1,0,0,0,0,0,0,0,0,0,0,0,0,0,0,1,0,0,0,0,1,0,0,1,1,1,0,0,0,0,0,0,0,1,1,0,1,0,1,1,1,0.2962962962962963,219.06266027330827,1
24,0,0,1,1,1,1,0,1,0,1,1,1,1,0,0,0,0,0,0,0,0,1,1,0,0,0,0,0,1,1,1,0,0,1,0,0,1,1,1,0,0,0,1,0,0,0,1,1,0,1,0,1,1,1,0.3148148148148148,316.070947648423,1
25,0,0,1,1,1,1,0,1,1,1,1,1,1,0,0,0,0,0,0,0,0,1,0,0,0,0,0,0,1,0,1,1,0,1,0,0,0,1,1,0,0,0,0,1,0,0,1,1,0,1,0,1,1,1,0.3333333333333333,274.40987556740856,1
26,0,0,1,1,1,1,0,1,0,0,0,1,1,1,0,1,0,0,0,0,0,1,1,0,0,0,0,0,1,0,1,1,0,1,0,0,1,1,1,0,1,0,0,0,0,0,1,1,0,1,0,1,1,1,0.35185185185185186,282.7950466155215,1
27,0,0,1,1,1,1,0,1,1,1,0,1,1,0,0,0,0,0,0,0,0,0,1,0,0,0,0,0,1,0,1,0,0,1,0,0,0,1,1,0,0,0,0,0,0,0,1,1,1,1,0,1,1,1,0.2962962962962963,247.97052646740798,1
28,0,0,1,1,1,1,0,1,1,1,0,1,1,0,0,0,0,0,0,0,0,1,1,0,0,0,0,0,1,0,1,1,0,1,0,0,0,1,1,1,0,0,1,0,0,0,1,1,0,1,0,1,1,1,0.3333333333333333,274.36124086855546,1
29,0,0,1,0,1,1,0,1,0,1,0,1,1,1,0,1,0,0,0,0,0,1,1,0,0,0,0,0,1,0,1,1,0,1,0,0,0,1,1,0,0,0,1,0,0,0,1,1,0,1,0,1,1,1,0.3148148148148148,242.45785381858084,1
30,0,0,1,1,1,1,0,1,1,1,1,1,1,0,0,0,0,0,0,1,0,1,1,0,0,0,0,0,1,0,1,1,0,1,0,0,1,1,1,0,0,0,0,0,0,0,1,1,0,1,0,1,1,1,0.37037037037037035,284.24402293392245,1
31,0,0,1,1,1,1,0,1,0,1,1,1,1,1,0,0,0,0,0,0,0,1,1,0,0,0,0,0,1,0,1,1,0,1,0,0,0,1,1,1,0,0,0,0,0,0,1,1,0,1,0,1,1,1,0.3148148148148148,233.52584419660482,1
32,0,0,1,1,1,1,0,1,0,1,0,1,1,0,0,0,0,0,0,0,0,1,1,0,0,0,0,0,1,1,0,0,0,1,0,0,0,1,1,0,0,0,1,0,0,0,1,1,1,1,0,1,1,1,0.2962962962962963,330.94360704321826,1
33,0,0,1,1,1,1,0,1,1,1,0,1,1,0,0,1,0,0,0,0,0,1,0,0,0,0,0,0,1,0,0,1,0,1,0,0,1,1,1,1,0,0,0,1,0,0,1,1,0,1,0,1,1,1,0.3148148148148148,293.5179183404804,1
34,0,0,1,1,1,1,0,1,0,1,0,1,1,0,0,0,0,0,0,1,0,1,1,0,0,0,0,0,1,0,1,1,0,1,0,0,0,1,1,1,0,0,1,0,0,0,0,1,0,1,0,1,1,1,0.3148148148148148,234.86033424994656,1
35,0,0,1,1,1,1,0,1,0,1,1,1,1,0,0,0,0,0,0,1,0,0,1,0,0,0,0,0,1,0,0,1,0,1,0,0,0,1,1,0,0,0,0,1,0,0,1,1,0,1,0,1,1,1,0.35185185185185186,246.66457939661288,1
36,0,0,1,1,1,1,0,1,0,1,1,1,1,0,0,0,0,0,0,0,0,1,1,0,0,0,0,0,1,0,0,0,0,1,0,0,0,1,1,0,1,0,0,0,0,0,0,1,0,1,1,1,1,1,0.3148148148148148,264.5443744575461,1
37,0,0,1,1,1,1,0,1,1,1,0,1,1,0,0,0,0,0,0,1,0,1,1,0,0,0,0,0,1,0,1,1,0,1,0,0,0,1,1,0,0,0,1,0,0,0,1,1,0,1,0,1,1,1,0.3148148148148148,271.69466643587293,1
38,0,0,1,1,1,1,0,1,0,0,0,1,1,1,0,1,0,0,0,0,0,1,1,0,0,0,0,0,1,0,0,1,0,1,0,0,0,1,1,0,0,0,1,0,0,0,1,1,0,1,0,1,1,1,0.2962962962962963,233.18746273165866,1
39,0,0,1,1,1,1,0,1,1,1,0,1,1,0,0,0,0,0,0,0,0,1,1,0,0,0,0,0,1,0,0,1,0,1,0,0,1,1,1,0,0,0,1,1,0,0,1,1,0,1,0,1,1,1,0.3333333333333333,287.16810953409765,1
40,0,0,1,1,1,1,0,1,1,1,0,1,1,0,0,1,0,0,0,0,0,1,1,0,0,0,0,0,1,0,1,1,0,1,0,0,1,1,1,1,0,0,0,1,1,0,1,1,0,1,0,1,1,1,0.3148148148148148,394.13309446627756,1
41,0,0,1,1,1,1,0,1,0,1,0,1,1,0,0,1,0,0,0,0,0,1,1,0,0,0,0,0,1,0,1,1,0,1,0,0,0,1,1,0,0,0,0,1,0,0,1,1,0,1,0,1,1,1,0.3333333333333333,276.5462823380584,1
42,0,0,1,1,1,1,0,1,0,1,1,1,1,1,0,1,0,0,0,0,0,1,1,0,0,0,0,0,1,0,1,1,0,1,0,0,0,1,1,0,0,0,1,0,0,0,1,1,0,1,0,1,1,1,0.2777777777777778,231.8627760675001,1
43,0,0,1,1,1,1,0,1,1,1,1,1,1,0,0,0,0,0,1,0,0,1,1,0,0,0,0,1,1,0,1,1,0,1,0,0,0,1,1,1,0,0,0,1,0,0,1,1,0,1,0,1,1,1,0.3333333333333333,288.9581132639413,1
44,0,0,1,1,1,1,0,1,0,0,0,1,1,1,0,0,0,0,0,0,0,0,1,0,0,0,0,0,1,0,0,1,0,1,0,0,0,1,1,0,0,0,0,0,0,0,1,1,0,1,0,1,1,1,0.35185185185185186,232.55312817284434,1
45,0,0,1,1,1,1,0,1,0,1,0,1,1,0,0,0,0,0,0,0,0,1,1,0,0,0,0,1,0,0,1,1,0,1,0,0,1,1,1,0,0,0,1,0,0,0,1,1,0,1,0,1,1,1,0.3148148148148148,263.23474570972087,1
46,0,0,1,1,1,1,0,1,1,1,0,1,1,0,0,1,0,0,0,1,0,1,1,0,0,0,0,0,1,0,0,1,0,1,0,0,0,1,1,0,0,0,1,1,0,0,1,1,0,1,0,1,1,1,0.3333333333333333,279.1331215071441,1
47,0,0,1,1,1,1,0,1,1,1,1,1,1,1,0,1,0,0,0,0,0,1,1,0,0,0,0,0,1,0,1,1,0,1,0,0,0,1,1,1,1,0,0,1,0,0,1,1,0,1,0,1,1,1,0.3888888888888889,291.4592352795107,1
48,0,0,1,1,1,1,0,1,0,1,0,1,1,0,0,1,0,0,0,0,0,1,1,0,0,0,0,0,1,0,0,1,0,1,0,0,0,1,1,0,1,0,0,0,0,0,1,1,1,1,0,1,1,1,0.37037037037037035,279.4443162494036,1
49,0,0,1,1,1,1,0,1,0,1,1,0,0,1,0,0,0,0,0,0,0,1,1,0,0,0,0,0,1,0,1,1,0,1,0,0,0,1,1,0,0,0,1,0,0,0,1,1,0,1,0,1,1,1,0.4074074074074074,270.0296815578805,1
50,0,0,1,1,1,1,0,1,0,1,1,1,1,1,0,1,0,0,0,0,0,1,1,0,0,0,0,0,1,0,1,1,0,1,0,0,1,1,1,1,0,0,0,1,0,0,1,1,0,1,0,1,1,1,0.4074074074074074,263.1321574764305,1
51,1,0,1,1,1,1,0,1,0,1,1,0,1,0,0,0,0,0,0,0,0,1,1,0,0,0,0,0,1,0,1,1,0,1,0,0,1,1,1,1,0,0,0,0,0,0,1,1,0,1,0,1,1,1,0.3333333333333333,295.34226571500994,1
52,0,0,1,1,1,1,0,1,0,1,0,1,1,1,0,0,0,0,0,1,0,1,1,0,0,0,0,0,1,0,0,1,0,1,0,0,0,1,1,1,0,0,0,0,0,0,1,1,0,1,0,1,1,1,0.35185185185185186,230.77087560882424,1
53,0,0,1,1,1,1,0,1,0,1,0,1,1,1,0,0,0,0,0,0,0,0,1,0,0,0,0,0,1,0,0,0,0,1,0,0,0,1,1,0,0,0,0,1,0,0,1,1,0,1,0,1,1,1,0.24074074074074073,223.63055021338232,1
54,0,0,1,1,1,1,0,1,1,1,0,1,1,1,0,1,0,0,0,0,0,0,1,0,0,0,0,0,0,0,1,1,0,1,0,0,0,1,1,0,0,0,1,1,0,0,1,1,0,1,0,1,1,1,0.3333333333333333,258.3194066067183,1
55,0,0,1,1,1,1,0,1,1,1,1,0,1,0,0,1,0,0,0,0,0,0,1,0,0,0,0,0,1,0,0,1,0,1,0,0,1,1,1,0,0,0,0,1,0,0,1,1,0,1,0,1,1,1,0.37037037037037035,279.3719278539588,1
56,0,0,1,1,1,1,0,1,0,1,0,1,1,1,0,1,0,0,0,0,0,0,1,0,0,0,0,0,1,0,1,1,0,1,0,0,1,1,1,0,0,0,0,1,0,0,1,1,0,1,0,1,1,1,0.3148148148148148,277.3420343074672,1
57,0,0,1,1,1,1,0,1,1,0,0,1,1,1,0,0,0,0,0,0,0,1,1,0,0,0,0,0,1,1,1,1,0,1,0,0,1,1,1,0,0,0,0,0,0,0,1,1,0,1,0,1,1,1,0.3333333333333333,327.2595315167741,1
58,0,0,1,1,1,1,0,1,0,0,0,1,1,1,0,0,0,0,0,0,0,1,1,0,0,0,0,1,1,1,1,0,0,1,0,0,0,1,1,1,0,0,1,0,0,0,1,1,0,1,0,1,1,1,0.3333333333333333,364.00126472519486,1
59,0,0,1,1,0,1,0,1,1,1,0,1,1,0,0,0,0,0,0,1,0,1,1,0,0,0,0,0,1,0,0,0,0,1,0,0,0,1,1,0,0,0,0,0,0,0,1,1,0,1,0,1,1,1,0.2962962962962963,251.72855696533307,1
60,0,0,1,1,1,1,0,1,0,1,1,1,1,1,0,0,0,0,0,1,0,1,1,0,0,0,0,0,1,0,0,1,0,1,0,0,0,1,1,0,1,0,1,1,0,0,1,1,0,1,0,1,1,1,0.35185185185185186,264.7851739304342,1
61,0,0,1,1,1,1,0,1,0,1,0,1,1,1,0,1,0,0,0,1,0,1,0,0,0,0,0,0,1,0,1,1,0,1,0,0,0,1,1,0,0,0,1,0,0,0,1,1,0,1,0,1,1,1,0.35185185185185186,237.60433938219268,1
62,0,0,1,1,1,1,0,1,1,1,0,1,1,0,0,0,0,0,0,1,0,1,1,0,0,0,0,0,1,0,1,1,0,1,0,0,1,1,1,0,0,0,0,0,0,0,1,1,0,1,0,1,1,1,0.3888888888888889,271.60274780592727,1
63,0,0,1,1,1,1,0,1,0,1,0,1,1,1,0,0,0,0,0,0,0,1,1,0,0,0,0,1,1,1,0,0,0,1,1,0,0,1,1,1,0,0,1,0,0,0,1,1,0,1,0,1,1,1,0.2962962962962963,370.9972640786719,1
64,1,1,0,0,0,0,1,0,1,0,0,0,0,1,1,0,1,1,1,1,1,0,0,1,1,1,1,1,1,1,0,1,1,0,1,1,0,0,0,1,1,1,1,0,1,1,0,0,1,0,1,0,0,0,0.24074074074074073,487.66209506919955,1
65,0,0,1,1,1,1,0,1,0,1,0,1,1,1,0,0,0,0,0,0,0,1,0,0,0,0,0,0,1,0,1,1,0,1,0,0,1,1,1,1,0,0,0,0,0,0,1,1,0,1,0,1,1,1,0.4074074074074074,279.53490554895654,1
66,0,0,1,0,1,1,0,1,1,1,0,1,1,0,0,0,0,0,0,0,0,1,1,0,0,0,0,0,1,0,0,1,0,1,0,0,0,1,1,1,0,0,0,1,0,0,1,1,0,1,0,1,1,1,0.3148148148148148,281.9383286088589,1
67,1,1,0,0,0,0,1,0,1,0,1,0,0,0,1,1,1,1,1,0,1,0,0,1,1,1,1,0,1,1,0,0,1,0,1,1,1,0,0,0,1,1,0,1,1,1,0,0,1,1,1,0,0,0,0.2962962962962963,477.7409521863663,1
68,1,1,0,0,0,0,1,0,1,0,1,0,0,1,1,0,1,1,1,0,1,0,0,1,1,1,1,1,1,1,0,0,1,0,1,1,1,0,0,1,1,1,0,0,1,1,0,0,0,0,1,0,0,0,0.3148148148148148,465.4455999366366,1
69,0,0,1,1,1,1,0,1,0,1,1,1,1,1,0,0,0,0,0,0,0,1,1,0,0,0,0,0,0,0,0,1,0,1,0,0,0,1,1,0,0,0,1,0,0,0,0,1,0,1,0,1,1,1,0.3148148148148148,215.22616081394085,1
70,0,0,1,1,1,1,0,1,1,1,0,1,1,0,0,0,0,0,0,0,0,1,1,0,0,0,0,0,1,1,0,1,0,0,0,0,0,1,1,1,1,0,0,1,0,0,1,1,0,1,0,1,1,1,0.2777777777777778,395.4494960231021,1
71,0,0,1,0,1,1,0,1,1,1,0,1,1,0,0,1,0,0,0,0,0,1,1,0,0,0,0,0,1,1,1,0,0,1,0,0,1,1,1,0,0,0,1,0,0,0,1,1,0,1,0,1,1,1,0.2962962962962963,318.8268849049645,1
72,0,0,1,1,1,1,0,1,1,1,0,1,1,0,0,0,0,0,0,0,0,1,1,0,0,0,0,0,1,0,1,1,0,1,0,0,1,1,1,1,0,0,1,1,0,0,1,1,0,1,0,1,1,1,0.37037037037037035,322.22098405253297,1
73,1,1,0,0,0,0,1,0,1,0,1,0,0,1,1,1,1,1,1,0,1,0,0,1,1,1,1,1,1,1,0,0,1,0,1,1,1,0,0,1,1,1,1,0,1,1,0,0,1,0,1,0,0,0,0.3148148148148148,479.36039143993565,1
74,0,0,1,1,1,1,0,1,0,1,1,1,1,0,0,0,0,0,0,0,0,0,1,0,0,0,0,0,1,0,0,1,0,1,0,0,0,1,1,1,0,0,0,0,0,0,1,1,0,1,0,1,1,1,0.3888888888888889,241.00760709729124,1
75,1,1,0,0,0,0,1,0,1,0,0,0,0,1,1,1,1,1,1,0,1,0,0,1,0,1,1,1,1,1,0,0,1,0,1,1,0,0,0,1,1,1,1,0,1,1,0,0,1,0,1,0,0,0,0.2777777777777778,470.70011267012995,1
76,1,1,0,0,0,0,1,0,1,0,0,0,0,0,1,1,1,1,1,0,1,0,0,1,1,1,1,1,1,1,0,0,1,0,1,1,0,0,0,1,1,1,1,1,1,1,0,0,1,0,1,0,0,0,0.2962962962962963,484.46709488859295,1
77,1,1,0,0,0,0,1,0,1,0,1,0,0,1,1,1,1,1,0,0,1,0,0,1,1,1,1,1,1,1,0,0,1,0,1,1,1,0,0,1,1,1,1,1,0,1,0,0,1,0,1,0,0,0,0.3333333333333333,453.7888390914301,1
78,0,0,1,1,1,1,0,1,1,1,1,0,1,0,0,1,0,0,0,0,0,1,0,0,0,0,1,0,1,0,0,1,0,1,0,0,0,1,1,1,0,0,0,1,0,0,1,1,0,1,0,1,1,1,0.37037037037037035,270.146866728694,1
79,0,0,1,1,1,1,0,1,0,1,1,1,0,0,0,1,0,0,0,0,0,0,1,0,0,0,0,0,1,0,0,0,0,1,0,0,0,1,1,1,0,0,1,0,0,0,0,1,0,1,0,1,1,1,0.3148148148148148,205.55671000175107,1
80,1,1,0,0,0,0,1,0,1,0,0,0,0,1,1,1,1,1,1,0,1,0,0,1,1,1,1,1,1,1,0,0,1,0,1,1,1,0,0,1,1,1,0,0,1,1,0,0,1,0,1,0,1,0,0.2962962962962963,461.37590456761586,1
81,0,0,1,1,1,1,0,1,0,0,0,1,1,1,0,0,0,0,0,0,0,1,1,0,0,0,0,0,0,1,0,0,0,1,0,0,1,1,1,0,0,0,1,0,0,0,1,1,0,1,0,1,1,1,0.37037037037037035,267.8886067790356,1
82,1,1,0,0,0,0,1,0,1,0,1,0,1,1,1,1,1,1,1,0,1,0,0,1,1,1,1,1,1,1,0,0,1,0,1,1,1,0,0,1,1,1,1,0,1,1,0,0,1,0,1,0,0,0,0.35185185185185186,490.13962932534554,1
83,1,1,0,0,0,0,1,0,1,0,0,0,0,0,1,0,1,1,1,0,1,0,0,1,1,1,1,1,1,1,0,0,1,0,1,1,1,0,0,1,1,1,0,0,1,1,0,0,1,0,1,0,0,0,0.3148148148148148,452.3784371533064,1
84,1,1,0,0,0,0,1,0,1,0,1,0,0,0,1,1,1,1,1,1,1,0,0,1,1,1,1,1,0,1,0,1,1,0,1,1,1,0,0,1,1,1,1,0,1,1,0,0,1,0,1,0,0,0,0.25925925925925924,483.29940130786764,1
85,1,1,0,0,0,0,1,0,1,0,1,0,0,1,1,1,1,1,1,0,1,0,0,1,1,1,1,1,1,1,0,1,1,1,1,1,1,0,0,1,1,1,0,1,0,1,0,0,1,0,1,0,0,0,0.2777777777777778,462.00372775669206,1
86,0,0,1,1,0,1,0,1,1,0,0,1,1,0,0,1,0,0,0,0,0,1,1,0,1,0,0,0,1,1,1,0,0,1,0,0,1,1,1,1,0,0,1,0,0,0,1,1,0,1,0,1,1,1,0.3148148148148148,348.1170346026599,1
87,1,1,0,0,0,0,1,0,1,0,1,0,0,1,1,0,1,1,1,0,1,0,0,1,1,1,1,1,1,1,0,0,1,0,1,1,0,0,0,1,1,1,1,1,0,1,0,0,1,0,1,0,0,0,0.3148148148148148,461.2385869400447,1
88,0,0,1,0,1,1,0,1,0,1,1,0,1,0,0,1,0,0,0,1,0,1,1,0,0,0,0,1,1,1,0,0,0,1,0,0,1,1,1,1,0,0,0,0,0,0,1,1,0,1,0,1,1,1,0.2962962962962963,352.6828573491687,1
89,0,0,1,1,1,1,0,1,1,1,0,1,1,0,0,1,0,0,0,0,0,1,0,0,0,0,0,1,1,1,1,1,0,1,0,0,0,1,1,1,0,0,0,1,0,0,1,1,0,1,0,1,1,1,0.3333333333333333,435.33663972082394,1
90,1,1,0,0,0,0,1,0,1,0,0,0,0,0,1,1,1,1,1,1,1,0,0,1,1,1,1,0,1,1,0,0,1,0,1,1,1,0,0,1,1,1,0,0,1,1,1,0,1,0,1,0,1,0,0.2962962962962963,480.806602719479,1
91,1,1,0,0,0,0,1,0,1,0,0,0,0,0,1,1,1,1,1,1,1,0,0,1,1,1,1,1,1,1,0,0,1,0,1,1,0,0,0,1,1,1,0,1,1,1,0,0,1,0,1,0,0,0,0.37037037037037035,487.1546304834831,1
92,1,1,0,0,0,0,1,0,1,0,0,1,0,0,1,0,1,1,1,1,0,0,0,1,1,1,1,0,1,1,0,0,1,0,1,1,0,0,0,1,1,1,1,0,1,1,0,0,0,0,1,0,0,0,0.2777777777777778,432.29920532685486,1
93,1,1,0,0,0,0,1,0,1,1,1,0,0,0,1,0,1,1,1,0,1,0,0,1,1,1,1,1,1,1,0,0,1,0,1,1,1,0,0,1,1,1,1,0,1,1,0,0,1,1,1,0,0,0,0.37037037037037035,479.91780253741496,1
94,1,1,0,0,0,0,1,0,1,1,0,1,0,0,1,0,1,1,1,0,1,0,0,1,1,1,1,0,1,1,0,0,1,0,1,1,1,0,0,1,1,1,0,0,1,1,0,0,1,0,1,0,0,1,0.2962962962962963,470.57384081567704,1
95,1,1,0,0,0,0,1,0,1,1,1,0,0,1,1,1,1,0,1,1,1,0,0,1,1,1,1,1,1,1,0,0,1,0,1,1,1,0,0,1,1,1,0,0,1,1,1,0,1,0,1,0,0,0,0.2777777777777778,453.31032954476365,1
96,1,1,0,0,0,0,1,0,1,1,0,1,0,1,1,0,1,1,1,0,1,0,0,1,1,1,0,0,1,1,0,0,1,0,1,1,1,0,0,1,1,1,0,0,1,1,0,0,1,0,1,0,0,0,0.3148148148148148,461.1025324663702,1
97,1,1,0,0,0,0,1,0,1,0,0,0,0,0,1,1,1,1,1,1,1,0,0,1,1,1,1,1,1,1,0,0,1,0,1,1,0,0,0,0,1,1,1,1,1,1,0,0,1,1,1,0,0,0,0.4074074074074074,509.4520938455475,1
98,1,1,0,0,0,0,1,0,1,1,1,0,0,0,1,1,1,1,1,0,1,0,0,1,1,1,1,1,1,1,0,0,1,0,1,1,1,0,0,0,1,1,0,0,1,1,0,0,1,1,1,0,0,1,0.3888888888888889,486.7492635304645,1
99,1,1,0,0,0,0,1,0,1,0,1,0,0,0,1,1,1,1,1,1,1,0,0,1,1,1,1,1,1,1,0,0,1,0,1,1,0,0,0,0,1,1,0,0,1,1,0,0,1,0,1,0,0,0,0.3333333333333333,503.288653143222,1
