,0,1,2,3,4,5,6,7,8,9,10,11,12,13,14,15,16,17,18,19,20,21,22,23,24,25,26,27,28,29,30,31,32,33,34,35,chain_break_fraction,energy,num_occurrences
0,1,0,1,0,1,0,0,1,1,0,1,0,1,0,1,0,0,0,1,0,0,1,0,0,0,1,0,0,1,0,1,0,0,0,0,1,0.2777777777777778,3.4618970271208145,1
1,1,0,1,0,1,0,0,1,1,0,1,1,1,0,0,1,0,0,1,1,0,1,0,0,0,1,0,0,1,0,1,0,0,0,0,1,0.2777777777777778,8.87367370955425,1
2,1,0,1,0,1,0,0,1,1,0,1,1,1,0,1,0,0,0,1,1,0,1,0,0,0,1,0,0,1,0,1,0,0,0,0,1,0.25,6.567108766656832,1
3,1,0,1,0,1,0,0,1,1,0,1,1,1,0,0,1,0,0,1,1,0,1,0,0,0,1,0,0,1,0,0,0,0,0,0,1,0.3055555555555556,8.244814750245459,1
4,1,1,1,0,1,0,0,1,1,0,1,1,1,0,0,1,0,0,1,1,0,1,0,0,0,1,0,0,1,0,0,0,0,0,0,1,0.2777777777777778,12.893875407877246,1
5,1,0,1,0,1,0,0,1,1,0,1,1,1,0,0,0,0,0,0,1,0,1,0,0,0,1,0,0,1,0,1,0,0,0,0,1,0.25,5.402479083265848,1
6,1,0,1,0,1,0,0,1,1,0,1,1,0,0,1,0,0,0,1,1,0,1,0,0,0,1,0,0,1,0,0,0,0,0,0,1,0.3055555555555556,5.1799782523382465,1
7,1,0,1,0,1,0,0,1,1,0,1,1,1,0,1,1,0,0,1,1,0,1,0,0,0,1,0,0,1,0,0,0,0,0,0,1,0.3333333333333333,11.061783866056219,1
8,1,0,1,0,1,0,0,1,1,1,1,1,1,0,0,1,0,0,1,1,0,1,0,0,0,1,0,1,1,0,1,0,0,0,0,1,0.3333333333333333,14.015619802225586,1
9,1,1,1,0,1,0,0,1,1,0,1,1,0,0,1,1,0,0,1,1,0,1,0,0,0,1,0,0,1,0,0,0,0,0,0,1,0.3333333333333333,14.462077554237567,1
10,1,0,1,0,1,0,0,1,1,0,1,0,1,0,0,1,0,0,0,1,0,1,0,0,0,1,0,1,1,0,0,0,0,0,0,1,0.3055555555555556,9.225093561862689,1
11,1,0,1,0,1,0,0,1,1,0,1,1,0,0,0,0,0,0,1,1,0,1,0,0,0,1,0,0,0,0,1,0,0,0,0,1,0.2777777777777778,6.270510144936906,1
12,1,0,1,0,1,0,0,1,1,0,1,1,1,0,0,1,0,0,1,1,0,1,0,0,0,1,0,1,1,0,1,0,0,0,0,1,0.3055555555555556,11.887079425591175,1
13,1,1,1,0,1,0,0,1,1,1,1,0,1,0,1,1,0,0,1,0,0,1,0,0,0,1,0,1,1,0,1,0,0,0,0,1,0.2777777777777778,17.805087753990023,1
14,1,0,1,0,1,0,0,1,1,0,1,1,1,0,0,1,0,0,0,1,0,1,0,0,0,1,0,0,1,0,1,0,0,0,0,1,0.3055555555555556,9.101437247042902,1
15,1,0,1,0,1,0,0,1,1,1,1,1,1,0,0,1,0,0,1,1,0,1,0,0,0,1,0,0,1,0,1,0,0,0,0,1,0.3333333333333333,13.00222008860137,1
16,1,0,1,0,1,0,0,1,1,1,1,1,0,0,1,1,0,0,1,1,0,1,0,0,0,1,0,1,1,0,0,0,0,0,0,1,0.3055555555555556,14.982934206718781,1
17,1,0,1,0,1,0,0,1,1,0,1,0,1,0,0,1,0,0,1,0,0,1,0,0,0,1,0,0,1,0,1,0,0,0,0,1,0.19444444444444445,5.765559521752606,1
18,1,0,1,0,1,0,0,1,1,1,1,1,1,0,0,1,0,0,1,1,0,1,0,0,0,1,0,0,1,0,1,0,0,0,0,1,0.2777777777777778,13.00222008860137,1
19,1,0,1,0,1,0,0,1,1,0,1,1,1,0,0,0,0,0,1,1,0,1,0,0,0,1,0,1,1,0,0,0,0,0,0,1,0.3333333333333333,8.614459202307676,1
20,1,0,1,0,1,0,0,1,1,1,1,0,1,0,1,0,0,0,1,0,0,1,0,0,0,1,0,0,1,0,1,0,0,0,0,1,0.25,6.593240669020274,1
21,1,0,1,0,1,0,0,1,0,0,1,1,1,0,1,1,0,0,1,1,0,1,0,0,0,1,0,1,1,0,1,0,0,0,0,1,0.2777777777777778,13.629189587172363,1
22,1,1,1,0,1,0,1,1,1,0,1,1,0,0,1,1,0,0,1,1,0,1,0,0,0,1,0,0,1,0,1,0,0,0,0,1,0.3055555555555556,17.326347606129957,1
23,1,0,1,0,1,0,0,1,1,0,1,1,1,0,1,0,0,0,1,1,0,1,0,0,0,1,0,0,1,0,0,0,0,0,0,1,0.25,5.42784563443464,1
24,1,1,1,0,1,0,0,1,1,0,1,1,1,0,0,0,0,0,0,1,0,1,0,0,0,1,0,0,1,0,1,0,0,0,0,1,0.3333333333333333,8.051526388885378,1
25,1,0,1,0,1,0,0,1,1,0,1,0,1,0,0,1,0,0,1,1,0,1,0,0,0,1,0,1,1,0,1,0,0,0,0,1,0.2777777777777778,13.701368119873546,1
26,1,1,1,0,1,0,0,1,1,0,1,1,1,0,0,0,0,0,0,1,0,1,0,0,0,1,0,0,1,0,0,0,0,0,0,1,0.2777777777777778,8.167014885746333,1
27,1,0,1,0,1,0,0,1,1,0,1,0,1,0,1,0,0,0,1,0,0,1,0,0,0,1,0,0,0,0,1,0,0,0,0,1,0.2222222222222222,3.7175875074611646,1
28,1,0,1,0,1,0,0,1,1,1,1,1,0,0,0,1,0,0,1,0,0,1,0,0,0,1,0,1,0,0,1,0,0,0,0,1,0.25,14.047086184858966,1
29,1,0,1,0,1,0,1,1,1,1,1,1,1,0,0,0,0,0,1,1,0,1,0,0,0,1,0,0,1,0,1,0,0,0,0,1,0.3055555555555556,9.67922449305148,1
30,1,0,1,0,1,0,0,1,1,1,1,0,1,0,1,0,0,0,1,1,0,1,0,0,0,1,0,0,1,0,1,0,0,0,0,1,0.3055555555555556,8.594419895947201,1
31,1,0,1,0,1,0,0,1,1,0,1,0,1,0,1,1,0,0,1,1,0,1,0,0,0,1,0,0,0,0,1,0,0,0,1,1,0.3611111111111111,10.727176850556402,1
32,1,0,1,0,1,0,0,1,1,1,1,1,1,0,0,0,0,0,0,1,0,1,0,0,0,1,0,1,1,0,1,0,0,0,0,1,0.3611111111111111,10.53996296102364,1
33,1,0,1,0,1,0,0,1,1,0,1,0,0,0,0,1,0,0,0,1,0,1,0,0,0,1,0,0,0,0,0,0,0,0,0,1,0.2777777777777778,6.443693979557269,1
34,1,1,1,0,1,0,0,1,1,0,1,1,1,0,0,0,0,0,0,1,0,1,0,0,0,1,0,0,1,0,0,0,0,0,0,1,0.4166666666666667,8.167014885746333,1
35,1,1,1,0,1,0,0,1,1,0,1,0,1,0,0,1,0,0,0,1,0,1,0,0,0,1,0,1,1,0,1,0,0,0,0,1,0.2777777777777778,11.834038083964806,1
36,1,1,1,0,1,0,0,1,1,1,1,0,1,0,0,1,0,0,0,1,0,1,0,0,0,1,0,0,1,0,1,0,0,0,0,1,0.3055555555555556,15.003994764451239,1
37,1,0,1,0,1,0,0,1,1,0,1,1,1,0,0,1,0,0,1,1,0,1,0,0,0,1,0,0,0,0,1,0,0,0,0,1,0.19444444444444445,9.628910804366294,1
38,1,1,1,0,1,0,0,1,1,1,1,1,1,0,0,0,0,0,0,1,0,1,0,0,0,1,0,1,1,0,1,0,0,0,0,1,0.3333333333333333,13.13732123010045,1
39,1,0,1,0,1,0,0,1,1,1,1,0,1,0,1,0,0,0,1,1,0,1,0,0,0,1,0,0,0,0,1,0,0,0,0,1,0.2777777777777778,8.84963563616058,1
40,1,1,1,0,1,0,0,1,1,0,1,0,0,0,1,1,0,0,1,1,0,1,0,0,0,1,0,1,1,0,0,0,0,0,0,1,0.3333333333333333,13.248636707179411,1
41,1,0,1,0,1,0,0,1,1,0,1,1,1,0,1,1,0,0,1,1,0,1,0,0,0,1,0,0,1,0,1,0,0,0,0,1,0.3611111111111111,11.180238652451607,1
42,1,0,1,0,1,0,0,1,1,0,1,1,1,0,1,0,0,0,1,0,0,1,0,0,0,1,0,0,1,0,0,0,0,0,0,1,0.25,6.327828449133958,1
43,1,0,1,0,1,0,0,1,1,1,1,1,1,0,1,1,0,0,0,1,0,1,0,0,0,1,0,0,1,0,1,0,0,0,0,1,0.2777777777777778,18.081474388201247,1
44,1,0,1,0,1,0,0,1,1,0,1,0,1,0,0,1,0,0,1,1,0,1,0,0,0,1,0,1,1,0,1,0,0,0,0,1,0.3888888888888889,13.701368119873546,1
45,1,0,1,0,1,0,0,1,0,0,1,0,1,0,1,1,0,0,1,0,0,1,0,0,0,1,0,0,1,0,1,0,0,0,0,1,0.19444444444444445,7.503181723995833,1
46,1,1,1,0,1,0,0,1,1,0,1,1,0,0,0,1,0,0,1,1,0,1,0,0,0,1,0,1,1,0,1,0,0,0,0,1,0.3055555555555556,13.24222493549788,1
47,1,0,1,0,1,0,1,1,1,0,1,0,1,0,0,0,0,0,1,1,0,1,0,0,0,1,0,1,1,0,1,0,0,0,0,1,0.3055555555555556,13.132468417331847,1
48,1,0,1,0,1,0,0,1,1,0,1,1,1,0,1,1,0,0,1,1,0,1,0,0,0,1,0,0,1,0,1,0,0,0,0,1,0.3055555555555556,11.180238652451607,1
49,1,0,1,0,1,0,0,1,1,0,1,0,1,0,1,1,0,0,1,1,0,1,0,0,0,1,0,1,0,0,1,0,0,0,0,1,0.3055555555555556,12.808264138025084,1
50,1,0,1,0,1,0,0,1,1,0,0,1,1,0,1,1,0,0,1,1,0,1,0,0,0,1,0,0,0,0,1,0,0,0,0,1,0.3055555555555556,11.296345978442572,1
51,1,1,1,0,1,0,0,1,1,0,1,0,1,0,1,0,0,0,0,1,0,1,0,0,0,1,0,0,1,0,1,0,0,0,0,1,0.25,7.113177116446013,1
52,1,0,0,0,1,0,0,1,1,1,1,0,1,0,1,0,0,0,1,1,0,1,0,0,0,1,0,0,0,0,1,0,0,0,0,1,0.3055555555555556,8.661998768504542,1
53,1,0,1,0,1,0,0,0,1,1,1,0,1,0,1,1,0,0,1,1,0,1,0,0,0,1,0,0,1,0,0,0,0,0,0,1,0.3055555555555556,9.023367407553529,1
54,1,0,1,0,1,0,0,1,1,1,0,1,0,0,0,1,0,0,0,1,0,1,0,0,0,1,0,1,1,0,1,0,0,0,0,1,0.2777777777777778,13.150575739451117,1
55,1,0,1,0,1,0,0,1,1,0,1,0,1,0,0,1,0,0,1,1,1,1,0,0,0,1,0,0,1,0,1,0,0,0,0,1,0.3611111111111111,10.91031034141145,1
56,1,1,1,0,1,0,0,1,0,0,1,0,0,0,0,0,0,0,1,1,0,1,0,0,0,1,0,0,1,0,1,0,0,0,0,1,0.3333333333333333,10.33168181150385,1
57,1,1,1,0,1,0,0,1,1,0,1,1,0,0,0,1,0,0,0,1,0,1,0,0,0,1,0,0,1,0,1,0,0,0,0,1,0.2222222222222222,11.972309657390877,1
58,1,0,0,0,1,0,0,1,1,0,1,1,1,0,0,1,0,0,0,1,0,1,0,0,0,1,0,0,1,0,0,0,0,0,0,1,0.3611111111111111,7.024345982532117,1
59,1,1,1,0,1,0,1,1,0,1,1,0,0,0,1,1,0,0,1,1,0,1,0,0,0,1,0,0,1,0,1,0,0,0,0,1,0.3333333333333333,16.432881345049275,1
60,1,1,1,0,1,0,0,1,1,0,1,1,1,0,0,1,0,0,1,1,0,1,0,0,0,1,0,1,0,0,1,0,0,0,0,1,0.3333333333333333,14.188317597117106,1
61,1,0,0,0,1,0,0,1,1,1,1,0,1,0,1,1,0,0,1,0,0,1,0,0,0,1,0,0,0,0,1,0,0,0,0,1,0.19444444444444445,12.191885295810579,1
62,1,0,1,0,1,0,0,1,1,0,1,1,0,0,1,0,0,0,1,1,0,1,0,0,0,1,0,0,1,0,0,0,0,0,0,1,0.3333333333333333,5.1799782523382465,1
63,1,0,1,0,1,0,0,1,1,1,1,1,1,0,0,0,0,0,0,1,0,1,0,0,0,1,0,1,1,0,1,0,0,0,0,1,0.3611111111111111,10.53996296102364,1
64,1,1,0,0,1,0,0,1,1,0,1,1,0,0,1,0,0,0,1,1,0,1,0,0,0,1,0,0,0,0,1,0,0,0,0,1,0.2222222222222222,8.436828661732772,1
65,1,1,1,0,1,0,0,1,0,0,1,0,0,0,1,0,0,0,0,1,0,1,0,0,0,1,0,1,0,0,1,0,0,0,0,1,0.3055555555555556,11.181926062089769,1
66,1,1,1,0,1,0,1,1,1,0,1,0,1,0,1,0,0,0,1,0,0,1,0,0,0,1,0,0,1,0,1,0,0,0,1,1,0.3055555555555556,7.963274438039026,1
67,1,0,1,0,1,0,0,1,1,0,1,0,0,0,1,1,0,0,1,1,0,1,0,0,0,1,1,0,1,0,1,0,0,0,0,1,0.2777777777777778,11.909191174706569,1
68,1,0,1,0,1,0,0,1,1,0,1,0,1,0,1,1,0,0,1,1,0,1,0,0,0,1,0,0,1,0,1,0,0,0,0,1,0.4166666666666667,9.902031104914485,1
69,1,0,1,0,1,0,0,1,1,1,1,1,0,0,0,0,0,0,0,1,0,1,0,0,0,1,0,0,0,0,1,0,0,0,0,1,0.3055555555555556,8.510164198013682,1
70,1,0,1,0,1,0,0,1,0,0,1,1,1,0,0,0,0,0,0,1,0,1,0,0,0,1,0,0,1,0,1,0,1,0,0,1,0.3055555555555556,7.082278310339102,1
71,1,0,1,0,1,0,0,1,1,0,1,0,1,0,0,1,0,0,0,1,0,1,0,0,0,1,0,0,1,0,0,0,0,0,0,1,0.3055555555555556,6.223115272545205,1
72,1,0,1,0,1,0,0,1,1,1,1,0,0,0,0,1,0,0,1,1,0,1,0,0,0,1,0,0,1,0,1,0,0,0,0,1,0.3333333333333333,10.809674079772394,1
73,1,0,1,0,1,0,1,1,1,1,1,0,1,0,0,1,0,0,1,1,0,1,0,0,0,1,0,1,1,0,1,0,0,0,0,1,0.4444444444444444,14.33741687746554,1
74,1,0,1,0,1,0,0,1,1,0,1,1,1,0,0,0,0,0,1,1,0,1,0,0,0,1,0,0,1,0,1,0,0,0,0,1,0.3333333333333333,6.260543823759453,1
75,1,0,1,0,1,0,0,1,1,1,1,0,1,0,1,1,0,0,1,0,1,1,0,0,0,1,0,0,1,0,1,0,0,0,0,1,0.3333333333333333,12.440863805948498,1
76,1,0,1,0,1,0,0,1,1,1,1,1,0,0,1,0,0,0,0,1,0,1,0,0,0,1,0,0,0,0,1,0,0,0,0,1,0.3055555555555556,10.359561971631168,1
77,1,0,1,0,1,0,1,1,1,0,1,1,0,0,0,1,0,0,0,1,0,1,0,0,0,1,0,1,1,0,1,0,0,0,0,1,0.3055555555555556,12.477567525578305,1
78,1,0,1,0,1,0,1,1,1,1,1,1,1,0,1,1,0,0,1,1,0,1,0,0,0,1,0,0,0,0,1,0,0,0,0,1,0.3055555555555556,22.815384033438654,1
79,1,0,1,0,1,0,0,1,1,0,1,1,1,0,0,0,0,0,1,0,0,1,0,0,0,1,0,0,1,0,0,0,0,0,0,1,0.3055555555555556,4.425031055340901,1
80,1,1,1,0,1,0,0,1,1,0,1,0,0,0,1,1,0,0,0,1,0,1,0,0,0,1,0,0,0,0,1,0,0,0,0,1,0.3055555555555556,13.169450118582782,1
81,1,0,1,0,1,0,1,1,1,1,0,0,1,0,1,0,0,0,1,0,0,1,0,0,0,1,0,0,1,0,0,0,0,0,0,1,0.2222222222222222,8.051125139834616,1
82,1,0,0,0,1,0,0,1,1,1,1,1,1,0,0,0,0,0,0,1,0,1,0,0,0,1,0,0,1,0,1,0,0,0,0,1,0.3333333333333333,7.522339912231315,1
83,1,0,1,0,1,0,0,1,1,1,1,0,1,0,1,1,0,0,0,1,0,1,0,0,0,1,0,1,1,0,1,0,0,0,1,1,0.4166666666666667,15.709203090623905,1
84,1,1,0,0,1,0,0,1,1,0,0,1,0,0,0,0,0,0,0,1,0,1,0,0,0,1,0,1,1,0,0,0,0,0,0,1,0.2222222222222222,9.687813132708197,1
85,1,0,1,0,1,0,0,1,1,0,1,1,1,0,0,0,0,0,0,1,0,1,0,0,0,1,0,1,1,0,1,0,0,0,0,1,0.3055555555555556,9.410516318483033,1
86,1,1,1,0,1,0,0,1,0,0,0,1,1,0,0,1,0,0,0,1,0,1,0,0,0,1,0,1,1,0,1,0,0,0,0,1,0.3611111111111111,12.70537305067242,1
87,1,0,1,0,1,0,0,1,1,1,0,1,1,0,0,1,0,0,1,1,0,1,0,0,0,1,0,1,1,0,1,0,0,0,0,1,0.3611111111111111,13.922703807728475,1
88,1,0,1,0,1,0,0,1,1,1,1,0,1,0,1,1,0,0,1,1,0,1,0,0,0,1,0,1,1,0,1,0,0,0,1,1,0.3611111111111111,17.140707368862277,1
89,1,0,1,0,1,0,1,1,1,0,1,0,1,0,1,0,0,0,1,1,0,1,0,0,0,1,0,0,1,0,1,0,0,0,1,1,0.3055555555555556,8.922082997393733,1
90,1,1,1,0,1,0,0,1,1,1,1,1,0,0,0,1,0,0,0,1,0,1,0,0,0,1,0,1,1,0,1,0,0,0,0,1,0.3333333333333333,17.062786484805617,1
91,1,0,0,0,1,0,0,1,1,1,1,0,0,0,1,1,0,0,1,1,0,1,0,0,0,1,0,1,1,0,1,0,0,0,0,1,0.25,15.727370015374142,1
92,1,1,1,0,1,0,0,1,0,0,1,0,1,0,0,0,0,0,0,1,0,1,0,0,0,1,0,1,1,0,1,0,0,0,0,1,0.25,11.747878913704547,1
93,1,0,1,0,1,0,0,1,1,1,1,0,0,0,1,1,0,0,1,1,0,1,0,0,0,1,0,0,1,0,0,0,0,0,0,1,0.3333333333333333,11.802247826836718,1
94,1,0,1,0,1,0,0,1,1,0,1,0,0,0,0,0,0,0,1,1,0,1,0,0,0,1,0,0,0,0,0,0,1,0,0,1,0.25,6.956606802816906,1
95,1,0,1,0,1,0,1,1,1,0,1,0,0,0,0,1,0,0,1,1,0,1,0,0,0,1,0,1,1,0,1,0,1,0,0,1,0.3333333333333333,17.313651797072875,1
96,0,0,1,0,1,0,0,1,1,1,1,0,1,0,0,1,0,0,1,1,1,1,0,0,0,1,0,1,0,0,0,0,0,0,0,1,0.2777777777777778,13.235127981212564,1
97,1,1,1,0,1,0,0,1,1,0,1,1,1,0,0,1,0,0,1,1,0,1,0,0,0,0,0,0,1,0,1,0,0,0,0,1,0.3055555555555556,14.59676137729293,1
98,1,0,1,0,1,0,0,1,1,0,1,0,1,0,0,1,0,0,1,1,0,0,0,0,0,1,0,0,1,0,1,0,0,0,0,1,0.3333333333333333,6.231969981971997,1
99,1,1,1,0,1,0,0,1,1,0,1,1,0,0,1,1,0,0,1,0,1,1,0,0,0,1,0,0,0,0,0,0,0,0,0,1,0.3611111111111111,19.377531627630816,1
