,0,1,2,3,4,5,6,7,8,9,10,11,12,13,14,15,16,17,18,19,20,21,22,23,24,25,26,27,28,29,30,31,32,33,34,35,36,37,38,39,40,41,42,43,44,45,46,47,48,49,50,51,52,53,chain_break_fraction,energy,num_occurrences
0,0,0,1,0,1,0,1,0,0,1,0,1,1,0,1,0,0,1,0,1,1,1,1,0,1,1,1,1,0,0,1,0,0,1,1,0,1,1,0,1,0,0,1,0,0,0,1,0,0,0,1,0,0,1,0.3333333333333333,610.6019433843925,1
1,0,1,0,1,0,0,0,1,1,0,1,0,0,1,0,1,1,0,1,0,1,0,0,1,0,0,0,0,1,1,0,1,1,0,0,0,0,0,1,0,1,1,0,1,0,1,0,1,1,1,0,1,1,0,0.2962962962962963,423.54491520622656,1
2,1,1,0,1,0,0,0,1,0,0,1,0,1,1,0,1,1,0,1,0,1,0,0,1,0,0,0,0,1,0,0,1,1,0,0,1,0,0,1,0,1,1,0,1,0,1,0,1,1,1,0,1,1,0,0.3333333333333333,469.6344337685676,1
3,1,1,0,1,0,0,0,1,0,0,1,0,0,1,0,1,1,0,1,0,1,0,0,1,0,0,0,0,1,1,0,1,1,0,0,1,0,0,1,0,1,1,0,1,0,1,0,1,1,1,0,1,1,0,0.35185185185185186,709.4926486141775,1
4,0,1,0,1,0,0,0,1,0,0,1,0,0,1,0,1,1,0,1,0,1,0,0,1,0,0,0,0,1,0,0,1,1,0,0,1,0,0,1,0,1,1,0,1,0,1,0,1,1,1,0,1,1,0,0.3148148148148148,532.3048392863894,1
5,1,1,0,1,0,0,0,1,1,0,1,0,0,1,0,1,1,0,1,0,1,0,0,1,0,0,0,0,1,1,0,1,1,0,0,1,0,0,1,0,1,1,0,1,1,1,0,1,1,1,0,1,1,0,0.2962962962962963,768.5979029254669,1
6,1,1,0,1,0,0,0,1,1,0,1,0,0,1,0,1,1,0,1,0,1,0,0,1,0,0,0,0,1,0,0,1,1,0,0,1,0,0,1,0,0,1,0,1,0,1,0,1,1,1,0,1,1,0,0.3148148148148148,349.0908946813589,1
7,1,1,0,1,0,0,0,1,0,0,1,0,0,1,0,1,1,0,1,0,1,0,0,1,0,0,0,0,1,1,0,1,1,0,0,0,0,0,1,0,1,1,0,0,0,1,0,1,1,1,0,1,1,0,0.35185185185185186,427.5949704154925,1
8,1,1,0,1,0,0,0,1,1,0,1,0,0,1,0,0,1,0,1,0,1,0,0,1,0,0,0,0,1,1,0,1,1,0,0,1,0,0,1,0,1,1,0,1,0,1,0,1,1,1,0,1,1,0,0.3333333333333333,606.7625134574921,1
9,0,1,0,1,0,1,0,1,1,0,1,0,0,1,0,1,1,0,1,0,1,0,0,1,0,0,0,0,1,0,0,1,1,0,0,0,0,0,1,0,1,1,0,1,1,1,0,1,1,1,0,1,1,0,0.3148148148148148,349.2116829797773,1
10,0,0,1,1,1,0,1,0,1,1,0,1,1,0,1,0,0,1,0,1,0,1,1,0,1,1,1,1,0,0,1,0,0,1,1,0,1,1,0,1,0,0,1,0,0,0,1,0,0,0,1,0,0,1,0.3148148148148148,645.5323533876538,1
11,0,1,0,1,0,0,0,1,1,0,1,0,0,1,0,1,1,0,1,0,1,0,0,1,0,0,0,0,1,1,0,1,1,0,0,1,0,0,1,0,1,1,0,1,0,1,0,1,1,1,0,1,1,0,0.37037037037037035,599.1566298584079,1
12,1,0,1,0,1,1,1,0,0,1,0,1,1,0,1,0,0,1,0,1,0,1,1,0,0,1,1,1,0,1,1,0,0,1,1,0,1,1,0,1,0,0,1,1,0,0,1,0,0,0,1,0,0,1,0.35185185185185186,445.9626625528144,1
13,1,1,0,1,0,0,0,1,0,0,1,0,0,1,0,1,1,0,0,0,1,0,0,1,0,0,0,0,1,0,0,1,1,0,0,1,0,0,1,0,1,1,0,0,1,1,0,1,1,1,0,1,1,0,0.2777777777777778,640.1989412831207,1
14,0,1,0,1,0,0,0,1,0,0,1,0,0,1,0,1,1,0,1,0,1,0,0,1,1,0,0,0,1,0,0,1,1,0,0,0,0,0,1,0,0,1,0,0,0,1,0,1,1,1,0,1,1,0,0.25925925925925924,245.0351077264935,1
15,0,1,0,1,0,0,0,1,0,0,1,0,0,1,0,1,1,0,1,0,1,0,0,1,0,0,0,0,1,0,0,1,1,0,0,1,0,0,1,0,1,1,0,0,0,1,0,1,1,1,0,1,1,0,0.3333333333333333,451.58398856853233,1
16,0,0,1,0,1,1,1,0,1,1,0,1,1,0,1,0,0,1,0,1,0,1,1,0,1,1,1,0,0,0,1,0,0,1,1,0,1,1,0,1,0,0,1,1,1,0,1,0,0,0,1,0,0,1,0.2962962962962963,618.334243017596,1
17,0,0,1,0,1,0,1,0,1,1,0,1,1,0,1,0,0,1,0,1,1,1,1,0,0,1,1,1,0,0,1,0,0,1,1,0,1,1,0,1,0,0,1,1,0,0,1,0,0,0,1,0,0,1,0.2777777777777778,675.4141364805815,1
18,0,0,1,0,1,1,1,0,0,1,0,1,1,0,1,0,0,1,0,1,0,1,1,0,1,1,1,0,0,1,1,0,0,1,1,0,1,1,0,1,0,0,1,0,0,0,1,0,0,0,1,0,0,1,0.3148148148148148,523.9107518622075,1
19,0,0,1,0,1,0,1,0,0,1,0,1,1,0,1,0,0,1,0,1,0,1,1,0,1,1,1,0,0,0,1,0,0,1,1,0,1,1,0,1,1,0,1,0,0,0,1,0,0,0,1,0,0,1,0.3333333333333333,403.53019935585553,1
20,0,0,1,0,1,1,1,0,0,1,0,1,0,0,1,0,0,1,0,1,0,1,1,0,1,1,1,0,0,0,1,0,0,1,1,0,0,1,0,1,0,0,1,0,1,0,1,0,0,0,1,0,0,1,0.2777777777777778,513.3595571672412,1
21,1,1,0,1,0,1,0,1,1,0,1,0,0,1,0,1,0,0,1,0,1,0,0,1,0,0,0,0,1,1,0,1,1,0,0,1,0,0,1,0,0,1,0,1,0,1,0,1,1,1,0,1,1,0,0.37037037037037035,471.0892243215309,1
22,0,0,1,1,1,1,1,0,0,1,0,1,0,0,1,0,0,1,0,1,0,1,1,0,1,1,1,1,0,0,1,0,0,1,1,0,1,1,0,1,1,0,1,0,0,0,1,0,0,0,1,0,0,1,0.3333333333333333,530.3744621101434,1
23,1,1,0,1,0,1,0,1,0,0,1,0,0,1,0,1,1,0,1,0,1,0,0,1,0,0,0,0,1,0,0,1,1,0,0,1,0,0,1,0,1,1,0,1,1,1,0,1,1,1,0,1,0,0,0.3333333333333333,491.37043335447004,1
24,1,1,0,1,0,0,0,1,1,0,1,0,0,1,0,1,1,0,0,0,1,0,0,1,0,0,0,0,1,0,0,1,1,0,0,0,0,0,1,0,1,1,0,1,0,1,0,1,1,1,0,1,1,0,0.35185185185185186,295.74502761793747,1
25,1,0,1,0,1,1,1,0,0,1,0,1,1,0,1,0,0,1,0,1,0,1,1,0,1,1,1,1,0,1,1,0,0,1,1,0,1,1,0,1,0,0,1,0,0,0,1,0,0,0,1,0,0,0,0.3333333333333333,666.3929054481468,1
26,0,1,0,1,0,1,0,1,1,0,1,0,0,1,0,1,1,0,1,0,1,0,0,1,1,0,0,1,1,0,0,1,1,0,0,1,0,0,1,0,1,1,0,1,0,1,0,1,1,1,0,1,1,0,0.37037037037037035,361.01357578040336,1
27,0,0,1,1,1,1,1,0,0,1,0,1,1,0,1,0,0,1,0,1,0,1,1,0,1,1,1,0,0,0,1,0,0,1,1,0,1,1,0,1,0,0,1,0,1,0,1,0,0,0,1,0,0,1,0.2962962962962963,557.1819343740924,1
28,1,1,0,1,0,0,0,1,1,0,1,0,0,1,0,1,1,0,1,0,1,0,0,1,0,0,0,0,1,1,0,0,1,0,0,1,0,0,1,0,1,1,0,1,1,1,0,1,1,1,0,1,1,0,0.3333333333333333,664.526380868145,1
29,1,1,0,1,0,1,0,1,0,0,1,0,0,1,0,1,1,0,1,0,1,0,0,1,0,0,0,0,1,0,0,1,1,0,0,0,0,0,1,0,1,1,0,1,1,1,0,1,1,1,0,1,1,0,0.3148148148148148,395.59755287489446,1
30,1,1,0,1,0,1,0,1,1,0,1,0,0,1,0,1,1,0,1,0,1,0,0,1,0,0,0,0,1,0,0,1,1,0,0,0,0,0,1,0,1,1,0,1,1,1,0,1,1,1,0,1,1,0,0.35185185185185186,336.44451134537843,1
31,1,1,0,1,0,0,0,1,1,0,1,0,0,1,0,1,1,0,1,0,1,0,0,1,0,0,0,0,1,1,0,1,1,0,0,0,0,0,1,0,1,1,0,1,0,1,0,1,1,1,0,1,1,0,0.35185185185185186,400.60963313125245,1
32,1,1,0,1,0,0,0,1,0,0,1,0,1,1,0,1,0,0,1,0,1,0,0,1,0,0,0,0,1,1,0,1,1,0,0,1,0,0,1,0,1,1,0,1,0,1,0,1,1,1,0,1,1,0,0.35185185185185186,766.6983743226955,1
33,0,0,1,0,1,0,1,0,0,1,0,1,1,0,1,0,0,1,0,1,1,1,1,0,0,1,1,0,0,0,1,0,0,1,1,1,1,1,0,1,0,0,1,0,0,0,1,0,0,0,1,0,0,1,0.3333333333333333,488.9208197356386,1
34,1,1,0,0,0,0,0,1,1,0,1,0,0,1,0,1,1,0,1,0,1,0,0,1,0,0,0,0,1,0,0,0,1,0,0,1,0,0,1,0,1,1,0,1,0,1,0,1,1,1,0,1,1,0,0.37037037037037035,360.401477002746,1
35,0,0,1,1,1,1,1,0,1,1,0,1,0,0,1,0,0,1,0,1,0,1,1,0,1,1,1,0,0,0,1,0,0,1,1,1,1,1,0,1,0,0,1,0,0,0,1,0,0,0,1,0,0,1,0.3333333333333333,698.9974904701108,1
36,1,0,1,1,1,0,1,0,1,1,0,1,1,0,1,0,0,1,0,1,1,1,1,0,1,1,1,1,0,0,1,0,0,1,1,0,1,1,0,1,0,0,1,1,1,0,1,0,0,0,1,0,0,1,0.35185185185185186,669.7875955791567,1
37,1,1,0,1,0,1,0,1,1,0,1,0,0,1,0,1,1,0,1,0,1,0,0,1,0,0,0,0,1,1,0,1,1,0,0,1,0,0,1,0,1,1,0,1,1,1,0,1,1,1,0,1,1,0,0.3333333333333333,629.4374106366615,1
38,0,1,0,1,0,0,0,1,0,0,1,0,0,1,0,0,1,0,1,0,1,0,0,1,0,0,0,0,1,1,0,1,1,0,0,0,0,0,1,0,1,1,0,1,0,1,0,1,1,1,0,1,1,0,0.2962962962962963,576.8297087215236,1
39,1,1,0,1,0,0,0,1,1,0,1,0,0,1,0,1,1,0,0,0,1,0,0,1,1,0,0,0,1,0,0,1,1,0,0,1,0,0,1,0,1,1,0,1,0,1,0,1,1,1,0,1,1,0,0.35185185185185186,398.2427299066626,1
40,1,1,0,1,0,1,0,0,1,0,1,0,0,1,0,1,1,0,1,0,1,0,0,1,0,0,0,0,1,0,0,1,1,0,0,1,0,0,1,0,0,1,0,1,1,1,0,1,1,1,0,1,1,0,0.35185185185185186,455.0126998355512,1
41,0,0,1,1,1,0,1,0,0,1,0,1,1,0,1,0,0,1,0,1,1,1,1,0,1,1,1,1,0,0,1,0,0,0,1,1,1,1,0,1,0,0,1,0,0,0,1,0,0,0,1,0,0,1,0.35185185185185186,562.8854495311566,1
42,1,1,0,1,0,0,0,1,0,0,1,0,0,1,0,1,1,0,1,0,1,0,0,1,0,0,0,0,1,1,0,1,1,0,0,1,0,0,1,0,0,1,0,1,0,0,0,1,1,1,0,1,1,0,0.2777777777777778,574.0205577881871,1
43,0,1,0,1,0,1,0,1,1,0,1,0,0,1,0,1,0,0,1,0,1,0,0,1,0,0,0,0,1,0,0,1,1,0,0,0,0,0,1,0,1,1,0,1,0,1,0,1,1,1,0,1,1,0,0.37037037037037035,288.48252244882474,1
44,0,1,0,1,0,0,0,1,1,0,1,0,0,1,0,1,1,0,1,0,1,0,0,1,0,0,0,0,1,0,0,1,1,0,0,0,0,0,1,0,0,1,0,1,0,1,0,1,1,1,0,1,1,0,0.37037037037037035,258.83727146141564,1
45,1,1,0,1,0,1,0,1,0,0,1,0,0,1,0,1,1,0,0,0,1,0,0,1,0,0,0,0,1,1,0,0,1,0,0,1,0,0,1,0,1,1,0,1,1,1,0,1,1,1,0,1,1,0,0.35185185185185186,709.7847826846696,1
46,1,1,0,1,0,1,0,1,1,0,1,0,0,1,0,1,0,0,1,0,1,0,0,1,0,0,0,1,1,0,0,1,1,0,0,1,0,0,1,0,1,1,0,1,0,1,0,1,1,1,0,1,1,0,0.3333333333333333,409.3512374815792,1
47,0,0,1,1,1,1,1,0,0,1,0,1,0,0,1,0,0,1,0,1,0,1,1,0,1,1,1,1,0,0,1,0,0,1,1,0,1,1,0,1,0,0,1,0,1,0,1,0,0,0,1,0,0,1,0.35185185185185186,488.1114479380207,1
48,1,1,0,0,0,1,0,1,1,0,1,0,0,1,0,1,1,0,1,0,1,0,0,1,0,0,0,0,1,0,0,1,1,0,0,0,0,0,1,0,1,1,0,1,1,1,0,1,1,1,0,1,1,0,0.3333333333333333,350.27928643769917,1
49,1,1,0,1,0,0,0,1,1,0,1,0,0,1,0,1,1,0,1,0,1,0,0,1,0,0,0,0,1,1,0,1,1,0,0,0,0,0,1,0,0,1,1,1,0,1,0,1,1,1,0,1,1,0,0.35185185185185186,375.2402510622271,1
50,0,0,1,0,1,0,1,0,0,1,0,1,1,1,1,0,0,1,1,1,0,1,1,0,1,1,1,0,0,1,1,0,0,1,1,0,1,1,0,1,0,0,1,0,0,0,1,0,0,0,1,0,0,1,0.3333333333333333,477.46244729536164,1
51,0,0,1,0,1,1,1,0,1,1,0,1,1,1,1,0,0,1,0,1,0,1,1,0,1,1,1,1,0,0,1,0,0,1,1,0,1,1,0,1,0,0,1,0,1,0,1,0,0,0,1,0,0,1,0.35185185185185186,753.2782401511971,1
52,0,1,0,1,0,0,0,1,1,0,1,0,0,1,0,1,1,0,1,0,1,0,0,1,1,0,0,0,1,0,0,1,1,0,0,0,0,0,1,0,0,1,0,1,0,1,0,1,1,1,0,1,1,0,0.3148148148148148,248.34798927481538,1
53,1,1,0,1,0,0,0,1,0,0,1,0,0,1,0,1,0,0,1,0,1,0,0,1,0,0,0,0,1,1,0,1,1,0,0,0,0,0,1,0,0,1,0,1,0,1,0,1,1,1,0,1,1,0,0.3888888888888889,500.21749793707465,1
54,0,1,0,1,0,0,0,1,0,0,1,0,0,1,0,1,1,0,0,0,1,0,0,1,0,0,0,0,1,0,0,1,1,0,0,0,0,0,1,0,0,1,0,1,0,1,0,1,1,1,0,1,1,0,0.35185185185185186,329.9008574545769,1
55,1,1,0,0,0,1,0,0,1,0,1,0,1,1,0,1,0,0,1,0,1,0,0,1,0,0,0,0,1,1,0,1,1,0,0,1,0,0,1,0,1,1,0,1,0,1,0,1,1,1,0,1,1,0,0.35185185185185186,592.7391488091268,1
56,1,1,0,1,0,1,0,1,1,0,1,0,1,1,0,1,1,0,0,0,1,0,0,1,1,0,0,0,1,0,0,1,1,0,0,1,0,0,1,0,1,1,0,1,0,1,0,1,1,1,0,1,1,0,0.3333333333333333,330.42317487378034,1
57,0,0,1,1,1,0,1,0,0,1,0,1,1,0,1,0,0,1,0,1,1,1,1,0,1,1,1,1,0,1,1,0,0,1,1,0,1,1,0,1,0,0,1,0,0,0,1,0,0,0,1,0,0,1,0.35185185185185186,531.3734199108616,1
58,1,1,0,1,0,0,0,1,0,0,1,0,0,1,0,1,1,0,1,0,1,0,0,1,0,0,0,0,1,1,0,1,1,0,0,0,0,0,1,0,0,1,0,1,1,1,0,1,1,1,0,1,1,0,0.3148148148148148,608.0423028908823,1
59,1,1,0,1,0,0,0,1,0,0,1,0,0,1,0,1,1,0,1,0,1,0,0,1,0,0,0,0,1,0,0,1,1,0,0,1,0,0,1,0,1,1,0,0,0,1,0,1,1,1,0,1,1,0,0.3333333333333333,423.73301161622857,1
60,1,0,1,1,1,0,1,0,0,1,0,1,0,0,1,0,0,1,0,1,1,1,1,0,1,1,1,0,0,0,1,0,0,1,1,0,1,1,0,1,1,0,1,0,0,0,1,0,0,0,1,0,0,0,0.3333333333333333,777.6430940422438,1
61,1,1,0,1,0,1,0,1,1,0,1,0,1,1,0,1,0,0,0,0,1,0,0,1,0,0,0,0,1,0,0,1,1,0,0,1,0,0,1,0,1,1,0,1,0,1,0,1,1,1,0,1,1,0,0.35185185185185186,383.37627894041606,1
62,1,1,0,1,0,0,0,1,0,0,1,0,0,1,0,1,1,0,0,0,1,0,0,1,0,0,0,0,1,0,0,1,1,0,0,1,0,0,1,0,1,1,0,0,1,1,0,1,1,0,0,1,1,0,0.3148148148148148,544.3707008790809,1
63,0,0,1,0,1,1,1,0,1,1,0,1,1,0,1,0,0,1,0,1,0,1,1,0,0,1,1,1,0,1,1,0,0,1,1,0,1,1,0,1,0,0,0,0,1,1,1,0,0,0,1,0,0,1,0.35185185185185186,506.6948896167839,1
64,0,1,0,0,0,1,0,1,1,0,1,0,0,1,0,1,1,0,1,0,1,0,0,1,0,0,0,0,1,1,0,1,1,0,0,0,0,0,1,0,0,1,0,1,0,1,0,0,1,1,0,1,1,0,0.3333333333333333,269.1303794591673,1
65,1,1,0,1,0,0,0,1,1,0,1,0,0,1,0,1,0,0,1,0,1,0,0,1,1,0,0,0,1,1,0,1,1,0,0,0,0,0,1,0,1,1,0,1,0,1,0,1,1,1,0,1,0,0,0.3333333333333333,378.0118543699256,1
66,0,1,0,1,0,0,0,1,1,0,1,0,0,1,0,1,1,0,1,0,1,0,0,1,0,0,0,0,1,0,0,1,1,1,0,1,0,0,1,0,1,1,0,1,0,0,0,1,1,1,0,1,1,0,0.2962962962962963,424.80551150876795,1
67,0,1,0,1,0,0,0,1,0,0,1,0,1,1,0,1,0,0,0,0,1,0,0,1,0,0,0,0,1,0,0,1,1,0,0,0,0,0,1,0,1,1,0,1,1,1,0,1,1,1,0,1,1,0,0.3333333333333333,613.163897592571,1
68,1,1,0,1,0,0,0,1,1,0,1,0,0,1,0,1,1,0,0,0,1,0,0,1,0,0,0,0,1,0,0,1,1,0,0,1,0,0,1,0,1,1,0,1,1,1,0,1,1,1,0,1,1,0,0.3888888888888889,593.0975886993867,1
69,1,1,0,1,0,0,0,1,1,0,1,0,0,1,0,1,0,0,1,0,1,0,0,1,1,0,0,0,1,0,0,1,1,0,0,1,0,0,1,0,1,1,1,1,0,1,0,1,1,1,0,1,1,0,0.3333333333333333,462.0134676629368,1
70,1,1,0,1,0,0,0,1,1,0,1,0,0,1,0,1,1,0,0,0,1,0,0,1,0,0,0,0,1,0,0,1,1,0,0,1,0,0,1,0,1,1,0,0,1,1,0,1,0,1,0,1,1,0,0.3148148148148148,471.2190552406545,1
71,0,1,0,1,0,0,0,1,0,0,1,0,0,1,0,0,1,0,1,0,1,0,0,1,1,0,0,0,1,0,0,1,1,0,0,0,0,0,1,0,1,1,0,1,0,1,0,1,1,1,0,1,1,0,0.2777777777777778,363.7510555654046,1
72,0,0,1,1,1,1,1,0,0,1,0,1,1,0,1,0,0,1,0,1,0,1,1,0,1,1,1,1,0,0,1,0,0,1,1,0,1,1,0,1,0,0,0,1,1,0,1,0,0,0,1,0,0,1,0.35185185185185186,497.3975536547712,1
73,1,1,0,1,0,1,0,1,1,0,1,0,0,1,0,1,0,0,1,0,1,0,0,1,1,0,0,0,1,0,0,1,1,0,0,0,0,0,1,0,1,1,0,1,0,1,0,1,1,1,0,1,1,0,0.35185185185185186,272.08742586078904,1
74,1,1,0,1,0,0,0,1,1,0,1,0,0,1,0,1,1,0,0,0,1,0,0,1,0,0,0,0,1,0,0,1,1,0,0,1,0,0,1,0,0,1,0,1,0,1,0,1,1,1,0,1,1,0,0.3333333333333333,369.19363179717277,1
75,0,0,1,1,1,1,1,0,0,1,0,1,1,0,1,0,0,1,0,1,0,1,1,0,0,1,1,0,0,0,1,0,0,1,1,0,1,1,0,1,0,0,1,0,0,0,1,0,0,0,1,0,0,1,0.35185185185185186,653.0454879634489,1
76,1,1,0,1,0,0,0,1,1,0,1,0,0,1,0,1,1,0,1,0,1,0,0,1,0,0,0,0,1,1,0,1,1,0,0,1,0,0,1,0,1,1,0,1,1,1,0,1,1,0,0,1,1,0,0.3888888888888889,663.6196703651516,1
77,1,1,0,1,0,1,0,1,0,0,1,0,0,1,0,1,0,0,1,0,1,0,0,1,0,0,0,0,1,1,0,1,1,0,0,1,1,0,1,0,1,1,0,1,0,1,0,1,1,1,0,1,1,0,0.2777777777777778,698.6754622438392,1
78,1,1,0,1,0,0,0,1,1,0,1,0,1,1,0,1,1,0,0,0,1,0,0,1,0,0,0,0,1,1,0,0,1,0,0,1,0,0,1,0,1,1,0,1,0,1,0,1,1,1,0,1,1,0,0.35185185185185186,487.55136635088996,1
79,1,1,0,1,0,1,0,1,1,0,1,0,0,1,0,1,1,0,1,0,1,0,0,1,0,0,0,0,1,0,0,1,1,0,0,1,0,0,1,0,1,0,0,1,1,1,0,1,1,1,0,1,1,0,0.35185185185185186,368.4424536572605,1
80,0,1,0,1,0,0,0,1,1,0,1,0,0,1,0,1,1,0,1,0,1,0,0,1,0,0,0,0,1,0,0,1,1,0,0,1,0,0,1,0,1,1,1,1,0,1,0,1,1,1,0,1,1,0,0.37037037037037035,454.6419342791692,1
81,1,1,0,1,0,1,0,1,1,0,1,0,0,1,0,1,1,0,1,0,1,0,0,1,0,0,0,0,1,0,0,0,1,0,0,1,0,0,1,0,0,1,0,1,1,1,0,1,0,1,0,1,1,0,0.2777777777777778,347.6379184609018,1
82,0,0,1,1,1,1,1,0,0,1,0,1,0,0,1,0,0,1,0,1,1,1,1,0,1,1,1,1,0,0,1,0,0,1,1,0,1,1,0,1,0,0,1,1,1,0,1,0,0,0,1,0,0,1,0.35185185185185186,604.4266163572026,1
83,0,1,0,1,0,1,0,1,1,0,1,0,0,1,0,1,1,0,0,0,1,0,0,1,0,0,0,0,1,0,0,1,1,0,0,1,0,0,1,0,1,1,0,1,0,1,0,1,1,1,0,1,1,0,0.2962962962962963,371.78949329777925,1
84,1,0,1,1,1,0,1,0,1,1,0,1,0,0,1,0,0,1,0,1,0,1,1,0,1,1,1,0,0,0,1,0,0,1,1,0,1,1,0,1,0,0,0,0,1,0,1,0,0,0,1,0,0,1,0.3148148148148148,580.7805495856084,1
85,0,1,0,0,0,0,1,1,0,0,1,0,0,1,0,1,0,0,1,0,1,0,0,1,0,0,0,1,1,1,0,1,1,0,0,1,0,0,1,0,1,1,0,1,0,1,0,0,1,1,0,1,1,0,0.2962962962962963,683.0706743547203,1
86,1,0,1,1,1,1,1,0,0,1,0,1,1,0,1,0,0,1,0,1,1,1,1,0,1,1,1,0,0,1,1,0,0,1,1,0,1,1,0,1,1,0,0,0,1,0,1,0,0,0,1,0,0,1,0.3333333333333333,623.5487189780357,1
87,1,1,0,1,0,1,0,0,0,0,1,0,0,1,0,1,1,0,1,0,1,0,0,1,0,0,0,0,1,0,0,1,1,0,0,0,0,0,1,0,0,1,1,1,0,1,0,1,1,1,0,1,1,0,0.3333333333333333,300.258262464061,1
88,0,1,0,1,0,1,0,1,0,0,1,0,0,1,0,1,0,0,0,0,1,0,0,1,0,0,0,0,1,1,0,1,1,0,0,0,0,0,1,0,0,1,0,1,0,1,0,1,1,1,0,1,0,0,0.37037037037037035,394.04837506371524,1
89,1,1,0,1,0,0,0,1,1,0,1,0,0,1,0,1,1,0,1,0,1,0,0,1,1,0,0,0,1,1,0,1,1,0,0,1,1,0,1,0,0,1,0,0,0,1,0,1,1,1,0,1,1,0,0.3888888888888889,430.70731365893823,1
90,0,1,0,1,0,1,0,1,0,0,1,0,0,1,0,1,1,0,1,0,1,0,0,1,1,0,0,0,1,1,1,1,1,0,0,0,0,0,1,0,0,1,1,1,0,1,0,1,1,1,0,1,1,0,0.3148148148148148,407.65442840569636,1
91,1,1,0,1,0,1,0,1,0,0,1,0,0,1,0,1,1,0,0,0,1,0,0,1,0,0,0,0,1,0,0,1,1,0,0,1,0,0,1,0,0,1,0,1,0,1,0,1,1,1,0,1,0,0,0.3888888888888889,330.2275373904262,1
92,0,1,0,1,0,1,0,1,1,0,1,0,0,1,0,1,1,0,1,0,1,0,0,1,0,0,0,0,1,0,0,0,1,0,0,1,0,0,1,0,0,1,0,1,1,1,0,1,1,1,0,1,1,0,0.3333333333333333,379.90956821772903,1
93,1,1,0,1,0,0,0,1,1,0,1,0,0,1,0,1,0,0,0,0,1,0,0,1,0,0,0,0,1,0,0,1,1,0,0,1,0,0,1,0,1,1,0,1,0,1,0,1,0,1,0,1,1,0,0.37037037037037035,451.41090110687264,1
94,1,1,0,1,0,1,0,0,1,0,1,0,0,1,1,1,1,0,0,0,1,0,0,1,0,0,0,0,1,0,0,1,1,0,0,1,0,0,1,0,1,1,0,1,0,1,0,1,1,0,0,1,0,0,0.3333333333333333,313.4799389005732,1
95,1,1,0,1,0,1,0,1,0,0,1,0,0,1,0,1,0,0,0,0,1,0,0,1,1,0,0,0,1,1,0,1,1,0,0,0,0,0,1,0,0,1,0,1,0,1,0,1,1,0,0,1,1,0,0.2777777777777778,343.69353304010207,1
96,0,0,1,1,1,0,1,0,1,1,0,1,0,0,1,0,0,1,0,1,0,0,1,0,1,1,1,1,0,0,1,0,0,1,1,1,1,1,0,1,0,0,1,0,0,1,1,0,0,1,1,0,0,1,0.3333333333333333,383.5790361085248,1
97,1,1,0,1,0,1,0,1,1,0,1,0,0,1,0,1,1,0,0,0,1,0,0,1,0,0,0,0,1,0,0,1,1,0,0,1,0,0,1,0,0,1,0,1,1,1,0,1,1,1,0,1,1,0,0.35185185185185186,432.67462165672,1
98,0,1,0,1,0,1,0,1,0,0,0,0,1,1,0,1,0,0,1,0,1,0,0,1,0,0,0,0,1,0,0,1,1,0,0,0,0,0,1,0,0,1,0,1,0,1,0,1,1,1,0,1,1,0,0.37037037037037035,305.9014514398002,1
99,0,1,0,0,0,1,0,1,0,1,1,0,0,1,0,1,1,0,0,0,1,0,0,1,1,0,0,0,1,0,0,1,1,0,0,0,1,0,1,0,0,1,0,1,1,1,0,1,0,1,0,1,1,0,0.3148148148148148,365.28159427611104,1
