,0,1,2,3,4,5,6,7,8,9,10,11,12,13,14,15,16,17,18,19,20,21,22,23,24,25,26,27,28,29,30,31,32,33,34,35,chain_break_fraction,energy,num_occurrences
0,0,1,1,1,0,1,0,1,0,0,0,1,0,0,1,0,0,0,0,0,1,0,1,0,0,0,0,0,1,0,1,1,0,0,1,1,0.25,15.917133422775338,1
1,0,1,1,1,1,1,0,1,0,0,0,1,0,0,1,0,0,0,0,0,1,0,1,0,0,0,0,0,0,0,1,1,0,0,1,1,0.25,22.727909138155894,1
2,0,1,1,1,0,1,0,1,0,0,0,1,0,0,1,0,0,0,0,0,0,0,1,0,0,0,0,0,1,0,1,1,0,0,1,1,0.25,17.028000913711125,1
3,0,1,1,1,0,1,0,1,0,0,0,1,0,0,1,0,0,0,0,0,1,0,1,0,0,0,0,0,0,0,1,1,0,0,1,1,0.25,18.042311659890416,1
4,0,1,1,1,1,1,0,1,0,0,0,1,0,0,1,0,0,0,0,0,1,0,1,1,1,0,0,0,1,0,1,1,0,0,1,1,0.25,21.142285636364583,1
5,0,1,1,1,1,1,0,1,0,0,0,1,0,0,1,0,0,0,0,0,1,1,1,0,1,0,0,0,0,0,1,1,0,0,1,1,0.2777777777777778,21.0859249706743,1
6,0,1,0,1,1,1,0,1,0,0,0,1,0,0,1,0,0,0,0,0,1,0,1,0,1,0,0,0,0,0,1,1,0,0,1,1,0.2222222222222222,16.299656740773514,1
7,0,1,1,1,1,1,0,1,0,0,0,1,0,0,1,0,0,0,0,0,1,0,1,0,0,0,0,0,0,0,1,1,0,0,1,1,0.2777777777777778,22.727909138155894,1
8,0,1,0,1,1,1,0,1,0,0,0,1,0,0,1,0,0,0,0,0,1,1,1,0,1,0,0,0,0,0,1,1,0,0,1,1,0.2777777777777778,18.095340929343926,1
9,0,1,1,1,0,1,0,1,0,0,0,1,0,0,1,0,0,0,0,0,1,0,1,0,1,0,0,0,0,0,1,0,0,0,1,1,0.25,16.909305706002165,1
10,0,1,1,1,0,1,0,1,0,0,0,1,0,0,1,0,0,0,0,0,1,0,1,1,1,0,0,0,0,0,1,1,0,0,1,1,0.25,19.02472744321887,1
11,0,1,1,1,0,1,0,1,0,0,0,1,0,0,1,0,0,0,0,0,1,1,1,0,1,0,0,0,0,0,1,1,0,0,1,1,0.25,18.095340929343926,1
12,0,1,1,1,1,1,0,1,0,0,0,1,0,0,1,0,0,0,0,0,0,0,1,0,0,0,0,0,1,0,1,1,1,0,1,1,0.25,19.430854237024338,1
13,0,1,1,1,1,1,0,1,0,0,0,1,0,0,1,0,0,0,0,0,1,1,1,0,0,0,0,0,0,0,1,1,0,0,1,1,0.25,22.45116403253253,1
14,0,1,1,1,0,1,0,1,0,0,0,1,0,0,1,0,0,0,0,0,1,0,1,0,0,0,0,0,1,0,1,1,0,0,1,0,0.19444444444444445,22.406251628487105,1
15,0,1,1,1,1,1,0,1,0,0,0,1,0,0,1,0,0,0,0,0,1,0,1,0,1,0,0,1,1,0,1,1,0,0,1,1,0.19444444444444445,19.230979926738165,1
16,0,1,0,1,0,1,0,1,0,0,0,1,0,0,1,0,0,0,0,0,1,0,1,1,1,0,0,0,0,0,1,1,0,0,1,1,0.25,17.103560041890205,1
17,0,1,1,1,1,1,0,1,0,0,0,1,0,0,1,0,0,0,0,0,0,1,1,0,0,0,0,0,1,0,1,1,0,0,1,1,0.2777777777777778,20.412314496627715,1
18,0,1,1,1,1,0,0,1,0,0,0,1,0,0,1,0,0,0,0,0,0,0,1,0,0,0,0,0,0,0,1,1,0,0,1,1,0.2222222222222222,14.441524241537172,1
19,0,1,1,1,1,1,0,0,0,0,0,1,0,0,1,0,0,0,0,0,1,0,1,0,0,0,0,0,1,0,1,0,0,0,1,1,0.19444444444444445,15.294245522259242,1
20,0,1,1,1,1,1,0,1,0,0,0,1,0,0,0,0,0,0,0,0,1,0,1,0,0,0,0,0,1,0,1,1,0,0,1,1,0.25,15.917133422775342,1
21,0,1,1,1,1,1,0,1,0,0,0,1,0,1,1,0,0,0,0,0,1,1,1,0,0,0,0,0,1,0,1,1,0,0,1,1,0.19444444444444445,25.434712569101706,1
22,0,1,1,1,1,0,0,1,0,0,0,1,0,0,1,0,0,0,0,0,1,0,1,0,1,0,0,0,0,0,1,0,0,0,1,1,0.1111111111111111,11.781183939084638,1
23,0,1,1,1,0,1,0,1,0,0,0,1,0,0,1,0,0,0,0,0,0,0,1,0,1,0,0,0,1,0,1,1,0,0,1,1,0.2777777777777778,15.639522314528373,1
24,0,1,1,1,0,1,0,1,0,0,0,1,0,0,1,0,0,0,0,0,1,0,1,0,1,0,0,0,1,0,1,0,0,0,1,0,0.19444444444444445,21.877402431300336,1
25,0,1,1,1,0,1,0,1,0,0,0,1,0,0,1,0,0,0,0,0,1,0,1,0,0,0,0,1,1,0,1,1,0,0,1,1,0.19444444444444445,16.0487642292755,1
26,0,1,1,1,1,1,0,1,0,0,0,1,0,0,1,0,0,0,0,0,1,1,1,0,0,0,0,0,1,0,1,0,0,0,1,1,0.25,19.857687065238906,1
27,0,1,1,1,0,1,0,1,0,0,0,1,0,0,1,0,0,0,0,0,0,0,1,0,0,0,0,0,1,0,1,1,1,0,1,1,0.19444444444444445,15.271977228737516,1
28,0,1,1,1,1,1,0,1,0,0,0,1,0,0,1,0,0,0,0,0,1,0,1,0,1,0,0,0,1,0,1,1,0,0,1,1,0.3611111111111111,18.52946709144198,1
29,0,1,1,1,1,1,0,1,0,0,0,1,0,1,1,0,0,0,0,0,1,1,1,0,1,0,0,0,0,0,1,1,0,0,1,1,0.25,25.82838465873042,1
30,0,1,1,1,0,1,0,1,0,0,0,1,0,0,0,0,0,0,0,0,0,1,1,0,0,0,0,0,0,0,1,1,0,0,1,1,0.25,15.271904121712682,1
31,0,1,1,1,1,1,0,1,0,0,0,1,0,0,0,0,0,0,0,0,1,0,1,0,0,0,0,0,1,0,1,1,0,0,1,1,0.25,15.917133422775342,1
32,0,1,0,1,0,1,0,1,0,0,0,1,0,0,1,0,0,0,0,0,0,0,1,1,1,0,0,1,1,0,1,1,0,0,1,1,0.25,19.472398578503494,1
33,0,1,1,1,1,1,0,1,0,0,0,1,0,0,0,0,0,0,0,0,1,0,1,1,0,0,0,0,1,0,1,0,0,0,1,1,0.2222222222222222,15.89843484862649,1
34,0,1,1,1,0,1,0,1,0,0,0,1,0,0,1,0,0,0,0,0,1,0,1,0,1,0,0,1,0,0,1,1,0,0,1,1,0.25,16.419890405449138,1
35,0,1,1,1,1,1,0,1,0,0,0,1,0,0,1,0,0,0,0,0,1,1,1,0,1,0,0,0,0,0,1,1,0,0,1,1,0.2777777777777778,21.0859249706743,1
36,0,1,1,1,0,1,0,1,0,0,0,1,0,0,1,0,0,0,0,0,1,0,1,0,0,0,0,0,1,0,1,1,0,0,1,1,0.2777777777777778,15.917133422775338,1
37,0,1,1,1,0,1,0,1,0,0,0,1,0,0,1,0,0,0,0,0,0,0,1,0,0,0,0,0,1,0,1,1,0,0,1,1,0.3055555555555556,17.028000913711125,1
38,0,1,1,1,1,1,0,1,0,0,0,1,0,0,1,0,0,0,0,0,0,0,1,1,0,0,0,1,1,0,1,1,1,0,1,1,0.2222222222222222,21.635998420415792,1
39,0,1,1,1,0,1,0,1,0,0,0,1,0,0,1,0,0,0,0,0,1,0,1,0,0,0,0,0,0,0,1,0,0,0,1,1,0.2222222222222222,19.85609193263042,1
40,0,1,1,1,1,1,0,1,0,0,0,1,0,0,1,0,0,0,0,0,0,0,1,0,0,0,0,0,1,0,1,1,0,0,1,1,0.25,21.687611971398738,1
41,0,1,0,1,0,1,0,1,0,0,0,1,0,0,1,0,0,0,0,0,0,1,1,1,0,0,0,0,1,0,1,1,0,0,1,1,0.2222222222222222,19.79674791940348,1
42,0,1,1,1,1,1,0,1,0,0,0,1,0,0,1,0,0,0,0,0,0,0,1,1,0,0,0,1,1,0,1,1,1,0,0,1,0.25,23.37980993670357,1
43,0,1,1,1,1,1,0,1,0,0,0,1,0,0,1,0,0,0,0,0,1,1,1,0,1,0,0,0,1,0,1,0,0,0,1,1,0.2222222222222222,18.151926416450635,1
44,0,1,1,1,1,1,0,1,0,0,0,1,0,0,1,0,0,0,0,0,1,0,1,1,1,0,0,1,1,0,1,1,0,0,1,1,0.2222222222222222,23.891479088974435,1
45,0,1,1,1,1,0,0,1,1,0,0,1,0,0,1,0,0,0,0,0,1,0,1,0,0,0,0,0,1,0,1,1,0,0,1,1,0.16666666666666666,12.92437838259948,1
46,0,1,0,1,1,1,0,1,0,0,0,1,0,0,1,0,0,0,0,0,1,0,1,0,1,0,0,0,0,0,1,0,0,0,1,1,0.2777777777777778,16.909305706002165,1
47,0,1,1,1,0,1,0,1,0,0,0,1,0,0,1,0,0,0,0,0,1,0,1,0,0,0,0,0,1,0,1,0,1,0,1,1,0.25,14.308375095361134,1
48,0,1,1,1,0,1,0,1,0,0,0,1,0,0,1,0,0,0,0,0,1,0,1,0,1,0,0,0,1,0,1,0,0,0,1,0,0.2222222222222222,21.877402431300336,1
49,1,1,1,1,1,1,0,1,0,0,0,1,0,0,1,0,0,0,0,0,1,1,1,1,0,0,0,1,1,0,1,1,0,0,1,0,0.3333333333333333,34.130682266919585,1
50,0,1,0,1,1,1,0,1,0,0,0,1,0,0,1,0,0,0,0,0,0,1,1,0,1,0,0,1,0,0,1,1,0,0,1,1,0.2222222222222222,18.321324066688753,1
51,0,1,1,1,1,1,0,1,0,0,0,1,0,0,0,0,0,0,0,0,1,0,1,0,0,0,0,0,1,0,1,1,0,0,1,1,0.19444444444444445,15.917133422775342,1
52,1,1,1,1,1,1,0,1,0,0,0,1,0,0,1,0,0,0,0,0,1,0,1,1,0,0,0,0,0,0,1,1,0,0,1,0,0.3333333333333333,36.73811679595741,1
53,0,1,1,1,0,1,0,1,0,0,0,1,0,0,1,0,0,0,0,0,1,0,1,1,0,0,0,0,0,0,1,1,1,0,1,0,0.2777777777777778,23.307469971455347,1
54,0,1,1,1,0,1,0,1,0,0,0,1,0,0,1,0,0,0,0,0,0,0,1,1,1,0,0,0,1,0,1,1,1,0,1,0,0.2222222222222222,19.792302502088905,1
55,0,1,1,1,1,1,0,1,0,0,0,1,0,0,1,0,0,0,0,0,1,0,1,0,1,0,0,0,0,0,1,1,0,0,1,1,0.25,20.34380327500333,1
56,0,1,1,1,1,0,1,1,0,0,0,1,0,0,1,0,0,0,0,0,1,0,1,0,1,0,0,0,0,0,1,0,0,0,1,1,0.1111111111111111,15.17433345662317,1
57,0,1,1,1,1,1,0,1,0,0,0,1,0,0,1,0,0,0,0,0,1,0,1,1,1,0,0,0,1,0,1,1,1,0,1,0,0.25,24.048190252079806,1
58,0,1,1,1,0,1,0,1,0,0,0,1,0,0,0,0,0,0,0,0,1,0,1,0,0,0,0,0,0,0,1,1,0,0,1,0,0.2777777777777778,20.4316046030464,1
59,0,1,1,1,0,0,1,1,0,0,0,1,0,0,1,0,0,0,0,0,1,0,1,0,0,0,0,0,1,0,1,0,0,0,1,1,0.2222222222222222,11.060945124362355,1
60,0,1,0,1,0,1,0,1,0,0,0,1,0,0,1,0,0,0,0,0,1,0,1,0,1,0,0,0,1,0,1,1,0,0,1,0,0.3055555555555556,15.602297374797267,1
61,0,1,1,1,1,1,0,1,0,0,0,1,0,0,1,0,0,0,0,0,1,0,1,1,0,0,0,0,0,0,1,0,0,0,1,1,0.2777777777777778,22.700008273197653,1
62,0,1,1,1,1,1,0,1,0,0,0,1,0,0,0,0,0,0,0,0,1,1,1,0,1,0,0,0,1,0,1,0,1,0,1,1,0.16666666666666666,13.793639423901157,1
63,0,1,0,1,0,1,0,1,0,0,0,1,0,0,1,0,0,0,1,0,1,0,1,0,0,0,0,0,1,0,1,1,0,0,1,1,0.2777777777777778,11.943658676534042,1
64,0,1,1,1,1,1,0,1,0,0,0,1,0,0,1,0,0,0,0,0,1,0,1,0,1,0,0,0,1,0,1,0,0,0,1,1,0.25,19.182562704575904,1
65,1,1,1,1,1,1,0,1,0,0,0,1,0,0,1,0,0,0,0,0,0,0,1,1,0,0,0,0,1,0,1,1,1,0,1,0,0.2777777777777778,31.850563194808654,1
66,0,1,1,1,0,1,0,1,1,0,0,1,0,0,1,0,0,0,0,0,1,1,1,0,1,0,0,0,1,0,0,0,0,0,1,1,0.2222222222222222,16.666354469086624,1
67,0,1,0,1,1,1,0,0,0,0,0,1,0,0,1,0,0,0,0,0,0,1,1,1,0,0,0,0,0,0,1,1,1,0,1,1,0.2222222222222222,20.808534786080994,1
68,0,1,0,1,1,1,0,1,0,0,0,1,0,0,1,0,0,0,0,0,1,0,1,1,0,0,0,0,1,0,1,1,1,0,1,0,0.2222222222222222,21.400046662692,1
69,0,1,1,1,1,1,0,1,0,0,0,1,0,0,1,0,0,0,0,0,1,0,1,0,1,0,0,0,1,0,1,1,0,0,1,0,0.3333333333333333,25.05000182339935,1
70,0,1,1,1,1,1,0,1,0,0,0,1,0,0,1,0,0,0,0,0,1,0,1,1,1,0,0,0,1,0,1,0,1,0,1,1,0.25,17.03086332398356,1
71,0,1,1,1,0,1,0,1,0,0,0,1,0,0,1,0,0,0,0,0,1,0,1,0,1,0,0,0,1,0,1,0,0,0,1,1,0.25,14.607208604685965,1
72,0,1,0,1,1,1,0,0,0,0,0,1,0,0,1,0,0,0,0,0,0,0,1,0,0,0,0,1,1,0,1,0,0,0,1,1,0.19444444444444445,11.586966461525172,1
73,0,1,1,1,1,1,0,1,0,0,0,1,0,0,0,0,0,0,0,0,1,0,1,1,0,0,0,1,1,0,0,1,0,0,1,1,0.3055555555555556,18.291397720980967,1
74,0,1,1,1,1,1,0,1,0,0,0,1,0,0,0,0,0,0,0,0,1,0,1,0,1,0,0,0,1,0,1,1,0,0,1,1,0.2777777777777778,15.03808822423976,1
75,0,1,1,1,0,1,0,1,0,0,0,1,0,0,1,0,0,0,0,0,1,1,1,0,1,0,0,0,0,0,1,1,0,0,1,1,0.2777777777777778,18.095340929343926,1
76,1,0,1,0,1,0,1,0,1,0,0,0,0,1,0,0,1,0,0,0,1,1,0,0,0,0,0,0,1,0,0,0,1,0,1,1,0.0,1.9705893108436783,1
77,0,1,1,1,0,1,0,1,0,0,0,1,0,0,1,0,0,0,0,0,1,1,1,1,1,0,0,1,1,0,1,1,1,0,1,1,0.3055555555555556,33.662825315876475,1
78,0,1,1,1,0,1,0,1,0,0,0,1,0,0,0,0,0,0,0,0,1,0,0,0,1,0,0,0,1,0,1,1,0,0,1,0,0.2222222222222222,16.37368609163752,1
79,0,0,0,0,0,0,0,0,1,1,1,0,1,1,0,1,1,1,1,1,1,1,0,0,0,1,0,0,0,1,0,0,0,1,1,1,0.2777777777777778,24.79485423592899,1
80,0,1,1,1,0,1,0,1,0,0,0,1,0,0,0,0,0,0,0,0,0,0,1,1,0,0,0,1,1,0,1,1,1,0,1,0,0.16666666666666666,18.65728270310533,1
81,0,1,1,1,1,1,0,1,0,0,0,1,0,0,1,0,0,0,0,0,1,1,1,1,0,0,0,1,1,0,1,0,1,0,0,0,0.25,29.129991510766793,1
82,0,0,0,1,1,0,0,0,1,0,0,1,0,0,0,0,1,0,0,0,1,0,1,0,0,0,1,0,1,0,1,0,1,0,1,0,0.027777777777777776,1.8546120972439288,1
83,0,1,1,1,1,1,0,1,0,0,0,1,0,0,0,0,0,0,0,0,1,0,0,1,1,0,0,0,1,0,1,1,0,0,0,1,0.25,18.699629189479538,1
84,0,1,1,1,1,1,0,1,0,0,0,1,0,0,1,0,0,0,0,0,1,0,1,1,0,0,0,1,0,0,1,1,1,0,1,1,0.3333333333333333,22.85285183126349,1
85,0,1,1,1,0,1,0,1,0,0,0,1,1,0,1,0,0,0,0,0,1,0,1,0,1,0,0,0,1,0,1,0,0,0,1,1,0.19444444444444445,16.851685744836708,1
86,0,1,1,1,0,1,0,1,0,0,0,1,0,1,1,0,0,0,0,0,1,1,1,0,0,0,0,0,0,0,1,1,1,0,1,1,0.19444444444444445,21.772393472414276,1
87,0,0,0,0,0,0,0,0,1,1,1,0,1,1,0,1,1,1,1,1,1,1,0,0,0,1,1,0,0,1,0,0,1,1,0,1,0.2777777777777778,29.892455953920695,1
88,0,0,0,0,0,0,0,0,1,1,1,0,1,0,0,1,1,1,1,1,0,0,0,1,0,1,0,0,1,1,0,0,0,1,0,1,0.25,23.41586998111005,1
89,0,1,1,1,1,1,0,1,0,0,0,1,0,0,1,0,0,0,0,0,1,0,1,1,0,0,0,0,1,0,1,0,1,0,0,0,0.3055555555555556,31.053638706935303,1
90,0,1,0,1,0,0,0,1,0,0,0,1,0,0,1,0,0,0,0,0,1,0,1,1,1,0,0,1,0,0,1,1,0,0,0,1,0.2777777777777778,18.597072611356985,1
91,1,0,1,0,0,0,0,0,1,1,0,0,1,0,0,1,1,1,1,1,0,0,0,0,0,1,0,0,1,0,0,0,1,1,1,1,0.1111111111111111,14.799272624177014,1
92,0,1,1,1,0,1,0,0,0,0,0,1,0,0,0,0,1,0,0,0,0,1,1,0,0,0,0,1,1,0,0,1,0,0,1,1,0.1388888888888889,13.868982698999675,1
93,1,0,0,0,0,0,1,0,1,1,1,0,1,0,0,1,1,1,1,1,0,0,0,1,0,1,1,0,0,1,0,0,0,1,1,1,0.19444444444444445,23.423467244706448,1
94,1,0,0,0,0,0,1,0,1,1,1,0,1,1,0,1,1,1,1,1,1,1,0,1,0,1,1,0,0,1,0,0,0,1,1,1,0.3333333333333333,33.12991371297815,1
95,0,1,1,1,0,1,1,1,0,0,0,1,0,0,1,0,0,0,0,0,1,0,1,0,1,0,0,0,1,0,1,1,0,0,1,1,0.2777777777777778,17.324301498476565,1
96,0,1,1,1,0,1,0,0,0,0,0,1,0,0,1,0,0,0,0,0,0,0,1,1,0,0,0,0,0,0,1,1,0,0,0,0,0.2777777777777778,24.33452024308443,1
97,1,0,0,0,0,0,1,0,1,1,1,0,0,0,0,1,1,1,1,1,1,1,0,0,0,1,0,0,0,1,0,0,0,1,0,1,0.2222222222222222,19.87761418930494,1
98,0,0,1,0,0,0,0,0,1,0,1,0,1,0,0,1,0,1,0,1,0,1,0,0,0,0,0,0,0,1,0,0,0,1,1,1,0.027777777777777776,10.186793870007794,1
99,1,0,0,0,1,0,0,0,1,0,1,0,1,1,0,1,1,1,1,1,1,1,0,0,0,1,0,0,0,1,0,0,0,1,1,1,0.2222222222222222,20.21121817895265,1
