,0,1,2,3,4,5,6,7,8,9,10,11,12,13,14,15,16,17,18,19,20,21,22,23,24,25,26,27,28,29,30,31,32,33,34,35,36,37,38,39,40,41,42,43,44,45,46,47,48,49,50,51,52,53,chain_break_fraction,energy,num_occurrences
0,1,0,0,1,0,1,1,1,1,1,0,0,1,0,0,0,1,0,1,0,0,1,0,0,0,1,1,1,1,1,0,0,1,1,1,0,0,1,0,0,0,0,0,1,0,0,0,1,0,1,1,0,1,0,0.25925925925925924,295.2951579077221,1
1,1,0,0,1,0,1,1,1,1,1,0,0,1,0,0,1,1,0,1,0,0,0,0,0,0,1,1,1,1,1,0,0,1,1,1,0,0,1,0,0,0,0,0,1,0,0,0,1,0,1,1,0,1,0,0.25925925925925924,295.0873812839681,1
2,1,0,0,1,0,1,0,1,0,1,0,0,1,0,0,0,1,0,1,0,0,0,0,0,0,1,1,1,1,1,0,0,1,1,1,0,0,1,0,0,0,0,0,1,0,0,0,1,0,1,1,0,1,0,0.2777777777777778,399.66197982391793,1
3,0,0,0,1,0,1,1,1,1,1,0,0,1,0,0,0,1,0,1,0,0,1,0,0,0,1,1,1,1,1,0,0,0,1,1,0,0,1,0,0,0,0,1,1,0,0,0,1,0,1,1,0,1,0,0.25925925925925924,238.55082932222192,1
4,1,0,0,1,0,1,0,1,1,1,0,0,1,0,0,1,1,0,1,0,0,1,0,0,0,1,1,1,1,0,0,0,0,1,1,0,0,1,0,0,0,0,1,1,0,0,0,1,0,1,1,0,1,0,0.2777777777777778,202.26585725367454,1
5,1,0,0,1,0,1,0,1,1,1,0,0,0,0,0,1,1,0,1,0,0,1,0,0,0,1,1,1,1,0,0,0,0,1,1,0,0,1,0,0,0,0,1,1,1,0,0,1,0,1,0,0,1,0,0.24074074074074073,211.75338617432368,1
6,1,0,0,1,0,1,0,1,1,1,0,0,1,0,0,0,1,0,1,0,0,1,0,0,0,1,1,1,1,0,0,0,1,1,1,0,0,1,0,0,0,0,1,1,0,0,0,1,0,1,1,0,1,0,0.25925925925925924,247.3053524908673,1
7,1,0,0,1,0,1,1,1,1,1,0,0,1,0,0,0,1,0,1,0,0,0,0,0,0,1,1,1,1,0,1,0,0,1,1,0,0,1,0,0,0,0,1,1,0,0,0,1,0,1,1,0,1,0,0.3148148148148148,200.79974352678389,1
8,0,0,0,1,0,1,1,1,1,1,0,0,1,0,0,0,1,0,1,0,0,1,0,0,0,1,1,1,1,1,0,0,1,1,1,0,0,1,0,0,0,0,1,1,1,1,0,1,0,1,0,0,1,0,0.25925925925925924,380.6532321194817,1
9,1,0,0,1,0,1,1,1,1,1,0,0,1,0,0,0,1,0,1,0,0,1,0,0,0,1,1,1,1,0,0,0,1,1,1,0,0,1,0,0,0,0,1,1,1,0,1,1,1,1,0,0,1,0,0.2777777777777778,305.25544532203196,1
10,0,0,0,1,0,1,1,1,1,1,0,0,1,0,0,0,1,0,1,0,0,1,0,0,0,1,1,1,1,0,0,0,0,1,1,0,0,1,0,0,0,0,1,1,1,0,0,1,1,1,0,0,1,0,0.2777777777777778,211.55462774624988,1
11,1,0,0,1,0,1,1,1,1,1,0,0,1,0,0,0,1,0,1,0,0,1,0,0,0,1,1,1,1,1,0,0,0,1,1,0,0,1,0,0,0,0,1,1,1,0,1,1,1,1,1,0,1,0,0.25925925925925924,400.49279851664556,1
12,0,0,0,1,0,1,1,1,1,1,0,0,1,0,0,0,1,0,1,0,0,1,0,0,0,1,1,1,1,0,0,0,1,1,1,0,0,1,0,0,0,0,0,1,1,0,0,1,1,1,0,0,1,0,0.25925925925925924,258.1249258654472,1
13,1,0,0,1,0,1,1,1,1,1,0,0,1,0,0,0,1,0,1,0,0,1,0,0,0,1,1,1,1,0,0,0,0,1,1,0,0,1,0,0,0,0,1,1,1,0,0,1,0,1,1,0,1,0,0.2962962962962963,244.39968644851606,1
14,1,0,0,1,0,1,0,1,1,1,0,0,1,0,0,1,1,0,1,0,0,1,0,0,0,1,1,1,1,1,1,0,0,1,1,0,0,1,0,0,0,0,0,1,0,0,0,1,0,1,0,0,1,0,0.2777777777777778,202.51842899913999,1
15,1,0,0,1,0,1,0,1,1,1,0,0,1,0,0,0,1,0,1,0,0,1,0,0,0,1,1,1,1,0,0,1,1,1,1,0,0,1,0,0,0,0,0,1,0,0,0,1,1,1,1,0,1,0,0.3148148148148148,282.82942565451134,1
16,0,0,0,1,0,1,1,1,1,1,0,0,1,0,0,0,1,0,1,0,0,1,0,0,0,1,1,1,1,0,0,0,0,1,1,0,0,1,0,0,0,0,0,1,1,0,0,1,1,1,0,0,1,0,0.2777777777777778,206.26815142723675,1
17,0,0,0,1,0,1,0,1,1,1,0,0,1,0,0,1,1,0,1,0,0,1,0,0,0,1,1,1,1,1,1,0,0,1,1,0,0,1,0,0,0,0,0,1,0,0,0,1,1,1,0,0,1,0,0.2777777777777778,199.40366338227525,1
18,1,0,0,1,0,1,0,1,1,1,0,0,1,0,0,0,1,0,1,0,0,1,0,0,0,1,1,1,1,0,0,1,0,1,1,0,0,1,0,0,0,0,0,1,0,0,0,1,1,1,1,0,1,0,0.2777777777777778,208.71831367740927,1
19,1,0,0,1,0,1,0,1,1,1,0,0,0,0,0,1,1,0,1,0,0,1,0,0,0,1,1,1,1,0,1,0,0,1,1,0,0,1,0,0,0,0,1,1,0,0,0,1,1,1,0,0,1,0,0.2962962962962963,187.3492949578355,1
20,1,0,0,1,0,1,1,1,1,1,0,0,1,0,1,0,1,0,1,0,0,0,0,0,0,1,1,1,1,0,0,0,0,1,1,0,0,1,0,0,0,0,0,1,0,0,0,1,1,1,1,0,1,0,0.25925925925925924,238.6627187711327,1
21,1,0,0,1,0,1,1,1,1,1,0,0,0,0,0,0,1,0,1,0,0,1,0,0,0,1,1,1,1,0,0,1,0,1,1,0,0,1,0,0,0,0,0,1,0,0,0,1,1,1,1,0,1,0,0.2962962962962963,214.12626226418413,1
22,1,0,0,1,0,1,0,1,0,1,0,0,0,0,1,0,1,0,1,0,0,1,0,0,1,1,1,1,1,1,0,0,0,1,1,0,0,1,0,0,0,0,0,1,0,0,0,1,1,1,0,0,1,0,0.24074074074074073,195.88985153722228,1
23,1,0,0,1,0,1,1,1,1,1,0,0,1,0,0,0,1,0,1,0,0,0,0,0,0,1,1,1,1,1,0,0,0,1,1,0,0,1,0,0,0,0,1,1,1,0,0,1,0,1,1,0,1,0,0.25925925925925924,334.8019704470201,1
24,1,0,0,1,0,1,1,1,1,0,0,0,1,0,0,0,1,0,1,0,0,0,0,0,0,1,1,1,1,0,1,0,0,1,1,0,0,1,0,0,0,0,1,1,0,0,0,1,0,1,1,0,1,0,0.2962962962962963,199.12011459607353,1
25,0,0,0,1,0,1,0,1,1,1,0,0,1,0,0,0,1,0,1,0,0,1,0,0,0,1,1,1,1,0,1,0,0,1,1,0,0,1,0,0,0,0,0,1,1,0,0,1,0,1,1,0,1,0,0.2222222222222222,257.05250764502875,1
26,1,0,0,1,0,1,0,1,0,1,0,0,1,0,0,1,1,0,1,0,0,0,0,0,0,1,1,1,1,0,0,0,1,1,1,0,0,1,0,0,0,0,0,1,0,0,1,1,1,1,0,0,1,0,0.25925925925925924,228.08907183072276,1
27,1,0,0,1,0,1,1,1,1,1,0,0,0,0,0,0,1,0,1,0,0,1,0,0,0,1,1,1,1,0,1,1,0,1,1,0,0,1,0,0,0,0,0,1,0,0,0,1,0,1,1,0,1,0,0.2777777777777778,215.01110730318968,1
28,0,0,0,1,0,1,0,1,1,0,0,0,1,0,0,0,1,0,1,0,0,1,0,0,1,1,1,1,1,0,0,0,1,1,1,0,0,1,0,0,0,0,0,1,1,0,1,1,0,1,0,0,1,0,0.2037037037037037,293.5947885328968,1
29,0,0,0,1,0,1,1,1,1,1,0,0,1,0,0,0,1,0,1,0,0,1,0,0,0,1,1,1,1,1,0,0,1,1,1,0,0,1,0,0,0,0,1,1,1,0,1,1,0,1,0,0,1,0,0.2962962962962963,414.8214654458624,1
30,0,0,0,1,0,1,0,1,1,1,0,0,1,0,0,1,1,0,1,0,0,1,0,0,0,1,1,1,1,0,1,0,0,1,1,0,0,1,0,0,0,0,0,1,1,0,1,1,0,1,1,0,1,0,0.3148148148148148,286.81419735810334,1
31,1,0,0,1,0,1,0,1,1,1,0,0,1,0,1,0,1,0,1,0,0,1,0,0,0,1,1,1,1,1,1,1,0,1,1,0,0,1,0,0,0,0,0,1,0,0,0,1,0,1,1,0,1,0,0.2962962962962963,251.67446761725662,1
32,1,0,0,1,0,1,0,1,1,1,0,0,1,0,0,0,1,0,1,0,0,1,0,0,0,1,1,1,1,0,0,0,0,1,1,0,0,1,0,0,0,0,0,1,0,0,1,1,0,1,1,0,1,0,0.2962962962962963,202.72363513024564,1
33,0,0,0,1,0,1,1,1,1,1,0,0,1,0,0,0,1,0,1,0,0,1,0,0,0,1,1,1,1,0,0,1,0,1,1,0,0,1,0,0,0,0,0,1,1,0,0,1,1,1,0,0,1,0,0.2962962962962963,220.196538646342,1
34,1,0,0,1,0,1,0,1,1,1,0,0,1,0,0,1,1,0,1,0,0,1,0,0,0,1,1,1,1,0,0,0,0,1,1,0,0,1,0,0,0,0,0,1,1,0,0,1,0,1,1,0,1,0,0.35185185185185186,233.9377061382164,1
35,1,0,0,1,0,1,1,1,1,1,0,0,1,0,0,0,1,0,1,0,0,1,0,0,0,1,1,1,1,0,0,0,0,1,1,0,0,1,0,0,0,0,0,1,1,0,1,1,1,1,1,0,1,0,0.3148148148148148,272.66476502035636,1
36,1,0,0,1,0,1,1,1,1,1,0,0,1,0,0,0,1,0,1,0,0,1,0,0,0,1,1,1,1,1,1,0,0,1,1,0,0,1,0,0,0,0,1,1,1,0,1,1,0,1,0,0,1,0,0.2962962962962963,301.4158117734862,1
37,1,0,0,1,0,1,0,1,1,1,0,0,1,0,0,0,1,0,1,0,0,1,0,0,0,1,1,1,1,1,0,0,0,1,1,0,0,1,0,0,0,0,1,1,0,0,0,1,0,1,1,0,1,0,0.25925925925925924,237.88845361937013,1
38,0,0,0,1,0,1,0,1,0,1,0,0,1,0,0,0,1,0,1,0,0,1,0,0,1,1,1,1,1,1,0,0,0,1,1,0,0,1,0,0,0,0,0,1,1,0,1,1,0,1,0,0,1,0,0.2777777777777778,325.66505697963436,1
39,1,0,0,1,0,1,1,1,1,1,0,0,0,0,0,0,1,0,1,0,0,1,0,0,1,1,1,1,1,1,0,0,1,1,1,0,0,1,0,0,0,0,0,1,1,0,1,1,0,1,0,0,1,0,0.25925925925925924,370.46851598774526,1
40,1,0,0,1,0,1,1,1,1,1,0,0,1,0,1,0,1,0,1,0,0,1,0,0,0,1,1,1,1,0,1,1,1,1,1,0,0,1,0,0,0,0,0,1,0,0,1,1,1,1,0,0,1,0,0.25925925925925924,250.82675081783373,1
41,0,1,1,0,1,0,1,0,0,0,1,1,0,1,1,0,0,1,0,1,1,0,1,1,0,0,0,0,0,1,1,1,0,0,0,1,1,0,1,0,1,1,0,0,0,1,0,0,1,0,0,1,0,1,0.24074074074074073,469.599389440441,1
42,0,0,0,1,0,1,1,1,1,1,0,0,0,0,0,0,1,0,1,0,0,1,0,0,0,1,1,1,1,0,0,0,1,1,1,0,0,1,0,0,0,0,1,1,0,0,0,1,0,1,1,0,0,0,0.24074074074074073,236.23032970619124,1
43,1,0,0,1,0,1,0,1,1,1,0,0,1,0,0,0,1,0,1,0,0,0,0,0,0,1,1,1,1,0,0,0,0,1,1,0,0,1,0,0,0,0,1,1,1,0,0,1,0,1,0,0,1,0,0.3148148148148148,205.8960299479411,1
44,1,0,0,1,0,1,1,1,1,1,0,0,0,0,0,0,1,0,1,0,0,1,0,0,0,1,1,1,1,0,0,0,0,1,1,0,0,1,0,0,0,0,1,1,0,0,0,1,0,1,1,0,1,0,0.3333333333333333,201.37504133300772,1
45,1,0,0,1,0,1,0,1,0,1,0,0,1,0,0,1,0,0,1,0,0,1,0,0,1,1,1,1,1,0,0,1,0,1,1,0,0,1,0,0,0,0,0,1,0,0,0,1,0,1,1,0,1,0,0.2962962962962963,200.18166653847524,1
46,1,0,0,1,0,1,1,1,1,1,0,0,1,0,0,0,1,0,1,0,0,0,0,0,0,1,1,1,1,0,0,1,0,1,1,0,0,1,0,0,0,0,1,1,1,0,0,1,0,1,0,0,1,0,0.2777777777777778,223.04542108920032,1
47,1,0,0,1,0,1,1,1,1,1,0,0,0,0,1,0,1,0,1,0,0,1,0,0,0,1,1,1,1,0,0,0,0,1,1,0,0,1,0,0,0,0,1,1,0,0,0,1,1,1,1,0,1,0,0.3148148148148148,234.23969117567555,1
48,1,0,0,1,0,1,1,1,1,1,0,0,1,0,0,0,1,0,1,0,0,1,0,0,0,1,1,1,1,0,1,0,0,1,1,0,0,1,0,0,0,0,0,1,0,0,1,1,0,1,0,1,1,0,0.3148148148148148,192.67357006602703,1
49,1,0,0,1,0,1,0,1,1,1,0,0,1,0,0,0,1,0,1,0,0,1,0,0,0,1,1,1,1,0,0,0,0,1,1,0,0,1,0,1,0,0,0,1,1,0,0,1,1,1,0,0,1,0,0.2962962962962963,204.68153936651268,1
50,0,0,0,1,0,1,0,1,0,1,0,0,0,0,1,0,1,0,1,0,0,1,0,0,0,1,1,1,1,1,0,0,1,1,1,0,0,1,0,0,0,0,0,1,0,0,0,1,0,1,0,0,1,0,0.2777777777777778,249.4093043903595,1
51,1,0,0,1,0,1,1,1,1,1,0,0,1,0,1,0,1,0,1,0,0,1,0,0,1,1,1,1,1,0,1,0,0,1,1,0,0,1,0,0,0,0,1,1,1,0,1,1,1,1,1,0,1,0,0.3333333333333333,279.89666511083095,1
52,0,0,0,1,0,1,1,1,1,1,0,0,1,0,1,1,1,0,1,0,0,0,0,0,0,1,1,1,1,0,1,0,0,1,1,0,0,1,0,0,0,0,0,1,0,0,0,1,1,1,1,0,1,0,0.2777777777777778,232.1892911652952,1
53,1,0,0,1,0,1,1,1,1,1,0,0,0,0,0,1,1,0,1,0,0,1,0,0,0,1,1,1,1,0,0,0,0,1,1,0,0,1,0,0,0,0,0,1,0,0,1,1,0,1,1,0,1,0,0.25925925925925924,210.58724214102668,1
54,1,0,0,1,0,1,0,1,1,0,0,0,0,0,1,0,1,0,1,0,0,1,0,0,1,1,1,1,1,0,1,0,0,1,1,0,0,1,0,0,0,0,0,1,1,0,0,1,0,1,1,0,1,0,0.2777777777777778,249.26820418159423,1
55,0,0,0,1,0,1,1,1,1,1,0,0,0,0,0,1,1,0,1,0,0,1,0,0,0,1,1,1,1,0,0,0,0,1,1,0,0,1,0,0,0,0,1,1,0,0,0,1,1,1,1,0,1,0,0.3148148148148148,205.96751263249502,1
56,0,0,0,1,0,1,1,1,1,1,0,0,1,0,1,0,1,0,1,0,0,1,0,0,0,1,1,1,1,0,1,0,0,1,1,0,0,1,0,0,0,0,1,1,0,0,0,1,0,1,1,0,1,0,0.2962962962962963,234.26505890326024,1
57,1,0,0,1,0,1,1,1,1,1,0,0,0,0,0,0,1,0,1,0,0,1,0,0,1,1,1,1,1,1,0,0,1,1,1,0,0,1,0,0,0,0,1,1,0,0,0,1,0,1,1,0,1,0,0.2962962962962963,323.61328968502056,1
58,1,0,0,1,0,1,1,1,1,1,0,0,1,0,0,1,1,0,1,0,0,1,0,0,0,1,1,1,1,0,0,0,1,0,1,0,0,1,0,0,0,0,0,1,1,0,0,1,0,1,0,0,1,0,0.2962962962962963,240.7027360699405,1
59,1,0,0,1,0,1,1,1,0,1,0,0,1,0,0,0,1,0,1,0,0,1,0,0,0,1,1,1,1,0,0,0,1,1,1,0,0,1,0,0,0,0,0,1,0,0,0,1,0,1,1,0,1,0,0.2777777777777778,240.66357244775904,1
60,0,0,0,1,0,1,1,1,1,1,0,0,1,0,0,1,1,0,1,0,0,1,0,0,0,1,1,1,1,0,1,0,0,1,1,0,0,1,0,0,0,0,0,1,1,0,0,1,1,1,0,1,1,0,0.3148148148148148,214.07757915621585,1
61,1,0,0,1,0,1,1,1,1,1,0,0,1,0,0,0,1,0,1,0,0,0,0,0,0,1,1,1,1,1,0,0,0,1,1,0,0,1,0,0,0,0,0,1,1,0,0,1,0,1,1,0,1,0,0.2962962962962963,310.38783826507233,1
62,0,0,0,1,0,1,1,1,0,0,0,0,1,0,0,0,1,0,1,0,0,1,0,0,0,1,1,1,1,0,0,1,1,1,1,0,0,1,0,0,0,0,0,1,0,0,1,1,0,1,1,0,1,0,0.25925925925925924,395.72841589485404,1
63,1,0,0,1,0,1,1,1,0,0,0,0,1,0,0,1,1,0,1,0,0,1,0,0,0,1,1,1,1,0,0,0,0,1,1,0,0,1,0,0,0,0,0,1,0,0,0,1,1,1,0,0,1,0,0.3333333333333333,145.75850050131908,1
64,1,0,0,1,0,1,1,1,1,1,0,0,1,0,1,1,1,0,1,0,0,0,0,0,0,1,1,1,1,0,0,0,0,0,1,0,0,1,0,0,0,0,0,1,1,0,0,1,1,1,1,0,1,0,0.25925925925925924,253.5263952782063,1
65,1,0,0,1,0,1,0,1,0,1,0,0,1,0,0,1,1,0,1,0,0,1,0,0,0,1,1,1,1,1,0,1,0,1,1,0,0,1,0,0,0,1,0,1,0,0,0,1,0,1,0,0,1,0,0.2777777777777778,288.95476022667344,1
66,0,0,0,1,0,1,1,1,1,1,0,0,1,0,0,0,1,0,1,0,0,0,0,0,0,1,1,1,1,0,1,0,0,1,1,0,0,1,0,0,0,0,1,1,0,0,0,1,0,1,1,0,1,0,0.2962962962962963,202.0652996350474,1
67,1,0,0,1,0,1,0,1,1,1,0,0,1,0,0,0,1,0,1,0,0,1,0,0,0,1,1,1,1,1,0,0,1,1,1,0,0,1,0,0,0,0,0,1,1,0,1,1,0,1,0,0,0,0,0.2962962962962963,340.5093834113458,1
68,1,0,0,1,0,1,0,1,1,1,0,0,1,0,0,1,1,0,1,0,0,0,0,0,1,1,1,1,1,0,0,0,0,0,1,0,0,1,0,0,0,0,0,1,1,0,1,1,1,1,0,0,1,0,0.2777777777777778,217.0037625504432,1
69,1,0,0,1,0,1,1,1,1,1,0,0,1,0,0,0,1,0,1,0,0,1,0,0,0,1,1,1,1,1,0,0,0,1,1,0,0,1,0,0,0,0,0,1,1,1,0,1,0,1,1,0,1,0,0.2777777777777778,319.4254990418083,1
70,0,0,0,1,0,1,0,1,1,1,0,0,1,0,1,1,1,0,1,0,0,0,0,0,1,1,1,1,1,0,0,0,1,1,1,0,0,1,0,0,0,0,0,1,1,0,0,1,0,1,1,0,0,0,0.3148148148148148,281.1422902963831,1
71,1,0,0,1,0,1,0,1,1,1,0,0,1,0,0,0,1,0,1,0,0,1,0,0,0,1,1,1,1,1,0,0,0,1,1,0,0,1,0,0,0,0,0,1,1,0,0,1,0,1,0,0,1,0,0.2962962962962963,241.0196701557654,1
72,1,0,0,1,0,1,0,1,0,0,0,0,1,0,0,0,1,0,1,0,0,1,0,0,0,1,1,0,1,1,0,0,0,1,1,0,0,1,0,0,0,0,1,1,0,0,1,1,0,1,1,0,1,0,0.24074074074074073,322.2501421816264,1
73,0,0,0,1,0,1,1,1,1,1,0,0,1,0,0,0,1,0,1,0,0,0,0,0,0,1,1,1,1,1,1,0,0,1,1,0,0,1,0,0,0,0,0,1,0,0,0,1,0,1,1,0,1,0,0.3148148148148148,245.22090657347317,1
74,1,0,0,1,0,1,0,1,1,1,0,0,1,0,0,0,1,0,1,0,0,1,0,0,1,1,1,1,1,0,0,0,0,1,1,0,0,1,0,0,0,0,0,1,1,1,0,1,1,1,0,0,1,0,0.2962962962962963,213.69596730990682,1
75,1,0,0,1,0,1,0,1,1,1,0,0,1,0,0,0,1,0,1,0,0,0,0,0,1,1,1,1,1,0,1,1,0,1,1,0,0,1,0,0,0,0,0,1,0,0,1,1,1,1,1,0,1,0,0.2962962962962963,249.78453105752095,1
76,1,0,0,0,0,1,1,1,1,1,0,0,0,0,0,1,1,0,1,0,0,1,0,0,1,1,1,1,1,0,0,0,0,1,1,0,0,1,0,0,0,0,0,1,0,0,0,1,0,1,0,0,1,0,0.25925925925925924,229.46846444571636,1
77,0,0,0,1,0,1,1,1,1,1,0,0,0,0,1,0,1,0,1,0,0,1,0,0,0,1,1,1,1,0,1,0,1,1,1,0,0,1,0,0,0,0,0,1,1,0,0,1,1,1,0,0,1,0,0.24074074074074073,267.2456312651897,1
78,0,0,0,1,0,1,0,1,1,1,0,0,0,0,1,1,1,0,1,0,0,0,0,0,1,1,1,1,1,0,1,0,0,1,1,0,0,1,0,0,0,0,1,1,0,0,0,1,0,1,0,0,1,0,0.2777777777777778,252.1276115604824,1
79,0,0,0,1,0,1,1,1,1,1,0,0,1,0,1,0,1,0,1,0,0,1,0,0,0,1,1,1,1,1,0,0,0,1,1,0,0,1,0,0,0,0,0,1,0,1,1,1,1,1,1,0,1,0,0.2222222222222222,261.21585438710963,1
80,1,0,0,0,0,1,1,1,1,1,0,0,1,0,0,0,1,0,1,0,0,1,0,0,0,1,1,1,1,1,0,0,1,1,1,0,0,1,0,0,0,0,0,1,1,0,0,1,1,1,0,0,1,0,0.3148148148148148,346.817126761085,1
81,1,0,0,1,0,1,1,1,1,1,0,0,1,0,0,0,1,0,1,0,0,1,0,0,0,1,1,0,1,0,1,0,0,1,1,0,0,1,0,0,0,0,1,1,0,0,0,1,0,1,0,0,1,0,0.2962962962962963,215.70401788432127,1
82,1,0,0,1,0,1,0,1,1,1,0,0,0,0,0,0,1,0,1,0,0,0,0,0,0,1,1,1,1,0,1,0,0,1,1,0,0,1,0,0,0,0,1,1,0,0,0,1,1,1,1,0,1,0,0.3148148148148148,217.3367232089412,1
83,0,0,0,1,0,1,1,1,1,1,0,0,1,0,0,0,1,0,1,0,0,1,0,0,0,1,1,1,1,0,0,0,0,1,1,0,0,1,0,0,0,0,0,1,1,0,0,1,1,1,0,0,1,0,0.3148148148148148,206.26815142723675,1
84,1,0,0,1,0,1,0,1,0,1,0,0,0,0,0,0,1,0,1,0,0,1,0,0,0,1,1,1,1,0,0,1,0,0,1,0,0,1,0,1,0,0,0,1,0,0,0,1,0,1,1,0,1,0,0.2777777777777778,213.79881822921917,1
85,0,0,0,1,0,1,1,1,1,1,0,0,1,0,0,1,1,0,1,0,0,1,0,0,0,1,1,1,1,0,1,1,0,1,1,0,0,1,0,0,0,0,1,1,0,0,0,1,0,1,0,0,1,0,0.3333333333333333,197.41727297800009,1
86,0,0,0,1,0,1,0,1,1,1,0,0,0,0,0,1,1,0,1,0,0,1,0,0,0,1,1,1,1,0,1,1,0,1,1,0,0,1,0,0,0,0,0,1,0,0,1,1,0,1,1,0,1,0,0.3148148148148148,248.6652340688871,1
87,0,0,0,1,0,1,1,1,0,1,0,0,1,0,0,1,1,0,1,0,0,1,0,0,1,1,1,1,1,1,0,0,1,1,1,0,0,1,0,0,0,0,0,1,1,0,0,1,0,1,0,0,1,0,0.3148148148148148,353.28483759117404,1
88,1,0,0,1,0,1,1,1,0,1,0,0,1,0,1,1,1,0,1,0,0,1,0,0,0,1,1,1,1,1,0,0,0,1,1,0,0,1,0,0,0,1,0,1,1,1,0,1,0,1,1,0,1,0,0.2777777777777778,410.55102830440234,1
89,1,0,0,1,0,1,1,1,1,1,0,0,1,0,0,1,1,0,1,0,0,0,0,0,0,1,1,1,1,1,1,0,0,1,1,0,0,1,0,0,0,0,0,1,0,0,1,1,0,1,1,0,1,0,0.2777777777777778,262.3099993919723,1
90,1,0,0,1,0,1,0,1,1,1,0,0,0,0,1,1,1,0,1,0,0,0,0,0,0,1,1,1,1,0,1,1,0,1,1,0,0,1,0,0,0,0,0,1,0,0,1,1,0,1,0,0,1,0,0.3148148148148148,225.78124001887693,1
91,1,0,0,1,0,1,1,1,0,1,0,0,1,0,0,0,1,0,1,0,0,1,0,0,1,1,1,1,1,0,1,0,0,1,1,0,0,1,0,0,0,0,0,0,0,0,1,1,1,1,0,0,1,0,0.3148148148148148,153.1859018841974,1
92,1,0,0,1,0,1,1,1,1,1,0,0,1,0,0,1,1,1,1,0,0,0,0,0,0,1,1,1,1,0,0,0,0,0,1,0,0,1,0,0,0,0,1,1,0,0,1,1,1,1,0,0,1,0,0.2962962962962963,287.7261265613692,1
93,1,0,0,1,0,1,0,1,1,0,0,0,1,0,0,1,1,0,1,0,0,0,0,0,0,1,1,1,1,0,0,1,0,1,1,0,0,1,0,0,0,1,0,1,1,0,0,1,1,1,0,0,1,0,0.3333333333333333,288.3743563967178,1
94,0,0,0,1,0,1,1,1,1,1,0,0,0,0,1,0,1,0,1,0,0,1,0,0,0,1,1,1,1,0,0,1,0,1,1,0,1,1,0,0,0,0,0,1,0,0,0,1,0,1,1,0,1,0,0.2962962962962963,224.33044530670642,1
95,1,0,0,1,0,1,1,1,1,1,0,0,0,0,1,1,1,0,1,0,0,0,0,0,1,1,1,1,1,0,1,0,1,1,1,0,0,1,0,0,0,0,1,1,0,0,1,1,0,1,0,0,1,0,0.2777777777777778,254.77113052847184,1
96,1,0,0,1,0,1,1,1,1,1,0,0,0,0,1,0,1,0,1,0,0,1,0,0,0,1,1,1,1,0,0,0,0,1,1,0,0,1,0,1,0,0,0,1,1,0,1,1,0,1,1,0,1,0,0.3148148148148148,262.86439816370944,1
97,1,0,0,1,0,1,1,1,1,1,0,0,1,0,0,0,1,0,1,0,0,1,0,0,1,1,1,1,1,1,0,0,0,1,1,0,0,1,0,0,0,0,1,1,1,0,0,1,0,1,1,0,1,0,0.3333333333333333,309.35844342048796,1
98,0,1,1,0,1,0,0,0,1,0,1,1,0,1,1,0,0,1,1,1,1,0,1,1,1,0,0,0,0,1,1,1,1,0,0,1,1,0,1,1,1,1,0,0,0,1,0,0,0,0,1,1,0,1,0.3333333333333333,511.4708170464543,1
99,0,1,1,0,1,0,0,0,0,0,1,1,0,1,0,1,0,0,0,1,1,0,1,1,0,0,0,0,0,1,0,1,1,0,0,1,1,0,1,1,0,1,0,0,0,1,0,0,1,0,0,0,0,1,0.35185185185185186,372.94039902578817,1
