,0,1,2,3,4,5,6,7,8,9,10,11,12,13,14,15,16,17,18,19,20,21,22,23,24,25,26,27,28,29,30,31,32,33,34,35,36,37,38,39,40,41,42,43,44,45,46,47,48,49,50,51,52,53,chain_break_fraction,energy,num_occurrences
0,0,1,0,0,1,0,1,0,1,0,0,1,1,0,0,0,1,0,0,1,1,0,1,0,0,0,0,1,1,0,1,1,0,1,0,1,0,0,0,0,1,1,0,0,1,0,1,0,0,1,0,0,1,1,0.2962962962962963,389.28196321845195,1
1,0,1,1,0,1,0,1,0,1,0,0,1,1,0,0,0,1,0,0,1,1,0,1,0,0,0,0,1,1,0,0,1,0,1,0,1,0,0,0,0,1,1,0,0,1,0,1,1,0,1,0,0,1,1,0.3333333333333333,455.6971070677465,1
2,0,1,0,0,1,0,1,0,1,0,0,0,1,0,0,0,1,0,0,1,1,0,1,0,0,0,0,1,1,0,0,1,0,0,0,1,0,0,0,0,0,1,0,0,1,0,1,1,0,1,0,0,1,1,0.3333333333333333,467.47449221245233,1
3,0,1,0,1,1,0,1,0,1,0,0,0,1,0,0,0,1,0,0,1,1,0,1,0,0,0,0,1,1,0,0,1,0,0,0,1,0,0,0,0,0,1,0,0,1,0,1,0,0,1,0,0,1,1,0.2777777777777778,312.56470005438297,1
4,1,0,0,0,0,1,0,1,0,1,1,1,0,1,1,1,1,1,1,0,0,1,1,1,1,1,1,0,0,1,1,0,1,0,1,0,1,1,1,1,0,0,1,1,0,1,0,0,1,0,1,1,0,0,0.3333333333333333,581.2230915122141,1
5,0,1,0,0,1,0,0,0,1,0,0,1,1,0,0,0,1,0,0,1,1,0,1,0,0,0,0,1,1,0,0,1,0,1,0,1,0,0,0,0,1,1,0,0,1,0,1,0,0,1,0,0,1,1,0.2777777777777778,384.80401598603777,1
6,0,1,0,0,1,0,1,0,1,0,0,1,1,0,0,1,1,1,0,1,1,0,1,0,0,0,0,1,1,0,0,1,0,1,0,1,0,0,0,0,0,1,0,0,1,0,1,1,0,1,0,0,1,1,0.3148148148148148,379.53056249061046,1
7,1,0,0,0,0,1,0,1,0,1,1,1,0,1,1,1,0,1,1,0,0,1,1,1,1,1,1,0,0,1,1,0,1,0,1,0,1,1,1,1,0,0,1,1,0,1,0,1,0,0,1,1,0,0,0.2777777777777778,479.42147947003457,1
8,0,1,0,0,1,0,1,0,1,0,0,1,1,0,0,0,1,0,0,1,1,0,1,0,0,0,0,1,1,1,0,1,0,1,0,1,0,0,0,0,0,1,0,0,0,0,1,0,0,1,0,0,1,1,0.3148148148148148,318.01246333986313,1
9,0,1,1,0,1,0,1,0,1,0,0,1,1,0,0,0,1,0,0,1,1,0,1,0,0,0,0,1,1,0,0,1,0,1,0,1,0,0,0,0,0,1,0,0,1,0,1,0,0,1,0,0,1,1,0.3148148148148148,337.65550211686417,1
10,0,1,0,0,1,0,1,0,1,0,0,1,1,0,0,0,1,0,1,1,1,0,1,0,0,0,0,1,1,0,0,1,0,1,0,1,0,0,0,0,0,1,0,0,1,0,1,1,0,1,0,0,1,0,0.3148148148148148,321.3176006891164,1
11,0,1,1,0,1,0,0,0,1,0,0,1,1,0,0,0,1,0,0,1,1,0,1,0,0,0,0,1,1,0,0,1,0,0,0,1,0,0,0,0,1,1,0,0,1,0,1,0,0,1,0,0,1,1,0.3333333333333333,351.61959506700595,1
12,0,1,1,0,1,0,1,0,1,0,0,1,1,0,0,0,1,0,0,1,1,0,1,0,0,0,0,1,1,0,0,1,0,1,0,1,0,0,0,0,1,1,0,0,1,0,1,1,0,1,0,0,1,1,0.3148148148148148,455.6971070677465,1
13,1,0,0,1,0,1,0,1,0,1,1,0,0,1,1,1,1,1,1,0,0,1,0,1,1,1,1,0,0,1,1,0,1,0,1,0,1,1,0,1,0,0,1,0,0,1,0,0,1,0,1,1,0,0,0.3148148148148148,538.5754062006625,1
14,1,0,0,0,0,1,0,1,0,1,1,0,0,1,1,1,0,1,1,0,0,1,1,1,1,1,1,0,0,1,0,0,1,0,1,0,1,1,1,0,0,0,1,1,0,1,0,0,1,0,1,1,0,0,0.3333333333333333,408.8819690603897,1
15,1,0,0,1,0,1,1,1,0,1,1,1,0,1,1,1,0,1,1,0,0,1,1,1,1,1,1,0,0,1,0,0,1,1,1,0,1,1,1,1,0,0,1,1,0,1,0,0,1,0,1,1,0,0,0.2962962962962963,582.3796908980888,1
16,0,1,0,1,1,0,1,0,1,0,0,1,1,0,0,0,1,0,0,1,1,0,1,0,0,0,0,1,1,1,0,1,0,1,0,1,0,0,0,0,0,1,0,0,0,0,1,0,0,1,1,0,1,1,0.3148148148148148,398.12005879333145,1
17,0,1,0,0,1,0,1,0,1,0,0,1,1,0,0,0,1,0,0,1,1,0,1,0,0,0,0,1,1,0,0,1,0,0,0,1,0,0,0,0,0,1,0,0,1,0,1,1,0,1,0,0,1,1,0.3333333333333333,414.4785182791326,1
18,0,1,1,0,1,0,1,0,1,0,0,0,1,0,0,0,1,0,0,1,1,0,0,0,0,0,0,1,1,0,0,1,0,1,0,1,0,0,0,0,1,1,0,0,1,0,1,0,0,1,0,0,1,1,0.3333333333333333,396.49111436045865,1
19,0,1,0,0,1,0,0,0,1,0,0,1,1,0,0,0,1,0,0,1,1,0,1,0,0,0,0,1,1,0,0,1,0,1,0,1,0,0,0,0,0,1,0,0,1,0,1,1,0,1,0,0,1,1,0.2962962962962963,458.36511778740464,1
20,0,1,1,0,1,0,1,0,1,0,0,0,1,0,0,1,1,0,0,1,1,0,1,0,0,0,0,1,1,0,0,1,0,1,0,1,0,0,0,0,1,1,0,0,1,0,1,1,1,1,0,0,1,1,0.3333333333333333,498.4129707806887,1
21,0,1,1,0,1,0,1,0,1,0,0,1,1,0,1,0,1,0,0,1,1,0,1,0,0,0,0,1,1,0,0,1,0,1,0,1,0,0,0,0,1,1,0,0,1,0,1,0,0,1,0,0,1,1,0.37037037037037035,401.37519223790304,1
22,0,1,0,0,1,0,1,0,1,0,0,1,1,0,0,0,1,0,0,1,1,0,1,0,0,0,0,1,1,0,0,1,0,0,0,1,0,0,0,0,1,1,1,0,1,0,1,1,0,1,0,0,1,1,0.2962962962962963,509.7765597393036,1
23,0,1,1,1,1,0,1,0,1,0,0,1,1,0,0,0,1,0,0,1,1,0,1,0,0,0,0,1,1,0,0,1,0,1,0,1,0,0,0,0,0,1,0,0,1,0,1,0,0,1,0,0,1,1,0.2777777777777778,345.52649510869657,1
24,0,1,1,1,1,0,1,0,1,0,0,1,1,0,0,0,1,0,0,1,1,0,1,0,0,0,0,1,0,0,0,1,0,1,0,1,0,0,0,0,0,1,0,0,1,0,1,0,0,1,0,0,1,1,0.3333333333333333,343.4850824776982,1
25,0,1,1,0,1,0,1,0,1,0,0,1,1,0,0,0,1,0,0,1,1,0,1,0,0,0,0,1,1,0,1,1,0,0,0,1,0,0,0,1,1,1,0,0,1,0,1,0,0,1,0,0,1,1,0.35185185185185186,372.3055827070298,1
26,0,1,1,0,1,0,1,0,1,0,0,1,1,0,0,0,1,0,0,1,1,0,1,0,0,0,0,1,1,0,0,1,0,1,0,1,0,0,0,0,0,1,0,0,1,0,1,0,0,1,0,0,1,0,0.35185185185185186,309.3187676665193,1
27,0,1,1,0,1,0,1,0,1,0,0,1,1,0,0,0,1,0,0,1,1,0,1,0,0,0,0,1,1,1,0,1,0,1,1,1,0,0,0,0,1,1,0,0,1,0,1,1,0,1,0,0,1,1,0.35185185185185186,657.531449487805,1
28,0,1,1,1,1,0,1,0,1,0,0,1,1,0,0,1,1,0,0,1,1,0,1,0,0,0,0,1,1,0,0,1,0,1,0,1,0,0,0,0,0,1,0,0,1,0,1,1,0,1,0,0,1,1,0.3148148148148148,399.6848104923041,1
29,0,1,1,0,1,0,1,0,1,0,0,1,1,0,0,0,1,0,0,1,1,0,1,0,0,0,0,1,1,0,0,1,0,1,0,1,0,0,0,0,1,1,0,0,1,0,1,0,0,1,0,0,0,1,0.3333333333333333,334.7241924416771,1
30,0,1,0,0,1,0,1,0,1,0,0,1,1,0,0,1,1,0,0,1,1,0,1,0,0,0,0,1,1,1,0,1,0,1,0,1,0,0,0,0,0,1,0,0,1,0,1,1,0,1,0,0,1,1,0.2962962962962963,555.4664771435482,1
31,0,1,0,0,1,0,1,0,1,0,0,1,1,0,0,0,1,0,0,1,1,0,1,0,0,0,0,1,1,0,0,1,0,1,0,1,0,0,0,0,1,1,0,0,1,0,1,0,0,1,0,0,1,1,0.37037037037037035,370.35367525056694,1
32,0,1,0,0,1,0,1,0,1,0,0,1,1,0,0,0,1,1,0,1,1,0,1,0,0,0,0,1,1,0,0,1,0,1,0,1,0,0,0,0,1,1,0,0,1,0,1,1,1,1,0,0,1,1,0.3148148148148148,454.1896881818728,1
33,1,0,0,0,0,1,0,1,0,1,1,1,0,1,1,1,0,1,1,0,0,1,1,1,1,1,1,0,0,1,0,0,1,0,1,0,1,1,1,1,0,0,0,1,0,1,0,0,1,0,1,1,0,0,0.3333333333333333,566.9943669164405,1
34,1,0,0,0,0,1,0,1,0,1,1,1,0,1,1,1,0,1,1,0,0,1,1,1,1,1,1,0,0,1,1,0,1,0,1,0,1,1,1,1,1,0,1,1,0,1,0,0,1,0,1,1,0,0,0.3333333333333333,473.02538738969406,1
35,0,1,1,0,1,0,1,0,1,0,0,1,1,0,0,0,1,0,0,1,1,0,1,0,0,0,0,1,1,1,0,1,0,0,0,1,0,0,0,0,1,1,0,0,1,0,1,1,0,1,0,0,0,1,0.37037037037037035,490.31551786454406,1
36,0,1,1,0,1,0,1,0,1,0,0,1,1,0,0,0,1,0,0,1,1,0,1,0,0,0,0,1,1,0,0,1,0,1,0,1,0,0,0,0,0,1,0,0,1,0,1,1,0,1,0,0,1,1,0.37037037037037035,410.33174993971454,1
37,0,1,0,0,1,0,1,0,1,0,0,1,1,0,0,0,1,1,0,1,1,0,1,0,0,0,0,1,0,0,0,1,0,0,0,1,0,0,0,0,1,1,0,0,1,0,1,1,0,1,0,0,1,1,0.35185185185185186,380.0471818118468,1
38,0,1,1,1,1,0,1,0,1,0,0,1,1,0,0,1,1,0,0,1,1,0,1,0,0,0,0,1,1,0,0,1,0,1,0,1,0,0,0,0,1,1,0,0,1,0,1,1,0,1,0,0,1,0,0.35185185185185186,357.66390348114135,1
39,1,0,0,1,0,1,0,1,0,1,1,1,0,1,1,1,0,1,1,0,0,1,0,1,1,1,1,0,0,1,0,0,1,0,0,0,1,1,1,1,0,0,1,0,0,1,0,1,1,0,1,1,0,0,0.3148148148148148,538.1421645720322,1
40,0,1,1,0,1,0,1,0,1,0,0,1,1,0,0,0,1,1,0,1,1,0,1,0,0,0,0,1,1,0,0,1,0,0,0,1,0,0,0,0,1,1,0,0,1,0,1,0,0,1,0,0,0,0,0.2962962962962963,405.59219760313647,1
41,0,1,0,0,1,0,1,0,1,0,0,1,1,0,0,0,1,0,1,1,1,0,1,0,0,0,0,1,1,1,0,1,0,0,0,1,0,0,0,0,0,1,0,0,0,0,1,0,0,1,1,0,1,1,0.35185185185185186,377.453037801873,1
42,1,0,1,1,0,1,0,1,0,1,1,1,0,1,0,1,0,1,1,0,0,1,0,1,1,1,1,0,0,1,1,0,1,0,1,0,1,1,1,1,0,0,1,1,0,1,0,0,1,0,1,1,0,0,0.3148148148148148,469.4781062480712,1
43,0,1,0,1,1,0,1,0,1,0,0,1,1,0,0,0,1,0,0,1,1,0,1,0,0,0,0,1,1,0,0,1,0,1,0,1,0,0,0,0,0,1,0,0,1,0,1,0,0,1,0,0,1,1,0.2777777777777778,323.24939919106413,1
44,1,0,0,1,0,1,0,1,0,1,1,1,0,1,0,1,0,0,1,0,0,1,1,1,1,1,1,0,0,1,0,0,1,0,1,0,1,1,1,1,0,0,1,1,0,1,0,0,1,0,1,1,0,1,0.3148148148148148,342.11024844773294,1
45,0,1,0,0,1,0,1,0,1,0,0,1,1,0,0,0,1,0,0,1,1,0,1,0,0,0,0,1,1,1,0,1,0,1,0,1,0,0,0,0,0,1,0,0,0,0,1,0,0,1,0,0,1,1,0.3333333333333333,318.01246333986313,1
46,0,1,1,0,1,0,1,0,1,0,0,1,1,0,0,0,1,0,0,1,1,0,1,0,0,0,0,1,0,0,0,1,0,1,0,1,0,0,0,0,1,1,0,0,1,0,1,0,0,1,0,0,1,0,0.3333333333333333,312.71179033724786,1
47,0,1,0,0,1,0,1,0,1,0,0,1,1,0,0,0,1,0,0,1,1,0,1,0,0,0,0,1,1,1,0,1,0,0,0,1,0,0,0,0,1,1,0,0,1,0,1,1,0,1,0,0,1,1,0.3888888888888889,634.3422132724261,1
48,0,1,0,1,1,0,1,0,1,0,0,1,1,0,0,0,1,0,0,1,1,0,1,0,0,0,0,1,1,1,0,1,0,1,0,1,0,0,0,0,0,1,0,0,1,0,1,0,0,1,0,0,1,1,0.35185185185185186,415.40529645149746,1
49,0,1,1,0,1,0,1,0,1,0,0,1,1,0,0,0,1,0,0,1,1,0,1,0,0,0,0,1,0,0,0,1,0,1,0,1,0,0,0,1,1,1,0,0,1,0,1,1,0,1,0,0,1,1,0.3333333333333333,435.46088652724313,1
50,0,1,1,0,1,0,1,0,1,0,0,1,1,0,0,0,1,0,0,1,1,0,1,0,0,0,0,1,1,0,0,1,0,1,0,1,0,0,0,0,1,1,0,0,1,0,1,0,0,1,0,0,1,1,0.35185185185185186,360.55231230868384,1
51,0,1,1,0,1,0,1,1,1,0,0,1,1,0,1,0,1,0,0,1,1,0,1,0,0,0,0,1,1,0,0,1,0,1,0,1,0,0,0,0,0,1,0,0,1,0,1,1,0,1,0,0,1,1,0.2962962962962963,448.729475024763,1
52,0,1,0,0,1,0,1,0,1,0,0,1,1,0,0,1,1,0,0,1,1,0,1,0,0,0,0,1,1,1,0,1,0,1,0,1,0,0,0,1,0,1,0,0,1,0,1,0,0,1,0,0,1,0,0.25925925925925924,320.96584639529124,1
53,0,1,1,0,1,0,1,0,1,0,0,1,1,0,0,0,1,0,0,1,1,0,1,0,0,0,0,1,0,0,0,1,0,0,0,1,0,0,0,0,0,1,0,0,1,0,1,1,1,1,0,0,1,1,0.3333333333333333,378.23289452222485,1
54,0,1,0,0,1,0,1,0,1,0,0,0,1,0,0,0,1,0,1,1,1,0,1,0,0,0,0,1,1,0,0,1,0,0,0,1,0,0,0,0,0,1,0,0,1,0,1,1,1,1,0,0,1,1,0.3333333333333333,476.67271060715206,1
55,0,1,1,1,1,0,0,0,1,0,0,1,1,0,0,0,1,0,0,1,1,0,1,0,0,0,0,1,1,0,0,1,0,1,0,1,0,0,0,0,1,1,0,0,1,0,1,1,0,1,0,0,1,1,0.3888888888888889,458.00532637327797,1
56,0,1,1,0,1,0,1,0,1,0,0,1,1,0,0,0,1,0,0,1,1,0,1,0,0,0,0,1,1,0,0,1,0,1,0,1,0,0,0,1,0,1,0,0,1,0,1,0,0,1,0,0,0,0,0.3333333333333333,310.10917657450534,1
57,0,1,1,0,1,0,1,0,1,0,0,1,1,0,0,1,1,0,0,1,1,0,1,0,0,0,0,1,1,0,0,1,0,1,0,1,0,0,0,1,0,1,0,0,1,0,1,1,0,1,0,0,1,0,0.3333333333333333,341.13138532678,1
58,0,1,1,0,1,0,1,0,1,0,0,0,1,0,0,0,1,0,0,1,1,0,1,0,0,0,0,1,1,0,1,1,0,1,0,1,0,0,0,0,0,1,0,0,1,0,1,0,0,1,0,0,1,1,0.35185185185185186,332.03084301614064,1
59,1,1,0,1,1,0,0,0,1,0,0,1,1,0,0,0,1,0,0,1,1,0,0,0,0,0,0,1,1,1,1,1,0,1,0,1,0,0,0,0,0,1,0,0,1,0,1,1,0,1,0,0,1,0,0.3148148148148148,483.06501260859557,1
60,0,1,0,1,1,0,1,0,1,0,0,0,1,0,0,0,1,0,0,1,1,0,1,0,0,0,0,1,1,1,0,1,0,1,0,1,0,0,0,0,0,1,0,0,0,0,1,1,0,1,0,0,1,1,0.35185185185185186,469.86279584014574,1
61,0,1,0,0,1,0,1,0,1,0,0,0,1,0,0,0,1,1,0,1,1,0,1,0,0,0,0,1,1,0,0,1,0,1,0,1,0,0,0,0,0,1,0,0,1,0,1,1,0,1,0,0,1,1,0.2777777777777778,408.5068539125699,1
62,0,1,0,0,1,0,1,0,1,0,0,0,1,0,0,1,1,0,0,1,1,0,1,0,0,0,0,1,1,0,0,1,0,1,0,1,0,0,0,0,0,1,0,0,1,0,1,0,0,1,0,0,1,1,0.35185185185185186,327.61541725807984,1
63,0,1,0,1,1,0,1,0,1,0,0,0,1,0,0,1,1,0,0,1,1,0,1,0,0,0,0,1,1,0,0,1,0,1,0,1,0,0,0,0,1,1,0,0,1,0,1,0,0,1,0,0,1,0,0.3333333333333333,257.54636005042494,1
64,1,0,0,0,0,1,0,1,0,0,1,1,0,1,1,1,0,1,1,0,0,1,1,1,1,1,1,0,0,0,1,0,1,0,0,0,1,1,1,1,0,0,1,1,0,1,0,0,1,0,1,1,0,0,0.35185185185185186,638.0669627589612,1
65,1,0,0,1,0,1,0,1,0,0,1,0,0,1,1,1,1,1,1,0,0,1,1,1,1,1,1,0,0,0,0,0,1,0,1,0,1,1,1,1,0,0,0,1,0,1,0,1,1,0,1,1,0,1,0.2962962962962963,419.142872464902,1
66,0,1,1,0,1,0,1,0,1,0,0,1,1,0,0,0,1,0,0,1,1,0,1,0,0,0,0,1,1,0,0,1,0,0,0,1,0,0,0,0,1,1,0,0,1,0,1,1,0,1,0,0,0,1,0.4074074074074074,392.78923856459926,1
67,0,1,1,0,1,0,1,0,1,0,0,0,1,0,0,0,1,0,0,1,1,0,1,0,0,0,0,1,1,0,1,1,0,1,0,1,0,0,0,0,0,1,0,0,1,0,1,1,0,1,0,0,1,0,0.37037037037037035,330.6850787968516,1
68,1,0,0,1,0,1,1,1,0,1,1,1,0,1,1,1,0,1,1,0,0,1,1,1,1,1,1,0,0,1,1,0,1,1,1,0,1,1,1,1,1,0,0,1,0,1,0,0,1,0,1,1,0,0,0.2962962962962963,529.8219727359086,1
69,0,1,0,0,1,0,0,0,1,0,0,1,1,0,0,0,1,0,1,1,1,0,1,0,0,0,0,1,1,0,1,0,0,1,0,1,0,0,0,0,1,1,0,0,1,0,1,0,0,1,0,0,1,0,0.25925925925925924,273.03421577509994,1
70,1,0,0,1,0,1,0,1,0,1,1,1,0,1,1,1,1,1,1,0,0,1,1,1,1,1,1,0,0,1,1,0,1,0,1,0,1,1,1,1,0,0,1,1,0,1,0,0,1,0,1,1,0,0,0.37037037037037035,624.3405863705543,1
71,1,0,0,1,0,1,0,1,0,1,1,1,0,1,1,1,0,1,1,0,0,1,1,1,1,1,1,0,0,1,0,0,1,0,1,0,1,1,1,1,0,0,1,0,0,1,0,0,1,0,1,1,0,1,0.3333333333333333,546.0810812154397,1
72,0,1,0,0,1,0,1,0,1,0,0,1,1,0,0,1,1,0,1,1,1,0,1,0,0,0,0,1,1,1,0,1,0,1,0,1,0,0,0,0,1,1,0,0,1,0,1,1,0,0,0,0,0,1,0.3148148148148148,475.90932362738255,1
73,0,1,1,1,1,0,1,0,1,0,0,1,1,0,0,0,1,0,1,1,1,0,1,0,0,0,0,1,1,0,0,1,0,0,1,1,0,0,0,0,0,1,0,0,1,0,1,0,0,1,0,0,1,0,0.3148148148148148,340.6025680933924,1
74,0,1,0,1,1,0,1,0,1,0,0,1,1,0,0,1,1,1,0,1,1,0,1,0,0,0,0,1,1,0,0,1,0,1,0,1,0,0,0,0,1,1,0,0,1,0,1,1,1,1,0,0,1,0,0.2962962962962963,344.0025086096605,1
75,1,0,1,0,0,1,1,1,0,1,1,1,0,1,1,1,0,1,1,0,0,1,1,1,1,1,1,0,0,1,0,0,1,0,0,0,1,1,1,1,0,0,1,1,0,1,0,0,1,0,1,1,0,0,0.3333333333333333,841.3307586773662,1
76,0,0,1,0,0,1,0,1,0,1,1,1,0,1,1,0,0,1,1,0,0,1,1,1,1,1,1,0,0,1,1,0,1,0,1,0,1,1,1,1,0,0,1,1,0,1,0,0,1,0,1,1,0,0,0.3888888888888889,594.4614521402189,1
77,0,1,1,0,1,0,1,0,1,0,0,0,1,0,0,0,1,0,0,1,1,0,1,0,0,0,0,1,0,0,0,1,0,1,0,1,0,0,0,1,0,1,0,0,1,0,1,0,0,1,0,0,1,1,0.3888888888888889,304.6684831977556,1
78,1,0,0,1,0,1,0,1,0,0,1,1,0,1,1,1,0,0,1,0,0,1,1,1,1,1,1,0,0,1,0,0,1,0,1,0,1,1,1,1,0,0,0,1,0,1,0,0,1,0,1,0,0,1,0.2777777777777778,410.19786249109745,1
79,0,1,1,0,1,0,1,0,1,0,0,0,1,0,0,0,1,0,0,1,1,0,1,0,0,0,0,1,1,0,0,1,0,1,0,1,0,0,0,0,0,1,0,0,1,0,1,1,1,1,0,0,1,1,0.37037037037037035,456.8154494918902,1
80,1,1,1,0,1,0,0,0,1,0,0,1,1,0,0,1,1,0,0,1,1,0,1,0,0,0,0,1,0,0,0,1,0,1,0,1,0,0,0,0,1,1,0,0,1,0,1,1,0,1,0,0,1,1,0.35185185185185186,403.5662542212541,1
81,1,1,1,0,1,0,1,0,1,0,0,1,1,0,0,0,1,0,0,1,1,0,1,0,0,0,0,1,1,0,0,1,0,0,0,1,0,0,0,0,1,1,0,0,1,0,1,1,0,1,0,0,1,1,0.4074074074074074,429.0418785166486,1
82,0,1,0,1,1,0,1,0,1,0,0,0,0,0,0,0,1,0,0,1,1,0,1,0,1,0,0,1,1,1,0,1,0,0,0,1,0,0,0,0,0,1,0,0,0,0,1,1,0,1,1,0,1,1,0.25925925925925924,588.2385594421606,1
83,0,1,1,0,1,0,1,0,1,0,0,1,1,0,1,0,1,0,1,1,1,0,1,0,0,0,0,0,0,1,0,1,0,1,0,1,0,0,0,0,1,1,0,0,1,0,1,0,0,1,0,0,1,1,0.3148148148148148,429.86883393960255,1
84,0,1,0,0,1,0,1,0,1,0,0,1,1,0,0,0,1,0,0,1,1,1,1,0,0,0,0,1,1,0,0,1,0,1,0,1,0,0,0,0,0,1,0,0,1,0,1,0,1,1,0,0,1,1,0.3148148148148148,329.94411874380927,1
85,0,1,1,0,1,0,1,0,1,0,0,0,1,0,0,1,1,0,0,1,1,0,1,0,0,0,0,1,1,0,0,1,0,0,0,1,0,0,0,0,1,1,1,0,1,0,1,0,0,1,0,0,1,1,0.3148148148148148,348.7493495875048,1
86,0,1,0,1,1,0,1,0,1,0,0,1,1,0,0,1,1,0,0,1,1,0,1,0,0,0,0,1,1,1,1,1,0,0,0,1,0,0,0,0,0,1,0,0,0,0,1,0,0,1,0,0,0,1,0.3333333333333333,286.87557615609495,1
87,0,1,1,0,1,0,1,0,1,0,0,1,1,0,0,1,1,0,0,1,1,0,1,0,0,0,0,1,0,0,0,1,0,1,0,1,0,0,0,0,1,1,0,0,1,0,1,0,0,1,1,0,1,1,0.3333333333333333,387.4590218959066,1
88,0,0,1,1,0,1,0,1,0,1,1,1,0,1,1,0,0,1,1,0,0,1,0,1,1,1,1,0,0,1,1,0,1,1,1,0,1,1,1,1,1,0,1,1,0,1,0,0,1,0,1,1,0,0,0.2777777777777778,500.63007036903684,1
89,1,1,1,0,1,0,1,0,1,0,0,0,1,0,0,0,1,0,0,1,1,0,1,0,0,0,0,1,0,0,0,1,0,1,0,1,0,0,0,0,1,1,0,0,1,0,1,1,0,1,0,0,1,1,0.37037037037037035,422.06397858431546,1
90,0,1,1,0,1,0,1,0,1,0,0,1,0,0,0,0,1,1,0,1,1,0,1,0,0,0,0,1,1,0,0,1,0,0,0,1,0,0,0,0,1,1,0,0,1,0,1,1,1,1,0,0,1,0,0.3148148148148148,360.4960106012601,1
91,0,1,0,0,1,0,1,0,1,0,0,1,1,0,0,1,1,0,0,1,1,0,1,0,0,0,0,1,1,1,0,1,0,0,0,1,0,0,0,0,1,1,1,0,1,0,1,0,1,1,0,0,1,1,0.3148148148148148,499.4558293119183,1
92,0,1,0,0,1,0,1,0,1,0,0,0,1,0,0,0,1,1,0,1,1,0,1,0,0,0,0,1,1,1,0,1,0,1,0,1,0,0,0,0,0,1,0,0,0,0,1,0,0,0,0,0,1,0,0.2777777777777778,230.33602303938517,1
93,1,0,0,1,0,1,1,1,0,1,1,1,0,1,1,1,0,1,1,0,0,1,1,1,0,1,1,0,0,1,0,0,1,0,1,0,1,1,1,1,0,0,1,0,0,1,0,0,0,0,1,1,0,0,0.35185185185185186,676.8751667176844,1
94,1,1,1,1,1,0,1,0,1,0,0,1,1,0,0,1,1,0,0,1,1,0,1,0,0,0,0,1,1,0,0,1,0,0,0,1,0,0,0,0,1,1,0,0,1,0,1,1,1,1,0,0,1,1,0.42592592592592593,427.81328972138107,1
95,0,1,0,0,1,0,1,1,1,0,0,0,1,0,0,1,1,0,0,1,1,0,1,0,0,0,0,1,0,1,0,1,0,1,0,1,0,0,0,1,0,1,1,0,0,0,1,0,0,1,0,0,1,0,0.2777777777777778,220.01314592550094,1
96,0,1,1,0,1,0,1,0,1,0,0,1,1,0,0,1,1,0,0,1,1,0,1,0,0,0,0,1,1,0,0,1,0,1,0,1,0,0,0,1,0,1,0,0,1,0,1,0,1,1,0,0,1,1,0.37037037037037035,347.6924612120608,1
97,1,0,0,0,0,1,0,1,0,1,1,1,0,1,1,0,0,1,1,0,0,1,1,1,1,1,1,0,1,1,0,0,1,1,1,0,1,1,1,0,1,0,0,1,0,1,0,0,1,0,1,1,0,0,0.37037037037037035,454.02263804090285,1
98,0,1,1,0,0,0,1,0,1,0,0,1,0,0,0,0,1,0,0,1,1,0,1,0,0,0,0,0,1,0,0,1,0,0,0,1,0,0,0,0,0,1,0,0,1,0,1,1,1,1,0,0,1,1,0.2962962962962963,408.55885246911686,1
99,1,1,1,1,1,0,0,0,1,0,0,0,1,0,0,0,1,0,0,1,1,0,1,0,0,0,0,0,1,0,0,1,0,1,0,1,0,0,0,0,1,1,0,0,1,0,1,0,0,0,0,0,1,1,0.3148148148148148,311.8306793116915,1
