,0,1,2,3,4,5,6,7,8,9,10,11,12,13,14,15,16,17,18,19,20,21,22,23,24,25,26,27,28,29,30,31,32,33,34,35,36,37,38,39,40,41,42,43,44,45,46,47,48,49,50,51,52,53,chain_break_fraction,energy,num_occurrences
0,0,0,0,0,1,0,0,0,0,0,1,1,1,1,1,0,0,0,0,1,0,1,1,1,1,0,1,0,0,1,0,0,0,1,0,0,1,0,0,1,0,1,0,1,0,0,1,1,0,0,1,0,1,0,0.3148148148148148,325.02804249541475,1
1,0,0,0,0,1,0,0,0,0,0,1,1,0,1,1,0,0,0,0,1,0,1,0,1,1,0,1,0,0,1,0,0,0,1,0,0,0,0,0,1,0,1,0,0,0,0,1,1,1,0,1,0,1,0,0.3333333333333333,287.22685755894355,1
2,0,0,0,0,1,0,0,0,0,0,1,1,1,1,1,0,0,0,0,0,0,1,1,1,1,0,1,0,0,1,1,0,0,1,0,0,0,0,0,1,0,1,1,0,0,0,1,1,0,0,0,0,1,0,0.2777777777777778,318.59417097564926,1
3,0,0,0,0,1,0,0,0,0,0,1,1,1,0,1,0,0,0,0,1,0,1,0,1,1,0,1,0,0,1,0,0,0,1,0,0,1,0,0,1,0,1,1,0,0,0,1,0,1,0,1,0,1,0,0.37037037037037035,267.25937925849865,1
4,0,0,0,0,1,0,0,0,0,0,1,1,1,1,1,0,0,0,0,1,0,1,1,1,1,0,1,0,0,1,1,0,0,1,0,0,1,0,0,1,0,1,1,0,0,0,1,1,1,0,0,0,1,0,0.3148148148148148,327.83905312604855,1
5,0,0,0,0,1,0,0,0,0,0,1,1,1,1,1,0,0,0,0,0,0,0,1,0,1,0,1,0,0,1,0,0,0,1,0,0,1,0,0,1,0,1,0,1,1,0,1,1,1,0,1,1,1,0,0.3333333333333333,422.6608690689135,1
6,1,1,1,1,0,1,1,1,1,1,1,0,0,0,0,1,1,1,1,1,1,0,1,1,0,1,0,1,1,0,1,1,1,0,1,1,0,1,1,0,1,0,1,1,1,1,0,0,0,1,0,1,0,1,0.35185185185185186,429.54882006654276,1
7,1,1,1,1,0,1,1,1,1,1,0,0,0,0,0,1,1,1,1,1,1,0,0,1,0,1,0,1,1,0,1,1,1,0,1,1,0,1,1,0,1,0,0,1,0,1,0,0,0,1,0,1,0,1,0.3148148148148148,384.77132706314654,1
8,1,1,1,1,0,1,1,1,1,1,0,0,0,0,0,1,1,1,1,1,1,0,1,1,0,1,0,1,1,0,1,1,1,0,1,1,0,1,1,0,1,0,1,1,0,1,1,0,0,1,0,1,0,1,0.3148148148148148,399.0092609509681,1
9,0,0,0,0,1,0,0,0,0,0,0,1,1,1,1,0,0,0,0,0,0,1,0,1,1,0,1,0,0,1,1,0,0,1,0,0,1,0,0,1,0,1,0,0,0,0,0,1,0,0,1,1,1,0,0.3148148148148148,262.5820379019262,1
10,1,0,1,1,0,1,1,1,1,1,0,0,0,0,0,1,1,1,1,1,1,0,1,1,0,1,0,1,1,0,1,1,1,0,1,1,0,1,1,0,1,0,0,1,0,1,0,0,1,1,0,1,0,1,0.2777777777777778,378.6536144830767,1
11,1,1,1,1,0,1,1,1,1,1,0,0,0,0,0,1,1,1,1,0,1,0,1,1,0,0,0,1,1,0,1,1,1,0,1,1,0,1,1,0,1,0,0,1,1,1,0,0,0,0,0,1,0,1,0.35185185185185186,361.6700806971536,1
12,1,1,1,1,0,1,1,1,1,1,1,0,0,1,0,1,1,1,1,1,1,0,1,1,0,0,0,1,1,0,1,1,1,0,1,1,0,1,1,0,1,0,1,1,0,1,0,0,0,0,0,1,0,1,0.35185185185185186,506.3634490458367,1
13,0,0,0,0,1,0,0,0,0,0,1,1,1,1,1,0,0,0,0,0,0,1,0,0,1,0,1,0,0,1,0,0,0,1,0,0,0,1,0,1,0,1,0,1,1,0,1,1,1,0,1,0,1,0,0.3888888888888889,437.962347537233,1
14,1,1,1,1,0,1,1,1,1,1,0,0,0,0,0,1,1,1,1,0,1,0,1,1,0,1,0,1,1,0,0,1,1,0,1,1,0,1,1,0,1,0,1,1,0,1,1,0,0,0,0,1,0,1,0.3333333333333333,389.678961820577,1
15,1,1,1,1,0,1,1,1,1,1,0,0,0,0,0,1,1,1,1,1,1,0,1,1,0,1,0,1,1,0,1,1,1,0,1,1,1,1,1,0,1,0,0,1,0,1,0,0,0,1,0,1,0,1,0.3148148148148148,415.3637397963288,1
16,1,1,1,1,0,1,1,1,1,1,0,0,0,0,0,0,1,1,1,1,1,0,1,1,0,1,0,1,1,0,1,1,1,0,1,1,0,1,1,0,1,0,1,1,0,1,1,0,0,1,0,1,0,1,0.35185185185185186,386.8584284969327,1
17,1,1,1,1,0,1,1,1,1,1,0,0,0,0,0,1,1,1,1,0,1,0,1,1,0,1,0,1,1,0,0,1,1,0,1,1,0,1,1,0,1,0,1,1,0,1,1,0,0,1,0,1,0,1,0.37037037037037035,373.51466977827124,1
18,1,1,1,1,0,1,1,1,1,1,0,0,0,0,0,1,1,1,1,1,1,0,1,1,0,0,0,1,1,1,1,1,1,0,1,1,0,1,1,0,1,0,1,1,0,1,0,0,0,1,0,1,0,1,0.2777777777777778,384.24421672650067,1
19,1,1,1,0,0,1,1,1,1,1,1,0,0,0,0,1,1,1,1,0,1,0,1,1,0,1,0,1,1,0,1,1,1,0,1,1,0,1,1,0,1,0,1,1,0,1,0,0,1,1,0,1,0,1,0.37037037037037035,384.060218941571,1
20,1,1,1,1,0,1,1,1,1,1,0,0,0,0,0,1,1,1,1,0,1,0,1,1,0,1,0,1,1,0,1,1,1,0,1,1,0,1,1,0,1,0,0,1,1,1,1,0,0,1,0,1,0,1,0.35185185185185186,388.26232729607483,1
21,0,0,0,0,1,0,0,0,0,0,1,1,1,0,1,0,0,0,0,1,0,1,0,0,1,0,1,0,0,1,0,0,0,1,0,0,1,0,0,1,0,1,1,1,0,0,1,1,1,0,1,0,1,0,0.46296296296296297,302.77328471961897,1
22,1,1,1,1,0,1,1,1,1,1,1,0,0,0,0,1,1,0,1,0,1,0,1,1,0,0,0,1,1,1,1,1,1,0,1,1,0,1,1,0,1,0,1,1,0,1,0,0,0,1,0,1,0,1,0.37037037037037035,377.37494904112947,1
23,1,1,1,1,0,1,1,1,1,1,1,0,0,0,0,1,1,1,1,0,1,0,0,1,0,1,0,1,1,0,1,1,1,0,1,1,0,1,1,0,1,0,1,1,0,1,1,0,0,1,0,1,0,1,0.35185185185185186,365.29488264715025,1
24,1,1,1,1,0,1,1,1,1,1,1,0,0,0,0,1,1,1,1,0,1,0,0,1,0,0,0,1,1,0,1,1,1,0,1,1,0,1,1,0,1,0,1,0,1,1,1,0,0,1,0,1,0,1,0.3888888888888889,373.1190650097006,1
25,1,1,1,1,0,1,1,1,1,1,0,0,0,0,0,1,1,1,1,0,1,0,1,1,0,1,0,1,1,0,1,1,1,0,1,1,1,1,1,0,1,0,0,1,0,1,0,0,1,1,0,1,0,1,0.35185185185185186,367.2439780533381,1
26,0,0,0,0,1,0,0,0,0,0,0,1,1,1,1,0,0,0,0,1,0,1,0,1,1,0,1,0,0,1,0,0,0,1,0,0,0,0,0,1,0,1,1,0,0,0,1,1,1,1,1,0,1,0,0.4074074074074074,293.190761186956,1
27,1,1,1,1,0,1,1,1,1,1,1,0,0,0,0,1,1,1,1,1,1,0,1,1,0,0,0,1,1,0,1,1,1,0,1,1,0,1,1,0,1,0,0,1,1,1,0,0,1,1,0,1,0,1,0.35185185185185186,404.28200213001986,1
28,1,1,1,1,0,1,1,1,1,1,1,0,0,0,0,1,1,1,1,1,1,0,0,1,0,1,0,1,1,0,1,1,1,0,1,1,0,1,1,0,1,0,1,1,0,1,0,0,0,1,1,1,0,1,0.3333333333333333,397.2224085566572,1
29,0,0,0,1,1,0,0,0,0,0,1,1,1,1,1,0,0,0,0,0,0,1,0,0,1,0,1,0,0,1,0,0,0,1,0,0,1,0,0,1,0,1,0,0,0,0,1,1,1,0,1,0,1,0,0.35185185185185186,252.23361054458937,1
30,1,1,1,1,0,1,1,1,1,1,0,0,0,1,0,1,1,1,1,1,1,0,0,1,0,1,0,1,1,0,0,1,1,0,1,1,0,1,1,0,1,0,0,1,0,1,0,0,0,1,0,1,0,1,0.3333333333333333,445.54427992814533,1
31,1,1,1,1,0,1,1,1,1,1,1,0,0,0,0,1,1,1,1,0,1,0,1,1,0,1,0,1,1,0,1,1,1,0,1,1,0,1,1,0,1,0,1,1,0,1,0,0,0,1,0,1,0,1,0.42592592592592593,413.7094380476499,1
32,1,1,1,1,0,1,1,1,1,1,0,0,0,0,0,1,1,1,1,0,1,0,1,1,0,1,0,1,1,0,1,1,1,0,1,1,0,1,1,0,1,0,1,1,1,1,1,0,0,1,0,1,0,1,0.3888888888888889,394.6949888387256,1
33,1,1,1,1,0,1,1,1,1,1,1,0,0,0,0,1,1,1,1,0,1,0,1,1,0,1,0,0,1,0,1,1,1,0,1,1,0,1,1,0,1,0,1,1,0,1,0,0,0,1,1,1,0,1,0.35185185185185186,405.3509130785389,1
34,1,1,1,1,0,1,1,1,1,1,0,0,0,0,0,0,1,1,1,1,1,0,1,1,0,1,0,1,1,0,1,1,1,0,1,1,0,1,1,0,1,0,0,1,0,1,0,0,0,1,0,1,0,1,0.35185185185185186,410.47228001553054,1
35,1,0,0,0,1,0,0,0,0,0,1,1,1,1,1,0,0,0,0,1,0,1,0,0,1,0,1,0,0,1,1,0,0,1,0,0,1,0,0,1,0,1,1,0,0,0,0,1,1,0,1,0,0,0,0.3148148148148148,235.03307834711217,1
36,1,1,1,1,0,1,1,1,1,1,0,0,0,0,0,1,1,1,1,1,1,0,1,1,0,1,0,1,1,0,0,1,1,0,1,1,0,1,1,0,1,0,0,1,0,1,0,0,1,1,0,1,0,1,0.3888888888888889,430.3557155347393,1
37,1,1,1,1,0,1,1,1,1,1,1,0,0,0,0,1,1,1,1,0,1,0,1,1,0,1,0,1,1,0,1,1,1,0,1,1,0,1,1,0,1,0,1,1,1,1,1,0,0,1,0,1,0,1,0.42592592592592593,402.99855928867095,1
38,0,0,0,0,1,0,0,0,0,0,0,1,0,1,1,0,0,0,0,0,0,1,1,1,1,0,1,0,0,1,0,0,0,1,0,0,0,0,0,1,0,1,0,0,1,0,1,1,1,0,1,1,1,0,0.35185185185185186,345.8411952403887,1
39,1,1,1,1,0,1,1,1,1,1,0,0,1,0,0,1,1,1,1,1,1,0,1,1,0,0,0,1,1,0,1,1,1,0,1,1,0,1,1,0,1,0,0,1,1,1,0,0,0,1,0,1,0,1,0.35185185185185186,391.344313550804,1
40,1,1,1,1,0,1,1,1,1,1,0,0,0,0,0,1,1,1,1,0,1,0,1,1,0,1,0,1,1,0,0,1,1,0,1,1,1,1,1,0,1,0,1,0,0,1,1,0,1,1,0,1,0,1,0.2777777777777778,371.5810575199046,1
41,1,1,1,1,0,1,1,1,1,1,1,0,0,0,0,1,1,1,1,1,1,0,1,1,0,0,0,1,1,0,1,1,1,0,1,1,0,1,1,0,1,0,0,1,1,1,0,0,0,1,0,1,0,1,0.35185185185185186,407.88161967627013,1
42,1,1,1,1,0,1,1,1,1,1,1,0,0,0,0,1,1,1,1,1,1,0,1,1,0,1,0,1,1,0,1,1,1,0,1,1,0,1,1,0,1,0,1,1,0,1,1,0,1,1,0,0,0,1,0.37037037037037035,435.19197460656477,1
43,1,1,1,1,0,1,1,1,1,1,1,0,0,0,0,1,1,1,1,0,1,0,1,1,0,1,0,1,1,0,1,1,1,0,1,1,0,1,1,0,1,0,0,1,0,1,0,0,0,1,0,1,0,1,0.35185185185185186,429.3456278973533,1
44,1,1,1,1,0,1,1,1,1,1,0,0,0,1,0,1,1,1,1,0,1,0,1,1,0,0,0,1,1,0,1,1,1,0,1,1,0,1,1,0,1,0,1,1,0,1,0,0,0,1,0,1,0,1,0.37037037037037035,375.67906050857664,1
45,0,0,0,0,1,0,0,0,0,0,0,1,1,0,1,0,0,0,0,1,0,1,0,0,1,0,1,1,0,1,0,0,0,1,0,0,0,1,0,1,0,1,1,0,1,0,1,1,1,0,1,0,1,0,0.37037037037037035,472.4401776888858,1
46,1,1,1,1,0,1,1,1,1,1,1,0,0,0,0,0,1,1,1,1,1,0,1,1,0,0,0,1,1,0,0,1,1,0,1,1,0,1,1,0,1,0,0,1,0,1,0,0,0,1,0,1,0,1,0.3888888888888889,429.1888480766592,1
47,0,0,0,0,1,0,0,0,0,0,0,1,1,1,1,1,0,0,0,1,0,1,1,0,1,0,1,0,0,1,0,0,0,1,0,0,1,0,0,1,0,1,0,0,0,0,0,0,0,0,1,1,1,0,0.2777777777777778,261.8422928547214,1
48,1,1,0,1,0,0,1,1,1,1,0,0,0,1,0,1,1,1,1,0,1,0,1,1,0,0,0,1,1,1,1,1,1,0,1,1,0,1,1,0,1,0,0,0,0,1,0,1,0,1,0,1,0,1,0.3148148148148148,455.17020871103256,1
49,1,1,1,1,0,1,1,1,1,1,1,0,0,0,0,1,1,1,1,1,1,0,1,1,0,1,0,1,1,0,1,1,1,0,1,1,0,1,1,0,1,0,1,1,0,1,0,0,1,1,0,1,0,1,0.3888888888888889,446.47246654185136,1
50,0,0,0,0,1,0,0,0,0,0,0,1,0,1,1,1,0,0,0,1,0,1,1,0,1,0,1,0,0,1,1,0,0,1,0,0,1,0,0,1,0,1,0,0,0,0,1,1,1,0,0,0,1,0,0.37037037037037035,218.52802886247392,1
51,1,0,1,1,0,1,1,1,1,1,1,0,0,1,0,1,1,1,1,1,1,0,1,1,0,1,0,1,1,0,0,1,1,0,1,1,0,1,1,0,1,0,1,1,0,1,1,1,0,0,0,1,0,1,0.35185185185185186,451.1347375106925,1
52,1,1,1,1,0,1,1,1,1,1,0,0,0,0,0,0,1,1,1,0,1,0,1,1,0,1,0,1,1,0,0,1,1,0,1,1,1,1,1,0,1,0,0,1,1,1,0,0,0,1,0,1,0,1,0.37037037037037035,374.65863185063256,1
53,1,1,1,1,0,1,1,1,1,1,0,0,0,0,0,1,1,1,1,1,1,0,1,1,0,1,0,1,1,0,1,1,1,0,1,1,1,1,1,0,1,0,1,1,1,1,1,0,1,1,0,1,0,1,0.3333333333333333,414.8563225757005,1
54,1,1,1,1,0,1,1,1,1,1,1,0,0,0,0,1,1,1,1,0,1,0,1,1,0,0,0,1,1,0,1,1,1,0,1,1,0,1,1,0,1,0,0,1,0,1,0,0,0,1,1,1,1,1,0.3888888888888889,395.0651363833461,1
55,1,1,1,1,0,1,1,1,1,1,1,0,0,0,0,1,1,1,0,0,1,0,1,1,0,1,0,1,1,0,1,1,1,0,1,1,0,1,1,0,1,0,1,1,0,1,0,0,1,1,0,1,1,1,0.4074074074074074,380.70016852875966,1
56,1,1,1,1,0,1,1,1,1,1,0,0,0,0,0,0,1,1,1,0,1,0,1,1,0,1,0,1,1,0,0,1,1,0,1,1,0,1,1,0,1,0,0,1,0,1,0,0,0,1,1,1,0,1,0.3148148148148148,374.5396995338175,1
57,1,1,1,1,0,1,1,1,1,1,0,0,0,0,0,1,1,1,1,0,1,0,1,1,0,1,0,1,1,0,0,1,1,0,1,1,0,1,1,0,1,0,1,1,0,1,0,0,0,1,1,1,1,1,0.3888888888888889,393.62815115853965,1
58,1,0,1,1,0,1,1,1,1,1,1,0,0,0,0,1,1,1,1,0,1,0,1,1,0,0,0,1,1,0,0,1,1,0,1,1,0,1,1,0,1,0,1,0,0,1,1,1,0,0,1,1,0,1,0.3888888888888889,411.6483055945041,1
59,1,1,1,1,0,1,1,1,1,1,0,0,0,0,0,1,1,1,1,1,1,0,0,1,0,1,0,1,1,0,0,1,1,0,1,1,0,1,1,0,1,0,1,1,0,1,1,0,1,1,0,1,0,1,0.3333333333333333,367.8576898797887,1
60,0,0,0,0,1,0,0,0,0,0,1,1,0,1,1,0,0,0,0,1,0,1,1,1,1,0,1,0,0,0,0,0,0,1,0,0,0,0,0,1,0,1,1,0,0,0,1,1,1,0,1,0,1,0,0.3333333333333333,355.82689034138633,1
61,0,1,1,1,0,1,1,1,1,1,0,0,0,0,0,1,1,1,1,1,1,0,1,1,0,1,0,1,1,0,1,1,1,0,1,1,0,1,1,0,1,0,1,1,0,1,0,0,1,1,1,1,1,1,0.2962962962962963,414.26397514412434,1
62,1,1,1,1,0,1,1,1,1,1,0,0,0,0,0,1,1,1,1,0,1,0,1,1,0,0,0,1,1,0,1,1,1,0,1,1,0,1,1,0,1,0,1,1,0,1,1,0,0,0,0,0,0,1,0.3333333333333333,358.45275133263334,1
63,1,1,1,1,0,1,1,1,1,1,0,0,0,0,0,1,1,1,1,0,1,0,0,1,0,1,0,1,1,0,1,1,1,0,1,1,1,1,1,0,1,0,0,1,0,1,1,0,0,1,0,1,0,1,0.3148148148148148,350.32453919888604,1
64,1,1,1,1,0,1,1,1,1,1,1,0,0,0,0,1,1,0,1,1,1,0,1,1,0,0,0,1,1,0,1,1,1,0,1,1,0,1,1,0,1,0,1,0,0,1,1,0,0,0,0,0,0,1,0.35185185185185186,374.4063702316208,1
65,1,0,1,1,0,1,1,1,1,1,0,0,0,0,0,1,1,1,1,1,1,0,1,1,0,1,0,1,1,0,1,1,1,0,1,1,1,1,1,0,1,0,1,1,0,1,0,0,0,0,0,1,0,1,0.3148148148148148,386.1672949862243,1
66,1,1,1,1,0,1,1,1,1,1,1,0,0,0,0,0,1,1,1,1,1,0,1,1,0,1,0,1,1,0,0,1,1,0,1,1,0,1,1,0,1,0,1,1,0,1,1,0,0,1,0,1,0,1,0.42592592592592593,432.08763063162417,1
67,1,1,1,1,0,1,1,1,1,1,1,0,0,0,0,0,1,1,1,1,1,0,1,1,0,0,0,1,1,0,0,1,1,0,1,1,0,1,1,0,1,0,1,0,1,1,1,0,0,0,0,1,0,1,0.3888888888888889,408.771949656759,1
68,1,1,1,1,0,1,1,1,1,1,0,0,0,1,0,0,1,1,1,1,1,0,1,1,0,1,0,1,1,0,0,1,1,0,1,1,0,1,1,0,1,0,1,0,0,1,1,0,0,1,0,1,0,1,0.3333333333333333,462.6046924936907,1
69,0,0,0,0,1,0,0,0,0,0,1,1,1,0,1,0,0,0,0,0,0,1,0,1,1,0,1,0,0,1,0,0,0,1,0,0,1,0,0,1,0,1,1,1,0,0,1,1,1,0,1,0,1,0,0.4074074074074074,307.84239137293633,1
70,1,1,1,1,0,1,1,1,1,1,0,0,0,0,0,1,1,1,1,1,1,0,0,1,0,1,0,1,1,0,0,1,1,0,1,1,0,1,1,0,1,0,1,1,1,1,1,0,0,1,0,1,0,1,0.3148148148148148,388.5965352080745,1
71,1,1,1,1,0,1,1,1,1,1,1,0,0,0,0,1,1,1,0,1,1,0,1,1,0,1,0,1,1,0,0,1,1,0,1,1,0,1,1,0,1,0,1,1,0,1,0,0,0,1,0,1,0,1,0.3333333333333333,457.2958582213289,1
72,1,1,1,1,0,1,1,1,1,1,1,0,0,0,0,1,1,0,1,0,1,0,1,1,0,1,0,1,1,1,1,1,1,0,1,1,0,1,1,0,1,0,1,1,0,1,1,0,0,1,0,1,0,1,0.37037037037037035,400.65952454536426,1
73,1,1,1,1,0,1,1,1,1,1,0,0,0,0,0,1,1,1,1,0,1,0,1,1,0,0,0,1,1,0,1,1,1,0,1,1,0,1,1,0,1,0,1,1,1,1,0,0,0,1,0,1,1,1,0.3888888888888889,403.12785849587374,1
74,1,1,1,1,0,1,1,1,1,1,0,0,0,1,0,1,1,1,1,0,1,0,1,1,0,1,0,1,1,0,1,1,1,0,1,1,1,1,1,0,1,0,1,1,0,1,0,0,0,1,0,1,0,1,0.3888888888888889,399.8777382125046,1
75,1,1,1,1,0,1,1,1,1,1,0,0,0,0,0,1,1,0,1,0,1,0,1,1,0,1,0,1,1,0,0,1,1,0,1,1,1,1,1,0,1,0,0,1,0,0,0,0,1,1,0,1,1,1,0.35185185185185186,336.653265437194,1
76,1,1,1,1,0,1,1,1,1,1,0,0,0,0,0,0,1,1,1,0,1,0,0,1,0,0,0,1,1,0,1,1,1,0,1,1,0,1,1,0,1,0,1,0,1,1,1,0,0,1,0,1,0,1,0.37037037037037035,385.0782674239269,1
77,1,1,1,1,0,1,1,1,1,1,1,0,0,0,0,1,1,1,1,1,1,0,1,1,0,0,0,1,1,0,1,1,1,0,1,1,0,1,1,0,1,0,0,1,0,1,0,1,0,1,0,1,1,1,0.37037037037037035,416.4243061085636,1
78,1,1,1,1,0,1,1,1,1,0,1,0,0,0,0,0,1,0,1,0,1,0,1,1,0,0,0,1,1,1,1,1,1,0,1,1,0,1,1,0,1,0,1,1,0,1,0,0,0,0,0,1,0,1,0.3148148148148148,370.3612251375669,1
79,1,1,1,1,0,1,1,1,1,1,0,0,0,0,0,1,1,1,1,0,1,0,1,1,0,1,0,1,1,0,1,1,1,0,1,1,1,1,1,0,1,0,1,1,0,1,1,0,0,1,0,1,0,1,0.3888888888888889,367.3094373653825,1
80,1,1,1,1,0,1,1,1,1,1,1,0,0,0,0,1,1,0,1,0,1,0,1,1,0,1,0,1,1,1,1,1,1,0,1,1,0,1,1,0,1,0,0,1,0,1,0,0,1,1,0,1,0,1,0.4074074074074074,372.6966700736307,1
81,1,1,1,1,0,1,1,1,1,1,1,0,0,1,0,1,1,1,1,1,1,0,1,1,0,1,0,1,1,0,1,1,1,0,1,1,0,1,1,0,1,0,1,1,0,1,0,0,0,1,0,1,0,1,0.42592592592592593,521.8642867342442,1
82,1,1,1,1,0,1,1,1,1,1,0,0,0,0,0,1,1,1,1,1,1,0,1,1,0,1,0,1,1,0,1,1,1,0,1,1,0,1,1,0,1,0,0,1,1,1,1,0,1,1,0,1,0,1,0.3333333333333333,404.71980455330703,1
83,1,1,1,1,0,1,1,1,1,1,0,0,0,0,0,0,1,0,1,1,1,0,1,1,0,1,0,1,1,0,1,1,1,0,1,1,0,1,1,0,1,0,1,0,0,1,1,0,0,1,1,1,0,1,0.3148148148148148,378.1464275653609,1
84,1,1,0,1,0,1,1,1,1,1,0,0,0,0,0,0,1,0,1,1,1,0,1,1,0,1,0,1,1,0,1,1,1,0,1,1,0,1,1,0,1,0,1,1,0,1,1,0,0,0,0,1,0,1,0.3148148148148148,321.72629712518614,1
85,1,1,1,1,0,1,1,1,1,1,1,0,0,1,0,0,1,1,1,0,1,0,1,1,0,1,0,1,1,0,0,1,1,0,1,1,0,1,1,0,1,0,1,0,0,1,1,1,0,0,1,1,0,1,0.3888888888888889,435.26796077461927,1
86,0,1,1,1,0,1,1,1,1,1,0,0,0,0,0,1,1,1,1,0,1,0,1,1,0,0,0,1,1,0,0,1,1,0,1,1,0,1,1,0,1,0,1,1,0,1,1,0,0,0,0,1,0,1,0.3888888888888889,348.1392128053702,1
87,1,0,1,1,0,1,1,1,1,1,0,0,0,0,0,0,1,1,0,1,1,0,1,1,0,0,0,1,1,0,1,1,1,0,1,1,1,1,1,0,1,0,1,0,0,1,1,0,0,1,0,1,0,1,0.35185185185185186,346.86379966034787,1
88,1,1,1,1,0,1,1,1,1,1,0,0,0,0,0,1,1,1,1,1,1,0,1,1,0,0,0,1,1,0,1,1,1,0,1,1,1,1,1,0,1,0,1,0,1,1,1,0,1,0,0,0,0,1,0.35185185185185186,381.67758675882175,1
89,1,1,1,1,0,1,1,1,1,1,1,0,0,1,0,1,1,1,1,0,1,0,1,1,0,1,0,1,1,0,1,1,1,0,1,1,0,1,1,0,1,0,1,1,0,0,0,0,1,1,1,1,0,1,0.3888888888888889,427.9833471856242,1
90,1,1,1,0,0,1,1,1,1,1,1,0,0,0,0,1,1,1,1,1,1,0,0,1,0,1,0,1,1,0,1,1,1,0,1,1,0,1,1,0,1,0,1,1,0,1,0,0,0,1,0,1,1,1,0.42592592592592593,383.4618440690328,1
91,0,1,1,1,0,1,1,1,1,1,0,0,0,1,0,0,1,1,1,1,1,0,1,1,0,1,0,1,1,0,0,1,1,0,1,1,0,1,1,0,1,0,1,1,0,1,0,0,0,0,0,1,0,1,0.37037037037037035,470.83460314045715,1
92,1,1,1,1,0,1,1,1,1,1,0,0,0,0,0,0,1,1,1,1,1,0,1,1,0,0,0,1,1,0,1,1,1,0,1,1,1,1,1,0,1,0,1,1,0,1,1,0,1,1,0,0,0,1,0.3888888888888889,365.3713591437278,1
93,1,1,1,1,0,1,1,1,1,1,1,0,0,0,0,1,1,1,1,1,1,0,0,1,0,1,0,1,1,0,0,1,1,0,1,1,1,1,1,0,1,0,0,1,0,1,0,0,0,1,1,1,0,1,0.3888888888888889,400.70040799825296,1
94,1,1,0,1,0,1,1,1,1,1,0,0,0,0,0,1,1,1,1,0,1,0,1,1,0,0,0,1,1,0,0,1,1,0,1,1,0,1,1,0,1,0,0,0,0,1,1,0,0,1,0,1,0,1,0.37037037037037035,312.6027895086145,1
95,1,0,1,1,0,1,1,1,1,1,0,0,0,0,0,1,1,1,1,1,1,1,0,1,0,1,0,1,1,0,1,1,1,0,1,1,0,1,1,0,1,0,0,1,1,0,1,0,0,1,0,1,0,1,0.3148148148148148,380.80642897555043,1
96,1,1,1,1,0,1,1,1,1,1,1,0,0,0,0,1,1,1,1,0,1,0,1,1,0,0,0,1,1,0,0,1,1,0,1,1,0,1,1,0,1,0,1,0,0,0,1,1,0,1,1,1,0,1,0.3333333333333333,417.95649554880396,1
97,1,0,1,1,0,1,1,1,1,0,1,0,0,0,0,1,1,1,1,0,1,0,1,1,0,1,0,1,1,0,0,1,1,0,1,1,0,1,1,0,1,0,1,1,0,1,0,1,0,0,0,0,0,1,0.3333333333333333,384.37427129990056,1
98,1,1,1,1,0,1,1,1,1,1,0,0,0,0,0,0,1,1,1,1,1,0,1,1,0,1,0,1,1,0,1,1,1,0,1,1,1,1,1,0,1,0,1,0,0,1,0,0,0,1,0,1,1,1,0.3888888888888889,393.30468179055,1
99,1,1,1,1,0,1,1,1,1,1,0,0,0,0,0,1,1,1,1,1,1,0,1,1,0,1,0,1,1,0,0,1,1,0,1,1,0,1,1,0,1,0,1,1,1,1,0,1,1,1,0,1,0,1,0.35185185185185186,433.7275077682152,1
