,0,1,2,3,4,5,6,7,8,9,10,11,12,13,14,15,16,17,18,19,20,21,22,23,24,25,26,27,28,29,30,31,32,33,34,35,36,37,38,39,40,41,42,43,44,45,46,47,48,49,50,51,52,53,chain_break_fraction,energy,num_occurrences
0,1,0,0,0,1,1,0,0,0,1,1,0,1,1,0,1,1,0,0,0,1,1,1,0,1,0,0,0,0,0,1,0,0,1,0,0,1,0,1,1,0,0,0,1,1,0,0,0,1,1,0,0,1,1,0.25925925925925924,212.8514568871893,1
1,1,0,1,0,1,1,0,0,0,1,1,0,0,1,0,1,1,1,0,0,1,1,1,0,1,0,0,0,0,0,1,0,0,1,0,0,1,0,1,1,0,0,0,1,1,0,0,0,1,1,0,0,1,1,0.3148148148148148,352.16391714884537,1
2,1,0,0,0,1,1,0,0,0,1,1,0,0,1,0,1,1,0,0,0,1,1,1,0,1,0,0,0,0,0,1,0,0,1,0,0,1,0,1,1,0,0,0,1,1,0,0,0,1,1,0,0,1,1,0.2962962962962963,209.68236652082268,1
3,1,0,1,0,1,1,0,0,0,1,1,0,0,1,0,1,1,1,0,0,1,1,1,0,1,0,0,0,0,0,1,0,0,1,0,0,1,0,1,1,0,0,0,1,1,0,0,0,0,1,0,0,1,1,0.2962962962962963,367.6994408751134,1
4,1,0,1,0,1,1,0,0,0,1,1,0,0,1,0,1,1,1,0,0,1,1,1,0,1,0,0,0,0,0,1,0,0,1,0,0,1,0,1,1,0,0,0,1,1,0,0,0,1,1,0,0,1,1,0.2777777777777778,352.16391714884537,1
5,1,0,1,0,1,1,0,0,0,1,1,0,0,1,0,1,1,1,0,0,1,1,1,0,1,0,0,0,0,0,1,0,0,1,0,0,1,0,1,1,0,0,0,1,1,0,0,0,1,1,0,0,1,1,0.3148148148148148,352.16391714884537,1
6,1,0,1,0,1,1,0,0,0,1,1,0,0,1,0,1,1,0,0,0,1,1,1,0,1,0,0,0,0,0,1,0,0,1,0,0,1,0,1,1,0,0,0,1,1,0,0,0,1,1,0,0,1,1,0.2962962962962963,254.11551111507876,1
7,1,0,0,0,1,1,0,0,0,1,1,0,1,1,0,1,1,1,0,0,1,1,1,0,1,0,0,0,0,0,1,0,0,1,0,0,1,0,1,1,0,0,0,1,1,0,0,0,1,1,0,0,1,1,0.2962962962962963,281.00263158029657,1
8,1,0,0,0,1,1,0,0,0,1,1,0,1,1,0,1,1,1,1,0,1,1,1,0,1,0,0,1,0,0,1,0,0,1,0,0,1,0,1,1,0,0,0,1,1,0,0,0,1,1,0,0,1,1,0.2962962962962963,289.11078185686404,1
9,1,0,0,1,1,1,0,0,0,1,1,0,1,1,0,1,1,0,0,0,1,1,1,0,1,0,0,0,0,0,1,0,0,1,0,0,1,0,1,1,0,0,0,1,1,0,0,0,0,1,0,0,1,1,0.3148148148148148,220.72902387434837,1
10,1,0,0,0,1,1,0,1,0,1,1,0,1,1,0,1,1,1,0,0,1,1,1,0,1,0,0,0,0,0,1,0,0,1,0,0,1,0,1,1,0,0,0,1,1,0,0,0,1,1,0,0,1,1,0.2962962962962963,324.30031093964317,1
11,1,0,1,0,1,1,0,0,0,1,1,0,1,1,0,1,1,1,0,0,1,1,1,0,1,0,0,0,0,0,1,0,0,1,0,0,1,0,1,1,0,0,0,1,1,0,0,0,0,1,0,0,1,1,0.2962962962962963,393.5793025249001,1
12,1,0,1,0,1,1,0,0,0,1,1,0,0,1,0,1,1,1,0,0,1,1,1,0,1,0,0,1,0,0,1,0,0,1,0,0,1,0,1,1,0,0,0,1,1,0,0,0,1,1,0,0,1,1,0.25925925925925924,335.48523306404707,1
13,1,0,1,0,1,1,0,0,0,1,1,0,1,1,0,1,1,0,0,0,1,1,1,0,1,0,0,0,0,0,1,0,0,1,0,0,1,0,1,1,0,0,0,1,1,0,0,0,1,1,0,0,1,1,0.2962962962962963,267.2846119092935,1
14,1,0,1,0,1,1,0,0,0,1,1,0,1,1,0,1,1,1,0,0,1,1,1,0,1,0,0,1,0,0,1,0,0,1,0,0,0,0,1,1,0,0,0,1,1,0,0,0,1,1,0,0,1,1,0.3148148148148148,370.582310690644,1
15,1,0,1,0,1,1,0,0,0,1,1,0,1,1,0,1,1,1,0,0,1,1,1,0,1,0,0,0,0,0,1,0,1,1,0,0,1,0,1,1,0,0,0,1,1,0,0,0,0,1,0,0,1,1,0.2962962962962963,352.85970544779946,1
16,1,0,0,0,1,1,0,0,0,1,1,0,1,1,0,1,1,0,0,0,1,1,1,0,1,0,0,1,0,0,1,0,0,1,0,0,1,0,1,1,0,0,0,1,1,0,0,0,1,1,0,0,1,1,0.2777777777777778,213.44781688103237,1
17,1,0,1,0,1,0,0,0,0,1,1,0,1,1,0,1,1,1,0,0,1,1,1,0,1,0,0,0,0,0,1,0,0,1,0,0,1,0,1,1,0,0,0,1,1,0,0,0,1,1,0,0,1,1,0.3333333333333333,278.3376156558602,1
18,1,0,1,0,1,1,0,0,0,1,1,0,1,1,0,1,1,1,1,0,1,1,1,0,1,0,0,0,0,0,1,0,0,1,0,0,1,0,1,1,0,0,0,1,1,0,0,0,1,1,0,0,1,1,0.3333333333333333,405.4745658462913,1
19,1,0,0,0,1,1,0,0,0,1,1,0,0,1,0,1,1,1,0,0,1,1,1,0,1,0,0,1,0,0,1,0,0,1,0,0,1,0,1,1,0,0,0,1,1,0,0,0,1,1,0,0,1,1,0.3333333333333333,261.05157247806574,1
20,1,0,1,0,0,1,0,0,0,1,1,0,1,1,0,1,1,0,0,0,1,1,1,0,1,0,0,1,0,0,1,0,0,1,0,0,1,0,1,1,0,0,0,1,1,0,0,0,1,1,0,0,1,1,0.2777777777777778,234.7398479524813,1
21,1,0,0,1,1,1,0,0,0,1,1,0,0,1,0,1,1,1,0,0,1,1,1,0,1,0,0,0,0,0,1,0,0,1,0,0,1,0,1,1,0,0,0,1,1,0,0,0,0,1,0,0,1,1,0.2962962962962963,290.5143050886662,1
22,1,0,0,0,1,1,0,0,0,1,1,0,0,1,0,1,1,1,0,0,1,1,1,0,1,0,0,1,0,0,1,0,0,1,0,0,1,0,1,1,0,0,0,1,1,0,0,0,0,1,0,0,1,1,0.2962962962962963,263.77720397603866,1
23,1,0,0,0,1,1,1,0,0,1,1,0,1,1,0,1,1,0,1,0,1,1,1,0,1,0,0,0,0,0,1,0,0,1,0,0,1,0,1,1,0,0,0,1,1,0,0,0,1,1,0,0,1,1,0.25925925925925924,230.9198232767051,1
24,1,0,0,0,1,1,0,0,0,1,1,0,1,1,0,1,1,1,0,0,1,1,1,0,1,0,0,1,0,0,1,0,0,1,0,0,1,0,1,1,0,0,0,1,1,0,0,0,1,1,0,0,1,1,0.3148148148148148,271.5781888616975,1
25,1,0,1,0,1,0,0,0,0,1,1,0,1,1,0,1,1,0,0,0,1,1,1,0,1,0,0,0,0,0,1,0,0,1,0,0,1,0,1,1,0,0,0,1,1,0,0,0,1,1,0,0,1,1,0.3333333333333333,210.18639717636862,1
26,1,0,1,0,1,1,0,0,0,1,1,0,1,1,0,1,1,1,0,0,1,1,1,0,1,0,0,0,0,0,1,0,0,1,0,0,1,0,1,1,0,0,0,1,1,0,0,0,1,1,0,0,1,1,0.35185185185185186,375.4365750588919,1
27,1,0,1,0,1,1,0,0,0,1,1,0,1,1,0,1,1,0,1,0,1,1,1,0,1,0,0,0,0,0,1,0,0,1,0,0,1,0,1,1,0,0,0,1,1,0,0,0,1,1,0,0,1,1,0.25925925925925924,285.3226026966936,1
28,1,0,0,0,1,1,0,0,0,1,1,0,1,1,0,1,1,1,0,0,1,1,1,0,1,0,0,1,0,0,1,0,0,1,0,0,1,0,1,1,0,0,0,1,1,0,0,0,1,1,0,0,0,1,0.2777777777777778,288.9923026083029,1
29,1,0,0,0,0,1,0,0,0,1,1,0,0,1,0,1,1,0,0,0,1,1,1,0,1,0,0,0,0,0,1,0,0,1,0,0,1,0,1,1,0,0,0,1,1,0,0,0,1,1,0,0,1,1,0.25925925925925924,206.24721000079435,1
30,1,0,0,0,0,1,0,0,0,1,1,0,0,1,0,1,1,1,1,0,1,1,1,0,1,0,0,0,0,0,1,0,0,1,0,0,1,0,1,1,0,0,0,1,1,0,0,0,1,1,0,0,1,1,0.25925925925925924,256.8062665535731,1
31,1,0,1,0,1,1,0,0,0,1,1,0,1,1,0,1,1,1,0,0,1,1,1,0,1,0,0,0,0,0,1,0,0,1,0,0,1,0,1,1,0,0,0,1,1,0,0,0,1,1,1,0,1,1,0.2962962962962963,350.8656651948601,1
32,1,0,1,0,1,1,0,0,0,1,1,0,0,1,0,1,1,0,0,0,1,1,1,0,1,0,0,0,0,0,1,0,0,1,1,0,1,0,1,1,0,0,0,1,1,0,0,0,1,1,0,0,1,1,0.3148148148148148,256.31682855533074,1
33,1,0,1,0,1,1,0,0,0,1,1,0,0,1,0,1,1,1,0,0,1,1,1,0,1,0,0,0,0,0,1,0,0,1,0,0,1,0,1,1,0,0,0,1,1,1,0,0,1,1,1,0,1,1,0.3148148148148148,336.2430877632011,1
34,0,0,1,0,1,1,0,0,0,1,1,0,1,1,0,1,1,1,0,0,1,1,1,0,1,0,0,0,0,0,1,0,0,1,0,0,1,0,1,1,0,0,0,1,1,0,0,0,1,1,0,0,1,1,0.3148148148148148,351.82808918924286,1
35,1,0,1,0,1,1,0,0,0,1,1,0,1,1,0,1,1,0,0,0,1,1,1,0,1,0,0,1,0,0,1,0,0,1,0,0,1,0,1,1,0,0,0,1,1,0,0,0,1,1,0,0,1,1,0.3148148148148148,257.88069943837206,1
36,0,0,1,0,1,1,0,0,0,1,1,0,1,1,0,1,1,0,0,0,1,1,1,0,1,0,0,1,0,0,1,0,0,1,0,0,1,0,1,1,0,0,0,1,1,0,0,0,1,1,0,0,1,1,0.25925925925925924,246.77247879903743,1
37,0,0,0,1,1,1,0,0,0,1,1,0,1,1,0,1,1,0,0,0,1,1,1,0,1,0,0,0,0,0,1,0,0,1,0,0,1,0,1,1,0,0,0,1,1,0,0,0,1,1,0,0,1,1,0.2962962962962963,216.01771771867507,1
38,0,0,1,0,1,1,0,1,0,1,1,0,0,1,0,1,1,1,0,0,1,1,1,0,1,0,0,0,0,0,1,0,0,1,0,0,1,0,1,1,0,0,0,1,1,0,0,0,1,1,0,0,1,1,0.2962962962962963,384.1167111561681,1
39,1,0,0,0,0,1,0,0,0,1,1,0,0,1,0,1,1,1,0,0,1,1,1,0,1,0,0,1,0,0,1,0,0,1,0,0,1,0,1,1,0,0,0,1,1,0,0,0,1,1,0,0,1,1,0.3333333333333333,243.0242995035559,1
40,1,0,1,0,0,1,0,0,0,1,1,0,0,1,0,1,1,1,0,0,1,1,1,0,1,0,0,0,0,0,1,0,0,1,0,0,1,0,1,1,0,0,0,1,1,0,0,0,1,1,1,0,1,1,0.35185185185185186,314.91486867778303,1
41,1,0,0,0,1,1,0,0,0,1,1,0,1,1,0,0,1,1,0,0,1,1,1,0,1,0,0,1,0,0,1,0,0,1,0,0,1,0,1,1,0,0,0,1,1,0,0,0,1,1,0,0,1,1,0.25925925925925924,257.04559586653124,1
42,1,0,0,0,1,1,1,0,0,1,1,0,1,1,0,1,1,0,0,0,1,1,1,0,1,0,0,1,0,0,1,0,0,1,0,0,1,0,1,1,0,0,0,0,1,0,0,0,1,1,0,0,1,1,0.2962962962962963,216.20795110386993,1
43,1,0,1,0,1,0,0,0,0,1,1,0,0,1,0,1,1,0,0,0,1,1,1,0,1,0,0,0,0,0,1,0,0,1,0,0,1,0,1,1,0,0,0,1,1,0,0,0,1,1,0,0,1,1,0.2962962962962963,207.24518496712133,1
44,0,0,0,0,1,1,0,0,0,1,1,0,1,1,0,1,1,1,1,0,1,1,1,0,1,0,0,1,0,0,1,0,0,1,1,0,1,0,1,1,0,0,0,1,1,0,0,0,1,1,0,0,1,1,0.3148148148148148,280.07121757248547,1
45,1,0,1,0,1,0,0,0,0,1,1,0,1,1,0,1,1,0,0,0,1,1,1,0,1,0,0,0,0,0,1,0,0,1,0,0,1,0,1,1,0,0,0,0,1,0,0,0,1,1,0,0,1,1,0.2962962962962963,208.80751372226538,1
46,1,0,0,0,1,1,0,0,0,1,1,0,0,1,1,1,1,1,0,0,1,1,1,0,1,0,0,0,0,0,1,0,0,1,0,0,1,0,1,1,0,0,0,1,1,0,0,0,1,1,0,0,1,1,0.2962962962962963,356.82057402688986,1
47,1,0,0,0,1,1,0,0,0,1,1,0,1,1,0,1,1,0,0,0,1,1,1,0,1,0,0,0,0,0,1,0,0,1,0,0,1,0,1,1,0,0,0,1,1,0,0,0,1,1,0,0,1,1,0.3333333333333333,212.8514568871893,1
48,1,0,0,0,1,1,0,0,0,1,1,0,1,1,0,1,1,0,1,0,1,1,1,0,1,0,0,1,0,0,1,0,0,1,0,0,1,0,1,1,0,0,0,1,1,0,0,0,1,1,0,0,1,1,0.3148148148148148,218.9804098761986,1
49,0,0,0,0,1,1,0,0,0,1,1,0,0,1,0,1,1,0,0,0,1,1,1,0,1,0,0,0,0,0,1,0,0,1,0,0,1,0,1,1,0,0,0,1,1,0,0,0,1,1,0,0,1,1,0.3148148148148148,210.5740803722584,1
50,0,0,0,0,1,1,0,0,0,1,1,0,1,1,0,1,1,1,0,0,1,1,1,0,1,0,0,1,0,0,1,0,0,1,0,0,1,0,1,1,0,0,0,1,1,0,0,0,1,1,0,0,1,1,0.3148148148148148,262.46977110823957,1
51,1,0,1,0,1,1,0,0,0,1,1,0,0,1,0,1,1,1,0,0,1,1,1,0,1,0,0,0,0,0,1,0,0,1,0,0,1,0,1,1,0,0,0,1,1,0,0,0,0,1,0,0,1,1,0.2777777777777778,367.6994408751134,1
52,0,1,1,1,0,0,1,1,1,0,0,1,1,0,1,0,0,1,0,1,0,0,0,1,0,1,1,1,1,1,0,1,1,0,1,1,0,1,0,0,1,1,1,0,0,1,1,1,0,0,0,1,0,0,0.2962962962962963,520.502582366028,1
53,1,0,1,1,1,1,0,0,0,1,1,0,0,1,0,1,1,0,0,0,1,1,1,0,1,0,0,1,0,0,1,0,0,1,0,0,1,0,1,1,0,0,0,1,1,0,0,0,1,1,1,0,1,1,0.2777777777777778,286.6470817389894,1
54,0,0,0,1,1,1,0,0,0,1,1,0,1,1,0,1,1,0,0,0,1,1,1,0,1,0,0,1,0,0,1,0,0,1,0,0,1,0,1,1,0,0,0,1,1,0,0,0,1,1,0,0,1,1,0.3333333333333333,216.41001788842354,1
55,1,0,0,0,0,1,0,0,0,1,1,0,1,1,0,1,1,1,0,0,1,1,1,0,1,0,0,1,0,0,1,0,0,1,0,0,1,0,1,1,0,0,0,1,1,0,0,0,1,1,0,0,1,1,0.3148148148148148,248.43697159470375,1
56,1,0,0,0,1,0,0,0,0,0,1,0,1,1,0,1,1,1,0,0,1,1,1,0,1,0,0,0,0,0,1,0,0,1,0,0,1,0,1,1,0,0,0,1,1,0,0,0,0,1,0,0,1,1,0.2777777777777778,217.73522214174264,1
57,1,0,0,0,1,1,0,0,0,1,1,0,1,1,0,1,1,0,0,0,1,1,1,0,1,0,0,0,0,0,1,0,0,1,1,0,1,0,1,1,0,0,0,1,1,0,0,0,0,1,0,0,1,1,0.3333333333333333,222.66199841571077,1
58,0,0,0,0,1,0,0,0,0,1,1,0,0,1,0,1,1,0,0,0,1,1,1,0,1,0,0,1,0,0,1,0,0,1,0,0,1,0,1,1,0,0,0,1,1,0,0,0,0,1,0,0,1,1,0.3148148148148148,210.3508284601044,1
59,0,0,1,1,1,0,0,0,0,1,1,0,1,1,0,1,1,0,0,0,1,1,1,0,1,0,0,1,0,0,1,0,0,1,0,0,1,0,1,1,0,0,0,1,1,0,0,0,1,1,0,0,1,1,0.3333333333333333,210.56120402793184,1
60,1,0,1,0,1,1,0,1,0,1,1,0,1,1,0,1,1,1,1,0,1,1,1,0,0,0,0,0,0,0,1,0,0,1,0,0,1,0,1,1,0,0,0,1,1,0,0,0,1,1,0,0,1,1,0.25925925925925924,447.18602758941324,1
61,1,0,1,0,1,1,0,0,0,0,1,0,1,1,0,1,1,0,0,0,1,0,1,0,1,0,0,0,0,0,1,0,0,1,0,0,1,0,1,1,0,0,0,1,1,0,0,0,0,1,0,0,1,1,0.25925925925925924,248.80241492049586,1
62,1,0,0,1,1,0,0,0,0,1,1,0,1,1,0,1,1,0,0,0,1,1,1,0,1,0,0,0,0,0,1,0,0,1,0,0,1,0,1,1,0,0,0,1,1,1,0,0,1,1,1,0,1,1,0.24074074074074073,300.6923595649655,1
63,1,0,0,0,1,1,0,0,0,1,1,0,1,1,0,1,1,0,0,0,1,1,1,0,1,0,0,1,0,0,1,0,0,1,0,0,1,0,1,1,0,0,0,0,1,0,0,0,1,1,0,0,1,1,0.2777777777777778,206.57523712263097,1
64,0,1,0,1,0,0,1,0,1,0,0,1,1,0,1,0,0,1,0,1,0,0,0,1,0,1,1,0,1,1,0,1,1,0,0,1,0,1,0,0,1,1,1,0,0,1,1,1,0,0,0,1,0,0,0.2777777777777778,436.71730291534726,1
65,0,0,1,0,0,1,0,0,0,1,1,0,0,1,0,1,1,1,0,0,1,1,1,0,1,0,0,0,0,0,1,0,0,1,0,0,1,0,1,1,0,0,0,0,1,0,0,0,1,1,0,0,1,1,0.3148148148148148,311.1303711231932,1
66,1,0,1,0,1,0,0,0,0,1,1,0,0,1,0,1,1,1,1,0,1,1,1,0,1,0,0,0,0,0,1,0,0,1,0,0,1,0,1,1,0,0,0,1,1,0,0,0,0,1,0,0,1,1,0.2962962962962963,290.6936804069103,1
67,0,0,1,0,1,1,0,0,0,1,1,0,1,1,0,1,1,1,0,0,1,1,1,0,1,0,0,0,0,0,1,0,0,1,1,0,1,0,1,1,0,0,0,1,1,0,0,0,0,1,1,0,1,1,0.2962962962962963,339.88711681551564,1
68,1,0,1,0,1,1,0,0,0,1,1,0,1,1,0,1,1,0,1,0,1,1,1,0,1,0,0,0,0,0,1,0,1,1,0,0,1,0,1,1,0,0,0,1,1,0,0,0,1,1,1,0,1,1,0.3148148148148148,339.3824686388535,1
69,0,0,0,1,0,1,0,0,0,1,1,0,0,1,0,1,1,0,1,0,1,1,1,0,1,0,0,0,0,0,1,0,0,1,0,0,1,0,1,1,0,0,0,1,1,0,0,0,0,1,0,0,1,1,0.3148148148148148,201.79715484285853,1
70,0,1,0,1,0,0,1,1,1,0,0,1,0,0,1,0,0,1,1,1,0,0,0,1,0,1,1,0,1,1,0,1,1,0,1,1,0,1,0,0,1,1,1,0,0,1,1,1,0,0,1,1,0,0,0.3148148148148148,562.6258047474838,1
71,1,0,0,0,0,1,0,0,0,1,1,0,1,1,0,1,1,1,0,0,1,1,1,0,1,0,0,0,0,0,1,0,0,1,0,0,0,0,1,1,0,0,0,1,1,1,0,0,1,1,0,0,1,1,0.2777777777777778,250.73261263376824,1
72,1,0,1,0,0,1,0,0,0,1,1,0,1,1,0,1,1,0,0,0,1,1,1,0,1,0,0,0,0,0,1,0,0,1,0,0,1,0,1,1,0,0,0,1,1,1,0,0,1,1,0,0,1,1,0.37037037037037035,237.7422134175345,1
73,0,1,0,1,0,0,0,0,1,0,0,1,1,0,1,0,0,1,1,1,0,0,0,1,0,1,1,0,1,1,0,1,1,0,1,1,0,1,0,0,1,1,1,0,0,1,1,1,0,0,0,1,0,0,0.2962962962962963,459.9143403395875,1
74,1,0,1,0,1,1,1,0,0,1,1,0,0,1,0,1,1,0,0,0,1,1,1,0,1,0,0,0,0,0,1,0,0,1,0,0,1,0,1,1,0,0,0,1,1,0,0,0,1,1,0,0,1,1,0.3333333333333333,268.6551441834921,1
75,0,1,1,0,0,0,1,0,1,0,0,1,0,0,1,0,0,1,1,1,0,0,0,1,0,1,1,1,1,1,0,1,1,0,1,1,0,1,0,0,1,1,1,0,0,1,1,1,0,0,0,1,0,0,0.2962962962962963,501.5850158493534,1
76,1,0,1,1,1,1,0,0,0,0,1,0,0,1,0,1,1,0,1,0,1,1,1,0,1,0,0,0,0,0,1,0,0,1,0,0,1,0,1,1,0,0,0,1,1,1,0,0,1,1,0,0,1,1,0.3148148148148148,267.6012557126479,1
77,1,0,1,0,1,1,0,0,0,1,1,0,1,1,0,1,1,0,0,0,1,1,1,0,1,0,0,1,0,0,1,0,0,1,0,0,1,0,1,1,0,0,0,1,1,0,0,0,1,1,0,0,1,1,0.3888888888888889,257.88069943837206,1
78,1,1,0,1,0,0,1,0,1,0,0,1,0,0,1,0,0,1,1,1,0,0,0,1,0,1,1,1,1,1,0,1,1,0,1,1,0,1,0,0,1,1,1,0,0,1,1,1,0,0,0,1,0,0,0.3148148148148148,477.85561265168553,1
79,1,0,1,0,1,1,0,0,0,0,1,0,0,1,0,1,1,1,0,0,1,1,1,0,1,0,0,1,0,0,1,0,0,1,0,0,1,0,1,1,0,0,0,1,1,0,0,0,0,1,0,0,0,1,0.2777777777777778,361.12503573645904,1
80,1,0,1,1,0,1,0,0,0,1,1,0,0,1,0,1,1,0,0,0,1,1,1,0,1,0,0,0,0,0,1,0,0,1,0,0,1,0,1,1,0,0,0,1,1,0,0,0,0,1,0,0,1,1,0.3148148148148148,242.32163685211296,1
81,1,0,1,0,1,1,0,0,0,1,1,0,0,1,0,1,1,0,1,0,1,1,1,0,1,0,0,1,0,0,1,0,0,1,0,0,1,0,1,1,0,0,0,1,1,1,0,0,1,1,0,0,1,1,0.3333333333333333,257.31548307471485,1
82,0,0,1,0,1,1,0,0,0,1,1,0,1,1,0,1,1,0,1,0,1,1,1,0,1,0,0,1,0,0,1,0,0,1,0,0,1,0,1,1,0,0,0,1,1,0,0,0,1,1,0,0,1,1,0.3333333333333333,259.8052196297954,1
83,1,0,1,0,1,1,0,1,0,1,1,0,1,1,0,1,1,0,0,0,1,1,1,0,1,0,0,1,0,0,1,0,0,1,0,0,1,0,1,1,0,0,0,0,1,1,0,0,1,1,0,0,1,1,0.37037037037037035,303.3002389643467,1
84,0,0,1,0,1,1,0,0,0,1,1,0,1,1,0,1,1,1,0,0,1,1,1,0,0,0,1,0,0,0,1,0,0,1,1,0,1,0,1,1,0,0,0,1,1,0,0,0,1,1,1,0,1,1,0.2777777777777778,383.9437650838998,1
85,0,1,0,1,0,0,0,0,1,0,0,1,1,0,1,0,0,1,1,1,0,0,0,1,0,1,1,1,1,1,0,1,1,0,1,1,0,1,0,0,1,1,1,0,0,1,1,1,0,0,1,1,0,0,0.3148148148148148,592.5385755883196,1
86,0,0,1,0,0,1,0,0,0,1,1,0,1,1,0,1,1,0,0,0,1,1,1,0,1,0,0,0,0,0,1,0,0,1,0,0,1,0,1,1,0,0,0,1,1,0,0,0,1,1,0,0,1,1,0.3148148148148148,230.12721742579296,1
87,0,1,0,1,0,0,0,1,1,0,0,1,1,0,1,0,0,1,0,1,0,0,0,1,0,1,0,1,1,1,0,1,1,0,1,1,0,1,0,0,1,1,1,0,0,1,1,1,0,0,0,1,0,0,0.2777777777777778,495.46453460911835,1
88,0,1,1,1,0,0,1,0,1,1,0,1,1,0,1,0,0,1,0,1,0,0,0,1,0,1,1,1,1,1,0,1,1,0,1,1,0,1,0,0,1,1,1,0,0,1,1,1,0,0,0,1,0,0,0.2777777777777778,499.3961205087386,1
89,0,1,0,1,0,0,1,0,1,0,0,1,1,0,1,0,0,1,0,1,0,0,0,1,0,1,1,1,1,1,0,1,0,0,1,1,0,1,0,0,1,1,1,0,0,1,1,0,0,0,0,1,0,0,0.2962962962962963,376.4093520170898,1
90,0,1,0,1,1,0,1,0,1,0,0,1,1,0,1,0,0,1,0,1,0,0,0,1,0,1,1,0,1,1,0,1,1,0,1,1,1,1,0,0,1,1,1,0,0,1,1,1,0,0,1,1,0,0,0.2962962962962963,563.3279428827044,1
91,1,1,1,1,0,0,1,0,1,0,0,1,1,0,1,0,0,1,1,1,0,0,0,1,0,1,1,1,1,1,0,1,1,0,1,1,0,1,0,0,1,1,0,0,0,1,1,1,0,0,1,1,0,0,0.3148148148148148,567.3533610534489,1
92,0,1,1,0,0,0,1,0,1,0,0,1,1,0,1,0,0,1,1,1,0,0,0,1,0,1,1,0,1,1,0,1,1,0,0,1,0,1,0,0,1,1,1,0,0,1,1,1,0,0,0,1,0,0,0.24074074074074073,493.3739681891952,1
93,0,0,1,0,1,0,1,0,0,1,1,0,1,1,0,1,1,1,1,0,1,1,1,0,1,0,0,0,0,0,1,0,0,1,0,0,0,0,1,1,0,0,0,1,1,0,0,0,1,1,0,0,1,1,0.3148148148148148,310.92713903163815,1
94,1,0,1,1,0,1,0,0,0,0,1,0,0,1,0,0,1,0,0,0,1,1,1,0,0,0,0,0,0,0,1,0,0,1,1,0,1,0,1,1,0,0,0,1,1,0,0,0,1,1,0,0,1,1,0.3148148148148148,249.29116676608274,1
95,1,1,0,1,0,0,1,0,1,0,0,1,1,0,1,0,0,1,0,1,0,0,0,1,0,1,1,1,1,1,0,1,1,0,1,1,0,1,0,0,1,1,1,0,0,1,1,1,1,0,0,1,0,0,0.37037037037037035,489.2411093401973,1
96,1,1,0,0,0,0,1,0,1,0,0,1,0,0,1,0,0,1,0,1,0,0,0,1,0,1,1,0,1,1,0,1,1,0,1,1,0,1,0,0,1,1,1,0,0,1,1,1,0,0,0,1,0,0,0.3148148148148148,469.75371731784196,1
97,0,1,1,0,0,1,1,0,1,0,0,1,0,0,1,1,0,1,0,1,0,0,0,1,0,1,1,1,1,1,0,1,1,0,1,1,0,1,0,0,1,1,1,0,0,1,1,0,1,0,0,1,0,0,0.2777777777777778,521.1786350468757,1
98,0,1,1,1,0,0,1,1,1,0,0,1,1,0,1,0,0,1,0,1,0,0,0,1,0,1,1,0,1,1,0,1,1,0,1,1,0,1,0,0,1,1,1,0,0,1,1,1,0,0,0,1,0,0,0.37037037037037035,519.350926608108,1
99,1,1,1,1,0,0,0,0,1,0,0,1,1,0,1,0,0,1,0,1,0,0,0,1,0,1,1,1,1,1,0,1,1,0,1,1,0,1,0,0,1,1,1,0,0,1,1,1,0,0,0,1,0,0,0.3148148148148148,492.42615177282465,1
