,0,1,2,3,4,5,6,7,8,9,10,11,12,13,14,15,16,17,18,19,20,21,22,23,24,25,26,27,28,29,30,31,32,33,34,35,36,37,38,39,40,41,42,43,44,45,46,47,48,49,50,51,52,53,chain_break_fraction,energy,num_occurrences
0,0,1,1,0,0,1,1,0,1,0,0,1,1,0,0,0,1,1,1,0,1,1,0,0,1,1,1,1,0,0,0,0,1,1,1,0,1,1,0,1,1,0,0,0,0,1,0,0,1,0,1,1,1,0,0.2962962962962963,596.2239638856287,1
1,0,1,1,0,0,1,0,0,1,0,0,1,1,0,0,0,1,1,1,0,1,1,0,0,1,1,1,1,0,0,0,0,1,1,0,0,1,1,0,1,1,0,1,0,0,1,0,0,1,0,1,0,1,0,0.3333333333333333,628.6028480143003,1
2,1,1,1,0,0,1,1,0,1,0,0,1,0,0,0,0,1,1,1,0,1,1,0,0,1,1,1,1,0,0,0,0,1,0,0,0,1,1,0,1,1,0,1,0,0,1,0,0,1,0,1,1,1,0,0.2777777777777778,672.388961758874,1
3,0,1,1,0,0,1,1,0,1,0,0,1,0,0,0,0,1,1,1,0,1,1,0,0,1,1,1,1,0,0,0,0,1,1,0,0,1,1,0,1,1,0,1,0,0,1,0,0,1,0,1,1,1,0,0.2962962962962963,586.6711359607516,1
4,0,1,1,0,0,1,0,0,1,0,0,1,1,0,0,0,1,1,1,0,1,1,0,0,1,0,1,1,0,0,0,0,1,1,1,0,1,1,0,1,1,0,1,0,0,1,0,0,1,0,0,1,1,0,0.3148148148148148,555.1530311282377,1
5,1,1,1,0,0,1,0,0,1,0,0,1,0,0,0,0,1,1,1,0,1,1,0,0,1,1,1,0,0,0,0,0,1,1,0,0,1,1,0,1,1,0,0,0,0,1,0,0,1,1,0,1,1,0,0.3333333333333333,742.5879234674222,1
6,0,1,1,0,0,1,1,0,1,0,0,1,0,0,0,0,1,1,0,0,1,1,0,0,1,1,1,1,0,0,0,0,1,1,1,0,1,1,0,1,1,0,1,0,0,1,0,0,1,0,1,1,1,0,0.3148148148148148,485.60027697546786,1
7,0,1,1,0,0,1,0,0,1,0,0,1,1,0,0,0,1,1,1,0,1,1,0,0,1,1,1,1,0,0,0,0,1,1,1,0,1,1,0,1,1,0,1,0,0,1,0,1,1,1,0,1,1,0,0.3333333333333333,456.20269571505963,1
8,0,1,1,0,0,1,1,0,1,0,0,1,1,0,0,0,1,1,1,0,1,1,0,0,1,1,1,1,0,0,0,0,1,1,0,0,1,1,0,1,1,0,1,0,0,1,0,0,1,0,1,1,1,0,0.2777777777777778,630.5041790223069,1
9,0,1,1,0,0,1,0,0,1,0,0,1,0,0,0,0,1,1,1,0,1,1,0,0,1,1,1,1,0,0,0,0,1,1,0,0,1,1,0,1,0,0,1,0,0,1,0,0,1,0,1,1,1,0,0.3148148148148148,620.419932849444,1
10,0,1,1,0,0,1,1,0,1,0,0,1,1,0,0,0,1,1,1,0,1,1,0,0,1,1,1,1,0,0,0,0,1,1,0,0,1,1,0,1,1,0,1,0,0,1,0,0,1,0,1,0,1,0,0.2962962962962963,677.4728241363613,1
11,0,1,1,0,0,1,0,0,1,0,0,1,0,0,0,0,1,1,1,0,1,1,0,0,1,1,1,1,0,0,0,0,1,0,0,0,1,1,0,1,1,0,1,0,0,1,0,0,1,0,0,0,1,0,0.2962962962962963,787.8618935544202,1
12,0,1,1,0,0,1,0,0,1,0,0,1,1,0,0,0,1,1,1,0,1,1,0,0,1,1,1,0,0,0,0,0,1,1,1,0,1,1,0,1,1,0,1,0,0,1,1,0,1,1,0,1,1,0,0.3148148148148148,536.583495877307,1
13,0,1,1,0,0,1,0,0,1,0,0,1,1,0,0,0,1,1,1,0,1,1,0,0,1,1,1,1,0,0,0,0,1,1,0,0,1,1,0,1,1,0,1,0,0,1,0,1,1,0,1,0,1,0,0.3148148148148148,503.3980235322856,1
14,1,1,1,0,0,1,1,0,1,0,0,1,1,0,0,0,1,1,1,0,1,1,0,0,1,1,1,1,0,0,0,0,1,1,1,0,1,1,0,1,1,0,1,0,0,1,0,0,1,0,1,1,1,0,0.3333333333333333,602.4881970954983,1
15,0,1,1,0,0,1,1,0,1,0,0,1,1,0,0,0,1,1,1,0,1,1,0,0,1,0,1,1,0,0,0,0,1,1,0,0,1,1,0,1,1,0,1,0,0,1,0,0,1,0,0,0,1,0,0.2962962962962963,735.446658393762,1
16,0,1,1,0,0,1,0,0,1,0,0,1,1,0,0,0,1,1,1,0,1,1,0,0,1,0,1,1,0,0,0,0,1,1,0,0,1,1,0,1,0,0,1,0,0,1,0,0,1,0,1,1,1,0,0.2777777777777778,574.1864953485837,1
17,0,1,1,0,0,1,1,0,1,0,0,1,1,0,0,0,1,1,0,0,1,1,0,0,1,1,1,1,0,0,0,0,1,0,0,0,1,1,0,1,1,0,1,0,0,1,0,0,1,1,1,1,1,0,0.3148148148148148,555.2076978560374,1
18,1,1,1,0,0,1,0,0,1,0,0,1,1,0,0,0,1,1,1,0,1,1,0,0,1,1,1,1,0,0,0,0,1,1,0,0,1,1,0,1,1,0,1,0,0,1,0,0,1,1,1,1,1,0,0.2962962962962963,560.3755602466915,1
19,0,1,1,0,0,1,1,0,1,0,0,1,0,0,0,0,1,1,1,0,1,1,0,0,1,1,1,1,0,0,0,0,1,0,0,0,1,1,0,1,1,0,1,0,0,1,1,0,1,0,1,1,1,0,0.3148148148148148,550.5389336584062,1
20,0,1,1,0,0,1,0,0,1,0,0,1,0,0,0,0,1,1,0,0,1,1,0,0,1,1,1,1,0,0,0,0,1,1,0,0,1,1,0,1,1,0,1,0,0,1,0,0,1,0,1,0,1,0,0.3333333333333333,543.5031036853693,1
21,0,1,1,0,0,1,1,0,1,0,0,1,1,0,0,0,1,1,1,0,1,1,0,0,1,0,1,1,0,0,0,0,1,1,0,0,1,1,0,1,1,0,1,0,0,1,0,1,1,0,1,0,1,0,0.3333333333333333,469.13408652483906,1
22,0,1,1,0,0,1,1,0,1,0,0,1,1,0,0,0,1,1,1,0,1,1,0,0,1,1,1,1,0,0,0,0,1,1,0,0,1,1,0,1,1,0,1,0,0,1,0,0,1,0,1,0,1,0,0.2962962962962963,677.4728241363613,1
23,0,0,0,1,1,0,0,1,1,1,1,0,0,1,1,1,0,1,1,1,0,0,1,1,0,1,0,0,1,1,1,1,0,0,1,1,0,0,1,0,0,1,1,1,1,0,0,1,0,1,0,0,0,1,0.2962962962962963,430.01995588931976,1
24,0,1,1,0,0,1,0,0,1,0,0,1,1,0,0,0,1,1,1,0,1,1,0,0,1,1,1,1,0,0,0,0,1,1,1,0,1,1,0,1,1,0,1,0,0,1,0,0,1,0,1,0,1,0,0.2777777777777778,558.0318750748386,1
25,1,1,1,0,0,1,0,0,1,0,0,1,0,0,0,0,1,1,1,0,1,1,0,0,1,1,1,1,0,0,0,0,1,1,1,0,1,1,0,1,1,0,1,0,0,1,0,0,1,1,0,1,1,0,0.3148148148148148,572.6058523626175,1
26,0,0,0,1,1,0,1,1,1,1,1,0,0,1,1,1,0,1,0,1,0,0,1,1,0,1,0,0,1,1,1,1,0,0,1,1,0,0,1,0,0,1,1,1,1,0,1,0,0,1,0,1,0,1,0.35185185185185186,393.9222156216025,1
27,0,1,1,0,0,1,1,0,1,0,0,1,0,0,0,0,1,1,1,0,1,1,0,0,1,1,1,0,0,0,0,0,1,1,0,0,1,1,0,1,1,0,1,0,0,1,0,0,1,1,1,1,1,0,0.35185185185185186,557.2381301208619,1
28,0,1,1,0,0,1,1,0,1,0,0,1,1,0,0,0,1,1,1,0,1,1,0,0,1,1,1,0,0,0,0,0,1,1,0,0,1,1,0,1,1,0,1,0,0,1,0,0,1,0,0,1,1,0,0.3333333333333333,846.7872302970416,1
29,0,1,1,0,0,1,0,0,1,0,0,1,1,0,0,0,1,1,1,0,1,1,0,0,1,0,1,1,0,0,0,0,1,1,1,0,1,1,0,1,0,0,0,0,0,1,0,1,1,0,0,1,1,0,0.3148148148148148,536.6280192098338,1
30,0,0,0,1,1,0,0,1,1,1,1,0,0,1,1,1,0,1,0,1,0,0,1,1,0,1,0,0,1,1,1,1,0,0,0,1,0,0,1,0,0,1,0,1,1,0,0,1,0,1,0,1,0,1,0.3148148148148148,390.87027723297655,1
31,0,1,1,0,0,1,1,0,1,0,0,1,0,0,0,0,1,1,1,0,1,1,0,0,1,1,1,1,0,0,0,0,1,1,0,0,1,1,0,1,1,0,1,0,0,1,0,0,1,0,0,1,1,0,0.3333333333333333,738.9990248529144,1
32,1,1,1,0,0,1,0,0,1,0,0,1,1,0,0,0,1,1,1,0,1,1,0,0,1,1,1,1,0,0,0,0,1,1,0,0,1,1,0,1,1,0,1,0,0,1,0,0,1,1,0,1,1,0,0.2962962962962963,698.8251315878481,1
33,1,1,1,0,0,1,1,0,1,0,0,1,1,0,0,0,1,1,1,0,1,1,0,0,1,0,1,1,0,0,0,0,1,1,0,0,1,1,0,1,1,0,1,0,0,1,0,0,1,0,0,1,1,0,0.3148148148148148,736.1744538391746,1
34,0,1,1,0,0,1,1,0,1,0,0,1,0,0,0,0,1,1,1,0,1,1,0,0,1,1,1,1,0,0,0,0,1,1,0,0,1,1,0,1,1,0,1,0,0,1,0,0,1,0,1,0,1,0,0.2777777777777778,631.0187634542704,1
35,1,1,1,0,0,1,0,0,1,0,0,1,0,0,0,0,1,1,1,0,1,1,0,0,1,1,1,0,0,0,0,1,1,1,0,0,1,1,0,1,1,0,0,0,0,1,0,0,1,1,1,1,1,0,0.2962962962962963,528.4080698500577,1
36,0,0,0,1,1,0,0,1,1,1,1,0,0,1,1,1,0,0,0,1,0,0,0,1,0,1,0,0,1,1,1,1,0,0,0,1,0,0,1,0,0,1,0,1,1,0,1,1,0,1,0,0,0,1,0.3333333333333333,530.3596651721961,1
37,1,0,0,1,1,0,0,1,1,1,1,0,0,1,1,1,0,1,0,1,0,0,1,1,0,1,0,1,1,1,1,1,0,0,0,1,0,0,1,0,0,1,0,1,1,0,0,0,0,1,0,0,0,1,0.3148148148148148,332.3583661903778,1
38,0,1,1,0,0,1,1,0,1,0,0,1,1,0,0,0,1,1,1,0,1,1,0,0,1,1,1,1,0,0,0,0,1,1,0,0,1,1,0,1,1,0,1,0,0,1,0,1,1,0,0,1,1,0,0.3333333333333333,626.8112133974955,1
39,0,1,1,0,0,1,1,0,1,0,0,1,0,0,0,0,1,1,1,0,1,1,0,0,1,1,1,1,0,0,0,0,1,1,1,0,1,1,0,1,1,0,1,0,0,1,0,0,1,0,1,1,1,0,0.37037037037037035,521.6323217993886,1
40,1,1,1,0,0,1,1,0,1,0,0,1,0,0,0,0,1,1,0,0,1,1,0,0,1,1,1,1,0,0,0,0,1,0,0,0,1,1,0,1,1,0,1,0,0,1,1,0,1,0,0,1,1,0,0.3148148148148148,694.8373949379007,1
41,1,0,0,1,1,0,1,1,1,1,1,0,0,1,1,1,0,0,0,1,0,0,1,1,0,1,0,0,1,1,1,1,0,0,0,1,0,0,1,0,0,1,1,1,1,0,1,1,0,1,0,1,0,1,0.2962962962962963,493.2629982500844,1
42,0,1,1,0,0,1,0,0,1,0,0,1,1,0,0,1,1,1,1,0,1,1,0,0,1,0,1,1,0,0,0,0,1,1,0,0,1,1,0,1,0,0,1,0,0,1,0,0,1,0,1,1,1,0,0.25925925925925924,618.3173833905236,1
43,1,1,1,0,0,1,0,0,1,0,0,1,1,0,0,0,1,1,0,0,1,1,0,0,1,1,1,0,0,0,0,0,1,0,1,0,1,1,0,1,1,0,0,0,0,1,0,0,1,1,1,1,1,0,0.2962962962962963,560.4141035813459,1
44,0,1,1,1,0,1,1,0,1,0,0,1,1,0,0,0,1,1,1,0,1,1,0,0,1,1,1,1,0,0,0,0,1,1,0,0,1,1,0,1,1,0,1,0,0,1,0,0,1,0,0,1,1,0,0.3333333333333333,847.9357950221806,1
45,0,0,0,1,1,0,0,1,1,1,1,0,1,1,1,1,0,1,0,1,0,0,1,1,0,1,0,0,1,1,0,1,0,0,0,1,0,0,1,0,0,1,1,1,1,0,1,1,0,1,0,0,0,1,0.3148148148148148,401.82888647345936,1
46,0,1,1,0,0,1,0,0,1,0,0,1,1,0,0,0,1,1,1,0,1,1,0,0,1,1,1,1,0,0,0,0,1,0,1,0,1,1,0,1,1,0,1,0,0,1,0,0,1,1,1,1,1,0,0.3333333333333333,493.7251792585511,1
47,0,1,1,0,0,1,0,0,1,0,0,1,0,0,0,0,1,1,1,0,1,1,0,0,1,1,1,1,0,0,0,0,1,1,0,0,1,1,0,1,1,0,1,0,0,1,0,0,1,1,1,0,1,0,0.2777777777777778,520.3633062322365,1
48,1,1,1,0,0,1,0,0,1,0,0,1,0,0,0,0,1,1,1,0,1,1,0,0,1,1,1,1,0,0,0,0,1,1,0,0,1,1,0,1,1,0,1,0,0,1,0,0,0,1,1,0,1,0,0.2962962962962963,594.651043377992,1
49,0,1,1,0,0,1,0,0,1,0,0,1,1,0,0,0,1,1,1,0,1,1,0,0,1,1,1,1,0,0,0,0,1,1,0,0,1,1,0,1,1,0,1,0,0,1,0,0,1,1,1,0,1,0,0.35185185185185186,559.0320384284987,1
50,0,1,1,0,0,1,0,0,1,0,0,1,1,0,0,0,1,1,1,0,1,1,0,0,1,0,1,1,0,0,0,0,1,1,0,0,1,1,0,1,1,0,1,0,0,1,0,1,1,0,1,0,1,0,0.35185185185185186,436.07955290297156,1
51,0,1,1,0,0,1,0,0,1,0,0,1,0,0,0,0,1,1,1,0,1,1,0,0,1,1,1,1,0,0,0,0,1,1,1,0,1,1,0,1,1,0,1,0,0,1,0,1,1,1,1,0,1,0,0.2962962962962963,392.6823552930658,1
52,0,1,1,0,0,1,0,0,1,0,0,1,0,0,0,0,1,1,1,0,1,1,0,0,0,0,1,1,0,0,0,0,1,1,0,0,1,1,0,1,0,0,1,0,0,1,0,1,1,0,0,1,1,0,0.35185185185185186,489.4652131076394,1
53,0,1,1,0,0,1,1,0,1,0,0,1,1,0,0,0,1,1,1,0,1,1,0,0,1,0,1,1,0,0,0,0,1,1,1,0,1,1,0,1,1,0,0,0,0,1,0,0,1,0,1,1,1,0,0.35185185185185186,514.5705146862963,1
54,0,0,0,1,1,0,1,1,1,1,1,0,0,1,1,0,0,1,0,1,0,0,1,1,0,1,0,0,1,1,1,1,0,0,1,1,0,0,1,0,0,1,1,1,1,0,1,0,0,1,0,1,0,1,0.2777777777777778,406.75269612438393,1
55,0,0,0,1,1,0,1,1,1,1,1,0,1,1,1,1,0,1,0,1,0,0,1,1,0,1,0,0,1,1,1,1,0,0,0,1,0,0,1,0,1,1,1,1,1,0,1,0,0,1,0,0,0,1,0.35185185185185186,366.19013113852276,1
56,1,1,1,1,0,1,1,0,1,0,0,1,1,0,0,0,1,1,1,0,1,1,0,0,1,0,1,1,0,0,0,0,1,1,1,0,1,1,0,1,1,0,1,0,0,1,0,0,1,0,0,0,1,0,0.24074074074074073,746.4891813976752,1
57,0,0,0,1,1,0,0,1,1,1,1,0,1,1,1,0,0,1,0,1,0,0,1,1,0,1,0,0,1,1,1,1,0,0,0,1,0,0,1,0,0,1,1,1,1,0,0,0,0,1,0,0,0,1,0.3333333333333333,331.70570625512175,1
58,0,1,1,0,0,1,1,0,1,0,0,1,1,0,0,0,1,1,1,0,1,1,0,0,0,1,1,1,0,0,0,0,1,1,1,0,1,1,0,1,1,0,1,0,0,1,1,0,1,1,0,1,1,0,0.3148148148148148,504.1996825962586,1
59,0,1,1,0,0,1,0,0,1,0,0,1,1,0,0,0,1,1,1,0,1,1,0,1,1,1,1,1,0,0,0,0,1,1,0,0,1,1,0,1,1,0,1,0,0,1,0,0,1,0,1,1,1,0,0.35185185185185186,793.8851228194803,1
60,0,1,1,0,0,1,0,0,1,0,0,1,1,0,0,0,1,1,1,0,1,1,0,0,1,1,1,0,0,0,0,0,1,1,0,0,1,1,0,1,1,0,1,0,0,1,0,0,1,0,1,1,1,0,0.3148148148148148,624.6525928128864,1
61,0,1,1,0,0,1,1,0,1,0,0,1,1,0,0,0,1,1,1,0,1,1,0,0,1,1,1,1,0,0,0,0,1,1,0,0,1,1,0,1,1,0,0,0,0,1,0,1,1,1,1,0,1,0,0.4074074074074074,516.9301109805693,1
62,1,0,0,1,1,0,0,1,1,1,1,0,0,1,1,1,0,1,1,1,0,0,1,1,0,1,0,0,1,1,0,1,0,0,0,1,0,0,1,0,0,1,1,1,1,0,0,1,0,1,0,1,0,1,0.3148148148148148,373.0100776421787,1
63,0,0,0,1,1,0,0,1,1,1,1,0,1,1,1,1,0,1,0,1,0,0,1,1,0,1,0,0,1,1,1,1,0,0,0,1,0,0,1,0,1,1,0,1,1,0,1,1,0,1,0,0,0,1,0.3888888888888889,445.0007419622361,1
64,0,1,1,0,0,1,0,0,1,0,0,1,1,0,0,0,1,1,0,0,1,1,0,0,1,1,1,1,0,0,0,0,1,0,0,0,1,1,0,1,1,0,1,0,0,1,0,1,1,0,1,1,1,0,0.2962962962962963,464.14255240193796,1
65,1,0,0,1,1,0,1,1,1,1,1,0,1,1,1,1,0,1,0,1,0,0,1,1,0,1,0,0,1,1,1,1,0,0,1,1,0,0,1,0,1,1,1,1,1,0,1,0,0,1,1,0,0,1,0.3888888888888889,514.0829296619113,1
66,0,1,1,0,0,1,0,0,1,0,0,1,1,0,0,0,1,1,1,0,1,1,0,0,1,1,1,1,0,0,0,0,1,1,1,0,1,1,0,1,1,0,1,0,0,1,0,0,1,1,1,0,1,0,0.35185185185185186,500.28457446842816,1
67,1,0,0,1,1,0,0,1,1,1,1,0,0,1,1,1,0,1,0,1,0,0,1,1,0,1,0,0,1,1,1,1,0,0,1,1,0,0,1,0,0,1,1,1,1,0,0,1,0,1,0,1,0,1,0.35185185185185186,447.4678660323162,1
68,0,1,1,0,0,1,0,0,1,0,0,1,0,0,0,0,1,1,1,0,1,1,0,0,1,1,1,0,0,0,0,0,1,1,0,0,1,1,0,1,1,0,0,0,0,1,0,0,1,0,1,0,1,0,0.35185185185185186,666.8581142702474,1
69,0,1,1,0,0,1,1,0,1,0,0,1,1,0,0,1,1,1,1,0,1,1,0,0,1,1,1,1,0,0,0,0,1,1,0,0,1,1,0,1,1,0,1,0,0,1,0,1,1,0,1,1,1,0,0.35185185185185186,540.8441941765085,1
70,1,1,1,0,0,1,0,0,1,0,0,1,1,0,0,0,1,1,1,0,1,1,0,0,1,0,1,1,0,0,0,0,1,0,1,0,1,1,0,1,1,0,1,0,0,1,0,0,1,0,0,1,1,0,0.2777777777777778,641.5643017925322,1
71,1,0,0,1,1,0,1,1,1,1,1,0,1,1,1,1,0,1,0,1,0,0,1,1,0,1,0,0,1,1,1,1,0,0,1,1,0,0,1,0,1,1,0,1,1,0,1,1,0,1,0,1,0,1,0.37037037037037035,487.732888932947,1
72,1,0,0,1,1,0,0,1,1,1,1,0,0,1,1,1,0,1,0,1,0,0,1,1,0,1,0,0,1,1,1,1,0,0,0,1,0,0,1,0,0,1,0,1,1,0,1,1,0,1,0,1,0,1,0.3148148148148148,419.78974721539765,1
73,1,0,0,1,1,0,1,1,1,1,1,0,0,1,1,1,0,0,0,1,0,0,1,1,0,1,0,0,1,1,1,1,0,0,0,1,0,0,1,0,0,1,1,1,1,0,1,1,0,1,0,1,0,1,0.37037037037037035,493.2629982500844,1
74,1,1,1,0,0,1,0,0,1,0,0,1,1,0,0,0,1,1,1,0,1,1,0,0,1,1,1,1,0,0,0,0,1,1,0,0,1,1,0,1,1,0,1,0,0,1,0,0,1,0,1,1,1,0,0.3888888888888889,629.6003459172701,1
75,0,1,1,0,0,1,0,0,1,0,0,1,1,0,0,0,1,1,1,0,1,1,0,0,1,1,1,1,0,0,0,1,1,1,0,0,1,1,0,1,1,0,1,0,0,1,0,1,0,1,1,1,1,0,0.37037037037037035,410.900299668593,1
76,0,1,1,0,0,1,0,0,1,0,0,1,0,0,0,0,1,1,1,0,1,1,0,0,1,1,1,1,0,0,0,0,1,1,1,0,1,1,0,0,1,0,1,0,0,1,0,0,1,1,0,0,1,0,0.2962962962962963,613.3112641561164,1
77,0,1,1,0,0,1,0,0,1,0,0,1,1,0,0,0,1,1,0,0,1,1,1,0,1,1,1,1,0,0,0,0,1,1,0,0,1,1,0,1,1,0,1,0,0,1,0,0,1,0,1,0,1,0,0.3333333333333333,676.8845016039176,1
78,0,1,1,0,0,1,1,0,1,0,0,1,0,0,0,0,1,1,1,0,1,1,0,0,1,1,1,1,0,0,0,0,1,0,0,0,1,1,0,1,1,0,0,0,0,1,0,0,1,0,1,1,1,0,0.35185185185185186,667.480809294164,1
79,0,1,1,0,0,1,0,0,1,0,0,1,0,0,0,0,1,1,1,0,1,1,0,0,0,1,1,1,0,0,0,0,1,1,0,0,1,1,0,1,1,0,1,0,0,1,0,0,1,1,1,1,1,0,0.35185185185185186,451.82808276147387,1
80,1,1,1,0,0,1,0,0,1,0,0,1,1,0,0,0,1,1,1,0,1,1,0,0,0,1,1,1,0,0,0,0,1,0,1,0,1,1,0,1,1,0,1,0,0,1,0,1,1,1,1,1,1,0,0.2777777777777778,411.8508284374343,1
81,1,1,1,1,0,1,0,0,1,0,0,1,0,0,0,0,1,1,0,0,1,1,0,0,1,1,1,1,0,0,0,0,1,1,1,0,1,1,0,1,1,0,0,0,0,1,0,0,1,1,1,1,1,0,0.3148148148148148,493.6876079920535,1
82,1,0,0,1,1,0,0,1,1,1,1,0,1,1,1,1,0,1,0,1,0,0,1,1,1,1,0,0,1,1,1,1,0,0,0,1,0,0,1,0,0,1,1,1,1,0,1,0,0,1,0,0,0,1,0.3333333333333333,342.1303254217656,1
83,0,1,1,0,0,1,0,0,1,0,0,1,1,0,0,0,1,1,0,0,1,1,0,0,1,1,1,1,0,0,0,0,0,1,0,0,1,1,0,0,1,0,1,0,0,1,0,0,1,1,1,0,1,0,0.35185185185185186,697.2822975899908,1
84,0,0,0,1,1,0,0,1,1,1,1,0,1,1,1,1,0,0,0,1,0,0,1,1,0,1,0,0,1,1,1,1,0,0,1,1,0,0,1,0,0,1,0,1,1,0,1,0,0,1,1,1,0,1,0.3333333333333333,571.2251195664508,1
85,1,1,1,1,0,1,0,0,1,0,0,1,1,0,0,0,1,1,0,0,1,1,0,0,1,1,1,1,0,0,0,0,1,1,1,0,0,1,0,1,1,0,1,0,0,1,1,0,1,0,0,1,1,0,0.3333333333333333,653.3247744142427,1
86,0,1,1,0,0,1,0,0,0,0,0,1,1,0,0,0,1,1,1,0,1,1,0,0,1,1,1,1,0,0,0,0,1,0,0,0,1,1,0,1,1,0,0,0,0,1,0,0,1,1,1,1,1,0,0.3333333333333333,418.60946301774476,1
87,1,0,0,1,1,0,1,1,1,1,1,0,0,1,1,1,0,1,0,1,0,0,1,1,0,1,0,0,1,1,1,1,0,0,0,1,0,0,1,0,0,1,1,1,1,0,1,1,0,1,0,1,0,1,0.3888888888888889,427.4676085520302,1
88,0,1,1,0,0,1,1,0,1,0,0,1,0,0,0,0,1,1,1,0,1,1,0,0,1,1,1,0,0,0,0,0,1,1,0,0,1,1,0,1,1,0,1,0,0,1,0,1,1,0,1,0,1,0,0.3333333333333333,537.3106044215052,1
89,0,1,1,0,0,1,0,0,1,0,0,1,0,0,0,0,1,1,1,0,1,1,0,0,1,1,1,1,0,0,0,0,1,1,0,0,1,1,0,1,1,0,1,0,0,1,0,0,1,0,0,1,1,0,0.4074074074074074,685.220061493318,1
90,0,1,1,0,0,1,0,0,1,0,0,1,1,0,0,0,1,1,0,0,1,1,0,0,1,0,1,1,0,0,0,0,1,1,0,0,1,1,0,1,1,0,1,0,0,1,0,1,1,0,0,0,1,0,0.3148148148148148,496.6985982279821,1
91,0,1,1,0,0,1,0,0,1,0,0,1,0,0,0,0,1,0,1,0,1,1,0,0,1,1,1,1,0,0,0,0,1,1,0,0,1,1,0,1,1,0,1,0,0,1,0,1,1,0,1,1,1,0,0.37037037037037035,328.1684413831909,1
92,1,1,1,1,0,1,1,0,1,0,0,1,1,0,0,0,1,1,1,0,1,1,0,0,1,1,1,0,0,0,0,0,1,1,0,0,1,1,0,1,1,0,1,0,0,1,0,0,1,1,1,1,1,0,0.3888888888888889,687.7122575691927,1
93,0,1,1,0,0,1,1,0,1,0,0,1,1,0,0,0,1,1,1,0,1,1,0,0,1,1,1,0,0,0,0,0,1,1,1,0,1,1,0,1,0,0,0,0,0,1,0,0,1,0,1,1,1,0,0.3888888888888889,723.6845099394133,1
94,0,1,1,0,0,1,1,0,1,0,0,1,1,0,0,0,1,1,1,0,1,1,0,0,1,0,1,0,0,0,0,0,1,1,0,0,1,1,0,1,1,0,1,0,0,1,0,0,1,0,1,0,1,0,0.37037037037037035,624.1617840002978,1
95,0,1,1,0,0,1,1,0,1,0,0,1,1,0,0,0,1,1,1,0,1,1,0,0,1,1,1,0,0,0,0,0,1,1,1,0,1,1,0,1,1,0,1,0,0,1,0,0,1,0,1,1,1,0,0.3888888888888889,597.5502587750158,1
96,1,1,1,0,0,1,1,0,1,0,0,1,1,0,0,0,1,1,1,0,1,1,0,0,1,1,1,1,0,0,0,0,1,1,0,0,1,1,0,1,1,0,1,0,0,1,0,0,1,0,1,0,1,0,0.37037037037037035,727.5313417539052,1
97,0,1,1,0,0,1,0,0,1,0,0,1,1,0,0,0,1,1,1,0,1,1,0,0,0,1,1,0,0,0,0,0,1,0,0,0,1,1,0,1,1,0,1,0,0,1,0,1,1,0,1,1,1,0,0.3148148148148148,493.2675498625415,1
98,0,1,1,0,0,1,0,0,1,0,0,1,1,0,0,0,1,1,0,0,1,1,0,0,1,0,1,1,0,0,0,0,1,1,0,0,1,1,0,0,0,0,1,0,0,1,0,0,1,0,1,1,1,0,0.3333333333333333,571.9952605027868,1
99,1,1,1,0,0,1,1,0,1,0,0,1,1,0,0,0,1,1,1,0,1,1,0,0,1,1,1,1,0,0,0,0,1,1,1,0,0,1,0,1,1,0,1,0,0,1,0,0,1,1,1,1,0,0,0.3888888888888889,657.982878254129,1
