,0,1,2,3,4,5,6,7,8,9,10,11,12,13,14,15,16,17,18,19,20,21,22,23,24,25,26,27,28,29,30,31,32,33,34,35,36,37,38,39,40,41,42,43,44,45,46,47,48,49,50,51,52,53,chain_break_fraction,energy,num_occurrences
0,1,1,1,0,0,0,0,1,0,0,0,1,1,1,1,1,1,1,1,0,0,0,1,1,1,0,0,0,1,0,1,1,1,0,0,1,0,0,0,1,1,0,0,0,0,1,0,0,0,1,0,1,1,1,0.2962962962962963,373.14951994426787,1
1,1,1,1,0,0,0,0,1,0,0,0,1,1,1,1,1,1,1,1,1,1,0,1,1,0,0,0,0,1,0,1,1,1,0,0,1,0,1,0,1,1,0,0,0,0,1,0,0,1,1,1,1,1,1,0.25925925925925924,366.09898392016885,1
2,0,1,1,0,0,0,0,1,0,0,0,1,1,1,1,1,1,1,1,1,1,0,1,1,1,0,0,0,1,1,1,1,1,0,0,1,0,0,0,1,1,0,0,0,0,1,0,0,0,1,1,1,1,1,0.3148148148148148,372.8123174054282,1
3,1,1,1,0,0,0,0,1,0,0,0,1,1,1,1,1,1,1,1,1,0,0,1,1,1,0,0,0,1,0,0,1,1,0,0,1,0,0,0,1,1,0,0,0,0,1,0,0,1,1,1,1,1,1,0.2777777777777778,341.4132341282409,1
4,1,1,1,0,0,0,0,1,0,0,0,1,1,1,1,1,1,1,1,1,0,0,1,1,0,0,0,0,1,1,1,1,1,0,0,1,0,0,0,1,1,0,0,0,0,1,0,0,1,1,1,1,1,1,0.24074074074074073,316.3313047163666,1
5,1,1,1,0,0,0,0,1,0,0,0,1,1,1,1,1,1,1,1,0,0,0,1,1,1,0,0,0,1,1,0,1,1,0,0,1,0,0,0,1,1,0,0,0,0,1,0,0,0,1,1,1,1,1,0.2962962962962963,317.41001430685276,1
6,1,1,1,0,0,0,0,1,0,0,0,1,1,1,1,1,1,1,1,0,0,0,1,1,1,0,0,0,1,0,1,1,1,0,0,1,0,0,0,1,1,0,0,0,0,1,0,0,1,1,1,1,1,1,0.25925925925925924,303.0432971483166,1
7,0,1,1,0,0,0,0,1,0,0,0,1,1,1,1,1,1,1,1,1,1,0,1,1,1,0,0,0,1,1,1,1,1,0,0,1,0,1,0,1,1,0,0,0,0,1,0,0,0,1,0,0,1,1,0.2777777777777778,422.5696810700599,1
8,1,1,1,0,0,0,0,1,0,0,0,1,1,1,1,1,1,1,1,0,0,0,1,1,1,0,0,0,1,0,1,1,1,0,0,1,0,0,0,1,0,0,0,0,0,1,0,0,0,1,1,1,1,1,0.2777777777777778,337.62317532163416,1
9,0,0,0,1,1,0,1,0,1,1,1,0,0,0,1,0,0,0,0,1,0,1,0,0,0,0,1,1,0,0,0,0,0,1,1,0,1,1,1,0,0,1,1,1,1,0,1,1,1,0,1,0,0,0,0.2962962962962963,425.662974639168,1
10,1,1,1,0,0,0,0,1,0,0,0,1,1,1,1,1,1,1,1,0,0,0,1,1,1,0,0,0,1,1,1,1,1,0,0,1,0,0,0,1,0,0,0,0,0,1,0,0,0,1,1,0,1,1,0.2777777777777778,321.7442785178928,1
11,0,1,1,1,1,1,1,0,1,1,1,0,0,0,1,0,0,0,0,1,0,1,0,0,0,0,1,1,0,0,0,0,0,1,1,0,1,1,1,0,0,1,1,1,1,0,1,1,1,0,1,0,0,0,0.2962962962962963,317.70938334960414,1
12,0,1,0,1,1,1,1,0,1,1,1,0,0,0,1,0,0,0,0,0,0,1,0,0,0,1,1,1,0,0,0,0,0,1,1,0,1,0,1,0,0,1,1,1,1,0,1,1,0,0,1,0,0,0,0.3148148148148148,290.6146077442129,1
13,1,1,1,0,0,0,0,1,0,0,0,1,1,1,1,1,1,1,1,1,0,0,1,1,1,0,0,0,1,1,1,1,1,0,0,1,0,1,0,1,1,0,0,0,0,1,0,0,1,1,1,0,1,1,0.24074074074074073,322.9316630244737,1
14,0,1,1,0,0,0,0,1,0,0,0,1,1,1,1,1,1,1,1,1,0,0,1,1,1,0,0,0,1,0,1,1,1,0,0,1,0,0,0,1,0,0,0,0,0,1,0,0,0,1,1,1,1,1,0.3333333333333333,352.44519697000595,1
15,0,1,1,0,0,1,0,1,0,0,0,1,1,1,1,1,1,1,1,0,0,0,1,1,1,0,0,0,1,0,0,1,1,0,0,1,0,1,0,1,1,0,0,0,0,1,0,0,0,1,1,1,1,1,0.2962962962962963,382.07343928598726,1
16,1,1,1,0,0,0,0,1,0,0,0,1,1,1,1,1,1,1,1,0,1,0,1,1,1,0,0,0,1,1,1,1,1,0,0,1,0,0,0,1,1,0,0,0,0,0,0,0,1,1,1,1,1,1,0.2962962962962963,355.9632571371988,1
17,1,1,1,0,0,0,0,1,0,0,0,1,1,1,1,1,1,1,1,0,0,0,1,1,1,0,0,0,1,1,1,1,1,0,0,1,0,0,0,1,1,0,0,0,0,1,0,0,0,1,0,0,1,1,0.2777777777777778,345.7688365952662,1
18,1,1,1,0,0,0,0,1,0,0,0,1,1,1,1,1,1,1,1,1,1,0,1,1,1,0,0,0,1,1,1,1,1,0,0,1,0,0,0,1,1,0,0,0,0,1,0,0,0,1,1,1,0,1,0.3148148148148148,428.147885550585,1
19,1,0,1,0,0,0,0,1,0,0,0,1,1,1,1,1,1,1,1,0,1,0,1,1,1,0,0,0,1,0,0,1,1,0,0,1,0,1,0,1,1,0,1,0,0,1,0,0,1,1,1,1,1,1,0.2777777777777778,311.6913213058752,1
20,1,1,1,0,0,0,0,1,0,0,0,1,1,1,1,1,1,1,1,0,1,0,1,1,1,0,0,0,1,1,0,1,1,0,0,1,0,0,0,1,1,0,0,0,0,1,0,0,1,1,1,0,1,1,0.2777777777777778,369.8212985956129,1
21,1,1,0,1,1,1,1,0,1,1,1,0,0,0,1,0,0,0,0,1,0,1,0,0,0,1,1,1,0,1,0,0,0,1,1,0,1,0,1,0,0,1,1,1,1,0,1,1,0,0,1,0,0,0,0.2962962962962963,333.76354918616283,1
22,0,1,0,1,1,1,1,0,1,1,1,1,0,0,1,0,0,0,0,1,0,1,0,0,0,0,1,1,0,0,0,0,0,1,1,0,1,1,1,0,0,1,1,1,1,0,1,1,0,0,1,0,0,0,0.2777777777777778,292.1767616618878,1
23,0,1,1,0,0,0,0,1,0,0,0,1,1,1,1,1,1,1,1,1,1,0,1,1,1,0,0,0,1,1,1,1,1,0,0,1,0,0,0,1,0,0,0,0,0,1,0,0,0,1,1,0,1,1,0.3148148148148148,417.020806925596,1
24,0,1,1,0,0,0,0,1,0,0,0,1,1,1,1,1,1,1,1,0,0,0,1,1,1,0,0,0,1,1,1,1,1,0,0,1,0,0,0,1,1,0,0,0,0,1,0,0,1,1,1,1,1,1,0.2222222222222222,313.7378566239969,1
25,0,1,1,0,0,0,0,1,0,0,0,1,1,1,1,1,1,1,1,1,1,0,1,1,1,0,0,0,1,1,1,1,1,0,0,1,0,0,0,1,1,0,0,0,0,1,0,0,0,1,1,1,1,1,0.3148148148148148,372.8123174054282,1
26,1,1,1,0,0,0,0,1,0,0,0,1,1,1,1,1,1,1,1,1,0,0,1,1,1,0,0,0,1,1,1,1,1,0,0,1,0,0,0,1,0,0,0,0,0,1,0,0,1,1,0,0,1,1,0.2962962962962963,389.82779755820314,1
27,0,1,1,0,0,0,0,1,0,0,0,1,1,1,1,1,1,1,1,1,0,0,1,1,0,0,0,0,1,1,1,1,1,0,0,1,0,0,0,1,1,0,0,0,0,1,0,0,0,1,1,1,1,1,0.2962962962962963,313.0930361076258,1
28,0,1,1,0,0,0,0,1,0,0,0,1,1,1,1,1,1,1,1,0,0,0,1,1,1,0,0,0,1,0,1,1,1,0,0,1,0,0,0,1,1,0,0,0,0,1,0,0,1,1,1,1,1,1,0.3148148148148148,291.16181435382833,1
29,1,1,1,0,0,1,0,1,0,0,0,1,1,1,1,1,1,1,1,1,1,0,1,1,1,0,0,0,1,1,1,1,1,0,0,1,0,0,0,0,1,0,0,0,0,1,0,0,1,1,1,1,1,1,0.3148148148148148,509.6334898104434,1
30,1,1,1,0,0,1,0,1,0,0,0,1,1,1,1,1,1,1,1,0,0,0,1,1,1,0,0,0,1,1,1,1,1,0,0,1,0,0,0,1,1,0,0,0,0,1,0,0,0,1,1,1,1,1,0.35185185185185186,379.0983891779258,1
31,1,1,1,0,0,1,0,1,0,0,0,1,1,1,1,1,1,1,1,1,0,0,1,1,1,0,0,0,1,1,1,1,1,0,0,1,0,0,0,1,1,0,0,0,0,1,0,0,1,1,1,1,1,1,0.3148148148148148,390.9105243407304,1
32,1,1,1,0,0,0,0,1,0,0,0,1,1,1,1,1,1,1,1,0,1,0,1,1,1,0,0,0,1,1,1,1,1,0,0,1,0,0,0,1,1,0,0,0,0,1,0,0,1,1,0,0,1,1,0.25925925925925924,414.47901397789263,1
33,1,1,1,0,0,0,0,1,0,0,0,1,1,1,1,1,1,1,1,1,0,0,1,1,0,0,0,0,1,1,1,1,1,0,0,1,0,0,0,1,0,0,0,0,0,1,0,0,1,1,1,1,1,1,0.35185185185185186,314.88251092258906,1
34,0,1,0,1,1,0,1,0,1,1,1,1,0,0,1,0,0,0,0,1,0,1,0,0,0,0,1,1,0,0,0,0,0,0,1,0,1,1,1,0,0,1,1,1,1,0,1,1,0,0,1,0,0,0,0.2777777777777778,276.77165866021977,1
35,1,1,1,0,0,0,0,1,0,0,0,1,1,1,1,1,1,1,1,1,0,0,1,1,1,0,0,0,1,1,1,1,1,0,0,1,0,0,0,1,0,0,0,0,0,1,0,0,0,1,1,1,1,1,0.3333333333333333,335.1273757103304,1
36,1,1,1,0,0,0,0,1,0,0,0,1,1,1,1,1,1,1,1,1,0,0,1,1,1,0,0,0,1,1,1,1,1,0,0,1,0,0,0,1,0,0,0,0,0,1,0,0,0,1,1,1,1,1,0.3148148148148148,335.1273757103304,1
37,0,1,1,0,0,0,0,1,0,0,0,1,1,1,1,1,1,1,1,0,0,0,1,1,0,0,0,0,1,0,1,1,1,0,0,1,0,1,0,1,1,0,0,0,0,1,0,0,0,1,1,0,1,1,0.2777777777777778,293.7767701833249,1
38,0,0,0,1,1,1,1,0,1,1,1,0,0,0,1,0,0,0,0,0,0,1,0,0,0,0,1,1,0,0,1,0,0,1,1,0,1,1,1,0,0,1,0,1,1,0,1,1,0,0,1,0,0,0,0.2037037037037037,371.36629951028056,1
39,0,1,1,0,0,0,0,1,0,0,0,1,1,1,1,1,1,1,1,1,1,0,1,1,0,0,0,0,1,1,0,1,1,0,0,1,0,0,0,1,0,0,0,0,0,1,0,0,0,1,1,1,1,1,0.3333333333333333,396.1935031403777,1
40,0,0,1,1,1,1,1,0,1,1,1,1,0,0,1,0,0,0,0,0,0,1,0,0,0,0,1,1,0,0,1,0,0,1,1,0,1,1,1,0,0,1,0,1,1,0,1,1,0,0,1,0,0,0,0.2777777777777778,313.2339291245335,1
41,0,0,1,1,1,1,1,0,1,1,1,1,0,0,1,0,0,0,0,1,0,1,0,0,0,0,1,1,0,0,1,0,0,1,1,0,1,1,1,0,1,1,1,1,1,0,1,1,0,0,0,0,0,0,0.2962962962962963,310.8474224152808,1
42,1,1,1,0,0,0,0,1,0,0,0,1,0,1,1,1,1,1,1,1,0,0,1,1,1,0,0,0,1,0,1,1,1,0,0,1,0,1,0,1,0,0,0,0,0,1,0,0,0,1,1,1,1,1,0.3148148148148148,325.7471730655174,1
43,0,1,0,1,1,0,1,0,1,1,1,0,0,0,1,0,0,0,0,1,0,1,0,0,0,0,1,1,0,0,0,0,0,1,1,0,1,1,1,0,1,1,1,1,1,0,1,1,0,0,0,0,0,0,0.2777777777777778,291.0184354553499,1
44,1,1,1,0,0,0,0,1,0,0,0,1,1,1,1,1,1,1,1,1,0,0,1,1,1,0,0,0,1,0,1,1,1,0,0,1,0,0,0,1,1,0,0,0,0,0,0,0,1,1,1,1,1,1,0.2777777777777778,340.1852947303714,1
45,0,1,1,1,1,1,1,0,1,1,1,0,0,0,1,0,0,0,0,1,0,1,0,0,0,0,1,1,0,0,0,0,0,1,1,0,1,1,1,0,1,1,1,1,1,0,1,1,0,0,1,0,0,0,0.2962962962962963,328.86391960834527,1
46,1,1,1,0,0,0,0,1,0,0,0,1,1,1,1,1,1,1,1,1,0,0,1,1,0,0,0,0,1,1,0,1,1,0,0,1,0,1,0,1,1,0,0,0,0,1,0,0,0,1,1,1,1,1,0.3148148148148148,323.10216561154004,1
47,0,1,1,0,0,0,0,1,0,0,0,1,1,1,1,1,1,1,1,0,1,0,1,1,1,0,0,0,1,0,0,1,1,0,0,1,0,1,0,1,1,0,0,0,0,1,0,0,0,1,1,1,1,1,0.2962962962962963,359.5674994733131,1
48,1,1,1,0,0,0,0,1,0,0,0,1,1,1,1,1,1,1,1,0,0,0,1,1,1,0,0,0,1,0,0,1,1,0,0,1,0,0,0,1,0,0,0,0,0,1,0,0,0,1,0,0,1,1,0.2962962962962963,473.27892570592456,1
49,0,1,1,0,0,0,0,1,0,0,0,1,1,1,1,1,1,1,1,0,0,0,1,1,1,0,0,0,1,0,1,1,1,0,0,1,0,1,0,1,1,0,0,0,0,1,0,0,0,1,0,0,1,1,0.24074074074074073,339.1712814578895,1
50,0,1,1,1,1,0,1,0,1,1,1,0,0,0,1,0,0,0,0,0,0,1,0,0,0,0,1,1,0,0,1,0,0,1,1,0,1,1,1,0,0,1,1,1,1,0,1,1,0,0,1,0,0,0,0.25925925925925924,363.12830157060444,1
51,1,1,1,0,0,0,0,1,0,0,0,1,1,1,1,1,1,1,1,0,0,0,1,1,1,0,0,0,1,1,1,1,1,0,0,1,0,0,0,0,0,0,0,0,0,1,0,0,0,1,1,0,1,1,0.2962962962962963,329.7602327217626,1
52,1,1,1,0,0,1,0,1,0,0,0,0,1,1,1,1,1,1,1,0,0,0,1,1,1,0,0,0,1,0,0,1,1,0,0,1,0,1,0,1,1,0,0,0,0,1,0,0,0,1,1,1,0,1,0.3148148148148148,339.4563797955507,1
53,0,1,0,1,1,1,1,0,1,1,1,1,0,0,1,0,0,0,0,1,0,1,0,0,0,0,1,1,0,0,1,0,0,1,1,0,1,1,1,0,0,1,1,1,1,0,1,1,0,0,1,0,0,0,0.2037037037037037,298.0638826655191,1
54,1,1,1,0,0,1,0,1,0,0,0,1,1,1,1,1,1,1,1,0,0,0,1,1,1,0,0,0,1,0,0,1,1,0,0,1,0,0,0,1,1,0,0,0,0,1,0,0,1,1,0,1,1,1,0.3333333333333333,514.8942442243626,1
55,1,1,0,0,0,1,0,1,0,0,0,0,1,1,1,1,1,1,1,0,1,0,1,1,0,0,0,0,1,1,1,1,1,0,0,0,0,0,0,1,1,0,0,0,0,1,0,0,0,1,1,0,1,1,0.24074074074074073,309.7533785578626,1
56,1,1,1,0,0,0,0,1,0,0,0,1,1,1,1,1,1,1,1,1,0,0,1,1,1,0,0,0,1,0,0,1,1,0,0,1,0,0,0,1,1,0,0,0,0,1,0,0,0,1,1,1,1,1,0.3333333333333333,360.75058881706343,1
57,1,1,1,0,0,0,0,1,0,0,0,1,1,1,1,1,1,1,1,0,0,0,1,1,0,0,0,0,1,1,1,1,1,0,0,1,0,0,0,1,0,0,0,0,0,1,0,0,0,1,1,1,1,1,0.2962962962962963,309.50959633077247,1
58,1,1,1,0,0,0,0,1,0,0,0,1,1,1,1,1,1,1,1,1,0,0,1,1,1,0,0,0,1,1,1,1,1,0,0,1,0,0,0,1,0,0,0,0,0,1,0,0,0,1,1,0,1,1,0.3148148148148148,346.71929980306527,1
59,0,0,1,1,1,1,1,0,1,1,1,1,0,0,1,0,0,0,0,0,0,1,0,0,0,0,1,0,0,0,0,0,0,1,1,0,1,1,1,0,1,1,1,1,1,0,1,1,0,0,1,0,0,0,0.25925925925925924,318.740215060701,1
60,1,1,0,0,0,0,0,1,0,0,0,1,1,1,1,1,1,1,1,1,1,0,1,1,1,0,0,0,1,1,1,1,1,0,0,1,0,0,0,1,0,0,0,0,0,1,0,0,1,1,0,0,0,1,0.3333333333333333,426.00383028476057,1
61,1,1,1,0,0,0,0,1,0,0,0,1,1,1,1,1,1,1,1,1,0,0,1,1,0,0,0,0,1,1,1,1,1,0,0,1,0,0,0,1,1,0,0,0,0,0,0,0,0,1,1,1,1,1,0.2777777777777778,322.7395185444437,1
62,1,1,1,0,0,0,0,1,0,0,0,1,1,1,1,1,1,1,1,0,0,0,1,1,1,0,0,0,1,0,1,1,1,0,0,1,0,0,0,1,1,0,0,0,0,1,0,0,0,1,1,1,1,1,0.3333333333333333,314.6645417075069,1
63,0,1,1,1,1,1,1,0,1,1,1,1,0,0,1,0,0,0,0,1,0,1,0,0,0,0,1,1,0,0,1,0,0,1,1,0,1,1,1,0,0,1,1,1,1,0,1,1,0,0,0,1,0,0,0.24074074074074073,343.5611502317407,1
64,0,1,1,0,0,0,0,1,0,0,0,1,1,1,1,1,1,1,1,0,1,0,1,1,0,0,0,0,1,0,1,1,1,0,0,1,0,1,0,1,0,0,0,0,0,1,0,0,0,1,0,0,1,1,0.2777777777777778,462.151007269409,1
65,0,0,0,0,1,0,1,0,1,1,1,1,0,0,1,0,0,0,1,1,0,1,0,0,0,1,1,1,0,0,1,0,0,1,1,0,1,1,1,0,0,1,1,1,1,0,1,1,0,0,0,0,0,0,0.24074074074074073,249.82875021648186,1
66,0,1,1,1,1,1,1,0,1,0,1,1,0,0,1,0,0,0,0,0,1,1,0,0,0,0,1,1,0,0,0,0,0,1,1,0,1,1,1,0,0,1,1,1,1,0,1,1,0,0,1,0,0,0,0.25925925925925924,362.6463547740827,1
67,0,0,0,1,1,0,1,0,1,1,1,0,0,0,1,0,0,0,0,0,0,1,0,0,0,0,1,1,0,0,0,0,0,1,1,0,1,1,1,0,1,1,1,1,1,0,1,1,0,0,1,0,0,0,0.2777777777777778,529.5719033736887,1
68,1,0,0,1,1,1,1,0,1,1,1,1,0,0,1,0,0,0,0,1,0,1,0,0,0,0,1,1,0,0,0,0,0,1,1,0,1,1,1,0,1,1,1,1,1,0,1,1,0,0,0,0,0,0,0.25925925925925924,276.8694865389716,1
69,1,1,1,0,0,0,0,1,0,0,0,1,1,1,1,1,1,1,1,1,0,0,1,1,1,1,0,0,1,1,0,1,1,0,0,1,0,0,0,1,1,0,0,0,0,1,0,0,1,1,0,1,1,1,0.2777777777777778,403.3187881124575,1
70,0,1,1,1,1,1,1,0,1,1,1,1,0,0,1,0,0,0,0,0,0,1,0,0,0,0,1,1,0,0,0,0,0,1,1,0,1,0,1,0,0,1,1,1,1,0,1,1,0,0,0,1,0,0,0.25925925925925924,346.40108458115816,1
71,1,1,1,0,0,0,0,1,0,0,0,1,1,1,1,1,1,1,1,0,1,0,1,1,0,1,0,0,1,0,1,1,1,0,0,1,0,1,0,1,1,0,0,0,0,1,0,0,0,1,1,0,1,1,0.25925925925925924,406.8947740853825,1
72,0,1,1,0,0,0,0,1,0,0,0,1,1,1,1,0,1,1,1,0,0,0,1,1,1,1,0,0,1,0,0,1,1,0,0,1,0,1,0,1,1,0,0,0,0,1,0,0,0,1,1,1,1,1,0.2962962962962963,310.53343467502697,1
73,1,1,1,0,0,0,0,1,0,0,0,1,1,1,1,1,1,1,1,0,0,0,1,1,1,0,0,0,1,1,0,1,1,0,0,1,0,0,0,1,1,0,0,0,0,1,0,0,0,1,1,0,0,1,0.35185185185185186,334.5012404927255,1
74,0,1,1,1,1,1,1,0,1,1,1,1,0,0,1,0,0,0,0,1,0,1,0,0,0,0,1,1,0,0,0,0,0,1,1,0,1,1,1,0,0,1,1,1,1,0,1,1,0,0,1,0,0,0,0.3148148148148148,335.9614162188707,1
75,1,1,1,0,0,1,0,1,0,0,0,0,1,1,1,1,1,1,1,0,0,0,1,1,1,1,0,0,1,0,0,1,1,0,0,1,0,0,0,1,1,0,0,0,0,1,0,0,0,1,1,1,1,1,0.2777777777777778,378.1431720802514,1
76,1,1,1,0,0,0,0,1,0,0,0,1,1,1,1,1,1,1,1,1,1,0,1,1,0,0,0,0,1,1,0,1,1,0,0,1,0,1,1,1,1,0,0,0,0,1,0,0,1,1,0,1,1,1,0.2962962962962963,369.181703148224,1
77,0,1,0,1,1,1,1,0,1,1,1,1,0,0,1,0,0,0,0,1,0,1,0,0,1,0,1,1,0,0,0,0,0,1,1,0,1,1,1,0,0,1,1,1,1,0,1,1,0,0,1,0,1,0,0.24074074074074073,307.1775578856651,1
78,1,1,1,0,0,0,0,1,0,0,0,1,1,0,1,1,1,1,1,0,0,0,1,1,1,0,0,0,1,1,0,1,1,0,0,1,0,0,0,0,0,0,0,0,0,1,0,0,0,1,1,0,1,1,0.3333333333333333,303.4194434980828,1
79,1,0,1,0,1,0,1,0,1,1,1,1,0,0,1,0,0,0,0,1,0,1,0,0,0,1,0,1,0,0,1,0,0,1,1,0,1,1,1,0,0,1,1,1,1,0,1,1,0,0,1,0,0,0,0.25925925925925924,307.5075235513807,1
80,1,1,0,1,1,0,1,0,1,1,1,0,0,0,1,0,0,0,0,1,0,1,1,0,0,0,1,1,0,0,0,0,0,1,1,0,1,1,1,0,1,1,1,1,1,0,1,1,1,0,0,0,0,0,0.2777777777777778,265.7728568092941,1
81,0,0,1,1,1,1,1,0,1,1,1,0,0,0,1,0,0,0,0,0,0,1,0,0,0,0,1,1,0,0,1,0,0,0,1,0,1,1,1,0,1,1,1,1,1,0,1,1,0,0,0,0,0,0,0.2222222222222222,290.8316158340697,1
82,1,0,1,0,0,0,0,1,0,0,0,1,1,1,1,0,1,1,1,0,1,0,1,1,1,0,0,0,1,0,1,1,1,0,0,1,0,1,0,1,1,0,0,0,0,1,0,0,1,1,1,0,0,1,0.2962962962962963,327.8186449612158,1
83,1,1,1,0,0,1,0,1,0,0,0,0,1,1,1,1,1,1,1,1,0,0,1,1,1,0,0,0,1,0,1,1,1,0,0,1,0,1,0,1,1,0,0,0,0,1,0,0,1,1,1,1,1,1,0.3333333333333333,326.4296734117387,1
84,1,1,1,0,0,0,0,1,0,0,0,1,1,1,1,1,1,1,1,1,0,0,1,1,1,0,0,0,1,1,1,1,1,0,0,1,0,0,0,1,0,0,0,0,0,1,0,0,0,1,1,0,0,1,0.3333333333333333,375.9031479885349,1
85,1,1,1,0,0,0,0,1,0,0,0,1,1,1,1,1,1,1,1,0,0,0,1,1,0,1,0,0,1,0,0,1,1,0,0,1,0,0,0,1,1,0,0,0,0,0,0,0,0,1,1,1,1,1,0.2777777777777778,360.7211128151814,1
86,1,1,1,0,0,0,0,1,0,0,0,1,1,1,1,1,1,1,1,1,1,0,1,1,0,0,0,0,1,0,1,1,1,0,0,1,0,1,0,1,0,0,0,1,0,1,0,0,0,1,1,1,1,1,0.3148148148148148,380.08239270974235,1
87,1,1,1,0,0,0,0,1,0,0,0,1,1,1,1,1,1,1,1,1,0,0,1,1,1,1,0,0,1,1,0,1,1,0,0,1,0,0,0,1,1,0,0,0,0,1,0,0,0,1,1,0,1,1,0.2777777777777778,375.83138501408393,1
88,1,1,1,0,0,0,0,1,0,0,0,0,1,1,1,1,1,1,1,1,1,0,1,1,1,0,0,0,1,1,1,1,1,1,0,1,0,0,0,1,0,0,0,0,0,0,0,0,1,1,1,1,1,0,0.25925925925925924,356.9287913852313,1
89,1,1,1,0,0,0,0,1,0,0,0,1,1,1,1,1,1,1,0,1,0,0,1,1,1,0,0,0,1,1,1,1,1,0,0,1,0,0,0,1,1,0,0,0,0,1,0,0,0,1,1,1,1,1,0.3148148148148148,321.43879077928534,1
90,1,1,1,0,0,1,0,1,0,0,0,1,1,1,1,1,1,1,1,1,0,0,1,1,0,0,0,0,1,1,1,1,1,0,0,1,0,0,0,0,1,0,0,0,0,1,0,0,1,1,0,0,1,1,0.2777777777777778,483.4440965813779,1
91,0,0,1,1,1,0,1,0,1,1,1,1,0,0,1,0,0,0,0,1,0,1,0,0,0,0,1,1,0,0,0,0,0,1,1,0,1,1,1,0,1,1,1,1,1,0,1,1,0,0,1,0,0,0,0.2962962962962963,319.37360195597887,1
92,0,0,0,0,1,1,1,0,1,1,1,0,1,0,1,0,0,0,0,1,0,1,0,0,0,0,1,1,0,0,1,0,0,1,1,0,0,1,1,0,0,1,1,1,1,0,1,1,0,0,0,0,0,0,0.2962962962962963,259.7457177215308,1
93,0,1,1,0,0,0,0,1,0,0,0,1,1,1,1,1,1,1,1,1,1,0,1,1,1,0,0,0,1,1,0,1,1,0,0,1,0,0,0,1,1,0,0,0,0,1,0,0,1,1,0,1,1,1,0.3888888888888889,438.35104975649386,1
94,1,1,0,1,1,0,1,0,1,1,1,1,0,0,1,0,0,0,0,1,0,1,0,0,0,0,1,1,0,0,1,0,0,0,1,0,1,0,1,0,1,1,1,1,1,0,1,1,0,0,1,0,0,0,0.2777777777777778,282.6145733649383,1
95,0,1,1,0,0,0,0,1,0,0,0,1,1,1,1,1,1,1,1,1,0,0,1,1,1,0,0,0,1,0,1,1,1,0,0,1,0,0,0,1,1,0,0,0,0,0,0,0,0,1,1,0,1,1,0.3333333333333333,354.3076869027488,1
96,0,1,0,1,1,1,1,0,1,1,1,1,0,0,1,0,0,0,0,0,1,1,0,0,0,1,1,1,0,0,1,0,0,1,1,0,1,1,1,0,1,1,1,1,1,0,1,1,1,0,1,1,0,0,0.3888888888888889,334.65562009725693,1
97,0,1,1,0,0,0,0,1,0,0,0,1,1,1,1,1,1,1,1,1,0,0,1,1,1,0,0,0,1,0,1,1,1,0,0,1,0,0,0,0,1,0,0,0,0,1,0,0,0,1,1,0,1,1,0.35185185185185186,355.1337069088597,1
98,1,1,1,0,0,0,0,1,0,0,0,1,1,1,1,1,1,1,1,1,0,0,1,1,0,1,0,0,1,1,1,1,1,0,0,1,0,0,0,1,1,0,0,0,0,1,0,0,0,1,1,1,1,1,0.3148148148148148,338.0945681243584,1
99,1,1,1,0,0,0,0,1,0,0,0,1,1,1,0,1,0,1,1,0,1,0,1,1,1,0,0,0,1,1,1,1,1,0,0,1,0,0,0,0,1,0,0,0,0,1,0,0,1,1,1,1,1,1,0.25925925925925924,283.2771844186188,1
