,0,1,2,3,4,5,6,7,8,9,10,11,12,13,14,15,16,17,18,19,20,21,22,23,24,25,26,27,28,29,30,31,32,33,34,35,36,37,38,39,40,41,42,43,44,45,46,47,48,49,50,51,52,53,chain_break_fraction,energy,num_occurrences
0,0,0,1,0,0,1,0,0,0,0,1,1,1,0,0,1,1,1,0,1,1,0,0,0,0,0,1,0,0,1,0,0,0,1,0,0,0,0,0,1,1,0,0,1,1,1,1,0,1,1,1,0,0,0,0.2777777777777778,400.22396250587724,1
1,0,0,1,0,0,1,0,0,0,0,1,1,1,0,0,1,1,1,0,1,1,0,0,0,0,0,1,0,0,1,0,0,0,1,0,0,0,0,0,1,1,0,0,0,1,1,1,0,1,1,1,0,0,0,0.2777777777777778,429.84459552224405,1
2,0,0,1,0,0,1,0,0,0,0,1,1,1,0,0,1,1,1,0,1,1,0,0,0,0,0,1,0,0,1,0,0,0,1,0,0,0,0,0,1,1,0,0,0,1,0,1,0,1,1,1,0,0,0,0.2962962962962963,450.65491203042757,1
3,0,0,1,0,0,1,0,0,0,0,1,1,1,0,0,1,1,1,0,1,1,0,0,0,0,0,1,0,0,1,0,0,0,1,0,0,0,0,0,1,1,0,0,1,1,0,1,0,1,1,1,0,0,0,0.2777777777777778,415.03427901406087,1
4,0,0,1,0,0,1,0,0,0,0,1,1,1,0,0,1,1,1,0,1,1,0,0,0,0,0,1,0,0,1,0,0,0,1,0,0,0,0,0,1,1,0,0,0,1,0,1,0,1,1,1,0,0,0,0.2962962962962963,450.65491203042757,1
5,0,0,1,1,0,1,0,0,0,0,1,1,1,0,0,1,1,1,0,1,1,0,0,0,0,0,1,0,0,1,0,0,0,1,0,0,0,0,0,1,1,0,0,1,0,0,1,0,1,1,1,0,0,0,0.25925925925925924,522.3868754192315,1
6,0,0,1,0,0,1,0,0,0,0,1,1,1,0,0,1,1,1,0,1,1,0,0,0,0,0,1,0,0,1,0,0,0,1,0,0,1,0,0,1,1,0,0,1,1,1,1,0,1,1,1,0,0,0,0.2777777777777778,387.68476136828804,1
7,0,0,1,1,0,1,0,0,0,0,1,1,1,0,0,1,1,1,0,1,1,0,0,0,0,0,1,0,0,1,0,0,0,1,0,0,0,0,0,1,1,0,0,1,1,0,1,0,1,1,1,0,0,0,0.2777777777777778,440.1813127423334,1
8,0,0,1,0,0,1,0,0,0,0,1,1,1,0,0,1,1,1,0,1,1,0,0,0,0,0,1,0,0,0,0,0,0,1,0,0,0,0,0,1,1,0,0,1,1,0,1,0,1,1,1,0,0,0,0.25925925925925924,491.3722650307652,1
9,0,0,1,0,0,1,0,0,0,0,1,1,1,0,0,1,1,1,0,1,1,0,0,0,0,0,1,0,0,1,0,0,0,1,0,0,0,0,0,1,1,0,1,1,1,1,1,0,1,1,1,0,0,0,0.2962962962962963,388.41364599769395,1
10,0,0,1,0,0,1,0,0,0,0,1,1,1,0,0,1,1,1,0,1,1,0,0,0,0,0,1,0,0,1,0,0,0,1,0,0,0,0,0,1,1,0,0,0,1,1,1,0,1,1,1,0,0,0,0.3333333333333333,429.84459552224405,1
11,0,0,1,0,0,1,0,0,0,0,1,1,1,0,0,1,1,1,0,1,1,0,0,0,0,0,1,0,0,1,0,0,0,1,0,0,0,0,0,1,1,0,0,0,1,0,1,0,1,1,1,0,0,0,0.2962962962962963,450.65491203042757,1
12,0,0,1,0,0,1,0,0,0,0,1,1,1,0,0,1,1,1,0,1,1,0,0,0,0,0,1,0,0,1,0,0,0,1,0,0,0,0,0,1,1,0,0,1,1,0,1,0,1,1,1,0,0,0,0.3333333333333333,415.03427901406087,1
13,0,0,1,0,0,1,0,0,0,0,1,1,1,0,0,1,1,1,0,1,1,0,0,0,0,0,1,0,0,1,0,0,0,1,0,0,0,0,0,1,1,0,0,0,1,0,1,0,1,1,1,0,0,0,0.3148148148148148,450.65491203042757,1
14,0,0,1,0,0,1,0,0,0,0,1,1,1,0,0,1,1,1,0,1,1,0,0,0,0,0,1,0,0,1,0,0,0,1,0,0,0,0,0,1,0,0,0,0,1,0,1,0,1,1,1,0,0,0,0.2962962962962963,504.0900421869552,1
15,0,0,1,1,0,1,0,0,0,0,1,1,1,0,0,1,1,1,0,1,1,0,0,0,0,0,1,0,0,1,0,0,0,1,0,0,0,0,0,1,1,0,0,0,1,1,1,0,1,1,1,0,0,0,0.3148148148148148,457.73270341155774,1
16,0,0,1,0,0,1,0,0,0,0,1,1,1,0,0,1,1,1,0,0,1,0,0,0,0,0,1,0,0,1,0,0,0,1,0,0,0,0,0,1,1,0,0,1,1,1,1,0,1,1,1,0,0,0,0.2962962962962963,353.6982944979063,1
17,0,0,1,0,0,1,0,0,0,0,1,1,1,0,0,1,1,1,0,1,1,0,0,0,0,0,1,0,0,1,0,0,0,1,0,0,0,0,0,1,1,0,0,1,1,0,1,0,1,0,1,0,0,0,0.3148148148148148,451.12064753767436,1
18,0,0,1,1,0,1,0,0,0,0,1,1,1,0,0,1,1,1,0,1,1,0,0,0,1,0,1,0,0,1,0,0,0,1,0,0,0,0,0,1,1,0,0,0,1,0,1,0,1,1,1,0,0,0,0.2777777777777778,518.2756803063355,1
19,0,0,1,0,0,1,0,0,0,0,1,1,1,0,0,1,1,1,0,0,1,0,0,0,0,0,1,0,0,1,0,0,0,1,0,0,0,0,0,1,1,0,1,0,1,0,1,0,1,1,1,0,0,0,0.2777777777777778,372.81485655502934,1
20,0,0,1,0,0,1,0,0,0,0,1,1,1,0,0,1,1,1,0,0,1,0,0,0,0,0,1,0,0,1,0,0,0,1,0,0,0,0,0,1,1,0,0,0,0,1,1,0,1,1,1,0,0,0,0.24074074074074073,435.0479806692752,1
21,0,0,1,0,0,1,0,0,0,1,1,1,1,0,0,1,1,1,0,1,1,0,0,0,0,0,1,0,0,1,0,0,0,1,0,0,0,0,0,1,1,0,0,0,1,1,1,0,1,1,1,0,0,0,0.2777777777777778,456.2159495817673,1
22,0,0,1,1,0,1,0,0,0,0,1,1,1,0,0,1,1,1,0,0,1,0,0,0,0,0,1,0,0,1,0,0,0,1,0,0,0,0,0,1,1,0,0,1,1,1,1,0,1,1,1,0,0,0,0.3148148148148148,371.0822185353253,1
23,0,0,1,0,0,1,0,0,0,0,1,1,1,0,0,1,1,1,0,1,1,0,0,0,0,0,1,0,0,0,0,0,0,1,0,0,0,0,0,1,1,0,0,1,1,0,1,0,1,1,1,0,0,0,0.2962962962962963,491.3722650307652,1
24,0,0,1,0,0,1,0,0,0,0,1,1,1,0,0,1,1,1,0,0,1,0,0,0,0,0,1,0,0,1,0,0,0,1,0,0,0,0,0,1,1,0,0,0,1,1,1,0,1,1,1,0,0,0,0.3148148148148148,372.8148565550292,1
25,0,0,1,0,0,1,0,0,0,0,1,0,1,0,0,1,1,1,0,1,1,0,0,0,0,0,1,0,0,1,0,0,0,1,0,0,0,0,0,1,1,0,0,0,1,0,1,0,1,1,1,0,0,0,0.2962962962962963,346.0601389971348,1
26,0,0,1,0,0,1,1,0,0,0,1,1,1,0,0,1,1,1,0,1,1,0,0,0,0,0,1,0,0,1,0,0,0,1,0,0,0,0,0,1,1,0,0,1,1,0,1,0,1,1,1,0,0,0,0.3333333333333333,438.98291571940604,1
27,0,0,1,1,0,1,0,0,0,0,1,1,1,0,0,1,1,1,0,1,1,0,0,0,0,0,1,0,0,1,0,0,0,1,0,0,0,0,0,1,1,0,0,1,1,1,1,0,1,1,1,0,0,0,0.2777777777777778,422.6299220731089,1
28,0,0,1,0,0,1,0,0,0,0,1,1,1,0,0,0,1,1,0,0,1,0,0,0,0,0,1,0,0,1,0,0,0,1,0,0,0,0,0,1,1,0,0,1,1,0,1,0,1,1,1,0,0,0,0.2777777777777778,342.8049958258358,1
29,0,0,1,0,0,1,0,0,0,0,1,1,0,0,0,1,1,1,0,1,1,0,0,0,0,0,1,0,0,1,0,0,0,1,0,0,0,0,0,1,1,0,0,0,1,1,1,0,1,1,1,0,0,0,0.2777777777777778,403.15583823203633,1
30,0,0,1,0,0,1,0,0,0,0,1,1,1,0,0,1,1,1,0,1,0,0,0,0,0,0,1,0,0,1,0,0,0,1,0,0,0,0,0,1,0,0,1,1,1,0,1,0,1,1,1,0,0,0,0.3148148148148148,323.1962902786689,1
31,0,0,1,0,0,1,0,0,0,0,1,1,1,0,0,1,1,1,0,0,1,0,0,0,0,0,1,0,0,1,0,0,0,1,0,0,0,0,0,1,1,0,0,1,1,0,1,0,1,1,1,0,0,0,0.25925925925925924,363.2565755264678,1
32,0,0,1,0,0,1,0,0,0,0,1,1,1,0,0,1,1,1,0,1,1,0,0,0,0,0,1,0,0,1,0,0,0,1,0,0,0,1,0,1,1,0,0,1,1,1,1,0,1,1,1,0,0,0,0.35185185185185186,381.14556023069815,1
33,0,0,1,0,0,1,0,0,0,0,1,1,1,0,0,1,1,1,0,0,1,0,0,0,0,0,1,0,0,1,0,0,0,1,0,0,0,0,0,1,1,0,0,0,1,0,1,0,1,1,1,0,0,1,0.2777777777777778,351.86254280588497,1
34,0,0,1,1,0,1,0,0,0,0,1,1,1,0,0,1,1,1,0,1,1,0,0,0,0,0,1,0,0,1,0,0,0,1,0,0,0,0,0,1,1,0,1,1,1,1,1,0,1,1,1,0,0,0,0.3148148148148148,408.0785314038842,1
35,0,0,1,1,0,1,0,0,0,0,1,1,1,0,0,1,1,1,0,1,1,0,0,0,0,0,1,0,0,1,0,0,0,1,0,0,0,0,0,1,1,0,0,1,1,1,1,0,1,1,1,0,1,0,0.3333333333333333,393.2133116379623,1
36,0,0,1,0,0,1,0,0,0,0,1,1,1,0,0,1,1,1,0,0,1,0,0,0,0,0,1,0,0,1,0,0,0,1,0,0,0,0,0,1,1,0,0,0,1,0,1,0,1,1,1,0,0,0,0.3333333333333333,388.37313758359085,1
37,0,0,1,0,0,1,0,0,1,0,1,1,1,0,0,1,1,1,0,1,1,0,0,0,0,0,1,0,0,1,0,0,0,1,0,0,0,0,0,1,0,0,0,1,1,0,1,0,1,1,1,0,0,0,0.2962962962962963,611.7069321279427,1
38,0,0,1,1,0,1,0,0,0,0,1,1,1,0,0,1,1,1,0,1,1,0,0,0,0,0,1,0,0,1,0,0,0,1,0,0,0,0,0,1,1,0,0,1,1,0,1,0,1,1,1,0,0,0,0.2962962962962963,440.1813127423334,1
39,0,0,1,0,0,1,0,0,0,0,1,1,1,0,0,1,1,1,0,0,1,0,0,0,0,0,1,0,0,1,0,0,0,1,0,0,0,0,0,1,1,0,0,1,1,0,1,0,1,1,1,0,0,0,0.2962962962962963,363.2565755264678,1
40,0,0,1,0,0,1,0,0,0,0,1,1,1,0,0,1,1,1,0,1,1,0,0,0,0,0,1,0,0,1,0,0,0,1,0,0,0,0,0,1,1,0,1,0,1,1,1,0,1,1,1,0,0,0,0.2962962962962963,412.03427901406064,1
41,1,0,1,0,0,1,0,0,0,0,1,1,1,0,0,1,1,1,0,0,1,0,0,0,0,0,1,0,0,0,0,0,0,1,0,0,0,0,0,0,1,0,0,1,1,0,1,0,1,1,1,0,0,0,0.25925925925925924,482.815747369178,1
42,0,0,1,0,0,1,0,0,0,0,1,1,1,0,0,1,1,1,0,1,1,0,0,0,0,0,1,0,0,0,0,0,0,1,0,0,0,0,0,1,0,0,1,0,1,1,1,0,1,1,1,0,0,0,0.3333333333333333,551.8720723970432,1
43,0,0,1,0,0,1,1,0,0,0,1,1,1,0,0,1,1,1,0,1,1,0,0,0,0,0,1,0,0,1,0,0,0,1,0,0,0,0,0,1,1,0,0,1,1,1,1,0,1,1,1,0,0,0,0.35185185185185186,421.51941550673723,1
44,0,0,1,0,0,1,0,0,0,0,1,1,1,0,0,1,1,1,0,1,1,0,0,0,0,0,1,0,0,1,0,0,0,1,0,0,0,0,0,1,1,0,0,0,0,0,1,0,1,1,1,0,0,0,0.3333333333333333,545.8961780631614,1
45,0,0,1,0,0,1,0,0,0,0,1,1,0,0,0,1,1,1,0,1,1,0,0,0,0,0,1,0,0,1,0,0,0,1,0,0,0,0,0,1,1,0,0,1,0,0,1,0,1,1,1,0,0,0,0.3148148148148148,451.9540519350172,1
46,0,0,1,0,0,1,0,0,0,0,1,1,1,0,0,1,1,1,0,1,1,0,0,0,0,0,1,0,0,1,0,0,0,1,0,0,0,0,0,1,1,0,0,1,1,0,1,0,1,0,1,0,0,0,0.3333333333333333,451.12064753767436,1
47,0,0,1,0,0,1,0,0,0,1,1,1,1,0,0,1,1,1,0,0,1,0,0,0,0,0,1,0,0,1,0,0,0,1,0,0,0,0,0,1,1,0,0,0,1,0,1,0,1,1,1,0,0,0,0.2962962962962963,412.49846142231615,1
48,0,0,1,0,0,1,0,0,0,0,1,1,1,0,0,1,1,1,0,0,1,0,0,0,0,0,1,0,0,1,0,0,0,1,0,0,0,0,0,1,1,0,0,1,1,0,1,0,1,1,1,0,0,0,0.37037037037037035,363.2565755264678,1
49,0,0,1,0,0,1,0,0,0,0,1,1,1,0,0,1,1,1,0,1,1,0,0,0,0,0,1,0,0,1,0,0,0,1,0,0,0,0,0,1,1,0,0,0,1,0,1,0,1,1,1,0,0,0,0.2962962962962963,450.65491203042757,1
50,0,0,1,0,0,1,1,0,0,0,1,1,1,0,0,1,1,1,0,0,1,0,0,0,0,0,1,0,0,1,0,0,0,1,0,0,0,0,0,1,1,0,0,1,1,1,1,0,1,1,1,0,0,0,0.2962962962962963,369.93664997156975,1
51,0,0,1,0,0,1,0,0,0,0,1,1,1,0,0,1,1,1,0,1,1,0,0,0,0,0,1,0,0,1,0,0,0,1,0,0,1,0,0,1,1,0,0,0,1,0,1,0,1,1,1,0,0,1,0.3148148148148148,382.51970462887715,1
52,0,0,1,0,1,1,0,0,0,0,1,1,1,0,0,1,1,1,0,0,1,0,0,0,0,0,1,0,0,1,0,0,0,1,0,0,0,0,0,1,1,0,0,1,1,0,1,0,1,1,1,0,0,0,0.3148148148148148,409.50657192338906,1
53,0,0,1,0,0,1,0,0,0,0,1,1,1,0,0,1,1,1,0,1,1,0,0,0,0,0,1,0,0,1,0,0,0,1,0,0,0,0,0,1,0,0,0,1,1,0,1,0,1,0,1,0,0,0,0.3333333333333333,504.7273928548964,1
54,0,0,1,0,0,1,0,0,0,0,1,1,1,0,0,1,1,1,0,1,1,0,0,0,0,0,1,0,0,1,0,0,0,1,0,0,0,0,0,1,1,0,0,0,1,0,1,0,1,1,1,0,0,0,0.25925925925925924,450.65491203042757,1
55,0,0,1,0,0,1,0,0,0,0,1,1,1,0,0,1,1,1,0,1,0,0,0,0,0,0,1,0,0,1,0,0,0,1,0,0,1,0,0,1,0,0,0,0,1,0,1,0,1,1,1,0,0,0,0.37037037037037035,342.2808874654878,1
56,0,0,1,0,0,1,0,0,0,0,1,1,1,0,0,1,1,1,0,1,1,0,0,0,0,0,1,0,0,1,0,0,0,1,0,0,1,0,0,1,1,0,0,0,1,0,1,0,1,1,1,0,0,0,0.2777777777777778,429.20916705329796,1
57,0,0,1,0,0,1,0,0,0,0,1,1,0,0,0,1,1,1,0,1,1,0,0,0,0,0,1,0,0,1,0,0,0,1,0,0,0,0,0,1,1,0,0,0,1,0,1,0,1,1,1,0,0,0,0.3148148148148148,421.4219094663632,1
58,0,0,1,0,0,1,0,0,0,1,1,1,0,0,0,1,1,1,0,0,1,0,0,0,0,0,1,0,0,1,0,0,0,1,0,0,0,0,0,1,1,0,0,0,1,0,1,0,1,1,1,0,0,0,0.3148148148148148,385.6723028087498,1
59,0,0,1,0,0,1,0,0,0,0,1,1,1,0,0,1,1,1,0,1,1,0,0,0,0,0,1,0,0,1,0,0,0,1,0,0,0,0,0,1,1,0,0,0,1,1,1,0,1,1,1,0,0,0,0.3148148148148148,429.84459552224405,1
60,0,0,1,0,0,1,0,0,0,1,1,1,1,0,0,1,1,1,0,1,1,0,0,0,0,0,1,0,0,1,0,0,0,1,0,0,0,0,0,0,1,0,1,1,1,0,1,0,1,0,1,0,0,0,0.3148148148148148,483.67447938337284,1
61,0,0,1,0,0,1,0,0,0,1,1,1,1,0,0,1,1,1,0,1,1,0,0,0,0,0,1,0,0,0,0,0,0,1,0,0,0,0,0,1,1,0,0,0,1,1,1,0,1,1,1,0,0,0,0.2777777777777778,555.1611906020557,1
62,0,0,1,0,0,1,0,0,0,0,1,1,1,0,0,1,1,1,0,0,1,0,0,0,0,0,1,0,0,1,0,0,0,1,0,0,0,0,0,1,1,0,0,0,1,0,1,0,1,1,1,0,0,0,0.3333333333333333,388.37313758359085,1
63,0,0,1,0,0,1,0,0,0,0,1,1,1,0,0,1,1,1,0,1,1,0,0,0,0,0,1,0,0,1,0,0,0,1,0,0,0,0,0,0,1,0,1,1,1,1,1,0,1,0,1,0,0,0,0.2962962962962963,433.68109055997184,1
64,1,1,0,1,1,0,1,1,1,1,0,0,0,1,1,0,0,0,1,1,0,1,1,1,1,1,0,1,1,0,1,1,1,0,1,1,1,1,1,0,0,1,1,0,1,1,0,1,0,0,0,1,1,1,0.25925925925925924,708.4716965032915,1
65,1,0,1,0,0,1,0,0,0,1,1,1,0,0,0,1,1,1,0,1,1,0,0,0,0,0,1,0,0,1,0,0,0,1,0,0,0,0,0,1,1,0,0,1,1,1,1,0,1,0,1,0,0,0,0.3148148148148148,459.17599108078593,1
66,1,1,0,1,1,0,1,1,1,1,0,0,0,1,1,0,0,0,1,1,0,1,1,1,1,1,0,1,1,0,1,1,1,0,1,1,1,0,1,0,0,1,1,0,0,1,0,1,0,0,0,1,1,1,0.24074074074074073,494.1579712551799,1
67,0,0,1,0,0,1,0,0,0,0,1,1,1,0,0,1,1,1,0,0,1,0,0,0,0,0,1,0,0,0,0,0,0,1,0,0,0,0,1,1,1,0,0,0,0,0,1,0,1,1,1,0,0,0,0.2777777777777778,465.93767148179484,1
68,1,1,0,1,1,0,1,1,1,1,0,0,0,1,1,0,0,0,1,1,0,1,1,1,1,1,0,1,1,1,1,1,1,0,1,1,1,0,1,0,0,1,1,0,1,0,0,1,0,0,0,1,1,1,0.2777777777777778,756.4733726562154,1
69,1,1,0,1,1,0,1,1,1,1,0,0,0,1,1,0,0,0,1,1,0,1,1,1,1,1,0,1,1,0,1,1,1,0,1,1,1,1,1,0,0,1,1,1,1,0,0,1,0,0,0,1,1,1,0.2962962962962963,754.7981971824514,1
70,1,1,0,1,1,0,1,1,1,1,0,0,0,1,1,0,0,0,1,1,0,1,1,1,0,1,0,1,1,0,1,1,1,0,1,0,1,1,1,0,0,1,1,0,1,1,0,1,0,0,0,1,1,1,0.25925925925925924,576.6017206883898,1
71,1,1,0,1,1,0,1,1,1,1,0,0,0,1,1,0,0,0,1,1,0,1,1,1,0,1,0,1,1,0,0,1,1,0,1,1,1,1,1,0,0,1,1,0,1,0,0,1,0,0,0,1,1,1,0.2777777777777778,648.0965903592933,1
72,0,0,1,0,0,1,0,0,0,0,1,1,0,0,0,1,1,1,0,1,1,0,0,0,0,0,1,0,0,1,0,0,0,1,0,0,0,0,0,1,1,0,0,0,1,0,1,0,0,1,1,0,0,0,0.2962962962962963,442.8684847542212,1
73,1,1,0,1,1,0,1,1,1,1,0,0,0,1,1,0,0,0,1,1,0,1,1,1,0,1,0,0,1,0,1,1,1,0,1,0,1,1,1,0,0,1,1,0,1,1,0,1,0,0,0,1,1,1,0.25925925925925924,548.2766842745626,1
74,1,0,1,0,0,1,0,0,0,0,1,1,1,0,0,0,1,1,0,1,1,0,0,0,0,0,1,0,0,1,0,0,0,1,0,0,1,1,0,1,1,0,0,0,1,0,1,0,1,0,1,0,0,0,0.2962962962962963,428.6083891436223,1
75,1,1,0,0,1,0,1,1,1,1,0,0,0,1,1,0,0,0,0,1,0,1,1,1,1,1,0,1,1,0,1,1,1,0,1,1,1,0,1,0,0,1,0,0,1,0,0,1,0,0,0,1,1,1,0.24074074074074073,609.0417650706208,1
76,1,1,0,1,1,0,1,1,1,1,0,0,0,1,1,0,0,0,1,1,0,1,1,1,0,1,0,1,1,0,1,1,1,0,1,1,1,1,1,0,0,1,1,1,0,1,0,1,0,0,0,1,1,1,0.2777777777777778,631.2156489984187,1
77,0,0,1,0,0,1,0,0,0,0,1,1,1,0,0,1,1,1,0,0,1,0,0,0,0,0,1,0,0,1,0,0,0,1,0,0,1,0,0,1,0,0,0,1,1,1,1,0,1,0,1,0,0,0,0.3148148148148148,392.10140960843876,1
78,1,1,0,1,1,0,0,1,1,1,0,0,0,1,1,0,0,0,1,1,0,1,1,1,0,1,0,1,1,0,1,1,1,0,1,0,1,1,1,0,0,1,1,0,1,0,0,1,1,0,0,1,1,1,0.24074074074074073,594.9757859414093,1
79,1,1,0,1,1,0,1,1,1,1,0,0,0,1,1,0,0,0,1,1,0,1,1,1,1,1,0,1,1,0,1,1,1,0,1,1,1,1,1,0,0,1,1,0,1,1,0,1,0,0,0,1,1,1,0.3148148148148148,708.4716965032915,1
80,1,1,0,1,1,0,1,1,1,1,0,0,0,1,1,0,0,0,1,1,0,1,1,1,1,1,0,1,1,0,1,1,1,0,1,1,1,1,0,0,0,1,1,0,1,0,0,1,0,0,0,1,0,1,0.3333333333333333,483.232811846846,1
81,1,1,0,1,1,0,1,1,1,1,0,0,0,1,1,0,0,0,1,1,0,1,1,1,1,1,0,0,1,0,1,1,1,0,1,1,1,1,1,0,0,1,1,0,1,1,0,1,0,0,0,1,1,1,0.2962962962962963,672.3538977838094,1
82,0,1,0,1,1,0,1,1,1,1,0,0,0,1,1,1,0,0,1,0,0,1,1,1,1,1,0,1,1,0,1,1,1,0,1,0,1,1,1,0,0,1,1,0,1,1,0,1,0,0,0,1,1,1,0.25925925925925924,600.3253697004876,1
83,1,1,0,1,1,0,1,1,1,1,0,0,0,1,1,0,0,0,1,0,0,1,1,1,1,1,0,1,1,0,1,1,1,0,1,0,1,1,1,0,0,1,1,1,1,0,0,1,0,0,0,0,1,0,0.24074074074074073,499.06475671465455,1
84,0,0,1,0,0,1,0,0,0,0,1,1,1,0,0,1,1,1,0,1,1,1,0,0,0,0,1,0,0,1,0,0,0,1,0,0,0,0,0,0,1,0,1,1,1,0,1,0,1,1,1,0,0,0,0.35185185185185186,446.8830146481072,1
85,1,1,0,1,1,0,1,1,1,1,0,0,0,1,1,0,0,0,1,1,0,1,1,1,0,1,0,1,1,0,1,1,1,0,1,1,1,1,1,0,0,1,0,0,1,0,0,1,0,0,0,1,1,1,0.3148148148148148,646.2156489984186,1
86,0,0,1,0,0,1,0,0,1,0,1,1,1,0,0,1,1,1,0,1,1,0,0,0,0,0,1,0,0,1,0,0,0,1,0,0,0,0,0,1,1,0,0,1,1,0,1,0,1,1,1,0,0,0,0.3148148148148148,546.8288258354459,1
87,1,1,0,0,1,0,1,1,1,1,0,0,0,1,1,0,0,0,1,1,0,1,1,1,1,1,0,0,1,1,1,1,1,0,1,1,1,1,1,0,1,1,1,0,1,0,0,1,0,0,0,1,1,0,0.2962962962962963,739.4607436685285,1
88,1,1,0,0,1,0,1,1,1,1,0,0,0,1,1,0,0,0,1,1,0,0,1,1,1,1,0,1,1,0,1,1,1,0,1,1,1,1,1,0,0,1,0,0,1,0,0,1,0,0,0,1,1,1,0.24074074074074073,673.0537846075295,1
89,0,1,0,1,1,0,1,1,1,1,0,0,0,1,1,0,0,0,1,1,0,1,1,1,1,1,0,1,1,0,1,1,1,0,1,1,1,1,1,0,0,1,1,1,0,0,0,1,0,0,0,1,1,1,0.2777777777777778,596.6887798524107,1
90,1,1,0,1,1,0,1,1,1,1,0,0,0,1,1,0,0,0,1,1,0,1,1,1,1,1,0,1,1,0,1,1,1,0,1,1,1,1,1,0,0,1,1,1,1,0,0,1,0,0,0,1,1,1,0.3148148148148148,754.7981971824514,1
91,1,1,1,0,1,0,1,1,1,1,0,0,0,1,1,0,0,0,1,1,0,1,1,1,1,1,0,1,1,0,1,1,1,0,1,1,1,0,1,0,1,1,1,1,1,0,0,1,0,0,0,1,1,1,0.3333333333333333,710.790111571723,1
92,1,1,0,1,1,0,1,1,1,1,0,0,0,1,1,0,0,0,1,1,0,1,1,1,1,1,0,1,1,0,1,1,1,0,1,1,1,1,0,0,0,1,1,0,1,0,0,1,0,0,0,1,1,1,0.35185185185185186,526.5035754030268,1
93,1,1,0,1,1,0,1,1,1,1,0,0,0,1,1,0,0,0,1,1,1,1,1,1,1,1,0,0,1,0,1,1,1,0,1,1,1,1,1,0,0,1,1,0,1,1,0,1,0,0,0,1,1,1,0.2777777777777778,600.6702175505841,1
94,1,1,0,0,1,0,1,1,1,1,0,0,0,1,1,0,0,0,1,1,0,1,1,1,0,1,0,1,1,0,1,1,1,0,1,0,1,0,1,0,0,1,1,0,1,0,0,1,0,0,0,1,1,1,0.25925925925925924,505.10548765627675,1
95,1,1,0,1,1,0,1,1,1,1,0,0,0,1,1,0,0,0,0,1,0,1,1,1,1,1,0,1,1,0,1,1,1,0,1,0,1,0,1,0,0,1,1,0,1,0,0,1,0,0,0,1,1,0,0.3148148148148148,425.4132474066515,1
96,1,1,1,1,1,0,1,1,1,1,0,0,0,1,1,0,0,0,0,1,0,1,1,1,1,1,0,1,1,0,1,1,1,0,1,1,0,0,1,0,0,1,1,0,0,1,0,1,0,0,0,1,1,1,0.25925925925925924,505.44684223890926,1
97,1,1,0,0,1,0,1,1,1,1,0,0,0,1,1,0,0,0,0,1,0,1,1,1,1,1,0,1,1,1,1,1,1,0,1,1,1,0,1,0,0,1,1,0,0,0,0,1,0,0,0,0,1,1,0.25925925925925924,601.4249305019667,1
98,0,0,1,0,0,1,0,0,0,0,1,1,1,0,0,1,1,1,0,1,1,0,0,0,0,0,1,0,0,1,0,0,0,1,0,0,1,0,1,1,0,0,0,1,1,0,1,0,1,1,1,0,0,0,0.3148148148148148,398.186299220739,1
99,1,1,0,0,1,0,1,1,1,1,0,0,0,1,1,0,0,0,1,1,0,1,1,1,0,1,0,1,1,0,1,1,1,0,1,1,1,0,1,0,0,1,1,0,1,0,0,1,1,0,0,1,1,1,0.3148148148148148,672.8314811533695,1
