,0,1,2,3,4,5,6,7,8,9,10,11,12,13,14,15,16,17,18,19,20,21,22,23,24,25,26,27,28,29,30,31,32,33,34,35,chain_break_fraction,energy,num_occurrences
0,0,0,0,1,1,1,0,0,0,1,0,1,1,1,0,1,0,0,0,0,0,0,0,0,1,1,0,0,0,0,1,0,0,0,1,1,0.25,23.251715445560066,1
1,0,0,0,1,1,1,0,0,0,1,0,1,1,1,0,1,0,0,0,0,0,0,0,0,1,1,0,0,0,0,1,0,0,0,1,1,0.25,23.251715445560066,1
2,0,0,0,1,1,1,0,0,0,1,0,1,1,1,0,1,0,0,0,0,0,0,0,0,1,1,0,1,0,1,1,0,0,0,1,1,0.2777777777777778,20.74053419211183,1
3,0,0,0,1,1,1,0,0,0,1,0,1,1,1,0,1,0,0,0,0,0,0,0,0,1,1,0,0,0,1,1,0,0,0,1,1,0.3055555555555556,20.49494983234697,1
4,0,0,0,1,1,1,0,0,0,1,0,1,1,1,0,1,0,0,0,0,0,0,0,0,1,1,0,0,0,0,1,0,0,0,1,1,0.2777777777777778,23.251715445560066,1
5,0,0,0,1,1,1,0,0,0,1,0,1,1,1,0,1,0,0,0,0,0,0,0,0,1,1,0,0,0,0,1,0,0,0,1,1,0.25,23.251715445560066,1
6,0,0,0,1,1,1,0,0,0,1,0,1,1,1,0,1,0,0,0,0,0,0,0,0,0,1,0,0,0,1,1,0,0,0,1,1,0.25,21.87333263895352,1
7,0,0,0,1,1,1,0,0,0,1,0,1,1,1,0,1,0,0,0,0,0,0,1,0,1,1,0,1,0,0,1,0,0,0,1,1,0.3055555555555556,19.19760579835078,1
8,0,0,0,1,1,1,0,1,0,1,0,1,1,1,0,1,0,0,0,0,0,0,0,0,1,1,0,0,0,1,1,0,0,0,1,1,0.2222222222222222,31.801079184173176,1
9,0,0,0,1,1,1,0,1,0,1,0,1,1,1,0,1,0,0,1,0,0,0,0,0,1,1,0,0,0,0,1,0,0,0,1,1,0.3055555555555556,32.7900280602383,1
10,0,0,0,1,1,1,0,0,0,1,0,1,1,1,0,1,0,0,1,0,0,0,0,0,1,1,0,0,0,1,1,0,0,0,0,1,0.25,20.047653164356333,1
11,0,0,0,1,1,1,0,1,0,1,0,1,1,1,0,1,0,0,0,0,0,0,0,0,1,1,0,0,0,1,1,0,0,0,1,1,0.3055555555555556,31.801079184173176,1
12,0,0,0,1,1,1,0,1,0,1,0,1,1,1,0,1,0,0,0,0,0,0,0,0,1,1,0,0,0,0,1,0,0,0,1,1,0.3333333333333333,36.59277985346168,1
13,0,0,0,1,1,1,0,0,0,1,0,1,1,1,0,1,0,0,1,0,0,0,0,0,1,1,0,0,0,0,1,0,0,0,0,1,0.25,22.817607570317342,1
14,0,0,0,1,1,1,0,0,0,1,0,1,1,1,0,1,0,0,0,0,0,0,0,0,1,1,0,0,0,1,1,0,0,0,0,1,0.3333333333333333,22.756720033151407,1
15,0,0,0,1,1,1,0,0,0,1,0,1,1,1,0,1,0,0,1,0,0,0,0,0,1,1,0,0,0,0,1,0,0,0,1,1,0.3333333333333333,20.448964074672517,1
16,0,0,0,1,1,1,0,0,0,1,0,1,1,1,0,1,0,0,0,0,0,0,0,0,1,1,0,1,0,1,1,0,0,0,1,0,0.3055555555555556,22.733325693419047,1
17,0,0,0,1,1,1,0,0,0,1,0,1,1,1,0,1,0,0,0,0,0,0,0,0,1,1,0,0,0,0,1,0,0,0,1,1,0.3333333333333333,23.251715445560066,1
18,0,0,0,1,1,1,0,0,0,1,0,1,1,1,0,1,0,0,0,0,0,0,0,0,1,1,0,0,0,0,1,0,0,0,1,1,0.2777777777777778,23.251715445560066,1
19,0,0,0,1,1,1,0,0,0,1,0,1,1,1,0,1,0,0,1,0,0,0,0,0,0,1,0,1,0,1,1,0,0,0,0,1,0.3055555555555556,20.186320986919853,1
20,0,0,0,1,1,1,0,0,0,1,0,1,1,1,0,1,0,0,0,0,0,0,0,0,1,1,0,0,0,0,1,0,0,0,1,1,0.3333333333333333,23.251715445560066,1
21,0,0,1,1,1,1,0,0,0,1,0,1,1,1,0,1,0,0,0,0,0,0,0,0,1,1,0,0,0,1,1,0,0,0,0,1,0.3055555555555556,26.863898649940335,1
22,0,0,0,1,1,1,0,1,0,1,0,1,1,1,0,1,0,0,1,0,0,0,0,0,1,1,0,0,0,1,0,0,0,0,1,1,0.3055555555555556,32.90481903950626,1
23,0,0,0,1,0,1,0,0,0,1,0,1,1,1,0,1,0,0,0,0,0,0,0,0,1,1,0,0,0,1,1,0,0,0,0,1,0.2777777777777778,18.466861427925785,1
24,0,0,0,1,1,1,0,0,0,1,0,1,1,1,0,1,0,0,0,0,0,0,1,0,1,1,0,0,0,1,1,0,0,0,1,1,0.3333333333333333,18.96643512569968,1
25,0,1,0,1,0,1,0,0,0,1,0,1,1,1,0,1,0,0,0,0,0,0,0,0,1,1,0,1,0,1,1,0,0,0,1,1,0.3055555555555556,21.41906285085512,1
26,0,0,0,1,1,1,0,0,0,1,0,1,1,1,0,1,0,0,0,0,0,0,0,0,1,1,0,0,0,1,0,0,0,0,1,1,0.2222222222222222,23.87814598097722,1
27,0,0,0,1,1,1,0,1,0,1,0,1,1,1,0,1,0,0,1,0,0,0,0,0,1,1,0,0,0,0,1,0,0,0,1,0,0.2777777777777778,39.527318372591715,1
28,0,0,0,1,1,1,0,0,0,1,0,1,1,1,0,1,0,0,1,0,0,0,1,0,1,1,0,0,0,0,0,0,0,0,1,1,0.3055555555555556,21.24701117156837,1
29,0,0,0,1,0,1,0,0,0,1,0,1,1,1,0,1,0,0,0,0,0,0,0,0,1,1,0,0,0,1,0,0,0,0,1,1,0.3055555555555556,19.588255618153102,1
30,0,0,0,0,1,1,0,0,0,1,0,1,1,1,0,1,0,0,0,0,0,0,0,0,0,1,0,0,0,1,1,0,0,0,1,0,0.2222222222222222,19.223233497306616,1
31,0,0,0,1,1,1,0,1,0,1,0,1,1,1,0,1,0,0,0,0,0,0,0,0,1,1,0,0,0,1,1,0,0,0,0,1,0.3333333333333333,35.062851045509504,1
32,0,0,0,1,1,1,0,1,0,1,0,1,1,1,0,1,0,0,0,0,0,0,0,0,1,1,0,0,0,1,1,0,0,0,1,1,0.3333333333333333,31.801079184173176,1
33,0,0,0,1,1,1,0,0,0,1,0,1,1,1,0,1,0,0,0,0,0,0,0,0,1,1,0,1,0,0,1,0,0,0,1,1,0.3333333333333333,20.494049859423697,1
34,0,0,0,1,1,1,0,1,0,1,0,1,1,1,0,1,0,0,1,0,0,0,0,0,1,1,0,1,0,1,0,0,0,0,1,1,0.3055555555555556,31.27780026884514,1
35,0,0,0,1,1,1,0,0,0,1,0,1,1,1,0,1,0,0,1,0,0,0,0,0,1,1,0,1,0,0,1,0,0,0,0,1,0.3333333333333333,20.069673216949734,1
36,0,0,0,1,1,1,0,0,0,1,0,1,1,1,0,1,0,0,0,0,0,0,0,0,1,1,0,0,1,0,0,0,0,0,1,1,0.2222222222222222,24.779938584710095,1
37,0,0,0,1,1,1,0,0,0,1,0,0,1,1,0,1,0,0,1,0,0,0,1,0,1,1,0,0,0,0,1,0,0,0,1,1,0.2777777777777778,10.673861217129547,1
38,0,0,0,1,1,1,0,0,0,1,0,1,1,1,0,1,0,0,0,0,0,0,0,0,1,1,0,0,0,1,0,0,0,0,1,1,0.3333333333333333,23.87814598097722,1
39,0,0,0,1,1,1,0,0,0,1,0,1,1,1,0,1,0,0,1,0,0,0,0,0,1,1,0,1,0,1,0,0,0,0,0,1,0.3055555555555556,22.5355260475391,1
40,0,0,0,1,1,1,0,0,0,1,0,1,1,1,0,1,0,0,0,0,0,0,0,0,1,1,0,0,0,1,1,0,0,0,1,0,0.2777777777777778,25.01849023395584,1
41,0,0,0,1,0,1,0,0,0,1,0,1,1,1,0,1,0,0,0,0,0,0,0,0,0,1,0,1,0,1,1,0,0,0,1,1,0.3055555555555556,17.316724047237017,1
42,0,0,0,1,1,1,0,0,0,1,0,1,1,1,0,1,0,0,0,0,0,0,0,0,0,1,0,0,1,0,1,0,0,0,1,1,0.3333333333333333,23.251715445560066,1
43,0,0,0,1,1,1,0,0,0,1,0,1,1,1,0,1,0,0,0,0,0,0,0,0,1,1,0,0,0,1,0,0,0,0,1,1,0.3333333333333333,23.87814598097722,1
44,0,0,0,1,1,1,0,1,0,1,0,1,1,1,0,1,0,0,1,0,0,0,0,0,1,1,0,1,0,0,0,0,0,0,1,1,0.3055555555555556,33.08390801276515,1
45,0,0,0,1,0,1,0,1,0,1,0,1,1,1,0,1,0,0,0,0,0,0,0,0,1,1,0,0,0,0,1,0,0,0,0,1,0.2777777777777778,33.83006262998583,1
46,0,1,0,1,0,1,0,0,0,1,0,1,1,1,0,1,0,0,0,0,0,0,0,0,0,1,0,0,0,1,1,0,0,0,1,1,0.3055555555555556,24.414107416567163,1
47,0,0,0,0,1,1,0,0,0,1,0,1,1,1,0,1,0,0,0,0,0,0,0,0,1,1,0,0,0,0,1,0,0,0,1,1,0.3333333333333333,16.034090915368562,1
48,0,0,0,1,1,1,0,0,0,1,0,1,1,1,0,1,0,0,0,0,0,0,0,0,0,1,0,1,0,1,1,0,0,0,0,1,0.2777777777777778,22.13486345965529,1
49,0,0,0,1,1,1,0,0,0,1,0,1,1,1,0,1,0,0,0,0,0,0,0,0,1,1,0,0,0,1,0,0,0,0,1,1,0.3055555555555556,23.87814598097722,1
50,0,0,0,1,1,1,0,1,0,1,0,1,1,1,0,1,0,0,0,0,0,1,1,0,1,1,0,1,0,1,1,0,0,0,0,1,0.3055555555555556,33.03132186551302,1
51,0,0,0,1,1,1,0,0,0,1,0,1,1,1,0,1,0,0,0,0,0,0,0,0,0,1,0,0,0,0,1,0,0,0,1,1,0.3055555555555556,26.63009825216663,1
52,0,0,0,1,1,1,0,1,0,1,0,1,1,1,0,1,0,0,1,0,0,0,0,0,1,1,0,0,0,1,1,0,0,0,0,1,0.3611111111111111,31.353783754378586,1
53,0,0,0,1,1,1,0,0,0,1,0,1,1,1,0,1,0,0,1,0,0,0,0,0,0,1,0,1,1,0,1,0,0,0,1,1,0.3055555555555556,18.966404171455743,1
54,0,0,1,1,1,1,0,1,0,1,0,1,1,1,0,1,0,0,0,0,0,0,0,0,1,1,0,0,0,0,1,0,0,0,1,1,0.3333333333333333,42.21061741457595,1
55,0,0,0,1,1,1,0,0,0,1,0,1,1,1,0,1,0,0,0,0,0,0,0,0,0,1,0,1,1,1,1,0,0,0,0,1,0.3333333333333333,21.736929942765432,1
56,0,0,0,0,1,1,0,1,0,1,0,1,1,1,0,1,0,0,0,0,0,0,0,0,0,1,0,1,0,1,1,0,0,0,1,1,0.3333333333333333,24.70637751980937,1
57,0,0,0,1,1,1,0,0,0,1,0,1,1,1,0,1,0,0,0,0,0,0,0,0,0,1,0,0,0,1,1,0,0,0,1,0,0.3055555555555556,27.439224407030224,1
58,0,0,0,1,0,1,0,1,0,1,0,1,1,1,0,1,0,0,0,0,0,0,0,0,0,1,0,0,0,1,1,0,0,0,1,1,0.3055555555555556,28.141292598028553,1
59,0,0,0,1,1,1,0,0,0,1,0,1,1,1,0,1,0,0,1,0,0,0,0,0,0,1,0,0,0,1,0,0,0,0,0,1,0.2777777777777778,25.33568650966611,1
60,0,0,0,1,1,1,0,0,0,1,0,1,1,1,0,1,0,0,1,0,0,0,0,0,1,1,0,1,0,0,0,0,0,0,1,1,0.3333333333333333,21.743454407199515,1
61,0,0,0,1,1,1,0,1,0,1,0,1,1,1,0,1,0,0,0,0,0,0,0,0,0,1,0,1,0,1,1,0,0,0,0,1,0.3333333333333333,33.45784224125933,1
62,0,0,0,0,1,1,0,0,0,1,0,1,1,1,0,1,0,0,0,0,0,0,0,0,1,1,0,0,0,1,1,0,0,0,0,1,0.3611111111111111,16.542362799573503,1
63,0,0,0,1,1,1,0,1,0,1,0,1,1,1,0,1,0,0,0,0,0,0,0,0,0,0,0,0,0,1,1,0,0,0,1,0,0.2777777777777778,50.63922801018212,1
64,0,0,1,0,0,1,0,1,0,1,0,1,1,1,0,1,0,0,0,0,0,0,0,0,1,1,0,0,0,1,1,0,0,0,1,0,0.3055555555555556,26.698025837399147,1
65,0,0,0,1,1,1,0,0,0,1,0,1,1,1,0,1,0,0,0,0,0,0,0,0,1,1,0,0,1,1,1,0,0,0,0,0,0.25,27.33835057845198,1
66,0,0,0,1,1,1,0,0,0,1,0,1,1,1,0,1,0,0,0,0,0,0,0,0,0,1,0,0,0,1,1,0,0,0,1,1,0.3055555555555556,21.87333263895352,1
67,0,0,0,0,1,1,0,0,0,1,0,1,1,1,0,1,0,0,0,0,0,0,0,0,0,1,0,0,0,0,1,0,0,0,1,1,0.25,18.41084006438868,1
68,0,0,0,1,1,1,0,0,0,1,0,1,1,1,0,1,0,0,0,0,0,0,0,0,0,1,0,1,0,1,1,0,0,0,1,1,0.3333333333333333,20.617292025767757,1
69,0,0,0,0,1,1,0,0,0,1,0,1,1,1,0,1,0,0,0,0,0,0,0,0,1,1,0,1,1,0,0,0,0,0,1,1,0.25,17.16005851379795,1
70,0,0,0,1,0,1,0,0,0,1,0,1,1,1,0,1,0,0,0,0,0,0,0,0,0,1,0,1,0,1,0,0,0,0,1,1,0.2777777777777778,19.576208569933982,1
71,0,0,0,0,1,1,0,0,0,1,0,1,1,1,0,1,0,0,0,0,0,0,1,0,1,1,0,0,0,1,1,0,0,0,1,1,0.3055555555555556,14.75355686516019,1
72,0,0,1,1,1,1,0,0,0,1,0,1,0,1,0,1,0,0,0,0,0,0,0,0,1,1,0,0,0,0,1,0,0,0,1,1,0.3333333333333333,23.725187486891166,1
73,0,0,0,1,1,1,0,0,0,1,0,1,1,1,0,1,0,0,0,0,0,0,1,0,1,1,0,1,0,1,1,0,0,0,0,1,0.4444444444444444,21.220122145890826,1
74,0,0,0,1,0,1,0,0,0,1,0,1,1,1,0,1,0,0,0,0,0,0,0,0,1,1,0,0,0,1,1,0,0,0,1,0,0.25,20.228631017822902,1
75,0,0,0,1,1,1,0,0,0,1,0,1,1,1,0,1,1,0,0,0,0,1,0,0,1,1,0,0,0,0,1,0,0,0,1,1,0.3055555555555556,23.138221645548445,1
76,0,0,0,1,1,1,0,0,0,1,0,1,1,1,0,1,1,0,1,0,0,0,0,0,0,1,0,1,0,0,1,0,0,0,0,1,0.3055555555555556,25.085602572789742,1
77,0,0,0,1,1,0,0,1,0,1,0,1,1,1,0,1,0,0,1,0,0,0,0,0,1,1,0,0,0,0,1,0,0,0,0,1,0.3055555555555556,23.024992754988403,1
78,0,0,0,1,0,1,0,1,0,1,0,1,1,1,0,1,0,0,1,0,0,0,0,0,0,1,0,0,1,1,0,0,0,0,0,1,0.2777777777777778,29.68897271832163,1
79,0,0,1,1,1,1,0,1,0,1,0,1,1,1,0,1,0,0,1,0,0,0,0,0,1,1,0,1,0,1,1,0,0,0,1,1,0.3888888888888889,31.6636892232526,1
80,0,1,0,1,1,1,0,0,0,1,0,1,1,1,0,1,0,0,0,0,0,0,0,0,1,1,0,1,0,1,1,0,0,0,1,1,0.3055555555555556,25.208428967055884,1
81,0,0,0,0,1,0,0,0,0,1,0,1,1,1,0,1,0,0,0,0,0,0,0,0,1,1,0,0,0,0,1,0,0,0,1,0,0.3055555555555556,11.153972204834258,1
82,0,0,0,1,1,1,0,0,0,1,0,1,1,1,0,1,0,0,0,0,0,0,0,0,0,1,0,1,0,1,0,0,0,0,1,1,0.3611111111111111,23.37680891697054,1
83,0,0,0,1,1,1,0,0,0,1,0,1,1,1,0,1,0,0,0,0,0,1,0,0,1,1,0,0,1,0,1,0,0,0,0,1,0.25,21.134863459655293,1
84,0,0,0,1,0,1,0,1,0,1,0,1,1,1,0,1,0,0,0,0,0,1,0,0,1,1,0,0,0,0,1,0,0,0,0,1,0.19444444444444445,28.80689577027822,1
85,0,0,1,0,1,0,0,0,0,1,0,1,1,1,0,1,0,0,0,0,0,0,0,0,0,1,0,0,1,1,0,0,0,0,1,1,0.19444444444444445,12.258816115050498,1
86,0,0,0,1,1,1,0,0,0,1,0,1,1,1,0,1,0,0,1,0,0,0,0,0,1,1,0,0,0,0,0,0,0,0,1,1,0.3611111111111111,24.373103364970092,1
87,0,0,1,0,1,1,0,0,0,1,0,1,1,1,0,1,0,0,0,0,0,0,0,0,0,1,0,0,1,1,1,0,0,0,1,1,0.3333333333333333,16.887771224837632,1
88,0,0,0,1,1,1,0,0,0,1,0,1,1,1,0,1,0,0,0,0,0,0,0,0,0,1,0,0,0,1,1,0,0,0,1,0,0.4166666666666667,27.439224407030224,1
89,0,0,0,0,1,1,0,0,0,1,0,1,1,1,1,1,0,0,0,0,0,0,0,0,1,1,0,1,0,1,0,0,0,0,1,1,0.3333333333333333,20.043259051867924,1
90,1,0,0,1,1,1,0,0,0,1,0,1,1,1,0,1,0,0,0,0,0,0,0,0,0,1,0,0,1,1,1,0,0,0,1,1,0.3055555555555556,22.90706535225436,1
91,0,0,0,1,1,1,0,0,0,1,0,1,1,1,0,1,0,0,0,0,0,0,0,0,1,1,0,0,0,1,1,0,0,0,0,1,0.3333333333333333,22.756720033151407,1
92,0,0,0,1,0,1,0,0,0,1,0,1,1,1,0,1,0,0,0,0,0,0,0,0,0,1,0,1,0,0,1,0,0,0,1,1,0.3055555555555556,18.047833875381325,1
93,0,0,0,1,1,1,0,1,0,1,0,1,1,1,0,1,0,0,0,0,0,0,0,0,1,1,0,0,0,0,0,0,0,0,0,0,0.3611111111111111,58.44215460602273,1
94,0,0,0,1,1,1,0,0,0,1,0,1,1,1,0,1,0,0,0,0,0,0,0,0,1,1,0,0,0,1,1,0,0,0,1,1,0.3333333333333333,20.49494983234697,1
95,0,0,1,0,0,1,0,1,0,1,0,1,1,1,0,1,0,0,0,0,0,0,0,0,1,1,0,0,0,1,0,0,0,0,1,1,0.2222222222222222,25.557201829926935,1
96,0,0,0,1,1,1,0,1,0,1,0,1,1,1,0,1,0,0,0,0,0,0,0,0,0,1,0,0,0,1,1,0,0,0,1,1,0.3055555555555556,34.196929518817456,1
97,1,0,1,0,1,0,1,0,1,0,1,1,0,0,1,0,1,1,1,1,1,0,0,1,0,0,1,0,0,0,0,1,0,1,1,0,0.19444444444444445,16.20610340205617,1
98,0,0,1,1,1,1,0,1,0,1,0,1,1,1,0,1,0,0,1,0,0,1,0,0,0,1,0,1,0,1,1,0,0,0,1,0,0.3888888888888889,35.19596168285736,1
99,1,0,0,0,0,0,1,1,1,0,1,1,0,0,1,0,1,1,1,1,0,0,1,1,0,0,1,0,0,0,0,1,0,1,1,0,0.19444444444444445,19.884670988560107,1
