,0,1,2,3,4,5,6,7,8,9,10,11,12,13,14,15,16,17,18,19,20,21,22,23,24,25,26,27,28,29,30,31,32,33,34,35,36,37,38,39,40,41,42,43,44,45,46,47,48,49,50,51,52,53,chain_break_fraction,energy,num_occurrences
0,1,0,1,1,0,0,1,0,1,1,1,0,0,1,0,1,0,1,0,1,0,0,0,1,0,1,1,0,0,1,1,0,0,1,0,0,0,1,0,1,0,0,0,1,0,1,1,0,1,0,0,1,1,0,0.2962962962962963,488.8734417459893,1
1,1,0,1,1,0,0,1,0,1,1,1,0,0,1,0,1,0,1,0,1,0,0,0,1,0,1,1,0,1,1,1,0,0,1,0,0,0,1,0,1,0,0,0,1,0,1,1,1,1,0,0,0,1,0,0.3148148148148148,357.9877388142539,1
2,0,0,1,1,1,0,1,0,1,1,1,1,0,1,0,1,0,1,0,1,0,0,0,1,0,1,1,0,0,1,1,0,0,1,0,0,0,1,0,1,0,0,0,1,1,1,1,1,1,0,0,0,1,0,0.3148148148148148,502.9997359254443,1
3,0,0,1,1,1,0,1,0,1,1,1,0,0,1,0,1,0,1,0,1,0,1,0,1,0,1,1,0,0,1,1,0,0,1,0,0,0,1,0,1,0,0,0,1,0,1,1,0,1,0,0,0,1,0,0.2777777777777778,615.1100035151012,1
4,1,0,0,1,1,0,1,0,1,1,0,1,0,1,0,1,0,0,0,1,0,0,0,1,0,1,1,0,0,1,1,0,0,1,0,0,0,1,0,1,0,0,0,1,1,1,1,0,1,0,0,0,1,0,0.2777777777777778,287.09200295862587,1
5,1,0,1,1,0,0,1,0,1,1,1,0,0,1,0,1,0,1,0,1,0,1,0,1,0,1,1,0,0,1,1,0,0,1,0,0,0,1,0,1,0,0,0,1,0,1,1,1,1,0,0,0,1,1,0.3148148148148148,350.03551246232473,1
6,1,0,1,1,1,0,1,0,1,1,1,0,0,1,0,0,0,1,0,1,0,1,0,1,0,1,1,0,0,1,1,0,0,1,0,0,0,1,0,1,0,0,0,1,0,1,1,0,0,0,0,0,1,1,0.2962962962962963,513.6421265648312,1
7,1,0,0,1,1,0,1,0,1,1,1,0,0,1,0,0,0,1,0,1,0,0,0,1,0,1,1,0,0,1,1,0,0,1,0,0,0,1,0,1,0,0,0,1,0,1,1,1,0,0,0,0,1,1,0.2962962962962963,257.726995009658,1
8,1,0,0,1,1,0,1,0,1,1,1,0,0,1,0,1,0,1,0,1,0,0,0,1,0,1,1,0,1,1,1,0,0,1,0,0,0,0,0,1,0,0,0,1,1,1,1,1,1,0,0,0,1,0,0.3148148148148148,276.12780928970943,1
9,1,0,0,1,0,0,1,0,1,1,1,1,0,1,0,1,0,0,0,1,0,0,0,1,0,1,1,0,1,1,1,0,0,1,0,0,0,1,0,1,0,0,0,1,0,1,1,0,1,0,0,1,1,0,0.2777777777777778,295.0891221145696,1
10,0,0,0,1,0,0,1,0,1,1,1,0,0,1,0,0,0,1,0,1,0,0,0,1,0,1,1,0,0,1,1,0,0,1,0,0,0,1,0,1,0,0,0,1,1,1,1,0,0,0,0,0,1,1,0.2962962962962963,233.67570201031347,1
11,0,0,0,1,1,0,1,0,1,1,1,0,0,1,0,0,0,1,0,1,0,1,0,1,0,1,1,0,0,1,1,0,0,1,0,0,0,1,0,1,0,0,0,1,0,1,1,0,1,0,0,0,1,1,0.2962962962962963,296.8869171902367,1
12,1,0,1,1,0,0,1,0,1,1,1,0,0,1,0,0,0,1,0,1,0,0,0,1,0,1,1,0,0,1,1,0,0,1,0,0,0,1,0,1,0,0,1,1,1,1,1,1,1,0,0,0,1,0,0.24074074074074073,307.6776594873716,1
13,1,0,0,1,0,0,1,0,1,1,1,0,0,1,0,0,0,1,0,1,0,0,0,1,0,1,1,0,0,1,0,0,0,1,0,0,0,1,0,1,0,0,0,1,0,1,1,1,1,0,0,0,1,0,0.2777777777777778,267.21172819620455,1
14,0,1,1,0,0,1,0,1,0,0,1,0,1,0,0,0,1,1,1,0,1,0,1,0,1,0,0,1,0,0,0,1,1,0,1,1,1,0,1,0,1,1,1,0,0,0,0,0,1,1,1,0,0,0,0.2777777777777778,330.8968521655418,1
15,1,0,1,1,1,0,1,0,1,0,1,0,0,1,0,0,0,1,0,1,0,0,0,1,0,1,1,0,0,1,1,0,0,1,0,0,0,1,0,1,0,0,0,1,1,1,1,1,1,0,0,1,1,0,0.2962962962962963,319.757470621727,1
16,0,1,1,0,1,1,0,1,0,0,1,0,1,0,0,0,1,1,1,0,1,0,1,0,1,0,0,1,0,0,0,1,1,0,1,1,1,0,1,0,1,1,1,0,1,0,0,0,0,1,1,0,0,0,0.2962962962962963,384.3474818001642,1
17,1,0,0,1,1,0,1,0,1,1,1,0,0,1,0,1,0,1,0,1,0,1,0,1,0,1,1,0,1,1,1,0,0,1,0,0,0,1,0,1,0,0,0,1,0,1,1,1,1,0,0,0,1,1,0.2962962962962963,261.297686227146,1
18,1,0,1,1,1,0,1,0,1,1,1,0,0,0,0,1,0,1,0,1,0,1,0,1,0,1,1,0,0,1,1,0,0,1,0,0,0,1,0,1,0,0,0,1,0,1,1,0,1,0,0,1,1,0,0.2962962962962963,527.4189299435037,1
19,1,0,1,1,1,0,1,0,1,1,1,0,0,1,0,0,0,0,0,1,0,1,0,1,0,1,1,0,1,1,1,0,0,1,0,0,0,1,0,1,0,0,0,1,0,1,1,0,0,0,0,0,1,0,0.2962962962962963,407.87547953089756,1
20,0,0,1,1,1,0,1,0,1,1,1,0,0,1,0,1,0,0,0,1,0,1,0,1,0,1,1,0,0,1,1,0,0,1,0,0,0,1,0,1,0,0,0,1,0,1,1,1,1,0,0,0,1,0,0.2962962962962963,328.44864473541674,1
21,1,0,0,1,1,0,1,0,1,1,0,0,0,1,0,0,0,1,0,1,0,1,0,1,0,1,1,0,1,1,1,0,0,1,0,0,0,1,0,1,0,0,0,1,1,1,1,0,0,0,0,0,1,1,0.3148148148148148,245.617404513423,1
22,1,0,1,1,1,0,1,0,1,1,1,0,0,1,0,1,0,1,0,1,0,1,0,1,0,1,1,0,1,1,1,0,0,1,0,0,0,1,0,1,0,0,0,1,0,1,1,1,1,0,0,0,1,0,0.3333333333333333,450.3996785407391,1
23,1,0,1,1,0,0,1,0,1,1,1,1,0,1,0,1,0,1,0,1,0,0,0,1,0,1,1,0,1,1,1,0,0,1,0,0,0,1,0,1,0,0,0,1,0,1,1,1,1,0,0,0,1,1,0.3333333333333333,416.95924049575035,1
24,1,0,0,1,1,0,1,0,1,1,1,0,0,1,0,1,0,1,0,1,0,1,0,1,0,1,1,0,0,1,0,0,0,1,0,0,0,1,0,1,0,0,0,1,1,1,1,1,1,0,0,0,1,0,0.25925925925925924,308.1270375666829,1
25,1,0,0,1,0,0,1,0,1,1,1,1,0,1,0,1,0,1,0,0,0,1,0,1,0,1,1,0,0,1,1,0,0,1,0,0,0,1,0,1,0,0,0,1,1,1,1,0,0,0,0,0,1,0,0.3148148148148148,411.4317782083461,1
26,1,0,0,1,1,0,1,0,1,1,1,1,0,1,0,1,0,0,0,1,0,1,0,1,0,1,1,0,0,1,1,0,0,1,0,0,0,1,0,1,0,0,0,1,0,1,1,1,0,0,0,0,1,1,0.3148148148148148,310.2601701601982,1
27,0,0,1,1,1,0,1,0,1,1,1,0,0,1,0,1,0,0,0,1,0,0,0,1,0,1,1,0,1,1,1,0,0,1,0,0,0,1,0,1,1,0,0,1,1,1,1,0,1,0,0,0,0,0,0.24074074074074073,293.1371439903576,1
28,0,1,1,0,0,1,0,1,0,0,1,0,1,0,1,0,1,1,1,0,1,1,1,0,1,0,0,1,0,0,0,1,1,0,1,1,1,0,1,0,1,1,0,0,0,0,0,0,0,1,1,0,0,1,0.3148148148148148,382.7016512055817,1
29,1,0,1,1,1,0,1,0,1,1,1,0,0,1,0,0,0,1,0,1,0,1,0,1,0,1,1,0,0,1,1,0,0,1,0,0,0,0,0,1,0,0,0,1,1,1,1,1,1,0,0,0,1,1,0.3148148148148148,358.9107067579531,1
30,1,0,1,1,1,0,1,0,1,1,1,1,0,1,0,1,0,1,0,1,0,1,0,1,0,1,1,0,1,1,1,0,0,1,0,0,1,1,0,1,0,0,0,1,1,1,1,1,1,0,0,0,1,0,0.2962962962962963,496.7806572690378,1
31,1,0,1,1,1,0,1,0,1,1,1,0,0,1,0,0,0,1,0,1,0,1,0,1,0,1,1,0,0,1,1,0,0,1,0,0,0,1,0,1,0,0,0,0,0,1,1,1,1,0,0,0,1,0,0.2962962962962963,538.8878611672175,1
32,1,0,1,1,0,0,1,0,1,1,1,0,0,1,0,1,0,0,0,1,0,0,0,1,0,1,1,0,0,1,0,0,0,1,0,0,0,0,0,1,0,0,0,1,1,1,1,1,0,0,0,0,1,1,0.35185185185185186,266.77113543757866,1
33,1,0,1,1,1,0,1,0,1,1,1,1,0,1,0,0,0,0,0,1,0,1,0,1,0,1,1,0,0,1,1,0,0,1,0,0,0,1,0,1,0,0,0,1,0,1,1,1,1,0,0,0,1,1,0.3333333333333333,390.56253425654313,1
34,1,0,0,1,0,0,1,0,1,1,1,0,1,1,0,0,0,1,0,1,0,0,0,1,0,1,1,0,0,1,1,0,0,1,0,0,0,1,0,1,0,0,0,1,0,1,1,1,1,0,0,0,1,0,0.2962962962962963,272.4700433914597,1
35,1,0,0,1,1,0,1,0,1,1,1,0,0,1,0,0,0,1,0,1,0,0,0,1,0,1,1,0,0,1,1,0,0,1,0,0,0,1,0,1,0,0,0,1,1,1,1,0,1,0,0,0,1,0,0.3333333333333333,306.7205728578162,1
36,1,0,1,1,0,0,1,0,1,1,0,0,0,1,0,0,0,1,0,1,0,0,0,1,0,1,1,0,0,1,0,0,0,1,0,0,0,1,0,1,0,0,0,1,0,1,1,1,1,0,0,0,1,0,0.3148148148148148,336.0096380529158,1
37,1,0,0,1,0,0,1,0,1,1,1,0,0,1,0,1,0,0,1,1,0,0,0,1,0,1,1,0,0,1,1,0,0,1,0,0,0,1,0,1,1,0,0,1,1,1,1,1,0,0,0,0,1,1,0.2777777777777778,264.4469971651373,1
38,0,1,1,0,0,1,0,1,0,0,1,1,1,0,0,0,1,1,1,0,1,1,1,0,1,0,0,1,0,0,0,1,1,0,1,1,1,0,1,0,1,1,0,0,1,0,0,1,0,1,1,0,0,0,0.3333333333333333,430.18895486064605,1
39,1,0,1,1,1,0,1,0,1,1,1,0,0,1,0,1,0,1,0,1,0,1,0,1,0,1,1,0,0,1,1,0,0,1,0,0,0,1,0,1,0,0,1,1,0,1,1,1,1,0,0,0,1,0,0.3148148148148148,477.29257775357604,1
40,1,0,0,1,1,0,1,0,1,1,1,0,0,1,0,0,0,1,0,1,0,1,0,1,0,1,1,0,0,1,0,0,0,1,0,0,0,1,0,1,0,0,0,1,1,1,1,1,1,0,0,0,1,1,0.3148148148148148,265.47020809518244,1
41,0,1,1,1,0,0,1,0,1,1,0,0,0,1,0,1,0,1,0,1,0,0,0,1,0,1,1,0,1,1,1,0,0,1,0,0,0,1,0,1,0,0,1,1,0,1,1,1,1,0,0,1,1,0,0.2962962962962963,299.12850073977364,1
42,0,1,1,0,0,1,0,1,0,0,1,0,1,0,0,0,1,1,1,0,1,0,1,0,1,0,0,1,0,0,0,1,1,0,1,1,1,0,1,0,1,1,1,0,1,0,0,0,0,1,1,0,0,0,0.2777777777777778,408.1451763947188,1
43,1,0,1,1,1,0,1,0,1,1,1,0,1,1,0,1,0,1,0,1,0,0,0,1,0,1,1,0,1,1,1,0,0,1,0,0,0,1,0,1,0,0,0,1,1,1,1,1,1,0,0,0,1,0,0.2962962962962963,379.3773785924985,1
44,0,1,1,0,1,1,0,1,0,0,1,0,1,0,0,0,1,1,1,0,1,1,1,0,1,0,0,1,0,0,0,1,1,0,1,1,1,0,1,0,1,1,0,0,1,0,0,0,0,1,1,0,0,0,0.3333333333333333,363.48719588570646,1
45,1,0,1,1,0,0,1,0,1,1,0,1,0,1,0,1,0,0,0,1,0,0,0,1,0,1,1,0,0,1,1,0,0,1,0,0,0,1,0,1,0,0,0,1,1,1,1,1,1,0,0,0,1,0,0.3148148148148148,306.5820912212827,1
46,1,0,1,1,1,0,1,0,1,1,1,0,0,1,0,0,0,1,0,1,0,1,0,1,0,1,1,0,0,1,1,0,0,1,0,0,0,0,0,1,0,0,0,1,1,1,1,0,1,0,0,0,1,0,0.37037037037037035,556.8698580263294,1
47,1,0,1,1,0,0,1,0,1,1,1,0,0,0,0,0,0,1,0,1,0,1,0,1,0,1,1,0,0,1,1,0,0,1,0,0,0,1,0,1,0,0,0,1,1,1,1,1,0,0,0,0,1,1,0.3333333333333333,285.50852497742017,1
48,0,0,1,1,1,0,1,0,1,1,1,1,0,1,0,0,0,1,1,1,0,1,0,1,0,1,1,0,0,1,1,0,0,1,0,0,1,1,0,1,0,0,0,1,0,1,1,1,1,0,0,0,1,0,0.25925925925925924,625.2442330158779,1
49,1,0,1,1,0,0,1,0,1,1,1,1,0,1,0,1,0,1,0,1,0,1,0,1,0,1,1,0,0,1,1,0,0,1,0,0,0,1,0,1,0,0,0,1,0,1,1,0,1,0,0,0,1,0,0.3148148148148148,797.9115838682078,1
50,0,1,1,0,1,1,0,1,0,0,1,0,1,0,1,0,1,1,1,0,1,1,1,0,1,0,0,1,0,0,0,1,1,0,1,1,1,0,1,0,1,1,1,0,1,0,0,1,1,1,1,0,0,1,0.35185185185185186,563.1672196688355,1
51,1,0,0,1,1,0,1,0,1,1,1,0,0,1,0,0,0,1,0,1,0,0,0,1,0,1,1,0,1,1,1,0,0,1,0,0,0,1,0,1,0,0,0,1,1,1,1,1,0,0,0,1,1,1,0.3333333333333333,270.94679614180257,1
52,0,1,1,0,1,1,0,1,0,0,1,0,1,0,1,0,1,1,1,0,1,1,1,0,1,0,0,1,0,0,0,1,1,0,1,1,1,0,1,0,1,1,0,0,0,0,0,1,0,1,1,0,0,0,0.3148148148148148,364.9113542832232,1
53,1,0,0,1,0,0,1,0,1,1,1,0,0,1,0,1,0,1,0,1,0,1,0,1,0,1,1,0,0,1,1,0,0,1,0,0,0,0,0,1,0,0,0,1,1,1,1,0,1,0,0,0,1,1,0.3148148148148148,287.97507185922706,1
54,0,1,1,0,0,1,0,1,0,0,1,1,1,0,0,0,1,1,1,0,1,1,0,0,1,0,0,1,0,0,0,1,1,0,1,1,1,0,1,0,1,1,1,0,0,0,0,0,0,1,1,0,0,1,0.3333333333333333,392.72916603288877,1
55,1,0,0,1,0,0,1,0,1,1,1,0,0,1,0,1,0,0,0,1,0,0,0,1,0,1,1,0,1,1,1,0,0,1,0,0,1,1,0,1,0,0,0,1,1,1,1,0,0,0,0,0,1,1,0.3148148148148148,229.54656210707688,1
56,1,0,1,1,0,0,1,0,1,1,1,1,0,1,0,0,0,1,0,1,0,1,0,1,0,1,1,0,0,1,1,0,0,1,0,0,1,1,0,1,0,0,0,1,1,1,1,1,1,0,0,0,1,0,0.2777777777777778,450.02320145161985,1
57,0,1,1,0,1,1,0,1,0,0,1,1,1,0,0,0,1,0,1,1,1,1,1,0,1,0,0,1,0,0,0,1,1,0,1,1,1,0,1,0,1,1,1,0,1,0,0,0,0,1,1,0,0,0,0.3148148148148148,388.3190092326831,1
58,1,0,1,1,1,0,1,0,1,1,1,0,0,1,0,0,0,1,0,1,0,0,0,1,0,1,1,0,1,1,1,0,0,1,0,0,0,1,0,1,0,0,0,1,0,1,1,1,0,0,0,0,1,0,0.35185185185185186,413.8089988433162,1
59,0,0,1,1,0,0,1,0,1,1,1,0,0,1,0,1,0,1,0,1,0,1,0,1,0,0,1,0,0,1,0,0,0,1,0,0,0,1,0,1,0,0,0,1,1,1,1,1,0,0,0,0,1,1,0.2777777777777778,297.8372357762913,1
60,0,0,0,1,0,0,1,0,1,0,1,0,0,1,0,1,0,1,0,1,0,1,0,1,0,1,1,0,0,1,1,0,0,1,0,0,0,1,0,1,0,0,0,0,1,1,1,1,1,0,0,0,1,1,0.25925925925925924,236.26952436749275,1
61,0,0,1,1,0,0,1,0,1,1,1,0,0,1,0,1,0,1,0,1,0,1,1,1,0,1,1,0,0,1,1,0,0,1,0,0,0,1,0,1,0,0,0,1,0,1,1,0,1,0,0,0,1,1,0.2962962962962963,487.0279350067137,1
62,0,0,1,1,1,0,1,0,1,1,1,0,0,1,0,0,0,1,1,1,0,0,0,1,0,1,1,0,0,1,1,0,0,1,0,0,0,0,0,1,0,0,0,1,1,1,1,1,1,0,0,0,1,1,0.35185185185185186,335.64145535422085,1
63,1,0,1,1,1,0,1,0,1,1,0,0,0,1,0,0,0,1,0,1,0,0,0,1,0,1,1,0,1,1,1,0,0,1,0,0,0,1,0,1,0,0,1,1,0,0,1,0,1,0,0,0,1,1,0.24074074074074073,338.3995576420172,1
64,0,1,1,0,0,1,0,1,0,0,1,0,1,0,0,0,1,1,0,0,1,1,1,0,1,0,0,1,0,0,0,1,1,0,1,1,1,0,1,0,1,1,1,0,0,0,0,0,1,1,1,0,0,0,0.3333333333333333,330.8968521655418,1
65,0,1,1,0,1,1,0,1,0,0,1,0,1,0,0,0,1,1,1,1,1,1,1,0,1,0,0,1,0,0,0,1,1,0,1,1,1,0,1,0,1,1,1,0,1,0,0,0,1,1,1,0,0,0,0.2962962962962963,391.4904165887236,1
66,1,1,1,0,0,1,0,1,0,0,1,0,1,0,1,0,1,1,1,0,1,1,1,0,1,0,0,1,0,0,0,1,1,0,1,1,1,0,1,0,1,1,1,0,0,0,0,0,1,1,1,1,0,0,0.3333333333333333,369.11191202705777,1
67,1,1,1,0,1,1,0,1,0,0,1,1,1,0,1,0,1,1,1,0,1,0,1,0,1,0,0,1,0,0,0,1,1,0,1,1,1,0,1,0,1,1,1,0,1,0,0,0,0,1,1,1,0,1,0.3333333333333333,493.29789726618276,1
68,1,0,1,1,0,0,1,0,1,1,1,0,0,1,0,0,0,1,0,1,0,0,0,1,0,0,1,0,0,1,1,0,0,1,0,0,0,0,0,1,0,0,0,1,1,1,1,1,0,0,0,0,1,1,0.37037037037037035,289.7615160702476,1
69,1,0,1,1,0,0,1,0,1,0,1,1,0,1,0,0,0,0,0,1,0,0,0,1,0,1,1,0,0,1,1,0,0,1,0,0,0,0,0,1,0,0,0,1,1,1,1,1,0,0,0,0,1,0,0.35185185185185186,354.98482093229416,1
70,1,0,1,1,1,0,1,0,1,1,1,0,0,1,0,0,0,1,0,1,0,0,0,1,0,1,1,0,0,1,0,0,0,1,0,0,0,1,0,1,1,0,0,1,0,1,1,1,0,0,0,0,1,1,0.3148148148148148,352.20807387249596,1
71,1,0,1,1,0,0,1,0,1,1,1,0,0,1,0,0,0,1,0,1,0,0,0,1,0,1,1,0,1,1,1,0,0,1,0,0,1,1,0,1,0,0,0,1,0,1,1,1,1,0,0,0,1,0,0.3333333333333333,316.44202194842507,1
72,1,0,1,1,1,0,1,0,1,1,0,0,0,1,0,0,0,1,0,1,0,1,0,1,0,0,1,0,1,1,1,0,0,1,0,0,0,1,0,1,0,0,0,1,0,1,1,1,0,0,0,0,1,1,0.25925925925925924,281.09324412218655,1
73,0,1,1,0,1,1,0,1,0,0,1,0,1,0,1,0,1,1,1,1,1,1,1,0,1,0,0,1,0,0,0,1,1,0,1,1,1,0,1,0,1,1,1,0,0,0,0,0,1,1,1,0,0,1,0.3148148148148148,417.2583097044852,1
74,1,0,0,1,1,0,1,0,1,0,1,1,0,0,0,1,0,1,0,1,0,1,0,1,0,1,1,0,0,1,0,0,0,1,0,0,0,1,0,1,0,0,0,1,0,1,1,0,1,0,0,0,1,1,0.3333333333333333,431.5083114131293,1
75,0,0,1,1,1,0,1,0,1,1,1,0,0,1,0,1,0,0,0,1,0,0,0,1,0,0,1,0,0,1,0,0,0,1,0,0,0,1,0,1,0,0,0,1,1,1,1,1,0,0,0,0,1,0,0.2777777777777778,260.28615947920537,1
76,0,1,1,0,0,1,0,1,0,0,1,0,1,0,0,0,1,1,0,0,1,0,1,0,1,0,0,1,0,0,0,1,1,0,1,1,1,0,1,0,1,1,0,0,0,0,0,1,0,1,1,0,0,0,0.3333333333333333,370.7077034449801,1
77,1,0,1,1,1,0,1,0,1,1,1,0,0,1,0,1,0,1,0,1,0,1,0,1,0,1,1,0,1,1,1,0,0,1,0,0,0,1,0,1,0,0,0,1,0,1,1,1,0,0,0,0,1,1,0.3333333333333333,384.59764155786394,1
78,1,0,1,1,1,0,1,0,1,1,1,0,0,1,0,0,0,1,0,1,0,1,0,1,0,1,1,0,0,1,1,0,0,1,0,0,0,1,0,1,1,0,0,1,0,1,1,1,1,0,0,0,1,0,0.2962962962962963,414.8538286651015,1
79,0,1,1,0,1,1,0,1,0,0,1,0,1,0,0,0,1,1,1,0,1,1,1,0,1,0,0,1,0,0,0,1,1,0,1,1,1,0,1,0,1,1,1,0,0,0,0,0,0,1,1,0,0,1,0.3888888888888889,375.6217639120348,1
80,0,1,1,0,1,1,0,1,0,0,1,1,1,0,1,0,1,1,1,0,1,1,1,0,1,0,0,1,0,0,0,1,1,0,1,1,1,0,1,0,1,1,0,0,1,0,0,0,1,1,1,0,0,1,0.3148148148148148,483.2850488706306,1
81,1,0,0,1,1,0,1,0,1,1,1,0,0,1,0,0,0,1,0,1,0,1,0,1,0,1,1,0,1,1,1,0,0,1,0,0,0,0,0,1,0,0,0,1,1,1,1,1,0,0,0,0,1,0,0.3333333333333333,289.8106355433915,1
82,1,1,1,0,0,1,0,1,0,0,1,1,1,0,1,0,1,0,1,0,1,0,1,0,1,0,0,1,0,0,0,1,1,0,1,1,1,0,1,0,1,1,0,0,0,0,0,0,1,1,1,1,0,0,0.3333333333333333,374.41656870609347,1
83,0,1,1,0,0,1,0,1,0,0,1,0,1,0,1,0,1,1,1,0,1,1,1,0,1,0,0,1,0,0,0,1,1,0,1,1,1,0,1,0,1,1,0,0,0,0,0,0,0,1,0,1,0,1,0.2962962962962963,351.20709398507216,1
84,0,1,1,0,1,1,0,1,0,1,1,0,1,0,1,0,1,1,1,0,1,1,1,0,1,0,0,1,0,0,0,1,1,0,1,1,1,0,1,0,1,1,0,0,0,0,0,0,1,1,1,0,0,1,0.35185185185185186,401.5935539780843,1
85,0,1,1,0,0,1,0,1,0,0,1,0,0,0,1,0,1,1,1,0,1,1,1,0,1,0,0,1,0,0,0,1,1,0,1,1,1,0,1,0,1,1,1,0,0,0,0,0,1,1,1,0,0,1,0.35185185185185186,408.243196122448,1
86,1,0,1,1,1,0,1,0,1,0,1,1,0,1,0,1,0,0,1,1,0,0,1,1,0,0,1,0,1,1,1,0,0,1,0,0,0,0,0,1,0,0,0,1,0,1,1,1,1,0,0,1,1,1,0.25925925925925924,374.97341093150476,1
87,0,1,1,0,0,1,0,1,0,0,1,1,1,1,1,0,1,1,1,0,1,0,1,0,1,0,0,1,0,0,0,1,1,0,1,1,0,0,1,0,1,1,0,0,1,0,0,0,1,1,1,0,0,1,0.35185185185185186,489.25563465128494,1
88,0,1,1,0,1,1,0,1,0,0,1,0,1,0,1,0,1,1,1,0,1,0,1,0,1,0,0,1,0,0,0,1,1,0,1,1,1,0,1,0,1,1,1,0,1,0,0,0,0,1,1,0,0,1,0.2777777777777778,463.21129112686276,1
89,0,1,1,0,0,1,0,1,0,0,1,1,1,0,1,0,1,1,1,1,1,1,1,0,1,0,0,1,0,0,0,1,1,0,1,1,1,0,1,0,1,1,0,0,0,0,0,0,0,1,1,0,0,0,0.37037037037037035,509.7810265057399,1
90,0,1,1,0,0,1,0,1,0,0,1,0,0,0,0,0,1,1,1,0,1,0,1,0,1,0,0,1,0,0,0,1,1,1,1,1,1,0,1,0,1,1,0,0,0,0,0,0,0,1,1,0,0,0,0.3148148148148148,321.22051733722753,1
91,0,1,1,0,0,1,0,1,0,0,1,0,1,0,0,0,1,1,1,0,1,1,1,0,1,0,0,1,0,0,0,1,1,0,1,1,0,0,1,0,1,1,0,0,0,0,0,0,1,1,1,0,0,0,0.3148148148148148,312.0875165345376,1
92,0,1,1,0,1,1,0,1,0,0,1,0,1,0,1,0,1,1,0,0,1,1,1,0,1,0,0,1,0,0,0,1,1,0,1,1,1,0,1,0,0,1,0,0,0,0,0,0,1,1,1,0,0,1,0.35185185185185186,384.9212154804028,1
93,0,1,1,0,1,1,0,1,0,0,1,0,1,0,1,0,1,1,1,0,1,0,1,0,1,1,0,1,0,0,0,1,1,0,1,1,1,1,1,0,1,1,1,0,0,0,0,0,0,1,1,0,0,1,0.3333333333333333,391.8641102613367,1
94,1,1,1,0,0,1,0,1,0,0,1,0,0,0,1,0,1,1,1,0,1,1,1,0,1,0,0,1,0,0,0,1,1,0,1,1,1,0,1,0,1,1,1,1,0,1,0,0,0,1,1,0,0,1,0.35185185185185186,434.42621143022893,1
95,1,0,0,0,1,0,1,0,1,1,1,0,0,1,0,0,0,1,0,1,0,1,0,1,0,1,1,0,1,1,0,0,0,1,0,0,0,1,0,1,1,0,0,1,0,1,1,1,1,0,0,0,1,0,0.25925925925925924,257.29311443836065,1
96,0,1,1,0,1,1,0,1,0,0,1,1,1,0,1,0,1,1,1,0,1,1,0,0,1,0,0,1,0,0,0,1,1,0,1,1,1,0,1,0,0,1,0,0,0,0,0,0,0,1,1,0,0,1,0.2962962962962963,445.81904472376686,1
97,0,1,0,0,0,1,0,1,0,0,1,1,1,1,1,0,1,1,1,0,1,1,1,0,1,0,0,1,0,0,0,1,1,0,1,1,1,0,1,0,1,1,1,0,1,0,0,0,0,1,1,0,0,1,0.35185185185185186,470.9107623628454,1
98,1,0,0,1,0,0,1,0,1,0,1,0,0,1,0,1,0,1,0,1,0,1,1,1,0,1,1,0,0,1,1,0,0,1,0,0,0,1,0,1,0,0,0,1,0,1,1,0,1,0,0,0,1,1,0.3333333333333333,331.10861224004526,1
99,0,1,1,0,1,1,1,0,0,0,1,1,1,0,0,0,1,1,1,0,1,1,1,0,1,0,0,1,1,0,0,1,1,0,1,1,1,0,1,0,1,1,0,0,0,0,0,0,0,1,1,0,0,0,0.2962962962962963,358.5320385516286,1
