,0,1,2,3,4,5,6,7,8,9,10,11,12,13,14,15,16,17,18,19,20,21,22,23,24,25,26,27,28,29,30,31,32,33,34,35,chain_break_fraction,energy,num_occurrences
0,0,0,0,0,0,1,1,1,0,1,0,0,1,0,1,1,0,0,1,0,1,0,1,0,1,0,0,0,0,1,1,0,1,0,0,0,0.19444444444444445,6.798137181829764,1
1,0,0,0,0,0,0,1,1,0,1,0,0,1,0,0,1,0,1,1,0,1,0,1,0,1,0,0,0,0,1,1,0,1,0,0,0,0.19444444444444445,7.9757522395233815,1
2,0,0,0,0,0,1,1,1,0,1,0,0,1,0,1,1,0,0,1,0,1,0,1,0,1,0,0,0,0,1,1,0,1,0,0,0,0.2222222222222222,6.798137181829764,1
3,0,0,0,0,0,0,1,1,0,1,0,0,1,0,1,1,0,1,1,0,1,0,1,0,1,0,0,0,0,1,1,0,1,0,0,0,0.2777777777777778,10.467854323234338,1
4,0,0,0,0,0,0,1,1,0,1,0,0,1,0,1,1,0,1,1,0,1,0,1,0,1,0,0,0,0,1,1,0,1,0,0,0,0.25,10.467854323234338,1
5,0,0,0,0,0,0,1,1,0,1,0,0,1,0,1,1,0,1,1,0,0,0,1,0,1,1,0,0,0,1,1,0,1,0,0,0,0.2222222222222222,11.438313069323401,1
6,0,0,0,0,0,0,1,1,0,1,0,1,1,0,1,1,0,1,1,0,1,0,1,0,1,0,0,0,0,1,1,0,1,0,0,0,0.19444444444444445,16.13921673032529,1
7,0,0,0,0,0,0,1,1,0,1,0,0,1,0,1,1,0,1,1,0,1,0,1,0,1,0,0,0,0,1,1,0,1,0,0,0,0.3055555555555556,10.467854323234338,1
8,0,0,0,0,0,0,1,1,0,1,0,1,1,0,0,1,0,0,1,0,1,0,1,0,1,0,0,0,0,1,1,0,0,0,0,0,0.1388888888888889,7.643106651369078,1
9,0,0,0,0,0,0,1,1,0,1,0,1,1,0,1,1,0,1,1,0,1,0,1,0,1,0,0,0,1,1,1,0,1,0,0,0,0.1388888888888889,15.116190822398334,1
10,0,0,0,0,0,0,1,1,0,1,0,0,1,0,1,1,0,1,1,0,0,0,1,0,1,0,0,0,0,1,1,0,1,0,0,0,0.2777777777777778,11.484061720774761,1
11,0,0,0,0,0,0,1,1,0,1,0,1,1,0,1,1,0,1,1,0,1,0,1,0,1,0,0,0,0,1,1,0,1,0,0,1,0.2777777777777778,15.650621907377806,1
12,0,0,0,0,0,0,1,1,0,1,0,0,1,0,0,1,0,1,1,0,1,0,1,0,1,0,0,0,0,1,1,0,0,0,1,0,0.2222222222222222,7.533006522495201,1
13,0,0,0,0,0,0,1,1,0,1,0,0,1,0,0,1,1,1,1,0,0,0,1,0,1,0,0,0,0,1,1,0,1,0,0,0,0.2222222222222222,11.48406172077476,1
14,0,0,0,0,0,1,1,1,0,1,0,0,1,0,1,1,0,1,1,0,0,0,1,0,1,0,0,0,0,1,1,0,1,0,0,0,0.3055555555555556,16.579397053823143,1
15,0,0,0,0,0,0,1,1,0,1,0,1,1,0,0,1,0,1,1,0,1,0,1,0,1,0,0,0,0,1,1,0,0,0,0,0,0.2222222222222222,13.689463246380049,1
16,0,0,0,0,0,0,1,1,0,1,0,1,1,0,0,1,0,1,1,0,1,0,1,0,1,0,0,0,0,1,1,0,1,0,0,0,0.3055555555555556,12.647104797712142,1
17,0,0,0,0,0,1,1,1,0,1,0,1,1,0,0,1,0,0,1,0,1,0,1,0,1,0,0,0,1,1,1,0,0,0,0,0,0.19444444444444445,10.036407773705175,1
18,0,0,0,0,0,0,1,1,0,1,0,0,1,0,0,1,0,0,1,0,1,0,1,0,1,0,0,0,0,1,1,0,1,0,0,0,0.2222222222222222,4.991548072101457,1
19,0,0,0,0,0,0,1,1,0,1,0,0,1,0,1,1,1,1,1,0,1,0,1,0,1,0,0,0,0,1,1,0,1,0,0,0,0.2777777777777778,13.95995640694529,1
20,0,0,0,0,0,1,1,1,0,1,0,1,1,0,0,1,0,1,1,0,0,0,1,0,1,0,0,0,0,1,1,0,1,0,0,1,0.25,17.882351138056368,1
21,0,0,0,0,0,0,1,1,0,1,0,0,1,0,1,1,0,1,1,0,1,0,1,0,1,0,0,0,0,1,1,0,1,0,1,0,0.25,10.224541009192398,1
22,0,0,0,0,0,0,1,1,0,1,0,1,1,0,0,1,0,0,1,0,1,0,1,0,1,0,0,0,0,1,1,0,0,0,0,0,0.16666666666666666,7.643106651369078,1
23,0,0,0,0,0,0,1,1,0,1,0,0,1,0,1,1,1,1,1,0,1,0,1,0,1,0,0,0,0,1,1,0,1,0,0,0,0.2222222222222222,13.95995640694529,1
24,0,0,0,0,0,1,1,1,0,1,0,1,1,0,0,1,1,1,1,0,1,0,1,0,1,0,0,0,0,1,1,0,1,0,0,0,0.16666666666666666,21.836876712187966,1
25,0,0,0,0,0,0,1,1,0,1,0,0,1,0,1,1,0,1,1,0,1,0,1,0,1,0,0,0,0,1,1,0,1,0,0,1,0.3055555555555556,11.981227695150457,1
26,0,0,0,0,0,0,1,1,0,1,0,0,1,0,1,1,0,0,1,0,1,0,1,0,0,0,0,0,0,1,1,0,1,0,0,0,0.2222222222222222,5.53228737827564,1
27,0,0,0,0,0,0,1,1,0,1,0,0,1,0,0,1,1,1,1,0,1,0,1,0,1,0,0,0,0,1,1,0,1,0,0,1,0.2222222222222222,11.98122769515046,1
28,0,0,0,0,0,1,1,1,0,1,1,1,1,0,0,1,0,0,1,0,1,0,1,0,1,0,0,0,0,1,1,0,1,0,0,0,0.1388888888888889,13.840663951348562,1
29,0,0,0,0,0,1,1,1,0,1,0,1,1,0,0,1,1,1,1,0,1,0,1,0,1,0,0,0,1,1,1,0,1,0,1,0,0.1388888888888889,18.169559399784166,1
30,0,0,0,0,0,1,1,1,0,1,0,0,1,0,0,1,0,0,0,0,0,0,1,0,1,0,0,0,0,1,1,0,1,0,0,0,0.16666666666666666,7.594365316152945,1
31,0,0,0,0,0,1,1,1,0,1,1,1,1,0,1,1,0,1,1,0,1,0,1,0,1,0,0,0,0,1,1,0,1,0,1,0,0.25,24.014310688477234,1
32,0,0,0,0,0,0,1,1,0,1,0,0,1,0,1,1,0,1,1,0,0,0,1,0,1,1,0,0,0,1,1,0,0,0,0,0,0.2777777777777778,11.206201913538179,1
33,0,0,0,0,0,0,1,1,0,1,0,0,0,0,1,1,0,1,1,0,1,0,1,0,0,0,0,0,0,1,1,0,1,0,0,0,0.16666666666666666,10.427051379231706,1
34,0,0,0,0,0,0,1,1,0,1,0,1,1,0,0,1,0,1,1,0,1,0,1,0,1,0,0,0,1,1,1,0,1,0,1,0,0.19444444444444445,12.27081550297685,1
35,0,0,0,0,0,0,1,1,0,1,0,0,1,0,0,1,0,1,1,0,1,0,1,0,1,0,0,0,0,1,1,0,1,1,0,0,0.2777777777777778,11.906543160787447,1
36,0,0,0,0,0,0,1,1,0,1,0,0,1,0,1,1,0,0,0,0,1,0,1,0,1,0,0,0,0,1,1,0,1,0,0,0,0.25,5.363044250155948,1
37,0,0,0,0,0,1,1,1,0,1,1,1,1,0,1,1,0,1,1,0,0,0,1,0,1,1,0,0,0,1,1,0,1,0,0,0,0.2777777777777778,24.267346518539124,1
38,0,0,0,0,0,0,1,1,0,1,0,0,1,1,1,1,0,0,1,0,1,0,1,0,1,0,0,0,0,1,1,0,1,0,0,0,0.25,8.72062267835023,1
39,0,0,0,0,0,0,1,1,0,1,0,1,1,0,0,1,0,0,1,0,0,0,1,0,1,0,0,0,0,1,1,0,1,0,0,0,0.25,8.097892361182346,1
40,0,0,0,0,0,0,1,1,0,1,0,1,1,0,0,1,1,1,1,0,1,0,1,0,1,0,0,0,0,1,1,0,0,0,0,0,0.16666666666666666,17.712641543885546,1
41,0,0,0,0,0,0,1,1,0,1,0,0,1,0,0,1,1,1,1,0,1,0,1,0,0,0,0,0,0,1,1,0,1,0,1,0,0.19444444444444445,10.660558390979121,1
42,0,0,0,0,0,0,1,1,0,1,0,0,1,0,1,1,0,0,0,0,1,0,1,0,1,0,0,0,1,1,1,0,1,0,0,0,0.19444444444444445,5.710007084904482,1
43,0,0,0,0,0,0,1,1,0,1,0,0,0,1,1,1,0,0,1,0,1,0,1,0,0,0,0,0,1,1,1,0,1,0,0,0,0.16666666666666666,7.384708648975443,1
44,0,0,0,0,0,1,1,1,0,1,0,0,1,1,0,1,0,0,1,0,0,0,1,0,1,0,0,0,1,1,1,0,1,0,0,0,0.2222222222222222,10.249066234786463,1
45,0,0,0,0,0,0,1,1,0,1,0,0,1,0,0,1,0,1,1,0,1,0,1,0,1,0,0,0,0,1,1,0,0,0,1,0,0.16666666666666666,7.533006522495201,1
46,0,0,0,0,0,0,1,1,0,1,0,0,1,0,0,1,0,1,1,0,1,0,1,0,0,0,0,0,0,1,1,0,1,0,1,0,0.16666666666666666,8.287564843490037,1
47,0,0,0,0,0,0,1,1,0,1,0,1,1,0,0,1,0,1,1,0,1,0,1,0,1,0,0,0,0,1,1,0,1,0,0,0,0.2777777777777778,12.647104797712142,1
48,0,0,0,0,0,0,1,1,0,1,0,0,1,0,1,1,0,1,1,0,1,0,1,0,1,0,0,0,0,1,1,0,1,0,0,0,0.3055555555555556,10.467854323234338,1
49,0,0,0,0,0,0,1,1,0,1,0,0,1,0,0,1,0,1,1,0,1,0,1,0,1,0,0,0,0,1,1,0,1,0,1,0,0.2777777777777778,8.367829583511982,1
50,0,0,0,0,0,0,1,1,0,1,0,1,1,0,0,1,0,0,1,0,1,0,1,0,1,0,0,0,0,1,1,0,1,0,0,0,0.25,7.662880932485876,1
51,0,0,0,0,0,0,1,1,0,1,0,0,1,0,0,1,0,0,1,0,1,0,1,0,1,0,0,0,0,1,1,0,1,0,0,0,0.25,4.991548072101457,1
52,0,0,0,0,0,0,1,1,0,1,1,0,1,0,1,1,0,0,1,0,0,0,1,0,1,0,0,0,0,1,1,0,1,0,0,0,0.3055555555555556,6.775016758522638,1
53,0,0,0,0,0,0,1,1,0,1,1,0,1,0,0,1,0,1,1,0,1,0,1,0,1,0,0,0,0,1,1,0,0,0,0,1,0.25,9.89422540241161,1
54,0,0,0,0,0,0,1,1,0,1,0,1,1,0,1,1,1,1,1,0,1,0,1,0,0,0,0,0,0,1,1,0,1,0,0,0,0.25,23.314480936435555,1
55,0,0,0,0,0,0,1,1,0,1,1,1,1,0,1,1,0,1,1,0,1,0,1,0,1,0,0,0,0,1,1,0,1,0,0,0,0.2777777777777778,19.974897933870736,1
56,0,0,0,0,0,0,1,1,0,1,0,1,1,0,0,1,0,1,1,0,0,0,1,0,1,0,0,0,0,1,1,0,1,0,0,0,0.3333333333333333,14.161772886614695,1
57,1,0,0,0,0,0,1,1,0,1,0,0,1,0,0,1,0,0,1,0,1,0,1,0,1,0,0,0,0,1,1,0,1,0,0,0,0.19444444444444445,5.327214502293662,1
58,0,0,0,0,0,0,1,1,0,1,1,0,1,0,0,1,0,1,1,0,1,0,1,0,1,0,0,0,0,1,1,0,1,0,0,0,0.2777777777777778,9.311428518617763,1
59,0,0,0,0,0,0,1,1,0,1,1,0,1,0,0,1,0,1,1,0,0,0,1,0,1,0,0,0,0,1,0,0,1,0,1,0,0.19444444444444445,11.674784340169351,1
60,0,0,0,0,0,0,1,1,0,1,0,0,1,0,1,1,0,1,1,0,1,0,1,0,1,1,0,0,1,1,0,0,1,0,0,0,0.25,14.32474902892789,1
61,0,0,0,0,0,0,1,1,0,1,1,1,1,0,0,1,1,0,1,0,1,0,1,0,1,0,0,0,1,1,1,0,1,0,0,0,0.2222222222222222,11.486094461671088,1
62,0,0,0,0,0,0,1,1,0,1,0,1,1,0,0,1,1,1,1,0,0,0,1,0,1,0,0,0,0,1,1,0,1,0,1,0,0.19444444444444445,16.290292951452873,1
63,0,0,0,0,0,0,1,1,0,1,0,0,1,0,1,1,0,1,0,0,0,0,1,0,1,1,0,0,1,1,1,0,1,0,1,0,0.2222222222222222,12.170182573704766,1
64,0,0,0,0,0,0,1,1,0,1,0,0,1,0,1,1,0,1,1,0,1,0,1,0,1,0,0,0,0,1,1,0,1,0,0,0,0.2777777777777778,10.467854323234338,1
65,1,1,1,1,1,1,0,0,0,0,0,0,0,1,0,0,1,0,0,1,0,1,0,1,0,1,0,1,0,0,0,1,0,1,0,1,0.2777777777777778,41.80059070493065,1
66,1,0,0,0,0,0,1,1,0,1,0,0,1,0,0,1,1,1,0,0,0,0,1,0,1,0,0,0,0,1,1,0,1,0,1,0,0.2222222222222222,13.987743533965029,1
67,0,0,0,0,0,0,0,1,0,1,0,1,1,0,1,1,1,1,1,0,0,0,1,0,1,0,0,0,0,1,1,0,1,0,0,0,0.25,18.617327057628167,1
68,0,0,0,0,0,0,1,1,0,1,0,0,1,0,0,1,1,0,1,0,1,0,0,0,1,0,0,0,0,1,1,0,1,0,0,0,0.25,6.995244144446664,1
69,0,0,0,0,0,1,1,1,0,1,0,1,0,0,1,1,0,0,1,0,0,0,1,0,1,0,0,0,1,1,1,0,1,0,0,0,0.19444444444444445,12.491177729561823,1
70,0,0,0,0,0,0,1,1,0,1,0,0,1,0,1,1,1,1,0,0,1,0,1,0,1,0,0,0,0,1,1,0,1,0,1,0,0.19444444444444445,14.04567078501407,1
71,0,0,0,0,1,0,1,1,0,1,0,1,1,0,0,1,1,1,1,0,1,0,1,0,1,0,0,0,0,1,1,0,1,0,0,0,0.2777777777777778,17.98804672125662,1
72,0,0,0,0,0,0,1,1,0,1,0,0,1,0,0,1,1,1,1,0,1,0,1,0,1,0,0,0,0,1,0,0,1,0,0,0,0.25,13.069698940504828,1
73,0,0,0,0,0,0,1,1,0,1,0,0,1,0,0,1,1,1,1,0,1,0,1,0,1,0,0,0,0,1,1,0,0,0,1,1,0.25,11.6953024842146,1
74,0,0,0,0,0,0,1,1,0,1,0,0,1,0,1,1,0,0,1,0,1,0,1,0,1,0,0,0,0,1,1,0,1,0,0,1,0.2222222222222222,9.538586159850697,1
75,0,0,0,0,0,0,0,1,0,1,0,0,1,0,1,1,1,1,1,0,1,0,1,0,0,0,0,0,0,1,1,0,1,0,0,0,0.16666666666666666,11.950604604020585,1
76,0,0,0,0,0,1,1,1,0,1,0,1,1,0,0,1,0,0,1,0,1,0,1,0,1,0,0,0,1,1,1,0,1,0,1,0,0.3055555555555556,10.09389168446395,1
77,0,0,0,0,0,0,1,1,0,1,0,0,1,0,0,1,0,0,1,0,1,0,1,0,1,1,0,0,0,1,1,0,1,0,0,0,0.25,9.926837870792342,1
78,0,0,0,0,0,0,1,1,0,1,1,0,0,0,1,1,0,1,1,0,1,0,1,0,0,0,0,0,0,1,1,0,0,0,0,0,0.2222222222222222,13.563957209628219,1
79,0,0,0,0,0,0,1,1,0,1,1,0,1,0,0,1,0,1,1,0,1,0,1,0,1,0,0,0,0,1,1,0,1,0,0,0,0.3055555555555556,9.311428518617763,1
80,0,0,0,0,0,0,1,1,0,1,1,1,1,0,0,1,0,0,0,0,1,0,1,0,1,0,0,0,1,1,0,0,0,0,1,0,0.16666666666666666,11.302682639460851,1
81,0,0,0,0,0,0,1,1,0,1,0,1,1,0,0,1,1,1,0,0,1,0,1,0,1,0,0,0,0,1,0,0,1,0,1,0,0.2222222222222222,19.8858456640887,1
82,0,0,0,0,0,0,1,1,0,1,0,0,1,0,0,1,0,0,1,0,0,0,0,0,0,0,0,0,0,1,1,0,1,0,0,0,0.2777777777777778,6.646812424701908,1
83,0,0,0,0,0,1,1,1,0,1,0,0,1,0,1,1,1,0,0,0,1,0,1,0,1,1,0,0,1,1,1,0,0,0,1,0,0.2222222222222222,8.020084581749298,1
84,0,0,0,0,0,1,1,1,0,1,0,0,1,0,0,1,1,1,1,0,1,0,1,0,1,0,0,0,0,1,1,0,1,0,0,0,0.2777777777777778,13.805906284809138,1
85,0,0,0,0,0,0,1,1,0,1,1,0,1,0,0,1,0,1,1,0,1,0,1,0,1,0,0,0,0,1,1,0,1,1,0,0,0.3055555555555556,12.23446553058189,1
86,0,0,0,0,0,0,1,1,0,1,0,0,1,0,1,1,1,1,1,0,0,0,1,0,1,0,0,0,0,1,1,0,1,0,1,0,0.2777777777777778,13.978165376112019,1
87,1,1,1,1,1,1,0,0,1,0,0,0,0,1,0,0,1,0,0,1,1,1,0,1,0,1,0,1,1,0,0,1,0,1,0,1,0.3333333333333333,48.943520780724704,1
88,0,0,0,0,0,1,1,1,0,1,0,1,1,0,0,1,0,0,1,0,1,0,1,0,1,0,0,0,0,1,0,0,0,0,0,0,0.19444444444444445,14.291520853853832,1
89,0,0,0,0,0,0,1,1,0,1,0,1,1,0,1,1,0,0,0,0,1,0,1,0,1,0,0,0,0,1,1,0,1,0,0,0,0.3333333333333333,10.03636631548611,1
90,0,0,0,0,0,0,1,1,0,1,1,1,1,0,1,1,0,0,1,0,1,0,1,0,0,0,0,0,1,1,0,0,0,0,0,0,0.19444444444444445,16.529362118023442,1
91,0,1,1,0,1,1,0,0,1,0,1,0,0,1,1,0,1,1,0,1,0,1,0,1,0,1,0,1,0,0,0,1,0,1,0,0,0.3333333333333333,22.02843239216996,1
92,0,0,0,0,0,0,1,1,0,1,0,1,1,0,0,1,1,1,1,0,0,0,1,0,1,0,0,0,0,1,0,0,1,0,0,0,0.19444444444444445,22.481218119516136,1
93,0,0,0,0,0,0,1,1,0,1,1,0,1,0,1,1,0,1,1,0,1,0,1,0,0,0,0,0,1,1,1,0,1,0,0,1,0.4166666666666667,13.518175256860475,1
94,1,0,0,0,0,0,1,1,0,1,0,0,1,0,0,1,1,1,1,0,1,0,1,1,1,0,0,0,0,1,1,0,1,0,0,0,0.25,8.777477903085662,1
95,0,0,0,0,0,0,0,1,0,1,1,1,1,0,0,1,0,0,1,0,1,0,1,0,1,0,0,0,0,1,1,0,0,0,0,0,0.2777777777777778,8.017612294888528,1
96,0,0,0,0,0,1,1,1,0,1,0,1,1,0,1,1,0,1,1,0,1,0,1,0,1,1,0,0,1,1,1,0,1,0,0,0,0.2777777777777778,17.01694147581134,1
97,0,1,1,0,1,1,0,0,1,0,1,0,0,1,0,0,1,1,0,1,0,1,0,1,0,1,1,1,1,0,0,1,0,1,0,1,0.3333333333333333,43.87911532157771,1
98,0,0,0,0,0,0,0,1,0,1,1,1,1,0,0,1,0,1,0,0,1,0,1,0,1,1,0,0,0,1,1,0,1,0,0,0,0.25,13.402822738187899,1
99,0,0,0,0,0,1,1,1,0,1,1,1,1,0,0,1,1,1,1,0,1,0,1,0,1,0,0,0,0,1,1,0,1,0,1,0,0.3333333333333333,24.014310688477234,1
