,0,1,2,3,4,5,6,7,8,9,10,11,12,13,14,15,16,17,18,19,20,21,22,23,24,25,26,27,28,29,30,31,32,33,34,35,36,37,38,39,40,41,42,43,44,45,46,47,48,49,50,51,52,53,chain_break_fraction,energy,num_occurrences
0,1,1,1,0,0,1,1,0,0,1,0,0,1,1,0,0,0,1,1,1,0,1,1,0,0,0,1,0,0,1,1,1,0,1,0,1,1,0,0,0,1,0,0,0,0,1,1,1,0,0,1,0,0,1,0.25925925925925924,383.7061719656944,1
1,1,1,1,0,0,1,1,0,0,1,0,0,1,1,0,0,0,1,1,1,0,1,1,0,0,0,1,0,0,1,0,1,0,0,0,1,1,0,0,0,1,0,0,0,0,1,1,1,0,0,1,0,0,1,0.25925925925925924,368.15729187972295,1
2,1,1,1,0,0,1,1,0,0,1,0,0,1,1,0,1,0,1,1,1,0,1,1,0,0,0,1,0,0,1,1,1,0,0,0,1,1,0,0,0,1,0,0,0,0,1,1,1,0,0,1,0,0,1,0.24074074074074073,383.23855597302696,1
3,1,1,1,0,0,0,1,0,0,1,0,0,1,1,0,0,1,1,1,1,0,1,1,0,0,0,1,0,0,1,1,1,0,1,0,1,1,0,0,0,1,0,0,0,0,1,1,1,0,0,1,0,1,1,0.24074074074074073,404.3567461057638,1
4,1,1,1,0,0,1,1,0,0,1,0,0,1,1,0,0,0,1,1,1,0,1,1,0,0,0,1,0,0,1,0,1,0,1,0,1,0,0,0,0,1,0,0,0,0,1,1,1,0,0,1,0,0,1,0.2777777777777778,369.177521227474,1
5,1,1,1,0,0,1,1,0,0,0,0,0,1,1,0,0,0,1,1,1,0,1,1,0,0,0,1,0,0,1,1,1,0,1,0,1,1,0,0,0,1,1,0,0,0,0,1,1,0,1,1,0,0,1,0.2777777777777778,495.6372659542634,1
6,1,1,1,0,0,1,1,0,0,0,0,0,1,1,0,1,0,1,1,1,0,1,1,0,0,0,1,0,0,1,1,1,0,1,0,1,1,0,0,0,1,0,0,0,0,1,1,0,0,0,1,0,1,1,0.2777777777777778,357.29647605054527,1
7,1,1,1,0,0,1,1,0,0,0,0,0,1,1,0,1,0,1,1,1,0,1,1,0,0,0,1,0,0,1,1,1,0,1,1,1,1,0,0,0,1,0,0,0,0,1,1,0,0,0,1,0,0,1,0.2962962962962963,358.58996720735354,1
8,1,1,1,0,0,1,1,0,0,0,0,0,1,1,0,0,0,1,0,1,0,1,1,0,0,0,1,0,0,1,1,1,0,0,0,1,1,0,0,0,1,1,0,0,0,1,1,1,0,0,1,0,0,1,0.2777777777777778,448.26747022579235,1
9,1,1,1,0,0,1,1,0,0,1,0,0,1,1,0,1,0,1,1,1,0,1,1,0,0,0,1,0,0,1,1,0,0,1,0,1,1,0,0,0,1,0,0,0,0,1,1,0,0,0,1,0,0,1,0.3148148148148148,373.162460224424,1
10,1,1,1,0,0,1,1,0,0,1,0,0,1,1,0,1,1,0,1,1,0,1,1,0,0,0,1,0,0,1,0,1,1,0,0,1,1,0,0,0,1,0,0,0,0,1,1,1,0,0,1,0,0,1,0.24074074074074073,416.9444489602256,1
11,1,1,1,0,0,1,1,0,0,1,0,0,1,1,0,0,0,1,1,1,0,0,1,0,0,0,1,0,0,1,1,1,0,1,0,1,1,0,0,0,1,0,0,0,0,1,1,0,0,0,1,0,0,1,0.24074074074074073,340.4963255587355,1
12,1,1,1,0,0,1,0,0,0,1,0,1,1,1,0,1,0,1,1,1,0,1,1,0,0,0,1,0,0,1,1,1,0,1,0,1,1,0,0,0,0,1,0,0,0,1,1,1,0,0,1,0,0,1,0.2222222222222222,448.14610636949317,1
13,1,1,1,0,0,1,0,0,0,0,0,0,1,1,0,1,0,1,1,1,0,1,1,0,0,0,1,0,0,1,1,0,0,1,1,1,1,0,0,0,1,1,0,0,0,1,1,0,0,0,1,0,0,1,0.2777777777777778,378.3745967594062,1
14,1,1,1,0,0,0,1,0,0,0,0,0,1,1,0,1,1,1,1,1,0,1,1,0,1,0,1,0,0,1,1,1,0,0,0,1,1,0,0,0,1,0,0,0,0,1,1,1,0,0,1,0,0,1,0.24074074074074073,354.98449156369884,1
15,1,1,1,0,0,1,0,0,0,0,0,0,1,1,0,0,0,1,1,1,0,1,1,0,0,0,1,0,0,1,1,1,0,0,0,1,1,0,0,0,1,0,0,0,0,1,1,1,0,0,1,0,1,1,0.3148148148148148,404.4640768206786,1
16,1,1,1,0,0,1,1,0,0,1,0,0,1,1,0,1,0,1,1,1,0,1,1,0,0,0,1,0,0,1,1,1,0,1,0,1,1,0,1,0,1,0,0,0,0,1,1,0,0,0,1,0,1,1,0.25925925925925924,410.9948295283892,1
17,0,1,1,0,0,1,1,0,0,1,0,0,1,1,0,0,0,1,1,1,0,1,1,0,0,0,1,0,0,1,1,1,1,1,0,1,1,0,0,0,1,0,0,0,0,1,1,0,0,1,1,0,0,1,0.25925925925925924,424.3622183648699,1
18,1,1,1,0,0,1,0,0,0,1,0,0,1,1,0,0,0,1,1,1,0,1,1,0,0,0,1,0,0,1,1,1,0,0,0,1,1,0,0,1,1,1,0,0,0,1,1,1,0,0,1,0,0,1,0.2777777777777778,460.4218594361587,1
19,1,1,1,0,0,1,1,0,0,0,0,0,1,1,0,1,0,0,0,1,0,1,1,0,0,0,1,0,0,1,1,0,0,0,0,1,0,0,0,0,1,1,0,0,0,1,1,1,0,0,1,0,0,1,0.25925925925925924,384.0807601332164,1
20,1,1,1,0,0,1,1,0,0,1,0,0,1,1,0,1,0,1,1,1,0,1,1,0,0,0,1,0,0,1,1,1,1,1,0,1,1,0,0,0,1,1,0,0,0,1,0,1,0,0,1,0,1,1,0.25925925925925924,571.6607208402528,1
21,1,1,1,0,0,0,0,0,0,1,0,1,1,1,0,0,1,1,1,1,0,1,1,0,0,0,1,0,0,1,1,1,1,0,0,1,1,0,0,1,1,0,0,0,0,1,1,0,0,0,1,0,0,1,0.18518518518518517,386.31930981314474,1
22,1,1,1,0,0,1,0,0,0,0,0,0,1,1,0,1,0,1,1,1,0,1,1,0,0,0,1,0,0,1,1,0,0,0,0,1,1,0,0,0,1,0,0,0,0,1,1,0,0,0,1,0,0,1,0.2777777777777778,344.9705600383625,1
23,1,1,1,0,0,1,1,0,0,1,0,0,1,1,0,1,0,1,1,1,0,1,1,0,0,0,1,0,0,1,1,0,0,0,0,1,1,0,0,0,1,1,0,0,0,1,1,0,0,0,1,0,0,1,0.3148148148148148,366.1163631707796,1
24,1,1,1,0,0,1,1,0,0,1,0,0,1,1,0,0,0,1,1,0,0,1,1,0,0,0,1,0,0,1,1,0,0,1,1,1,1,0,0,0,1,0,0,0,0,1,1,1,0,0,1,0,1,1,0.24074074074074073,416.3669099058587,1
25,1,1,1,0,0,1,1,0,0,0,0,0,1,1,0,0,0,1,1,1,0,1,1,0,0,0,1,0,0,1,1,0,0,0,0,1,1,0,0,0,1,1,1,0,0,0,1,1,0,0,1,0,0,1,0.2962962962962963,400.8351625769636,1
26,1,1,1,0,0,1,1,0,0,1,0,0,1,1,0,1,0,1,1,1,0,1,1,0,0,0,1,0,0,1,1,1,1,1,0,1,1,0,0,0,1,0,0,0,0,1,1,0,0,0,1,0,1,1,0.25925925925925924,417.35921895456335,1
27,0,0,0,1,1,0,0,1,1,0,1,1,0,0,1,0,1,1,0,0,1,0,0,1,1,1,1,1,1,0,0,0,1,0,1,0,0,1,1,1,1,0,1,1,1,0,0,1,1,1,0,1,0,1,0.3148148148148148,604.4240790240564,1
28,0,1,1,0,0,1,0,0,0,0,0,0,1,1,0,0,0,1,1,1,0,1,1,0,0,0,1,0,0,1,1,1,1,1,0,1,1,0,1,0,1,0,0,0,0,1,1,0,0,0,1,0,0,1,0.24074074074074073,503.8026202185271,1
29,1,1,1,0,0,1,1,0,0,1,0,0,1,1,0,0,1,1,0,1,0,0,1,0,0,0,1,0,0,1,0,1,0,0,0,1,1,0,0,0,1,0,0,0,0,1,1,1,0,0,1,0,1,1,0.2037037037037037,396.2403705986696,1
30,0,0,0,1,1,0,0,1,1,0,1,1,0,0,1,0,1,1,0,0,1,0,0,1,1,1,1,1,0,0,0,0,1,0,1,0,0,1,1,0,1,0,1,1,1,0,0,1,1,1,0,1,0,1,0.2962962962962963,610.176509229255,1
31,0,0,0,1,1,0,0,1,1,0,1,1,0,0,1,1,0,1,0,0,1,0,0,1,1,1,1,1,1,0,0,0,0,0,1,0,0,1,1,1,1,0,1,1,1,0,0,1,1,1,0,1,0,1,0.25925925925925924,559.8252102340493,1
32,0,0,0,1,1,0,0,1,1,1,1,1,0,0,1,1,0,1,0,0,1,0,0,1,1,1,1,1,1,0,0,0,1,0,1,0,0,1,1,1,1,0,1,1,1,0,0,1,1,1,0,1,0,1,0.2962962962962963,600.3180069407783,1
33,1,1,1,0,0,1,1,0,0,0,0,0,1,1,0,1,1,1,1,1,0,1,1,0,0,0,1,0,0,1,1,1,0,1,0,1,0,0,0,0,0,0,0,0,0,1,1,1,0,0,1,0,0,1,0.2962962962962963,408.595344450276,1
34,0,0,0,1,1,0,0,1,1,0,1,1,0,0,1,1,0,1,0,0,1,0,0,1,1,1,1,1,0,0,0,0,0,0,1,0,0,1,1,1,1,0,1,1,1,0,0,1,1,1,0,1,0,1,0.25925925925925924,576.9776549036172,1
35,1,1,1,0,0,1,1,0,0,0,0,0,1,1,0,0,1,1,1,1,0,1,1,0,0,0,1,0,0,1,1,1,0,0,0,1,1,0,0,0,1,0,0,0,0,1,1,1,1,0,1,0,0,1,0.3148148148148148,398.04982104208005,1
36,0,0,0,1,1,0,0,1,1,0,1,1,0,0,1,1,1,1,0,0,1,0,0,1,1,1,1,1,1,0,0,0,1,0,1,0,0,1,0,1,1,0,1,1,1,0,0,1,1,1,0,1,1,1,0.25925925925925924,610.6421116349916,1
37,0,0,0,1,1,0,0,1,1,0,1,1,0,0,1,1,1,1,0,0,1,0,0,1,1,1,1,1,1,0,0,0,1,0,1,0,0,1,1,0,1,0,1,1,1,0,0,1,1,1,0,1,0,1,0.25925925925925924,622.8807040237923,1
38,1,1,1,0,0,1,1,0,0,0,0,0,1,1,0,1,0,1,1,1,0,0,1,0,0,0,1,0,0,1,1,0,0,0,0,1,1,0,0,0,1,1,0,0,0,1,0,1,0,0,1,0,1,1,0.2962962962962963,407.51520290131344,1
39,1,1,1,0,0,1,0,0,0,0,0,0,1,1,0,0,0,1,0,1,0,1,1,0,0,0,1,0,1,1,1,1,0,0,0,1,1,0,0,0,0,1,0,0,0,1,1,0,0,0,1,0,1,1,0.25925925925925924,399.2166815968669,1
40,1,1,1,0,0,1,1,0,0,1,0,0,1,1,0,1,1,0,1,1,0,1,1,0,0,0,1,0,0,1,0,1,1,0,0,1,1,0,0,0,1,0,0,0,0,1,1,1,1,0,1,0,0,1,0.25925925925925924,438.2876349861462,1
41,0,0,0,1,1,0,0,1,1,0,1,1,0,0,1,1,1,1,0,0,1,0,0,1,1,1,1,1,1,0,0,0,0,0,1,0,0,1,1,0,1,1,1,1,1,0,0,1,1,1,0,1,1,1,0.2777777777777778,608.1837787958546,1
42,1,1,1,0,0,1,1,0,0,1,0,0,1,1,0,0,0,1,0,1,0,1,1,0,0,0,1,0,0,1,1,1,0,0,0,1,1,0,0,0,1,0,0,0,0,1,1,0,0,0,1,0,1,1,0.3333333333333333,339.342828012756,1
43,1,1,1,0,0,1,1,0,0,0,0,0,1,1,0,0,1,0,1,1,0,1,1,0,0,0,1,0,0,1,1,1,1,0,0,1,1,0,0,0,1,0,0,0,0,1,1,0,0,0,1,0,1,1,0.25925925925925924,395.8899767951801,1
44,1,1,1,0,0,1,1,0,0,1,0,0,1,1,0,0,0,1,1,1,0,1,1,0,0,0,1,0,0,1,1,1,0,1,0,1,1,0,0,0,0,0,0,0,0,1,0,0,0,0,1,0,1,1,0.25925925925925924,358.0074609672947,1
45,0,0,0,1,1,0,0,1,1,0,1,1,0,0,1,0,0,1,0,0,1,0,0,1,1,1,1,1,1,0,0,0,0,0,1,0,0,1,1,0,1,0,1,1,1,0,0,1,0,1,0,1,1,1,0.25925925925925924,548.1585220256393,1
46,0,1,1,0,0,1,1,0,0,1,0,0,1,1,0,1,0,1,1,1,0,1,1,0,0,0,1,0,0,1,0,0,0,1,0,1,1,0,0,1,1,1,0,0,0,1,1,0,0,0,1,0,1,1,0.3333333333333333,373.8037702373226,1
47,0,0,0,1,1,0,0,1,1,0,1,1,0,0,1,0,1,1,0,0,1,0,0,1,1,1,1,1,1,0,1,0,0,0,1,0,0,1,1,1,1,1,1,1,1,0,0,1,1,1,0,1,0,1,0.2777777777777778,589.3999535507784,1
48,0,0,0,1,1,0,0,1,1,1,1,1,0,0,1,1,1,1,0,0,1,0,0,1,1,1,1,1,0,0,0,0,1,0,0,0,0,1,1,0,1,0,1,1,1,0,0,1,1,1,0,1,0,1,0.3148148148148148,675.0072800981088,1
49,1,1,1,0,0,1,1,0,0,1,0,0,1,1,0,0,0,1,1,1,0,1,1,0,0,0,1,0,0,1,1,1,0,1,0,1,0,0,0,1,1,1,0,0,0,0,1,1,0,0,1,0,0,1,0.3148148148148148,432.48222294850945,1
50,0,0,0,1,1,0,0,1,1,1,1,1,0,0,1,1,1,1,0,0,1,0,0,1,0,1,1,1,1,0,0,0,0,0,1,0,0,1,1,0,1,0,1,1,1,0,0,1,1,1,0,1,0,1,0.2962962962962963,625.089661970715,1
51,1,1,1,0,0,1,1,0,0,1,0,0,1,1,0,0,0,1,1,1,0,1,1,0,0,0,1,0,0,1,1,0,0,1,0,1,1,0,0,1,1,0,0,0,0,1,0,1,0,0,1,0,0,1,0.3148148148148148,355.8284248550169,1
52,1,1,1,0,0,1,0,0,0,1,0,0,1,1,0,1,0,1,1,1,0,1,1,0,0,0,1,0,0,1,0,0,0,0,0,1,1,0,0,0,0,0,0,0,0,0,1,1,0,0,1,0,0,1,0.2962962962962963,382.6001124673377,1
53,1,1,1,0,0,1,0,0,0,1,0,0,1,1,0,1,0,1,0,1,0,1,1,0,0,0,1,0,0,1,1,0,1,0,0,1,1,0,0,0,1,0,0,0,0,1,1,0,0,0,1,0,1,1,0.2777777777777778,372.4563067384762,1
54,0,1,1,0,0,1,1,0,0,0,0,0,1,1,0,0,1,1,1,1,0,1,1,0,0,0,1,0,0,1,1,1,1,1,1,1,1,0,0,0,1,0,0,0,0,1,1,0,0,0,1,0,1,1,0.25925925925925924,470.8895485567942,1
55,1,1,1,0,0,1,1,0,0,1,0,0,1,1,0,1,1,1,1,1,0,0,1,0,0,0,1,0,0,1,1,1,0,0,1,1,1,0,0,0,1,0,1,0,0,1,1,1,0,0,1,0,0,0,0.2037037037037037,391.397213869868,1
56,0,0,0,1,1,0,0,1,1,1,1,1,0,0,1,0,1,1,0,0,1,0,0,1,1,1,1,1,1,0,0,0,0,0,1,0,0,1,1,1,1,1,0,1,1,0,0,1,1,1,0,1,0,1,0.25925925925925924,593.2333153047131,1
57,0,0,0,1,1,0,0,1,1,0,1,1,0,0,1,0,1,1,0,0,1,0,0,1,1,1,1,1,0,0,0,0,0,0,1,0,0,1,1,0,1,0,0,1,1,0,0,1,1,1,0,1,1,1,0.24074074074074073,613.989171820187,1
58,0,0,0,1,1,0,0,1,1,0,1,1,0,0,1,1,1,1,0,0,1,0,0,1,1,1,1,1,1,0,1,0,1,0,1,0,0,1,1,0,1,0,1,1,1,1,0,1,1,1,0,1,0,1,0.2777777777777778,630.7393266246916,1
59,0,0,0,1,1,0,0,1,1,0,1,1,0,0,1,1,1,1,0,0,1,0,0,1,1,1,1,1,0,0,0,0,1,0,1,0,0,1,1,0,1,0,1,1,1,0,0,1,1,0,0,1,0,1,0.3333333333333333,643.8645505413643,1
60,0,0,0,1,1,0,0,1,1,0,1,1,0,0,1,0,1,1,0,0,1,0,0,1,1,1,1,1,1,0,0,0,0,0,1,0,0,1,1,1,1,0,0,1,1,0,0,1,1,1,0,1,0,1,0.2962962962962963,591.6662654744131,1
61,0,0,0,1,1,0,0,1,1,1,1,1,0,0,1,0,1,1,0,0,1,0,0,1,1,1,1,1,1,0,0,0,0,0,0,0,0,1,1,0,1,0,1,1,1,0,0,1,1,1,0,1,0,1,0.3148148148148148,649.4031543639188,1
62,0,0,0,1,1,0,0,1,1,0,1,0,0,0,1,0,1,1,0,0,1,0,0,1,1,1,1,1,1,0,0,0,0,0,1,0,0,1,1,0,1,0,1,1,1,0,0,1,1,1,0,1,1,1,0.2777777777777778,517.8430127700216,1
63,0,0,0,1,1,0,0,1,1,1,1,1,0,0,1,0,1,1,0,0,1,0,0,1,1,1,1,1,1,0,0,0,1,0,1,0,0,1,0,0,1,0,1,1,1,0,0,1,1,1,0,1,0,1,0.3333333333333333,630.9908215053889,1
64,0,0,0,1,1,0,0,1,1,0,1,1,0,0,1,0,0,1,0,0,1,0,0,1,1,1,1,1,1,0,0,0,0,0,1,0,0,1,0,0,1,0,1,1,1,0,0,1,0,1,0,1,1,1,0.25925925925925924,562.6635122201334,1
65,0,0,1,1,1,0,0,1,1,0,1,1,0,0,1,1,1,1,0,0,1,0,0,1,1,1,1,1,1,0,0,0,1,0,1,0,1,1,1,0,1,0,1,1,1,0,0,1,1,1,0,1,0,1,0.2962962962962963,693.3779606514961,1
66,1,1,1,0,0,1,1,0,0,0,0,0,1,1,0,0,1,1,0,1,0,1,1,0,0,0,1,0,0,1,1,1,1,0,0,1,1,0,0,0,1,0,0,0,0,1,1,1,0,1,1,0,0,1,0.3148148148148148,505.5026932308713,1
67,1,1,1,0,0,1,1,0,0,1,0,0,1,1,0,0,0,1,1,1,0,1,1,0,0,0,1,0,0,1,1,0,0,1,0,1,1,0,0,1,1,1,0,0,0,0,1,0,0,0,1,0,0,1,0.2777777777777778,355.2081454391756,1
68,0,0,0,1,1,0,0,1,1,0,1,1,0,0,1,1,1,1,0,0,1,0,0,1,1,1,1,1,1,0,0,0,0,0,0,0,0,1,1,1,1,0,1,1,1,0,0,1,0,1,0,1,1,1,0.2962962962962963,618.9278537774529,1
69,1,1,1,0,0,1,1,0,0,0,0,0,1,1,0,0,0,1,1,1,0,1,1,0,0,0,1,0,0,1,0,1,0,1,0,1,1,0,0,1,1,1,0,0,0,1,1,0,0,0,1,0,1,1,0.3333333333333333,405.4199894023332,1
70,0,0,0,1,1,0,0,1,1,0,1,1,0,0,1,1,1,1,0,0,1,0,0,1,1,1,1,1,1,0,0,0,0,0,1,0,0,1,1,1,1,0,1,1,1,0,0,1,1,1,0,1,0,1,0.2962962962962963,609.4104461346328,1
71,1,1,1,0,0,1,0,0,0,1,0,0,1,1,0,1,0,1,1,1,0,1,1,0,0,0,1,0,0,1,1,0,0,1,1,1,1,0,0,0,1,0,0,0,0,1,1,0,0,0,1,0,0,1,0.35185185185185186,349.63634007734896,1
72,1,0,0,1,1,0,0,1,1,1,1,1,0,0,1,1,1,1,1,0,1,0,0,1,1,1,1,1,1,0,1,0,1,0,1,0,0,1,1,1,1,0,1,1,1,0,0,1,1,1,0,1,0,1,0.2962962962962963,667.4119850439788,1
73,0,0,0,1,1,0,0,1,1,0,1,1,0,0,1,1,1,1,0,0,1,0,0,1,1,1,1,1,1,0,0,0,0,0,0,0,0,1,1,0,1,0,1,1,1,0,0,1,1,1,0,1,1,1,0.2962962962962963,625.2483160572749,1
74,1,1,1,0,0,1,1,0,0,1,0,0,1,1,0,0,1,1,1,1,0,0,1,0,0,0,1,0,0,1,1,1,0,1,1,1,1,0,0,0,1,0,0,0,0,1,1,0,0,0,1,0,0,1,0.25925925925925924,376.1650576798732,1
75,0,0,0,1,1,0,1,1,1,1,1,1,0,0,1,0,1,0,0,0,1,0,0,1,1,1,1,1,1,0,0,0,0,0,1,0,0,1,1,0,1,1,1,1,1,0,0,1,1,1,0,1,1,1,0.24074074074074073,564.1338445980557,1
76,0,0,0,1,1,0,1,1,1,0,1,1,0,0,1,1,0,1,0,0,1,0,0,1,1,1,1,1,1,0,1,0,0,0,1,0,0,1,1,0,1,0,1,1,1,0,0,1,0,1,0,1,0,0,0.2777777777777778,636.7847415287132,1
77,0,0,0,1,1,0,0,1,1,0,1,0,0,0,1,1,1,1,0,0,1,0,0,1,1,1,1,1,1,0,0,0,1,0,1,0,0,1,1,1,1,0,1,1,1,0,0,1,0,1,0,1,0,1,0.3333333333333333,556.0222547783644,1
78,1,0,0,1,1,0,0,1,1,0,1,1,0,0,1,1,0,1,0,0,1,0,0,1,1,1,1,1,1,0,0,0,0,0,1,0,0,1,1,1,1,0,1,1,1,0,0,1,0,1,0,1,0,0,0.2962962962962963,623.523562489699,1
79,0,0,0,1,1,0,0,1,1,1,1,1,0,0,1,0,1,1,0,0,1,0,0,1,1,1,1,1,1,0,1,0,1,0,1,0,0,1,0,0,1,1,1,1,1,0,0,1,1,1,0,1,1,1,0.2777777777777778,625.3765014034591,1
80,0,0,0,1,1,0,1,1,1,0,1,1,0,0,1,0,0,1,0,0,1,0,0,1,1,1,1,1,1,0,0,1,1,0,1,0,0,1,1,0,1,0,1,1,1,0,0,1,1,1,0,1,0,1,0.3148148148148148,610.8993753166735,1
81,0,0,1,1,1,0,1,1,1,0,1,1,0,0,1,1,1,1,0,0,1,0,0,1,0,1,1,1,1,0,0,0,1,0,1,0,0,1,1,1,1,0,1,1,1,0,0,1,1,1,0,1,0,1,0.3333333333333333,691.3766112525491,1
82,1,1,1,0,0,1,1,0,0,0,0,0,1,1,0,0,1,1,1,1,0,0,1,0,0,0,1,0,0,1,1,1,0,0,1,1,1,0,0,0,1,0,0,0,0,1,1,0,0,1,1,0,0,1,0.2962962962962963,379.7618493112682,1
83,0,0,0,1,1,0,0,1,1,0,1,1,0,0,1,0,0,1,0,0,1,0,0,1,1,1,1,1,1,0,0,0,0,0,0,0,0,1,1,0,1,0,0,1,1,0,0,1,1,1,0,1,1,1,0.2777777777777778,554.1216396932126,1
84,0,0,0,1,1,0,1,1,1,0,1,1,0,0,1,0,1,1,0,0,1,0,0,1,0,1,1,1,1,0,1,0,1,0,1,0,1,1,1,0,1,0,1,1,1,0,0,1,1,1,0,1,0,0,0.2777777777777778,590.6742634856681,1
85,1,1,1,0,0,1,1,0,0,0,0,0,1,1,0,0,0,1,1,1,0,1,1,0,0,0,1,0,0,1,0,1,0,1,1,1,1,0,0,1,1,0,0,0,0,1,0,0,0,0,1,0,1,1,0.3888888888888889,347.7542783434916,1
86,0,0,0,1,1,0,0,1,1,0,1,1,0,0,1,0,1,1,0,0,1,0,0,1,1,1,1,1,1,0,0,1,1,0,1,0,0,1,1,1,1,1,1,1,1,0,0,1,0,1,0,1,1,0,0.3333333333333333,620.2673152110893,1
87,0,0,0,1,1,0,0,1,1,0,1,1,0,0,1,0,1,0,0,0,1,0,0,1,1,1,1,1,1,0,0,1,1,0,1,0,0,1,0,0,1,0,1,1,1,0,0,1,1,1,0,1,0,1,0.3333333333333333,522.3636698423613,1
88,0,0,0,1,1,0,0,1,1,0,1,1,0,0,1,1,1,1,1,0,1,0,0,1,1,1,1,0,1,0,1,0,0,0,1,0,0,1,1,1,1,0,1,1,1,0,0,1,1,1,0,1,0,0,0.2777777777777778,694.2622611540062,1
89,0,0,1,1,1,0,0,1,1,1,1,0,0,0,1,1,1,1,0,0,1,0,0,1,1,1,1,1,1,0,1,0,0,0,1,0,0,1,1,1,1,0,1,1,1,0,0,0,1,1,0,1,1,1,0.2962962962962963,612.0130865702359,1
90,1,0,0,1,1,0,0,1,1,0,1,1,0,0,1,1,1,1,0,0,1,0,0,1,1,1,1,1,1,0,1,0,1,0,1,0,0,1,1,0,1,1,1,1,1,0,0,1,0,1,0,1,0,1,0.3148148148148148,644.1025314444432,1
91,0,0,0,1,1,0,0,1,1,1,1,1,0,0,1,0,0,1,0,0,1,0,0,1,1,1,1,1,1,0,0,0,0,0,1,0,0,1,0,0,0,0,1,1,1,0,0,1,1,1,0,1,0,1,0.25925925925925924,652.9431983835165,1
92,0,0,0,1,1,0,0,1,1,0,1,0,0,0,1,1,0,1,0,0,1,0,0,1,0,1,1,1,1,0,0,0,0,0,1,0,0,1,1,0,0,0,0,1,1,0,0,1,1,1,0,1,0,1,0.24074074074074073,481.33806986463264,1
93,1,1,1,0,0,1,0,0,0,0,0,0,1,1,0,1,1,1,0,1,0,1,1,0,0,1,1,0,0,1,1,1,0,1,0,1,1,0,0,0,1,0,0,0,0,1,1,0,1,0,1,0,0,1,0.25925925925925924,388.30175461067586,1
94,0,0,0,1,1,0,0,1,1,1,1,1,0,0,1,0,0,1,1,0,1,0,0,1,1,1,1,1,1,0,1,0,0,0,1,0,0,1,1,1,1,0,1,1,1,0,0,1,1,1,0,1,0,1,0.2777777777777778,578.8596028703613,1
95,1,0,0,1,1,0,0,1,1,1,1,1,0,0,1,1,0,1,0,0,1,0,0,1,1,1,1,1,1,0,1,0,0,0,1,0,0,1,1,0,1,0,1,1,1,0,0,1,1,1,0,1,1,0,0.25925925925925924,610.9145367076112,1
96,0,0,0,1,1,0,0,1,1,0,1,1,0,0,1,1,1,1,0,0,1,0,0,1,1,1,1,1,1,0,1,0,0,0,0,0,0,1,0,1,1,0,1,1,1,0,0,1,0,0,0,1,1,1,0.2962962962962963,696.2713208506897,1
97,0,0,0,1,1,0,0,1,1,0,1,1,0,0,1,1,1,1,0,0,1,0,0,1,1,1,1,1,1,0,0,0,1,0,1,0,0,1,1,0,0,1,1,1,1,0,0,1,0,1,0,1,1,1,0.3148148148148148,642.7580003306243,1
98,0,0,0,0,1,0,0,1,1,0,1,1,0,0,1,1,1,1,0,0,1,0,0,1,1,1,1,1,1,0,0,0,0,0,1,0,0,1,1,0,1,1,1,1,1,0,0,1,0,1,0,1,1,1,0.3148148148148148,587.2403803008712,1
99,0,0,0,0,1,0,0,1,1,0,1,1,0,0,1,0,1,1,0,0,1,0,0,1,1,1,1,1,1,0,1,0,0,1,1,0,0,1,1,0,1,0,1,1,1,1,0,1,1,1,0,1,1,0,0.3333333333333333,552.779379659843,1
