,0,1,2,3,4,5,6,7,8,9,10,11,12,13,14,15,16,17,18,19,20,21,22,23,24,25,26,27,28,29,30,31,32,33,34,35,chain_break_fraction,energy,num_occurrences
0,0,1,1,0,1,1,0,1,1,1,1,0,0,0,0,1,1,0,1,0,0,1,1,1,1,0,1,0,0,0,1,0,0,1,1,0,0.2777777777777778,13.340580227427965,1
1,1,1,1,0,1,1,0,1,1,1,1,0,0,0,0,0,1,0,1,0,1,1,1,1,1,0,1,0,0,0,1,0,0,0,1,0,0.25,13.214726539410703,1
2,1,1,1,0,1,1,0,1,1,1,1,0,0,0,0,1,1,0,1,0,1,1,1,1,1,0,1,0,0,0,1,0,0,1,1,0,0.2777777777777778,17.005336217444256,1
3,1,1,1,0,1,1,0,1,1,1,1,0,0,0,0,1,1,0,1,0,1,1,1,1,1,0,1,0,0,0,1,0,0,0,1,0,0.2777777777777778,17.61795616601284,1
4,0,1,1,0,1,1,0,1,1,1,1,0,0,0,0,0,1,0,1,0,0,1,1,1,1,0,1,0,0,0,1,0,0,1,1,0,0.25,11.404824706526712,1
5,0,0,0,0,0,0,1,0,0,0,0,1,1,1,1,0,0,1,0,1,0,0,0,0,0,0,0,1,1,1,0,0,1,0,0,1,0.2777777777777778,10.891978408217366,1
6,0,0,0,0,0,0,1,0,0,0,0,1,1,1,1,0,0,0,0,1,0,0,0,0,0,0,0,1,1,1,0,0,1,0,0,1,0.25,11.837304091958153,1
7,1,1,1,0,1,1,0,1,1,1,1,0,0,0,0,1,1,0,1,0,1,1,1,1,1,0,1,0,0,0,1,0,0,0,1,0,0.25,17.61795616601284,1
8,1,0,0,0,0,0,1,0,0,0,0,1,1,1,1,0,0,0,0,1,0,0,0,0,0,0,0,1,1,1,0,0,1,0,0,1,0.3055555555555556,10.634575951771275,1
9,1,0,0,0,0,0,1,0,0,0,0,1,1,1,1,0,0,1,0,1,0,0,0,0,0,0,0,1,1,1,0,0,1,0,0,1,0.2222222222222222,11.112515747831544,1
10,0,0,0,0,0,0,1,0,0,0,0,1,1,1,1,0,0,0,0,1,0,0,0,0,0,0,0,1,1,1,0,0,1,0,0,1,0.3055555555555556,11.837304091958153,1
11,0,1,1,0,1,1,0,1,1,1,1,0,0,0,0,1,1,0,1,0,0,1,1,1,1,0,1,0,0,0,1,0,0,0,1,0,0.25,14.17304206561827,1
12,1,0,0,0,0,0,1,0,0,0,0,1,1,1,1,0,0,1,0,1,0,0,0,0,0,0,0,1,1,1,0,0,1,0,0,1,0.2777777777777778,11.112515747831544,1
13,1,0,0,0,0,0,1,0,0,0,0,1,1,1,1,0,0,1,0,1,0,0,0,0,0,0,0,1,1,1,0,0,1,0,0,1,0.25,11.112515747831544,1
14,1,0,0,0,0,0,1,0,0,0,0,1,1,1,1,0,0,0,0,1,0,0,0,0,0,0,0,1,1,1,0,0,1,0,0,1,0.2777777777777778,10.634575951771275,1
15,0,1,1,0,1,1,0,1,1,1,1,0,0,1,0,0,1,0,1,0,1,1,1,1,1,0,1,0,0,0,1,0,0,0,1,0,0.2222222222222222,14.013036555083763,1
16,1,0,0,0,0,0,1,0,0,0,0,1,1,1,1,0,0,0,0,1,0,0,0,0,0,0,0,1,1,1,0,0,1,0,0,1,0.25,10.634575951771275,1
17,1,0,0,0,0,0,1,0,0,0,0,1,1,1,1,0,0,0,0,1,0,0,0,0,0,0,0,1,1,1,0,0,1,0,0,1,0.2777777777777778,10.634575951771275,1
18,1,1,1,0,1,1,0,1,1,1,1,0,0,0,0,1,1,0,1,0,0,1,1,1,1,0,1,0,0,0,1,1,0,1,1,0,0.3055555555555556,19.453614650951383,1
19,1,0,0,0,0,0,1,0,0,0,0,1,1,1,1,0,0,0,0,1,0,0,0,0,0,0,0,1,1,1,0,0,1,0,0,1,0.3611111111111111,10.634575951771275,1
20,0,0,0,0,0,0,1,0,0,0,0,1,1,1,1,0,0,0,0,1,0,0,0,0,0,0,0,1,1,1,0,0,1,0,0,1,0.25,11.837304091958153,1
21,0,0,0,1,0,0,1,0,0,0,0,1,1,1,1,0,0,1,0,1,0,0,0,0,0,0,0,1,1,1,0,0,1,0,0,1,0.25,12.467043040247873,1
22,0,0,0,1,0,0,1,0,0,0,0,1,1,1,1,1,0,1,0,1,0,0,0,0,0,0,0,1,1,1,0,0,1,0,0,1,0.3611111111111111,15.76530473527561,1
23,0,0,0,0,0,0,1,0,0,0,0,1,1,1,1,1,0,1,0,1,0,0,0,0,0,0,0,1,1,1,0,0,1,0,0,0,0.2777777777777778,11.908505362238337,1
24,0,1,1,0,1,1,0,1,1,1,1,0,0,0,0,1,0,0,1,0,0,1,1,1,1,0,1,0,0,0,1,0,0,1,1,0,0.2777777777777778,11.506312957736478,1
25,1,0,0,1,0,0,1,0,0,0,0,1,1,1,1,1,0,0,0,1,0,0,0,0,0,1,0,1,1,1,0,0,1,0,0,1,0.3055555555555556,18.3384242162982,1
26,1,0,0,0,0,0,1,0,0,0,0,1,1,1,1,0,0,0,0,1,0,0,0,0,0,0,0,1,1,1,0,1,1,0,0,1,0.3333333333333333,18.49325781190354,1
27,1,1,1,0,1,1,0,1,1,1,1,0,0,0,0,1,1,0,1,0,0,1,1,1,1,0,1,0,0,0,1,0,0,1,1,0,0.3055555555555556,17.00354041188798,1
28,0,0,0,0,0,0,1,0,0,0,0,1,1,1,1,0,0,1,0,1,0,0,0,0,0,0,0,1,1,1,0,0,1,0,0,1,0.2777777777777778,10.891978408217366,1
29,1,1,1,0,1,1,0,1,1,1,1,0,0,0,0,1,1,0,1,0,1,1,1,1,1,0,1,0,0,0,1,0,0,0,1,0,0.3333333333333333,17.61795616601284,1
30,0,1,1,0,1,1,0,1,1,1,1,0,0,0,0,1,1,0,1,0,0,1,1,1,1,0,1,0,0,0,1,0,0,1,1,0,0.3055555555555556,13.340580227427965,1
31,1,0,0,0,0,0,1,0,0,0,0,1,1,1,1,1,0,0,0,1,0,0,0,0,0,0,0,1,1,1,0,1,1,0,0,1,0.3055555555555556,16.201179343951424,1
32,1,0,0,0,0,0,1,0,0,0,0,1,1,1,1,0,0,0,0,1,0,0,0,0,0,0,0,1,1,1,0,1,1,0,0,1,0.25,18.49325781190354,1
33,1,0,0,1,0,0,1,0,0,0,0,1,1,1,1,1,0,0,0,1,0,0,0,0,0,1,0,1,1,1,0,0,1,0,0,1,0.3055555555555556,18.3384242162982,1
34,1,0,0,0,0,0,1,0,0,0,0,1,1,1,1,1,0,0,0,1,0,0,0,0,0,0,0,1,1,1,0,0,1,0,0,1,0.3055555555555556,10.895831738281789,1
35,1,0,0,1,0,0,1,0,0,0,0,1,1,1,1,1,0,1,0,1,0,0,0,0,0,0,0,1,1,1,0,0,1,0,0,1,0.3333333333333333,17.988573651927513,1
36,0,0,0,1,0,0,1,0,0,0,0,1,1,1,1,1,0,0,0,1,0,0,0,0,0,1,0,1,1,1,0,0,0,0,0,1,0.3055555555555556,16.74473034719826,1
37,0,0,0,0,0,0,1,0,0,0,0,1,1,1,1,0,0,1,0,1,0,0,0,0,0,0,0,1,1,1,0,0,1,1,0,1,0.2777777777777778,17.52445470344498,1
38,0,0,0,0,0,0,1,0,0,0,0,1,1,1,1,0,0,0,0,1,0,0,0,0,0,0,0,1,1,1,0,0,1,0,0,1,0.2777777777777778,11.837304091958153,1
39,0,1,1,0,1,1,0,1,1,1,1,0,0,0,0,0,1,0,1,0,0,1,1,1,1,0,1,0,0,0,1,0,0,0,1,0,0.2222222222222222,9.754371771898873,1
40,1,0,0,1,0,0,1,0,0,0,0,1,1,1,1,1,0,0,0,1,0,0,0,0,0,0,0,1,1,1,0,0,1,0,0,1,0.2777777777777778,13.51050465493281,1
41,0,0,0,0,0,0,1,0,0,0,0,1,1,1,1,1,0,0,0,1,0,0,0,0,0,0,0,1,1,1,0,0,1,0,0,1,0.3055555555555556,11.098509320490766,1
42,0,0,0,0,0,0,1,0,0,0,0,1,1,1,1,1,0,0,0,1,0,0,0,0,0,0,0,1,1,1,0,0,1,0,0,1,0.2777777777777778,11.098509320490766,1
43,1,0,0,0,0,0,1,0,0,0,0,1,1,1,1,0,0,1,0,1,0,0,0,0,0,0,0,1,1,1,0,0,1,0,0,1,0.2777777777777778,11.112515747831544,1
44,0,0,0,0,0,0,1,0,0,0,0,1,1,1,1,0,0,1,0,1,0,0,0,0,0,0,0,1,1,1,0,0,1,0,0,1,0.3333333333333333,10.891978408217366,1
45,0,0,0,0,0,0,1,0,0,0,0,1,1,1,1,0,0,0,0,1,0,0,0,0,0,0,0,1,1,1,0,0,1,0,0,1,0.3055555555555556,11.837304091958153,1
46,1,0,0,0,0,0,1,0,0,0,0,1,1,1,1,0,0,0,0,1,0,0,0,0,0,0,0,1,1,1,0,1,1,0,0,0,0.3055555555555556,12.56281762800338,1
47,1,0,0,0,0,0,1,0,0,0,0,1,1,1,1,0,0,1,0,1,0,0,0,0,0,0,0,1,1,1,0,0,1,0,0,1,0.3333333333333333,11.112515747831544,1
48,1,1,1,0,1,1,0,1,1,1,1,0,0,0,0,1,1,0,1,0,1,1,1,1,1,0,1,0,0,0,1,0,0,0,1,0,0.2777777777777778,17.61795616601284,1
49,1,0,0,0,0,0,1,0,0,0,0,1,1,1,1,0,0,1,0,1,0,0,0,0,0,0,0,1,1,1,0,0,1,0,0,1,0.2777777777777778,11.112515747831544,1
50,1,0,0,0,0,0,1,0,0,0,0,1,1,1,1,1,0,0,0,1,0,0,0,1,0,1,0,1,1,1,0,0,1,0,0,1,0.3333333333333333,22.39407381809622,1
51,1,0,0,0,0,0,1,0,0,0,0,1,1,1,1,1,0,0,0,1,0,0,0,0,0,0,0,1,1,1,0,1,1,0,0,1,0.3055555555555556,16.201179343951424,1
52,0,0,0,0,0,0,1,0,0,0,0,1,1,1,1,1,0,1,0,1,0,0,0,0,0,0,0,1,1,1,0,0,0,0,0,1,0.25,12.078430923932835,1
53,0,0,0,0,0,0,1,0,0,0,0,1,1,1,1,0,0,0,0,1,0,0,0,0,0,0,0,1,1,1,0,0,0,0,0,1,0.3333333333333333,9.511296957800823,1
54,0,0,0,0,0,0,1,0,0,0,0,1,1,1,1,1,0,0,0,1,0,0,0,0,0,0,0,1,1,1,0,0,1,0,0,1,0.3333333333333333,11.098509320490766,1
55,0,0,0,1,0,0,1,0,0,0,0,1,1,1,1,1,0,0,0,1,0,0,0,0,0,0,0,1,1,1,0,1,1,0,0,1,0.2777777777777778,17.009359816602963,1
56,0,1,1,0,1,1,0,0,1,1,1,0,0,0,0,0,1,0,1,0,1,1,1,1,1,0,1,0,0,0,1,0,0,0,1,0,0.1388888888888889,5.684504216984989,1
57,0,0,0,0,0,0,1,0,0,0,0,1,1,1,1,1,0,0,0,1,0,0,0,0,0,0,0,1,1,1,0,0,1,0,0,0,0.2222222222222222,8.694489677179357,1
58,0,0,0,0,0,0,1,0,0,0,0,0,1,1,1,1,0,0,0,1,0,0,0,0,0,0,0,1,1,1,0,0,1,0,0,1,0.2222222222222222,11.51424003600393,1
59,1,1,1,0,1,1,0,1,1,1,1,0,0,0,0,1,1,0,1,0,1,1,1,0,1,0,1,0,0,0,1,0,1,1,1,0,0.3055555555555556,21.74498334808482,1
60,0,0,0,0,0,0,1,0,0,0,0,1,1,1,1,1,0,1,0,1,1,0,0,0,0,0,0,1,1,1,0,0,1,0,0,1,0.2777777777777778,13.76217538806192,1
61,1,0,0,1,0,0,1,0,0,0,0,1,1,1,1,1,0,0,0,1,0,0,0,0,0,1,0,1,1,1,0,0,0,0,0,1,0.3611111111111111,17.02783632134153,1
62,0,0,0,0,0,0,1,0,0,0,0,1,1,1,1,0,0,1,0,1,0,0,0,0,0,0,0,1,1,1,0,0,1,0,0,0,0.2777777777777778,8.573548575097966,1
63,1,0,0,1,0,0,1,0,0,0,0,1,1,1,1,0,0,1,0,1,0,0,0,0,0,0,0,1,1,1,0,0,1,0,0,1,0.25,13.690261398921908,1
64,0,0,0,1,0,0,1,0,0,0,0,1,1,1,1,0,0,0,0,1,0,0,0,0,0,0,0,1,1,1,0,0,0,0,0,1,0.3055555555555556,10.112391238413,1
65,1,0,0,0,0,0,1,0,0,0,0,1,1,1,1,0,0,1,0,1,0,0,0,0,0,0,0,1,1,1,0,0,1,0,1,1,0.3055555555555556,12.690701144423763,1
66,0,0,0,0,0,0,1,0,0,0,0,1,1,1,1,1,0,0,0,1,0,0,0,0,0,0,0,1,1,1,0,0,1,0,0,1,0.3333333333333333,11.098509320490766,1
67,1,0,0,0,0,0,1,0,0,0,0,1,1,1,1,1,0,0,0,1,0,0,0,0,0,0,0,1,1,1,0,0,1,0,0,1,0.3055555555555556,10.895831738281789,1
68,1,0,0,0,0,0,1,0,0,0,0,1,1,1,1,0,0,1,0,1,0,0,0,0,0,0,0,1,1,1,0,0,1,0,0,1,0.3055555555555556,11.112515747831544,1
69,1,0,0,0,0,0,1,0,0,0,0,1,1,1,1,0,0,1,1,1,0,0,0,0,0,0,0,1,1,1,0,0,1,0,0,1,0.2222222222222222,12.55022907342725,1
70,0,0,0,0,0,0,1,0,0,0,0,1,1,1,1,1,0,0,0,1,0,0,0,1,0,0,0,1,1,1,0,0,1,0,0,1,0.2222222222222222,14.705847198112515,1
71,0,0,0,0,0,0,1,0,0,0,0,1,1,1,1,1,0,1,0,0,0,0,0,0,0,0,0,1,1,1,0,0,1,0,0,1,0.25,12.27902604834766,1
72,1,0,0,0,0,0,1,0,0,0,0,1,1,1,1,0,0,1,0,1,0,0,0,1,0,0,0,1,1,1,0,0,1,0,0,1,0.2777777777777778,12.630313536217837,1
73,1,0,0,0,0,0,1,0,0,0,0,1,1,1,1,0,0,0,0,1,0,0,0,0,0,0,0,1,1,1,0,0,1,0,0,1,0.3888888888888889,10.634575951771275,1
74,1,0,0,0,0,0,1,0,0,0,0,1,1,1,1,0,0,1,0,1,0,0,0,0,0,1,0,1,1,1,0,0,1,0,1,1,0.2777777777777778,21.164287929149772,1
75,0,0,0,1,0,0,1,0,0,0,0,1,1,1,1,1,0,0,0,0,0,0,0,1,0,1,0,1,1,1,0,0,0,0,0,1,0.25,16.185839502772524,1
76,1,1,1,0,1,1,0,1,1,1,1,0,0,0,0,1,1,0,1,0,1,1,1,1,1,0,1,0,0,0,1,0,0,0,1,0,0.2777777777777778,17.61795616601284,1
77,1,0,0,0,0,0,1,0,0,0,0,1,1,1,1,0,0,1,0,1,0,0,0,0,0,0,0,1,1,1,0,0,1,0,0,1,0.3055555555555556,11.112515747831544,1
78,0,0,0,0,0,0,1,0,0,0,0,1,1,1,1,1,0,0,0,1,1,0,0,1,0,0,0,1,1,1,0,0,1,0,0,0,0.2777777777777778,12.829740010526105,1
79,0,0,0,1,0,0,1,0,0,0,0,1,1,1,1,0,0,0,0,1,0,0,0,0,0,1,0,1,1,1,0,0,1,0,0,1,0.2777777777777778,19.410252998718683,1
80,1,0,0,1,0,0,1,0,1,0,0,1,1,1,1,1,0,1,0,1,0,0,0,0,0,1,0,1,1,1,0,0,1,0,0,1,0.2777777777777778,21.74012697024203,1
81,0,0,0,1,0,0,1,0,0,0,0,1,1,1,1,0,0,1,0,1,0,0,0,0,0,0,0,1,1,1,0,1,0,0,0,1,0.25,15.206804984501579,1
82,0,0,0,0,0,0,1,0,0,0,0,1,1,1,1,0,0,1,0,1,1,0,0,0,0,0,0,1,1,1,0,0,1,0,0,1,0.25,13.51643333623688,1
83,0,1,1,1,1,1,0,1,1,1,1,0,0,0,0,1,1,0,1,0,0,1,1,0,1,0,1,0,0,0,1,0,0,1,1,1,0.3055555555555556,23.850802729842982,1
84,1,1,1,0,1,1,0,1,1,1,1,0,0,0,0,1,1,0,1,0,0,1,1,1,1,0,1,0,0,0,1,0,0,1,1,0,0.2777777777777778,17.00354041188798,1
85,1,0,0,1,0,0,1,0,0,0,0,1,1,1,1,0,0,0,0,1,0,0,0,0,0,0,0,1,1,1,0,0,1,1,0,1,0.3055555555555556,16.79642400528377,1
86,1,0,0,0,0,0,1,0,0,0,0,1,0,1,1,1,0,0,0,1,0,0,0,0,0,0,0,1,1,1,0,0,1,0,0,1,0.25,10.411665213368714,1
87,1,0,0,0,0,0,1,0,0,0,0,0,1,1,0,1,0,1,0,1,0,0,0,0,0,0,0,0,1,1,0,0,1,0,0,1,0.19444444444444445,10.48065584286751,1
88,1,0,1,0,1,1,0,1,1,1,1,0,0,0,0,0,1,0,1,0,1,1,1,1,1,0,0,0,0,0,1,0,0,0,1,1,0.19444444444444445,8.646767969665543,1
89,1,0,0,0,0,0,1,0,0,0,0,1,1,1,1,1,1,1,0,1,0,0,0,0,0,0,0,1,1,1,0,0,0,0,0,1,0.3333333333333333,16.550661792564945,1
90,1,0,0,0,0,0,1,0,0,0,0,1,1,1,1,0,0,1,0,0,1,0,0,1,0,0,0,1,1,0,0,0,1,0,0,0,0.2222222222222222,7.326710222965423,1
91,1,0,0,0,0,0,1,0,0,0,0,1,1,1,1,1,0,0,0,1,0,0,0,0,0,0,0,1,1,1,0,0,1,0,0,1,0.3333333333333333,10.895831738281789,1
92,1,0,0,0,0,0,1,0,0,0,0,1,1,1,1,0,0,0,0,1,0,0,0,0,0,0,0,1,0,1,0,1,0,0,0,1,0.3055555555555556,11.615883757522747,1
93,0,1,1,0,1,1,0,1,1,1,1,0,0,0,1,0,1,0,1,0,0,1,1,1,1,0,1,0,0,0,1,0,0,1,1,0,0.25,11.372702466977325,1
94,0,0,0,1,0,0,1,0,0,0,0,1,1,1,1,0,1,1,0,1,0,0,0,1,0,0,0,1,1,1,0,0,0,1,0,1,0.19444444444444445,15.849795868440868,1
95,1,0,0,0,0,0,1,0,0,0,0,1,1,1,1,0,0,0,0,1,0,0,0,0,0,0,0,1,1,1,0,0,1,0,0,1,0.4166666666666667,10.634575951771275,1
96,0,0,0,1,0,0,1,0,0,0,0,1,1,1,1,1,0,0,0,1,0,0,0,0,0,0,0,1,1,1,0,0,0,0,0,1,0.2222222222222222,12.652082271462195,1
97,0,0,0,0,0,0,1,0,0,0,0,1,1,1,1,1,0,1,0,1,0,0,0,1,0,0,0,1,0,1,0,0,0,0,0,1,0.25,10.364469160805282,1
98,0,0,0,1,0,0,1,0,0,0,0,0,1,1,1,0,0,0,0,1,0,0,0,0,0,0,0,1,1,1,0,0,1,0,0,1,0.25,11.982395391914718,1
99,0,1,1,0,1,1,0,1,1,1,0,0,0,0,0,1,1,0,1,0,1,1,1,1,1,0,1,0,0,0,1,1,0,1,0,0,0.3055555555555556,18.071588616848075,1
