,0,1,2,3,4,5,6,7,8,9,10,11,12,13,14,15,16,17,18,19,20,21,22,23,24,25,26,27,28,29,30,31,32,33,34,35,36,37,38,39,40,41,42,43,44,45,46,47,48,49,50,51,52,53,chain_break_fraction,energy,num_occurrences
0,0,0,1,1,1,1,1,1,1,0,0,0,0,1,1,0,1,0,1,0,0,1,1,0,0,0,0,0,1,1,1,0,1,0,0,1,0,1,0,0,0,0,1,1,0,0,0,1,1,1,0,0,0,1,0.25925925925925924,354.68882841485663,1
1,0,0,1,1,1,1,1,1,1,1,0,0,0,0,1,0,0,0,0,0,0,1,1,0,1,0,0,0,0,1,1,0,0,0,0,1,0,0,0,0,0,0,1,1,0,0,0,1,1,0,0,0,0,1,0.2962962962962963,321.2162014020536,1
2,0,0,1,1,1,1,1,1,1,0,0,0,0,0,1,0,0,0,0,0,0,1,1,0,0,0,0,0,1,1,1,0,1,0,0,1,0,0,0,0,0,0,1,0,0,0,0,1,0,1,0,0,0,1,0.25925925925925924,319.1739934706082,1
3,0,0,1,1,1,0,1,0,1,0,0,0,0,0,1,0,0,0,1,0,0,1,1,0,1,0,0,0,1,1,0,0,0,1,0,1,0,0,0,0,0,0,1,1,0,0,0,1,1,1,0,0,0,1,0.3148148148148148,289.6205419903393,1
4,0,0,1,1,1,0,1,1,1,1,0,0,0,0,1,0,0,0,0,0,1,1,1,0,0,1,0,0,1,1,1,0,0,0,0,1,0,0,0,0,0,0,1,1,0,0,0,1,1,1,0,0,1,1,0.2962962962962963,324.37075416647787,1
5,0,0,1,1,1,1,1,1,1,1,0,0,0,0,1,0,0,0,0,0,0,1,1,0,0,1,0,0,1,1,1,0,1,0,0,1,0,0,0,0,0,0,1,1,0,0,0,1,1,0,0,0,0,1,0.2962962962962963,331.3348715571837,1
6,0,0,1,1,1,1,1,1,1,0,0,0,0,1,0,0,1,0,0,0,0,1,1,0,1,0,0,0,1,1,1,0,1,0,0,1,0,1,0,0,0,0,1,1,0,0,0,1,1,1,0,0,0,1,0.2777777777777778,351.2378365305211,1
7,0,0,1,1,1,1,1,1,1,0,0,0,0,1,1,0,0,0,0,0,0,1,1,0,1,0,0,1,0,1,1,0,1,1,0,1,0,1,0,0,0,0,1,1,0,0,0,1,1,0,0,0,0,1,0.24074074074074073,335.4117972357173,1
8,0,0,1,1,1,1,1,1,1,0,0,0,0,0,1,0,1,0,1,0,0,1,1,0,0,0,0,0,1,1,1,0,1,0,0,1,0,1,0,0,0,0,1,1,0,0,0,1,1,0,0,0,0,1,0.24074074074074073,328.2436374852174,1
9,0,0,1,1,1,1,1,1,1,0,0,0,0,0,1,0,0,0,1,0,0,1,1,0,0,1,0,0,1,1,0,0,1,0,0,1,0,0,0,0,0,0,1,1,0,0,0,1,1,1,0,0,0,1,0.3148148148148148,337.09717256984237,1
10,0,0,1,1,1,1,1,1,1,0,0,0,0,0,1,0,0,0,0,0,0,1,1,1,0,1,0,0,1,1,0,0,1,0,0,1,0,0,0,0,0,0,1,1,1,0,0,1,1,1,0,0,0,1,0.2777777777777778,408.12198593602795,1
11,0,0,1,1,1,1,1,0,1,0,0,0,0,0,1,0,0,0,1,0,0,1,1,0,0,0,0,0,1,1,0,0,0,0,0,1,0,0,0,1,0,0,1,1,0,0,0,1,1,1,0,0,0,1,0.2962962962962963,295.1801267774585,1
12,1,1,0,0,0,0,0,0,0,0,1,1,1,0,0,1,0,1,1,0,1,0,0,1,0,0,0,1,0,0,1,1,0,0,1,0,0,0,1,1,1,0,0,0,0,0,1,0,0,0,1,1,0,0,0.16666666666666666,236.64882064562366,1
13,0,0,1,1,1,1,1,1,1,0,0,0,0,1,1,0,0,0,0,0,0,1,1,0,0,0,0,1,1,1,0,0,1,0,0,1,0,0,0,0,0,0,1,1,0,0,0,1,1,0,0,0,0,1,0.35185185185185186,333.93802875473204,1
14,1,0,0,0,0,0,0,0,0,1,1,1,1,0,0,1,0,1,1,0,1,0,0,0,0,0,1,0,0,0,0,1,0,0,1,0,0,0,1,1,1,0,0,0,0,1,1,0,0,0,1,1,1,0,0.24074074074074073,251.55090449267095,1
15,0,0,1,1,1,1,1,1,1,0,0,0,0,0,1,0,0,0,0,0,0,1,1,0,0,0,0,0,1,1,1,0,1,1,0,1,0,0,0,0,0,0,1,1,0,0,0,1,1,1,0,0,0,1,0.3333333333333333,371.0109605776218,1
16,0,0,1,1,1,0,1,1,1,0,0,0,0,1,1,0,1,0,1,0,0,1,1,0,1,0,0,0,1,1,1,0,0,0,0,1,0,0,0,1,0,0,1,1,0,0,0,1,1,1,0,0,0,1,0.2777777777777778,301.26758024833384,1
17,0,0,1,1,1,0,1,1,1,0,0,0,0,1,1,0,0,0,0,0,0,1,1,0,0,0,0,0,1,1,1,0,0,1,0,1,0,0,0,0,0,0,1,1,0,0,0,1,1,0,0,0,0,1,0.2222222222222222,280.54616604141927,1
18,1,1,0,0,0,0,0,0,0,1,1,1,1,0,0,1,0,1,1,1,1,0,0,1,0,1,1,0,0,0,0,1,0,1,1,0,1,1,1,1,1,1,0,1,0,0,1,1,0,1,1,1,1,0,0.2222222222222222,461.9441590619742,1
19,0,0,1,1,1,1,1,1,1,0,0,0,0,0,1,1,0,0,1,0,0,1,1,0,1,0,0,0,1,1,1,0,1,1,0,1,0,0,0,0,0,0,1,1,0,0,0,1,1,0,0,0,0,1,0.2777777777777778,331.1740098845112,1
20,0,1,0,0,0,0,0,0,0,1,1,1,1,0,0,1,0,1,0,0,1,0,0,1,0,0,1,0,0,0,0,1,0,1,1,0,0,1,1,1,1,0,0,0,0,0,1,1,0,0,0,1,1,0,0.12962962962962962,313.34192146293026,1
21,0,0,1,1,1,1,1,1,1,0,0,0,0,0,1,0,1,0,0,0,1,0,0,0,1,0,0,0,1,1,1,0,0,0,0,1,0,0,0,0,0,0,1,1,0,0,0,1,1,1,0,0,0,1,0.24074074074074073,336.3107901935888,1
22,0,0,1,1,1,1,0,0,1,0,0,0,0,1,1,0,0,0,0,0,0,1,1,0,1,0,0,0,1,1,1,0,0,0,0,1,0,0,0,0,0,0,1,1,0,0,0,1,1,0,0,0,0,1,0.2777777777777778,296.3678785302112,1
23,1,1,0,0,0,0,0,0,0,0,1,1,1,0,0,1,0,1,0,0,1,0,0,1,0,0,1,0,0,0,1,1,0,0,1,0,0,0,1,1,1,1,0,0,0,0,1,0,0,0,0,1,0,0,0.18518518518518517,336.1849099463389,1
24,0,0,1,0,1,1,1,1,1,0,0,0,0,1,1,0,0,0,0,0,0,1,1,0,0,0,0,1,1,1,1,0,1,0,0,1,0,0,0,0,0,0,1,1,0,0,0,1,1,0,0,0,0,1,0.3333333333333333,340.3267741860606,1
25,0,1,0,0,0,0,0,0,0,0,1,1,1,0,0,1,0,1,1,0,1,0,0,1,0,0,1,1,0,0,1,1,0,0,1,0,1,0,0,1,1,1,0,0,0,1,1,0,0,0,1,1,1,0,0.16666666666666666,313.7702814715336,1
26,0,0,1,1,1,1,1,1,1,0,0,0,0,1,1,0,0,0,0,0,0,1,0,0,1,1,0,0,1,1,0,0,1,0,0,1,0,0,0,0,0,0,1,1,1,0,0,1,1,1,0,0,0,1,0.3148148148148148,389.36299831199693,1
27,0,1,0,0,0,0,0,0,0,0,1,1,1,0,0,1,0,1,1,0,1,0,0,0,0,0,1,0,0,0,0,1,0,1,1,0,1,1,0,1,1,1,0,0,0,0,1,0,0,0,0,1,0,0,0.12962962962962962,255.13809980402903,1
28,0,0,0,0,0,0,1,0,0,1,1,1,0,0,0,1,1,1,1,0,1,0,0,1,0,1,1,0,0,0,0,1,0,0,1,0,1,0,1,1,1,1,0,0,0,1,1,1,0,0,1,1,1,0,0.16666666666666666,410.7486403237677,1
29,1,1,1,1,1,1,0,1,1,0,0,0,0,0,1,0,0,0,0,0,0,0,1,0,0,1,0,0,1,1,0,0,1,1,0,1,0,0,0,0,0,0,1,1,1,0,0,1,1,1,0,0,0,1,0.2037037037037037,405.08600412194073,1
30,1,0,0,0,0,0,0,0,0,0,1,1,1,0,0,1,0,1,0,0,1,0,0,1,0,0,1,0,0,0,1,1,0,0,1,0,0,1,0,0,1,1,0,0,0,0,1,0,0,0,0,1,1,0,0.16666666666666666,306.73795058902294,1
31,0,1,1,1,1,1,1,1,1,0,0,0,0,0,1,0,0,0,0,0,0,1,0,0,0,1,0,0,1,1,0,0,1,0,0,1,1,0,0,0,0,0,1,1,0,0,0,1,1,1,0,0,0,1,0.24074074074074073,333.2269003695765,1
32,0,1,1,1,1,1,1,0,1,1,0,0,0,0,1,0,0,0,1,0,0,1,1,0,1,0,0,0,1,1,0,0,1,0,0,1,0,1,0,0,0,0,1,1,0,0,0,1,1,1,0,0,0,1,0.2777777777777778,342.2112452174643,1
33,0,0,0,0,0,0,1,0,0,0,1,1,0,0,0,1,1,1,0,0,0,0,0,0,1,0,0,0,0,0,1,1,0,0,1,0,1,0,0,1,0,0,0,0,0,1,1,0,0,0,0,1,1,0,0.12962962962962962,122.95472929823997,1
34,0,1,0,0,0,0,0,0,0,1,1,1,1,0,0,1,0,1,0,0,1,0,0,1,0,1,0,0,0,0,0,1,0,1,1,0,0,1,1,1,1,0,0,0,0,1,1,1,0,1,1,1,0,0,0.18518518518518517,314.7279907100737,1
35,1,1,0,0,0,0,0,0,0,0,1,1,1,0,0,0,1,1,0,0,0,0,0,0,1,0,0,0,0,1,1,1,0,1,1,0,0,0,0,0,1,0,0,0,0,1,1,1,0,1,0,0,0,0,0.1111111111111111,225.4489281065943,1
36,0,0,1,1,1,1,1,1,1,0,0,0,0,0,1,1,0,0,0,0,0,1,1,0,0,0,0,1,1,1,1,0,0,0,0,1,0,0,0,0,0,0,1,1,0,0,0,1,1,1,0,0,0,1,0.18518518518518517,303.89696954112395,1
37,1,1,0,0,0,0,0,0,0,0,1,1,1,0,0,1,0,1,1,0,1,0,0,1,0,0,1,0,0,0,0,1,0,1,1,0,0,1,1,1,1,0,0,0,0,0,1,1,0,1,1,1,1,0,0.2222222222222222,336.91357963728564,1
38,1,0,0,1,0,0,0,0,0,0,1,1,0,0,0,1,0,1,1,0,1,0,0,0,0,0,1,0,0,0,0,1,0,0,1,0,1,1,1,0,1,0,0,0,0,0,1,0,1,0,0,1,0,0,0.14814814814814814,244.85098403001896,1
39,1,0,1,1,1,1,1,1,1,0,0,0,0,1,1,0,0,0,0,0,0,1,1,0,0,0,0,0,1,1,1,0,1,0,0,1,0,1,0,0,0,0,1,0,1,0,0,1,1,0,0,0,0,1,0.2777777777777778,366.65464754560844,1
40,0,0,1,1,1,1,1,1,1,0,0,0,0,0,1,1,0,0,0,0,0,1,1,0,0,1,0,1,1,1,0,0,1,0,0,1,0,0,0,0,0,0,1,1,0,0,0,1,1,1,0,0,0,1,0.3148148148148148,345.4467558207527,1
41,0,1,1,1,1,0,1,1,1,0,0,0,0,1,1,0,0,0,0,0,0,1,1,0,1,0,0,0,1,1,1,0,1,0,0,1,0,1,0,0,0,0,1,1,0,0,0,1,1,1,0,0,0,1,0.24074074074074073,360.00656368918334,1
42,1,1,0,0,0,0,0,0,0,0,1,1,1,0,0,1,1,1,1,1,1,0,0,1,0,0,1,0,0,0,1,1,0,1,1,0,1,1,1,1,1,1,0,0,0,1,1,1,0,0,1,1,1,0,0.25925925925925924,438.24270955529533,1
43,1,1,0,0,0,0,0,0,0,0,1,1,1,1,0,1,0,1,0,0,1,0,0,0,0,0,1,0,0,0,0,1,0,1,1,0,0,1,1,1,1,0,0,1,0,0,1,0,0,0,1,1,1,0,0.16666666666666666,256.6895541042477,1
44,1,0,1,1,1,1,1,1,1,0,0,0,0,0,1,0,0,0,1,0,0,1,1,0,1,0,0,0,1,1,1,0,1,1,0,1,0,0,0,1,0,0,1,1,0,0,0,1,1,0,0,0,0,1,0.25925925925925924,341.1175660897698,1
45,0,0,1,1,1,1,1,1,1,0,0,0,0,0,1,0,0,0,0,1,0,1,1,0,0,0,0,0,1,1,0,0,1,0,0,1,0,0,0,0,0,0,1,1,1,0,0,1,1,0,0,0,1,1,0.2777777777777778,398.788603497659,1
46,1,1,0,0,0,0,0,0,0,1,1,1,0,0,0,1,0,1,0,0,1,0,0,1,0,1,1,0,0,0,0,1,0,1,1,0,1,1,0,1,1,1,0,0,0,0,1,1,0,0,1,1,1,0,0.18518518518518517,364.37469742670675,1
47,0,0,1,1,1,1,1,1,1,0,0,0,0,1,1,0,1,0,0,0,0,1,1,0,0,0,0,0,0,1,1,0,1,0,0,1,0,0,0,0,0,0,1,1,0,0,0,1,1,1,0,0,1,1,0.3333333333333333,349.0213748406514,1
48,0,0,1,1,1,1,1,1,1,1,0,0,0,1,1,0,0,0,1,0,0,1,0,0,0,0,0,0,1,1,0,0,1,0,0,1,0,0,0,1,0,0,1,1,0,0,0,1,1,0,0,0,0,1,0.25925925925925924,324.71205186187325,1
49,0,1,1,1,1,1,1,1,1,0,0,0,0,0,1,0,0,0,0,0,0,1,1,0,0,0,0,0,1,1,0,0,1,0,0,1,0,0,1,0,0,0,1,1,1,0,0,1,1,0,0,0,0,1,0.24074074074074073,431.25878425139047,1
50,0,0,0,0,0,0,0,0,0,0,1,1,1,0,0,1,1,1,1,0,1,0,0,0,0,0,1,0,0,0,1,1,0,0,1,0,1,0,0,0,1,1,0,0,0,1,1,0,0,0,1,1,1,0,0.14814814814814814,277.459562605276,1
51,0,1,0,0,0,0,0,1,0,0,1,1,0,0,0,1,0,1,0,0,0,0,0,1,0,1,1,0,0,0,0,1,0,0,1,0,1,1,1,1,1,1,0,0,0,0,1,1,0,0,1,1,1,0,0.2222222222222222,393.75125056334326,1
52,0,1,0,0,0,0,0,0,0,0,1,1,1,0,0,1,0,1,1,1,1,0,0,0,0,0,1,1,0,0,1,1,0,0,1,0,1,1,0,1,1,1,0,0,0,1,1,1,0,0,0,1,1,0,0.2037037037037037,328.44745995155563,1
53,1,0,0,0,0,0,0,0,0,0,1,1,1,1,0,1,0,1,1,0,1,0,0,0,0,0,1,1,1,0,0,1,0,0,1,0,1,1,0,1,1,1,0,0,0,1,1,0,0,0,0,1,0,0,0.25925925925925924,263.6111855089995,1
54,0,1,0,0,0,0,1,0,0,1,1,1,1,0,0,1,0,1,0,0,1,0,0,0,0,0,1,0,0,0,0,1,0,1,1,0,1,1,1,1,1,1,0,0,0,0,1,1,0,0,0,1,1,0,0.18518518518518517,347.54105395194847,1
55,0,0,1,1,1,1,1,1,1,0,0,0,0,0,1,0,1,0,1,0,0,1,1,0,0,0,0,0,1,1,1,0,0,0,0,1,0,0,0,1,0,0,1,1,0,0,0,1,1,0,0,0,0,1,0.2962962962962963,317.35099599755165,1
56,0,0,1,0,0,0,1,0,0,0,1,1,1,0,0,1,1,1,0,0,1,0,0,1,0,0,1,1,0,0,0,1,0,1,1,0,0,0,0,1,1,0,0,0,0,1,1,0,0,0,1,1,1,0,0.16666666666666666,453.57435215484236,1
57,1,0,1,1,1,1,1,1,1,0,0,0,0,0,1,0,0,0,1,0,0,1,0,0,0,1,0,0,1,1,0,0,1,0,0,1,0,1,0,1,0,0,1,1,0,0,0,1,1,1,0,0,0,1,0.24074074074074073,358.41965075949804,1
58,0,0,0,0,0,0,0,0,0,1,1,1,1,0,0,1,1,1,1,0,1,0,0,1,0,0,1,0,0,0,1,1,0,0,1,0,1,1,0,1,1,1,0,0,0,1,1,1,0,1,0,1,0,0,0.18518518518518517,347.33866361887686,1
59,1,0,0,0,0,0,0,0,0,0,1,1,1,0,0,1,0,1,0,0,1,0,0,0,0,0,1,1,0,0,1,1,0,0,1,0,1,0,0,0,1,0,0,0,0,1,1,0,1,0,1,1,0,0,0.2037037037037037,213.79697270489868,1
60,0,0,0,0,0,0,1,0,0,1,1,1,1,0,0,1,0,1,0,0,1,1,0,1,0,0,1,0,0,0,1,1,0,1,1,0,1,1,0,1,1,1,0,0,0,1,1,1,0,0,0,1,0,0,0.1111111111111111,327.1825780333418,1
61,0,0,0,0,0,0,0,0,0,0,1,1,0,0,0,1,0,1,0,0,1,0,0,1,0,0,1,0,0,0,0,1,0,1,1,0,0,1,0,1,1,0,0,1,0,0,1,1,0,0,1,1,1,0,0.14814814814814814,306.5487951020371,1
62,0,0,1,1,1,1,1,1,1,0,0,0,0,1,1,0,0,0,1,0,0,1,1,0,1,0,0,1,1,1,1,0,1,0,0,1,0,0,0,0,0,0,1,1,0,0,0,1,1,1,0,0,0,1,0.2777777777777778,358.6160798226173,1
63,0,1,0,0,0,0,1,0,0,1,1,1,1,0,0,1,0,1,1,0,1,0,0,1,0,1,1,0,0,0,0,1,0,0,1,0,1,1,1,0,1,1,0,0,0,0,1,1,0,0,1,1,1,0,0.2037037037037037,385.6446542545178,1
64,0,1,0,0,0,0,0,0,0,1,1,1,1,0,0,1,0,1,0,1,1,0,0,0,0,0,0,1,0,0,1,1,0,1,1,0,0,0,0,1,1,0,0,0,0,0,1,0,0,0,0,1,0,0,0.18518518518518517,236.51990616155402,1
65,0,0,1,1,1,1,1,0,1,1,0,0,0,1,1,0,0,0,0,1,0,1,1,0,1,1,0,0,1,1,1,0,0,0,0,1,0,0,0,0,0,0,1,1,0,0,0,1,0,1,0,0,0,1,0.24074074074074073,385.5858724163572,1
66,0,1,0,0,0,0,0,0,0,0,1,1,0,0,0,1,1,1,1,0,1,0,0,1,0,1,1,0,0,0,1,1,0,0,1,0,1,0,1,1,1,1,0,0,0,1,1,0,0,0,1,1,1,0,0.2222222222222222,364.4692252848547,1
67,0,1,0,0,0,0,0,0,0,1,1,1,0,1,0,0,0,1,0,0,1,0,0,1,0,1,1,1,0,0,0,1,0,1,1,0,1,1,1,0,0,0,0,0,0,1,1,1,0,0,1,1,0,0,0.16666666666666666,334.6157089817456,1
68,0,1,0,0,0,0,1,0,0,0,1,1,0,0,0,1,0,1,1,0,1,0,0,0,0,0,1,0,0,0,0,1,1,0,1,0,0,0,1,0,1,0,0,0,0,0,1,0,0,0,1,1,1,0,0.16666666666666666,268.6831586587747,1
69,0,0,1,1,1,1,1,1,1,0,0,0,0,0,1,0,1,0,0,0,0,0,1,0,0,0,0,1,1,1,0,0,1,0,0,1,0,0,0,0,0,0,1,1,0,0,0,1,1,0,0,0,0,1,0.2777777777777778,320.96189724054983,1
70,0,0,0,1,0,0,0,0,0,0,1,1,1,1,0,1,0,1,1,1,1,0,0,0,0,0,0,0,0,0,0,1,0,0,1,0,1,0,0,1,1,0,0,0,1,0,1,0,1,0,1,1,0,0,0.12962962962962962,215.27207385751387,1
71,0,0,0,0,0,0,0,0,0,1,1,1,0,0,0,1,0,1,1,1,1,0,0,0,0,0,1,0,0,0,0,1,0,0,1,0,1,0,0,1,1,1,0,0,0,1,1,0,0,0,1,1,1,0,0.2037037037037037,287.749909947307,1
72,0,1,0,0,0,0,0,0,0,0,1,1,0,0,0,1,1,1,1,1,1,0,0,0,0,1,0,0,0,0,1,1,0,0,1,0,0,1,0,1,1,1,0,0,0,1,1,1,0,0,1,1,0,0,0.16666666666666666,318.94714955533016,1
73,0,1,0,0,0,0,0,0,0,0,1,1,0,0,0,1,0,1,1,1,1,0,0,0,0,0,0,0,0,0,0,1,0,0,1,0,1,1,0,1,1,1,0,0,0,0,1,1,0,0,0,1,0,0,0.18518518518518517,242.80265856002404,1
74,1,0,0,0,0,0,1,0,0,0,1,1,1,0,0,1,0,1,0,0,1,0,0,1,0,1,1,0,0,0,1,1,0,1,1,0,0,0,0,1,1,1,0,0,0,0,1,0,0,0,1,1,1,0,0.16666666666666666,342.39104624811193,1
75,1,1,0,0,0,0,0,1,0,0,1,1,1,0,0,1,0,1,1,1,1,0,0,0,0,0,1,0,0,0,0,1,0,0,1,0,0,1,1,1,1,1,0,0,0,0,1,0,0,0,1,1,1,0,0.2222222222222222,306.2866361663769,1
76,0,0,0,0,0,0,1,0,0,0,1,1,1,0,0,0,0,1,0,0,1,0,0,0,1,1,0,1,0,0,1,1,0,1,1,0,1,0,0,1,1,0,0,0,0,1,1,0,0,0,0,0,0,0,0.16666666666666666,185.67143691453893,1
77,0,1,0,0,0,0,0,0,0,1,1,1,1,0,0,1,1,1,1,0,1,0,0,1,0,0,1,0,0,0,1,1,0,0,1,0,0,0,1,0,1,1,0,0,0,0,1,1,0,1,1,1,1,0,0.2777777777777778,389.5320280600533,1
78,1,0,0,0,0,0,0,0,0,1,1,1,1,0,0,0,0,1,0,0,0,0,0,0,0,0,1,0,0,0,0,1,0,0,1,0,1,1,0,0,1,1,0,0,0,1,1,1,0,1,0,1,0,0,0.2037037037037037,284.2943745864767,1
79,1,0,1,1,1,1,0,0,1,0,0,0,0,1,1,0,0,0,1,0,1,1,1,0,0,1,0,0,1,1,0,0,1,0,0,1,0,0,0,0,0,0,1,1,0,1,0,1,1,0,0,0,0,1,0.2037037037037037,403.5176160426757,1
80,0,0,1,1,1,1,1,1,1,0,0,0,0,1,1,0,0,0,0,0,0,0,1,0,0,0,0,0,1,1,1,0,1,0,0,1,0,1,0,0,0,0,1,1,1,1,0,1,1,0,0,0,0,1,0.2962962962962963,451.3052894734057,1
81,0,1,0,1,0,0,0,0,0,0,1,1,0,0,1,1,0,1,0,0,0,0,0,1,0,1,0,0,0,0,1,1,0,1,1,0,0,1,1,1,1,1,0,0,0,0,1,1,0,1,1,1,0,0,0.12962962962962962,433.66794395182563,1
82,1,0,0,0,0,0,0,0,0,0,1,1,1,0,0,1,0,1,0,0,1,0,0,1,0,1,1,0,0,0,0,1,0,1,1,0,0,0,1,1,1,1,1,0,0,1,1,0,0,0,1,1,0,0,0.2037037037037037,324.55232313600726,1
83,0,1,0,0,0,0,0,0,0,1,1,1,0,0,0,1,0,1,1,1,1,0,0,0,0,1,0,1,0,0,0,1,0,0,1,0,0,1,1,1,1,1,1,0,0,1,1,0,0,0,1,1,1,0,0.2222222222222222,360.01541316896595,1
84,0,0,0,0,0,0,0,0,0,0,1,1,1,0,0,1,0,1,1,0,1,0,0,1,0,1,1,0,0,0,0,1,0,0,1,0,0,1,1,0,1,1,0,0,0,0,1,1,0,0,1,1,1,0,0.25925925925925924,391.42877279797295,1
85,1,1,0,0,0,0,0,0,0,1,1,1,0,0,0,1,0,1,1,0,1,0,0,1,1,0,1,0,0,0,0,1,0,0,1,0,1,1,0,1,1,0,0,0,0,0,1,1,0,0,1,1,1,0,0.24074074074074073,340.2136370927586,1
86,0,0,1,1,1,1,1,1,1,0,0,0,0,0,1,0,0,0,0,0,1,1,1,0,1,0,0,0,1,1,1,0,1,1,0,1,0,0,0,0,0,0,1,1,1,0,0,1,1,1,0,0,1,1,0.3148148148148148,468.44305037511543,1
87,0,1,0,0,0,0,1,0,0,1,1,1,1,0,0,1,1,1,0,1,1,0,0,0,0,0,0,0,0,0,0,1,0,0,1,0,0,1,1,1,1,1,0,0,0,1,1,1,1,1,0,1,0,0,0.16666666666666666,322.80514937361727,1
88,0,1,0,0,0,0,1,0,0,0,1,1,0,0,0,1,1,1,0,0,1,0,0,0,0,0,1,0,0,0,0,1,0,1,1,0,0,0,0,1,1,0,0,0,0,1,1,0,1,0,1,1,1,0,0.18518518518518517,259.0550557519969,1
89,1,1,0,0,0,0,0,0,0,1,0,1,1,0,0,1,0,1,0,1,1,0,0,1,1,1,1,1,0,0,1,1,0,0,1,0,1,1,0,1,1,1,0,0,0,0,1,0,0,0,1,1,1,0,0.2037037037037037,368.73450057602605,1
90,0,1,0,1,0,0,1,0,0,0,1,1,1,0,0,1,0,1,1,0,1,0,0,0,0,0,0,0,1,0,1,1,0,1,0,0,0,1,0,0,1,0,0,1,0,0,1,0,1,0,0,1,0,0,0.1111111111111111,183.42037733314734,1
91,0,1,0,0,0,0,0,0,0,1,1,1,1,0,0,0,0,1,0,1,1,0,0,1,0,1,1,0,1,0,0,1,0,0,1,0,0,1,1,1,1,1,0,0,0,0,1,1,0,0,1,1,0,0,0.2037037037037037,403.4163055122593,1
92,0,0,0,0,0,0,0,0,0,0,1,1,1,0,0,1,0,1,1,0,1,0,0,1,0,0,1,1,0,0,0,1,0,0,1,0,1,0,1,0,1,1,0,0,0,0,1,0,0,0,1,1,0,0,0.24074074074074073,302.5698329164676,1
93,0,0,0,0,0,0,0,0,0,0,1,1,1,1,0,1,1,1,0,1,1,0,0,1,0,0,0,1,1,0,0,0,0,0,1,0,0,0,0,1,0,1,0,0,0,1,0,0,0,0,1,1,1,0,0.12962962962962962,329.72366180609487,1
94,0,0,0,0,0,0,0,0,0,0,1,1,1,0,0,1,0,1,1,1,1,0,0,1,0,1,1,0,0,0,1,1,0,0,1,0,0,0,1,1,1,1,0,0,0,1,1,0,0,1,1,1,0,0,0.3148148148148148,363.7390882985989,1
95,0,0,0,0,0,0,0,1,0,0,1,1,0,0,0,1,1,1,1,1,1,0,0,1,0,0,0,0,0,0,0,1,0,1,1,0,0,1,0,0,1,1,0,1,0,1,1,0,0,1,1,1,1,0,0.14814814814814814,303.31933121443177,1
96,0,1,1,1,1,0,1,1,1,0,0,0,0,1,1,0,1,0,0,0,0,0,0,0,0,0,0,0,1,1,0,0,0,0,0,1,0,0,1,0,0,0,1,1,0,0,0,1,1,0,0,0,0,1,0.24074074074074073,280.46631507260327,1
97,1,0,0,0,1,0,0,0,0,0,1,1,0,0,0,1,0,1,0,0,1,0,0,0,0,0,1,0,1,0,1,1,0,0,1,0,0,1,0,1,1,1,0,0,0,1,1,0,0,0,0,0,0,0,0.2222222222222222,260.63011402518146,1
98,0,1,0,0,0,0,0,0,0,1,1,1,0,0,0,1,0,1,0,0,1,0,0,1,0,0,1,0,0,0,0,1,1,1,1,0,1,1,0,1,1,1,0,0,0,0,1,1,0,1,1,1,1,0,0.24074074074074073,505.4454842681651,1
99,0,1,1,1,1,0,1,1,1,0,0,0,0,1,1,0,0,0,1,1,0,0,1,0,0,0,0,1,1,1,1,0,0,0,0,1,0,0,0,0,0,0,1,1,0,0,0,1,1,0,0,0,0,1,0.3148148148148148,300.3474851773301,1
