,0,1,2,3,4,5,6,7,8,9,10,11,12,13,14,15,16,17,18,19,20,21,22,23,24,25,26,27,28,29,30,31,32,33,34,35,36,37,38,39,40,41,42,43,44,45,46,47,48,49,50,51,52,53,chain_break_fraction,energy,num_occurrences
0,1,0,0,1,0,0,1,0,0,1,1,1,1,0,0,0,1,0,0,1,1,0,0,1,1,1,0,1,1,0,1,1,1,0,0,0,1,0,0,0,1,0,0,1,0,0,0,1,0,1,0,1,1,1,0.35185185185185186,274.1294324255872,1
1,1,1,0,1,0,0,1,0,0,1,1,1,1,0,0,0,1,0,0,1,1,0,0,1,1,1,0,1,0,0,1,1,1,0,1,0,1,0,0,0,1,0,0,0,0,1,0,1,0,1,0,1,1,1,0.3333333333333333,264.9951828061993,1
2,1,0,0,1,0,0,0,0,0,0,1,1,1,0,0,0,1,0,0,1,1,0,0,1,1,1,0,1,0,0,1,1,1,0,0,0,0,0,0,0,1,0,0,0,0,0,0,1,0,1,0,1,1,1,0.3148148148148148,246.14522289246662,1
3,1,1,0,1,0,0,1,0,0,0,1,1,1,0,0,0,1,0,0,1,1,0,0,1,1,1,1,1,0,0,1,1,1,0,0,0,1,0,0,0,1,0,0,0,0,0,0,1,0,1,0,1,1,1,0.3148148148148148,347.0081601918171,1
4,1,0,0,1,0,0,0,0,0,0,1,1,1,0,0,0,0,0,0,1,1,0,0,1,1,1,1,1,0,0,1,1,1,0,0,0,1,0,0,0,1,0,0,0,0,1,0,1,0,1,0,1,1,1,0.2962962962962963,279.9315151492061,1
5,1,0,0,1,0,0,1,0,0,0,1,1,1,0,1,0,1,0,0,1,1,0,0,1,1,1,0,1,0,0,1,1,1,0,0,0,1,0,1,0,1,0,0,0,0,1,0,1,0,1,0,1,1,1,0.3333333333333333,294.0626403161234,1
6,1,0,0,1,0,0,1,0,0,1,1,1,1,0,1,0,1,0,0,1,1,0,0,1,1,1,1,1,0,0,1,1,1,0,0,0,1,0,0,0,1,0,0,1,0,1,0,1,0,1,0,1,1,1,0.35185185185185186,392.24211884500426,1
7,1,0,0,1,0,0,0,0,0,0,1,1,1,0,0,0,1,0,0,1,1,0,0,1,1,1,0,1,1,0,1,1,1,0,0,0,1,0,0,0,1,0,0,1,0,1,0,1,0,1,0,1,1,1,0.37037037037037035,310.33005639849694,1
8,1,0,0,1,0,0,1,0,0,1,1,1,1,0,0,0,1,0,0,1,1,0,0,1,1,1,0,1,0,0,1,1,1,0,0,0,1,0,0,0,1,0,0,1,0,0,0,1,0,1,0,1,1,1,0.3333333333333333,264.3432563798274,1
9,1,0,0,1,0,0,1,0,0,1,1,1,1,0,0,0,1,0,0,1,1,0,0,1,1,1,0,1,0,0,1,1,1,0,0,0,1,0,0,0,1,0,0,1,1,0,0,1,0,1,0,1,0,1,0.3333333333333333,304.0981480416506,1
10,0,0,0,1,0,1,1,0,0,0,1,1,1,0,0,0,1,0,1,1,1,0,0,1,1,1,1,1,0,0,1,1,1,0,0,0,1,0,0,0,1,0,0,1,0,1,0,1,0,1,0,1,1,1,0.2962962962962963,391.77849395177117,1
11,1,0,0,1,0,0,0,0,0,1,1,1,1,0,1,0,1,0,0,1,1,0,0,1,1,1,0,1,0,0,1,1,1,0,1,0,1,0,0,0,1,0,0,1,0,0,0,1,0,1,0,1,1,1,0.3333333333333333,288.30594049338754,1
12,1,1,0,1,0,1,1,0,0,0,1,1,1,0,0,0,1,0,0,1,1,0,0,1,1,1,0,1,1,0,1,1,1,0,0,0,1,0,0,0,1,0,0,1,0,0,0,1,0,1,0,1,1,1,0.35185185185185186,316.7058233145862,1
13,0,1,0,1,0,0,1,0,0,1,1,1,1,0,0,0,1,0,0,1,1,0,0,1,1,1,0,1,0,0,1,1,1,0,0,0,1,0,0,0,1,0,0,0,0,1,0,1,0,1,0,1,1,1,0.35185185185185186,262.6220863462771,1
14,1,0,0,1,0,0,1,0,0,0,1,1,1,0,0,0,1,0,0,1,1,0,0,1,1,1,1,1,0,0,1,1,1,0,0,0,1,1,0,0,1,0,0,0,0,1,0,1,0,1,0,1,0,1,0.3333333333333333,295.4792895637217,1
15,1,0,0,1,0,0,1,0,0,1,1,1,1,0,0,0,1,0,0,1,1,0,0,1,1,1,0,1,0,0,1,1,1,0,0,0,0,1,0,0,0,0,0,1,0,1,0,1,0,1,0,1,1,1,0.3333333333333333,265.8780380733008,1
16,1,0,0,1,0,1,1,0,0,1,1,1,1,0,0,0,1,0,0,1,1,0,0,1,1,1,0,1,1,0,1,1,1,0,0,0,1,0,0,0,1,0,0,1,0,0,0,1,0,1,0,1,1,1,0.35185185185185186,305.0482813689209,1
17,1,0,0,1,0,0,1,0,0,0,1,1,1,0,0,0,0,0,0,1,1,0,0,1,1,1,1,0,0,0,1,1,1,0,0,0,1,0,0,0,1,0,0,1,0,0,0,1,0,1,0,1,1,1,0.2962962962962963,293.0694832362975,1
18,0,0,0,1,0,0,0,0,0,0,1,1,1,0,0,0,1,0,0,1,1,0,0,1,1,1,0,1,0,0,1,1,1,0,1,0,1,0,0,0,1,0,0,0,0,0,0,1,0,1,0,1,1,1,0.3148148148148148,261.30237412859526,1
19,1,0,0,1,0,0,1,0,0,0,1,1,1,0,0,0,1,0,0,1,1,0,0,1,1,1,0,1,0,0,1,1,1,0,1,0,1,0,0,0,1,0,0,0,0,0,0,1,0,1,0,1,1,1,0.3333333333333333,250.92745178622422,1
20,0,1,0,1,0,0,0,0,0,1,1,1,1,0,0,0,1,0,0,1,1,0,0,1,1,1,1,1,0,0,1,1,1,0,1,0,1,0,0,0,1,0,0,0,0,1,0,1,0,1,0,1,1,1,0.3333333333333333,308.80493263521635,1
21,0,0,0,1,0,0,1,0,0,0,1,1,1,0,1,0,1,0,0,1,1,0,0,1,1,1,0,0,0,0,1,1,1,0,1,0,1,0,0,0,1,0,0,1,0,1,0,1,0,1,0,1,1,1,0.35185185185185186,293.44858351526705,1
22,1,1,0,1,0,0,0,0,0,0,1,1,1,0,0,0,1,0,0,1,1,0,0,1,1,1,1,1,0,0,1,1,1,0,0,0,1,1,0,0,1,0,0,0,0,0,0,1,0,1,0,1,1,1,0.35185185185185186,310.9293271709903,1
23,1,1,0,1,0,1,1,0,0,0,1,1,1,0,0,0,1,0,0,1,1,0,0,1,1,1,0,1,1,0,1,1,1,0,0,0,1,0,0,0,1,0,0,1,0,0,0,1,0,1,0,1,1,1,0.37037037037037035,316.7058233145862,1
24,1,0,0,1,0,1,1,0,0,0,1,1,1,0,0,0,1,0,0,1,1,0,0,1,1,1,0,1,1,0,1,1,1,0,0,0,1,0,0,0,1,0,0,0,0,0,0,1,0,1,0,1,1,1,0.35185185185185186,291.7674271599129,1
25,1,0,0,1,0,1,1,0,0,0,1,1,1,0,0,0,1,0,0,1,1,0,0,1,1,1,0,1,1,0,1,1,1,0,1,0,1,0,0,0,1,0,0,1,0,0,0,1,0,1,0,1,1,1,0.37037037037037035,308.48397553778796,1
26,1,1,0,1,0,0,1,0,0,1,1,1,1,0,1,0,1,0,1,1,1,0,0,1,1,1,0,0,0,0,1,1,1,0,0,0,1,0,0,0,1,0,0,1,0,0,0,1,0,1,0,1,1,1,0.35185185185185186,374.6280065155407,1
27,1,0,0,1,0,1,1,0,0,1,1,1,1,0,0,0,1,0,0,1,1,0,0,1,1,1,0,1,1,0,1,1,1,0,0,0,1,0,0,0,1,0,0,1,0,0,0,1,0,1,0,1,1,1,0.35185185185185186,305.0482813689209,1
28,1,0,0,1,0,0,1,0,0,0,1,1,1,0,0,0,1,0,0,1,1,0,0,1,1,1,0,1,0,0,1,1,1,0,0,0,1,0,0,0,1,0,0,0,0,1,0,1,0,1,0,1,1,1,0.35185185185185186,252.12659314568285,1
29,1,0,0,1,0,0,1,0,0,0,1,1,1,0,0,0,1,0,0,1,1,0,0,1,1,1,1,1,0,0,1,1,1,0,1,0,1,1,0,0,1,0,1,0,0,1,0,1,0,1,0,1,0,1,0.3333333333333333,291.37243539978664,1
30,1,0,0,1,0,0,1,0,0,1,1,1,1,0,1,0,1,0,0,1,1,0,0,1,1,1,0,1,0,0,1,1,1,0,0,0,1,0,0,1,1,0,0,1,0,0,0,1,0,1,0,1,1,1,0.3888888888888889,299.99948930391986,1
31,1,0,0,1,0,0,0,0,0,0,1,1,1,0,0,0,1,0,1,1,1,0,0,1,1,1,1,1,0,0,1,1,1,0,1,0,0,0,0,0,1,0,0,0,0,1,0,1,0,1,0,1,1,1,0.2777777777777778,306.38031304161893,1
32,0,1,0,1,0,0,1,0,0,1,1,1,1,0,0,0,1,0,0,1,1,0,0,1,1,1,0,1,0,0,1,1,1,0,0,0,1,0,0,0,1,0,0,1,0,1,0,1,0,1,0,1,1,1,0.3333333333333333,276.8846613642686,1
33,1,0,0,1,0,0,1,0,0,0,1,1,1,0,0,0,1,0,0,1,1,0,0,1,0,1,1,1,0,0,1,1,1,0,1,0,1,0,0,0,0,0,0,1,0,1,0,1,0,1,0,1,0,1,0.2962962962962963,290.01593071135056,1
34,1,0,0,1,0,1,0,0,0,0,1,1,1,0,0,0,1,0,0,1,1,1,0,1,1,1,0,1,1,0,1,1,1,0,1,0,1,0,0,0,1,0,0,1,0,0,0,1,0,1,0,1,1,1,0.3333333333333333,312.7683742728293,1
35,1,0,0,1,0,0,0,0,0,0,1,1,1,0,0,0,1,0,0,1,1,0,0,1,1,1,0,1,1,0,1,0,1,0,0,0,1,0,0,0,1,0,0,1,0,1,0,1,0,1,0,1,1,1,0.3333333333333333,270.6449867061219,1
36,1,1,0,1,0,0,1,0,0,0,1,1,0,0,0,0,1,0,0,1,1,0,0,1,1,1,0,1,0,0,1,1,1,0,0,0,1,0,0,0,1,0,0,1,0,0,0,1,0,1,0,1,1,1,0.3148148148148148,269.91313338235557,1
37,0,1,1,0,1,0,0,1,1,0,0,0,0,1,0,1,1,1,1,0,0,1,1,1,0,0,0,0,1,1,0,0,0,1,0,1,0,1,0,1,0,1,1,0,1,0,1,1,1,0,1,0,0,0,0.3333333333333333,397.89739089325593,1
38,1,1,0,1,0,0,0,0,0,1,1,1,1,0,0,0,1,0,0,1,1,0,0,1,1,1,0,1,0,0,1,1,1,0,0,0,1,0,0,0,1,0,0,0,0,1,0,1,0,1,0,1,1,1,0.4074074074074074,264.89245239878494,1
39,1,0,0,1,0,1,1,0,0,0,1,1,1,0,1,0,1,0,0,1,1,0,0,1,1,1,0,1,1,0,1,1,1,0,1,0,1,0,0,0,0,0,0,1,0,1,0,1,0,1,0,1,1,1,0.3333333333333333,345.8622940713442,1
40,0,0,1,0,1,1,0,1,1,1,0,0,0,1,0,1,1,1,1,0,0,1,1,1,0,0,0,0,1,1,0,0,0,1,0,1,0,1,1,1,0,1,1,0,1,0,1,1,1,0,1,0,0,0,0.3148148148148148,477.5826931816139,1
41,1,0,0,1,0,1,1,0,0,0,1,1,1,0,1,0,1,0,0,1,1,0,0,1,1,1,0,1,1,0,1,0,1,0,0,0,1,0,0,0,1,0,0,1,1,0,0,1,0,1,0,1,1,1,0.35185185185185186,369.01419850275494,1
42,1,0,0,1,0,0,1,0,0,0,1,1,1,1,0,0,1,0,0,1,1,0,0,1,1,1,0,1,0,0,1,1,1,0,0,0,1,0,0,0,1,0,0,1,0,1,0,1,0,1,0,1,0,1,0.3333333333333333,262.15734244385214,1
43,1,1,0,1,0,1,0,0,0,1,1,1,1,0,0,0,1,0,0,1,1,0,0,1,1,1,0,1,1,0,1,1,1,0,1,0,1,0,0,0,1,0,0,1,0,0,0,1,0,1,0,1,1,1,0.35185185185185186,314.10376651872906,1
44,0,0,0,1,0,1,1,0,0,0,1,1,1,0,1,0,1,0,0,1,1,0,0,1,1,1,0,1,1,0,1,1,1,0,0,0,1,0,0,0,1,0,0,1,0,0,0,1,0,1,0,1,1,1,0.3333333333333333,340.9556975717505,1
45,1,0,0,1,0,0,0,0,0,1,1,1,1,0,0,0,1,0,0,1,1,0,0,0,1,1,0,1,1,0,1,1,1,0,0,0,1,0,0,0,1,0,0,1,0,1,0,1,0,1,0,1,1,1,0.3148148148148148,329.47913216959336,1
46,1,0,0,1,0,0,0,0,0,0,1,1,1,0,0,0,1,0,0,1,1,0,0,1,1,1,0,1,0,0,1,1,1,0,0,0,1,0,0,0,1,0,0,1,0,0,0,1,0,1,0,1,0,1,0.3333333333333333,245.9593512396834,1
47,1,1,0,1,0,0,1,0,0,1,1,1,0,0,0,0,1,0,0,1,1,0,0,1,1,1,0,1,0,0,1,1,1,0,0,0,1,0,0,0,1,0,0,1,0,1,0,1,0,1,0,1,1,1,0.3148148148148148,279.3581577927413,1
48,1,1,0,1,0,1,1,0,0,1,1,1,1,0,0,0,1,0,0,1,1,0,0,1,0,1,0,1,1,0,1,1,1,0,0,0,1,0,0,0,1,0,0,1,0,1,0,1,0,1,0,1,1,1,0.37037037037037035,314.9658811686782,1
49,0,1,1,0,1,0,0,1,1,1,0,0,0,1,0,1,1,1,1,0,0,1,1,1,0,0,0,0,1,1,0,0,0,1,0,1,0,1,0,1,0,1,1,0,1,1,1,1,1,0,1,0,0,0,0.3148148148148148,404.9157769776008,1
50,1,1,0,1,0,1,1,0,0,1,1,1,1,0,0,0,1,0,0,1,1,0,0,1,1,1,0,1,0,0,1,1,1,0,0,0,1,0,1,0,1,0,0,1,0,0,0,1,0,1,0,0,1,1,0.3148148148148148,328.1455285060337,1
51,1,1,0,1,0,1,1,0,0,1,1,1,1,0,0,0,1,0,0,1,1,0,0,1,1,1,0,0,1,0,1,1,1,0,1,0,1,0,0,0,1,0,0,1,1,0,0,1,0,1,0,1,1,1,0.37037037037037035,368.00603691698643,1
52,0,0,1,0,1,1,0,1,1,1,0,0,0,1,0,1,1,0,1,0,0,1,1,1,0,0,0,0,1,1,0,0,0,1,0,1,0,1,0,1,0,1,1,0,1,0,1,1,1,0,1,0,0,0,0.35185185185185186,414.21066993685355,1
53,1,0,0,1,0,0,1,0,0,1,1,1,1,0,0,0,1,0,0,1,1,0,0,1,1,1,1,1,1,0,1,1,1,0,1,0,1,0,0,0,1,0,0,1,0,1,0,1,0,1,0,1,1,1,0.4074074074074074,321.3242425367665,1
54,1,0,0,1,0,1,1,0,0,0,1,1,1,0,0,0,1,0,0,1,1,0,0,1,1,1,0,1,1,0,1,1,1,0,1,0,1,0,0,0,1,0,0,1,0,0,0,1,0,1,0,1,1,1,0.3888888888888889,308.48397553778796,1
55,0,0,0,1,0,0,0,0,0,1,1,1,1,0,1,0,1,1,0,1,1,0,0,1,1,1,0,1,0,0,1,1,1,0,0,0,1,0,0,0,1,0,0,1,0,0,0,1,0,1,0,1,1,1,0.35185185185185186,366.5586068293569,1
56,1,0,0,1,0,0,1,0,0,1,1,1,1,0,0,0,1,0,0,1,1,0,0,1,1,1,0,1,0,0,1,1,1,0,0,0,1,0,0,1,1,0,0,1,1,0,0,1,0,1,0,1,1,1,0.37037037037037035,355.48476959233665,1
57,1,1,0,1,0,0,1,0,0,0,1,1,1,0,0,0,1,0,0,1,1,0,0,1,0,1,0,1,0,0,1,1,1,0,0,0,0,0,0,0,1,0,0,0,0,0,0,1,0,1,0,1,1,1,0.37037037037037035,258.315944223281,1
58,1,1,0,1,0,0,1,0,0,1,1,1,1,0,0,0,0,0,0,1,1,0,0,1,1,1,1,1,1,0,1,1,1,0,0,0,1,0,0,0,1,0,0,1,0,1,0,1,0,1,0,1,1,1,0.2962962962962963,311.87962304238965,1
59,1,0,0,1,0,0,1,0,0,0,1,1,1,0,0,0,1,0,0,1,1,0,0,1,1,1,0,1,0,0,1,1,1,0,1,0,1,0,0,0,1,0,0,1,0,0,0,1,0,1,0,1,1,1,0.35185185185185186,280.1184091241802,1
60,1,0,0,1,0,0,0,0,0,0,1,1,1,0,0,0,1,0,0,1,1,0,0,1,1,1,0,1,0,0,1,1,1,0,1,0,1,0,0,0,1,0,0,1,0,0,0,1,0,1,0,1,1,1,0.2962962962962963,290.1272419229457,1
61,1,0,0,1,0,0,1,0,0,0,1,1,1,0,1,0,1,0,0,1,1,1,0,1,1,1,0,1,0,0,1,1,1,0,0,0,1,0,0,1,1,0,0,1,0,0,0,1,0,1,1,1,1,1,0.3148148148148148,315.386322866784,1
62,1,1,0,1,0,0,0,0,0,0,1,1,1,0,0,0,1,0,0,1,1,0,0,1,1,1,1,1,1,0,1,1,1,0,0,0,1,0,0,1,1,0,0,0,0,1,0,1,0,1,0,1,1,1,0.37037037037037035,307.85363919681777,1
63,0,1,1,0,1,1,0,1,1,0,0,0,0,1,0,1,1,1,1,0,0,1,1,1,0,0,1,0,1,1,0,0,0,1,1,1,0,1,0,1,0,1,1,1,1,0,1,1,1,0,1,0,0,0,0.35185185185185186,507.18317848310295,1
64,1,1,0,1,0,0,0,0,0,0,1,1,1,0,0,0,1,0,0,1,1,0,0,1,1,1,0,1,1,0,1,1,1,0,1,0,1,0,0,0,1,0,0,0,0,0,0,0,0,1,0,0,1,1,0.35185185185185186,222.69602535978072,1
65,0,0,0,1,0,0,1,0,0,0,1,1,1,0,0,0,1,0,0,1,1,0,0,1,1,1,0,1,0,0,1,1,1,0,0,1,1,0,0,0,1,0,0,1,0,0,0,1,0,1,0,1,1,1,0.2962962962962963,332.9338893929845,1
66,1,0,0,1,0,1,1,0,0,0,1,1,1,0,1,0,1,0,0,1,1,0,0,1,1,1,0,1,1,0,1,1,1,0,0,0,1,0,0,0,1,0,0,1,0,1,0,1,0,1,0,1,1,1,0.3888888888888889,349.9955997742554,1
67,1,1,0,1,0,0,1,0,0,0,1,1,1,0,1,0,1,0,0,1,1,0,0,1,1,1,0,1,0,0,1,1,1,0,0,0,0,0,1,0,1,0,0,0,0,1,0,1,0,1,0,1,0,1,0.3333333333333333,314.1100513117915,1
68,0,0,0,1,0,0,0,0,0,1,1,1,1,0,0,0,1,0,0,1,1,0,0,1,1,1,0,1,0,0,1,1,1,0,0,0,1,0,0,1,1,0,0,1,0,0,0,1,0,1,0,1,1,1,0.3148148148148148,279.9907502293016,1
69,0,1,1,0,1,0,0,1,1,0,0,0,0,1,1,1,1,1,1,0,0,1,1,1,0,0,0,0,1,1,0,0,0,1,0,1,0,1,0,1,0,1,1,0,1,1,1,1,1,0,1,0,0,0,0.3148148148148148,432.1530658799986,1
70,1,0,0,1,0,0,0,0,0,0,1,1,1,0,0,0,1,0,0,1,1,0,0,1,1,1,1,1,1,0,1,1,1,0,1,0,1,0,0,0,1,0,0,1,0,0,0,1,0,1,0,1,1,1,0.3148148148148148,317.3280837312003,1
71,1,0,0,1,0,1,0,0,0,1,1,1,1,0,0,0,1,0,0,1,1,0,0,1,1,1,1,1,1,0,1,1,1,0,0,0,1,0,0,0,1,0,0,1,0,1,0,1,0,1,0,1,1,1,0.3333333333333333,369.34664122025794,1
72,0,0,0,1,0,1,1,0,0,0,1,1,1,0,0,0,1,0,0,1,1,0,0,1,1,1,0,1,0,0,1,1,1,0,0,0,1,0,0,0,1,0,0,0,0,0,0,1,0,1,0,1,1,1,0.3888888888888889,294.90196400846264,1
73,1,0,0,1,0,1,0,0,0,0,1,1,1,0,0,0,1,0,0,1,1,0,0,1,1,1,1,1,1,0,1,1,1,0,1,0,0,0,0,0,1,0,0,0,0,1,0,1,0,1,0,1,1,1,0.3148148148148148,353.75132676975346,1
74,1,0,0,1,0,1,0,0,0,0,1,1,1,0,0,0,1,0,0,1,1,0,0,1,1,1,0,1,0,0,1,1,1,0,0,0,1,0,0,0,1,0,0,1,0,1,0,1,0,1,0,1,1,1,0.37037037037037035,303.83499763052714,1
75,1,1,0,1,0,0,1,0,0,1,1,1,1,0,0,0,0,0,0,1,1,0,0,1,1,1,1,1,1,0,1,1,1,0,0,0,1,1,1,0,1,0,0,1,0,1,0,1,0,1,0,1,1,1,0.3333333333333333,385.2933906980145,1
76,1,0,0,1,0,1,0,0,0,1,1,1,1,0,0,0,1,0,0,1,1,0,0,1,1,1,0,1,0,0,1,1,1,0,1,1,0,0,0,0,1,0,0,0,0,1,0,1,0,1,0,1,1,1,0.3333333333333333,314.25543593056375,1
77,0,1,0,1,0,0,1,0,0,0,1,1,1,0,0,0,0,0,0,1,1,0,0,1,0,1,0,1,1,0,1,1,1,0,0,0,1,0,0,0,1,0,0,1,0,0,0,1,0,1,0,1,1,1,0.37037037037037035,294.4015480144001,1
78,0,0,0,1,0,0,1,0,0,0,1,1,1,0,0,0,1,0,0,1,1,0,0,1,1,1,0,1,0,0,1,1,1,0,0,0,1,1,0,0,1,0,0,1,0,1,0,1,0,1,0,1,1,1,0.35185185185185186,308.311948967818,1
79,0,1,0,1,0,0,0,0,0,1,1,1,1,0,0,0,1,0,0,1,1,0,0,1,1,1,0,1,1,0,1,1,1,0,0,0,1,0,1,0,1,0,0,1,0,0,0,1,0,1,0,1,1,1,0.35185185185185186,347.5053613753627,1
80,1,1,0,1,0,1,0,0,0,0,1,1,1,0,0,0,1,0,0,1,1,0,0,1,1,1,0,1,1,0,1,1,1,0,1,0,1,0,0,0,1,0,0,0,0,1,0,1,0,1,0,1,1,1,0.4074074074074074,303.1325175039008,1
81,0,1,1,0,1,0,0,1,1,1,0,0,0,1,0,1,1,1,1,0,0,0,1,1,0,0,0,0,1,1,0,0,0,1,0,1,1,1,0,1,0,1,1,1,1,1,1,1,1,0,1,0,0,0,0.2962962962962963,478.96182738340815,1
82,1,1,0,1,0,1,0,0,0,0,1,1,1,0,0,0,1,0,0,1,1,0,0,1,1,1,0,1,1,0,1,1,1,0,0,0,1,1,0,0,1,0,0,1,0,0,0,1,0,1,0,1,1,1,0.3333333333333333,313.614537721346,1
83,1,0,0,1,0,0,1,0,0,0,1,1,1,0,1,0,0,0,0,1,1,0,0,1,1,1,0,0,1,0,1,1,1,0,0,0,1,0,0,0,1,0,0,1,0,0,0,1,0,1,0,1,1,1,0.37037037037037035,276.6390597942881,1
84,1,1,0,1,0,1,0,0,0,1,1,1,0,0,0,0,1,0,0,1,1,0,0,1,1,1,0,1,0,0,1,1,1,0,0,0,1,0,1,0,1,0,0,1,1,0,0,1,0,1,0,1,1,1,0.3888888888888889,403.51149509263035,1
85,1,0,0,1,0,0,0,0,0,0,1,1,1,0,0,0,1,1,0,1,1,0,0,1,1,1,0,1,0,0,1,1,1,0,0,0,1,0,1,0,1,0,0,0,0,1,0,1,0,1,0,1,1,1,0.3148148148148148,308.0182877775701,1
86,0,0,0,1,0,0,0,0,0,0,1,1,1,0,0,0,1,0,0,1,1,0,0,1,1,1,0,1,0,0,1,1,1,0,1,0,1,0,0,0,1,0,0,1,0,1,0,1,0,1,0,1,0,1,0.3333333333333333,279.05737862997626,1
87,1,1,0,1,0,0,1,0,0,0,1,1,1,0,0,0,1,0,0,1,1,0,0,1,1,1,0,1,1,0,1,1,1,0,1,0,1,0,1,1,0,0,0,1,0,1,0,1,0,1,0,1,1,1,0.37037037037037035,379.69833388875566,1
88,1,0,0,1,0,1,1,0,0,1,1,1,1,0,1,0,1,0,1,1,1,0,0,1,1,1,0,1,1,0,1,1,1,0,1,0,1,0,0,0,1,0,0,1,1,0,0,1,0,1,0,1,1,1,0.3888888888888889,388.3025703681226,1
89,1,1,0,1,0,1,1,0,0,1,1,1,1,0,1,0,1,0,0,1,1,0,0,1,1,1,1,1,1,0,1,1,1,0,1,0,1,0,1,0,1,0,1,1,1,1,0,1,0,1,0,1,1,1,0.3148148148148148,487.4915156960541,1
90,1,1,0,1,0,0,1,0,0,1,1,1,1,0,0,0,1,0,0,1,1,0,0,1,1,1,1,1,0,0,1,1,1,0,1,0,0,0,1,0,1,0,0,1,0,1,0,1,0,1,0,1,1,1,0.35185185185185186,343.59157531209763,1
91,1,0,0,1,0,1,1,0,0,1,1,1,1,0,1,0,1,0,0,1,1,0,0,1,0,1,0,1,0,0,1,1,1,0,1,0,1,0,0,0,1,0,0,0,0,1,0,1,0,1,0,1,1,1,0.3888888888888889,351.8702737914937,1
92,0,1,1,0,1,0,0,1,1,0,1,0,0,1,0,1,0,1,1,0,0,1,1,1,0,0,0,0,1,1,0,0,0,1,1,1,0,1,0,1,0,1,1,1,1,0,1,1,1,0,1,0,0,0,0.3148148148148148,479.1786183059894,1
93,0,0,0,1,0,0,1,0,0,0,1,1,1,0,0,0,1,0,0,1,1,0,0,1,1,1,0,1,1,0,1,1,1,0,1,0,1,0,0,0,1,0,0,1,0,1,0,1,0,1,0,1,0,1,0.3888888888888889,297.0373813392054,1
94,0,0,0,1,0,1,1,0,0,1,1,1,1,0,0,1,1,0,0,1,1,1,0,1,1,1,0,1,1,0,1,1,1,0,1,0,0,0,0,0,1,0,0,1,0,1,0,1,0,1,0,1,0,1,0.3333333333333333,313.99791570290546,1
95,1,0,1,0,1,0,0,0,1,1,0,0,0,1,0,1,1,1,1,0,0,1,1,1,0,0,1,0,1,1,0,0,0,1,0,1,0,1,0,0,0,1,1,1,1,0,1,1,1,0,1,0,0,0,0.3148148148148148,426.02627853986354,1
96,1,0,0,1,0,1,1,0,0,0,1,1,1,0,1,1,0,0,0,1,1,0,0,1,1,1,1,1,1,0,1,1,1,0,0,0,1,0,0,0,1,0,0,1,1,0,0,1,0,1,0,1,1,1,0.3148148148148148,434.06152072878865,1
97,1,0,0,1,0,1,1,0,0,1,1,1,1,0,0,0,0,0,0,1,1,0,0,1,1,1,0,1,1,0,1,1,1,0,1,0,1,1,1,0,0,0,0,1,0,1,0,1,0,1,0,1,1,1,0.4074074074074074,408.80942006661815,1
98,0,0,0,1,0,1,1,0,0,1,1,1,1,0,0,0,1,0,0,1,1,0,0,1,1,1,0,1,1,0,1,1,1,0,1,0,1,0,0,0,1,0,0,1,0,0,0,1,0,1,0,1,1,1,0.42592592592592593,307.3010672794461,1
99,1,1,1,0,1,1,0,1,1,1,0,0,0,1,0,1,0,1,1,0,0,1,1,1,0,0,0,1,1,1,0,0,0,1,0,1,0,1,0,1,1,1,1,1,1,0,1,1,1,0,1,0,0,0,0.35185185185185186,486.124246817405,1
