,0,1,2,3,4,5,6,7,8,9,10,11,12,13,14,15,16,17,18,19,20,21,22,23,24,25,26,27,28,29,30,31,32,33,34,35,36,37,38,39,40,41,42,43,44,45,46,47,48,49,50,51,52,53,chain_break_fraction,energy,num_occurrences
0,1,1,0,1,1,0,1,1,1,0,0,1,0,0,0,0,0,1,0,0,0,1,0,1,0,0,1,0,1,0,1,0,0,0,1,0,0,1,0,1,1,1,1,0,0,0,1,1,0,1,1,1,1,0,0.2962962962962963,345.15657234371923,1
1,0,0,0,0,0,1,0,0,0,1,1,0,1,1,1,1,0,1,1,1,1,0,0,0,1,1,1,1,0,1,0,1,0,1,1,1,1,1,1,0,0,0,0,1,1,1,0,0,1,0,0,0,0,1,0.3148148148148148,405.4303868003723,1
2,1,1,0,1,1,0,1,1,1,0,0,1,1,0,0,0,0,1,0,0,0,1,1,1,0,0,1,0,1,0,1,0,0,0,0,0,0,1,1,1,1,1,1,0,0,0,1,1,0,1,1,1,1,0,0.35185185185185186,375.4647512995122,1
3,1,1,0,1,1,0,1,1,1,0,0,1,0,0,0,0,1,1,0,0,0,1,0,1,0,0,1,1,1,0,1,0,0,0,1,0,0,1,1,1,1,1,1,0,0,0,1,1,0,1,1,1,1,0,0.35185185185185186,419.41885824219247,1
4,0,0,1,0,0,1,0,0,0,1,1,0,0,1,1,1,0,0,1,1,1,0,0,0,1,1,1,1,0,1,0,1,0,1,1,1,1,1,1,0,0,0,0,1,1,1,0,0,1,0,0,0,0,1,0.3148148148148148,415.53877006498544,1
5,0,0,0,0,0,1,0,0,0,1,1,0,1,1,1,0,0,1,1,1,1,0,1,0,1,1,1,1,0,1,0,1,0,1,1,1,1,1,1,0,0,0,0,1,1,1,0,0,1,0,0,0,0,1,0.3148148148148148,408.4018798468908,1
6,1,1,0,1,1,0,1,1,1,0,0,1,1,0,0,0,0,1,0,0,1,1,1,1,0,0,0,0,1,0,1,0,1,0,1,0,0,0,1,1,1,1,1,0,0,0,1,0,0,1,1,1,1,0,0.3148148148148148,375.2343562387089,1
7,0,0,0,0,0,1,0,0,0,1,1,0,1,1,1,1,0,1,1,1,1,0,0,0,1,1,1,0,0,1,0,1,1,1,1,1,1,1,1,0,0,0,0,1,1,1,0,0,1,0,0,0,0,1,0.3333333333333333,459.9086393616752,1
8,1,1,0,1,1,0,1,1,1,0,0,1,1,0,0,0,0,1,0,0,0,1,0,1,0,0,1,0,1,0,1,0,0,0,0,0,0,1,1,1,1,1,1,0,0,0,1,1,0,1,1,1,1,0,0.35185185185185186,371.5486463722261,1
9,1,1,0,1,1,0,1,1,1,0,0,1,0,0,0,1,0,1,0,0,0,1,0,1,0,0,1,0,1,0,1,0,0,0,0,0,0,1,1,1,1,1,1,0,0,0,1,1,0,1,1,1,1,0,0.2962962962962963,373.08375442069786,1
10,0,0,0,0,0,1,0,0,0,1,1,0,1,1,1,1,0,1,1,1,1,0,0,0,1,1,1,0,0,1,0,1,0,1,0,1,1,1,1,0,0,0,0,1,1,1,0,1,1,0,0,0,0,1,0.3148148148148148,426.1856442455861,1
11,1,1,0,1,1,0,1,1,1,0,0,1,1,0,0,0,1,1,0,0,0,1,0,1,0,0,1,0,1,0,1,0,0,0,1,0,0,1,1,1,1,1,1,0,0,0,1,1,0,1,1,1,1,0,0.3333333333333333,395.81501034104764,1
12,1,1,1,1,1,0,1,1,1,0,0,1,0,0,0,0,0,1,0,0,0,1,0,1,0,0,1,0,1,0,1,0,0,0,1,0,0,1,1,1,1,1,1,0,0,0,1,1,0,1,1,1,1,0,0.3333333333333333,431.7473880074048,1
13,1,1,1,1,1,0,1,1,1,0,0,1,0,0,0,0,0,1,0,0,0,1,1,1,0,0,0,0,1,0,1,0,1,0,1,0,0,0,1,1,1,1,1,0,0,0,1,0,0,1,1,1,1,0,0.37037037037037035,391.56797230753654,1
14,1,1,0,1,1,0,1,1,1,0,0,1,0,0,0,0,0,1,0,0,0,1,0,1,0,0,1,0,1,0,1,0,1,0,1,0,0,0,1,0,1,1,1,0,0,0,1,1,0,1,1,1,1,0,0.37037037037037035,449.7730792434883,1
15,1,1,0,1,1,0,1,1,1,0,0,1,0,0,0,0,1,1,1,0,0,1,0,1,0,0,1,0,1,0,1,0,0,0,1,0,0,1,1,1,1,1,1,0,0,0,1,1,0,1,1,1,1,0,0.35185185185185186,397.0012344968174,1
16,0,0,0,0,0,1,0,0,0,1,1,0,1,1,1,0,0,1,0,1,1,0,0,0,1,1,1,1,0,1,0,1,0,1,1,1,1,1,1,0,0,0,0,1,1,1,0,0,1,0,0,0,0,1,0.3148148148148148,405.56491924664135,1
17,0,0,0,0,0,1,0,0,0,1,1,0,1,1,1,0,0,1,1,1,1,0,0,0,1,1,1,1,0,1,0,1,0,1,1,1,1,1,1,0,0,0,0,1,1,1,0,1,1,0,0,0,0,1,0.3148148148148148,488.7889816445114,1
18,1,1,0,1,1,0,1,1,1,0,0,1,0,0,0,0,0,1,0,0,0,1,1,1,0,0,0,0,1,0,0,0,1,0,1,0,0,1,1,0,1,1,1,0,0,0,1,0,0,1,1,1,1,0,0.3333333333333333,378.5654958537154,1
19,0,0,0,0,0,1,0,0,0,1,1,0,1,1,1,0,0,1,0,1,1,0,0,0,1,1,1,1,0,1,0,1,0,1,0,1,1,1,1,0,0,0,0,1,1,1,0,1,1,0,0,0,0,1,0.35185185185185186,452.22180813538466,1
20,0,0,1,0,0,1,0,0,0,1,1,0,0,1,1,1,0,0,1,1,1,0,0,0,1,1,1,1,0,1,0,1,0,1,0,1,1,1,1,0,0,0,0,1,1,1,0,0,1,0,0,0,0,1,0.35185185185185186,396.4073089046449,1
21,0,0,1,0,0,1,0,0,0,1,1,0,1,1,1,1,0,0,1,1,1,0,0,0,1,1,1,1,0,1,0,1,0,1,1,1,1,0,1,0,0,0,0,1,1,1,0,1,1,0,0,0,0,1,0.3333333333333333,450.23818344194694,1
22,1,1,1,1,0,0,1,1,1,0,0,1,0,0,0,0,0,1,0,0,0,1,1,1,0,0,0,0,1,0,0,0,1,0,1,0,0,0,1,1,1,1,1,0,0,0,1,0,0,1,1,1,1,0,0.35185185185185186,367.1850327464037,1
23,0,0,0,0,0,1,0,0,0,1,1,0,1,1,1,1,0,0,1,1,1,0,0,0,1,1,1,1,0,1,0,1,1,1,1,1,1,1,1,0,0,0,0,1,1,1,0,0,1,0,0,0,0,1,0.35185185185185186,520.8167855930814,1
24,0,0,1,0,0,1,0,0,0,1,1,0,1,1,1,1,0,0,1,1,1,0,0,0,1,1,1,0,0,1,0,1,0,1,1,1,1,1,1,0,0,0,0,1,1,1,0,0,1,0,0,0,0,1,0.35185185185185186,407.1319337599018,1
25,1,1,0,1,1,0,1,1,1,0,0,1,1,0,0,0,1,1,0,0,0,1,0,1,0,0,0,0,1,0,0,0,0,0,1,0,0,1,0,1,1,1,1,0,0,0,1,1,0,1,1,1,1,0,0.35185185185185186,313.9759105216419,1
26,0,0,0,0,0,1,0,0,0,1,1,0,0,1,1,1,0,0,1,1,1,0,0,0,1,1,1,1,0,1,0,1,0,1,1,1,1,1,1,1,0,0,0,1,1,0,0,0,1,0,0,0,0,1,0.2962962962962963,409.6912246392152,1
27,0,0,0,0,0,1,0,0,0,1,1,0,0,1,1,1,0,0,1,1,1,0,1,0,1,1,1,0,0,1,0,1,1,1,1,1,1,1,1,0,0,0,0,1,1,1,0,0,1,0,0,0,0,1,0.3148148148148148,473.9373726019928,1
28,0,0,0,0,0,1,0,0,0,1,1,0,1,1,1,1,0,1,1,1,1,0,0,0,1,1,1,0,0,1,0,1,0,1,1,1,1,1,1,0,0,0,0,1,1,1,0,0,1,0,0,0,0,1,0.37037037037037035,395.8175251919737,1
29,1,1,0,1,1,0,1,1,1,0,0,1,0,0,0,0,0,1,0,0,0,1,0,1,0,0,1,0,1,0,0,0,0,0,0,0,0,1,0,1,1,1,1,0,0,0,1,1,0,1,1,1,1,0,0.2962962962962963,330.69607551499274,1
30,0,1,0,1,1,0,1,1,1,0,0,1,0,0,0,0,0,1,0,0,0,1,0,1,0,0,1,0,1,0,1,0,0,0,1,0,0,1,0,1,1,1,0,0,0,0,1,1,0,1,1,1,1,0,0.2962962962962963,332.70431459355285,1
31,0,0,0,0,0,1,0,0,0,1,1,0,1,1,1,1,0,0,1,1,1,0,1,0,1,1,1,1,0,1,0,1,0,1,1,1,1,1,1,0,0,0,0,1,1,1,0,0,1,1,0,0,0,1,0.35185185185185186,425.8520719909687,1
32,1,1,1,1,0,0,1,1,1,0,0,1,1,0,0,0,0,1,0,0,0,1,1,1,0,0,0,0,1,0,0,0,1,0,1,0,0,0,1,1,1,1,1,0,0,0,1,0,0,1,1,1,1,0,0.3333333333333333,365.3702382463193,1
33,0,0,0,0,0,1,0,0,0,1,1,0,0,1,1,0,1,1,1,1,1,0,0,0,1,1,1,1,0,1,1,1,0,1,1,1,1,0,1,0,0,0,0,1,1,1,0,1,1,0,0,0,0,1,0.35185185185185186,458.5006621553524,1
34,0,0,0,0,0,1,0,0,0,1,1,0,1,1,1,0,1,0,1,1,1,0,0,0,1,1,1,1,0,1,0,1,0,1,1,1,1,1,1,0,0,0,0,1,1,1,0,0,1,0,0,0,0,1,0.35185185185185186,397.67239682601326,1
35,0,0,0,0,0,1,0,0,0,1,1,0,0,1,1,1,1,0,1,1,1,0,0,0,1,1,1,0,0,1,1,1,0,1,0,1,1,0,1,0,0,0,0,1,1,1,0,1,1,0,0,0,0,1,0.3148148148148148,401.5641243590061,1
36,1,1,0,1,0,0,1,1,1,0,0,1,1,0,0,1,0,1,0,0,0,1,0,1,0,0,1,0,1,0,1,0,1,0,0,0,0,1,0,1,1,1,1,0,0,0,1,1,0,1,1,1,1,0,0.3148148148148148,358.98841622286756,1
37,1,1,0,1,0,0,1,1,1,0,0,1,0,0,0,0,0,1,0,0,0,1,1,1,0,0,0,0,1,0,0,0,1,0,0,0,0,0,1,0,1,1,1,0,0,0,1,0,0,1,1,1,1,0,0.3333333333333333,311.23563638315323,1
38,0,0,1,0,0,1,0,0,0,1,1,0,1,1,1,0,0,0,0,1,1,0,0,0,1,1,1,1,0,1,0,1,0,1,1,1,1,1,1,0,0,0,0,1,1,1,0,0,1,0,0,0,0,1,0.37037037037037035,418.22216345825063,1
39,0,0,0,0,0,1,0,0,0,1,1,0,1,1,1,1,0,0,1,1,1,0,1,0,1,1,1,1,0,1,0,1,1,1,1,1,1,0,1,0,0,0,0,1,1,1,0,0,1,1,0,0,0,1,0.2962962962962963,484.21555478395095,1
40,0,0,0,0,0,1,0,0,0,1,1,0,1,1,1,0,0,0,1,1,1,0,1,0,1,1,1,1,0,1,0,1,0,1,1,1,1,1,1,1,0,0,0,1,1,1,0,0,1,0,0,0,0,1,0.35185185185185186,411.64954615393344,1
41,0,0,0,0,0,1,0,0,0,1,1,0,1,1,1,0,0,0,1,1,1,0,0,0,1,1,1,0,0,1,0,1,0,1,0,1,1,1,1,1,0,0,0,1,1,1,0,0,1,0,0,0,0,1,0.35185185185185186,370.25448218371787,1
42,0,0,0,1,0,1,0,0,0,1,1,0,1,1,1,0,1,1,1,1,1,0,0,0,1,1,1,1,0,1,1,1,0,1,1,1,1,1,1,1,0,0,0,1,1,1,0,0,1,0,0,0,0,1,0.3333333333333333,426.7215034711634,1
43,0,0,0,0,0,1,0,0,0,1,1,0,1,1,1,0,0,0,1,1,1,0,0,0,1,1,1,1,0,1,0,1,0,1,1,1,1,1,1,0,0,0,0,1,1,1,0,0,1,0,0,0,0,1,0.3148148148148148,414.5004035097734,1
44,0,0,0,0,0,1,0,0,0,1,1,0,1,1,1,1,0,0,1,1,1,0,0,0,1,1,1,0,0,1,0,1,0,1,0,1,1,1,1,0,0,0,0,1,1,1,0,1,1,0,0,0,0,1,0.3148148148148148,433.7833490244641,1
45,1,1,0,0,0,0,1,1,1,0,0,1,0,0,0,1,0,1,0,0,0,1,1,1,0,0,0,1,1,0,0,0,0,0,1,0,0,0,0,0,1,1,1,0,0,0,1,1,0,1,1,1,1,0,0.3333333333333333,286.7534955143611,1
46,0,0,0,0,0,1,0,0,0,1,1,0,0,1,1,1,0,0,1,1,1,0,0,0,1,1,1,1,0,1,0,1,0,1,1,1,1,1,1,0,0,0,0,1,1,1,0,0,1,0,0,0,0,1,0.35185185185185186,412.45692394458183,1
47,1,1,1,1,1,0,1,1,1,0,0,1,0,0,0,0,0,1,0,0,0,1,1,1,0,0,1,0,1,0,1,0,0,0,1,0,1,0,1,1,1,1,1,0,0,0,1,1,0,1,1,1,1,0,0.2962962962962963,434.8632690951185,1
48,0,0,0,0,0,1,0,0,0,1,1,0,1,1,1,0,0,0,1,1,1,0,0,0,1,1,1,0,0,1,0,1,0,1,1,1,1,1,1,1,0,0,0,1,1,1,0,0,1,0,0,0,0,1,0.3148148148148148,408.8271713794518,1
49,0,0,0,0,0,1,0,0,0,1,1,0,0,1,1,0,0,0,1,1,1,0,0,0,1,1,1,0,0,1,0,1,0,1,0,1,1,1,1,1,0,0,0,1,1,1,0,1,1,0,0,0,0,1,0.35185185185185186,487.2807997914913,1
50,1,1,0,0,1,0,0,1,1,0,0,1,0,0,0,1,1,1,0,0,0,1,0,1,0,0,1,0,1,0,1,0,0,0,1,0,0,0,1,1,1,1,1,0,0,0,1,1,0,1,1,1,1,0,0.35185185185185186,367.87094201271515,1
51,0,0,1,0,0,1,0,0,0,1,1,0,1,1,1,1,0,0,1,1,1,0,0,0,1,1,1,0,0,1,0,1,0,1,1,1,1,1,1,0,0,0,0,1,1,1,0,0,1,0,0,0,0,1,0.35185185185185186,407.1319337599018,1
52,0,0,0,0,0,1,0,0,0,1,1,0,1,1,1,0,0,0,1,1,1,0,0,0,1,1,1,1,0,1,1,1,0,1,1,1,1,1,1,0,0,0,0,1,1,1,0,1,1,0,0,0,0,1,0.3888888888888889,572.8371525205365,1
53,1,1,1,0,0,0,1,1,1,0,0,1,0,0,0,0,0,1,0,0,0,1,1,1,0,0,1,0,1,0,1,0,0,0,1,0,0,1,0,1,1,1,1,0,0,0,1,1,0,1,1,1,1,0,0.3148148148148148,373.99059580434454,1
54,0,0,0,0,0,1,0,0,0,1,1,0,1,1,1,0,0,1,0,1,1,0,0,0,1,1,1,1,0,1,0,1,0,1,1,1,1,1,1,1,0,0,0,1,1,1,0,0,1,0,0,0,0,1,0.37037037037037035,416.33354010270114,1
55,0,0,0,0,0,1,0,0,0,1,1,0,0,1,1,0,1,1,1,1,1,0,1,0,1,1,1,0,0,1,1,1,0,1,1,1,1,1,1,0,0,0,0,1,1,1,0,0,1,1,0,0,0,1,0.3148148148148148,427.4794376552946,1
56,0,0,0,0,0,1,0,0,0,1,1,0,1,1,1,1,0,0,1,1,1,0,0,0,1,1,1,1,0,1,0,1,0,1,1,1,1,1,1,0,0,0,0,1,1,1,0,0,1,0,0,0,0,1,0.3148148148148148,403.0864001678931,1
57,0,0,0,0,0,1,0,0,0,1,1,0,1,1,1,1,0,0,1,1,1,0,0,0,1,1,1,1,0,1,0,1,0,1,0,1,1,1,1,0,0,0,0,1,1,1,0,0,1,0,0,0,0,1,0.4444444444444444,369.11013101379945,1
58,0,0,0,0,0,1,0,0,0,1,1,0,1,1,1,1,0,1,1,1,1,0,0,0,1,1,1,0,0,1,0,1,0,1,1,1,1,1,1,0,0,0,0,1,1,1,0,1,1,0,0,0,0,1,0.35185185185185186,458.1587805527038,1
59,0,0,0,0,0,1,0,0,0,1,1,0,0,1,1,1,0,0,0,1,1,0,0,0,1,1,1,0,0,1,0,1,0,1,1,1,1,1,1,0,0,0,0,1,1,1,0,0,1,0,0,0,0,1,0.3333333333333333,398.57317158061153,1
60,0,0,0,0,0,1,0,0,0,1,1,0,1,1,1,1,1,1,1,1,1,0,1,0,1,1,1,0,0,1,0,1,0,1,0,1,1,1,1,0,0,0,0,1,1,1,0,0,1,1,0,0,0,1,0.3148148148148148,435.92219518518056,1
61,0,0,0,0,0,1,0,0,0,1,1,0,1,1,1,0,0,1,1,1,1,0,1,0,1,1,1,1,0,1,0,1,0,0,1,1,1,0,1,0,0,0,0,1,1,1,0,0,1,1,0,0,0,1,0.3333333333333333,399.0921593190573,1
62,0,0,1,0,0,1,0,0,0,1,1,0,0,1,1,1,0,0,1,1,1,0,0,0,1,1,1,0,0,1,0,1,1,1,1,1,1,1,1,0,0,0,0,1,1,1,0,0,1,0,0,0,0,1,0.35185185185185186,479.1433477248223,1
63,0,0,0,0,0,1,0,0,0,0,1,0,1,1,1,1,0,0,1,1,1,0,1,0,1,1,1,0,0,1,0,1,0,1,1,1,1,0,1,0,0,0,0,1,1,1,0,1,1,0,1,0,0,1,0.3148148148148148,536.0021314451274,1
64,0,0,0,0,0,1,0,0,0,1,1,0,1,1,1,1,0,0,0,1,1,0,0,0,1,1,1,0,0,1,0,1,0,1,1,1,1,0,1,0,0,0,0,1,1,0,0,0,1,0,0,0,0,1,0.25925925925925924,340.78726599760387,1
65,0,0,0,0,0,1,0,0,0,1,1,0,0,1,1,0,0,0,1,1,1,0,0,0,1,1,1,1,0,1,0,1,0,1,1,1,1,0,1,1,0,0,0,1,1,1,0,1,1,0,0,0,0,1,0.3888888888888889,518.9306595568386,1
66,1,1,1,0,0,0,1,1,1,0,0,1,1,0,0,0,0,1,0,0,0,1,1,1,0,0,0,0,1,0,1,0,1,0,1,0,0,0,1,0,1,1,1,0,0,0,1,0,0,1,1,1,1,0,0.35185185185185186,362.4180085124057,1
67,0,0,0,0,0,1,0,0,0,1,1,0,1,1,1,0,0,0,1,1,1,0,0,0,1,1,1,1,0,1,0,1,0,1,1,1,1,1,1,1,0,0,1,1,1,1,0,0,1,0,0,0,0,1,0.3148148148148148,461.49703652546384,1
68,0,0,0,0,0,1,0,0,0,1,1,0,1,1,1,1,0,1,1,1,1,0,1,0,1,1,1,1,0,1,1,1,1,1,1,1,1,0,1,0,0,0,0,1,1,1,0,0,1,0,0,0,0,1,0.3888888888888889,450.19562965910836,1
69,0,0,1,0,0,1,0,0,0,1,1,0,1,1,1,0,0,1,1,1,1,0,0,0,1,1,1,0,0,1,0,1,0,1,0,1,1,1,1,0,0,0,0,1,1,1,0,1,1,0,0,0,0,1,0.4074074074074074,461.6520438440725,1
70,0,0,0,0,0,1,0,0,0,1,1,0,1,1,1,1,0,0,1,1,1,0,1,0,1,1,1,0,0,1,1,1,0,1,1,1,1,1,1,1,0,0,0,1,1,1,0,0,1,0,0,0,0,1,0.37037037037037035,400.1640620572856,1
71,1,1,1,1,1,0,1,1,1,0,0,1,0,0,0,1,1,1,0,0,0,0,0,1,0,0,1,0,1,0,1,0,1,0,0,0,0,0,1,1,1,1,1,0,0,0,1,1,0,1,1,1,1,0,0.2962962962962963,446.9014088615466,1
72,0,0,0,0,0,1,0,0,0,1,1,0,1,1,1,0,1,0,1,1,1,1,1,0,1,1,1,1,0,1,0,1,0,1,1,1,1,1,1,0,0,0,0,1,1,1,0,1,1,0,0,0,0,1,0.3888888888888889,463.61334388955504,1
73,0,0,0,0,0,1,0,0,0,0,1,0,1,1,1,1,0,0,1,1,1,0,0,0,1,1,1,0,0,1,0,1,0,1,1,1,1,0,1,0,0,0,0,1,1,1,0,0,1,0,0,0,0,1,0.3333333333333333,353.2493040910248,1
74,0,1,1,1,0,0,1,1,1,0,0,1,0,0,0,1,1,1,0,0,0,1,0,1,0,0,1,1,1,0,0,0,0,0,1,0,0,1,0,1,1,1,1,0,0,0,1,1,0,1,1,1,1,0,0.2777777777777778,386.2633273795349,1
75,0,0,0,0,0,1,0,0,0,1,1,0,1,1,1,1,0,0,1,1,1,0,0,0,1,1,1,1,0,1,0,1,0,1,1,1,1,1,1,0,0,0,0,1,1,1,0,0,1,0,0,0,0,1,0.3333333333333333,403.0864001678931,1
76,0,0,0,0,0,1,0,0,0,1,1,0,1,1,1,1,0,1,1,1,1,0,1,0,1,1,1,0,0,1,0,1,0,1,1,1,1,1,1,1,0,0,0,1,1,1,0,0,1,0,0,0,0,1,0.3888888888888889,406.8963642212925,1
77,1,1,0,0,1,0,1,1,1,0,0,1,1,0,0,0,1,1,0,0,0,1,0,1,0,0,1,0,1,0,1,0,0,0,1,0,0,1,1,1,1,1,1,0,0,0,1,1,0,1,1,1,1,0,0.37037037037037035,393.62468100719735,1
78,0,0,0,0,0,1,0,0,0,1,1,0,0,1,1,1,0,0,1,1,1,0,1,0,1,1,1,0,0,1,0,1,1,1,1,1,1,0,1,0,0,0,1,1,1,1,0,0,1,0,0,0,0,1,0.35185185185185186,446.18182451136056,1
79,0,0,0,0,0,1,0,0,0,1,1,0,1,1,1,0,1,0,1,1,1,0,1,0,1,1,1,1,0,1,0,1,0,1,1,1,1,0,1,1,0,0,0,1,1,1,0,0,1,0,0,0,0,1,0.35185185185185186,371.41643728649296,1
80,0,0,0,0,0,1,0,0,0,1,1,0,1,1,1,0,0,0,0,1,1,0,1,0,1,1,1,1,0,1,0,1,0,1,0,1,1,0,1,0,0,0,0,1,1,1,0,1,1,0,0,0,0,1,0.2962962962962963,410.41154773955213,1
81,0,0,0,0,0,1,0,0,0,1,1,0,1,1,1,1,0,0,0,1,1,0,1,0,1,1,1,0,0,1,1,1,1,1,1,1,1,1,1,0,0,0,0,1,1,1,0,0,1,0,0,0,0,1,0.2962962962962963,499.74426761803295,1
82,0,0,0,0,1,1,0,0,0,1,1,0,0,1,1,0,1,1,1,1,1,0,1,0,1,1,1,1,0,1,1,1,0,1,0,1,1,1,1,1,0,0,0,1,1,1,0,1,1,0,0,0,0,1,0.3148148148148148,466.75513477563084,1
83,0,0,0,0,0,1,0,0,0,1,1,0,1,1,1,1,0,0,1,1,1,0,1,0,1,1,1,0,0,1,0,1,1,1,1,1,1,0,1,0,0,0,0,1,1,1,0,0,1,0,0,1,0,1,0.37037037037037035,426.15037203049917,1
84,0,0,0,0,1,1,0,0,0,1,1,0,0,1,1,0,0,0,1,1,1,0,0,0,1,1,1,0,0,1,0,1,0,1,0,1,1,1,1,1,0,0,0,1,1,1,0,1,1,0,0,0,0,1,0.37037037037037035,462.2366699592451,1
85,0,0,0,0,0,1,0,0,0,0,1,0,0,1,1,1,0,0,1,1,1,0,1,0,1,1,1,1,0,1,1,1,0,1,1,1,1,1,1,1,0,0,0,1,1,1,0,1,1,0,0,0,0,1,0.3148148148148148,578.9095432636542,1
86,0,0,0,0,0,1,0,0,0,1,1,0,1,1,1,0,0,0,0,1,1,0,0,0,1,1,1,0,0,1,0,1,0,1,1,1,1,1,1,0,0,0,0,1,1,1,0,0,1,0,0,0,0,1,0.37037037037037035,400.15103584190103,1
87,0,0,0,0,0,1,0,0,0,1,1,0,0,1,1,0,1,0,1,1,1,0,1,0,1,1,1,1,0,1,0,1,0,1,1,1,1,1,1,1,0,0,0,1,1,1,0,0,1,0,0,0,0,1,0.3888888888888889,403.7208521442626,1
88,1,1,1,0,0,0,1,1,1,0,0,1,0,0,0,0,1,1,0,0,1,1,0,1,0,0,1,1,1,0,1,0,0,0,1,0,0,0,1,1,1,1,0,0,0,0,1,0,0,1,1,1,1,0,0.3148148148148148,463.48666478733134,1
89,0,0,0,0,0,1,0,0,0,1,1,0,1,1,1,0,0,0,1,1,1,0,1,0,1,1,1,0,0,1,1,1,1,1,1,1,1,1,1,0,0,0,0,1,1,1,0,0,1,0,0,0,0,1,0.42592592592592593,503.37989903527387,1
90,0,0,0,0,0,1,0,0,0,1,1,0,1,1,1,1,0,0,1,1,1,0,0,0,1,1,0,0,0,1,0,1,0,1,1,1,1,1,1,0,0,0,1,1,1,1,0,0,1,0,0,0,0,1,0.37037037037037035,436.3120810041403,1
91,0,0,0,0,1,1,0,0,0,1,1,0,1,1,1,1,0,1,1,1,1,0,1,0,1,1,1,0,0,1,1,1,0,1,1,1,1,0,1,0,0,0,0,1,1,1,0,1,1,0,0,0,1,1,0.3148148148148148,449.4211310625159,1
92,0,0,0,0,0,1,0,0,0,1,1,0,1,1,1,1,0,0,1,1,1,0,0,0,1,1,1,0,0,1,0,1,0,1,1,1,1,1,1,1,0,0,0,1,1,1,0,0,1,0,0,0,0,1,0.3888888888888889,397.16100800641436,1
93,0,0,0,0,0,1,0,0,0,1,1,0,1,1,1,1,0,1,0,1,1,0,1,0,1,1,1,0,0,1,1,1,0,1,0,1,1,1,1,0,0,0,1,1,1,1,0,0,1,1,0,0,0,1,0.37037037037037035,411.8890480935317,1
94,0,0,0,0,0,1,0,0,1,1,1,0,0,1,1,0,1,1,1,1,1,0,1,0,1,1,1,0,0,1,0,1,1,1,0,1,1,0,1,0,0,0,0,1,1,1,1,0,1,0,0,0,0,1,0.2962962962962963,494.79227895854206,1
95,0,0,1,0,0,1,0,0,0,1,1,0,1,1,1,1,0,0,1,1,1,0,0,0,1,1,1,1,0,1,1,1,0,1,0,1,1,1,1,1,0,0,0,1,1,0,0,0,1,1,0,0,0,1,0.35185185185185186,427.0606010873599,1
96,0,0,0,0,0,1,0,0,0,1,1,0,1,1,1,1,0,0,1,1,1,0,0,0,1,1,0,0,0,1,0,1,0,1,1,1,1,0,1,1,0,0,0,1,1,1,0,1,1,0,0,0,0,1,0.3333333333333333,504.81966344782006,1
97,0,0,0,0,0,1,0,0,0,1,1,0,0,1,1,1,0,0,1,1,1,0,1,0,1,1,1,1,0,1,0,1,0,1,1,1,1,0,1,1,0,0,0,1,1,1,0,0,1,0,0,0,0,1,0.35185185185185186,371.07314463407783,1
98,1,1,0,1,0,0,1,1,1,0,0,1,0,0,0,0,1,1,0,0,0,1,0,1,0,0,1,0,1,0,0,0,0,0,1,0,0,1,0,1,1,1,1,0,0,0,1,1,0,1,1,1,1,0,0.3333333333333333,328.6695506835961,1
99,0,0,0,0,0,1,0,0,0,0,1,0,1,1,1,1,0,0,1,1,1,0,0,0,1,1,1,1,0,1,0,1,0,1,0,1,1,1,1,1,0,0,1,1,1,1,0,1,1,0,0,0,0,1,0.3148148148148148,532.0219689831432,1
