,0,1,2,3,4,5,6,7,8,9,10,11,12,13,14,15,16,17,18,19,20,21,22,23,24,25,26,27,28,29,30,31,32,33,34,35,36,37,38,39,40,41,42,43,44,45,46,47,48,49,50,51,52,53,chain_break_fraction,energy,num_occurrences
0,1,0,1,1,1,0,1,0,0,0,0,0,1,0,0,1,0,0,0,0,1,1,0,0,0,1,1,1,0,0,0,0,1,1,0,0,1,1,0,0,0,1,0,1,1,0,1,1,0,0,0,1,1,0,0.3333333333333333,315.06608466937035,1
1,1,0,1,1,1,0,1,0,0,0,0,0,1,0,0,1,0,0,0,1,1,1,0,0,0,1,1,1,0,0,0,0,1,1,0,0,1,1,0,0,0,1,0,1,1,0,1,1,0,0,0,1,1,0,0.37037037037037035,297.13428777187517,1
2,1,0,1,1,1,1,1,0,0,0,0,0,1,0,0,1,0,0,0,0,1,1,0,0,0,1,1,1,0,1,0,0,1,1,1,0,0,1,0,0,0,1,0,1,1,0,1,1,1,0,0,0,1,0,0.3888888888888889,436.9974210502405,1
3,1,0,1,1,1,0,1,0,0,0,0,0,1,0,0,1,0,0,0,0,1,1,0,0,0,1,1,1,0,0,0,0,1,1,0,0,0,1,0,0,0,1,0,1,1,0,1,1,0,0,0,0,1,0,0.35185185185185186,281.4398191203879,1
4,1,0,1,1,1,0,1,0,0,0,0,0,1,0,0,1,0,0,0,1,1,1,0,0,0,1,1,1,0,0,0,0,1,1,0,0,0,1,0,0,0,1,0,1,1,0,1,1,0,0,0,0,1,0,0.3888888888888889,273.8594713738664,1
5,1,0,1,1,1,0,1,0,1,0,0,0,1,0,0,1,0,1,0,0,1,1,0,0,0,1,1,1,0,0,0,0,1,1,0,0,1,1,0,0,0,1,0,1,1,0,1,1,0,0,1,1,1,0,0.35185185185185186,379.84635527409625,1
6,1,0,1,1,1,1,1,0,0,0,0,0,1,0,0,1,0,0,0,0,1,1,0,0,0,1,1,1,0,0,0,0,1,1,1,0,0,1,0,0,0,1,0,1,1,0,1,1,0,0,0,0,1,0,0.37037037037037035,315.06868158612446,1
7,1,0,1,1,1,1,1,0,0,0,0,0,1,0,0,1,0,1,0,1,1,1,0,0,0,1,1,1,0,0,0,0,1,1,0,0,1,1,0,0,0,1,0,1,1,0,1,1,0,0,0,1,1,0,0.37037037037037035,349.3831990669382,1
8,1,0,1,1,1,0,1,0,0,0,0,0,1,0,0,1,0,0,0,0,1,1,0,0,0,1,1,1,0,1,0,0,1,1,0,0,0,1,0,0,0,1,0,1,1,0,1,1,0,0,0,0,1,0,0.37037037037037035,392.6663120153772,1
9,1,0,1,1,1,0,1,0,1,0,0,0,1,0,0,1,0,1,0,0,1,1,0,0,0,1,1,1,0,0,0,0,1,1,1,0,0,1,0,0,0,1,0,1,1,0,1,1,0,0,1,0,1,0,0.3888888888888889,391.4758899988423,1
10,1,0,1,1,1,0,1,0,0,0,0,0,1,0,0,1,0,1,0,1,1,1,0,0,0,1,1,1,0,0,0,0,1,1,0,0,0,1,0,0,0,1,0,1,1,0,1,1,0,0,0,1,1,0,0.37037037037037035,300.26400460339903,1
11,0,0,1,1,1,0,1,0,0,0,0,0,1,0,0,1,0,0,0,1,1,1,0,0,0,1,1,1,0,1,0,0,1,1,0,0,1,1,0,0,0,1,0,1,1,0,1,1,0,0,0,0,1,0,0.42592592592592593,403.13693405201616,1
12,1,0,1,1,1,0,1,0,0,0,0,0,1,0,0,1,0,0,1,0,1,1,0,0,0,1,1,1,0,1,0,0,1,1,0,0,1,1,0,0,0,1,0,1,1,0,1,1,0,0,0,1,1,0,0.35185185185185186,426.03497998923467,1
13,1,0,1,1,1,0,1,0,0,0,0,0,1,0,0,1,0,0,0,1,1,1,0,0,0,1,1,1,0,1,0,0,1,1,0,0,1,1,0,0,0,1,0,1,1,0,1,1,1,0,0,1,1,0,0.35185185185185186,442.21604765584766,1
14,1,0,1,1,1,0,1,0,0,0,0,0,1,0,0,1,0,0,0,0,1,1,0,0,0,1,1,1,0,1,0,0,1,1,1,0,0,1,0,0,0,1,0,1,1,0,1,1,0,0,0,1,1,0,0.35185185185185186,495.15838181986817,1
15,1,0,1,1,1,0,1,0,0,0,0,0,1,0,0,1,0,1,0,1,1,0,0,0,0,1,1,1,0,1,0,0,1,1,0,0,0,1,0,0,0,1,0,1,1,0,1,1,0,0,0,0,1,0,0.37037037037037035,353.4213081080809,1
16,1,0,1,1,1,0,1,0,0,0,0,0,1,0,0,1,0,1,0,0,1,1,0,0,0,1,1,1,0,1,0,0,1,1,0,0,0,0,0,0,0,1,0,1,1,0,1,1,0,0,0,1,1,0,0.3888888888888889,347.37276311386483,1
17,1,0,1,1,1,0,1,0,0,0,0,0,1,0,0,1,0,1,0,0,1,1,0,0,0,1,1,1,0,1,0,0,1,1,1,0,0,1,0,0,0,1,0,1,1,0,1,1,0,0,0,1,1,0,0.4074074074074074,426.1690575793184,1
18,0,0,1,1,1,1,1,0,0,0,0,0,1,0,0,1,0,1,0,1,1,1,0,0,0,1,1,1,0,0,0,0,1,1,0,0,1,1,0,0,0,1,0,1,1,0,1,1,0,0,0,1,1,0,0.35185185185185186,339.74340402116894,1
19,0,0,1,1,1,0,1,0,0,0,0,0,1,0,0,1,0,0,0,1,1,1,0,0,0,1,1,1,0,0,0,0,1,1,0,0,0,1,0,0,0,1,0,1,1,0,1,1,0,0,0,0,1,0,0.42592592592592593,279.774303140853,1
20,0,0,1,1,1,0,1,0,0,0,0,0,1,0,0,1,0,1,0,1,1,1,0,0,0,1,1,1,0,0,0,0,1,1,0,0,1,1,0,0,0,1,0,1,1,0,1,1,1,0,0,0,1,0,0.35185185185185186,304.02447306064954,1
21,1,0,1,1,1,0,1,0,0,0,0,0,1,1,0,1,0,0,0,1,1,1,0,0,0,1,1,1,0,1,0,0,1,1,1,0,1,1,0,0,0,1,0,1,1,0,1,1,0,0,1,0,1,0,0.4074074074074074,570.9511011129385,1
22,1,0,1,1,1,0,1,0,1,0,0,0,1,0,0,1,0,0,0,0,1,1,0,0,0,1,1,1,0,0,0,0,1,1,0,0,0,1,0,0,0,1,0,1,1,0,1,1,1,0,1,0,1,0,0.37037037037037035,386.61178446652724,1
23,0,0,1,1,1,0,1,0,0,0,0,0,1,0,0,1,0,0,0,0,1,1,0,0,0,1,1,1,0,1,0,0,1,1,1,0,0,1,0,0,0,1,0,1,1,0,1,1,1,0,0,0,1,0,0.37037037037037035,527.7853765349738,1
24,1,0,1,1,1,0,1,0,1,0,0,0,1,0,0,1,0,0,0,0,1,1,0,0,0,1,1,1,0,0,0,0,1,1,0,0,1,1,0,0,0,1,0,1,1,0,1,1,1,0,1,0,1,0,0.4074074074074074,401.7931302766327,1
25,1,0,1,1,1,0,1,0,0,0,0,0,1,0,0,1,0,1,0,1,1,1,0,0,0,0,1,1,0,0,0,0,1,1,1,0,0,1,0,0,0,1,0,1,1,0,1,1,0,0,0,1,1,0,0.3888888888888889,321.5848598504642,1
26,1,0,1,1,1,1,1,0,0,0,0,0,1,0,0,1,0,0,0,0,1,1,0,0,0,1,1,1,0,0,0,0,1,1,0,0,1,1,0,0,0,1,0,1,1,0,1,1,1,0,0,1,1,0,0.37037037037037035,319.97143338475496,1
27,1,0,1,1,1,0,1,0,0,0,1,0,1,0,0,1,0,0,0,0,1,1,0,0,0,1,1,1,0,1,0,0,1,1,1,0,1,1,0,0,0,1,0,1,1,0,1,1,0,0,0,0,1,0,0.3333333333333333,435.5100145441288,1
28,1,0,1,1,1,0,1,0,1,0,0,0,1,1,0,1,0,0,0,1,1,1,0,0,0,1,1,1,0,0,0,0,1,1,0,0,1,1,0,0,0,1,0,1,1,0,1,1,0,0,0,1,1,0,0.42592592592592593,316.0810172601262,1
29,1,0,1,1,1,0,1,0,0,0,0,0,1,0,0,1,0,1,0,1,1,1,0,0,0,1,1,1,0,0,0,0,1,1,0,1,0,1,0,0,0,1,0,1,1,0,1,1,0,0,0,1,1,0,0.3333333333333333,362.0203180599785,1
30,1,0,1,1,1,0,1,0,1,0,0,0,1,0,0,1,0,1,0,1,1,1,0,0,0,1,1,1,0,1,0,0,1,1,0,0,0,1,0,0,0,1,0,1,1,0,1,1,0,0,0,1,1,0,0.3333333333333333,377.4413138361458,1
31,1,0,1,1,1,0,1,0,0,0,0,0,1,0,0,1,0,1,0,1,1,1,0,0,0,1,1,1,0,1,0,0,1,1,0,0,1,0,0,0,0,1,0,1,1,0,1,1,1,0,0,0,1,0,0.42592592592592593,353.9803093367565,1
32,1,0,1,1,1,0,1,0,0,0,0,0,1,0,0,1,0,0,0,1,1,1,0,0,0,1,1,1,0,0,0,0,1,1,0,0,1,1,0,0,0,1,0,1,1,0,0,1,0,0,0,1,1,0,0.3888888888888889,268.1903653427808,1
33,1,0,1,1,1,0,1,0,0,0,0,0,1,0,0,1,0,0,0,1,1,1,0,0,0,1,1,1,0,1,0,0,1,1,1,0,0,1,0,0,0,1,0,0,1,0,1,1,0,0,0,1,1,0,0.37037037037037035,386.77289675844065,1
34,1,0,1,1,1,1,1,0,0,0,0,0,1,0,0,1,0,1,0,1,1,1,0,0,0,1,1,1,0,0,0,0,1,1,0,0,1,1,0,0,0,1,0,1,1,0,1,1,0,0,1,1,1,0,0.37037037037037035,386.8316915919051,1
35,0,0,1,1,1,0,1,0,0,0,0,0,1,0,0,1,0,1,0,0,1,1,0,0,0,1,1,1,0,1,0,0,1,1,1,0,0,1,0,0,0,1,0,1,1,0,1,1,1,0,0,1,1,0,0.4074074074074074,478.8177719547333,1
36,1,0,1,1,1,0,1,0,0,0,0,0,1,0,0,1,0,0,0,1,1,1,0,0,0,1,1,1,0,0,0,0,1,1,0,0,0,1,0,0,0,1,0,1,1,0,1,1,1,0,0,0,1,0,0.3888888888888889,289.05703379220046,1
37,1,0,1,1,1,0,1,0,0,0,0,0,1,0,0,1,0,1,0,0,1,1,0,0,0,1,1,1,0,0,0,0,1,1,0,0,0,1,0,0,0,1,0,1,1,0,1,1,1,0,0,0,1,0,0.35185185185185186,293.5009468439808,1
38,1,0,1,1,1,0,1,0,0,0,0,0,1,0,0,1,0,1,0,1,1,1,0,0,0,1,1,1,0,1,0,0,1,1,0,0,1,1,0,0,0,1,0,1,1,0,1,1,0,0,0,1,1,0,0.4074074074074074,372.9531214985089,1
39,1,0,1,1,1,0,1,0,0,0,0,0,1,0,0,1,0,0,0,1,1,1,0,0,0,1,1,1,0,1,0,0,1,1,0,0,1,1,0,0,0,1,0,1,1,0,1,1,0,0,0,1,1,0,0.37037037037037035,410.0177703978614,1
40,1,1,1,0,0,1,0,0,0,1,1,1,0,1,1,0,1,0,1,1,1,0,1,1,1,0,0,0,1,1,1,1,0,0,1,0,1,0,1,1,1,0,1,0,0,1,0,0,1,1,1,0,0,1,0.37037037037037035,498.3440003771544,1
41,1,0,1,1,1,0,1,0,0,0,0,0,1,1,0,1,0,0,0,1,1,1,0,0,0,1,1,1,0,1,0,0,1,1,0,0,0,0,0,0,0,1,0,1,1,0,1,1,0,0,0,1,1,0,0.37037037037037035,341.81508542275316,1
42,1,0,1,1,1,0,1,0,0,0,0,0,1,1,0,1,0,0,0,0,1,1,0,0,1,1,1,1,0,0,0,0,1,1,0,0,0,1,0,0,0,1,0,1,1,0,1,1,1,0,0,1,1,0,0.35185185185185186,299.9109544712539,1
43,1,0,1,1,1,0,1,0,0,0,0,0,1,0,0,1,0,1,0,1,1,1,0,0,0,1,1,1,0,1,0,0,1,1,0,0,0,1,0,0,0,1,0,1,1,0,1,1,0,0,0,0,1,0,0.4074074074074074,348.59893248445366,1
44,1,0,1,1,1,0,1,0,0,0,0,0,1,0,0,1,0,1,0,0,1,1,0,0,0,1,1,1,0,1,0,0,1,1,0,0,0,1,0,0,0,1,0,1,1,0,1,1,0,0,0,0,1,0,0.35185185185185186,354.46736484064303,1
45,1,0,1,1,1,0,1,0,0,0,0,0,1,0,0,1,0,0,0,0,1,1,0,0,0,1,1,1,0,0,0,0,1,1,0,0,0,1,0,0,0,1,1,1,1,0,1,1,1,0,0,0,1,0,0.35185185185185186,324.9684170412098,1
46,1,0,1,1,1,0,1,0,0,0,0,0,1,0,0,1,0,0,0,0,1,1,0,0,0,1,1,1,0,0,0,0,1,1,0,0,0,1,0,0,0,1,0,1,1,0,1,1,0,0,0,1,1,0,0.3888888888888889,300.02670124558296,1
47,1,1,1,0,0,1,0,1,1,1,1,1,0,1,1,0,1,0,1,1,1,0,1,1,1,0,0,0,0,1,1,1,0,0,0,1,1,0,1,1,1,0,0,0,0,1,0,0,1,1,1,1,0,1,0.35185185185185186,701.9721319253339,1
48,1,0,1,1,1,0,1,0,0,0,0,0,1,0,0,1,0,1,0,1,1,1,0,0,0,1,1,1,0,0,0,0,1,1,0,0,1,1,0,0,0,1,0,1,1,0,1,1,1,0,0,0,1,0,0.42592592592592593,302.67727742490587,1
49,1,0,1,1,1,0,1,0,0,0,1,0,1,0,0,1,0,0,0,1,1,1,0,0,0,1,1,1,0,1,0,0,1,1,0,1,0,0,0,0,0,1,0,1,1,0,1,1,0,0,0,0,1,0,0.3888888888888889,413.6930718741319,1
50,1,0,1,1,1,0,1,0,0,0,1,0,1,0,0,1,0,1,0,0,1,1,0,0,0,1,1,1,0,1,0,0,1,1,0,0,1,1,0,0,0,1,0,1,1,0,1,1,1,0,0,1,1,0,0.3333333333333333,382.94306138832155,1
51,1,0,1,1,1,0,1,0,0,0,0,0,1,0,0,1,0,1,0,1,1,1,0,0,0,1,1,1,0,1,0,0,1,1,0,0,0,0,0,0,0,1,1,1,1,0,1,1,1,0,0,0,1,0,0.35185185185185186,363.4986882636119,1
52,1,0,1,1,1,0,1,0,1,0,0,0,1,0,0,1,0,0,0,0,1,1,0,0,0,1,1,1,0,0,0,0,1,1,0,0,1,1,0,0,0,1,0,1,1,0,1,1,1,0,0,0,1,0,0.4074074074074074,302.1736881473499,1
53,0,1,1,0,0,1,0,1,1,1,0,1,0,1,1,0,1,0,1,1,1,0,1,1,1,0,0,0,1,1,1,1,0,0,1,0,1,0,1,1,1,0,0,0,0,1,0,0,1,1,1,1,0,1,0.3148148148148148,591.4901870285755,1
54,0,1,1,0,0,1,0,1,0,1,1,1,0,1,1,0,1,0,1,1,1,0,1,1,1,0,0,0,1,1,1,1,0,0,0,1,1,1,1,1,1,0,1,0,0,1,0,0,0,1,1,0,0,1,0.3888888888888889,504.323927774322,1
55,1,0,1,1,1,1,1,0,0,0,0,0,1,1,0,1,0,1,0,1,1,1,0,0,0,1,1,1,0,0,0,0,1,1,1,0,0,1,0,0,0,1,1,1,1,0,1,1,0,0,0,1,1,0,0.3888888888888889,389.5132551222765,1
56,0,0,1,1,1,0,1,0,1,0,0,0,1,0,0,1,0,0,0,1,1,1,0,0,0,1,1,1,0,0,0,0,1,1,0,0,0,1,0,0,0,1,0,1,1,0,1,1,1,0,0,1,1,0,0.4444444444444444,311.7303419671274,1
57,1,0,1,1,1,0,1,0,1,0,0,0,1,0,0,1,0,0,0,1,1,1,0,0,0,1,1,1,0,0,0,0,1,1,0,0,0,1,0,0,0,1,0,1,1,0,1,1,1,0,1,1,1,0,0.4074074074074074,391.20241846899273,1
58,1,0,1,1,1,0,1,0,0,0,0,0,1,0,0,1,0,0,0,1,1,1,0,0,0,0,1,1,0,1,0,0,1,1,0,0,1,1,0,0,0,1,0,1,1,0,1,1,0,0,0,1,1,0,0.4444444444444444,447.5895745570376,1
59,1,0,1,1,1,0,1,0,0,0,0,0,1,0,0,1,0,1,0,1,1,1,0,0,0,1,1,1,0,1,0,0,1,1,0,0,0,0,0,0,0,1,0,1,1,0,1,1,1,0,0,0,1,0,0.4074074074074074,348.993439449179,1
60,1,0,1,1,1,0,1,0,0,0,0,0,1,1,0,1,0,1,0,0,1,1,0,0,0,1,1,1,0,1,0,0,1,1,0,0,1,1,0,0,0,1,0,1,1,0,1,1,1,0,0,1,1,0,0.37037037037037035,396.57130742653277,1
61,1,0,1,1,1,0,1,0,1,0,0,0,1,1,0,1,0,1,0,0,1,1,0,0,0,1,1,1,0,1,0,0,1,1,0,0,0,1,0,0,0,1,0,1,1,0,1,1,0,0,0,1,1,0,0.4074074074074074,379.0889966365063,1
62,1,1,1,0,0,1,0,0,0,1,1,1,0,1,1,0,1,0,1,0,1,0,1,1,1,0,0,0,1,1,1,1,0,0,0,1,1,0,1,1,1,0,0,0,0,1,0,0,0,1,1,0,0,1,0.35185185185185186,461.00445795700927,1
63,1,0,1,1,1,0,1,1,0,0,0,0,1,0,0,1,0,1,0,0,1,1,0,0,0,1,1,1,0,1,0,0,1,1,0,0,1,1,0,0,0,1,0,1,1,0,1,1,0,0,0,0,1,0,0.35185185185185186,353.4674180377739,1
64,0,0,1,1,1,1,1,0,1,0,0,0,1,0,0,1,0,0,0,1,1,1,0,0,0,1,1,1,0,0,0,0,1,1,0,0,0,1,0,0,0,1,0,1,1,0,1,1,1,0,0,1,1,0,0.4074074074074074,351.93272534614533,1
65,1,0,1,1,1,1,1,0,0,0,0,0,1,0,0,1,1,1,0,0,1,1,0,0,0,1,1,1,0,0,0,0,1,1,0,0,0,1,0,0,0,1,1,1,1,0,1,1,0,0,1,1,1,0,0.3888888888888889,396.20886517362857,1
66,1,0,1,1,1,0,1,0,0,0,0,0,1,0,0,1,0,0,0,1,1,1,0,0,0,1,1,1,0,1,0,0,1,1,1,0,0,1,0,0,0,1,0,1,1,0,1,1,1,0,0,0,1,0,0.3888888888888889,454.9679914916776,1
67,1,0,1,1,1,0,1,0,0,0,0,0,1,0,0,1,0,0,0,1,1,1,0,0,1,1,1,1,0,1,0,0,1,1,0,0,1,1,0,0,0,1,0,1,1,0,1,1,1,0,0,0,1,0,0.3888888888888889,396.86182411557576,1
68,1,0,1,1,1,0,1,0,0,0,0,0,1,1,0,1,0,0,0,1,1,1,0,0,0,1,1,1,1,0,0,0,1,1,0,0,1,1,0,0,0,1,0,1,1,0,1,1,0,0,0,0,1,0,0.3888888888888889,309.1856295562092,1
69,1,0,1,1,1,0,1,0,1,0,0,0,1,0,0,1,0,1,0,0,1,1,0,0,0,1,1,1,0,0,0,0,1,1,0,0,1,1,0,0,0,1,0,1,1,0,1,1,1,0,0,0,1,0,0.4074074074074074,323.8993978050964,1
70,1,1,1,0,0,1,0,1,0,1,1,1,0,1,1,0,1,0,1,0,1,0,1,1,1,0,0,0,1,1,1,1,0,0,1,0,1,0,1,1,1,0,1,0,0,1,0,0,0,1,1,1,0,1,0.42592592592592593,480.99721618884666,1
71,0,0,1,1,1,0,1,0,0,0,0,0,1,0,0,1,0,0,0,1,1,1,0,0,0,1,1,1,0,1,0,0,1,1,1,1,1,1,0,0,0,1,0,1,1,0,1,1,0,0,0,0,1,0,0.42592592592592593,656.6206349228071,1
72,1,0,1,1,1,0,1,0,0,0,0,1,1,0,0,1,0,1,0,0,1,1,0,0,0,1,1,1,0,1,0,0,1,1,1,0,0,0,0,0,0,1,0,1,1,0,1,1,0,0,0,0,1,0,0.37037037037037035,359.8389286207792,1
73,1,0,1,1,1,0,1,0,0,0,0,0,1,0,0,1,0,0,0,1,1,1,0,0,1,1,1,1,0,1,0,0,1,1,1,0,1,1,0,0,0,1,0,1,1,0,1,1,1,0,0,0,1,0,0.4074074074074074,460.55289637625947,1
74,0,0,1,1,1,0,1,0,0,0,0,0,1,0,0,1,0,1,0,1,1,1,0,0,0,1,1,1,0,0,0,0,1,1,0,0,0,1,0,0,0,1,1,1,1,0,1,1,1,0,0,1,1,0,0.42592592592592593,322.51474116587764,1
75,1,0,1,1,1,0,1,0,0,0,0,0,1,0,0,1,0,1,0,0,1,1,0,0,0,1,1,1,0,1,0,0,1,1,0,0,1,1,0,0,0,1,0,1,1,0,1,1,1,0,0,1,1,0,0.4074074074074074,416.2049414359583,1
76,0,0,1,1,1,0,1,0,1,0,0,0,1,0,0,1,0,0,0,0,1,1,0,0,1,0,1,1,0,0,0,0,1,1,0,0,0,1,0,0,0,1,0,1,1,0,1,1,0,0,1,1,1,0,0.4074074074074074,409.04382909699234,1
77,1,0,1,1,1,0,1,0,0,0,0,0,1,1,0,1,0,1,1,1,1,1,0,0,0,1,1,1,0,0,0,0,1,1,0,0,1,1,0,0,0,1,0,1,1,0,1,1,1,0,1,0,1,0,0.3888888888888889,377.5641706862338,1
78,0,0,1,1,1,0,1,0,0,0,0,0,1,1,0,1,0,0,0,1,1,1,0,0,0,1,1,1,0,0,0,0,1,1,0,0,1,0,0,0,0,1,0,1,1,0,1,1,1,0,0,1,1,0,0.37037037037037035,294.32856206990436,1
79,0,0,1,1,1,0,1,0,0,0,0,0,1,0,0,1,0,0,0,1,1,1,0,0,0,1,1,1,0,0,0,0,1,0,0,0,1,1,0,0,0,1,0,1,1,0,1,1,0,0,0,0,1,0,0.42592592592592593,273.9005166596904,1
80,0,0,1,1,1,0,1,0,0,0,0,0,1,0,0,1,0,0,0,0,1,1,0,0,0,1,1,1,1,0,0,0,1,1,0,0,0,1,0,0,0,1,0,1,1,0,1,1,1,0,0,0,1,0,0.3888888888888889,370.10850367432937,1
81,0,0,1,1,1,0,1,0,1,0,0,0,1,0,0,1,0,0,0,0,1,1,0,0,0,1,1,1,0,0,0,0,1,1,1,0,1,1,0,0,0,1,0,1,1,0,1,1,0,0,0,0,1,0,0.35185185185185186,327.4886003543716,1
82,1,0,1,1,1,0,1,0,0,0,0,0,1,0,0,1,0,1,0,0,1,1,0,0,1,1,1,1,0,0,0,0,1,1,0,0,0,1,0,0,0,1,0,1,1,0,1,1,0,0,0,1,1,0,0.4074074074074074,293.2185689961248,1
83,0,0,1,1,1,0,1,0,0,0,0,0,1,0,0,1,0,0,0,0,1,1,0,0,0,1,1,1,0,1,0,0,1,1,0,0,0,1,0,0,0,1,0,1,1,0,1,1,0,0,0,0,1,0,0.35185185185185186,414.54857506299834,1
84,1,1,1,1,1,0,1,0,0,0,0,0,1,0,0,1,0,0,0,0,1,1,0,0,0,1,1,1,0,0,0,0,1,1,1,0,0,1,0,0,0,1,1,1,1,0,1,1,0,0,0,1,1,0,0.46296296296296297,346.9390337807966,1
85,0,0,1,1,1,0,1,0,0,0,0,0,1,0,0,1,0,0,0,1,1,1,0,0,1,1,1,1,0,1,0,0,1,1,0,0,1,1,0,0,0,1,1,1,1,0,1,1,0,0,0,1,1,0,0.42592592592592593,446.44334878835184,1
86,1,1,1,0,0,1,0,1,0,1,1,1,0,1,1,0,1,0,1,1,1,0,1,1,1,0,0,0,1,1,0,1,0,0,1,0,1,1,1,1,1,0,0,0,0,1,0,0,1,1,1,0,0,1,0.3888888888888889,538.412320206099,1
87,0,1,1,0,0,1,0,1,1,1,1,1,0,1,1,0,1,0,1,1,1,0,1,1,1,0,0,0,1,1,1,1,0,0,1,1,1,0,1,1,1,0,1,0,0,1,0,0,0,1,1,0,0,1,0.4074074074074074,625.0910419688886,1
88,1,0,1,1,1,0,1,0,0,0,0,0,1,0,0,1,0,0,0,0,1,1,0,0,0,1,1,1,0,0,0,0,1,1,1,0,1,1,0,0,0,1,0,1,1,0,1,1,1,0,0,1,1,0,0.4074074074074074,401.1621084953523,1
89,1,0,1,1,1,0,1,0,0,0,0,0,1,0,0,1,0,0,0,1,1,1,0,0,0,1,1,0,0,0,0,0,1,1,1,0,1,1,0,0,0,1,0,1,1,0,1,1,0,0,0,1,1,0,0.37037037037037035,319.35515842837174,1
90,1,0,1,1,1,1,1,0,0,0,0,0,1,0,0,1,0,0,0,1,1,1,0,0,0,1,1,1,0,0,0,0,1,1,0,0,1,1,0,0,0,1,0,1,1,0,1,1,1,0,0,1,1,0,0.3888888888888889,316.8932766056969,1
91,0,1,1,0,0,1,0,1,0,1,0,1,0,1,1,0,1,0,1,1,1,0,1,1,0,0,0,0,1,1,1,1,0,0,1,0,1,0,1,1,1,0,1,0,0,1,0,0,1,1,1,0,0,1,0.37037037037037035,462.7177952661091,1
92,0,0,1,1,1,0,1,0,1,0,0,0,1,0,0,1,0,1,0,0,1,1,0,0,0,1,1,1,0,0,0,0,1,1,0,0,1,1,0,1,0,1,1,1,1,0,1,1,0,0,1,0,1,0,0.4074074074074074,406.36660876755167,1
93,1,0,1,1,1,0,1,0,0,0,1,0,1,0,0,1,0,1,0,0,1,1,0,0,0,1,1,1,0,0,0,0,1,1,0,0,1,1,0,0,0,1,0,1,1,0,1,1,1,0,0,1,1,0,0.3148148148148148,299.59704932971533,1
94,0,0,1,1,1,1,1,0,0,0,0,0,1,1,0,1,0,1,0,1,1,1,0,0,0,1,1,1,0,0,0,0,1,1,0,0,1,1,0,0,0,1,0,1,1,0,1,1,1,0,1,1,1,0,0.3888888888888889,408.8498676998813,1
95,1,0,1,1,1,0,1,0,0,0,0,0,1,0,0,1,0,1,0,1,1,1,0,0,1,1,1,1,0,1,0,0,1,1,1,0,1,1,0,0,0,1,0,1,1,0,0,1,0,0,0,0,1,0,0.37037037037037035,363.8066313470342,1
96,1,0,1,1,1,0,1,0,0,0,0,0,1,1,0,1,0,1,0,1,0,1,0,0,1,1,1,1,0,0,0,0,1,1,1,0,1,0,0,0,0,1,0,1,1,0,1,1,1,0,0,0,1,0,0.35185185185185186,301.70639575627047,1
97,0,0,1,1,1,0,1,0,0,0,0,0,1,0,0,1,0,1,0,1,1,1,0,0,0,1,1,1,0,0,0,0,1,1,1,0,1,1,0,0,0,1,0,1,1,0,1,1,1,0,0,1,1,0,0.37037037037037035,350.1221092215221,1
98,0,0,1,1,1,0,1,0,0,0,0,0,1,1,0,1,0,1,0,0,1,1,0,0,0,1,1,1,0,1,0,0,1,1,0,0,0,1,0,0,0,1,1,1,1,0,1,1,1,0,0,0,1,0,0.3888888888888889,398.394778221949,1
99,1,0,1,1,1,0,1,0,1,0,0,0,0,0,0,1,0,1,0,1,1,1,0,0,0,1,1,1,0,0,0,0,1,1,0,0,0,1,0,0,0,1,0,1,1,0,1,1,0,0,0,1,1,0,0.4444444444444444,340.9513076000795,1
