,0,1,2,3,4,5,6,7,8,9,10,11,12,13,14,15,16,17,18,19,20,21,22,23,24,25,26,27,28,29,30,31,32,33,34,35,36,37,38,39,40,41,42,43,44,45,46,47,48,49,50,51,52,53,chain_break_fraction,energy,num_occurrences
0,0,0,0,1,1,1,1,1,1,0,1,0,1,1,0,0,1,1,0,0,1,1,0,0,1,0,0,0,1,0,0,0,1,1,1,0,0,1,0,0,1,0,0,1,1,0,1,0,1,1,1,0,0,1,0.3148148148148148,384.7030475736459,1
1,1,1,1,0,0,0,0,0,0,1,1,1,0,0,1,1,1,0,1,1,0,0,1,1,0,1,1,1,1,1,1,1,1,0,0,1,1,1,1,1,0,1,1,0,0,1,0,1,0,0,1,1,1,0,0.35185185185185186,561.4426288698761,1
2,1,1,1,0,0,0,0,0,0,1,1,1,0,0,1,1,1,0,1,1,0,0,1,1,0,1,1,1,1,1,1,1,1,0,0,1,1,1,1,1,0,1,1,0,0,1,0,1,0,0,0,1,1,0,0.3148148148148148,452.0989463077643,1
3,0,0,0,1,1,1,1,1,1,0,1,0,0,1,0,0,0,1,0,0,1,1,0,0,1,0,0,0,0,0,0,0,1,1,1,1,0,1,0,0,1,0,0,1,1,0,1,0,1,1,1,0,0,1,0.3148148148148148,463.64352140911456,1
4,0,0,0,1,1,1,1,1,1,0,1,0,0,1,0,0,0,1,0,1,1,1,0,0,1,0,0,0,0,0,0,0,1,1,1,1,0,1,0,0,1,0,0,1,1,0,1,0,1,1,1,0,0,1,0.3148148148148148,445.7581470131006,1
5,1,1,1,0,0,0,0,0,0,1,1,1,0,0,1,1,1,0,1,0,1,0,1,1,0,1,1,1,1,1,1,1,1,0,0,1,1,1,1,1,0,1,1,0,0,1,0,1,0,0,1,1,1,0,0.3148148148148148,553.1857457472117,1
6,1,1,1,0,0,0,0,0,0,1,1,1,0,0,1,1,0,0,1,1,0,0,1,1,0,1,1,1,1,1,1,1,1,0,0,1,1,1,1,1,0,1,1,0,0,1,0,1,0,0,1,1,1,0,0.35185185185185186,592.79588059536,1
7,0,0,0,1,1,1,1,1,1,0,1,0,0,1,0,0,1,1,0,1,1,1,0,0,1,0,0,0,0,0,0,0,1,1,1,1,0,1,0,0,1,0,0,1,1,0,1,0,1,1,1,0,0,1,0.3148148148148148,444.7868893297616,1
8,0,0,0,1,1,1,1,1,1,0,1,0,1,1,0,0,0,1,0,1,1,1,0,0,1,0,0,0,0,0,0,0,1,1,1,0,0,1,0,0,1,0,0,1,1,0,1,0,1,1,1,0,0,1,0.3148148148148148,364.0895010334465,1
9,1,1,1,0,0,0,0,0,0,1,0,1,0,0,1,1,1,0,1,0,1,0,1,1,0,1,1,1,0,1,1,1,1,0,0,1,1,1,1,1,0,1,1,0,0,1,0,1,0,0,0,1,1,0,0.3333333333333333,440.1203489225429,1
10,0,0,0,1,1,1,1,1,1,0,1,0,0,1,0,0,1,1,0,1,1,1,0,0,1,0,0,0,0,0,0,0,1,1,1,0,0,1,0,0,1,0,0,1,1,0,1,0,1,1,1,0,0,1,0.3333333333333333,381.8165056068533,1
11,1,1,1,0,0,0,0,0,0,1,1,1,0,0,1,1,1,0,1,1,0,0,1,1,0,1,1,1,1,1,1,1,1,0,0,1,1,1,1,1,0,1,1,0,0,1,0,1,0,0,1,1,1,0,0.37037037037037035,561.4426288698761,1
12,0,0,0,1,1,1,1,1,1,0,1,0,1,1,0,0,1,1,0,1,1,1,0,0,1,0,0,0,1,0,0,0,1,1,1,0,0,1,0,0,1,0,0,1,1,0,1,0,1,1,1,0,0,1,0.3333333333333333,392.6096269690081,1
13,1,1,1,0,0,0,0,0,0,1,1,1,0,0,1,1,0,0,1,1,0,0,1,1,0,1,1,1,1,1,1,1,1,0,0,1,1,1,1,1,0,1,1,0,0,1,0,1,0,0,1,1,1,0,0.35185185185185186,592.79588059536,1
14,1,1,1,0,0,0,0,0,0,1,0,1,0,0,1,1,1,0,1,1,0,0,1,1,0,1,1,1,0,1,1,1,1,0,0,1,1,1,1,1,0,1,1,0,0,1,0,1,0,0,0,1,1,0,0.35185185185185186,428.37721721241485,1
15,0,0,0,1,1,1,1,1,1,0,1,0,1,1,0,0,1,1,0,0,1,1,0,0,1,0,0,0,0,0,0,0,1,1,1,0,0,1,0,0,1,0,0,1,1,0,1,0,1,1,1,0,0,1,0.35185185185185186,370.3724025671313,1
16,1,1,1,0,0,0,0,0,0,1,1,1,0,0,1,1,1,0,1,1,0,0,1,1,0,1,1,1,1,1,1,1,1,0,0,1,1,1,1,1,0,1,1,0,0,1,0,1,0,0,1,1,1,0,0.3148148148148148,561.4426288698761,1
17,1,1,1,0,0,0,0,0,0,1,0,1,0,0,1,1,1,0,1,1,0,0,1,1,0,1,1,1,1,1,1,1,1,0,0,1,1,1,1,1,0,1,1,0,0,1,0,1,0,0,1,1,1,0,0.3333333333333333,594.432741895038,1
18,1,1,1,0,0,0,0,0,0,1,1,1,0,0,1,1,1,0,1,1,0,0,1,1,0,1,1,1,1,1,1,1,1,0,0,1,1,1,1,1,0,1,1,0,0,1,0,1,0,0,1,1,1,0,0.35185185185185186,561.4426288698761,1
19,1,1,1,0,0,0,0,0,0,1,0,1,0,0,1,1,1,0,1,1,0,0,1,1,0,1,1,1,1,1,1,1,1,0,0,1,1,1,1,1,0,1,0,0,0,1,0,1,0,0,0,1,1,0,0.3333333333333333,446.5281900313255,1
20,0,0,0,1,1,1,1,1,1,0,1,0,1,1,0,0,1,1,0,1,1,1,0,0,1,0,0,0,0,0,0,0,1,1,1,1,0,1,0,0,1,0,0,1,1,0,1,0,1,1,1,0,0,1,0.3148148148148148,440.93960079828923,1
21,1,1,1,0,0,0,0,0,0,1,0,1,0,0,1,1,1,0,1,1,0,0,1,1,0,1,1,1,0,1,1,1,1,0,0,1,1,1,1,0,0,1,1,0,0,1,0,1,0,0,0,1,1,0,0.3333333333333333,417.39093839080715,1
22,1,1,1,0,0,0,0,0,0,1,0,1,0,0,1,1,1,0,1,1,0,0,1,1,0,1,1,1,1,1,1,1,1,0,0,1,1,1,1,1,0,1,1,0,0,1,0,1,0,0,0,1,1,0,0.2962962962962963,464.76569659781524,1
23,0,0,0,1,1,1,1,1,1,0,1,0,0,1,0,0,1,1,0,1,1,1,0,0,1,0,0,0,0,0,0,0,1,1,1,1,0,1,0,0,1,0,0,1,1,0,1,0,1,1,1,0,0,1,0.3148148148148148,444.7868893297616,1
24,1,1,1,0,0,0,0,0,0,1,0,1,0,0,1,1,1,0,1,1,1,0,1,1,0,0,1,1,0,1,1,1,1,0,0,1,1,1,1,1,0,1,1,0,0,1,0,1,0,0,0,1,1,0,0.3333333333333333,446.750722773946,1
25,1,1,1,0,0,0,0,0,0,1,0,1,0,0,1,1,1,0,1,0,0,0,1,1,0,1,1,1,1,1,1,1,1,0,0,1,1,1,1,0,0,1,1,0,0,1,0,1,0,0,0,1,1,0,0.2962962962962963,465.43060956014483,1
26,0,0,0,1,1,1,1,1,1,0,1,0,0,1,0,0,1,1,0,1,1,1,0,0,1,0,0,0,1,0,0,0,1,1,1,0,0,1,0,0,1,0,0,1,1,0,1,0,1,1,1,0,0,1,0.3148148148148148,391.1544040900127,1
27,0,0,0,1,1,1,1,1,1,0,1,1,0,1,0,0,0,1,0,1,1,1,0,0,1,0,0,0,0,0,0,0,1,1,1,1,0,1,0,0,0,0,0,1,1,0,1,0,1,1,1,0,0,1,0.2962962962962963,448.7115643350313,1
28,0,0,0,1,1,1,1,1,1,0,1,0,0,1,0,0,0,1,0,1,1,1,0,0,1,0,0,0,0,0,0,0,1,1,1,0,0,1,0,0,1,0,0,1,1,0,1,0,1,1,1,0,0,1,0.2777777777777778,362.62810614332477,1
29,1,1,1,0,0,0,0,0,0,1,1,1,0,0,1,1,1,0,1,1,1,0,1,1,0,1,1,1,1,1,1,1,1,0,0,1,1,1,1,1,0,1,1,0,0,1,0,1,0,0,1,1,1,0,0.37037037037037035,544.9288626245473,1
30,1,1,1,0,0,0,0,0,0,1,0,1,0,0,1,1,1,0,1,0,1,0,1,1,0,1,1,1,0,1,1,1,1,0,0,1,1,1,1,0,0,1,1,0,0,1,0,1,0,0,1,1,1,0,0.2962962962962963,508.8961126699949,1
31,1,1,1,0,0,0,0,0,0,1,0,1,0,0,1,1,1,0,1,1,1,0,1,1,0,1,1,1,0,1,1,1,1,0,0,1,1,1,1,0,0,1,1,0,0,1,0,1,0,0,1,1,1,0,0.35185185185185186,505.6266117739048,1
32,1,0,0,1,1,1,1,1,1,0,1,0,1,1,0,0,0,1,0,0,1,1,0,0,1,1,0,0,0,0,0,0,1,1,1,1,0,1,0,0,1,0,0,1,1,0,1,0,1,1,1,0,0,1,0.3333333333333333,423.297144004939,1
33,0,0,0,1,1,1,1,1,1,0,0,0,0,1,0,0,0,1,0,0,1,1,0,0,1,0,0,0,0,0,0,0,1,1,1,1,0,1,0,0,1,0,0,1,1,0,1,0,1,1,1,0,0,1,0.2962962962962963,493.895295664518,1
34,1,1,1,0,0,0,0,0,0,1,1,1,0,0,1,1,1,0,1,1,0,0,1,1,0,1,1,1,1,1,1,1,1,0,0,1,1,1,1,1,0,1,1,0,0,1,0,1,1,0,0,1,1,0,0.3333333333333333,470.4348669482921,1
35,1,1,1,0,0,0,0,0,0,1,0,1,0,0,1,1,1,0,1,0,0,0,1,1,0,1,1,1,0,1,1,1,1,0,0,1,1,1,1,1,0,1,1,0,0,1,0,1,0,0,1,1,1,0,0.3148148148148148,566.6854891675489,1
36,0,0,0,1,1,1,1,1,1,0,1,0,1,1,0,0,1,1,0,0,1,1,0,0,1,0,0,0,1,0,0,0,1,1,1,0,1,1,0,0,1,0,0,1,1,0,1,0,1,1,1,0,0,1,0.35185185185185186,396.5902058789861,1
37,1,1,1,0,0,0,0,0,0,1,0,1,0,0,1,1,1,0,1,1,0,0,1,1,0,0,1,1,1,1,1,1,1,0,0,1,0,1,1,1,0,1,1,0,0,1,0,1,0,0,0,1,1,0,0.3333333333333333,464.85176139187706,1
38,0,0,0,1,1,1,1,1,1,0,1,0,0,1,0,0,0,1,0,1,1,1,0,0,1,0,0,1,0,0,0,0,1,1,1,1,0,1,0,0,1,0,0,1,1,0,1,0,1,1,1,0,0,1,0.3333333333333333,463.0034499640766,1
39,1,1,1,0,0,0,0,0,0,1,1,1,0,0,1,1,1,0,1,1,0,0,1,1,0,1,1,1,1,1,1,1,1,0,0,1,1,1,1,0,1,1,1,0,0,1,0,1,0,0,0,1,1,0,0.35185185185185186,469.68309464836375,1
40,1,1,1,0,0,0,0,0,0,1,1,1,0,0,1,1,1,0,1,1,1,0,1,1,0,0,1,1,1,1,1,1,1,0,0,1,1,1,1,1,0,1,0,0,0,1,0,1,0,0,0,1,1,0,0.37037037037037035,461.9442034514474,1
41,1,1,1,0,0,0,0,0,0,1,1,1,0,0,1,1,1,0,1,0,0,0,1,1,0,1,1,1,1,1,1,1,1,0,0,1,1,1,1,1,0,1,1,0,0,1,0,1,0,0,0,1,1,0,0.35185185185185186,464.341052830094,1
42,1,1,1,0,0,0,0,0,0,1,0,1,0,0,1,1,1,0,1,1,1,0,1,1,0,1,1,1,1,1,1,1,1,0,0,1,1,1,1,1,0,1,1,0,0,1,0,1,0,0,0,1,1,0,0.2962962962962963,468.2488631703653,1
43,1,1,1,0,0,0,0,0,0,1,1,1,0,0,1,1,1,0,1,1,1,0,1,1,0,1,1,1,0,1,1,0,1,0,0,1,1,0,1,1,0,1,1,0,0,1,0,1,0,0,0,1,1,0,0.3148148148148148,480.27149450654645,1
44,0,0,0,1,1,1,1,1,1,0,1,0,0,1,0,0,0,1,0,1,1,1,0,0,1,1,0,0,1,0,0,0,1,1,1,0,0,1,0,0,1,0,0,1,1,0,1,0,1,1,1,0,0,1,0.2962962962962963,380.0423225137971,1
45,1,1,1,0,0,0,0,0,0,1,0,1,0,0,1,1,0,0,1,1,0,0,1,1,0,1,1,1,0,1,1,0,1,0,0,1,1,1,1,1,0,1,1,0,0,1,0,1,0,0,0,1,1,0,0.2962962962962963,396.4465506163666,1
46,0,0,0,1,1,1,1,1,1,0,1,0,1,1,0,0,1,1,0,1,1,1,0,0,1,0,0,0,1,0,0,0,1,1,1,1,0,1,0,0,1,0,0,1,1,0,1,0,1,1,1,0,0,1,0.3148148148148148,466.4202093424069,1
47,1,1,1,0,0,0,0,0,0,1,1,1,0,0,1,1,1,0,1,0,0,0,1,1,0,1,1,1,1,1,1,0,1,0,0,1,1,0,1,1,0,1,1,0,0,1,0,1,1,0,1,1,1,0,0.2777777777777778,503.40158101178105,1
48,1,1,1,0,0,0,0,0,0,1,0,1,0,0,1,1,1,0,1,1,0,0,1,1,0,1,1,0,0,1,1,1,1,0,0,1,1,1,1,0,0,1,1,0,0,1,0,1,0,0,0,1,1,0,0.3148148148148148,407.9992391659425,1
49,0,0,0,1,0,1,1,1,1,0,1,1,0,1,0,0,0,1,0,0,1,1,0,0,1,0,0,0,0,0,0,0,1,1,1,1,0,1,0,0,1,0,0,1,1,0,1,0,1,1,1,0,0,1,0.3148148148148148,457.641906554756,1
50,1,1,1,0,0,0,0,0,0,1,0,1,0,0,1,1,1,0,1,1,0,0,1,1,0,1,1,1,0,1,1,1,1,0,0,1,1,1,1,1,0,1,1,0,0,1,0,1,0,0,0,1,1,0,0.3333333333333333,428.37721721241485,1
51,1,1,1,0,0,0,0,0,0,1,1,1,0,0,1,1,1,0,1,1,0,0,1,1,0,1,1,1,1,1,1,1,1,0,0,1,1,1,1,1,0,1,1,0,0,1,0,1,0,0,1,1,1,0,0.3888888888888889,561.4426288698761,1
52,1,1,1,0,0,0,0,0,0,1,0,1,0,0,1,1,1,0,1,1,0,0,1,1,0,1,1,1,1,1,1,1,1,0,0,1,1,1,1,1,0,1,1,0,0,1,0,1,0,0,0,1,1,0,0.35185185185185186,464.76569659781524,1
53,1,1,1,0,0,0,0,0,0,1,1,1,0,0,1,1,1,0,1,0,0,0,1,1,0,1,1,1,1,1,1,1,1,0,0,1,1,1,1,1,0,1,1,0,0,1,0,1,0,0,1,1,1,0,0.3148148148148148,593.6995119925405,1
54,0,0,0,1,1,1,1,1,1,0,1,0,1,1,0,0,0,1,0,0,1,1,0,0,1,0,0,0,0,0,0,0,1,1,1,1,0,1,0,0,0,0,0,1,1,0,1,0,1,1,1,0,0,1,0.35185185185185186,419.79097332376864,1
55,0,0,0,1,1,1,1,1,1,0,1,0,1,1,0,0,0,1,0,1,1,1,0,0,1,0,0,0,0,0,0,0,1,1,1,1,0,1,0,0,1,0,0,1,1,0,1,0,1,1,1,0,0,1,0.35185185185185186,436.90822859225796,1
56,1,1,1,0,0,0,0,0,0,1,1,1,0,0,1,1,1,0,1,0,0,0,1,1,0,1,1,1,1,1,1,1,1,0,0,1,1,0,1,1,0,1,0,0,0,1,0,1,0,0,0,1,1,0,0.3333333333333333,412.85987072511614,1
57,1,1,1,0,0,0,0,0,0,1,1,1,0,0,1,1,1,0,1,0,0,0,1,1,0,0,1,1,1,1,1,1,1,0,0,1,1,0,1,1,0,1,1,0,0,1,0,1,0,0,0,1,1,0,0.3333333333333333,439.08309418572355,1
58,1,1,1,0,0,0,0,0,0,1,1,1,0,0,1,1,1,0,1,0,0,0,1,1,0,0,1,1,1,1,1,1,1,0,0,1,1,1,1,1,1,1,1,0,0,1,0,1,0,0,0,1,1,0,0.37037037037037035,543.6684193665802,1
59,1,1,1,0,0,0,0,0,0,1,0,1,0,0,1,1,1,0,1,0,0,0,1,1,0,1,1,1,1,1,1,1,1,0,0,1,1,0,1,1,0,1,0,0,0,1,0,1,0,0,1,1,1,0,0.3148148148148148,536.8073249730164,1
60,1,1,1,0,0,0,0,0,0,1,0,1,0,0,1,0,1,0,1,1,0,0,1,1,0,1,1,1,1,1,1,1,1,0,0,1,1,1,1,1,0,1,0,0,0,1,0,1,0,0,0,1,1,0,0.25925925925925924,454.98990701692026,1
61,0,0,0,1,1,1,1,1,1,0,1,0,1,1,0,0,0,1,0,0,1,1,0,0,1,0,0,0,0,0,0,0,1,1,1,0,0,1,0,1,1,0,0,1,1,0,1,0,1,1,1,0,0,1,0.35185185185185186,363.5723574716201,1
62,0,0,0,1,1,1,1,1,1,0,1,0,1,1,0,0,1,1,0,1,1,1,0,0,1,0,0,0,0,0,0,0,1,1,1,1,0,1,0,0,1,0,0,1,1,0,1,0,1,1,1,0,0,1,0.3148148148148148,440.93960079828923,1
63,1,1,1,0,0,0,0,0,0,1,0,1,0,0,1,1,1,0,1,1,0,0,1,1,0,1,1,1,0,1,1,1,1,0,0,1,1,1,1,1,0,1,0,0,0,1,0,1,0,0,1,1,1,0,0.3333333333333333,510.77278049277373,1
64,1,1,1,0,0,0,0,0,0,1,1,1,0,0,1,1,1,0,1,0,0,0,1,1,0,1,1,1,1,1,1,1,1,0,0,1,1,1,1,1,0,1,1,0,0,1,0,1,0,0,1,1,1,0,0.4074074074074074,593.6995119925405,1
65,1,1,1,0,0,0,0,0,0,1,1,1,0,0,1,1,1,0,1,1,0,0,1,1,0,1,1,1,0,1,1,1,1,0,0,1,1,1,1,1,0,1,1,0,0,1,0,1,0,0,0,1,1,0,0.3333333333333333,425.7972484361976,1
66,0,0,0,1,1,1,1,1,1,0,0,0,0,0,0,0,0,1,0,0,1,1,0,0,1,0,0,0,0,0,0,0,1,1,1,1,0,1,0,0,1,0,0,1,1,0,1,0,1,1,1,0,0,1,0.2777777777777778,538.473501094291,1
67,0,0,0,1,1,1,1,1,1,0,1,0,0,1,0,1,0,1,0,0,1,1,0,0,0,0,0,0,1,0,0,0,1,1,1,0,0,1,0,0,1,0,0,1,1,0,1,0,1,1,1,0,0,1,0.3148148148148148,395.5679050517035,1
68,0,0,0,1,1,1,1,1,1,0,1,0,1,1,0,0,0,1,0,1,1,1,0,0,1,1,0,0,0,0,0,0,1,1,1,0,0,0,0,1,1,0,0,1,1,0,1,0,1,1,1,0,0,1,0.2962962962962963,373.22200108328786,1
69,1,1,1,0,0,0,0,0,0,1,1,1,0,0,1,1,1,0,1,1,1,0,1,1,0,1,1,1,1,1,1,1,1,0,0,1,1,1,1,1,0,1,1,0,0,1,0,1,0,0,0,1,1,0,0.3333333333333333,475.61473326310454,1
70,1,1,1,0,0,0,0,0,0,1,0,1,0,0,1,0,1,0,1,1,1,0,1,1,0,1,1,1,0,1,1,1,1,0,0,1,1,0,1,0,0,1,0,0,0,1,0,1,0,0,0,1,1,0,0.3148148148148148,438.34224313229424,1
71,0,0,0,1,1,1,1,1,1,0,1,0,0,1,0,0,0,1,0,1,1,1,0,0,1,0,0,0,0,0,0,0,1,1,1,1,0,1,0,0,1,0,0,1,1,0,1,0,1,1,1,0,0,1,0.35185185185185186,445.7581470131006,1
72,1,1,1,0,0,0,0,0,0,1,1,1,0,0,1,1,1,0,1,1,0,0,1,1,0,1,1,1,1,1,1,1,1,0,0,1,1,1,1,1,0,1,0,0,0,1,0,1,0,0,1,1,1,0,0.3333333333333333,537.7470572703534,1
73,1,1,1,0,0,0,0,0,0,1,1,1,0,0,1,1,0,0,0,1,0,0,1,1,0,1,1,1,1,1,1,1,1,0,0,1,1,1,1,1,0,1,1,0,0,1,0,1,0,0,0,1,1,0,0.3148148148148148,474.5962795972496,1
74,1,1,1,0,0,0,0,0,0,1,0,1,0,0,1,0,1,0,1,1,0,0,1,1,0,1,1,1,1,1,1,1,1,0,0,1,1,1,1,1,0,1,0,0,0,1,0,1,0,0,0,1,1,0,0.3333333333333333,454.98990701692026,1
75,1,1,1,0,0,0,0,0,0,1,1,1,0,0,1,1,1,0,1,1,0,0,1,1,0,1,1,0,0,1,1,1,1,0,0,1,1,0,1,1,0,1,1,0,0,1,0,1,0,0,1,1,1,0,0.3148148148148148,458.10311385401207,1
76,0,0,0,1,1,1,1,1,1,0,1,0,0,1,0,0,0,1,0,1,1,1,0,0,1,0,0,0,1,0,0,0,1,1,1,0,0,0,0,0,1,0,0,1,1,0,1,0,1,1,1,0,0,1,0.35185185185185186,359.0470509309697,1
77,1,1,1,0,0,0,0,0,0,1,1,1,0,0,1,1,1,0,1,1,0,0,1,1,0,1,1,0,1,1,1,1,1,0,0,1,1,1,1,1,0,1,1,0,0,1,0,1,0,0,1,1,1,0,0.3333333333333333,536.4765708179453,1
78,1,1,1,0,0,0,0,0,0,1,1,1,1,0,1,1,1,0,1,0,0,0,1,1,0,1,1,1,1,1,1,1,1,0,0,1,1,1,1,1,0,1,0,0,0,1,0,1,0,0,0,1,1,0,0.3888888888888889,438.6862577079178,1
79,0,0,0,1,1,1,1,1,1,0,1,0,0,1,0,0,1,1,0,1,1,1,0,0,1,0,0,0,0,0,0,0,1,1,1,1,0,1,0,1,1,0,0,1,1,0,1,0,1,1,1,0,0,1,0.3333333333333333,455.0890193321658,1
80,1,1,1,0,0,0,0,0,0,1,1,1,0,0,1,1,1,0,1,0,0,0,1,1,0,1,1,1,1,1,1,0,1,0,0,1,1,1,1,1,0,1,1,0,0,1,0,1,0,0,0,1,1,0,0.35185185185185186,420.32661758536256,1
81,1,1,1,0,0,0,0,0,0,1,1,1,0,0,1,1,1,0,1,1,0,0,1,1,0,1,1,1,0,1,1,1,1,0,0,1,1,1,1,0,1,1,1,0,0,1,0,1,0,0,1,1,1,0,0.35185185185185186,534.7515320605926,1
82,0,0,0,1,1,1,1,1,1,0,1,0,0,1,0,0,0,1,0,0,1,1,0,0,1,0,0,0,0,0,0,0,1,1,1,0,0,1,0,0,1,0,0,1,1,0,1,0,1,1,1,0,0,1,0.3333333333333333,360.2189177734365,1
83,1,1,1,0,0,0,0,0,0,1,1,1,0,0,1,1,1,0,1,1,0,0,1,1,0,1,1,1,0,1,1,1,1,0,0,1,1,1,1,1,0,1,1,0,0,1,0,1,0,0,1,1,1,0,0.3888888888888889,511.51051276601453,1
84,1,1,1,0,0,0,0,0,0,1,1,1,0,0,1,1,0,0,1,0,0,0,1,1,0,1,1,1,1,1,1,1,1,0,0,1,1,1,1,1,1,1,1,0,0,1,0,1,0,0,0,1,1,0,0.3333333333333333,540.9219077619592,1
85,1,1,1,0,0,0,0,0,0,1,1,1,0,0,1,0,1,0,1,1,0,0,1,1,0,1,1,1,1,1,1,1,1,0,0,1,1,1,1,1,1,1,1,0,0,1,0,1,0,0,0,1,1,0,0.3888888888888889,497.93962809802747,1
86,0,0,0,1,1,1,1,1,1,0,1,1,1,1,0,1,0,1,0,1,1,1,0,0,1,0,0,0,0,0,0,0,1,1,1,1,0,1,0,0,1,0,0,1,1,0,1,0,1,1,1,0,0,1,0.35185185185185186,464.0562304094857,1
87,1,1,1,0,0,0,0,0,0,1,1,1,0,0,1,0,1,0,1,0,0,0,1,1,0,1,1,0,1,1,1,1,1,0,0,1,1,0,1,1,1,1,1,0,0,1,0,1,0,0,1,1,1,0,0.3333333333333333,578.6750914328697,1
88,1,1,1,0,0,0,0,0,0,0,0,1,0,0,1,0,1,0,1,1,0,0,1,1,0,0,1,1,0,1,1,1,1,0,0,1,1,1,1,0,0,1,1,0,0,1,0,1,0,0,0,1,1,0,0.35185185185185186,448.7684323280006,1
89,0,0,0,1,1,1,1,1,1,0,1,0,0,1,0,0,0,1,0,0,1,1,0,0,1,0,0,0,0,0,0,0,1,1,1,1,0,1,0,1,1,0,0,1,1,0,1,0,1,1,1,0,0,1,0.3333333333333333,483.9479155116154,1
90,1,1,1,0,0,0,0,0,0,1,0,1,0,0,1,1,1,0,1,1,0,0,1,1,0,1,1,0,1,1,1,1,1,0,0,1,1,1,1,0,0,1,1,0,0,1,0,1,0,0,0,1,1,0,0.3333333333333333,432.7826376156713,1
91,0,0,0,1,1,1,0,1,1,0,1,0,0,1,0,0,1,1,0,1,0,1,0,0,1,0,0,0,1,0,0,0,1,1,1,0,0,1,0,1,1,0,0,1,1,0,1,0,1,1,1,0,0,1,0.2962962962962963,410.42089302985823,1
92,0,1,1,0,0,0,0,0,0,1,1,1,1,0,1,1,1,0,1,1,0,0,1,1,0,0,1,1,1,1,1,1,1,0,0,1,1,1,1,1,0,1,0,0,0,1,0,1,1,0,0,1,1,0,0.3148148148148148,471.58457785674034,1
93,0,0,0,1,1,1,1,1,1,0,1,0,0,1,0,0,1,1,0,0,1,1,0,0,1,0,0,0,1,0,0,0,1,1,1,1,0,1,0,0,1,0,0,1,1,0,1,0,1,1,1,0,0,1,0.4074074074074074,493.0997225499375,1
94,1,1,1,0,0,0,0,0,0,1,1,1,0,0,1,1,1,0,1,0,0,0,1,1,0,1,1,1,1,1,1,1,1,0,0,1,1,1,1,1,0,1,0,0,0,1,0,1,1,0,1,1,1,0,0.37037037037037035,597.4947854325889,1
95,0,0,0,0,1,1,1,1,1,0,1,1,0,1,0,0,1,1,0,1,1,1,0,0,1,0,0,0,0,0,0,0,1,1,1,1,0,1,0,0,0,0,0,1,1,0,1,0,1,1,1,0,0,1,0.2962962962962963,466.65575728953604,1
96,0,0,0,1,1,1,1,1,1,0,1,0,0,1,0,0,1,1,0,1,0,1,0,0,1,0,0,0,1,0,0,0,1,1,1,0,0,1,0,1,1,0,0,1,1,0,1,0,1,1,1,0,0,1,0.3333333333333333,401.66751211898054,1
97,1,1,1,0,0,0,0,0,0,1,1,1,0,0,1,1,1,0,1,1,0,0,1,1,0,1,1,1,0,1,1,1,1,0,0,1,1,0,1,1,0,1,1,0,0,1,0,1,0,0,1,1,1,0,0.3333333333333333,471.80789923577237,1
98,1,1,1,0,0,0,0,0,0,1,1,1,0,0,1,1,1,0,1,1,0,0,1,1,0,1,1,0,1,1,1,1,1,0,0,1,1,1,1,1,1,1,1,0,0,1,0,1,0,0,1,1,1,0,0.35185185185185186,588.5636903427725,1
99,1,1,1,0,0,0,0,0,0,1,0,1,0,0,1,1,1,0,1,1,0,0,1,1,0,1,1,1,1,1,1,0,1,0,0,1,1,0,1,1,0,1,1,0,0,1,0,1,1,0,1,1,1,0,0.37037037037037035,502.89165241846075,1
