,0,1,2,3,4,5,6,7,8,9,10,11,12,13,14,15,16,17,18,19,20,21,22,23,24,25,26,27,28,29,30,31,32,33,34,35,36,37,38,39,40,41,42,43,44,45,46,47,48,49,50,51,52,53,chain_break_fraction,energy,num_occurrences
0,0,1,0,0,0,1,0,0,1,1,1,1,0,0,0,1,0,0,0,1,1,1,1,1,0,1,0,0,0,0,0,0,0,1,1,1,1,0,0,0,0,0,0,1,0,0,1,1,1,1,0,1,1,1,0.35185185185185186,342.3881745083654,1
1,0,0,0,0,1,1,0,0,1,1,1,1,0,0,0,1,0,0,1,1,1,1,1,1,0,0,0,0,0,1,0,0,0,1,1,1,1,0,0,0,0,0,0,1,0,0,0,1,1,0,0,1,1,1,0.3333333333333333,333.5582997812529,1
2,0,0,0,0,0,1,0,0,1,1,1,0,0,0,1,1,0,0,0,1,1,1,0,1,0,0,0,0,0,0,0,0,0,1,1,1,1,0,0,0,0,0,0,1,0,0,0,1,0,0,0,1,1,0,0.2777777777777778,327.720484883026,1
3,0,1,1,0,1,1,0,0,1,1,1,1,0,0,0,1,0,0,0,1,1,1,1,1,0,0,0,0,1,1,0,0,0,1,1,1,1,0,0,0,0,0,0,1,0,0,0,1,1,0,0,1,1,1,0.3333333333333333,442.5961976540497,1
4,0,1,0,0,0,1,0,0,1,1,1,1,0,0,1,1,0,0,0,1,1,1,1,1,0,0,0,0,0,0,0,0,0,1,1,1,1,0,0,0,0,0,0,1,0,0,1,1,1,1,0,1,1,1,0.3333333333333333,418.8668837197781,1
5,0,1,0,0,1,1,0,0,1,1,1,0,0,0,0,1,0,0,0,1,1,1,1,1,0,1,0,0,1,1,0,0,0,1,1,1,1,0,0,0,0,0,0,1,0,0,1,1,1,0,0,1,1,1,0.37037037037037035,275.8415619890152,1
6,0,1,0,0,1,1,0,0,1,1,1,0,0,0,0,1,0,0,0,1,1,1,1,1,0,1,0,0,0,1,0,0,0,1,1,1,1,0,0,0,0,0,0,1,0,0,0,1,0,1,0,1,1,1,0.3333333333333333,283.80073477324504,1
7,0,1,0,0,1,1,0,0,0,1,1,1,0,0,0,1,0,0,0,1,1,1,1,1,1,1,0,0,1,1,0,0,0,1,1,1,0,0,0,0,0,0,0,1,0,0,0,1,1,0,0,1,1,1,0.3148148148148148,336.77457169486394,1
8,0,1,0,0,0,1,0,0,0,1,1,0,0,0,0,1,0,0,0,1,1,1,1,1,0,1,0,0,1,1,0,0,0,1,1,1,1,0,0,0,0,0,0,1,0,0,0,1,1,0,0,1,1,1,0.37037037037037035,284.5672475758844,1
9,0,1,0,0,1,1,0,0,1,1,1,1,0,0,0,1,0,0,0,1,1,1,1,1,0,1,0,0,1,1,0,0,0,1,1,1,1,0,0,0,0,0,0,1,0,0,0,1,1,1,0,1,1,1,0.42592592592592593,355.2827061689122,1
10,0,1,0,0,0,1,0,0,1,1,1,1,0,0,0,1,0,0,0,1,1,1,1,1,1,0,0,0,0,1,0,0,0,1,1,1,1,0,0,0,0,0,0,1,0,0,1,1,1,0,0,1,1,1,0.3148148148148148,322.2059866844728,1
11,0,1,0,0,0,1,0,0,1,1,1,1,0,0,1,1,0,0,0,1,1,1,1,1,0,0,0,0,0,0,0,0,0,1,1,1,1,0,0,0,0,0,0,1,0,0,0,1,0,0,0,1,1,1,0.3333333333333333,542.8234241139885,1
12,0,1,0,0,1,1,0,0,0,1,1,1,0,0,0,1,0,0,0,1,1,1,1,1,0,0,0,0,0,1,0,0,0,1,1,1,1,0,0,0,0,0,0,1,0,0,1,1,1,1,0,1,1,1,0.35185185185185186,318.4910298740362,1
13,0,1,0,0,0,1,0,0,1,1,1,0,0,0,0,1,0,0,0,1,1,1,1,1,0,1,0,0,1,1,1,0,0,1,1,1,1,0,0,0,0,0,0,1,0,0,1,1,1,0,0,1,1,1,0.35185185185185186,288.45330539581084,1
14,0,1,0,0,1,1,0,0,1,1,1,1,0,0,1,1,0,0,0,1,1,1,1,1,0,0,0,0,1,1,0,0,0,1,1,1,1,0,0,0,0,0,0,1,0,1,0,1,1,0,0,1,1,1,0.37037037037037035,429.1998629341043,1
15,0,0,1,0,1,1,0,0,0,1,1,1,0,0,0,1,0,0,0,1,1,1,1,1,0,1,0,0,1,0,0,0,0,1,1,1,1,0,0,0,0,0,0,1,0,0,0,1,1,1,0,1,1,1,0.35185185185185186,364.665213322937,1
16,0,1,0,0,1,1,0,1,1,1,1,0,0,0,0,1,0,0,0,1,1,1,1,1,0,0,0,0,1,1,0,0,0,1,1,1,1,0,0,0,0,0,0,1,0,0,0,1,1,0,0,1,1,1,0.35185185185185186,273.8178541813852,1
17,0,1,0,0,1,1,0,0,1,1,1,0,0,0,0,1,0,0,0,0,1,1,1,1,0,1,0,0,1,1,0,0,0,1,1,1,1,0,0,0,0,0,0,1,0,0,1,1,1,0,0,1,1,1,0.37037037037037035,274.10291389490567,1
18,0,0,0,0,0,1,0,0,1,1,1,1,0,0,1,1,0,0,0,1,1,1,1,1,0,0,0,0,1,0,0,0,0,1,1,1,1,0,0,1,0,0,0,1,0,0,0,1,0,1,0,1,1,1,0.3333333333333333,377.7687673981422,1
19,0,1,0,0,0,1,0,0,1,1,1,1,0,0,1,1,0,0,1,1,1,1,1,1,0,0,0,0,0,0,0,0,0,1,1,1,1,0,0,0,0,0,0,1,0,1,1,1,1,0,0,1,1,1,0.35185185185185186,460.0522695678689,1
20,0,0,0,0,0,1,0,0,1,1,1,1,0,0,1,1,0,0,0,1,1,1,1,1,1,0,0,0,1,0,0,0,0,1,0,1,1,0,0,0,0,0,0,1,0,1,0,1,1,0,0,1,1,1,0.2777777777777778,444.3004135254457,1
21,0,0,0,0,0,1,0,0,1,1,1,0,1,0,0,1,0,0,0,1,1,1,1,1,0,0,0,0,0,0,0,0,0,1,1,1,1,0,0,0,0,0,0,1,0,0,0,1,1,0,0,1,1,1,0.37037037037037035,237.27258366666538,1
22,0,0,0,0,1,1,0,0,0,1,0,0,0,0,0,1,0,0,0,1,1,1,1,1,0,1,0,0,1,0,0,0,0,1,1,1,1,0,0,0,0,0,0,1,0,0,0,1,1,0,0,1,1,1,0.35185185185185186,211.13306304449958,1
23,0,0,0,0,0,1,0,0,1,1,0,1,0,0,1,1,0,0,0,1,1,1,1,1,0,1,0,0,1,0,0,0,0,1,1,1,1,0,0,0,0,0,0,1,0,0,1,1,0,0,0,1,1,1,0.3333333333333333,372.3401622758537,1
24,0,1,0,0,0,1,0,0,1,1,1,0,0,0,0,1,0,0,0,1,1,1,1,1,0,1,0,0,0,1,1,0,0,1,1,1,1,0,0,0,0,0,0,1,0,0,0,1,1,0,0,1,1,1,0.3333333333333333,267.8037296941168,1
25,0,1,1,0,0,1,0,0,0,1,1,0,0,0,0,1,0,0,0,1,1,1,1,1,1,1,0,0,1,1,0,0,0,1,1,1,1,0,0,0,0,0,0,1,0,0,1,1,1,0,0,1,1,1,0.3888888888888889,306.339403477588,1
26,0,0,0,0,0,1,0,0,1,1,1,1,0,0,1,1,0,0,0,1,1,0,1,1,0,0,0,0,0,0,0,0,0,1,1,1,1,0,0,0,0,0,0,1,0,1,0,1,1,0,0,1,1,1,0.37037037037037035,387.4879718713529,1
27,0,0,0,0,1,1,0,0,0,1,1,1,0,0,0,0,0,0,0,1,1,1,1,1,1,0,0,0,0,1,0,0,0,1,1,1,1,0,0,0,0,0,0,1,0,0,0,1,0,1,0,1,1,1,0.2962962962962963,288.03717943232266,1
28,0,0,0,0,0,1,0,0,1,1,1,0,0,0,1,1,0,0,0,1,1,1,1,1,0,0,0,0,0,0,0,0,0,1,1,1,1,0,0,0,0,0,0,1,0,0,0,1,0,0,0,1,1,1,0.35185185185185186,326.19369991642964,1
29,0,1,1,0,0,1,0,0,1,1,1,0,0,0,0,1,0,0,0,1,1,1,1,1,0,1,0,0,1,0,0,0,0,1,1,1,1,0,0,0,0,0,0,1,0,0,0,1,1,0,0,1,1,1,0.35185185185185186,364.38865591894495,1
30,0,0,0,0,0,1,0,0,0,1,1,1,0,1,0,1,0,0,0,1,1,1,1,1,0,0,0,0,1,1,0,0,0,1,1,1,1,0,0,0,0,0,0,1,0,0,1,1,1,0,0,1,1,1,0.35185185185185186,340.22112928297713,1
31,0,1,0,0,0,1,0,0,1,1,1,1,0,0,0,1,0,0,0,1,1,1,1,1,1,1,0,0,0,1,1,0,0,1,1,1,1,0,0,0,0,0,0,1,0,0,0,1,1,0,0,1,1,1,0.37037037037037035,365.56853055312666,1
32,0,1,0,0,0,1,0,0,1,1,1,0,0,0,1,1,0,0,0,1,1,1,1,1,0,0,0,0,1,0,0,0,0,1,1,1,1,0,0,0,0,0,0,1,0,1,0,1,1,0,0,1,1,1,0.37037037037037035,312.7700186829694,1
33,0,0,0,0,0,1,0,0,0,1,1,1,0,0,0,1,0,0,0,1,1,1,1,1,0,1,0,0,0,0,1,0,0,1,1,1,1,0,0,0,0,0,0,1,0,0,0,1,1,0,0,1,1,1,0.35185185185185186,274.41836059771344,1
34,0,1,0,0,0,1,0,0,0,1,1,1,0,0,0,1,0,0,0,1,1,1,1,1,0,1,0,0,1,1,0,0,0,1,1,1,1,0,0,0,0,0,0,1,0,1,0,1,1,0,0,1,1,1,0.35185185185185186,316.22648270425395,1
35,0,1,0,0,1,1,0,0,1,1,1,1,0,0,0,1,0,0,0,1,1,1,0,1,0,0,0,0,0,0,0,0,0,1,1,1,1,0,0,0,0,0,0,1,0,0,0,1,1,0,0,1,1,1,0.37037037037037035,349.21306834205444,1
36,0,1,0,0,0,1,0,0,1,1,1,0,0,0,0,1,0,0,0,1,1,0,1,1,0,1,0,0,0,0,0,0,0,1,1,1,1,0,0,0,0,0,0,1,0,0,0,1,1,0,0,1,1,1,0.3333333333333333,264.00578767883883,1
37,0,1,0,0,0,1,0,0,1,1,1,1,0,0,0,1,0,0,0,1,1,1,1,1,0,1,0,0,1,1,0,0,0,1,1,1,1,0,0,1,0,0,1,1,0,0,0,1,1,0,0,1,1,1,0.37037037037037035,331.2420938275495,1
38,0,1,1,0,0,1,0,0,1,1,1,1,0,0,0,1,0,0,0,1,1,1,1,1,0,0,0,0,1,0,0,0,0,1,1,1,1,0,0,1,0,0,0,1,0,1,1,1,1,0,0,1,1,1,0.3333333333333333,379.11506107220504,1
39,0,1,0,0,0,1,0,0,1,1,1,1,0,0,0,0,0,0,0,1,1,1,1,1,0,1,0,0,0,1,1,0,0,1,1,1,1,0,0,0,0,0,0,1,0,0,0,1,1,0,0,1,1,1,0.3148148148148148,328.9471174790691,1
40,0,0,0,0,1,1,0,0,0,1,1,0,0,0,0,1,0,0,0,1,1,1,1,1,0,1,0,0,1,1,0,0,0,1,1,1,1,0,0,1,0,0,0,1,0,1,0,1,1,0,0,1,1,1,0.35185185185185186,302.17886801868025,1
41,0,1,0,0,0,1,0,0,1,1,1,0,0,0,0,1,0,0,0,1,1,1,0,1,0,1,0,0,0,1,0,0,0,1,1,1,0,0,0,0,0,0,0,1,0,0,0,1,1,0,0,1,1,1,0.3888888888888889,248.04721358431232,1
42,0,0,0,0,1,1,0,0,0,1,1,1,0,0,0,1,0,0,0,1,1,1,0,1,0,1,0,0,1,0,0,0,0,1,1,1,1,0,0,0,1,0,0,1,0,0,0,1,1,0,0,1,1,1,0.3333333333333333,261.7533851266838,1
43,0,1,0,0,1,1,0,0,1,1,1,1,0,0,0,1,0,0,0,1,1,1,1,1,0,0,0,0,1,0,0,0,0,1,1,1,1,0,0,0,0,0,0,1,0,0,0,1,1,1,0,1,1,1,0.3888888888888889,344.55201978736693,1
44,0,1,0,0,0,0,0,0,1,1,1,1,0,0,0,1,0,0,0,1,1,1,1,1,0,1,0,0,1,1,0,0,0,1,1,1,1,0,0,0,0,0,0,1,0,1,0,1,1,0,0,1,1,1,0.37037037037037035,312.3800043818386,1
45,0,1,0,0,0,1,0,0,1,1,1,0,1,0,0,0,0,0,0,1,1,1,0,1,1,1,0,0,1,0,0,0,0,1,1,1,1,0,0,0,0,0,0,1,0,0,0,1,1,0,0,1,1,1,0.3148148148148148,240.99374285033633,1
46,0,0,1,0,0,1,0,0,0,1,1,0,0,0,0,1,0,0,0,1,1,1,1,1,0,0,0,0,1,1,0,0,0,1,1,1,1,0,0,0,0,0,0,1,0,0,0,1,0,0,0,1,0,1,0.3333333333333333,269.8186714357248,1
47,0,1,0,0,1,1,0,0,1,1,1,1,1,0,0,1,0,0,0,1,1,1,1,1,0,0,0,0,1,1,0,0,0,1,1,1,1,0,0,0,0,0,0,1,0,1,0,1,0,0,0,1,1,1,0.3888888888888889,354.027229697193,1
48,0,1,1,0,1,1,0,0,0,1,1,1,0,0,0,1,0,0,0,1,1,1,1,1,0,0,0,0,0,1,0,0,0,1,1,1,1,0,0,1,0,0,0,1,0,1,1,1,1,1,0,1,1,1,0.35185185185185186,359.60554061972243,1
49,0,0,0,0,0,1,0,0,1,1,1,0,0,0,1,1,0,0,0,1,1,1,0,1,0,1,0,0,1,0,0,0,0,1,1,1,1,0,0,0,0,0,0,1,0,1,1,1,1,0,0,1,1,0,0.3148148148148148,268.9424831554821,1
50,0,1,0,0,0,1,0,0,1,1,1,1,1,0,0,1,0,0,0,1,1,1,1,1,0,0,1,0,0,0,0,0,0,1,1,1,1,0,1,0,0,0,0,1,0,0,0,1,1,0,0,1,1,1,0.3333333333333333,442.279689567953,1
51,0,1,0,0,0,1,1,0,0,1,1,0,0,0,0,1,0,0,0,1,1,1,1,1,0,1,0,0,1,1,0,0,0,1,1,1,1,0,0,0,0,0,0,1,0,0,0,1,1,0,0,1,1,1,0.35185185185185186,272.45713338338396,1
52,0,0,0,0,1,1,0,0,1,1,0,1,1,0,0,1,0,0,0,1,1,1,1,1,0,0,0,0,0,0,0,0,0,1,1,1,1,0,0,0,0,0,0,1,0,0,1,1,1,0,0,1,1,1,0.2962962962962963,295.13535540491387,1
53,0,1,0,0,0,1,0,0,0,1,1,1,0,0,1,1,0,0,0,1,1,1,0,1,0,1,0,0,1,0,1,0,0,1,1,1,1,0,0,0,0,0,0,1,0,0,1,1,1,1,0,1,1,1,0.35185185185185186,324.54619655570446,1
54,0,1,0,0,0,1,0,0,1,1,1,0,0,0,0,1,0,0,1,1,1,1,0,1,0,0,0,0,1,0,0,0,0,1,1,1,1,0,0,0,0,0,0,1,0,0,1,1,1,0,0,1,1,1,0.2777777777777778,224.57264173223365,1
55,0,0,0,0,1,1,0,0,1,1,1,0,0,0,0,0,0,0,0,1,1,1,0,1,0,0,0,0,1,0,0,0,0,1,0,1,1,0,0,0,0,0,0,1,0,0,0,1,1,0,0,1,1,0,0.3148148148148148,214.98967547297238,1
56,0,1,0,0,1,1,0,0,1,1,0,1,0,0,0,1,0,0,0,1,1,0,1,1,0,1,0,0,1,1,0,0,0,1,1,1,1,0,0,0,0,0,0,1,0,1,0,1,0,0,0,1,1,1,0.35185185185185186,305.37361160513956,1
57,0,1,0,0,0,1,0,0,0,1,1,1,0,0,0,1,0,0,0,1,1,1,0,1,0,1,0,0,0,1,0,0,0,1,1,1,0,0,0,0,0,0,0,1,0,0,0,1,1,0,0,1,1,1,0.3148148148148148,284.807043143665,1
58,0,0,1,0,1,1,0,0,0,1,1,1,0,0,0,1,0,0,0,1,1,0,1,1,0,0,0,0,1,0,0,0,0,1,1,1,1,0,0,1,0,0,0,1,0,0,1,1,1,0,0,1,1,1,0.3333333333333333,304.96477607193884,1
59,0,1,0,0,1,1,0,0,1,1,1,1,0,0,0,1,0,0,0,1,1,1,1,1,0,0,0,0,0,1,0,0,0,1,1,1,0,0,0,1,0,0,0,1,0,0,0,1,1,1,0,1,1,1,0.3333333333333333,342.71921217943327,1
60,0,1,0,0,0,1,0,0,1,0,1,0,0,0,0,1,0,0,0,1,1,1,0,1,0,1,0,0,1,0,0,0,0,1,1,1,1,0,0,1,0,0,0,1,0,0,0,1,1,0,0,1,1,1,0.35185185185185186,223.73391852433568,1
61,0,1,0,0,0,1,0,0,1,1,1,0,0,0,0,1,0,0,0,1,1,1,0,1,0,1,0,0,1,0,0,0,0,1,1,1,1,0,0,0,0,0,0,1,0,0,0,1,0,0,0,1,1,1,0.37037037037037035,237.81881119026522,1
62,0,1,0,0,1,1,0,0,0,1,1,0,0,0,0,1,0,0,0,1,1,1,1,1,1,1,0,0,1,0,0,0,0,1,1,1,1,0,0,0,0,0,0,1,0,0,0,1,1,1,0,1,1,1,0.3333333333333333,244.5667204073002,1
63,0,1,0,0,0,1,0,0,0,1,1,1,0,0,1,1,0,0,0,1,1,1,0,1,0,1,0,0,0,0,0,0,0,1,1,1,1,0,0,0,0,0,0,1,0,0,1,1,1,1,0,1,1,0,0.3333333333333333,360.8745950018865,1
64,0,1,0,0,0,1,0,0,1,1,1,0,1,0,0,1,0,0,0,1,1,1,0,1,0,1,0,0,1,0,0,0,0,1,1,1,1,0,0,0,1,0,0,1,0,0,0,1,0,0,0,1,1,1,0.3333333333333333,244.60205154544883,1
65,0,0,0,0,0,1,0,0,0,1,1,1,0,0,1,1,0,0,0,0,1,1,1,1,0,1,1,0,1,0,0,0,0,1,1,1,1,0,0,0,0,0,0,1,0,1,0,1,1,0,0,1,1,0,0.3148148148148148,463.25095493468075,1
66,0,1,0,0,0,1,0,0,0,1,1,0,0,0,0,1,0,0,0,1,1,1,1,1,0,0,0,0,1,0,0,0,0,1,1,1,1,0,0,0,0,0,0,1,0,1,0,1,1,0,0,1,1,1,0.37037037037037035,234.74158759783938,1
67,0,1,0,0,1,1,0,0,0,1,1,0,0,0,0,0,0,0,0,1,0,1,0,1,1,1,0,0,0,1,0,0,0,1,1,1,1,0,0,0,0,0,0,1,0,1,0,1,1,0,0,1,1,1,0.3333333333333333,267.8879594679771,1
68,0,0,0,0,1,1,0,0,1,1,1,0,0,0,0,1,0,0,0,1,1,1,1,1,0,1,0,0,1,1,0,0,0,1,1,1,1,0,0,0,0,0,0,1,0,1,1,1,0,0,0,1,1,1,0.35185185185185186,267.6144157677391,1
69,0,1,0,0,0,1,0,0,1,1,1,1,0,0,0,1,0,0,0,1,1,1,1,1,0,0,0,0,0,0,0,0,0,0,1,1,1,0,0,0,0,0,0,1,0,0,0,1,1,0,0,1,1,1,0.3888888888888889,382.31247045605386,1
70,0,1,0,0,0,1,0,0,1,1,1,0,0,0,0,0,0,0,0,1,1,1,1,1,0,1,0,0,0,1,0,0,0,1,1,1,1,0,0,1,0,0,0,1,0,0,0,1,1,0,0,1,1,1,0.37037037037037035,259.24566499336686,1
71,0,0,0,0,0,1,0,0,0,1,1,0,1,0,0,1,0,0,0,1,1,1,1,1,0,1,0,0,1,1,0,0,0,1,1,1,1,0,0,0,0,0,0,1,0,1,1,1,1,0,0,1,1,1,0.3333333333333333,341.560126875292,1
72,0,1,0,0,0,1,1,0,1,1,1,0,0,0,1,1,0,0,0,1,1,1,0,1,0,0,0,0,0,1,0,0,0,1,1,1,1,0,0,0,0,0,0,1,0,0,0,1,1,0,0,1,1,1,0.35185185185185186,292.438011193071,1
73,0,1,0,0,1,1,0,0,0,1,1,1,1,0,0,1,0,0,0,1,1,1,1,1,0,1,0,0,1,0,0,0,0,1,1,1,1,0,0,0,0,0,0,1,0,1,1,1,1,1,0,1,1,1,0.3333333333333333,306.35921241407254,1
74,0,0,0,0,1,1,0,0,0,1,1,1,0,0,0,1,0,0,1,1,1,1,1,1,0,1,0,0,1,0,1,0,0,1,1,1,1,0,0,0,0,0,0,1,0,0,1,1,1,0,0,1,1,1,0.35185185185185186,283.52350895605707,1
75,0,0,0,0,0,1,0,0,1,1,1,1,0,0,1,1,0,0,1,1,1,1,0,1,0,0,0,0,0,1,0,0,0,0,1,1,1,0,0,0,1,0,0,1,0,0,0,1,1,0,0,1,1,1,0.2962962962962963,350.624538040342,1
76,0,0,0,0,1,1,0,0,1,1,1,0,0,0,0,1,0,0,0,1,1,1,0,1,0,1,0,0,1,0,1,0,0,1,1,1,1,0,0,0,0,0,0,1,0,0,0,1,1,0,0,1,1,0,0.35185185185185186,234.99960209229283,1
77,0,1,0,0,0,1,0,0,1,1,1,0,0,0,0,1,0,0,1,0,1,1,0,1,0,1,0,0,0,1,0,0,0,1,1,1,1,0,0,0,0,0,0,1,0,0,1,1,0,0,0,1,1,1,0.3888888888888889,245.03250118437361,1
78,0,1,0,0,0,1,0,0,1,1,0,1,0,0,0,1,0,0,0,1,0,0,1,1,0,1,0,0,1,1,0,0,0,1,1,1,0,0,0,0,0,0,0,1,0,0,0,1,0,0,0,1,1,0,0.2962962962962963,247.93201788009142,1
79,1,1,1,1,1,0,1,1,1,0,0,0,1,1,0,0,1,1,1,0,0,0,1,0,1,1,1,1,0,0,1,1,1,0,0,0,0,1,1,0,1,1,1,0,1,1,0,0,0,1,1,0,0,0,0.2962962962962963,347.6501950267369,1
80,0,1,0,0,1,1,0,0,1,1,1,0,0,0,0,0,0,0,0,1,1,1,1,1,0,1,0,0,1,0,0,1,0,1,1,1,1,0,0,0,0,0,0,1,0,0,1,1,0,0,0,1,1,1,0.3148148148148148,255.08349598278542,1
81,1,0,1,1,1,0,1,1,1,0,0,0,1,1,0,0,1,1,1,0,0,0,0,0,1,0,1,1,0,0,1,1,1,0,0,0,0,1,1,1,1,1,1,0,1,1,1,0,1,0,1,0,0,0,0.35185185185185186,331.3594196260922,1
82,0,0,0,0,1,1,0,0,1,1,1,1,0,0,0,1,0,0,1,1,1,1,1,1,1,1,0,0,1,1,0,0,0,1,1,1,0,0,0,0,0,0,0,1,0,1,1,1,0,0,0,1,1,1,0.3148148148148148,348.76042672776805,1
83,0,0,0,0,0,1,0,0,1,1,1,0,0,0,0,1,0,0,0,1,1,1,1,1,0,0,0,0,0,1,0,0,0,1,1,1,1,0,0,0,0,0,0,1,0,1,0,1,1,0,0,1,1,0,0.3333333333333333,218.199305366212,1
84,1,0,1,1,0,0,1,0,1,0,0,0,1,1,0,0,1,1,1,0,0,0,1,0,1,1,1,1,0,0,1,1,1,0,0,0,0,1,1,1,1,1,1,0,1,1,1,0,0,1,1,0,0,0,0.3333333333333333,367.81519298408745,1
85,0,1,0,0,0,1,0,0,0,1,1,1,0,0,0,1,0,0,0,1,1,1,1,1,0,0,0,0,0,1,1,0,0,1,1,1,0,0,0,0,0,0,0,1,0,0,1,1,1,1,0,1,1,1,0.3888888888888889,339.28741454220966,1
86,0,0,1,0,1,1,0,0,0,1,1,1,0,0,0,1,0,0,0,1,1,1,1,1,0,1,0,0,0,0,0,0,0,1,1,1,1,0,0,0,0,0,0,1,0,0,0,1,1,1,0,1,1,1,0.37037037037037035,391.1747413021898,1
87,0,1,0,0,1,1,0,0,1,1,1,0,0,0,0,1,0,0,0,1,1,1,1,1,1,0,0,1,1,1,0,0,0,1,1,1,1,0,0,0,0,0,0,1,0,0,0,1,1,0,0,1,1,1,0.3333333333333333,272.7218811938874,1
88,1,0,1,1,0,0,1,1,1,0,0,0,1,1,0,0,1,1,1,0,0,0,0,0,0,0,1,1,0,0,1,1,1,0,0,0,0,1,0,1,1,1,1,0,0,1,0,0,1,0,1,0,0,0,0.3333333333333333,242.9215773331841,1
89,0,1,0,0,1,1,0,0,1,1,1,1,0,0,0,1,0,0,0,1,1,1,1,1,0,1,0,0,1,1,0,0,0,1,1,1,1,0,0,0,0,0,0,1,0,1,0,1,1,0,0,0,1,0,0.3888888888888889,423.9212267603297,1
90,0,1,0,0,1,1,0,0,0,1,1,0,0,0,0,1,0,0,0,1,1,1,0,1,0,1,0,0,0,1,0,0,0,1,1,1,0,0,0,0,0,0,0,1,0,0,1,1,1,0,0,1,1,1,0.35185185185185186,248.30375393232526,1
91,0,1,0,0,0,1,0,0,1,1,1,1,0,0,1,1,0,0,0,0,1,1,0,1,0,0,0,0,1,1,0,0,0,1,1,1,1,0,0,1,0,0,0,1,0,0,0,1,1,0,0,1,1,0,0.2962962962962963,338.7177712307543,1
92,0,1,0,0,0,1,0,0,0,1,1,0,0,0,1,1,0,0,0,0,1,1,0,1,1,1,0,0,1,0,0,0,0,1,1,1,1,0,0,1,0,0,0,1,0,1,1,1,1,0,0,1,1,0,0.3333333333333333,227.76381323293649,1
93,0,1,0,0,0,1,0,0,1,1,1,1,1,0,0,1,0,0,1,0,1,1,1,1,0,0,0,0,0,1,0,0,0,1,0,1,1,0,0,0,0,0,0,1,0,1,0,1,1,0,0,1,1,1,0.3333333333333333,330.87657602785924,1
94,0,1,0,0,0,1,0,1,0,1,1,0,0,0,1,1,0,0,0,1,1,1,0,1,0,1,0,0,1,0,0,0,0,1,1,1,0,0,0,0,0,0,0,1,0,0,1,1,0,0,0,1,1,1,0.2962962962962963,274.7517096255469,1
95,1,0,0,1,0,0,1,1,1,0,0,0,1,1,0,0,1,1,1,1,0,0,0,0,1,1,1,0,0,0,1,1,1,0,0,0,0,1,1,1,1,1,1,0,1,1,1,0,0,0,1,0,0,0,0.37037037037037035,309.78692743366327,1
96,1,0,1,1,0,0,1,1,1,0,0,0,1,1,0,0,1,1,1,1,0,0,0,0,0,0,1,1,0,0,1,1,1,0,0,0,1,1,1,1,1,1,1,0,1,1,1,0,0,0,1,0,0,0,0.3888888888888889,340.62341683206046,1
97,0,1,0,0,0,1,0,0,0,1,1,1,0,0,0,1,0,0,0,1,1,1,1,0,0,1,0,0,1,0,0,0,0,1,1,1,1,0,0,0,0,0,0,1,0,0,0,1,1,0,0,1,1,1,0.35185185185185186,231.27307834328926,1
98,0,1,0,0,0,0,0,0,1,1,1,1,0,0,1,1,0,0,0,1,1,1,1,1,0,1,0,0,0,0,0,0,0,1,1,1,1,0,0,1,0,0,0,1,0,1,1,1,1,0,0,1,1,1,0.4074074074074074,366.9814426779407,1
99,1,1,0,1,0,0,1,1,1,0,0,0,0,1,0,0,1,1,0,0,0,0,0,0,1,1,1,1,0,0,1,1,1,0,0,0,0,1,1,1,1,1,1,0,1,0,1,0,0,0,1,0,0,1,0.3148148148148148,462.52001835130545,1
