,0,1,2,3,4,5,6,7,8,9,10,11,12,13,14,15,16,17,18,19,20,21,22,23,24,25,26,27,28,29,30,31,32,33,34,35,36,37,38,39,40,41,42,43,44,45,46,47,48,49,50,51,52,53,chain_break_fraction,energy,num_occurrences
0,0,1,0,0,0,0,0,1,0,0,1,1,1,0,1,1,1,1,0,1,1,0,1,0,0,1,0,0,1,1,1,0,1,1,1,0,1,1,0,1,0,1,1,1,0,0,1,1,1,0,0,1,0,0,0.3888888888888889,444.26024826596864,1
1,0,1,0,0,0,0,1,1,0,0,1,1,0,0,1,1,1,1,0,1,1,0,0,0,0,1,0,0,1,1,1,0,1,1,1,0,1,1,0,1,0,1,1,1,0,0,1,1,0,0,0,1,0,0,0.3333333333333333,417.5016310578733,1
2,0,1,0,0,0,0,0,1,0,0,1,1,0,0,1,1,1,1,0,1,1,0,0,0,0,1,0,0,1,1,1,0,1,0,1,0,0,1,0,1,0,1,1,1,0,0,1,1,0,0,0,1,0,0,0.3148148148148148,398.092163813744,1
3,0,1,0,0,0,0,0,1,0,0,1,1,1,0,1,1,1,1,0,1,0,0,1,0,0,1,0,0,1,1,1,0,1,1,1,0,0,1,0,1,0,1,1,1,0,0,1,1,0,0,0,1,0,0,0.35185185185185186,400.15473595454574,1
4,0,1,0,0,0,0,0,1,1,0,1,1,0,0,1,1,1,1,0,1,1,0,1,0,0,1,0,0,1,1,1,0,1,1,1,0,1,1,0,1,0,1,1,1,0,0,1,1,1,0,0,1,0,0,0.3333333333333333,439.2277725694103,1
5,0,0,1,0,1,0,0,1,0,0,1,1,0,0,1,1,1,1,0,1,1,0,0,0,0,1,0,0,1,1,1,0,1,1,1,0,1,1,0,1,0,1,1,1,0,0,1,1,1,0,0,1,0,0,0.35185185185185186,479.76118219058367,1
6,0,1,0,0,0,0,0,1,0,0,1,1,0,0,1,1,1,1,1,1,0,0,1,0,0,1,0,0,1,1,1,0,1,0,1,0,0,1,0,1,0,1,1,1,0,0,1,1,0,0,0,1,0,0,0.37037037037037035,379.8083299794723,1
7,1,0,1,1,1,1,0,0,1,0,0,0,1,1,0,0,0,0,1,0,0,1,0,1,1,0,1,1,0,1,0,1,0,0,0,1,0,0,1,0,1,1,0,0,0,1,0,0,0,1,1,0,1,1,0.3333333333333333,473.3209996285391,1
8,0,1,1,0,1,0,0,1,0,0,1,1,0,0,1,1,1,1,0,1,1,0,0,0,0,1,0,0,1,1,1,0,1,0,1,0,1,1,0,1,0,1,1,1,0,0,1,1,0,0,0,1,0,0,0.3888888888888889,502.93400728543804,1
9,0,1,0,0,1,0,1,1,0,0,0,1,0,0,0,1,1,1,0,1,0,0,0,0,0,1,0,0,1,0,1,0,1,1,1,0,0,1,0,1,0,1,1,1,0,0,1,1,0,0,0,1,0,0,0.35185185185185186,310.2046535018422,1
10,0,1,0,0,0,0,1,1,0,0,1,1,1,0,1,1,1,1,1,1,1,0,1,0,0,1,0,0,1,1,1,0,1,1,1,0,1,1,0,1,0,1,1,1,0,0,1,1,1,0,0,1,0,0,0.2962962962962963,444.1020627506282,1
11,0,1,1,0,0,0,0,1,0,0,1,1,1,0,1,1,1,1,0,1,1,0,1,0,0,1,0,0,1,1,1,0,1,1,1,0,1,1,0,1,0,1,1,1,0,0,1,1,1,0,0,1,0,0,0.3333333333333333,510.5785865643887,1
12,0,1,0,0,0,0,0,1,0,0,1,1,0,0,1,1,1,1,1,1,0,0,0,0,0,1,0,0,1,0,1,0,1,1,1,0,0,1,0,1,0,1,1,1,0,0,1,1,0,0,0,1,0,0,0.2962962962962963,326.2505638596229,1
13,0,1,1,0,1,0,0,1,0,1,1,1,0,0,1,1,1,1,0,1,1,0,1,0,0,1,0,0,1,1,1,0,1,1,1,0,0,1,0,1,0,1,0,1,0,0,1,1,1,0,0,1,0,0,0.3888888888888889,573.5800743484683,1
14,0,1,0,0,0,0,1,1,0,0,1,1,0,0,1,1,1,1,1,1,1,0,0,0,0,1,0,0,1,1,1,0,1,1,1,0,0,1,0,1,0,1,1,1,0,0,1,1,1,0,0,1,0,0,0.3888888888888889,417.27740853453884,1
15,0,1,1,0,0,0,0,1,0,0,1,1,0,0,1,0,1,1,0,1,1,0,0,0,0,1,0,0,1,1,1,0,1,1,1,0,0,1,0,1,0,1,1,1,0,0,1,1,1,0,0,1,0,0,0.3333333333333333,463.00059859831,1
16,0,1,1,0,0,0,0,1,0,0,1,1,1,0,1,1,1,1,1,1,1,0,1,0,0,1,0,0,1,1,1,0,1,1,1,0,1,1,0,1,0,0,1,1,0,0,1,1,1,0,0,1,0,0,0.3333333333333333,525.8570972803342,1
17,0,1,0,0,0,0,0,1,0,1,1,1,1,0,1,1,1,1,0,1,1,0,1,0,0,1,0,0,1,1,1,0,1,1,1,0,1,1,0,1,0,1,1,1,0,0,1,1,1,0,0,1,0,0,0.3333333333333333,451.8398328405739,1
18,0,1,0,0,1,0,0,1,0,0,1,1,1,0,0,1,1,1,0,1,1,0,0,0,0,1,0,0,1,0,1,0,1,1,1,0,1,1,1,1,0,1,1,1,0,0,1,1,1,0,0,1,0,0,0.3148148148148148,441.7078163501342,1
19,0,1,1,0,0,0,0,1,0,0,1,1,1,0,1,1,1,1,1,1,1,0,1,0,0,1,0,0,1,1,1,0,1,0,1,0,0,1,0,1,0,1,1,1,0,0,1,1,1,0,0,1,0,0,0.3888888888888889,530.5823728396609,1
20,0,1,1,0,0,0,1,1,1,0,1,1,0,0,1,1,1,1,0,1,1,0,0,0,0,1,0,0,1,1,1,0,1,1,1,0,0,1,0,1,0,1,1,1,0,0,1,1,1,0,0,1,0,0,0.3888888888888889,510.8898224456666,1
21,0,1,0,0,0,0,1,1,0,0,1,1,1,0,1,1,1,1,0,1,0,0,1,0,0,1,0,0,1,1,1,0,1,1,1,0,0,1,0,1,0,1,1,1,0,0,1,1,0,0,0,1,0,0,0.35185185185185186,389.00013536409404,1
22,0,1,0,0,1,0,0,1,1,0,1,1,1,0,1,1,1,1,0,1,0,0,1,0,0,1,0,0,1,1,1,0,1,1,1,1,0,1,0,1,0,1,1,1,0,0,1,1,1,0,0,1,0,0,0.3333333333333333,482.3923342994885,1
23,1,0,1,1,1,1,1,0,1,0,0,0,0,1,0,0,0,0,0,0,0,1,0,1,1,0,1,1,0,1,0,1,0,0,0,1,1,0,1,0,1,1,0,0,1,1,0,0,1,1,1,0,1,1,0.37037037037037035,641.2987090956341,1
24,0,1,1,0,0,0,1,1,0,1,1,1,1,0,1,1,1,1,0,1,1,0,1,0,0,1,0,0,1,1,1,0,1,1,1,0,1,1,0,1,0,1,1,1,0,0,1,1,1,0,0,1,0,0,0.3333333333333333,536.0768613831145,1
25,0,1,0,0,0,0,0,1,0,0,1,1,0,0,1,1,1,1,0,1,1,0,1,0,0,1,0,0,1,0,1,0,1,1,1,0,0,1,0,1,0,1,1,1,0,0,1,1,1,0,0,1,0,0,0.3148148148148148,382.3821951150378,1
26,0,1,0,0,0,0,0,1,0,0,1,1,0,0,1,1,1,1,0,1,0,0,1,0,0,1,0,0,1,1,1,0,1,1,1,0,1,1,0,1,0,1,1,1,0,0,1,1,1,0,0,1,0,0,0.35185185185185186,447.1803991199915,1
27,0,1,0,0,1,0,0,1,0,0,1,1,1,0,1,1,1,1,0,1,1,0,0,0,0,1,0,0,1,1,1,0,1,0,1,0,0,1,0,1,0,1,1,1,0,0,1,1,1,0,0,1,0,0,0.35185185185185186,435.22650347539474,1
28,0,1,0,0,1,0,0,1,0,0,1,1,1,0,1,1,1,1,1,1,0,0,1,0,0,1,0,0,1,1,1,0,1,1,1,0,0,1,0,1,0,1,1,1,0,0,1,1,0,0,0,1,0,0,0.3888888888888889,411.87456335629116,1
29,1,0,1,1,1,1,0,0,1,0,0,0,0,1,0,0,0,0,1,0,0,1,0,1,1,0,1,1,0,1,0,1,0,0,0,1,0,0,1,0,1,1,0,0,1,1,0,0,0,1,1,0,1,1,0.35185185185185186,578.3767834411401,1
30,0,1,0,0,0,0,0,1,0,0,1,0,0,0,0,1,1,0,1,1,0,0,1,0,0,1,0,0,1,0,1,0,1,1,1,0,1,1,1,1,0,1,1,1,0,0,1,1,0,0,0,1,0,0,0.25925925925925924,610.699196319692,1
31,0,1,1,0,0,0,0,1,1,1,1,1,1,0,1,1,1,1,0,1,0,0,1,0,0,1,0,0,1,1,1,0,1,1,1,0,0,1,0,1,0,1,1,1,0,0,1,1,1,0,0,1,0,0,0.35185185185185186,491.3290041532989,1
32,0,1,0,0,0,0,1,1,0,0,1,1,0,0,1,1,1,1,0,1,0,0,1,0,0,1,0,0,1,0,1,0,1,1,1,0,0,1,1,1,0,1,1,1,0,0,1,1,0,0,0,1,0,0,0.3333333333333333,392.63345694030005,1
33,0,1,0,0,0,0,1,1,0,1,1,1,0,0,1,1,1,1,0,1,0,0,0,0,0,1,0,0,1,1,1,0,1,0,1,0,1,1,0,1,0,1,1,1,0,0,1,1,1,0,0,1,0,0,0.35185185185185186,417.8579567118925,1
34,0,1,0,0,0,0,0,1,0,0,1,1,0,0,1,1,1,1,1,1,1,0,1,0,0,1,0,0,1,1,1,0,1,1,1,0,1,1,0,1,0,1,1,1,0,0,1,1,0,0,0,1,0,0,0.4074074074074074,430.27116146335516,1
35,0,1,0,0,0,0,1,1,1,0,1,1,0,0,1,1,1,0,0,1,0,0,0,0,0,1,0,0,1,1,1,0,1,1,1,0,1,1,0,1,0,1,1,1,0,0,1,1,0,0,0,1,0,0,0.37037037037037035,392.1658048756686,1
36,0,1,1,0,0,0,0,1,0,0,1,1,0,0,1,1,1,1,0,1,1,0,1,0,0,1,0,0,1,0,1,0,1,0,1,0,0,1,0,1,0,1,1,1,1,0,1,1,1,0,0,1,0,0,0.2962962962962963,466.15185354825667,1
37,0,1,0,0,0,0,1,1,0,0,1,1,1,0,1,1,1,1,0,1,1,0,1,0,0,1,0,0,1,1,1,0,1,1,1,0,0,1,0,1,0,1,1,1,0,0,1,1,1,0,0,1,0,0,0.37037037037037035,428.5297451317853,1
38,0,1,0,0,0,0,0,1,1,0,1,1,0,0,1,1,1,1,0,1,0,0,1,0,0,1,0,0,1,1,1,0,1,1,1,0,0,1,0,1,0,1,1,1,0,0,1,1,1,0,0,1,0,0,0.2962962962962963,393.04567445856145,1
39,0,1,0,0,0,0,0,1,0,0,1,1,0,0,1,1,1,1,1,1,0,0,1,0,0,1,1,0,1,1,1,0,1,1,1,0,1,1,0,1,0,1,1,1,0,0,1,1,0,0,0,1,0,0,0.3148148148148148,419.2217719190849,1
40,0,1,1,0,1,0,0,1,0,0,1,1,1,0,1,1,1,1,0,1,0,0,1,0,0,1,0,0,1,1,1,0,1,0,1,0,0,1,0,1,0,1,1,1,0,0,1,1,1,0,0,1,0,0,0.35185185185185186,473.59626494189234,1
41,0,1,0,0,0,0,1,1,0,1,1,1,0,0,1,1,1,1,0,1,0,0,1,0,0,1,0,0,1,1,1,0,1,1,1,0,0,1,0,1,0,1,1,1,0,0,1,1,0,0,0,1,0,0,0.35185185185185186,389.00013536409404,1
42,0,1,1,0,0,0,1,1,0,0,0,1,0,0,1,1,1,1,0,1,0,0,0,0,0,1,0,0,1,1,1,0,1,1,1,0,1,1,0,1,0,1,1,1,0,0,1,1,1,0,0,1,0,0,0.37037037037037035,450.95273888095016,1
43,0,1,0,0,0,0,0,1,0,1,1,1,1,0,1,1,1,1,0,1,0,0,1,0,0,1,0,0,1,1,1,0,1,1,1,0,1,1,0,1,0,1,1,1,0,0,1,1,1,0,0,1,0,0,0.35185185185185186,436.7836945868623,1
44,0,1,0,0,0,0,1,1,0,1,1,1,1,0,1,1,1,1,0,1,0,0,0,0,0,1,0,0,1,0,1,0,1,1,1,0,0,1,1,1,0,1,1,1,0,0,1,1,0,0,0,1,0,0,0.3333333333333333,400.199407612479,1
45,0,1,0,0,1,0,0,1,0,0,1,1,0,0,1,1,1,1,0,1,1,0,1,0,0,1,0,1,1,1,1,0,1,0,1,0,0,1,0,1,0,1,1,1,0,0,1,1,1,0,0,1,0,0,0.4074074074074074,444.842696360503,1
46,0,1,0,0,1,0,1,1,0,0,1,1,1,0,1,1,1,1,0,1,0,0,0,0,0,1,0,0,0,1,1,0,1,1,1,0,0,1,0,1,0,0,1,1,0,0,1,1,0,0,0,1,0,0,0.35185185185185186,338.24772698905116,1
47,0,1,0,0,1,0,0,1,0,0,1,1,0,0,0,1,1,1,0,1,1,0,1,0,0,1,0,0,1,0,1,0,1,1,1,0,0,1,0,1,0,1,0,1,0,0,1,1,1,0,0,1,0,0,0.37037037037037035,342.61128360732584,1
48,0,1,1,0,1,0,0,1,1,0,1,1,0,0,1,1,1,1,1,1,1,0,1,0,0,1,0,0,0,1,1,0,1,1,1,0,1,1,1,1,0,1,1,1,0,0,1,1,1,0,0,1,0,0,0.37037037037037035,618.2261622380476,1
49,0,1,1,0,0,0,0,1,1,0,1,1,1,0,1,1,1,1,0,1,1,0,1,0,0,1,0,0,1,1,1,0,1,0,1,0,0,1,0,1,0,1,1,1,0,0,1,1,0,0,0,1,0,0,0.35185185185185186,598.7186737331265,1
50,1,0,1,1,1,1,1,0,1,0,1,1,1,1,0,0,0,0,0,0,0,1,0,1,1,0,1,1,0,1,0,1,0,0,0,1,0,0,1,0,1,1,0,0,1,1,0,0,0,1,1,0,1,1,0.3333333333333333,555.7761845927931,1
51,0,1,0,0,0,0,0,1,0,0,0,1,1,0,0,1,1,0,1,1,0,0,1,0,0,1,0,0,1,0,1,0,1,1,1,0,1,1,0,1,0,1,1,1,0,0,1,1,0,0,0,1,0,0,0.35185185185185186,356.8081332825568,1
52,0,1,1,0,1,0,0,1,0,1,1,1,0,0,1,1,1,1,0,1,0,0,0,0,0,1,0,0,0,1,1,0,1,0,1,0,0,1,0,1,0,1,1,1,0,0,1,1,1,0,0,1,0,0,0.35185185185185186,442.0443536150882,1
53,0,1,0,0,0,0,1,1,0,0,1,1,0,0,1,1,1,1,0,1,0,0,0,0,0,1,0,0,1,1,1,0,1,1,1,0,0,1,0,1,0,1,1,1,0,0,1,1,0,0,0,1,0,0,0.35185185185185186,401.42155596238075,1
54,0,1,0,0,0,0,1,1,0,0,1,1,0,0,0,1,1,1,0,1,0,0,1,0,0,1,0,0,1,0,1,0,1,1,1,0,0,1,1,1,0,1,1,1,0,0,1,1,0,0,0,1,0,0,0.3148148148148148,401.3001456184252,1
55,0,1,0,0,0,0,1,1,0,0,0,1,0,0,1,1,1,1,1,1,0,0,1,0,0,1,0,0,1,0,1,0,1,0,1,0,1,1,1,1,0,1,1,1,0,0,1,1,0,0,0,1,0,0,0.37037037037037035,387.9861633405663,1
56,0,1,0,0,0,0,0,1,0,1,1,1,1,0,1,1,1,0,0,1,0,0,1,0,0,1,0,0,1,0,1,0,1,1,1,0,1,1,1,1,0,1,1,1,0,0,1,1,0,0,0,1,0,0,0.3148148148148148,434.00436588155253,1
57,0,1,0,0,1,0,0,1,0,0,1,1,0,0,1,0,1,1,1,1,0,0,0,0,0,1,0,0,1,1,1,0,1,1,1,0,1,1,0,1,0,1,1,1,0,0,1,1,0,0,0,1,0,0,0.3333333333333333,432.00026632779543,1
58,0,0,0,0,0,0,1,1,1,1,1,1,1,0,1,1,1,1,1,1,0,0,0,0,0,1,0,0,1,1,1,0,1,1,1,0,1,1,0,1,1,0,1,1,0,0,1,1,0,0,0,1,0,0,0.2962962962962963,348.02049514480603,1
59,1,0,1,1,1,1,0,0,1,0,0,0,1,1,0,0,0,0,0,0,0,1,0,1,1,0,1,1,0,1,0,1,0,0,0,1,1,0,1,0,1,1,0,0,1,1,0,1,1,1,1,0,1,1,0.3333333333333333,856.5312240824629,1
60,0,1,0,0,1,0,0,1,0,0,1,1,0,0,1,1,1,1,0,1,1,0,0,0,0,1,0,0,1,1,1,0,1,0,1,0,1,1,0,1,0,1,1,1,0,0,1,1,1,0,0,1,0,0,0.42592592592592593,436.966728891813,1
61,0,1,1,0,1,0,0,1,0,0,1,1,1,0,1,1,1,1,1,1,1,0,0,0,0,1,0,0,1,1,1,0,1,1,1,0,0,1,0,1,0,1,1,1,0,0,1,1,0,0,0,1,0,0,0.3888888888888889,545.7802452354819,1
62,0,1,0,0,0,0,1,1,0,0,1,1,0,0,1,1,1,1,1,1,0,0,1,0,0,1,1,0,1,1,1,0,1,0,1,0,1,1,0,1,0,1,1,1,0,0,1,1,1,0,0,1,0,0,0.37037037037037035,414.670053085738,1
63,0,1,1,0,0,0,1,1,0,0,1,1,1,0,1,1,1,1,1,1,1,0,1,0,0,1,0,0,1,1,1,0,1,0,1,0,0,1,1,1,0,1,1,1,0,0,1,1,1,0,0,1,0,0,0.35185185185185186,551.3622577232547,1
64,0,1,1,0,0,0,0,1,0,0,1,1,0,0,1,1,1,1,1,1,0,0,1,0,0,1,0,0,1,0,1,0,1,1,1,0,0,1,0,1,0,1,1,1,0,0,1,1,0,0,0,1,0,0,0.4074074074074074,415.82986800292844,1
65,0,1,1,0,0,0,0,1,1,0,1,1,1,0,1,1,1,1,0,1,0,0,1,0,0,1,0,0,1,1,1,0,1,1,1,0,1,1,0,1,0,1,1,1,0,0,1,1,1,0,0,1,0,0,0.3333333333333333,471.2594342206694,1
66,1,0,1,1,1,1,1,0,1,0,0,0,1,1,0,0,0,0,0,0,0,1,1,1,1,0,1,1,0,1,0,1,0,0,0,1,1,0,1,0,1,0,0,0,1,1,0,0,0,1,1,0,1,1,0.35185185185185186,445.1943127951914,1
67,0,1,0,0,1,0,1,1,0,0,1,1,1,0,1,1,1,1,0,1,1,1,1,0,0,1,0,0,1,1,1,0,1,1,1,0,1,1,0,1,0,1,1,1,0,0,1,1,1,0,0,1,0,0,0.4074074074074074,473.7042844724307,1
68,0,1,0,0,1,0,1,1,0,0,1,1,1,0,1,1,1,1,0,1,0,0,1,0,0,1,0,0,1,1,0,0,1,0,1,0,0,1,0,1,0,1,1,1,0,0,1,1,0,0,0,1,0,0,0.4074074074074074,392.5430656775536,1
69,1,0,1,0,1,1,1,0,1,0,0,0,1,1,0,0,0,0,1,0,1,1,1,1,1,0,1,1,0,1,0,1,0,0,0,1,0,0,1,0,1,0,0,0,1,1,0,0,1,1,1,0,1,1,0.3333333333333333,466.5122418862453,1
70,0,1,0,0,0,0,0,1,0,0,1,1,0,0,1,1,1,1,1,1,1,0,0,0,0,1,0,0,1,1,1,0,1,1,1,0,1,1,0,1,0,1,1,1,0,0,1,1,1,0,0,1,0,0,0.3888888888888889,443.60346984337536,1
71,0,1,0,0,1,0,1,1,0,0,1,1,1,0,1,1,1,1,0,1,0,0,1,0,0,1,0,0,1,1,0,0,1,1,1,0,0,1,0,1,0,1,1,1,0,0,1,1,0,0,0,1,0,0,0.42592592592592593,398.0247378080707,1
72,1,0,1,1,1,1,0,0,1,0,0,0,1,1,0,0,0,0,0,0,0,1,0,1,1,0,1,1,0,1,0,1,0,1,0,1,0,0,1,0,1,1,0,1,0,1,0,0,0,1,1,0,1,1,0.3333333333333333,549.3938078412194,1
73,0,1,0,0,1,0,0,1,0,0,1,1,1,0,1,1,1,1,0,1,1,0,0,0,0,1,0,0,1,0,1,0,1,1,1,0,1,1,0,1,0,1,1,1,0,0,1,1,0,0,0,1,0,0,0.4074074074074074,411.67639514394995,1
74,1,0,1,1,1,1,0,0,1,0,0,0,0,1,0,0,0,0,1,0,0,1,0,1,1,0,1,0,0,1,0,1,0,0,0,1,1,0,1,0,0,1,0,0,1,1,0,0,0,1,1,0,1,1,0.3333333333333333,513.943638246393,1
75,0,0,1,0,0,0,0,1,1,1,1,1,0,0,1,1,1,1,1,1,0,0,1,0,0,1,0,0,1,1,1,0,1,1,1,0,1,1,0,1,0,1,1,1,0,0,1,1,1,0,0,1,0,0,0.3888888888888889,448.2177791263511,1
76,0,0,0,0,0,0,0,1,0,1,1,1,1,0,1,1,1,1,0,1,0,0,1,0,0,1,0,0,0,1,1,0,1,1,1,0,1,1,0,1,0,1,1,1,0,0,1,1,1,0,0,1,0,0,0.3148148148148148,396.64999606189275,1
77,0,1,0,0,1,0,1,1,1,0,1,1,1,0,1,1,1,1,0,1,1,0,1,0,0,1,1,0,1,1,1,0,1,1,1,0,0,1,0,1,0,1,1,1,0,0,1,1,1,0,0,1,0,0,0.3888888888888889,631.8784988391416,1
78,1,0,0,1,1,1,1,0,1,1,0,0,0,1,0,0,0,0,0,0,1,1,0,1,1,0,0,1,0,1,0,1,0,0,0,1,0,0,1,0,0,1,0,0,1,1,0,0,0,1,1,0,1,1,0.3333333333333333,548.9664843556274,1
79,0,1,1,0,0,0,0,1,1,0,0,1,1,0,1,1,1,1,0,1,1,0,1,0,0,1,1,0,1,1,1,0,1,1,1,0,1,1,0,1,0,1,1,1,0,0,1,1,1,0,0,1,0,0,0.3888888888888889,604.7348522864504,1
80,0,1,0,0,0,0,0,1,0,0,1,1,1,0,1,0,1,1,0,1,0,0,1,0,0,1,0,0,1,1,1,0,1,1,1,0,0,1,0,1,0,1,1,1,0,0,1,1,1,0,0,1,0,0,0.3888888888888889,423.81975102673454,1
81,0,1,0,0,1,0,1,1,1,0,1,1,1,0,1,1,1,1,0,1,1,0,1,0,0,1,0,0,1,1,1,0,1,1,1,0,0,1,0,1,0,1,1,1,0,0,1,1,1,0,0,1,0,0,0.4074074074074074,512.5778634865027,1
82,0,1,0,0,0,0,1,1,0,0,1,1,1,0,0,1,1,1,0,1,0,0,1,0,0,1,0,1,1,1,1,0,1,0,1,0,1,1,0,1,0,1,1,1,0,0,1,1,0,0,0,1,0,0,0.37037037037037035,410.7221497689281,1
83,0,1,0,0,0,0,0,1,0,0,1,1,0,0,1,1,1,1,1,1,1,1,0,0,0,1,0,1,1,1,1,0,1,0,1,0,0,1,0,1,0,1,1,1,0,0,1,1,1,0,0,1,0,0,0.35185185185185186,423.8091786807237,1
84,0,1,0,0,0,0,0,1,0,0,1,1,1,0,0,1,1,0,1,1,0,0,1,0,0,1,1,0,1,0,1,0,1,0,1,1,0,1,0,1,0,1,1,1,0,0,1,1,0,0,0,1,0,0,0.2777777777777778,355.11438446824224,1
85,1,1,1,0,0,0,1,1,0,0,1,1,0,0,1,0,1,1,1,1,0,0,0,0,0,1,0,0,1,1,1,0,1,1,1,0,1,1,0,1,0,1,1,1,0,0,1,1,1,0,0,1,0,0,0.35185185185185186,449.8799668810014,1
86,0,1,0,0,0,0,1,1,0,0,1,1,1,0,1,0,1,1,0,1,1,0,0,0,0,1,0,0,1,1,0,0,1,1,1,0,1,1,0,1,0,1,1,1,0,0,1,1,0,0,0,1,0,0,0.35185185185185186,409.84673425603154,1
87,1,1,0,0,0,0,1,1,1,0,0,1,0,0,0,1,1,1,0,1,0,0,1,0,0,1,0,0,1,0,1,0,1,1,1,0,0,1,1,1,0,1,1,1,0,0,1,1,1,0,0,1,0,0,0.35185185185185186,378.55596581591055,1
88,0,1,0,0,0,0,1,1,0,1,1,0,0,0,0,1,1,1,1,1,0,0,0,0,0,1,0,0,1,0,1,0,1,1,1,0,1,1,1,1,0,1,1,1,0,0,1,1,1,0,0,1,0,0,0.2962962962962963,542.3365598433844,1
89,0,0,0,0,0,0,0,1,0,1,1,1,0,0,1,0,1,1,0,1,0,0,0,0,0,1,0,0,1,1,1,0,1,0,1,0,0,1,1,0,0,1,1,1,0,0,1,1,0,0,0,1,0,0,0.3148148148148148,526.685107978498,1
90,0,1,0,0,1,0,0,1,0,0,1,1,1,0,1,1,1,1,0,1,0,0,1,0,0,1,0,0,1,1,1,0,1,1,1,0,0,1,0,1,0,1,1,1,0,0,1,1,1,0,0,1,0,0,0.3888888888888889,422.00698070043296,1
91,0,1,0,0,0,0,1,1,0,0,1,1,1,0,1,1,1,1,0,1,0,0,1,0,0,1,0,0,0,1,1,0,1,1,1,0,1,1,0,1,0,0,1,1,0,0,1,1,1,0,0,1,0,0,0.42592592592592593,329.0319465433922,1
92,0,1,0,0,0,0,0,1,0,1,0,1,1,0,1,1,1,1,0,1,1,0,0,0,0,1,0,0,1,0,1,0,1,1,1,0,0,1,0,1,0,1,1,1,1,0,1,1,0,0,0,1,0,0,0.3333333333333333,391.4533886828627,1
93,0,0,0,0,0,0,1,1,1,1,0,1,0,0,1,1,1,1,1,1,0,0,1,0,0,1,0,0,1,0,1,0,1,1,1,1,1,1,1,1,0,1,1,1,0,0,1,1,1,0,0,1,0,0,0.3888888888888889,507.1627072317514,1
94,0,1,0,0,0,0,0,1,0,0,1,1,1,0,1,1,1,1,1,1,1,0,1,0,1,1,0,0,1,1,1,0,1,1,1,0,0,1,0,1,1,1,1,1,0,0,1,1,0,0,0,1,0,0,0.4074074074074074,457.07819936690345,1
95,0,1,0,0,0,0,0,1,0,1,1,1,0,0,1,1,1,1,0,1,1,0,1,0,0,1,0,0,1,1,1,0,1,1,1,0,0,1,0,1,0,1,1,1,0,0,1,1,1,0,0,1,0,0,0.4074074074074074,432.34962085697003,1
96,0,0,1,1,0,0,0,1,0,1,1,1,0,0,1,1,1,1,0,1,1,0,1,0,0,1,0,0,1,0,1,0,1,0,1,0,1,1,0,1,0,1,1,1,0,0,1,1,1,0,0,1,0,0,0.3148148148148148,484.3037120906334,1
97,0,1,1,0,1,0,0,1,0,0,0,1,1,0,1,1,1,1,1,1,1,0,1,0,0,1,0,0,1,1,1,0,1,1,1,0,0,1,0,1,0,1,1,1,0,0,1,1,1,0,0,1,0,0,0.46296296296296297,526.6917232991776,1
98,0,1,0,0,1,0,0,1,1,1,1,1,1,0,1,1,1,1,0,1,0,0,1,0,0,1,0,0,1,1,1,0,1,1,1,0,0,1,0,1,0,1,1,1,0,0,1,1,1,0,0,1,0,0,0.46296296296296297,437.56789425505275,1
99,1,0,1,1,1,1,1,0,1,0,0,0,1,1,0,0,0,0,0,0,1,1,0,1,1,0,1,1,0,1,1,1,0,1,0,1,0,0,1,0,0,1,0,0,1,1,0,0,1,1,1,0,1,1,0.35185185185185186,543.0117702587954,1
