,0,1,2,3,4,5,6,7,8,9,10,11,12,13,14,15,16,17,18,19,20,21,22,23,24,25,26,27,28,29,30,31,32,33,34,35,36,37,38,39,40,41,42,43,44,45,46,47,48,49,50,51,52,53,chain_break_fraction,energy,num_occurrences
0,1,0,0,1,1,0,0,1,0,0,0,0,0,1,0,0,1,1,0,1,0,1,0,1,0,1,1,1,0,1,1,1,1,1,0,0,1,0,0,0,0,1,0,0,0,1,1,1,1,0,0,0,1,1,0.3333333333333333,312.87467874575935,1
1,0,0,0,1,1,0,0,1,0,0,0,0,0,1,0,0,1,1,0,1,0,1,0,1,0,1,1,1,0,1,1,1,1,1,0,0,1,0,0,0,0,1,0,0,0,0,1,1,1,0,0,0,1,1,0.3333333333333333,306.25628326000964,1
2,0,0,0,1,1,0,0,1,0,0,0,0,0,1,0,0,1,1,0,1,0,1,0,1,0,1,1,1,1,1,1,0,1,1,0,0,1,0,0,0,0,1,0,0,1,0,1,1,1,0,0,0,0,1,0.2962962962962963,348.1665966076464,1
3,1,0,0,1,1,0,0,1,0,0,0,0,0,1,0,0,1,1,0,1,0,1,0,1,0,1,1,1,0,1,1,1,1,1,0,0,1,0,0,0,0,1,0,0,0,0,1,1,1,0,0,0,0,1,0.37037037037037035,264.3635264862535,1
4,1,0,0,1,1,0,0,1,0,0,0,0,0,1,0,0,1,1,0,0,0,1,0,1,0,1,1,1,1,1,1,1,1,0,0,0,1,0,0,0,0,1,0,0,0,1,1,1,1,0,0,0,0,1,0.3333333333333333,306.3304290246342,1
5,1,0,0,1,1,0,0,1,0,0,0,0,0,1,0,0,1,1,0,1,0,1,0,1,0,1,1,1,0,1,1,1,1,0,0,0,1,0,0,0,0,1,0,0,1,0,1,1,1,0,0,0,1,1,0.35185185185185186,377.9022832397156,1
6,1,0,0,1,1,0,0,1,0,0,0,0,0,1,0,0,1,1,0,0,0,1,0,1,1,1,1,1,1,1,1,1,1,0,0,0,1,0,0,0,0,1,0,0,1,1,1,1,1,0,0,0,0,1,0.3333333333333333,406.43897054193667,1
7,1,0,0,1,1,0,0,1,0,0,0,0,0,1,0,0,1,1,0,1,0,1,0,1,1,1,1,1,1,1,1,1,1,1,0,0,1,0,0,0,0,1,0,0,0,1,1,1,1,0,0,0,1,0,0.2962962962962963,245.14570768415848,1
8,1,0,0,1,1,0,0,1,0,0,0,0,0,1,0,0,1,1,0,1,0,1,0,1,0,1,1,1,1,1,1,1,1,1,0,0,1,0,0,0,0,1,0,0,0,0,1,1,1,0,0,0,1,1,0.2962962962962963,325.1902756167767,1
9,1,0,0,0,1,0,0,1,0,0,0,0,0,1,0,0,1,1,0,1,0,1,0,1,0,1,1,1,0,1,1,1,1,1,0,0,1,0,0,0,0,1,0,0,1,0,1,1,1,0,0,0,1,0,0.35185185185185186,301.58685838503595,1
10,1,0,0,1,1,0,0,1,0,0,0,0,0,1,0,0,1,1,0,1,0,1,0,1,0,1,1,1,0,1,1,1,1,1,0,0,1,0,0,0,0,1,0,0,1,1,1,1,1,0,0,0,0,1,0.3148148148148148,367.90846809318293,1
11,1,0,0,1,1,0,0,1,0,0,0,0,0,1,0,0,1,1,0,1,0,1,0,1,0,1,1,1,1,1,1,1,1,1,0,0,1,0,0,0,0,1,0,0,1,0,1,1,1,0,0,0,0,1,0.3333333333333333,385.6617415556053,1
12,1,0,1,1,1,0,0,1,0,0,0,0,0,1,0,0,1,1,0,1,0,1,0,1,0,1,1,1,1,1,1,0,1,0,0,0,1,0,0,0,0,1,1,0,1,1,1,1,1,0,0,0,1,1,0.2777777777777778,372.9294097654175,1
13,1,0,0,1,1,0,0,1,0,0,0,0,0,1,0,0,1,1,0,0,0,1,0,1,1,1,1,0,1,1,1,1,1,1,0,0,1,0,0,0,0,1,0,0,0,1,1,1,1,0,0,0,1,0,0.2777777777777778,246.91276597267398,1
14,1,0,0,1,1,0,0,1,0,0,0,0,0,1,0,0,1,1,0,1,0,1,0,1,0,0,1,1,0,1,1,1,1,1,0,0,1,0,0,0,0,1,0,0,0,1,1,1,1,0,0,0,1,1,0.3333333333333333,339.0825214452597,1
15,1,0,0,1,1,0,0,1,0,0,0,0,0,1,0,1,1,1,0,1,0,1,0,1,0,1,1,1,0,1,1,1,1,0,0,0,1,0,0,0,0,1,0,0,1,0,1,1,1,0,0,0,1,1,0.3333333333333333,365.257955485258,1
16,1,0,1,1,1,0,0,1,0,0,0,0,0,1,0,0,1,1,0,1,0,1,0,1,0,1,1,1,0,1,1,1,1,0,0,0,1,0,0,0,0,1,0,0,1,0,1,1,1,0,0,0,1,1,0.3333333333333333,353.5227634674177,1
17,0,0,0,1,1,0,0,1,0,0,0,0,0,1,0,0,1,1,0,1,0,1,0,1,1,1,1,1,0,1,1,1,1,1,0,0,1,0,0,0,0,1,0,0,1,1,1,1,1,0,0,0,1,0,0.3148148148148148,307.39095916306496,1
18,1,0,0,1,1,0,0,1,0,0,0,0,0,1,0,0,1,1,0,0,0,1,0,1,0,1,1,1,1,1,1,1,1,1,0,0,1,0,0,0,0,1,1,0,0,0,1,1,1,0,0,0,1,0,0.3333333333333333,269.29029965050347,1
19,0,0,0,0,1,0,0,1,0,0,0,0,0,1,0,0,1,1,0,1,0,1,0,1,1,1,1,1,0,1,1,1,1,1,0,0,1,0,0,0,0,1,0,0,1,0,1,1,1,0,0,0,1,1,0.2962962962962963,421.21939932276075,1
20,0,0,0,1,1,0,0,1,0,0,0,1,0,1,0,0,1,1,0,0,0,1,0,1,0,1,1,1,1,1,1,1,1,0,0,0,1,0,0,0,0,1,1,0,1,1,1,1,1,0,0,0,1,1,0.2777777777777778,482.95568743022034,1
21,0,0,0,1,1,0,0,1,0,0,0,0,0,1,0,0,1,1,0,0,0,1,0,1,0,1,1,1,1,1,1,1,1,1,0,0,1,0,0,0,0,1,0,0,0,0,1,1,1,0,0,0,0,0,0.35185185185185186,229.3885739312967,1
22,0,0,1,1,1,0,0,1,0,0,0,0,0,1,0,0,1,1,0,1,0,1,0,1,0,1,1,1,1,1,1,1,1,1,0,0,1,0,0,0,0,1,0,0,1,1,1,1,1,0,0,0,1,1,0.3333333333333333,435.2855199505476,1
23,1,0,0,1,1,0,0,1,0,0,0,1,0,1,0,0,1,1,0,1,0,1,0,1,0,1,1,0,0,1,1,1,1,0,0,0,1,0,0,0,0,1,0,0,1,0,1,1,1,0,0,0,0,0,0.37037037037037035,294.6342503854571,1
24,1,0,0,1,1,0,0,1,0,0,0,0,0,1,0,0,1,1,0,0,0,1,0,1,0,1,1,1,1,1,1,1,1,1,0,0,1,0,0,0,0,1,0,0,0,0,1,0,1,0,0,0,0,1,0.37037037037037035,233.84463459278828,1
25,1,0,0,1,1,0,0,1,0,0,0,0,0,1,0,0,0,1,0,0,0,1,0,1,0,1,1,0,0,1,1,1,1,1,0,0,1,0,0,0,0,1,0,0,0,0,1,1,0,0,0,0,1,0,0.3148148148148148,218.8262064303805,1
26,1,0,0,1,1,0,0,1,0,0,0,0,0,1,0,1,1,1,0,1,0,1,0,1,0,1,1,1,1,1,1,0,1,0,0,0,1,0,0,0,0,1,0,0,1,1,1,1,1,0,0,0,1,1,0.3148148148148148,373.89312908139016,1
27,0,0,0,1,1,0,0,1,0,0,0,0,0,1,0,0,1,1,0,1,0,1,0,1,1,1,1,0,0,1,1,1,1,1,0,0,1,0,0,0,0,1,0,0,0,0,1,1,1,0,0,0,1,1,0.2777777777777778,288.13700007256875,1
28,0,0,0,1,1,0,0,1,0,0,0,0,0,1,0,0,1,1,0,1,0,1,0,1,0,1,1,0,0,1,1,1,1,1,0,0,1,0,0,0,0,1,0,0,1,0,1,1,1,0,0,0,0,1,0.35185185185185186,344.73237457479127,1
29,0,0,0,0,1,0,0,1,0,0,0,0,0,1,0,1,1,1,0,0,0,1,0,1,0,1,1,1,0,1,1,1,1,0,0,0,1,0,0,0,0,1,0,0,0,1,1,1,1,0,0,0,0,1,0.3333333333333333,289.59694328705916,1
30,1,0,0,1,1,0,0,1,0,0,0,0,0,1,0,0,1,1,0,0,0,1,0,1,1,1,1,1,1,1,1,1,1,1,0,0,1,0,0,0,0,1,0,0,0,0,1,1,0,0,0,0,1,1,0.3148148148148148,315.85794943138984,1
31,1,0,0,1,1,0,0,1,0,0,0,0,0,1,0,0,0,1,0,1,0,1,0,1,0,1,1,1,0,1,1,1,1,0,0,0,1,0,0,0,0,1,1,0,1,0,1,1,1,0,0,0,1,0,0.3333333333333333,309.95089762550765,1
32,0,0,0,1,1,0,0,1,0,0,0,0,0,1,0,0,1,1,0,1,0,1,0,1,1,1,1,1,1,1,1,1,1,1,0,0,1,0,0,1,0,1,0,0,0,0,1,1,1,0,0,0,1,1,0.3148148148148148,347.6762139739207,1
33,1,0,0,1,1,0,0,1,0,0,0,0,0,1,0,1,1,1,0,1,0,1,0,1,0,0,1,0,0,1,1,1,1,1,0,0,1,0,0,0,0,1,0,0,1,0,1,1,1,0,0,0,1,1,0.3333333333333333,400.1262503545338,1
34,0,0,0,1,1,0,0,1,0,0,0,0,0,1,0,0,1,1,0,1,0,1,0,1,1,1,1,0,0,1,1,1,1,1,0,0,1,0,0,0,0,1,0,0,0,0,1,1,1,0,0,0,1,1,0.37037037037037035,288.13700007256875,1
35,0,1,1,0,0,1,1,0,1,1,1,1,1,0,1,1,0,0,1,0,1,0,1,0,1,1,0,0,1,0,0,0,0,0,1,1,0,1,1,1,1,0,1,1,0,1,0,1,0,1,1,1,1,1,0.3333333333333333,427.5543699905658,1
36,0,0,1,1,1,0,0,1,0,0,0,1,0,1,0,0,1,1,0,1,0,1,0,1,0,1,1,1,0,1,1,1,1,1,0,0,1,0,0,0,0,1,0,0,1,0,1,1,1,0,0,0,0,1,0.37037037037037035,347.1403895539627,1
37,1,0,0,1,1,0,0,1,0,0,0,0,0,1,0,0,1,1,0,1,0,1,0,1,0,1,1,1,0,1,1,1,1,1,0,0,1,0,0,0,0,1,1,0,0,0,1,1,1,0,0,0,1,1,0.37037037037037035,313.33394143103817,1
38,0,0,0,0,1,0,0,1,0,0,0,0,0,1,0,0,1,1,0,1,0,1,0,1,0,1,1,1,0,1,0,1,1,1,0,0,1,0,0,0,0,1,0,0,0,0,1,1,1,0,0,0,0,0,0.3148148148148148,213.51207622298662,1
39,1,0,0,1,1,0,0,1,0,0,0,0,0,1,0,1,1,1,0,0,0,1,0,1,0,1,1,0,0,1,1,1,1,1,0,0,1,0,0,0,0,1,0,0,1,0,1,0,1,0,0,0,0,1,0.37037037037037035,268.24860145631084,1
40,0,0,0,1,1,0,0,1,0,1,0,0,0,1,0,1,0,1,0,1,0,1,0,1,0,1,1,1,1,1,1,1,1,1,0,0,1,0,0,0,0,1,0,0,1,1,1,1,1,0,0,0,1,1,0.2777777777777778,506.6402039785995,1
41,0,0,0,1,1,0,0,1,0,1,0,0,0,1,0,0,1,1,0,1,0,1,0,1,0,1,1,0,1,1,1,1,1,1,0,0,1,0,0,0,0,1,1,0,0,0,1,1,1,0,0,0,1,1,0.2777777777777778,329.63128743614874,1
42,1,0,0,0,1,0,0,1,0,0,0,0,0,1,0,0,1,1,0,0,0,1,0,1,0,1,1,1,0,1,1,1,1,0,0,0,1,0,0,0,0,1,0,0,0,1,1,1,1,0,0,0,1,0,0.37037037037037035,239.31852428989652,1
43,0,0,0,0,1,0,0,1,0,0,0,0,1,1,0,0,1,1,0,1,0,1,0,1,0,1,1,0,0,1,1,1,1,1,0,0,1,0,0,0,0,1,0,0,1,1,1,1,1,0,0,0,1,0,0.3333333333333333,308.3962812976814,1
44,1,0,0,0,1,0,0,1,0,0,0,0,0,1,0,0,1,1,0,1,0,1,0,1,1,1,1,1,0,1,1,1,1,0,0,0,1,0,0,0,0,1,1,0,1,1,1,1,1,0,0,0,1,1,0.3333333333333333,432.7303930927759,1
45,1,0,0,1,1,0,0,1,0,0,0,0,0,1,0,0,1,1,0,1,0,1,0,1,1,1,1,1,1,1,1,1,1,0,0,0,1,0,0,0,0,1,0,0,1,1,1,1,1,0,0,0,0,1,0.35185185185185186,368.96559607205256,1
46,1,1,1,0,0,1,1,0,1,1,1,0,1,0,1,1,1,0,1,0,1,0,1,0,1,1,0,1,1,0,0,0,0,1,1,1,0,1,1,1,1,0,1,1,0,1,0,1,0,1,1,1,0,1,0.35185185185185186,397.49372140506466,1
47,1,0,0,1,1,0,0,1,0,0,0,0,0,1,0,0,1,1,0,1,0,1,0,1,0,1,1,0,1,1,1,1,1,0,0,0,1,0,0,0,0,1,0,0,0,0,1,1,1,0,0,0,0,1,0.3148148148148148,263.87817894010374,1
48,0,0,0,0,1,0,0,1,0,0,0,0,0,1,0,1,1,1,0,0,0,1,0,1,1,1,1,1,0,1,1,1,1,0,0,0,1,0,0,0,0,1,0,0,0,1,1,1,1,0,0,0,1,1,0.2962962962962963,321.20049023334604,1
49,1,0,0,1,1,0,0,1,0,0,0,0,0,1,0,0,1,1,0,1,0,1,0,1,0,1,1,1,0,1,1,1,1,1,0,0,1,0,0,0,0,1,0,0,1,1,1,1,0,0,0,0,1,1,0.3148148148148148,398.77779579906024,1
50,1,0,0,1,1,0,0,1,0,0,0,0,0,1,0,0,1,1,0,1,0,1,0,1,1,0,1,1,0,1,1,1,1,0,0,0,1,0,0,0,0,1,0,0,1,0,1,1,1,0,0,0,0,1,0.3333333333333333,338.5263562939095,1
51,0,1,1,0,0,1,1,0,1,1,1,1,1,0,1,1,1,0,1,0,1,0,1,0,1,1,0,0,1,0,0,0,0,0,1,1,0,1,1,1,1,0,1,1,0,1,0,1,0,1,1,1,0,1,0.37037037037037035,433.9823097483874,1
52,1,1,1,0,0,1,1,0,1,1,1,0,1,0,1,1,1,0,1,0,1,0,1,0,1,0,0,0,1,0,0,0,0,1,1,1,0,1,1,1,1,0,0,1,0,0,0,1,0,1,1,1,0,1,0.2777777777777778,378.3803621045437,1
53,0,1,0,0,0,1,1,0,1,1,1,1,1,0,1,1,0,0,1,0,1,0,1,0,1,1,0,0,1,0,0,0,0,0,1,1,0,1,1,1,1,0,1,1,0,1,0,1,0,1,1,1,1,1,0.3333333333333333,420.6882082763651,1
54,0,1,1,0,0,1,1,0,1,1,1,1,1,0,1,1,1,1,1,0,1,1,1,0,1,1,0,0,1,0,0,0,0,1,1,1,0,1,1,1,1,0,1,1,0,0,0,1,0,1,1,1,0,1,0.2962962962962963,543.9758481543589,1
55,1,0,0,1,1,0,0,1,0,0,0,0,1,1,0,0,1,1,0,1,0,1,0,1,0,1,1,1,1,1,1,0,1,0,0,0,1,0,0,0,0,1,0,0,0,1,1,1,1,0,0,0,0,1,0.37037037037037035,252.8982230492912,1
56,0,1,1,0,0,1,1,0,1,1,1,0,1,0,1,1,1,0,1,0,1,0,1,0,1,1,0,0,1,0,0,0,0,0,1,1,0,1,1,1,1,0,1,1,0,1,0,1,0,1,1,1,0,1,0.37037037037037035,389.0065272098073,1
57,1,0,0,1,1,0,0,1,0,0,0,0,0,1,0,1,1,1,0,1,0,1,0,1,0,1,1,0,0,1,1,1,1,1,0,0,1,0,0,0,0,1,1,0,1,0,1,1,1,0,0,0,0,0,0.35185185185185186,265.37696674328595,1
58,1,1,1,0,0,1,1,0,1,1,1,1,1,0,1,0,0,1,1,0,1,0,1,0,1,1,0,0,1,0,0,0,0,0,1,1,0,1,1,1,1,0,1,1,0,1,0,1,0,1,1,1,1,1,0.35185185185185186,478.2881884374903,1
59,1,0,0,1,1,0,0,1,0,0,0,0,0,1,0,0,1,1,0,1,0,1,0,1,0,1,1,0,1,1,1,0,1,1,0,0,1,0,0,0,0,1,1,0,1,1,1,1,1,0,0,0,0,0,0.3148148148148148,264.31505863696265,1
60,0,1,0,0,0,1,1,0,1,1,1,1,1,0,1,1,1,0,1,0,1,0,1,0,1,1,0,0,0,0,0,0,0,1,1,1,0,1,1,1,1,0,0,1,0,0,0,1,0,1,1,1,0,1,0.2962962962962963,392.8805135697735,1
61,1,1,1,0,0,1,1,0,1,1,1,1,1,0,1,1,1,1,1,0,1,0,1,0,1,1,0,0,1,0,0,0,0,1,1,1,0,1,1,1,1,0,1,1,0,1,0,1,0,1,1,1,0,1,0.37037037037037035,538.4375045712828,1
62,1,0,0,0,1,0,0,1,0,0,0,0,0,1,0,1,1,1,0,1,0,1,0,1,0,1,1,1,0,1,1,1,1,1,0,0,1,0,0,0,0,1,1,0,1,0,1,1,1,0,0,0,1,0,0.35185185185185186,311.5947722531318,1
63,1,0,0,0,1,0,0,1,0,0,0,0,0,1,0,0,1,1,0,1,0,1,0,1,0,1,1,1,0,1,1,1,1,1,0,0,1,0,0,0,0,1,1,0,0,0,1,1,0,0,0,0,1,1,0.37037037037037035,305.94433856727716,1
64,0,1,1,0,0,1,1,0,1,1,1,1,1,0,1,0,0,0,1,0,1,0,1,0,1,1,0,1,1,0,0,0,0,0,1,1,0,1,1,1,1,0,1,1,0,1,0,1,0,1,1,1,0,1,0.3148148148148148,401.4907443190171,1
65,1,1,1,0,0,1,1,0,1,0,1,1,1,0,1,1,0,0,1,0,1,0,1,0,1,1,0,0,1,0,0,0,0,0,1,1,0,1,1,1,1,0,1,1,1,0,0,1,0,1,1,1,0,1,0.3333333333333333,444.7161246369809,1
66,1,1,1,0,0,1,1,0,1,1,1,0,1,0,1,1,0,0,1,0,1,0,1,0,1,1,0,0,1,0,0,0,0,1,1,0,0,1,1,1,1,0,1,1,0,0,0,1,0,1,1,1,1,1,0.35185185185185186,367.601667188907,1
67,0,1,1,0,0,1,1,0,1,1,1,1,1,0,1,1,0,0,1,1,1,0,1,0,1,1,0,0,0,0,0,0,0,1,1,1,0,1,1,1,1,0,1,1,1,1,0,1,0,1,1,1,0,1,0.3333333333333333,469.87553586184606,1
68,1,1,1,0,0,1,1,0,1,1,1,1,1,0,1,0,1,1,1,0,1,0,1,0,0,1,0,0,1,0,0,0,0,1,1,1,0,1,1,1,1,0,1,1,0,1,0,1,0,1,1,1,0,1,0.3333333333333333,495.15713056936556,1
69,0,0,0,1,1,0,1,1,0,0,0,0,0,1,0,0,0,1,0,1,0,1,0,1,1,0,1,1,0,1,1,0,1,0,0,0,1,0,0,0,0,1,0,0,0,0,1,1,1,0,0,0,1,0,0.25925925925925924,200.7022717583199,1
70,1,0,0,1,1,0,0,1,0,0,0,0,0,1,0,0,1,1,0,0,0,1,0,1,0,1,1,1,0,1,1,1,1,1,0,0,1,0,0,0,0,1,0,0,1,1,1,1,1,0,0,0,0,0,0.42592592592592593,286.74575605041133,1
71,1,0,0,1,1,0,0,1,0,0,0,0,0,1,0,0,1,1,0,1,0,1,0,1,0,1,1,1,0,1,1,1,1,1,0,0,1,0,0,0,0,1,1,0,1,1,1,1,1,0,0,0,1,0,0.3888888888888889,327.61681681961454,1
72,0,0,0,1,1,0,0,1,0,0,0,0,0,1,0,1,1,1,0,1,0,1,0,1,1,1,1,0,1,1,1,1,1,1,0,0,1,0,0,0,0,1,0,0,1,0,1,1,1,0,0,0,1,1,0.3333333333333333,407.45075485647817,1
73,1,1,1,0,0,1,0,0,1,1,1,1,1,0,1,1,1,1,1,0,1,0,1,0,1,1,0,0,1,0,0,0,0,1,1,1,0,1,1,1,1,0,1,1,0,0,0,1,0,1,1,1,0,1,0.3333333333333333,534.0212489575604,1
74,0,1,1,0,0,1,1,0,1,1,1,1,1,0,1,0,1,0,1,0,1,0,1,0,1,1,0,0,1,0,0,0,0,1,1,1,0,1,1,1,1,0,0,1,0,1,0,1,0,1,1,1,0,1,0.37037037037037035,421.9401313602106,1
75,0,0,0,1,1,0,0,1,0,0,0,0,0,1,0,0,1,1,0,1,0,1,0,1,0,1,1,1,0,1,1,1,1,0,0,0,1,0,0,0,0,1,0,0,0,0,1,1,0,0,0,0,1,0,0.35185185185185186,224.6610742154596,1
76,0,0,0,0,1,0,0,1,0,0,0,0,0,1,0,0,1,1,0,1,0,1,0,1,0,1,1,1,1,1,1,1,1,1,0,0,1,0,0,0,0,1,1,0,1,1,1,1,1,0,0,0,1,1,0.3333333333333333,586.8474164343921,1
77,1,1,1,0,0,1,1,0,1,1,1,1,1,0,1,0,1,0,1,0,1,0,1,0,1,1,0,0,0,0,0,0,0,0,1,1,0,1,1,1,1,0,1,1,0,1,0,1,0,1,1,1,0,1,0.3148148148148148,462.88153099534077,1
78,1,1,1,0,0,1,1,0,1,1,1,1,1,0,1,1,1,1,1,0,1,0,1,0,1,1,0,1,1,0,0,0,0,0,1,1,0,1,1,1,1,0,0,1,0,0,0,1,0,1,1,1,0,1,0.3148148148148148,564.3775741115084,1
79,0,0,0,1,1,0,0,1,0,0,0,0,0,1,0,1,1,1,0,1,0,1,0,1,0,1,1,1,0,1,1,0,1,0,0,0,1,0,0,0,0,1,0,0,1,1,1,1,1,0,0,0,1,0,0.35185185185185186,264.7989760831869,1
80,1,1,0,0,0,1,1,0,1,1,1,1,1,0,1,0,1,0,1,0,1,0,1,0,1,1,0,0,1,0,0,0,0,1,1,1,0,1,1,1,1,0,1,1,0,0,0,1,0,1,1,1,0,1,0.37037037037037035,383.50087042947274,1
81,1,1,1,0,0,1,1,0,1,1,1,1,1,0,1,1,1,0,0,0,1,0,1,0,1,1,0,0,1,0,0,0,0,0,1,1,0,1,1,1,1,0,1,1,0,1,0,1,0,1,1,0,0,1,0.35185185185185186,437.095305613456,1
82,0,0,0,0,1,0,0,1,0,0,0,0,0,1,0,0,1,1,0,1,0,1,0,1,0,1,1,1,1,1,1,1,1,1,0,0,1,0,0,0,0,1,0,0,0,0,1,1,1,0,0,0,0,1,0.3888888888888889,306.81571218908914,1
83,0,0,0,1,1,0,0,1,0,0,0,0,0,1,0,1,1,1,0,1,0,1,0,1,1,0,1,0,1,1,1,1,1,1,0,0,1,0,0,0,0,1,1,0,1,0,1,1,1,0,0,0,0,0,0.3148148148148148,294.8281541399827,1
84,0,1,1,1,0,1,0,0,1,1,1,1,1,0,1,0,1,0,1,0,1,0,1,0,1,1,0,0,1,0,0,0,0,0,1,1,0,1,1,1,1,0,1,1,0,0,0,1,0,1,1,1,0,1,0.3148148148148148,430.6945791840035,1
85,1,0,0,1,1,0,0,1,0,0,0,0,0,1,0,0,1,1,0,1,0,1,0,1,0,0,1,1,1,1,0,1,1,0,0,0,1,0,0,0,0,1,0,0,1,1,1,1,1,0,0,0,1,0,0.37037037037037035,328.78536208667794,1
86,0,1,1,0,0,1,1,0,1,1,1,1,1,0,1,1,0,1,1,0,1,0,1,0,0,1,0,1,1,0,0,0,0,0,1,1,0,1,1,1,1,0,0,1,0,0,0,1,0,1,1,1,0,1,0.3333333333333333,464.38017914852674,1
87,0,1,1,1,0,1,1,0,1,1,1,1,1,0,1,1,0,0,1,0,1,0,1,0,1,0,0,0,1,0,0,0,0,0,1,1,0,1,1,1,1,0,1,1,0,0,0,1,0,1,1,1,0,1,0.4074074074074074,398.0862909375965,1
88,1,1,1,0,0,1,1,0,1,1,1,1,1,0,1,1,0,1,1,0,1,0,1,0,1,1,0,1,0,0,0,0,0,1,1,1,0,1,1,1,1,0,1,1,1,1,0,1,0,1,1,1,0,1,0.35185185185185186,500.17670578879006,1
89,1,1,0,0,0,1,1,0,1,1,1,0,1,0,1,0,1,0,1,0,1,0,1,0,1,1,0,0,1,0,0,0,0,0,1,1,0,1,1,0,1,0,0,1,0,0,0,1,0,1,1,1,1,1,0.35185185185185186,371.8529771151295,1
90,1,0,0,1,1,0,0,1,0,0,0,0,0,1,0,0,0,1,0,1,0,1,0,1,0,1,1,0,0,1,1,1,1,1,0,0,1,0,0,0,0,1,1,0,1,0,1,1,1,0,0,0,1,1,0.3148148148148148,444.12924350675144,1
91,0,1,1,0,0,1,1,0,1,1,1,1,1,0,1,0,0,1,0,0,1,0,1,0,1,1,0,0,0,0,0,0,0,0,1,1,0,1,1,1,1,0,1,1,0,1,0,1,0,1,1,1,0,1,0.3888888888888889,476.7044970403782,1
92,1,0,0,1,1,0,1,1,0,1,0,0,0,1,0,0,1,1,0,0,0,1,0,1,0,1,1,1,1,1,1,1,1,1,0,0,1,0,0,0,0,1,0,0,0,1,1,1,1,0,0,0,1,0,0.35185185185185186,246.51668919127746,1
93,1,1,0,0,0,1,1,0,1,1,1,1,1,0,1,0,0,0,1,0,1,0,1,0,1,1,0,1,1,0,0,0,0,0,1,1,0,1,1,1,1,0,0,1,0,1,0,1,0,1,1,1,0,1,0.37037037037037035,375.2055779227209,1
94,1,1,1,0,0,1,1,0,1,1,1,1,0,0,1,0,1,0,1,0,1,1,1,0,1,1,0,0,1,0,0,0,0,0,1,1,0,1,1,1,1,0,1,1,0,1,0,1,0,1,1,1,0,1,0.35185185185185186,424.3703382729743,1
95,0,1,1,0,0,1,0,0,1,1,1,1,1,0,1,1,1,0,1,0,1,0,1,0,1,1,0,0,1,0,0,1,0,0,1,1,0,1,1,1,1,0,1,1,0,1,0,1,0,1,1,1,0,1,0.3333333333333333,436.1338749715362,1
96,0,1,1,0,0,1,1,0,1,1,1,1,1,0,1,0,1,1,1,0,1,0,1,0,1,1,0,1,1,0,0,0,0,0,1,1,0,1,1,1,1,0,0,1,0,1,0,1,0,1,1,1,0,1,0.3888888888888889,497.0347861861884,1
97,0,1,1,0,0,1,1,0,1,1,1,1,1,0,1,1,0,0,1,0,1,0,1,0,1,1,0,0,1,0,0,0,0,0,1,1,0,1,1,1,1,0,0,1,0,1,0,1,0,1,1,1,1,1,0.4074074074074074,422.5414025827495,1
98,1,0,0,1,1,0,0,1,0,0,0,0,0,1,0,0,1,1,0,1,0,1,0,1,0,0,1,1,0,1,1,1,1,0,0,0,1,0,0,0,0,1,0,0,0,0,1,0,0,0,0,0,1,0,0.3148148148148148,213.3728990311207,1
99,0,1,1,0,0,1,1,0,1,1,1,1,1,0,1,0,1,1,0,0,1,1,1,0,1,0,0,1,1,0,0,0,0,1,1,1,0,1,1,0,1,0,1,1,0,1,0,1,0,1,1,1,0,1,0.37037037037037035,442.90672130050035,1
