,0,1,2,3,4,5,6,7,8,9,10,11,12,13,14,15,16,17,18,19,20,21,22,23,24,25,26,27,28,29,30,31,32,33,34,35,36,37,38,39,40,41,42,43,44,45,46,47,48,49,50,51,52,53,chain_break_fraction,energy,num_occurrences
0,1,1,0,0,1,1,0,0,1,1,1,0,0,1,1,0,0,0,0,0,0,1,1,0,1,0,1,1,0,0,0,0,0,1,0,0,1,0,1,1,0,0,1,1,0,1,0,0,0,1,1,0,1,1,0.2777777777777778,325.6570830018116,1
1,1,1,0,0,1,1,0,0,1,1,1,0,1,1,1,0,0,0,0,0,0,1,1,0,1,0,1,1,0,0,0,0,1,0,0,0,1,0,1,1,0,0,1,1,0,1,0,0,0,1,1,0,1,1,0.24074074074074073,349.9991347519883,1
2,1,1,0,0,1,1,0,0,1,1,1,0,1,1,1,0,0,0,0,0,0,1,1,0,1,0,1,1,0,0,0,0,0,1,0,0,1,0,1,0,0,0,1,1,1,1,0,0,0,1,1,0,1,1,0.25925925925925924,348.80818683042656,1
3,1,1,0,0,1,1,0,0,1,1,1,0,1,1,1,0,0,0,0,0,0,1,1,0,1,0,1,1,0,0,0,0,0,1,0,0,0,0,1,1,0,0,1,1,1,1,0,0,0,1,1,0,1,1,0.2777777777777778,343.83959234033625,1
4,1,1,0,0,1,1,0,0,1,1,1,0,0,1,1,0,0,0,0,0,0,1,1,0,1,0,1,1,0,0,0,0,0,1,0,0,1,0,1,1,0,0,1,1,1,1,0,0,0,1,1,0,1,1,0.24074074074074073,334.6988643652964,1
5,1,1,0,0,1,1,0,0,1,1,1,0,1,1,1,0,0,0,0,0,0,1,1,0,1,0,1,0,0,0,0,0,1,1,0,0,1,0,1,1,0,0,1,1,0,1,0,0,0,1,1,0,1,1,0.2962962962962963,345.22411270815104,1
6,0,0,1,1,0,0,1,1,0,0,0,0,0,0,0,1,1,1,1,1,1,0,0,1,0,0,0,0,1,1,1,1,0,0,1,1,0,1,0,0,1,1,0,0,1,0,1,1,1,0,0,1,0,0,0.2777777777777778,449.14980257594726,1
7,1,1,0,0,1,1,0,0,1,1,0,1,1,1,1,0,0,0,0,0,0,1,1,0,1,0,1,0,0,0,0,0,1,1,0,0,1,0,1,0,0,0,1,1,0,1,0,0,0,1,1,0,1,1,0.25925925925925924,404.8450112585614,1
8,0,0,0,1,0,0,1,1,0,0,0,0,0,0,0,1,1,1,1,1,1,0,0,1,0,1,0,1,1,1,1,1,0,1,1,1,0,1,0,0,1,1,0,0,1,0,1,1,1,0,0,1,0,0,0.2777777777777778,552.0170545780062,1
9,1,1,0,0,1,1,0,0,1,1,1,0,1,1,1,0,0,0,0,0,0,1,1,0,1,0,1,1,0,0,0,0,0,1,0,0,1,0,1,1,0,0,1,0,0,1,0,0,0,1,1,0,1,1,0.2222222222222222,370.10428819027004,1
10,0,0,0,1,0,0,1,1,0,0,0,0,0,0,0,1,1,1,1,0,1,0,0,1,0,1,0,1,0,1,1,1,0,0,1,1,0,1,0,0,1,1,0,0,1,0,1,0,1,0,0,1,0,0,0.2962962962962963,342.67320172723964,1
11,1,1,0,0,1,1,0,0,1,1,0,0,1,1,1,0,0,0,0,0,1,1,1,0,1,0,1,1,1,0,0,0,0,1,0,0,1,0,1,1,0,0,1,0,1,1,0,0,0,1,1,0,1,1,0.25925925925925924,370.5034942971911,1
12,1,1,0,0,1,1,0,0,1,1,0,0,1,1,1,0,0,0,1,0,0,1,1,0,1,1,1,1,0,0,0,0,1,1,0,0,1,0,1,1,0,0,1,1,0,1,0,0,0,1,1,0,1,1,0.2777777777777778,351.17562580064885,1
13,1,1,0,0,1,1,0,0,1,1,1,0,1,1,1,0,0,0,0,1,0,1,1,0,1,0,1,0,0,0,0,0,0,1,0,0,1,0,1,1,0,0,1,1,1,1,0,0,0,1,1,0,1,1,0.25925925925925924,379.9554896134458,1
14,0,0,1,1,0,0,1,1,0,0,0,0,0,0,0,1,1,1,1,1,1,1,0,1,0,1,0,0,1,1,1,1,0,0,1,1,0,1,0,0,1,1,0,0,1,0,1,0,1,0,0,1,0,0,0.25925925925925924,310.2430842639859,1
15,1,1,0,0,1,1,0,0,1,1,1,0,1,1,1,0,0,0,0,0,0,1,1,0,0,0,1,1,0,0,0,0,1,0,0,0,1,0,1,1,0,0,1,0,0,1,0,0,0,1,1,0,1,1,0.25925925925925924,338.3871762911159,1
16,1,1,0,0,1,1,0,0,1,1,1,0,1,1,1,0,0,0,0,0,0,1,1,0,1,0,1,1,0,0,0,0,1,1,0,0,0,0,1,1,0,0,1,1,0,1,0,0,0,1,1,0,1,1,0.2777777777777778,339.9121991020505,1
17,0,0,1,1,0,0,1,1,1,0,0,0,0,0,0,1,0,1,1,0,1,0,0,1,0,1,0,0,1,1,1,1,0,0,1,0,0,1,0,0,1,1,0,0,1,1,1,0,1,0,0,0,0,0,0.2777777777777778,281.330089265344,1
18,0,0,0,1,0,0,1,1,1,0,0,0,1,0,0,1,0,1,1,1,1,0,0,1,0,0,0,0,1,1,0,1,0,0,1,1,0,1,0,0,1,1,0,0,1,0,1,0,1,0,0,1,0,0,0.24074074074074073,301.42812512664284,1
19,1,1,0,0,1,1,0,0,1,1,1,1,1,1,1,0,0,0,0,0,0,1,1,0,1,0,1,0,0,0,0,0,1,0,0,1,1,0,1,1,0,0,1,1,1,0,0,0,0,1,1,0,1,1,0.25925925925925924,428.85962108364055,1
20,1,1,0,0,1,1,0,0,1,1,1,0,1,1,1,0,0,0,0,0,0,1,1,0,1,0,1,1,0,0,0,0,0,0,0,0,1,0,1,1,0,0,1,1,0,0,0,0,0,1,1,0,1,1,0.2222222222222222,379.8605537371542,1
21,1,1,0,0,1,1,0,0,1,1,1,0,1,1,1,0,0,0,0,1,0,1,1,0,1,0,1,1,0,0,0,0,0,1,0,0,1,0,1,1,0,0,1,1,1,1,0,0,0,1,1,0,1,1,0.2962962962962963,369.6068436393623,1
22,1,1,0,0,1,1,0,0,1,1,0,0,1,1,1,0,0,0,0,0,0,1,1,0,1,0,1,0,0,0,0,0,0,0,0,0,1,0,1,0,0,0,1,1,1,1,0,0,0,1,1,0,1,1,0.25925925925925924,337.5464595648912,1
23,0,0,1,1,0,0,1,1,1,0,0,0,0,0,1,1,1,1,1,0,1,0,0,0,0,1,0,1,1,1,1,1,0,0,1,0,0,1,0,0,1,1,0,0,1,0,1,0,1,0,0,1,0,0,0.2962962962962963,301.36762163770567,1
24,1,1,0,0,1,1,0,0,0,1,1,1,0,1,1,0,0,0,0,0,0,1,1,0,1,1,1,1,0,0,0,0,1,0,0,0,1,0,1,1,0,0,1,1,1,0,0,0,0,1,1,0,1,1,0.2777777777777778,405.785295187024,1
25,0,0,0,1,0,0,1,1,1,0,0,0,0,0,0,1,1,1,0,0,1,0,0,0,0,1,0,0,0,1,1,1,0,0,1,1,0,1,0,0,1,1,0,0,1,1,1,0,1,0,0,1,0,0,0.25925925925925924,353.51828189711097,1
26,1,1,0,0,1,1,1,0,1,1,1,1,0,1,1,0,0,0,1,0,0,1,1,0,1,0,1,1,0,0,0,0,1,0,0,0,1,0,1,1,0,0,1,1,1,1,0,0,0,1,1,0,1,1,0.24074074074074073,449.74326776919804,1
27,0,0,0,1,0,0,1,1,1,0,0,0,1,0,0,1,1,1,0,1,1,0,0,0,0,0,0,0,1,1,1,1,0,0,1,1,0,1,0,0,1,1,0,0,1,0,1,0,1,0,0,1,0,0,0.25925925925925924,366.61259387693786,1
28,0,0,1,1,0,0,1,1,1,0,0,0,1,0,0,1,1,1,1,0,1,0,0,1,0,1,0,0,1,1,1,1,0,0,1,1,0,1,0,0,1,1,0,0,1,1,1,1,1,0,0,1,0,0,0.2777777777777778,390.47973659490646,1
29,1,1,0,0,1,1,0,0,0,1,0,0,1,1,0,0,0,0,0,1,0,1,1,0,1,0,1,0,0,0,0,0,1,0,0,0,1,0,1,1,0,0,1,1,0,1,0,0,0,1,1,0,1,1,0.2962962962962963,285.4764449846067,1
30,1,1,0,0,1,1,1,0,1,1,0,1,1,1,0,0,0,0,0,0,0,1,1,0,1,0,1,1,0,0,0,0,1,1,0,0,1,0,1,1,0,0,1,0,0,1,0,0,0,1,1,0,1,1,0.2777777777777778,325.1626058156052,1
31,0,0,0,1,0,0,1,1,1,0,0,0,1,0,0,1,1,1,1,0,1,0,0,1,0,1,0,0,1,1,1,1,0,0,1,1,0,1,0,0,1,1,0,0,0,1,1,0,1,0,0,1,0,0,0.2037037037037037,244.54590549677266,1
32,0,0,0,1,0,0,1,1,1,0,0,0,1,0,0,1,1,1,1,1,1,0,0,0,0,0,0,0,1,1,1,1,0,0,1,1,0,1,0,0,1,1,0,0,1,1,1,1,1,0,0,1,0,0,0.2777777777777778,539.2332293024701,1
33,0,0,1,1,0,0,1,0,0,0,0,0,0,0,0,1,1,1,1,0,1,0,0,1,0,1,0,0,1,1,1,1,0,0,1,1,0,1,0,0,1,1,0,0,1,1,1,0,1,0,0,1,0,0,0.2962962962962963,385.2344551551717,1
34,0,0,1,1,0,0,1,1,0,0,0,0,1,0,0,0,0,1,1,0,1,0,0,1,0,1,0,0,1,1,1,1,0,0,1,1,0,1,0,0,1,1,0,0,1,0,1,0,1,0,0,1,0,0,0.2777777777777778,345.5718137011686,1
35,1,1,0,0,1,1,0,0,0,1,1,0,1,1,1,0,0,0,1,0,0,1,1,0,1,0,1,1,0,0,0,0,1,0,0,0,1,0,1,1,0,0,1,1,0,1,0,0,0,1,1,1,1,1,0.25925925925925924,319.5242004366967,1
36,1,1,1,0,1,0,0,0,1,1,1,0,0,1,1,0,0,0,0,0,0,1,1,0,1,0,1,1,0,0,0,0,0,0,0,0,1,0,1,0,0,0,1,1,0,1,0,0,0,1,1,0,1,1,0.2777777777777778,370.24720909501616,1
37,0,0,1,1,0,0,1,1,1,0,0,0,0,0,1,1,0,1,0,0,1,0,0,1,0,0,0,0,0,1,1,1,0,0,1,0,0,1,0,0,1,1,0,0,1,0,1,0,1,0,0,1,0,0,0.3333333333333333,295.0261534006608,1
38,1,1,0,0,1,1,1,0,0,1,0,0,1,1,0,0,0,0,1,1,0,1,1,0,1,0,1,0,0,0,0,0,1,1,0,0,1,0,1,1,0,0,1,1,0,1,0,0,0,1,1,0,1,1,0.2962962962962963,280.7612408084851,1
39,1,1,0,0,1,1,0,0,0,1,1,1,0,1,1,0,0,0,1,1,0,1,1,0,1,0,1,0,0,0,0,0,1,0,0,0,0,0,1,1,0,0,1,1,0,1,0,0,0,1,1,0,1,1,0.25925925925925924,414.45802785429817,1
40,0,0,0,1,0,0,1,1,1,0,0,0,1,0,0,1,0,1,1,0,1,0,0,1,0,0,0,1,0,1,1,1,0,0,1,1,0,1,0,0,1,1,0,0,1,0,1,0,1,0,0,0,0,0,0.24074074074074073,301.2730468587048,1
41,0,0,1,1,0,0,1,1,1,0,0,0,0,0,0,0,0,1,1,0,1,0,0,1,0,1,0,1,1,1,1,1,1,0,1,1,0,1,0,0,1,1,0,0,1,0,1,0,1,0,0,1,0,0,0.2777777777777778,456.4838523449053,1
42,0,0,1,1,0,0,1,1,0,0,0,0,1,0,0,1,1,1,1,0,1,1,0,1,0,0,0,1,1,1,0,1,0,0,1,1,0,1,0,0,1,1,0,0,1,0,1,0,1,0,0,1,0,0,0.24074074074074073,323.6617617654658,1
43,0,0,1,0,0,0,1,1,1,0,0,0,1,0,1,1,1,1,1,0,1,0,0,0,0,1,0,1,1,1,1,1,0,1,1,1,0,1,0,0,1,1,0,0,1,0,1,0,1,0,0,1,0,0,0.2962962962962963,330.49455257475955,1
44,0,0,0,1,0,0,1,1,1,0,0,0,1,0,0,1,1,1,0,0,1,0,0,0,0,1,0,0,1,1,1,1,0,0,1,1,0,1,0,0,1,1,1,0,1,0,1,0,1,0,0,1,0,0,0.2962962962962963,393.3277943681786,1
45,1,1,0,0,1,1,0,0,0,1,0,0,1,1,0,1,1,0,0,1,0,1,1,0,1,0,1,1,0,0,0,0,1,0,0,0,1,0,1,1,0,0,1,1,0,0,0,0,0,1,1,0,1,1,0.25925925925925924,275.0993558689011,1
46,0,0,0,1,0,0,1,1,1,0,0,0,1,0,0,1,1,1,0,0,1,0,0,1,0,1,0,0,1,1,1,1,0,0,1,0,0,1,0,0,1,1,0,0,1,1,1,0,1,0,0,0,0,0,0.2962962962962963,261.0323396945232,1
47,0,0,1,1,0,0,0,1,1,0,1,0,0,0,1,1,0,1,1,0,1,0,0,0,0,1,0,0,1,1,1,1,0,1,1,1,0,1,0,0,1,1,0,0,1,1,1,0,1,0,0,1,0,0,0.2962962962962963,344.0099724139028,1
48,1,1,0,1,1,1,0,0,0,1,0,0,1,1,1,0,0,0,0,0,0,1,1,0,1,0,1,0,0,0,0,0,1,0,0,0,1,0,1,1,0,0,1,1,0,1,0,0,0,1,1,0,1,0,0.25925925925925924,278.9426110373702,1
49,1,1,0,1,1,1,1,0,0,1,1,0,1,1,1,0,0,0,1,0,0,1,1,0,1,0,1,1,0,0,0,0,1,1,0,0,0,0,1,1,0,0,1,1,0,1,0,0,0,1,1,0,1,1,0.25925925925925924,316.48620895398557,1
50,0,0,1,1,0,0,1,1,1,0,0,0,0,0,1,1,1,1,0,0,1,0,0,0,0,1,0,0,1,1,1,1,0,0,1,1,0,1,1,0,1,1,0,0,0,0,1,1,1,0,0,0,0,0,0.25925925925925924,385.70165016287405,1
51,0,0,1,1,0,0,1,1,1,0,0,0,0,0,1,1,0,1,1,1,1,0,0,0,0,1,0,0,1,1,1,1,0,0,1,1,0,1,0,0,1,1,1,0,1,0,1,0,1,0,0,0,0,0,0.35185185185185186,318.75536498068897,1
52,1,1,0,0,1,1,0,0,1,1,1,0,1,1,1,0,0,0,0,1,0,1,1,0,1,0,1,1,0,0,0,0,1,0,0,1,1,0,1,1,0,0,1,0,1,1,0,0,0,1,1,1,1,1,0.2222222222222222,395.50550108347693,1
53,1,1,0,1,1,1,0,0,1,1,1,0,1,1,1,0,0,0,0,0,0,1,1,0,1,0,1,0,0,0,0,0,1,1,0,0,1,0,1,0,0,0,1,1,0,1,0,0,0,1,1,0,1,1,0.2962962962962963,368.48732624795184,1
54,1,1,1,0,1,1,0,0,1,1,0,0,1,1,1,0,0,0,0,0,0,1,1,0,1,0,1,1,0,0,0,0,1,1,0,0,1,0,1,0,0,0,1,0,1,1,0,0,0,1,1,0,1,1,0.2777777777777778,399.8795918336831,1
55,1,1,0,0,1,1,0,0,0,1,1,0,1,1,0,0,1,0,0,0,0,1,1,0,0,0,1,1,0,0,0,0,1,0,0,0,1,0,1,1,0,0,1,1,0,0,0,0,0,1,1,0,1,1,0.2962962962962963,279.5613567069928,1
56,1,1,0,0,1,1,0,0,0,1,1,0,0,1,1,0,0,0,0,1,0,1,1,0,1,1,1,1,0,0,0,0,1,1,0,0,0,0,1,0,0,0,1,1,1,1,0,0,0,1,1,0,1,1,0.2962962962962963,365.0412141083309,1
57,0,0,0,0,0,0,1,1,1,0,0,0,0,0,0,1,1,1,0,0,1,0,0,0,0,1,0,0,1,1,1,1,0,0,1,1,0,1,0,0,1,1,0,0,0,0,1,0,1,0,0,1,0,0,0.25925925925925924,275.4668985934461,1
58,1,1,0,1,1,1,0,0,1,1,1,0,0,1,1,0,0,0,1,0,0,1,1,0,1,1,1,1,0,0,0,0,0,0,0,0,1,0,1,1,0,0,1,1,1,1,0,0,0,1,1,0,1,1,0.24074074074074073,406.99916247579756,1
59,0,0,0,1,0,0,1,1,1,0,0,0,1,0,1,1,1,1,1,0,1,0,0,0,0,0,0,1,1,1,1,1,0,0,1,1,0,1,0,0,1,1,0,0,1,0,1,0,1,0,0,0,0,0,0.2777777777777778,333.21604078322287,1
60,0,0,0,1,0,0,1,1,1,0,0,0,0,0,0,1,1,1,1,0,1,0,0,0,0,0,0,0,0,1,1,1,0,0,1,0,0,1,0,1,1,1,0,0,1,1,1,0,1,0,0,1,0,0,0.35185185185185186,294.0800898102713,1
61,1,1,0,0,1,1,0,0,1,1,1,0,1,1,1,0,0,0,0,0,0,1,1,0,0,0,1,0,0,0,0,0,1,0,0,0,0,0,1,1,0,0,1,1,0,1,0,0,0,1,1,0,1,1,0.25925925925925924,344.5412089021429,1
62,0,0,0,1,0,0,1,1,1,0,0,0,0,0,1,1,1,1,1,1,1,0,0,0,0,0,0,1,1,1,1,1,0,0,1,1,0,1,0,0,1,1,0,0,1,1,1,0,1,0,0,1,0,0,0.25925925925925924,366.7234611277604,1
63,0,0,1,1,0,0,1,1,1,0,0,0,0,0,1,0,1,1,0,0,1,0,0,0,0,0,0,0,1,1,1,1,0,0,1,1,0,1,0,1,1,1,0,0,1,0,1,0,1,0,0,1,0,0,0.2777777777777778,351.29583803995297,1
64,1,1,0,0,1,1,0,0,1,1,1,0,1,1,0,0,0,0,1,0,0,1,1,0,1,0,1,1,0,0,0,0,1,0,0,0,1,0,1,0,0,0,1,1,0,0,0,0,0,1,1,0,1,1,0.24074074074074073,299.4726020515142,1
65,1,1,1,0,1,1,0,0,0,1,1,0,0,1,1,0,0,0,0,1,0,1,1,0,0,0,1,1,0,0,0,0,1,1,0,0,1,0,1,1,0,0,1,1,1,1,0,0,0,1,1,0,1,1,0.25925925925925924,404.63435286461333,1
66,1,1,0,1,1,1,0,0,1,1,0,0,1,1,1,0,0,0,1,0,0,1,1,0,1,0,1,1,0,0,0,0,0,1,0,0,0,0,1,1,0,0,1,1,0,1,0,0,0,1,1,1,1,1,0.2962962962962963,338.1267103880376,1
67,0,0,0,1,0,0,1,1,1,0,0,0,0,0,0,1,1,1,0,0,1,0,0,1,0,0,0,0,1,1,1,1,0,0,1,0,0,1,0,0,1,1,0,0,1,0,1,0,1,0,0,0,0,0,0.3148148148148148,258.3009291250429,1
68,0,0,1,0,0,0,1,1,0,0,0,0,0,0,0,0,0,1,1,1,1,0,0,1,0,0,0,0,0,1,1,1,0,0,1,1,0,1,0,0,1,1,0,0,1,0,1,0,1,0,0,0,0,0,0.2777777777777778,313.80133575289284,1
69,0,0,1,0,0,0,1,1,0,0,0,0,1,0,0,1,1,1,1,0,1,0,0,0,0,1,0,0,1,1,1,1,0,1,1,1,0,1,0,0,1,1,0,0,1,0,1,0,1,0,0,1,0,0,0.2777777777777778,403.84405931194607,1
70,1,1,0,1,1,1,0,0,0,1,0,0,1,1,1,0,0,0,1,0,0,1,1,0,1,0,1,1,0,0,0,0,0,1,0,0,1,0,1,0,0,0,1,1,0,1,0,0,0,1,1,0,1,1,0.2777777777777778,276.29630142120675,1
71,0,0,0,1,0,0,1,1,1,0,0,0,1,0,1,0,1,1,0,0,1,0,0,0,0,0,0,0,0,1,1,1,0,0,1,1,0,1,0,0,1,1,0,0,0,0,1,0,1,0,0,1,0,0,0.25925925925925924,228.62719385772198,1
72,1,1,0,0,1,1,0,1,1,1,0,0,0,1,1,1,0,0,0,0,0,1,1,0,1,0,1,1,0,0,0,0,1,0,0,0,1,0,1,1,0,0,1,0,1,1,0,0,0,1,1,0,1,1,0.25925925925925924,359.7344885635142,1
73,0,0,1,1,0,0,0,1,1,0,0,0,1,0,1,1,0,1,0,1,1,0,0,0,0,1,0,1,1,1,1,1,0,0,1,0,0,1,0,0,1,1,0,1,1,0,1,0,1,0,0,1,0,0,0.2962962962962963,316.87059957140076,1
74,0,0,1,1,0,0,1,1,1,0,0,0,0,0,0,1,1,1,1,1,1,0,0,1,0,0,0,1,1,1,1,1,0,0,1,1,0,1,0,0,1,1,0,0,1,1,1,0,1,0,0,1,0,0,0.3148148148148148,332.6004044751759,1
75,0,0,0,0,0,0,1,1,1,0,1,0,0,0,1,1,1,1,1,0,1,0,0,0,0,1,0,1,1,1,1,1,0,0,1,1,0,1,0,0,1,1,0,0,1,1,1,0,1,0,0,1,0,0,0.3333333333333333,347.7259457364465,1
76,1,1,0,0,1,1,0,0,0,0,0,0,1,1,0,0,1,0,1,1,0,1,1,0,1,0,1,0,0,0,0,0,1,1,0,0,0,0,1,1,0,0,1,1,0,1,0,1,0,1,1,0,1,1,0.25925925925925924,355.662909137806,1
77,0,0,1,1,0,0,1,1,1,0,0,0,1,0,1,1,0,1,1,0,1,0,0,0,0,1,0,1,1,1,1,1,0,0,1,0,0,1,0,1,1,1,0,0,1,0,1,0,1,0,0,1,0,1,0.3333333333333333,351.22472346061124,1
78,1,1,0,0,1,1,1,0,0,1,1,0,1,1,1,0,0,0,0,0,0,1,1,0,1,1,1,1,0,0,0,0,1,0,0,0,1,0,1,1,0,0,1,0,0,1,0,0,0,1,1,0,1,1,0.25925925925925924,332.3747198006647,1
79,1,1,0,0,1,1,0,0,0,1,0,0,1,1,1,0,0,0,1,0,0,1,1,0,1,0,1,1,1,0,0,0,1,0,0,0,0,0,1,0,0,0,1,1,0,1,0,0,0,1,1,0,1,1,0.2777777777777778,304.1313607220963,1
80,1,1,0,0,1,1,0,0,0,1,1,1,1,1,1,0,0,0,0,1,0,1,1,0,1,1,1,1,0,0,0,0,1,0,0,0,1,0,1,1,0,0,1,1,0,1,0,0,1,1,1,0,1,1,0.2962962962962963,432.18678767770774,1
81,0,0,0,0,0,0,1,1,1,0,0,0,0,0,0,1,1,1,0,1,1,0,0,1,1,0,0,1,0,1,1,1,0,0,1,1,0,1,0,0,1,1,0,0,1,1,1,0,1,0,0,1,0,0,0.2962962962962963,322.1057368328831,1
82,0,0,1,0,0,0,1,1,0,0,0,0,0,0,0,1,1,1,1,1,1,0,0,0,0,0,0,0,0,1,1,1,0,0,1,1,0,1,0,0,1,1,0,0,1,0,1,1,1,0,0,0,0,1,0.3148148148148148,629.9171902981376,1
83,1,1,0,0,1,1,0,0,1,1,0,0,1,1,1,0,0,0,0,1,0,1,1,0,1,0,1,1,0,0,0,0,1,1,0,0,0,0,1,1,0,0,1,0,1,0,0,0,0,1,1,0,1,1,0.3333333333333333,350.5807172209339,1
84,1,1,0,1,1,1,0,0,1,1,1,0,1,1,1,0,0,0,0,1,0,1,1,0,1,0,1,1,1,0,0,0,1,1,0,0,0,0,1,1,0,0,1,1,0,1,0,0,1,1,1,0,1,1,0.2962962962962963,368.16482158515925,1
85,0,0,1,1,0,0,1,1,1,0,0,0,1,0,1,1,0,1,0,0,1,0,0,1,0,1,0,1,1,1,1,1,0,1,1,1,0,1,0,1,1,1,0,0,1,1,1,0,1,0,0,1,0,0,0.3333333333333333,350.86158968206985,1
86,1,1,0,1,1,1,0,0,1,1,1,0,1,1,1,0,0,0,1,0,0,1,1,0,1,0,1,1,0,0,0,0,1,0,0,0,1,0,1,0,0,0,1,1,1,0,0,0,0,1,1,0,1,1,0.2777777777777778,394.151032840867,1
87,1,1,0,0,1,1,0,0,0,1,1,0,0,1,1,0,0,0,0,1,0,1,1,0,0,1,1,1,1,0,0,0,1,0,0,0,1,0,1,0,0,0,0,1,0,1,0,0,0,1,1,0,1,1,0.2962962962962963,322.86109449169373,1
88,1,1,0,0,1,1,0,0,0,1,0,0,1,1,0,0,0,0,0,1,0,1,1,0,0,0,1,1,0,0,0,0,1,0,0,0,0,0,1,1,0,0,1,0,0,1,0,0,0,1,1,0,1,1,0.25925925925925924,251.519998902092,1
89,1,1,0,0,1,1,0,0,0,1,1,0,1,1,1,0,1,0,0,0,0,1,1,0,1,0,1,1,1,0,0,0,0,0,0,0,1,0,1,0,0,0,1,1,1,1,0,0,0,1,1,0,1,1,0.3333333333333333,329.18293309140444,1
90,0,0,0,1,0,0,0,1,0,0,0,1,0,0,0,1,0,1,0,0,1,0,0,1,0,1,0,0,1,1,0,1,0,1,1,0,0,1,0,0,1,1,0,1,1,1,1,0,1,0,0,1,0,0,0.25925925925925924,356.65154997284185,1
91,0,0,1,1,0,0,1,1,0,0,0,1,1,0,1,1,1,1,0,1,1,0,0,1,0,1,0,1,1,1,1,1,1,0,1,1,0,1,0,0,1,1,0,0,1,1,1,0,1,0,0,0,0,1,0.3148148148148148,478.47060140676297,1
92,1,1,0,1,1,1,0,0,0,1,1,0,1,1,1,0,0,0,0,0,0,1,1,0,0,0,1,1,0,0,0,0,1,0,0,0,0,0,1,0,0,0,1,1,0,0,0,0,0,1,1,0,1,1,0.2777777777777778,300.8682021899855,1
93,0,0,1,0,0,0,1,0,1,0,0,0,1,0,0,1,1,1,1,0,1,0,0,1,0,0,0,0,0,1,0,1,0,0,1,1,0,1,0,0,1,1,0,0,0,0,1,1,1,0,0,1,0,0,0.24074074074074073,278.93067593492896,1
94,1,1,0,0,1,1,0,0,0,1,1,0,1,1,1,0,0,0,0,0,0,1,1,0,0,1,1,1,1,0,0,0,1,0,0,0,1,0,1,0,0,0,1,1,0,1,0,0,0,1,1,0,1,1,0.3333333333333333,325.8688314552931,1
95,0,0,1,1,0,0,0,1,1,0,0,0,1,0,1,1,1,1,1,0,1,0,0,0,0,0,0,1,1,1,1,1,0,0,1,0,0,1,0,0,1,1,0,0,1,1,1,1,1,0,0,1,0,0,0.3333333333333333,381.028651054063,1
96,1,1,0,0,1,1,0,0,0,1,0,1,1,1,0,0,0,0,1,1,0,1,1,0,1,0,1,0,0,0,0,0,1,1,0,0,0,0,1,0,0,0,1,1,1,1,0,0,0,1,1,0,1,1,0.35185185185185186,349.93614869251644,1
97,1,1,0,0,1,1,0,0,0,1,1,0,1,1,1,0,0,0,0,1,0,1,1,0,1,0,1,1,0,0,0,0,1,0,0,0,1,0,1,1,0,0,1,1,0,1,0,0,0,1,1,0,1,1,0.2777777777777778,321.4643135039576,1
98,0,0,1,1,0,0,1,1,1,0,0,1,1,0,1,0,1,1,0,0,1,0,0,0,0,1,0,1,1,1,1,1,0,0,1,1,0,1,0,1,1,1,0,0,0,1,1,0,1,0,0,1,0,0,0.2777777777777778,328.46360179854446,1
99,1,0,0,1,0,0,1,1,1,0,0,0,1,0,1,0,1,1,0,0,1,0,0,0,0,0,0,1,1,1,1,1,0,0,1,1,1,1,0,1,1,1,0,0,0,0,0,0,1,0,0,1,0,0,0.2962962962962963,258.10607379463863,1
