,0,1,2,3,4,5,6,7,8,9,10,11,12,13,14,15,16,17,18,19,20,21,22,23,24,25,26,27,28,29,30,31,32,33,34,35,chain_break_fraction,energy,num_occurrences
0,0,0,0,1,1,0,0,1,0,0,0,0,1,0,1,0,1,0,0,0,1,1,0,1,1,0,0,1,0,0,0,0,1,1,1,1,0.2777777777777778,34.67355496090564,1
1,1,0,0,1,1,0,0,1,0,0,0,0,1,0,1,0,1,0,0,0,1,1,0,1,1,0,0,1,0,0,0,0,1,1,1,1,0.25,32.98043430163933,1
2,0,0,0,1,1,0,0,1,0,0,0,0,1,0,1,0,1,0,0,0,1,1,0,1,1,0,0,1,0,0,0,0,1,1,1,1,0.2777777777777778,34.67355496090564,1
3,0,0,0,0,1,0,0,1,0,0,1,0,1,0,1,0,1,0,0,0,1,1,0,1,1,0,0,1,0,0,0,0,1,1,1,1,0.25,37.40551558573743,1
4,0,0,0,1,1,0,1,1,0,0,0,0,1,0,1,0,1,0,0,0,1,1,0,1,1,0,0,1,0,0,0,0,0,1,1,1,0.25,27.47124308141079,1
5,0,0,0,1,1,0,0,1,0,0,1,0,1,0,1,0,1,0,0,0,1,1,0,1,1,0,0,1,0,0,0,0,1,1,1,1,0.2777777777777778,32.0373801663242,1
6,0,0,0,1,1,0,0,1,0,0,1,0,1,0,1,0,1,0,0,0,1,1,0,1,1,0,0,1,0,0,0,0,1,1,1,1,0.3055555555555556,32.0373801663242,1
7,0,0,0,1,1,1,0,1,0,0,0,0,1,0,1,0,1,0,0,0,1,1,0,1,1,0,0,1,0,0,0,0,1,1,1,1,0.3055555555555556,30.82597385266698,1
8,0,0,0,1,1,0,0,1,0,0,0,0,1,0,1,0,1,0,0,0,1,1,0,1,0,0,0,1,0,0,0,0,1,1,1,1,0.2777777777777778,30.517813295589292,1
9,0,0,0,0,1,0,0,1,0,0,0,0,1,0,1,0,1,0,0,0,1,1,0,1,1,1,0,1,0,0,0,0,1,1,1,1,0.25,55.35399559558982,1
10,0,0,0,1,1,0,1,1,0,0,0,0,1,0,1,0,1,0,0,0,1,1,0,1,1,0,0,1,0,0,0,0,0,1,1,1,0.2777777777777778,27.47124308141079,1
11,0,0,0,1,1,0,0,1,0,0,0,0,1,0,1,0,1,0,0,0,1,1,0,1,1,0,0,1,0,0,0,0,1,1,1,1,0.25,34.67355496090564,1
12,0,0,0,1,1,0,0,1,0,0,0,0,1,0,1,0,1,0,0,0,1,1,0,1,1,0,0,1,0,0,0,0,0,1,1,1,0.3055555555555556,28.61043969902772,2
13,0,0,0,1,1,0,1,1,0,0,0,0,1,0,1,0,1,0,0,0,1,1,0,1,1,0,0,1,0,0,0,0,0,1,1,1,0.3055555555555556,27.47124308141079,1
14,0,0,0,1,1,0,0,1,0,0,1,0,1,0,1,0,1,0,0,0,1,1,0,1,0,0,0,1,0,0,0,0,1,1,1,1,0.2222222222222222,28.38163982949123,1
15,0,0,0,1,1,0,0,1,0,0,0,0,1,0,1,0,1,0,0,0,1,1,0,1,1,0,0,1,0,0,0,0,1,1,1,1,0.25,34.67355496090564,1
16,0,0,0,0,1,0,0,1,0,0,0,0,1,0,1,0,1,0,0,0,1,1,0,1,1,0,0,1,0,0,0,0,0,1,1,1,0.2777777777777778,33.970821542842046,1
17,0,0,0,1,1,0,1,1,0,0,1,0,1,0,1,0,1,0,0,0,1,1,0,1,1,0,0,1,0,0,0,0,1,1,1,1,0.3055555555555556,30.934726402614753,1
18,0,0,0,1,1,0,0,1,0,0,1,0,1,0,1,0,1,0,0,0,1,1,0,1,1,0,0,1,0,0,0,0,1,1,0,1,0.25,27.89202777077897,1
19,0,0,0,0,1,0,1,1,0,0,0,0,1,0,1,0,1,0,0,0,1,1,0,1,1,0,0,1,0,0,0,0,1,1,1,1,0.2777777777777778,38.34855409233911,1
20,0,0,0,1,1,0,0,1,0,0,0,0,1,0,1,0,1,0,0,0,1,0,0,1,1,0,0,1,0,0,0,0,1,1,1,1,0.2777777777777778,22.267898440632425,1
21,0,0,0,1,1,0,0,1,0,0,1,0,1,0,1,0,1,0,0,0,1,1,0,1,1,0,0,1,0,0,0,0,0,1,1,1,0.2777777777777778,26.474843737427836,1
22,0,0,0,1,0,0,0,1,0,0,0,0,1,0,1,0,1,0,0,0,1,1,0,1,1,0,0,1,0,0,0,0,1,1,1,1,0.25,38.597345515024976,1
23,0,0,0,1,1,0,0,1,0,0,1,0,1,0,1,0,1,0,0,0,1,1,0,1,1,0,0,1,0,0,0,0,0,1,1,1,0.25,26.474843737427836,1
24,0,0,0,1,1,0,0,0,0,0,1,0,1,0,1,0,1,0,0,0,1,1,0,1,1,0,0,1,0,0,0,0,0,1,1,1,0.25,29.572303181547948,1
25,0,0,0,1,1,1,0,1,0,0,0,0,1,0,1,0,1,0,0,0,1,1,0,1,1,0,0,0,0,0,0,0,1,1,1,1,0.2777777777777778,20.704214145134856,1
26,0,0,0,1,1,0,0,1,0,0,0,0,1,0,1,0,1,0,0,0,1,1,0,1,1,0,0,1,1,0,0,0,1,1,1,1,0.25,41.986349122113104,1
27,0,0,0,1,1,0,1,1,0,0,1,0,1,0,1,0,1,0,0,0,1,1,0,1,1,0,0,1,0,0,0,0,1,1,1,1,0.3333333333333333,30.934726402614753,1
28,0,0,0,0,1,0,1,1,0,0,0,0,1,0,1,0,1,0,0,0,1,1,0,1,1,0,0,1,0,0,0,0,1,1,1,1,0.3055555555555556,38.34855409233911,1
29,0,0,0,1,1,0,0,1,0,0,0,0,1,0,1,0,1,0,0,0,1,1,0,1,0,0,0,1,1,0,0,0,1,1,1,1,0.25,37.13026520831553,1
30,0,0,0,1,1,0,1,0,0,0,0,0,1,0,1,0,1,0,0,0,1,1,0,1,1,0,0,1,0,0,0,0,0,1,1,1,0.25,29.749636316644654,1
31,0,0,0,1,1,0,0,1,0,0,0,0,1,0,1,0,1,0,0,0,1,1,0,1,1,1,0,1,0,0,0,0,1,1,1,1,0.2777777777777778,46.98503829153834,1
32,0,0,0,1,1,0,0,1,0,0,0,0,1,0,1,0,1,0,0,0,1,1,0,1,1,0,0,1,1,0,0,0,1,1,1,1,0.3055555555555556,41.986349122113104,1
33,1,0,0,1,1,0,1,1,0,0,0,0,1,0,1,0,1,0,0,0,1,1,0,1,1,0,0,1,0,0,0,0,1,1,1,1,0.25,32.28731364237302,1
34,0,0,0,0,1,0,0,1,0,0,1,0,1,0,1,0,1,0,0,0,1,1,0,1,1,0,0,1,0,0,0,0,1,1,0,1,0.2777777777777778,32.25728414088533,1
35,0,0,0,1,1,0,0,1,0,0,0,0,1,0,1,0,1,0,0,1,1,1,0,1,1,0,0,1,0,0,0,0,0,1,1,1,0.3055555555555556,44.06668236357707,1
36,0,0,0,0,1,0,0,1,0,0,1,0,1,0,1,0,1,0,0,0,1,1,0,1,1,0,0,1,0,0,0,0,0,1,1,1,0.2777777777777778,30.835225247541132,1
37,0,0,0,1,1,0,0,1,0,0,1,0,1,0,1,0,1,0,0,0,1,1,0,1,1,0,0,1,1,0,0,0,1,1,0,1,0.2777777777777778,33.88051088464022,1
38,1,0,0,1,1,0,0,1,0,0,0,0,1,0,1,0,1,0,0,0,1,1,0,1,1,0,0,1,0,0,0,0,1,1,1,1,0.3055555555555556,32.98043430163933,1
39,0,0,0,1,1,0,0,1,0,0,1,0,1,0,1,0,1,0,0,0,1,1,0,1,1,0,0,1,0,0,0,0,0,1,1,1,0.3055555555555556,26.474843737427836,1
40,0,0,0,1,1,0,1,1,0,0,0,0,0,0,1,0,1,0,0,0,1,1,0,1,1,1,0,1,0,0,0,0,1,1,1,1,0.25,46.98503829153834,1
41,0,0,0,0,1,0,0,1,0,0,0,0,1,0,1,0,1,0,0,0,1,1,0,1,0,0,0,1,0,0,0,0,1,1,1,1,0.25,35.88553827323498,1
42,0,0,0,1,1,0,0,1,0,0,0,0,1,0,1,0,1,0,0,0,1,1,0,1,0,0,0,1,0,0,0,0,1,1,1,1,0.2222222222222222,30.517813295589292,1
43,0,0,0,1,1,0,0,1,0,0,0,0,1,0,1,0,1,0,0,0,1,0,0,1,1,0,0,1,0,0,0,0,0,1,1,1,0.3055555555555556,17.580316850637075,1
44,0,0,1,1,1,0,1,1,0,0,0,0,1,0,1,0,1,0,0,0,1,1,0,1,1,0,0,1,0,0,0,0,0,1,1,1,0.2222222222222222,26.29106014071086,1
45,0,0,0,1,1,0,0,1,0,0,0,0,1,0,1,0,1,0,0,0,1,1,0,1,1,0,0,1,0,0,0,0,0,1,1,1,0.2777777777777778,28.61043969902772,1
46,0,0,0,0,1,0,0,1,0,0,1,0,1,0,1,0,1,0,0,1,1,1,0,1,1,0,0,1,0,0,0,0,1,1,1,1,0.3055555555555556,55.71927891911478,1
47,0,0,0,1,1,0,0,1,0,0,1,0,1,0,1,0,1,0,0,0,1,1,0,1,1,0,0,1,0,0,0,0,1,1,0,1,0.3333333333333333,27.89202777077897,1
48,0,0,0,1,1,0,0,1,0,0,1,0,1,0,1,0,1,0,0,0,1,1,0,1,0,0,0,1,1,0,0,0,1,1,1,1,0.25,34.493886842106974,1
49,0,0,0,1,1,0,0,1,0,0,0,0,1,0,1,0,1,0,0,0,1,1,0,1,1,1,0,1,0,0,0,0,0,1,0,1,0.2777777777777778,34.79861081686055,1
50,0,0,0,1,1,0,0,1,0,0,1,0,1,0,1,0,1,0,0,0,1,1,0,1,1,0,0,1,1,0,0,0,0,1,1,1,0.3333333333333333,32.306583015103854,1
51,0,0,0,1,1,0,0,1,0,0,1,0,1,0,1,0,1,0,0,0,1,1,0,1,1,0,0,1,0,0,0,0,1,1,1,1,0.3333333333333333,32.0373801663242,1
52,0,0,0,1,1,0,1,1,0,0,0,0,1,0,1,0,1,0,0,0,1,0,0,1,1,0,0,1,0,0,0,0,0,1,1,1,0.2777777777777778,17.443232678780802,1
53,0,0,0,1,1,0,0,1,0,0,1,0,1,0,1,0,1,0,0,0,1,1,0,1,0,0,0,1,0,0,0,0,0,1,1,1,0.3055555555555556,23.456656242054677,1
54,0,0,0,0,0,0,0,0,0,0,1,0,1,0,1,0,1,0,0,0,1,1,0,1,1,0,0,0,0,0,0,0,0,1,0,1,0.2222222222222222,20.670842556901274,1
55,0,0,0,1,1,0,1,1,0,0,0,0,1,0,1,0,1,0,0,0,1,1,0,0,1,0,0,1,1,0,0,0,0,1,1,1,0.2777777777777778,21.766187377486233,1
56,0,0,1,1,1,0,0,1,0,0,0,0,1,0,1,0,1,0,0,0,1,1,0,1,1,0,0,1,0,0,0,0,0,1,1,1,0.3055555555555556,26.93024877712055,1
57,0,0,0,0,1,0,1,1,0,0,0,0,1,0,1,0,1,0,0,0,1,0,0,1,1,0,0,1,0,0,0,0,0,1,1,1,0.25,19.727020517250285,1
58,0,0,0,1,1,0,0,0,0,0,0,0,1,0,1,0,0,0,0,0,1,1,0,1,1,0,0,1,0,0,0,0,1,1,1,1,0.25,44.60487499877055,1
59,0,0,0,1,1,0,1,1,0,0,1,0,1,0,1,0,1,0,0,0,1,1,0,1,1,0,0,0,0,0,0,0,0,1,1,1,0.2777777777777778,16.89810701123654,1
60,0,0,0,0,1,0,0,0,0,0,1,0,1,0,1,0,1,0,0,0,1,1,0,1,1,1,0,1,0,0,0,0,0,1,1,1,0.3333333333333333,49.978907553786286,1
61,0,0,0,1,1,0,1,1,0,0,0,0,1,0,1,0,1,0,0,0,1,1,0,1,1,0,0,1,1,0,0,0,1,1,1,1,0.3333333333333333,39.761467521352685,1
62,0,0,0,1,1,0,0,1,0,0,0,0,1,0,1,0,1,0,0,0,1,0,0,1,1,0,0,1,0,0,0,0,0,1,1,1,0.2222222222222222,17.580316850637075,1
63,0,0,0,1,1,0,0,1,0,0,0,0,1,0,1,0,1,0,0,1,1,1,0,1,1,0,0,1,1,0,0,0,0,1,1,1,0.2777777777777778,52.330076224938736,1
64,0,0,0,1,1,0,1,1,0,0,0,0,1,0,1,0,1,0,0,0,1,1,0,1,1,0,0,1,0,0,0,0,0,1,1,1,0.3611111111111111,27.47124308141079,1
65,0,0,0,0,1,0,0,1,0,0,1,0,1,0,0,0,1,0,0,0,1,0,0,1,1,0,0,0,0,0,0,0,1,1,1,1,0.2777777777777778,15.303193310545185,1
66,1,0,0,1,1,0,1,1,0,0,0,0,1,0,1,0,1,0,0,0,1,1,0,1,1,0,0,1,0,0,0,0,0,1,1,1,0.3888888888888889,27.332046463793855,1
67,0,0,0,0,1,0,1,1,0,0,0,0,1,0,1,0,1,0,0,0,1,1,0,1,1,0,0,1,0,0,0,0,1,1,0,1,0.3055555555555556,33.36205774061535,1
68,0,0,0,0,1,0,1,1,0,0,1,0,1,0,1,0,1,0,0,0,1,0,0,1,1,0,0,1,0,0,0,0,1,1,1,1,0.3055555555555556,22.82272714066934,1
69,0,0,0,1,1,0,1,1,0,0,1,0,1,0,1,0,1,0,0,0,1,1,0,1,1,0,0,1,0,0,0,0,0,1,0,1,0.3055555555555556,23.349318948214226,1
70,0,0,0,1,1,0,0,1,0,0,0,0,1,0,1,0,1,0,0,0,1,0,0,1,1,0,0,1,0,0,0,0,0,1,1,1,0.2777777777777778,17.580316850637075,1
71,0,0,0,1,1,0,1,1,0,0,0,0,1,0,1,0,1,0,0,0,1,1,0,1,1,0,0,1,1,0,0,0,0,1,1,1,0.2777777777777778,33.271426317703195,1
72,0,0,0,1,1,0,1,1,0,0,1,0,1,0,1,0,1,0,0,0,1,1,0,1,1,0,0,1,0,0,0,0,1,1,0,1,0.3055555555555556,27.45636188817157,1
73,0,0,0,0,1,0,1,1,0,0,0,0,1,0,1,0,1,0,0,0,1,1,0,0,0,1,0,1,0,0,0,0,0,1,1,1,0.2777777777777778,24.52696152785498,1
74,0,0,0,0,1,0,1,1,0,0,0,0,1,0,1,0,1,0,0,0,1,0,0,1,1,0,0,1,0,0,0,0,1,1,1,1,0.2777777777777778,24.86843197489619,1
75,0,0,0,1,1,0,1,1,0,0,0,0,1,0,1,0,1,0,0,0,1,1,0,1,1,0,0,1,0,0,0,0,1,1,1,1,0.2777777777777778,32.980434301639335,1
76,1,0,0,0,1,0,1,1,0,0,0,0,1,0,1,0,1,0,0,0,1,1,0,1,1,0,0,1,0,0,0,0,0,1,1,1,0.3611111111111111,30.6923963827792,1
77,0,0,0,0,1,0,1,0,0,0,1,0,1,0,1,0,1,0,0,0,1,1,0,1,1,0,0,1,0,0,0,0,0,1,1,1,0.4166666666666667,32.38397093201568,1
78,0,0,0,1,1,0,0,1,0,0,0,0,1,0,1,0,1,0,0,0,1,1,0,0,1,0,0,1,0,0,0,0,0,1,1,1,0.2777777777777778,17.67124520954841,1
79,0,0,0,0,1,0,0,0,0,0,0,0,1,0,1,0,1,0,0,0,1,0,0,1,1,1,0,1,0,0,0,0,1,1,1,1,0.2777777777777778,45.5218054700543,1
80,0,0,0,1,1,0,0,1,1,0,0,0,1,0,1,0,1,0,0,0,1,0,0,1,1,0,0,1,0,0,0,0,0,1,1,1,0.2222222222222222,16.08071836659596,1
81,0,0,0,1,1,0,1,1,0,0,0,0,1,0,1,0,1,0,0,0,1,1,0,1,1,0,0,1,1,0,0,0,0,1,1,1,0.3333333333333333,33.271426317703195,1
82,0,0,0,1,1,0,0,1,0,0,1,0,1,0,1,0,1,0,0,0,1,1,0,1,1,0,0,0,0,0,0,0,0,1,1,1,0.3611111111111111,16.44472428753594,1
83,0,0,0,1,1,0,0,1,0,0,1,0,0,0,1,0,1,0,0,0,1,1,0,1,1,1,0,1,0,0,0,0,0,1,1,1,0.3055555555555556,39.06444564804048,1
84,0,0,0,0,1,0,1,1,0,0,1,0,1,0,1,0,1,0,0,0,1,1,0,1,1,0,0,1,0,0,0,0,1,1,1,1,0.3333333333333333,35.3028458596135,1
85,1,0,0,0,1,0,0,1,0,0,0,0,1,0,1,0,1,0,0,0,1,1,0,1,1,0,0,1,0,0,0,0,0,1,1,0,0.2777777777777778,23.661755153942373,1
86,0,0,1,0,1,0,1,0,0,0,0,1,1,0,1,0,1,0,0,0,1,1,0,1,1,0,0,1,0,0,0,0,0,1,1,1,0.2222222222222222,27.477709171744507,1
87,0,0,0,0,1,0,0,1,0,0,1,0,1,0,1,0,1,0,0,0,1,1,0,1,0,1,0,1,0,0,0,0,0,1,1,1,0.25,36.85382351838288,1
88,0,0,0,0,1,0,0,1,0,0,0,0,1,0,1,0,1,0,0,0,1,1,0,1,1,1,0,1,0,0,0,0,1,1,0,1,0.2222222222222222,48.601340569113034,1
89,1,0,0,0,1,0,1,1,0,0,0,0,1,0,1,0,1,0,0,0,1,1,0,1,1,0,0,0,0,0,0,0,0,1,0,1,0.2777777777777778,17.294819766625395,1
90,1,0,0,1,1,0,0,1,0,0,0,0,1,0,0,0,1,0,0,0,1,1,0,1,1,0,0,1,0,0,0,0,1,1,0,1,0.25,29.88157359582313,1
91,0,0,1,1,1,0,1,1,0,0,0,0,1,0,1,0,1,0,0,0,1,0,0,1,1,0,0,0,0,0,0,0,1,1,1,1,0.3333333333333333,14.565864300194663,1
92,0,0,0,0,0,0,1,0,0,0,1,0,1,0,1,0,1,0,0,0,1,0,0,1,1,0,0,0,0,0,0,0,0,1,0,1,0.25,9.163277105212575,1
93,0,0,0,1,0,0,1,1,0,0,1,1,1,0,1,0,1,0,0,0,1,0,0,1,1,0,0,1,0,0,0,0,0,1,1,1,0.3055555555555556,20.087968032509096,1
94,0,0,1,1,0,0,0,1,1,0,0,0,1,0,1,0,1,0,0,0,1,0,0,1,1,0,0,1,1,0,0,0,1,1,1,1,0.25,26.701961557888,1
95,0,0,0,1,1,0,1,1,0,0,0,0,1,0,1,0,1,0,0,0,1,1,0,1,1,0,0,1,1,0,0,0,0,1,1,1,0.3611111111111111,33.271426317703195,1
96,0,0,0,0,0,0,0,1,0,0,1,0,1,0,1,0,1,0,0,0,1,0,0,1,1,0,0,0,0,0,0,0,0,1,1,1,0.3055555555555556,12.286898531782452,1
97,0,0,0,0,1,0,1,1,0,0,1,0,1,0,0,0,1,0,0,0,1,1,0,1,1,0,0,1,0,0,0,0,0,1,1,1,0.3055555555555556,30.639125223616055,1
98,1,0,1,1,1,0,1,1,0,0,1,0,1,0,1,0,1,0,0,0,1,0,0,1,1,1,0,1,1,0,0,0,1,1,1,1,0.3055555555555556,32.49037995130027,1
