,0,1,2,3,4,5,6,7,8,9,10,11,12,13,14,15,16,17,18,19,20,21,22,23,24,25,26,27,28,29,30,31,32,33,34,35,chain_break_fraction,energy,num_occurrences
0,1,0,0,1,0,0,0,0,1,1,1,0,0,0,0,1,1,1,0,1,0,1,1,0,1,1,1,0,0,0,1,0,0,0,1,0,0.2777777777777778,7.8902096295881385,1
1,1,1,0,1,0,0,0,0,1,1,1,0,0,1,0,1,0,1,0,1,0,1,1,0,1,1,1,0,1,0,1,0,0,0,1,1,0.2777777777777778,13.993957016298182,1
2,1,0,0,1,0,1,0,0,1,1,1,0,0,1,0,1,0,1,0,1,0,1,1,0,1,1,1,0,0,0,1,0,0,0,1,1,0.2222222222222222,12.346136222297247,1
3,1,1,0,1,0,0,0,0,1,1,1,0,0,0,0,1,1,1,0,1,0,1,1,0,1,1,1,0,0,0,1,0,0,0,1,1,0.3333333333333333,13.186604337082777,1
4,1,1,0,1,0,1,0,0,1,1,1,0,0,0,0,1,0,1,0,1,0,1,1,0,1,1,1,0,0,0,1,1,0,0,1,1,0.2777777777777778,17.1796838181155,1
5,1,0,0,1,0,0,0,0,1,0,1,0,1,0,0,1,0,1,0,0,0,1,1,0,1,0,1,0,0,0,1,0,0,0,1,1,0.19444444444444445,2.2621159521157743,1
6,1,0,0,1,0,1,0,0,1,1,1,0,0,0,0,1,1,1,0,1,0,1,1,0,1,1,0,0,0,0,1,0,0,0,1,1,0.25,12.19983291621011,1
7,1,0,0,1,0,0,0,0,1,1,1,0,0,0,0,1,1,1,0,1,0,1,0,1,1,1,1,0,1,0,1,0,0,0,1,0,0.3055555555555556,12.83857293100292,1
8,1,0,0,1,0,1,0,0,1,1,1,0,0,0,0,1,0,1,0,1,0,1,1,0,1,1,1,0,0,0,1,0,0,0,1,1,0.2777777777777778,12.987556938158086,1
9,1,0,0,1,0,0,0,0,1,1,1,0,0,0,0,1,0,1,0,1,0,1,0,0,1,1,1,0,0,0,1,1,0,0,1,1,0.3055555555555556,16.79199170677348,1
10,1,0,0,1,0,0,0,0,1,1,1,0,0,0,0,1,0,1,0,1,0,1,1,0,1,1,1,0,0,0,1,0,0,0,1,1,0.3333333333333333,12.949072664565211,1
11,1,0,0,1,0,1,0,0,1,1,1,0,0,1,0,1,1,1,0,0,0,1,1,0,1,1,1,0,0,0,1,0,0,0,1,1,0.16666666666666666,12.935791444497436,1
12,1,0,0,1,0,0,0,0,1,1,1,0,0,0,0,1,1,1,0,1,0,1,0,1,1,1,1,0,1,0,1,0,0,0,1,1,0.3055555555555556,20.170982792869655,1
13,1,0,0,1,0,0,0,0,1,1,1,0,0,0,0,1,0,1,0,1,1,1,1,0,1,1,1,0,0,0,1,0,0,0,1,0,0.3055555555555556,8.868868074588443,1
14,1,1,0,1,0,0,0,0,1,1,1,0,0,0,0,1,1,1,0,1,0,1,1,1,1,1,1,0,0,0,1,0,0,0,1,1,0.2777777777777778,18.390177142274567,1
15,1,0,0,1,0,0,0,0,1,1,1,0,0,0,0,1,1,1,0,1,0,1,0,0,1,1,1,0,1,0,1,0,0,0,1,1,0.3333333333333333,13.44901745544637,1
16,1,1,0,1,0,0,0,0,1,1,1,0,1,0,0,1,1,1,0,1,0,1,1,1,1,1,1,0,0,0,1,0,0,0,1,1,0.3055555555555556,16.578420119907825,1
17,1,0,0,1,0,1,0,0,0,1,1,0,0,0,0,1,1,1,0,1,0,1,0,0,1,1,1,0,1,0,1,1,0,0,1,1,0.3055555555555556,18.838222236793086,1
18,1,0,0,1,0,0,0,0,1,1,1,0,0,0,0,1,0,1,0,1,0,1,0,0,1,1,1,0,0,0,1,0,0,0,1,0,0.25,6.593267402670817,1
19,1,0,0,1,0,1,0,0,1,1,1,0,0,1,0,1,0,1,0,1,0,1,1,0,1,1,1,0,0,0,0,0,0,0,1,0,0.2222222222222222,14.133391436110228,1
20,1,0,0,1,0,0,0,0,1,1,1,0,0,0,0,1,1,1,0,1,1,1,1,0,1,1,1,0,0,0,1,0,0,0,1,1,0.3333333333333333,13.776131509286056,1
21,1,1,0,1,0,0,0,0,1,1,1,0,0,0,0,1,1,1,0,1,0,1,1,0,1,1,1,0,1,0,1,0,0,0,1,1,0.3888888888888889,15.701277255741285,1
22,1,0,0,1,0,0,0,0,0,1,1,0,1,0,0,1,1,1,0,1,0,1,1,0,1,1,1,0,0,0,1,0,0,0,1,1,0.25,9.877163117344065,1
23,1,1,0,1,0,0,0,0,1,0,1,0,1,0,0,1,0,1,0,0,1,1,1,0,1,0,0,0,0,0,1,0,0,0,1,1,0.2222222222222222,4.637990238602497,1
24,1,0,0,1,0,1,0,0,1,1,1,0,0,0,0,1,0,1,0,0,0,1,0,0,1,1,1,0,1,0,1,0,0,0,1,0,0.25,8.903937825463604,1
25,1,0,0,1,0,0,0,0,1,1,1,0,1,0,0,1,0,1,0,0,0,1,1,0,1,1,1,0,1,0,1,0,0,0,1,0,0.2777777777777778,5.113913104799561,1
26,1,0,0,1,0,0,1,0,1,0,1,0,0,0,0,1,0,1,0,0,0,1,1,0,1,0,1,0,0,0,1,0,0,0,1,0,0.16666666666666666,2.4766850441115817,1
27,1,0,0,1,0,1,0,0,1,1,1,0,0,0,0,1,1,1,0,1,0,1,1,0,1,1,1,0,0,0,1,0,1,0,1,0,0.25,11.122093657074027,1
28,1,0,0,1,0,1,0,0,1,1,1,0,0,0,0,1,0,1,0,1,0,1,1,0,1,1,0,0,0,0,0,0,0,0,1,1,0.2222222222222222,11.6914278202275,1
29,1,0,0,1,0,0,0,0,1,1,1,0,0,0,0,1,1,1,0,1,0,1,1,0,1,1,1,0,0,0,1,0,0,0,1,1,0.3611111111111111,12.231805322511285,1
30,1,0,0,1,0,1,0,0,0,1,1,0,1,0,0,1,1,1,0,1,0,1,1,0,1,1,1,0,0,0,1,1,0,0,1,1,0.2777777777777778,15.159243622632749,1
31,1,1,0,1,0,1,0,0,0,1,1,0,0,0,0,1,0,1,0,1,1,1,1,0,1,1,1,0,0,0,1,0,0,0,1,1,0.2777777777777778,14.103857149500367,1
32,1,0,0,1,0,1,0,0,1,1,1,0,0,0,0,1,1,1,0,1,0,1,1,0,1,1,0,0,0,0,1,0,1,0,1,0,0.2777777777777778,10.886619073991865,1
33,1,1,0,1,0,0,0,0,1,1,1,0,1,0,0,1,0,1,0,1,0,1,1,0,1,1,1,0,0,0,1,0,1,0,1,1,0.3333333333333333,13.317751078021717,1
34,1,0,0,1,0,1,0,0,1,1,1,0,0,0,0,1,0,1,0,0,1,1,1,0,1,0,0,0,0,0,1,0,0,1,1,0,0.19444444444444445,9.501348111882693,1
35,1,0,0,1,0,0,0,0,0,1,1,0,0,0,0,1,1,1,0,1,0,1,1,1,1,1,1,0,0,0,1,0,0,0,1,1,0.3055555555555556,20.45816406819704,1
36,1,0,0,1,0,0,0,0,1,1,1,0,1,0,0,1,1,1,0,1,1,1,1,0,1,1,1,0,0,0,1,0,0,0,1,0,0.2777777777777778,7.811156667857219,1
37,1,0,0,1,0,1,0,0,1,1,1,0,1,0,0,1,0,1,0,0,0,1,1,0,1,1,1,0,0,0,1,0,0,0,1,1,0.19444444444444445,8.663693960217785,1
38,1,0,0,1,0,0,0,0,1,1,1,0,0,0,0,1,0,1,0,1,0,1,1,0,1,1,1,0,0,0,1,0,0,0,1,1,0.25,12.949072664565211,1
39,1,0,0,1,0,0,0,0,0,1,1,0,1,0,0,1,1,1,0,1,0,1,1,0,1,1,1,0,0,0,1,0,0,0,1,1,0.3055555555555556,9.877163117344065,1
40,1,0,0,1,0,0,0,0,1,1,1,0,1,0,0,1,1,1,0,1,0,1,0,0,1,1,1,0,0,0,1,1,0,0,1,1,0.3055555555555556,13.239481181511096,1
41,1,0,0,1,0,1,0,0,0,1,1,0,0,0,0,1,0,1,0,1,0,1,1,0,1,1,1,0,0,0,0,0,0,0,1,1,0.2222222222222222,11.27569303290522,1
42,1,0,0,1,0,0,0,0,1,1,1,0,0,0,0,1,1,1,0,0,0,1,0,1,1,1,1,0,1,0,1,0,0,0,1,0,0.3333333333333333,7.530715023931689,1
43,1,0,0,1,0,1,0,0,0,1,1,0,0,1,0,1,0,1,0,1,0,1,1,0,1,1,1,0,0,0,1,0,0,0,1,1,0.2777777777777778,10.803151104671862,1
44,1,0,0,1,0,0,0,0,1,1,1,1,0,0,0,1,0,1,0,1,1,1,1,0,1,0,0,0,0,0,1,0,0,0,1,1,0.2222222222222222,10.010457596878393,1
45,1,0,0,1,0,0,1,0,1,1,1,0,0,0,0,1,1,1,0,1,0,1,1,0,1,1,1,0,0,0,1,0,0,0,1,0,0.25,8.385362054936635,1
46,1,0,0,1,0,0,0,0,0,1,1,0,0,0,0,1,1,1,0,1,0,1,1,1,1,1,1,0,1,0,1,0,0,0,1,0,0.3333333333333333,16.492660596894048,1
47,1,1,0,1,0,0,0,0,1,0,1,0,1,0,0,1,0,1,1,0,1,1,1,0,1,0,0,0,0,0,1,0,0,0,1,0,0.19444444444444445,5.343140477213032,1
48,1,0,0,1,0,0,0,0,1,1,1,0,0,0,0,1,1,1,0,0,1,1,1,0,1,0,1,0,1,0,1,0,0,0,1,1,0.2777777777777778,7.583286423467293,1
49,1,0,0,1,0,0,0,0,1,0,1,1,1,0,0,1,0,1,0,0,1,1,1,0,1,0,1,0,1,0,1,0,0,0,1,1,0.3055555555555556,4.2188454213876,1
50,1,0,0,1,0,1,0,0,1,1,1,0,1,0,0,1,1,1,0,1,0,1,1,0,1,1,1,0,1,0,1,0,0,0,1,0,0.3055555555555556,11.919781289926437,1
51,1,0,0,1,0,0,0,0,1,1,1,0,1,0,0,1,1,1,0,1,0,1,0,1,1,1,0,0,1,0,1,0,0,0,1,1,0.2777777777777778,14.150307605692777,1
52,1,0,0,1,0,1,0,0,0,1,1,0,0,0,0,1,1,1,0,1,0,1,1,0,1,1,1,0,0,0,1,1,0,0,1,0,0.2777777777777778,11.74013716714768,1
53,1,0,0,1,0,1,0,0,1,1,1,0,0,0,0,1,1,1,0,1,0,1,0,0,1,1,1,0,1,0,1,0,0,0,1,1,0.3333333333333333,14.48924478222354,1
54,1,0,0,1,0,0,0,0,0,1,1,0,0,0,0,1,1,1,0,1,0,1,1,0,1,1,1,0,0,0,1,0,0,0,1,1,0.3333333333333333,12.197858121096228,1
55,1,0,0,1,0,0,0,0,1,1,1,0,1,0,0,1,0,1,0,1,0,1,1,0,1,1,1,0,0,0,1,0,0,0,1,1,0.2777777777777778,10.628362246292813,1
56,1,0,0,1,0,1,0,0,0,1,1,0,0,0,0,1,0,1,0,0,0,1,0,1,1,1,0,0,0,0,1,0,0,0,1,0,0.2222222222222222,7.774238115843843,1
57,1,0,0,1,0,0,0,0,0,1,1,0,1,0,0,1,1,1,0,1,0,1,0,1,1,1,1,0,1,0,1,1,0,0,1,1,0.3055555555555556,26.520283108204765,1
58,1,0,0,1,0,1,0,0,1,1,1,0,1,0,0,1,1,1,0,1,0,1,1,0,1,1,1,0,1,0,1,1,0,0,1,1,0.2222222222222222,18.93137039784459,1
59,1,0,0,1,0,0,0,0,0,1,1,0,1,0,0,1,1,1,0,1,0,1,1,0,1,1,0,0,0,0,1,0,0,0,1,1,0.2777777777777778,7.901684969646841,1
60,1,0,0,1,0,1,0,0,0,1,1,0,0,0,0,1,1,1,0,0,0,1,1,0,1,1,0,0,1,0,1,0,0,0,1,1,0.25,8.452962808262722,1
61,1,0,0,1,0,1,0,0,1,0,1,0,1,1,0,1,0,1,1,0,0,1,1,0,1,1,1,0,0,0,1,0,0,0,1,1,0.19444444444444445,6.739545262843127,1
62,1,0,0,1,0,1,0,0,1,1,1,0,0,0,0,1,1,1,1,1,0,1,1,0,1,1,1,0,0,0,1,0,0,0,1,0,0.3333333333333333,11.838826116083345,1
63,1,1,1,1,0,1,0,0,1,0,1,0,1,1,0,1,0,1,0,0,0,1,1,0,1,0,1,0,0,0,1,0,0,0,1,1,0.16666666666666666,20.06994712327009,1
64,1,0,0,1,0,0,0,0,0,0,1,0,0,1,0,1,0,1,0,0,0,1,0,0,1,0,1,0,0,0,1,0,0,0,0,1,0.16666666666666666,4.153511821650703,1
65,0,0,1,0,1,0,1,1,1,0,0,1,1,1,0,0,0,0,1,1,1,0,0,0,0,1,0,1,0,1,0,0,1,0,0,0,0.2222222222222222,11.84524250360105,1
66,1,0,0,1,0,1,0,0,1,1,1,0,0,1,0,1,0,1,0,1,1,1,0,0,1,0,1,0,1,0,1,1,0,0,1,1,0.25,15.303840774232691,1
67,1,0,0,1,0,0,0,0,1,1,1,0,0,0,0,1,0,1,0,0,1,1,1,0,1,1,1,0,0,0,0,1,0,0,1,0,0.25,6.336708420317225,1
68,1,0,0,1,0,1,0,0,1,1,1,0,0,1,0,1,0,1,0,1,0,1,1,0,1,1,1,0,0,0,1,0,0,0,1,1,0.3055555555555556,12.346136222297247,1
69,1,0,0,1,0,0,0,0,1,1,1,0,1,0,0,1,1,1,0,1,0,1,0,1,1,1,1,0,0,0,0,0,0,0,1,1,0.3055555555555556,12.260427102139186,1
70,1,1,0,1,0,0,0,0,0,0,1,0,0,0,0,1,0,1,0,1,0,1,1,0,1,1,1,0,0,0,0,0,0,0,1,1,0.2777777777777778,11.386730325107063,1
71,1,0,0,1,0,0,0,0,1,1,1,0,0,0,0,1,0,1,0,1,0,1,1,0,1,1,1,0,0,0,1,0,0,0,1,1,0.3611111111111111,12.949072664565211,1
72,1,0,0,1,0,0,0,0,1,1,1,0,0,1,0,1,0,1,0,0,1,1,0,0,1,1,0,0,0,0,1,1,0,0,1,1,0.2222222222222222,6.9191230388609695,1
73,1,0,0,1,0,1,0,0,0,1,1,0,0,0,0,1,1,1,0,1,0,1,1,0,1,1,1,0,0,0,0,0,0,1,1,0,0.2777777777777778,11.71872075832623,1
74,1,0,0,1,0,1,1,0,1,0,1,0,0,1,0,1,0,1,0,0,0,1,0,0,1,0,1,0,0,0,1,1,1,0,1,1,0.19444444444444445,8.720977479762109,1
75,1,1,0,1,0,0,0,0,1,0,1,0,0,1,0,1,0,1,1,0,0,1,0,1,1,1,1,0,0,0,1,0,0,0,1,1,0.2222222222222222,8.71405899559809,1
76,1,0,0,1,0,0,0,0,0,1,1,0,0,1,0,1,1,1,0,1,0,1,1,0,1,1,1,0,0,0,1,0,0,0,1,1,0.3333333333333333,9.556468113591881,1
77,1,1,0,1,0,0,0,0,0,1,1,0,0,0,0,1,0,1,0,1,0,1,1,0,1,1,1,0,0,0,0,0,0,0,1,1,0.25,11.65157260895744,1
78,1,0,0,1,0,0,0,0,1,1,1,0,0,0,0,1,0,1,0,1,0,1,1,0,1,1,0,0,0,0,1,0,0,0,1,0,0.3611111111111111,6.525300922929823,1
79,1,0,0,1,0,0,0,0,0,1,1,0,0,0,0,1,1,1,0,1,0,1,1,1,1,1,0,0,1,0,1,0,0,0,1,1,0.3055555555555556,21.18909665374483,1
80,1,1,0,1,0,1,0,0,1,0,1,0,1,0,0,1,1,1,0,0,1,1,0,0,1,0,0,0,0,0,1,0,1,0,1,1,0.16666666666666666,13.243223444349196,1
81,1,0,0,1,0,1,0,0,0,1,1,0,1,0,0,1,0,1,0,1,0,1,1,1,1,1,1,0,0,0,1,0,0,0,1,1,0.25,16.964889410310423,1
82,1,1,0,1,0,0,0,0,1,1,1,0,1,0,0,1,1,1,0,1,0,1,0,1,1,1,0,0,0,0,1,1,0,0,1,1,0.2777777777777778,15.221418381765195,1
83,1,0,0,1,0,0,0,0,0,1,1,1,0,0,0,1,1,1,0,0,0,1,1,0,1,1,1,0,1,0,0,0,0,0,1,0,0.2777777777777778,7.82683961522672,1
84,1,0,0,1,0,0,0,0,1,1,1,0,1,0,0,1,1,1,0,1,1,1,1,0,1,1,1,0,0,0,1,0,0,0,1,1,0.3611111111111111,11.453817431993421,1
85,1,0,0,1,0,1,0,0,1,1,1,0,0,0,0,1,1,1,1,1,0,1,0,0,1,1,1,0,0,0,1,0,0,0,1,0,0.3055555555555556,11.620280449630025,1
86,0,1,0,1,0,0,0,0,1,0,1,0,1,0,0,1,0,1,1,0,1,1,0,0,1,0,0,0,0,0,1,0,1,0,1,1,0.16666666666666666,3.9903852511797564,1
87,1,1,0,1,0,0,0,0,1,0,1,1,1,0,0,1,0,1,1,0,0,1,0,0,1,1,0,0,0,0,1,1,0,0,1,1,0.2222222222222222,6.741023124292862,1
88,1,0,0,1,0,0,0,0,0,1,1,0,0,0,0,1,0,1,0,1,0,1,1,0,1,1,0,0,1,0,1,0,0,0,1,1,0.3055555555555556,14.098843520507724,1
89,1,0,0,1,0,1,0,0,1,1,1,0,0,0,0,1,0,1,0,0,1,1,0,0,1,0,0,0,0,0,1,0,1,0,1,0,0.25,12.089689977944937,1
90,1,0,0,1,0,0,0,0,1,0,1,0,1,1,0,1,0,1,0,0,1,1,0,0,0,0,1,0,0,0,1,0,1,0,1,1,0.2222222222222222,4.650821232889996,1
91,1,1,0,1,0,1,0,0,1,1,1,0,0,0,0,1,1,1,0,1,0,1,1,0,1,1,1,0,0,0,1,0,0,0,1,1,0.3055555555555556,16.226265120540894,1
92,1,0,0,1,0,0,1,0,1,0,1,0,0,0,0,1,0,1,0,0,0,1,1,0,1,0,0,0,0,0,1,0,0,0,1,1,0.2777777777777778,3.0740458541544635,1
93,0,0,1,0,1,0,1,1,0,0,0,1,1,1,1,0,0,0,1,0,1,0,1,0,0,1,0,1,0,1,0,0,0,0,0,0,0.25,7.6932246370594175,1
94,1,0,0,1,0,0,0,0,0,1,1,0,0,0,0,1,1,1,0,1,1,1,0,0,1,1,1,0,1,0,1,1,0,0,1,0,0.3055555555555556,14.143681770541722,1
95,0,1,1,0,1,0,1,1,0,0,0,0,1,1,1,0,0,0,1,1,0,0,0,0,0,0,0,1,0,1,1,0,0,1,0,0,0.2222222222222222,15.799423914658956,1
96,1,1,0,1,0,0,0,0,1,0,1,0,0,0,0,1,0,1,0,0,1,1,1,0,0,0,1,0,0,0,1,0,0,0,1,1,0.3055555555555556,5.271931176179575,1
97,1,0,0,1,0,0,0,0,1,0,1,0,1,0,0,1,0,1,0,0,1,1,1,0,0,0,1,0,0,0,1,0,1,0,1,0,0.25,1.397844079212374,1
98,0,1,1,0,1,0,0,1,1,0,0,1,1,1,0,0,0,0,0,0,1,0,0,0,0,1,0,1,0,1,0,0,0,0,0,1,0.19444444444444445,7.6258556452243065,1
99,1,0,0,1,0,0,0,0,0,1,1,0,0,0,0,1,1,1,0,1,0,1,1,1,1,1,1,0,0,0,1,0,0,1,1,0,0.3888888888888889,20.918103779461248,1
