,0,1,2,3,4,5,6,7,8,9,10,11,12,13,14,15,16,17,18,19,20,21,22,23,24,25,26,27,28,29,30,31,32,33,34,35,36,37,38,39,40,41,42,43,44,45,46,47,48,49,50,51,52,53,chain_break_fraction,energy,num_occurrences
0,0,0,0,1,0,0,0,1,0,1,0,1,0,0,1,0,0,1,0,1,1,1,1,0,1,0,0,1,1,0,0,0,0,1,0,1,0,0,1,1,0,1,0,1,1,0,1,0,0,0,0,0,0,1,0.2777777777777778,305.58494961300215,1
1,0,0,0,1,0,0,0,1,0,1,0,0,0,0,1,0,0,1,0,1,1,1,1,0,1,0,0,0,1,0,1,0,0,1,0,1,1,0,1,0,0,1,0,0,1,0,1,0,1,0,0,0,0,1,0.25925925925925924,306.5252927120848,1
2,0,0,1,1,0,0,0,1,0,1,0,0,0,0,1,0,0,1,0,0,1,1,1,0,1,0,0,1,1,0,0,0,0,1,0,1,0,0,1,0,0,1,0,0,1,0,1,0,0,0,0,0,0,1,0.2777777777777778,260.75776687820974,1
3,0,0,0,1,0,0,0,0,0,1,0,1,0,0,1,0,0,1,0,1,1,1,1,0,1,0,0,1,1,0,0,0,0,1,0,1,0,0,1,0,0,1,0,1,1,0,1,0,0,0,0,0,0,1,0.3333333333333333,298.9648773207666,1
4,0,0,0,1,0,0,0,1,0,1,1,0,0,0,1,0,0,1,0,0,1,0,1,0,1,0,0,0,1,0,0,0,0,1,0,1,1,0,1,0,0,1,1,0,1,0,1,0,0,0,0,0,0,1,0.2962962962962963,307.1056000686329,1
5,0,0,0,1,0,0,0,1,0,1,0,1,0,0,1,0,0,1,0,0,1,0,1,0,1,0,0,0,1,0,0,0,0,0,0,1,0,0,1,1,0,1,0,0,1,0,1,0,1,0,0,0,0,1,0.2777777777777778,292.65120801006725,1
6,0,0,0,1,0,0,0,1,0,1,0,0,0,0,1,0,0,1,0,1,1,0,1,0,1,0,0,0,1,0,1,0,0,1,0,1,0,0,1,0,0,1,1,0,1,0,1,0,0,0,1,0,0,1,0.2777777777777778,421.93376484294714,1
7,0,0,0,1,0,0,0,1,0,1,0,1,0,0,1,0,1,1,0,0,1,0,1,0,1,0,0,1,1,0,0,0,0,0,0,1,0,0,1,0,0,1,0,0,1,0,1,0,1,0,0,0,0,1,0.2777777777777778,289.1219992515834,1
8,0,0,1,1,0,0,0,1,0,1,0,1,0,0,1,1,0,1,0,1,1,1,1,0,1,0,0,0,1,0,0,0,0,1,0,1,1,0,1,1,0,1,0,1,1,0,1,0,0,0,0,0,0,1,0.2777777777777778,308.87166155014245,1
9,0,0,0,1,0,0,0,1,0,1,0,0,0,0,1,0,0,1,0,0,1,1,1,0,1,0,0,0,1,0,0,0,0,1,0,0,0,0,1,0,0,1,0,0,1,0,1,0,0,0,1,0,0,1,0.2962962962962963,291.2701077313588,1
10,0,0,0,1,0,0,0,1,0,1,0,1,0,0,1,0,0,1,0,0,1,1,1,0,1,0,0,1,1,0,0,0,0,0,0,1,0,0,1,0,0,1,0,1,1,0,1,0,1,0,0,0,0,1,0.2777777777777778,312.47472165494685,1
11,0,0,0,1,0,0,0,1,0,1,0,1,0,0,1,0,0,1,0,0,1,1,1,0,1,0,0,0,1,0,0,0,0,1,0,1,0,0,1,0,0,1,0,0,1,0,1,0,1,0,0,1,0,1,0.3148148148148148,299.35325703154587,1
12,0,0,0,1,0,0,0,1,0,0,0,1,0,0,1,0,1,1,0,0,1,1,1,0,1,0,0,1,1,0,0,0,0,1,0,1,0,0,1,1,0,1,0,0,1,0,1,0,1,0,0,0,0,1,0.3148148148148148,311.5169980763145,1
13,1,0,1,1,0,0,0,1,0,1,0,1,0,0,1,0,0,1,0,0,1,1,1,0,1,0,0,0,1,0,1,0,0,1,0,1,0,0,1,0,0,1,0,1,1,0,1,0,1,0,0,0,0,1,0.25925925925925924,298.35428911237744,1
14,0,1,0,1,0,0,0,1,0,0,1,1,0,0,1,0,1,1,0,0,1,1,1,0,1,0,0,0,1,0,1,0,0,1,0,1,0,0,1,0,0,1,0,0,1,0,1,0,1,0,0,0,0,1,0.3148148148148148,301.9766343273017,1
15,0,0,0,1,0,0,0,1,0,1,0,1,0,0,1,0,0,1,0,0,1,1,1,0,1,0,0,0,1,0,0,0,0,1,0,1,0,0,1,1,0,1,0,0,1,0,1,0,1,0,0,0,0,1,0.3148148148148148,299.40019572589506,1
16,1,1,1,0,1,1,1,0,1,0,1,0,0,1,0,1,1,0,1,1,0,0,0,1,0,1,1,0,0,1,1,1,1,0,1,0,0,1,0,0,1,0,1,0,0,1,0,1,1,1,1,1,0,0,0.3148148148148148,368.7978131871293,1
17,0,0,0,1,0,0,1,1,0,1,0,0,0,0,1,0,0,1,0,0,1,1,1,0,1,0,0,1,1,0,0,0,0,1,0,1,0,0,1,0,0,1,0,0,1,0,1,0,0,0,0,1,0,1,0.2777777777777778,305.48556133938143,1
18,1,0,1,1,0,0,0,1,0,1,0,0,0,0,1,0,0,1,0,0,1,1,1,0,1,0,0,0,1,0,0,0,0,1,0,1,1,0,1,0,0,1,1,0,1,0,1,0,0,0,0,0,0,1,0.25925925925925924,265.931740680653,1
19,0,0,1,1,0,0,0,1,0,1,0,1,0,0,1,0,0,1,0,0,1,0,1,0,1,0,0,0,1,0,0,0,0,1,0,1,0,0,1,0,0,1,0,0,1,0,1,0,1,0,0,0,0,1,0.2777777777777778,285.2610569304387,1
20,0,0,1,1,0,0,0,0,0,1,0,1,0,0,1,0,0,1,0,1,1,1,1,0,1,0,0,0,1,0,1,0,0,1,0,1,0,0,1,0,0,1,0,0,1,0,1,0,1,0,0,0,0,1,0.2777777777777778,281.007515064434,1
21,0,0,0,1,0,0,0,1,0,1,1,0,1,0,1,0,0,1,1,0,1,0,1,0,1,0,0,0,1,0,0,0,0,0,0,1,0,0,1,0,0,1,0,1,1,0,1,0,0,0,0,0,0,1,0.24074074074074073,267.28584584605994,1
22,1,0,1,1,0,0,0,1,0,1,0,0,0,0,1,0,0,1,0,0,1,1,1,0,1,0,0,0,1,0,0,0,0,1,0,1,1,0,1,0,0,1,0,0,1,0,1,0,0,0,0,0,0,1,0.3333333333333333,258.19248365475937,1
23,0,0,0,1,0,0,0,1,0,1,0,1,0,0,1,0,0,1,0,1,1,0,1,0,1,0,0,0,1,0,0,0,0,1,0,1,0,0,1,0,1,1,0,1,1,0,1,0,0,0,0,0,0,1,0.3148148148148148,318.03277618280634,1
24,1,1,1,0,1,1,1,0,1,0,1,1,0,1,0,1,0,0,1,1,0,0,0,1,0,1,1,0,0,1,1,1,1,0,1,0,0,1,0,1,1,0,1,1,0,1,0,1,1,1,0,1,1,0,0.3148148148148148,401.66204167577314,1
25,1,1,0,0,1,1,1,0,1,0,0,0,1,1,0,1,0,0,1,1,0,1,0,1,0,1,1,0,0,1,1,1,1,0,1,0,0,1,0,0,1,0,1,1,0,1,0,1,1,1,1,1,1,0,0.2962962962962963,331.8289390402371,1
26,0,0,0,1,0,0,0,1,0,1,1,1,0,0,1,0,0,1,0,1,1,1,1,0,1,0,0,0,1,0,1,0,0,1,0,1,0,0,1,1,0,1,0,1,1,0,1,0,0,0,0,0,0,1,0.3333333333333333,306.47437400877504,1
27,0,0,1,1,0,0,0,1,0,1,0,1,0,0,1,0,0,1,0,0,1,0,1,0,1,0,0,0,1,0,0,0,0,0,0,1,1,0,1,0,0,1,0,0,1,1,1,0,1,0,0,0,0,1,0.24074074074074073,292.79356120947403,1
28,1,0,0,1,0,0,0,1,0,0,1,1,0,0,1,0,0,1,0,1,1,0,1,0,1,0,0,0,1,0,0,0,0,0,0,1,1,0,1,1,0,1,0,0,1,0,1,0,0,0,0,0,0,1,0.2962962962962963,283.1583678064595,1
29,0,0,1,1,0,0,0,1,0,1,0,0,0,0,1,0,0,1,0,0,1,0,1,0,1,0,0,0,1,0,0,0,0,0,0,1,0,0,1,0,0,1,0,0,1,0,1,0,1,0,0,0,0,1,0.2962962962962963,258.44240414320666,1
30,0,0,0,1,0,0,0,1,0,1,1,1,0,0,1,0,1,1,0,1,1,1,1,0,1,0,0,0,1,0,0,0,0,0,0,1,1,0,1,0,0,1,0,1,1,0,1,0,1,0,0,0,0,1,0.2962962962962963,315.84015564854457,1
31,0,1,1,1,0,0,0,1,0,1,0,1,1,0,1,0,0,1,0,0,1,1,1,0,1,0,0,0,1,0,1,0,0,1,0,1,0,0,1,1,0,1,0,0,1,0,1,0,0,0,0,0,0,1,0.3148148148148148,312.1599765882371,1
32,0,0,0,1,0,0,0,0,0,1,0,1,0,0,1,0,1,1,0,1,1,1,1,0,1,0,0,0,1,0,0,0,0,1,0,1,0,0,1,0,0,0,0,0,1,0,1,0,1,0,0,0,0,1,0.37037037037037035,257.0554428629855,1
33,0,0,0,1,0,0,0,1,0,1,0,1,0,0,1,0,0,1,0,0,1,0,1,0,1,0,0,0,1,0,0,0,0,1,0,1,0,0,1,1,0,1,0,0,1,0,1,0,1,0,0,0,0,1,0.37037037037037035,306.22358728052865,1
34,0,0,1,1,0,0,0,1,0,1,0,0,1,0,1,0,0,1,0,1,1,0,1,0,1,0,0,1,1,0,0,0,0,1,0,1,1,0,1,0,0,1,0,0,1,0,1,0,0,0,0,0,0,1,0.3148148148148148,261.04083924064156,1
35,0,0,0,1,0,0,0,1,0,0,0,0,0,0,1,0,0,1,0,1,1,0,1,0,1,0,0,1,1,0,1,0,0,0,0,1,0,0,1,0,0,1,0,1,1,0,1,0,0,0,0,0,0,1,0.24074074074074073,335.98682894534426,1
36,0,0,1,1,0,0,0,1,0,1,0,0,1,0,1,0,1,1,0,0,1,0,1,0,1,0,0,1,1,0,0,0,0,1,0,1,1,0,1,0,0,1,0,1,1,0,1,0,0,0,0,1,0,1,0.3148148148148148,310.76091208466187,1
37,0,0,0,1,0,0,0,1,0,1,0,1,0,0,1,0,0,1,0,0,1,1,1,0,1,0,0,1,1,0,0,0,0,1,0,1,1,0,1,0,0,1,1,0,1,0,1,0,1,0,0,0,0,1,0.2962962962962963,328.31157821256676,1
38,1,1,1,0,1,1,1,0,1,0,0,0,1,1,0,0,0,0,1,1,0,0,0,1,0,1,1,1,0,1,1,1,1,0,1,0,1,1,0,0,1,0,1,0,0,0,0,1,1,1,1,0,1,0,0.3148148148148148,303.88793090634783,1
39,0,1,0,1,0,0,0,1,0,1,1,0,0,0,1,1,0,1,0,0,1,1,1,0,1,0,0,0,1,0,0,0,0,1,0,1,1,0,1,0,0,1,0,1,1,0,1,0,0,0,0,1,0,1,0.3148148148148148,298.13187970409024,1
40,0,0,0,1,0,0,0,1,0,1,0,1,0,0,1,0,0,1,0,0,1,0,1,0,1,1,0,0,1,0,0,0,0,1,0,1,0,0,1,0,0,1,0,0,1,0,1,0,1,0,0,0,0,1,0.2962962962962963,282.8052062431347,1
41,1,1,0,0,1,1,0,0,1,0,1,0,0,1,0,1,1,0,1,1,0,0,0,1,0,1,1,1,0,1,1,1,1,0,1,0,1,1,0,0,1,0,1,1,0,1,0,1,1,1,1,0,1,0,0.3333333333333333,348.9603481629457,1
42,0,1,0,1,0,0,0,1,0,1,0,1,0,0,1,0,1,1,0,0,1,0,1,0,1,0,0,0,1,0,0,0,0,1,0,1,0,0,1,0,0,1,1,0,1,0,1,0,1,0,0,0,0,1,0.2777777777777778,287.63349797027456,1
43,0,0,0,1,0,0,0,1,0,1,0,0,0,0,1,0,0,1,0,1,1,1,1,0,1,0,0,1,1,0,0,0,0,1,0,1,1,0,1,0,0,1,0,0,1,0,1,0,0,0,0,0,0,1,0.3888888888888889,286.1062331258295,1
44,0,0,0,1,0,0,0,1,0,0,0,1,0,0,1,0,0,1,0,0,1,0,1,0,1,0,0,1,1,0,0,0,0,1,0,1,0,0,1,0,0,1,0,0,1,0,1,0,0,0,0,0,0,1,0.3333333333333333,293.8196879127007,1
45,1,1,0,0,1,1,1,0,1,0,1,0,0,1,0,1,0,0,1,1,0,0,0,1,0,1,1,0,0,1,1,1,1,0,1,0,0,1,0,0,1,0,1,1,0,1,0,1,1,1,1,1,1,0,0.35185185185185186,335.7467273319197,1
46,0,0,1,1,0,0,0,1,0,1,0,0,0,1,1,0,0,1,0,0,1,1,1,0,1,0,0,0,1,0,0,0,0,1,0,1,0,0,1,0,0,1,0,0,1,0,1,0,1,0,0,0,0,1,0.25925925925925924,267.13256720605983,1
47,1,1,1,0,1,1,1,0,1,0,0,0,1,1,0,1,1,0,1,1,0,0,0,1,0,0,1,0,0,1,1,1,1,0,1,0,1,1,0,0,1,0,1,1,0,1,0,1,0,1,1,1,1,0,0.35185185185185186,323.26178888043114,1
48,0,0,0,1,0,0,0,1,0,1,0,1,0,0,1,0,0,1,0,0,1,1,1,0,1,0,0,1,1,0,0,0,0,1,0,1,0,0,1,0,0,1,0,1,1,0,1,0,1,0,0,1,0,1,0.3148148148148148,350.905232709093,1
49,1,1,1,0,1,1,1,0,1,0,0,0,0,1,0,1,1,0,1,1,0,0,0,1,0,1,1,0,0,1,1,1,1,0,1,0,0,1,0,0,1,0,0,1,0,1,0,1,1,1,1,0,1,0,0.3333333333333333,327.3115952436332,1
50,0,0,0,1,0,0,0,1,0,0,1,0,0,0,1,1,0,1,0,1,1,0,1,0,1,0,0,1,1,0,0,0,0,1,0,1,0,0,1,1,0,1,0,0,1,1,1,0,0,0,0,1,0,1,0.2777777777777778,320.4340413842908,1
51,0,0,0,1,0,0,0,1,0,1,1,0,0,0,1,0,0,1,0,0,1,0,1,0,1,0,0,1,1,0,0,0,0,1,0,1,0,0,1,0,0,1,0,0,1,0,1,0,0,0,0,0,0,1,0.35185185185185186,287.4326456188356,1
52,0,0,0,1,0,0,0,1,0,0,0,0,0,0,1,0,0,1,0,1,1,0,1,0,1,0,0,1,1,0,0,0,0,1,0,1,1,0,1,1,0,1,0,0,1,0,1,0,0,0,0,0,0,1,0.2962962962962963,339.3266984969089,1
53,1,1,0,0,1,1,1,0,1,0,1,0,0,1,0,1,0,0,1,1,0,0,0,1,0,1,1,0,0,1,1,1,1,0,1,0,0,1,0,0,1,0,1,1,0,0,0,1,1,1,1,1,1,0,0.35185185185185186,322.0029310332581,1
54,1,1,0,0,1,1,1,0,1,0,1,0,0,1,0,1,1,0,1,1,0,0,0,1,0,1,1,0,0,1,0,1,1,0,1,0,1,1,0,1,1,0,1,0,0,1,0,1,1,1,1,1,1,0,0.3148148148148148,332.1133931850053,1
55,0,0,0,1,0,0,1,0,0,1,0,1,1,0,1,1,0,1,0,1,1,0,1,0,1,0,0,0,1,0,0,0,0,1,0,1,1,0,1,0,0,1,0,1,1,1,1,0,0,0,0,0,0,1,0.3148148148148148,302.46845614123254,1
56,0,0,0,1,0,0,0,0,0,1,1,0,0,0,1,0,0,1,0,1,1,0,1,0,1,0,0,1,1,0,1,0,0,0,0,1,0,0,1,0,0,1,0,1,1,0,1,0,1,0,0,0,0,1,0.2962962962962963,344.7536179165281,1
57,1,1,1,1,1,1,1,0,1,0,1,1,1,1,0,1,1,0,1,1,0,1,0,1,0,1,1,0,0,1,1,1,1,0,1,0,1,1,0,1,1,0,1,1,0,0,0,1,1,1,1,1,1,0,0.2777777777777778,483.8113656882342,1
58,0,0,1,1,0,0,0,1,0,0,0,1,0,0,1,0,1,1,0,1,1,0,1,0,1,0,0,0,1,0,0,0,0,1,0,1,0,0,1,1,0,1,0,0,1,1,1,0,0,0,0,1,0,1,0.2962962962962963,305.80947189963985,1
59,1,1,1,0,1,1,1,0,1,0,0,1,0,1,0,1,1,0,1,1,0,1,0,1,0,1,1,1,0,1,1,0,1,0,1,0,0,1,0,0,1,0,1,1,0,1,0,1,1,1,0,1,1,0,0.2962962962962963,462.1671261995418,1
60,0,0,1,0,0,0,0,1,0,1,0,0,0,0,1,0,0,1,0,1,1,1,1,0,1,0,0,0,1,0,1,0,0,1,0,1,1,0,1,1,0,1,0,0,1,0,1,0,0,0,0,0,0,1,0.2777777777777778,278.8386363529376,1
61,0,1,1,1,0,0,0,1,0,1,0,0,0,0,1,0,0,1,0,0,1,1,1,0,1,0,0,0,1,0,0,0,0,1,0,1,0,0,1,1,0,1,0,0,1,0,1,0,0,0,0,1,0,1,0.2962962962962963,266.6247642140758,1
62,1,1,1,0,1,1,1,0,1,0,1,0,0,1,0,0,1,0,1,1,0,0,0,1,0,1,1,0,0,1,1,1,1,0,1,0,0,1,0,1,1,0,1,0,0,1,0,1,1,1,1,1,1,0,0.3333333333333333,338.1963534145578,1
63,0,0,1,1,0,0,0,1,0,1,0,1,1,0,1,0,0,1,0,1,1,1,1,0,1,0,0,1,1,0,1,0,0,1,0,1,0,0,1,0,0,1,0,1,1,0,1,0,1,0,0,1,0,1,0.2777777777777778,310.34915051606487,1
64,1,1,1,0,1,1,1,0,1,0,0,0,1,1,0,0,1,0,1,1,0,1,0,1,0,1,1,0,0,1,0,1,1,0,1,0,0,1,0,1,1,0,1,1,0,0,0,1,1,1,1,0,1,0,0.3333333333333333,340.0894330790285,1
65,1,0,0,1,0,0,0,1,0,1,0,1,0,0,1,0,1,1,0,1,1,0,1,0,1,0,0,0,1,0,0,0,0,1,0,1,0,0,1,1,0,1,0,1,1,0,1,0,1,0,0,0,0,1,0.3148148148148148,300.56154461323257,1
66,0,1,0,1,0,0,0,1,0,1,0,1,0,0,1,0,0,1,0,1,1,0,1,0,1,0,0,0,1,0,1,0,0,1,0,0,1,0,1,0,0,1,0,0,1,0,1,0,1,0,0,0,0,1,0.3333333333333333,260.97998971080665,1
67,0,0,1,1,0,0,0,1,0,1,0,1,0,0,1,0,0,1,0,1,1,0,1,0,1,0,0,1,1,0,0,0,0,1,0,1,0,0,1,0,0,1,1,1,1,0,1,0,1,0,0,0,0,1,0.3333333333333333,300.1502284258118,1
68,1,1,1,0,1,1,1,0,1,0,0,1,1,1,0,1,0,0,1,1,0,0,0,1,0,1,1,1,0,1,1,1,1,0,1,0,0,1,0,1,0,0,1,1,0,1,0,1,0,1,1,1,1,0,0.37037037037037035,366.09758952989273,1
69,0,0,0,1,0,0,0,1,0,1,1,1,0,0,1,0,1,1,0,1,1,1,1,0,1,0,0,1,1,0,0,0,0,1,0,1,0,0,1,0,0,1,0,1,1,0,1,0,1,0,0,0,0,1,0.25925925925925924,315.152932563319,1
70,0,0,1,1,0,0,0,1,0,1,0,1,1,0,1,0,0,1,0,1,1,1,1,0,1,0,0,0,1,0,0,0,0,1,0,1,0,0,1,0,0,1,0,0,1,1,1,0,1,0,0,0,0,1,0.3333333333333333,311.51513965843145,1
71,0,0,1,1,0,0,0,1,0,1,0,1,1,0,1,0,0,1,0,0,1,0,1,0,1,0,0,0,1,0,1,0,0,1,0,1,0,0,1,0,0,1,0,0,1,0,1,0,1,0,0,0,0,1,0.3333333333333333,291.2736623885786,1
72,0,0,0,1,0,0,0,1,0,1,1,0,0,0,1,0,0,1,0,0,1,0,1,0,1,0,0,1,1,0,1,0,0,1,0,1,1,0,1,0,0,1,0,0,1,0,1,0,0,0,0,0,0,1,0.3148148148148148,329.8622326391813,1
73,0,1,0,0,1,1,1,0,1,0,0,0,0,1,0,0,1,0,1,1,0,0,0,1,0,1,1,0,0,1,1,1,1,0,1,0,0,1,0,0,0,0,1,1,0,0,0,1,1,1,1,0,1,0,0.3148148148148148,295.7787898505655,1
74,1,1,0,0,1,1,1,0,1,0,1,0,0,1,0,0,1,0,1,1,0,0,0,1,0,1,1,1,0,1,1,1,1,0,1,0,0,1,0,0,1,0,1,0,0,1,0,1,1,1,1,1,1,0,0.2962962962962963,324.1754200221762,1
75,1,0,0,1,0,0,0,1,0,0,1,0,0,0,1,0,0,1,0,1,1,0,1,0,1,0,0,0,1,0,0,0,0,1,0,1,0,0,1,0,0,1,0,1,1,0,1,0,0,0,0,0,0,1,0.3148148148148148,272.9606981507187,1
76,0,1,0,0,1,1,1,0,1,0,0,0,1,0,0,1,0,0,1,1,0,0,0,1,0,1,1,0,0,1,1,1,1,0,1,0,0,1,0,0,1,0,1,0,0,1,0,1,1,1,1,1,1,0,0.37037037037037035,337.36800610520856,1
77,1,1,1,1,1,1,1,0,1,0,0,0,0,1,0,1,1,0,1,1,0,0,0,1,0,1,1,0,0,1,0,1,1,0,1,0,1,1,0,1,1,0,1,0,0,0,0,1,1,1,1,0,1,0,0.2962962962962963,346.49096369274747,1
78,0,0,0,1,0,0,0,1,0,1,0,1,0,0,1,0,0,1,0,0,1,0,1,0,1,0,0,1,1,0,1,0,0,0,0,1,1,0,1,0,0,0,0,0,1,0,1,0,1,0,0,0,0,1,0.3333333333333333,244.76340874168972,1
79,0,0,0,1,0,0,0,1,0,1,1,1,0,0,1,0,0,1,0,0,1,0,1,0,1,0,0,0,1,0,0,0,0,1,0,1,1,0,1,0,0,1,0,0,1,0,1,0,1,0,0,0,0,1,0.37037037037037035,300.7414045244397,1
80,1,1,0,0,1,1,1,0,1,0,1,0,1,1,0,1,0,0,1,1,0,0,0,1,0,1,1,0,0,1,1,1,1,0,1,0,0,1,0,1,1,0,1,0,0,0,0,1,1,1,1,1,1,0,0.37037037037037035,313.2897649659464,1
81,1,1,1,0,1,1,1,0,1,0,0,0,1,1,0,0,0,0,1,1,0,1,0,1,0,1,1,1,0,1,1,1,1,0,1,0,0,1,0,1,1,0,1,0,0,0,0,1,1,1,1,1,1,0,0.35185185185185186,313.99316341619993,1
82,0,0,0,1,0,0,0,1,0,0,1,1,0,0,1,0,0,1,0,1,1,1,1,0,1,0,0,0,1,0,0,0,0,1,0,1,0,0,1,0,0,1,0,0,1,0,1,0,1,0,0,1,0,1,0.3333333333333333,292.3270825603699,1
83,0,0,1,1,0,0,1,1,0,1,0,1,0,0,1,0,0,1,0,0,1,0,1,0,1,0,0,0,1,0,1,0,0,0,0,1,1,0,1,1,0,1,0,0,1,0,1,0,1,0,0,0,0,1,0.3148148148148148,300.66921998854554,1
84,0,0,0,0,0,0,0,1,0,1,0,0,0,0,1,0,1,1,0,0,1,1,1,0,1,0,0,0,1,0,1,0,0,1,0,1,0,0,1,1,0,1,0,0,1,0,1,0,0,0,0,1,0,1,0.2777777777777778,339.9052013456656,1
85,1,1,1,0,1,1,0,0,1,0,0,0,0,1,0,1,1,0,1,1,0,0,0,1,0,1,1,1,0,1,1,1,1,0,1,0,0,1,0,1,1,0,1,1,0,0,0,1,1,1,1,1,1,0,0.35185185185185186,332.461276055081,1
86,0,1,1,1,0,0,0,1,0,1,0,1,0,0,1,0,0,1,0,0,1,0,1,0,0,0,0,0,1,0,0,0,0,0,0,1,0,0,1,1,0,1,0,1,1,0,1,0,1,0,0,1,0,1,0.25925925925925924,307.55784441520404,1
87,0,0,0,1,0,0,0,1,0,1,1,0,0,0,1,1,0,1,0,1,1,0,1,0,1,0,0,0,1,0,0,0,0,1,0,1,1,0,1,0,0,1,0,1,1,0,1,0,1,0,0,0,0,1,0.3148148148148148,306.56281028143684,1
88,1,1,1,0,1,1,1,0,1,0,1,0,0,1,0,1,1,0,1,1,0,0,0,1,0,1,1,0,0,1,1,1,1,0,1,0,0,1,0,1,1,0,1,1,0,0,0,1,1,1,1,0,1,0,0.2962962962962963,349.0610853944758,1
89,1,1,0,1,1,1,0,0,1,0,1,0,1,1,0,1,0,0,1,1,0,1,0,1,0,1,1,0,0,1,1,1,1,0,1,0,0,1,0,0,1,0,1,1,0,0,0,1,1,1,1,1,1,0,0.3333333333333333,319.1374601478103,1
90,1,1,1,0,1,1,1,0,1,0,0,0,1,1,0,1,0,0,1,1,0,1,0,1,0,1,1,1,0,1,1,1,1,0,1,0,0,1,0,1,1,0,0,1,0,0,0,1,0,1,1,1,1,0,0.3333333333333333,320.43066384668407,1
91,0,0,0,1,0,0,0,1,0,1,0,1,0,0,1,0,0,1,0,1,1,1,1,0,1,0,0,1,1,0,0,0,0,1,0,1,0,0,1,0,0,1,0,0,1,0,1,0,1,0,0,0,0,1,0.2962962962962963,284.30632798608195,1
92,1,1,0,0,1,1,1,0,1,0,1,0,0,1,0,0,1,0,1,1,0,1,0,1,0,1,1,0,0,1,0,1,1,0,1,0,0,1,0,1,1,0,1,0,0,0,0,1,1,1,1,1,1,0,0.35185185185185186,322.11385995146065,1
93,1,1,1,0,1,1,1,0,1,0,0,0,0,1,0,0,1,0,1,1,0,0,0,1,0,1,1,0,0,1,1,1,1,0,1,0,0,1,0,0,1,0,1,0,0,0,0,1,1,1,1,1,1,0,0.3888888888888889,316.8980174391897,1
94,0,1,0,0,1,1,0,0,1,0,0,1,0,1,0,1,1,0,1,1,0,0,0,1,0,1,1,0,0,1,0,1,1,0,1,0,0,1,0,0,1,0,1,0,0,1,0,1,1,1,1,1,1,0,0.35185185185185186,343.99832389059793,1
95,1,0,1,1,0,0,0,1,0,0,0,0,0,0,1,0,0,1,1,0,1,0,1,0,1,0,0,1,1,0,0,0,0,1,0,1,1,0,1,0,0,0,1,0,1,1,1,0,0,0,0,0,0,1,0.25925925925925924,221.123681981324,1
96,0,0,0,1,0,0,0,1,0,1,0,0,1,0,1,0,0,1,0,0,1,0,1,0,1,0,0,1,1,0,1,0,0,0,0,1,1,0,1,1,0,1,0,0,1,0,1,0,0,0,0,0,0,1,0.2962962962962963,345.84096638818073,1
97,0,1,0,1,1,1,1,0,1,0,1,0,0,1,0,0,0,0,1,1,0,0,0,1,0,1,1,0,0,1,1,1,1,0,1,0,0,1,0,0,1,0,1,1,0,1,0,1,0,1,1,1,1,0,0.4074074074074074,331.2824490411548,1
98,0,0,0,1,0,0,0,1,0,1,0,1,0,0,1,0,0,1,0,1,1,1,1,0,1,0,0,0,1,0,0,0,0,1,0,1,1,0,1,1,0,1,1,0,1,0,1,0,1,0,0,0,0,1,0.35185185185185186,307.1021408237759,1
99,1,1,1,0,1,1,0,0,1,0,0,1,0,1,0,1,1,0,1,1,0,1,0,1,0,1,1,1,0,1,1,1,1,0,1,0,1,1,0,0,1,0,1,1,0,0,0,1,1,1,0,1,1,0,0.4074074074074074,396.90796264290424,1
