,0,1,2,3,4,5,6,7,8,9,10,11,12,13,14,15,16,17,18,19,20,21,22,23,24,25,26,27,28,29,30,31,32,33,34,35,36,37,38,39,40,41,42,43,44,45,46,47,48,49,50,51,52,53,chain_break_fraction,energy,num_occurrences
0,1,1,1,1,0,0,0,1,0,0,1,0,1,0,0,0,0,0,1,1,0,0,1,0,0,1,1,1,1,1,0,0,0,0,1,1,0,1,1,0,0,0,0,0,0,1,1,1,1,1,0,0,0,0,0.2777777777777778,325.51489126580265,1
1,1,1,1,1,0,0,0,1,0,0,1,0,1,0,0,0,0,0,1,1,0,0,1,0,0,1,1,1,1,1,0,0,0,0,1,1,0,1,1,0,0,0,0,0,0,1,1,1,1,1,0,0,0,0,0.2962962962962963,325.51489126580265,1
2,1,1,0,1,0,0,0,1,0,0,1,0,1,0,1,0,0,0,1,1,0,0,1,0,0,1,1,1,0,1,0,0,0,0,1,1,0,1,1,0,0,0,0,0,0,1,1,1,1,1,0,0,0,0,0.2222222222222222,269.6382038119583,1
3,1,1,1,1,0,0,0,1,0,0,1,0,1,0,0,0,0,0,1,1,0,0,1,0,0,1,1,1,1,1,0,0,0,0,1,1,0,1,1,0,0,0,0,0,0,1,1,1,1,1,0,0,0,0,0.2962962962962963,325.51489126580265,1
4,1,1,1,1,0,0,0,1,0,0,1,0,1,0,1,0,0,0,1,1,0,0,1,0,0,1,1,1,1,1,0,0,0,0,1,1,0,1,1,0,0,0,0,0,0,1,1,1,1,1,0,0,0,0,0.2962962962962963,312.31101699877115,1
5,1,1,1,1,0,0,1,1,0,0,1,0,1,0,0,0,0,0,1,1,0,0,1,0,1,1,1,1,1,1,0,0,0,0,1,1,0,1,1,0,0,0,0,0,0,1,1,1,1,1,0,0,0,0,0.3148148148148148,311.5704112346344,1
6,1,1,1,1,0,0,0,1,0,0,1,0,1,0,1,0,0,0,0,1,0,0,1,0,0,1,1,1,1,1,0,0,0,0,1,1,0,1,1,0,0,0,0,0,0,1,1,1,1,1,0,0,0,0,0.2777777777777778,312.6047820066242,1
7,1,1,0,1,0,0,1,1,0,0,1,0,1,0,1,0,0,0,1,1,0,0,1,0,0,1,1,1,1,1,0,0,0,0,1,1,0,1,1,0,0,0,0,0,0,1,1,1,1,1,0,0,0,0,0.3148148148148148,302.4658818271006,1
8,1,1,0,1,0,0,1,1,0,0,1,0,1,0,0,0,0,1,1,1,0,0,1,0,0,1,1,1,1,1,0,0,0,0,1,1,0,1,1,0,0,0,0,0,0,1,1,1,1,1,0,0,0,0,0.25925925925925924,296.037742707278,1
9,1,1,0,1,0,0,0,1,0,0,1,0,1,0,0,0,0,1,1,1,0,0,1,0,0,1,1,1,0,1,0,0,0,0,1,1,0,1,1,0,0,0,0,0,0,1,1,1,1,1,0,0,0,0,0.2777777777777778,263.5838949541718,1
10,1,0,1,1,0,0,0,1,0,0,1,0,1,0,0,0,0,0,1,1,0,0,1,0,0,1,1,1,1,1,0,0,0,0,1,1,0,1,1,0,0,0,0,0,0,1,1,1,1,1,0,0,0,0,0.2962962962962963,344.3230905287655,1
11,1,1,0,1,0,0,0,1,0,0,1,0,1,0,0,0,0,0,1,1,0,0,1,0,0,1,1,1,0,1,0,0,0,0,1,1,0,1,1,0,0,0,0,0,0,1,1,1,1,1,0,0,0,0,0.25925925925925924,302.60240367014626,1
12,1,1,0,1,0,0,0,1,0,0,1,0,1,0,1,0,0,0,1,1,0,0,1,0,0,1,1,1,0,1,0,0,0,0,1,1,0,1,1,0,0,0,0,0,0,1,1,1,1,1,0,0,0,0,0.25925925925925924,269.6382038119583,1
13,1,1,1,1,0,0,0,1,0,0,1,0,1,0,0,0,0,1,0,1,0,0,1,0,0,1,1,1,1,1,0,0,0,0,1,1,0,1,1,0,0,0,0,0,0,1,1,1,1,0,0,0,0,0,0.2962962962962963,290.14539067713383,1
14,1,1,1,1,0,0,1,1,0,0,1,0,1,0,1,0,0,0,1,1,0,0,0,0,0,1,1,1,0,1,0,0,0,0,1,1,0,1,1,0,0,0,0,0,0,1,1,1,1,1,0,0,0,0,0.2777777777777778,286.3192286822162,1
15,1,1,0,1,0,0,1,1,0,0,1,0,1,0,1,0,0,0,0,1,0,0,1,0,0,1,1,1,1,1,0,0,1,0,1,1,0,1,1,0,0,0,0,0,0,1,1,1,1,1,0,0,0,0,0.2777777777777778,418.1737102399812,1
16,1,1,1,1,0,0,1,1,0,0,1,0,1,0,1,0,0,0,0,1,0,0,1,0,0,1,1,1,1,1,0,0,0,0,1,1,0,1,1,0,0,0,0,0,0,1,1,1,1,1,0,0,0,0,0.25925925925925924,312.6454405496798,1
17,1,1,0,1,0,0,0,1,0,0,1,0,1,0,1,0,0,0,0,1,0,0,1,0,0,1,1,1,1,1,0,0,0,0,1,1,0,1,1,0,0,0,0,0,0,1,1,1,1,1,0,0,0,0,0.2777777777777778,321.91378872399383,1
18,1,1,1,1,0,0,0,1,0,0,1,0,1,0,1,0,0,0,1,1,0,0,1,0,0,1,1,1,1,1,0,0,0,0,1,1,0,1,1,0,0,0,0,0,0,1,1,1,1,1,0,0,0,0,0.2962962962962963,312.31101699877115,1
19,1,0,0,1,0,0,0,1,0,0,1,0,1,0,0,0,0,0,1,1,0,0,1,0,0,1,1,1,1,1,0,0,0,0,1,1,0,1,1,0,0,0,0,0,0,1,1,1,1,1,0,0,0,0,0.3148148148148148,405.9394890546918,1
20,1,1,1,1,0,0,0,1,0,0,1,0,1,0,1,0,0,0,1,1,0,0,1,0,0,1,1,1,1,1,0,0,0,0,1,1,1,1,1,0,0,0,0,0,0,1,1,1,1,1,0,0,0,0,0.2962962962962963,324.9355381289935,1
21,1,1,0,1,0,0,0,1,0,0,1,0,1,0,1,0,0,0,1,1,0,0,1,0,0,1,1,1,1,1,0,0,0,0,1,1,1,1,1,0,0,0,0,0,0,1,1,1,1,1,0,0,0,0,0.2962962962962963,332.56660131121663,1
22,1,1,0,1,0,0,0,1,0,0,1,0,1,0,0,0,0,0,0,1,0,0,1,0,0,1,1,1,0,1,0,0,0,0,1,1,0,1,1,0,0,0,0,0,0,1,1,1,1,1,0,0,0,0,0.2777777777777778,319.4856291295465,1
23,1,1,0,1,0,0,0,1,0,0,1,0,1,0,1,0,0,0,1,1,0,0,1,0,0,1,1,1,1,1,0,0,1,0,1,1,0,1,1,0,0,0,0,0,0,1,1,0,1,1,0,0,0,0,0.25925925925925924,299.61759398647393,1
24,1,1,0,1,0,0,0,1,0,0,1,0,1,0,0,0,0,1,1,1,0,0,1,0,0,1,1,1,1,1,0,0,0,0,1,1,0,1,1,0,0,0,0,0,0,1,1,1,1,1,0,0,0,0,0.2962962962962963,303.5128705171528,1
25,1,1,0,1,0,0,1,1,0,0,1,0,1,0,1,0,0,0,1,1,0,0,1,0,0,1,1,1,1,1,0,0,1,0,1,1,0,1,1,0,0,0,0,0,0,1,1,0,1,1,0,0,0,0,0.2777777777777778,291.5006597343805,1
26,0,1,1,1,0,0,1,1,0,0,1,0,1,0,0,0,0,0,1,1,0,0,1,0,0,1,1,1,1,1,0,0,0,0,1,1,0,1,1,0,0,0,0,0,0,1,1,1,1,1,0,0,0,0,0.2962962962962963,324.939350680719,1
27,1,1,1,1,0,0,0,1,0,0,1,0,1,0,1,0,0,0,0,1,0,0,1,0,0,1,1,1,0,1,0,0,0,0,1,1,0,1,1,0,0,0,0,0,0,1,1,1,1,1,0,0,0,0,0.25925925925925924,287.479084552426,1
28,1,1,0,1,0,0,0,1,0,0,1,0,1,0,1,0,0,0,1,1,0,0,1,0,0,1,1,1,1,1,0,0,0,0,1,1,0,1,1,0,0,0,0,0,0,1,1,1,1,1,0,0,0,0,0.2777777777777778,309.92728669697635,1
29,1,1,1,0,0,0,0,1,0,0,0,0,1,0,1,0,0,0,1,1,0,0,1,0,0,1,1,1,0,1,0,0,0,0,1,1,0,1,1,0,0,0,0,0,0,1,1,1,1,1,0,0,0,0,0.24074074074074073,294.731118421297,1
30,1,1,0,1,0,0,0,1,0,0,1,0,1,0,1,0,0,0,1,1,0,0,1,0,0,1,1,1,0,1,0,0,0,0,1,1,0,1,1,0,0,0,0,0,0,1,1,1,1,1,0,0,0,0,0.2777777777777778,269.6382038119583,1
31,1,1,0,1,0,0,1,1,0,1,1,0,1,0,0,0,0,0,1,1,0,0,1,0,0,1,1,1,1,1,0,1,0,0,1,1,0,1,1,0,0,0,0,0,0,1,1,1,1,1,0,0,0,0,0.25925925925925924,375.482416494403,1
32,1,1,0,1,0,0,0,1,0,0,0,0,1,0,0,0,0,0,1,1,0,0,1,0,0,1,1,1,1,1,0,0,0,0,1,1,0,1,1,0,0,0,0,0,0,1,1,1,1,1,0,0,0,0,0.2777777777777778,416.4301940773972,1
33,1,1,1,1,0,0,0,1,0,0,1,0,1,0,1,0,0,0,1,1,0,0,1,0,0,1,1,1,1,1,0,0,0,0,1,1,1,1,1,0,0,0,0,0,0,1,1,1,1,0,0,0,0,0,0.2777777777777778,307.92789757504613,1
34,1,1,1,1,0,0,0,1,0,0,0,0,1,0,0,0,0,0,0,1,0,0,1,0,1,1,1,1,1,1,0,0,0,0,1,1,0,1,1,0,0,0,0,0,0,1,1,1,1,1,0,0,0,0,0.2962962962962963,357.0620065633107,1
35,1,1,1,1,0,0,0,1,0,0,1,0,1,0,1,0,0,0,0,1,0,0,1,0,0,1,1,1,1,0,0,0,0,0,1,1,0,1,1,0,0,0,0,0,0,1,1,1,1,1,0,0,0,0,0.3148148148148148,262.35338709822855,1
36,1,1,1,1,0,0,0,1,0,0,1,0,1,0,0,0,0,0,1,1,0,0,1,0,0,1,1,1,1,1,0,0,0,0,1,1,0,1,1,0,0,0,0,0,0,1,1,1,1,1,0,0,0,0,0.3148148148148148,325.51489126580265,1
37,1,1,1,1,0,0,0,1,0,0,0,0,1,0,0,0,0,0,1,1,0,0,1,0,0,1,1,1,1,1,0,0,0,0,1,1,1,1,1,0,0,0,0,0,0,1,1,1,1,1,0,0,0,0,0.3333333333333333,387.43533537997024,1
38,0,1,1,1,0,0,1,1,0,0,1,0,1,0,1,0,0,0,1,1,0,0,1,0,0,1,1,1,0,1,0,0,0,0,1,1,0,1,1,0,0,0,0,0,0,1,1,1,1,1,0,0,0,0,0.2962962962962963,291.71316898423584,1
39,1,1,0,1,0,0,1,1,0,0,1,0,1,0,1,0,0,1,1,1,0,0,1,0,0,1,1,1,1,1,0,0,0,0,1,1,0,1,1,0,0,0,0,0,0,1,1,1,1,1,0,0,0,0,0.3148148148148148,298.0584476578359,1
40,1,1,1,1,0,0,1,1,0,0,1,0,1,0,1,0,0,0,1,1,0,0,1,0,0,1,1,1,1,1,0,0,0,0,1,1,0,1,1,0,0,0,0,0,0,1,1,1,1,1,0,0,0,0,0.2777777777777778,314.8519643761366,1
41,1,1,1,1,0,0,1,1,0,0,1,0,1,0,0,0,0,0,0,1,0,0,1,0,0,1,1,1,1,1,0,0,0,0,1,1,0,1,1,1,0,0,0,0,0,1,1,1,1,1,0,0,0,0,0.3333333333333333,346.92669600843533,1
42,1,1,1,1,0,0,0,1,0,0,1,0,1,0,1,0,0,0,1,1,0,0,1,0,0,1,1,1,1,1,0,0,0,0,1,1,0,1,1,0,0,0,0,0,0,1,1,1,1,1,0,0,0,0,0.35185185185185186,312.31101699877115,1
43,1,1,1,1,0,0,0,1,0,0,1,0,1,0,1,0,0,0,1,1,0,0,1,0,0,1,1,1,1,1,0,0,0,0,1,1,1,1,1,0,0,0,0,0,0,1,1,1,0,1,0,0,0,0,0.25925925925925924,316.43171785201986,1
44,1,1,0,1,0,0,1,1,0,0,1,0,1,0,1,0,0,0,1,1,0,0,1,0,0,1,1,1,0,1,0,0,1,0,1,1,0,1,1,0,0,0,0,0,0,1,1,0,1,1,0,0,0,0,0.3148148148148148,256.98416349885696,1
45,1,1,0,1,0,0,1,1,0,0,1,0,1,0,1,0,0,0,1,1,0,1,1,0,0,1,1,1,0,1,0,0,0,0,1,1,0,1,1,0,0,0,0,0,0,1,1,1,1,1,0,0,0,0,0.24074074074074073,267.0018785715434,1
46,1,1,0,1,0,0,1,1,0,0,1,0,1,0,0,0,0,0,0,1,0,0,1,0,0,1,1,1,0,1,0,0,0,0,1,1,0,1,1,0,0,0,0,0,0,1,1,1,1,1,0,0,0,0,0.2962962962962963,304.5506821749117,1
47,1,1,1,1,0,0,0,1,0,0,1,0,1,0,1,0,0,0,1,1,0,0,1,0,0,1,1,1,0,1,0,0,0,0,1,1,0,1,1,0,0,0,0,0,0,1,1,1,1,1,0,0,0,0,0.3148148148148148,292.2886832453579,1
48,1,1,1,1,0,0,0,1,0,0,1,0,1,0,0,0,0,0,1,1,0,0,1,0,0,1,1,1,1,1,0,0,0,0,1,1,1,1,1,0,0,0,0,0,0,1,1,1,0,1,0,0,0,0,0.3148148148148148,328.79405220614996,1
49,1,1,0,1,0,0,1,1,0,0,1,0,1,0,1,0,0,0,0,1,0,0,1,0,0,1,1,1,1,1,0,0,0,0,1,1,1,1,1,0,0,0,0,0,0,1,1,1,1,1,0,0,0,0,0.3148148148148148,334.58340762385143,1
50,1,1,0,1,0,0,1,1,0,0,1,0,1,1,1,0,0,0,1,1,0,0,1,0,0,1,1,1,1,1,1,0,0,0,1,1,0,1,1,0,0,0,0,0,0,1,1,1,1,1,0,0,0,0,0.3148148148148148,302.8575713110407,1
51,1,1,1,1,0,0,0,1,0,0,1,0,1,0,1,0,0,0,1,1,0,0,1,0,0,1,1,1,0,1,0,0,0,0,1,1,1,1,0,0,0,0,0,0,0,1,1,1,1,1,0,0,0,0,0.2777777777777778,271.5623605972508,1
52,1,1,0,1,0,0,0,1,0,1,1,0,1,0,0,0,0,0,1,1,0,0,1,0,0,1,1,1,1,1,0,0,1,0,1,1,0,1,1,0,0,0,0,0,0,1,1,0,1,1,0,0,0,0,0.2962962962962963,328.75533972655484,1
53,1,1,1,1,0,0,0,1,0,0,1,0,1,0,1,0,0,0,1,1,0,0,1,0,0,1,1,1,0,1,0,0,1,0,1,1,0,1,1,0,0,0,0,0,0,1,1,1,0,1,0,0,0,0,0.2962962962962963,325.6566659731256,1
54,1,1,0,1,0,0,0,1,0,1,1,0,1,0,1,0,0,0,0,1,0,1,1,0,0,1,1,1,1,1,0,0,0,0,1,1,0,1,1,0,0,0,0,0,0,1,1,1,1,1,0,0,0,0,0.25925925925925924,298.73606923519753,1
55,1,1,1,1,0,0,1,1,0,0,1,0,1,0,0,0,0,0,0,1,0,0,1,0,0,1,1,1,1,0,0,0,1,0,1,1,0,1,1,0,0,0,0,0,0,1,1,1,0,1,0,0,0,0,0.2962962962962963,289.89528091605894,1
56,1,1,0,1,0,0,0,1,0,0,1,0,1,0,0,0,0,0,1,1,0,0,1,0,0,1,1,1,1,1,0,0,0,0,1,1,0,1,1,0,0,0,0,0,0,1,1,1,1,1,0,0,0,0,0.3148148148148148,363.13128979172853,1
57,1,1,1,1,0,0,1,1,0,0,1,0,1,0,1,0,0,0,1,1,0,0,1,0,0,1,1,1,1,1,0,0,1,0,1,1,0,1,1,0,0,0,0,0,0,1,1,0,1,1,0,1,0,0,0.2962962962962963,311.08466066255124,1
58,1,1,0,1,0,0,1,1,0,0,1,0,1,0,1,0,0,0,0,1,0,0,1,0,0,1,1,1,1,1,0,0,0,0,1,1,0,1,1,0,0,0,0,0,0,1,1,1,1,1,0,0,0,0,0.2777777777777778,311.9520950198071,1
59,1,1,0,1,0,0,1,1,0,0,1,0,1,0,1,0,0,0,1,1,0,0,1,0,0,1,1,1,1,1,1,0,0,0,1,1,0,1,1,0,0,0,0,0,0,1,1,1,1,1,0,0,0,0,0.2777777777777778,317.5073539552916,1
60,1,1,1,1,0,0,1,1,0,0,1,0,1,0,1,0,0,0,1,1,0,0,1,0,0,1,1,1,0,1,0,0,0,0,1,1,0,1,1,0,0,0,0,0,0,1,1,1,1,1,0,0,0,0,0.2962962962962963,299.8763769043959,1
61,1,1,0,1,0,0,0,1,0,0,1,0,1,0,1,0,0,0,1,1,0,0,1,0,0,1,1,1,1,1,0,0,0,0,1,1,0,1,1,1,0,0,0,0,0,1,1,1,1,1,0,0,0,0,0.2962962962962963,330.8204613743541,1
62,1,1,0,1,0,0,0,1,0,0,1,0,1,0,0,0,0,0,1,1,0,0,1,0,0,1,1,1,1,1,0,0,0,0,1,1,0,1,1,0,0,0,0,0,0,1,1,1,0,1,0,1,0,0,0.3333333333333333,362.1030766748134,1
63,1,1,0,1,0,0,1,1,0,0,1,0,1,0,1,0,0,0,1,1,0,0,1,0,0,1,1,1,0,1,0,0,0,0,1,1,1,1,1,0,0,0,0,0,0,1,1,1,1,1,0,0,0,0,0.2777777777777778,281.6314277601825,1
64,1,1,0,1,0,0,0,1,0,0,1,0,1,0,1,0,0,0,1,1,0,0,1,0,0,1,1,1,0,1,0,0,0,0,1,1,0,1,1,0,0,0,0,0,0,1,1,1,1,0,0,1,0,0,0.2962962962962963,256.0071268334055,1
65,1,0,1,1,0,0,0,1,0,0,1,0,1,0,1,0,0,0,1,1,0,0,1,0,0,1,1,1,1,1,0,0,0,0,1,1,0,1,1,0,0,0,0,0,0,1,1,1,1,1,0,0,0,0,0.3333333333333333,311.1191518478736,1
66,1,1,0,1,0,0,1,1,0,0,1,0,1,0,0,0,0,0,1,1,0,0,1,0,0,1,1,1,0,1,0,0,0,0,1,1,0,1,1,0,0,0,0,0,0,1,1,1,0,1,0,0,0,0,0.2777777777777778,270.95822940172053,1
67,1,1,0,1,0,0,1,1,0,0,1,0,1,0,0,0,0,1,1,1,0,0,1,0,0,1,1,1,1,1,0,0,0,0,1,1,0,1,1,0,0,0,0,0,0,1,1,1,1,1,0,0,0,0,0.3333333333333333,296.037742707278,1
68,1,0,0,1,0,0,0,1,1,0,1,0,1,0,1,0,0,0,1,1,0,0,1,0,0,1,1,1,0,1,0,0,0,0,1,1,0,1,1,0,0,0,0,0,0,1,1,1,1,1,0,0,0,0,0.24074074074074073,288.64962524795914,1
69,1,1,1,1,0,0,1,1,0,0,0,0,1,0,1,0,0,0,0,1,0,0,1,0,0,1,1,1,1,1,0,0,0,0,1,1,1,1,1,0,0,0,0,0,0,1,1,1,1,1,0,0,0,0,0.2962962962962963,341.9578039711826,1
70,1,1,1,1,0,0,0,1,0,0,1,0,1,0,0,0,0,0,1,1,0,0,1,0,0,1,1,1,1,1,0,0,0,0,1,1,0,1,1,0,0,0,0,0,0,1,1,1,1,0,0,0,0,0,0.3148148148148148,291.4497390759501,1
71,1,1,0,1,0,0,0,1,0,0,1,0,1,0,0,0,0,0,0,1,0,0,1,0,0,1,1,1,0,1,0,0,0,0,1,1,0,1,1,0,0,0,0,0,0,1,1,0,1,1,0,1,0,0,0.2777777777777778,232.75379785522398,1
72,1,1,1,1,0,0,0,1,0,0,1,0,1,1,1,0,0,0,1,1,0,0,1,0,0,1,1,1,1,1,0,0,0,1,1,1,0,1,1,0,0,0,0,0,0,1,1,1,1,1,0,0,0,0,0.3333333333333333,320.6201485867512,1
73,1,1,0,1,0,0,1,1,0,0,1,0,1,0,1,0,0,0,1,1,0,0,1,0,0,1,1,1,1,1,0,0,0,0,1,1,0,1,1,0,0,0,0,0,0,1,1,1,1,1,0,0,0,0,0.3333333333333333,302.4658818271006,1
74,1,1,0,1,0,0,0,1,0,0,1,0,1,0,1,0,0,0,0,1,0,0,1,0,0,1,1,1,0,1,0,1,0,0,1,1,0,1,1,0,0,0,0,0,0,1,1,1,1,1,0,0,0,0,0.3148148148148148,311.75253291532715,1
75,1,1,1,1,0,0,0,1,0,0,1,0,1,0,1,0,1,0,0,1,0,0,1,0,0,1,1,1,0,1,0,0,0,0,1,1,0,1,1,1,0,0,0,0,0,1,1,1,1,1,0,0,0,0,0.3333333333333333,296.0105326738649,1
76,1,1,1,1,0,0,0,1,0,0,1,0,1,0,1,0,0,0,1,1,0,0,1,0,0,1,1,1,1,1,0,0,0,0,1,1,1,1,1,0,0,0,0,0,0,1,1,1,1,1,0,0,0,0,0.3148148148148148,324.9355381289935,1
77,1,1,1,1,0,0,1,1,1,0,1,0,1,0,1,0,0,0,0,1,0,0,1,0,0,1,1,1,1,1,0,0,0,0,1,1,0,1,1,0,0,0,0,0,0,1,1,1,1,1,0,0,0,0,0.3333333333333333,360.8080747219016,1
78,1,1,1,1,0,0,1,1,0,0,1,0,1,0,1,0,0,0,0,1,0,0,1,0,0,1,1,1,0,0,1,0,0,0,1,1,0,1,1,0,0,0,0,0,0,1,1,1,0,1,0,1,0,0,0.24074074074074073,266.63469263002037,1
79,1,1,0,0,0,0,1,1,0,0,1,0,1,0,0,0,0,0,1,1,0,0,1,0,1,1,1,1,0,1,0,0,0,0,1,1,0,1,1,0,0,0,0,0,0,1,1,1,1,1,0,0,0,0,0.3148148148148148,289.5547600997323,1
80,1,1,1,1,0,0,0,1,0,0,1,0,1,0,1,0,0,0,1,1,0,0,1,0,0,1,1,1,0,1,0,1,0,0,1,1,0,1,1,0,0,0,0,0,0,1,1,1,1,1,0,1,0,0,0.3333333333333333,310.6406093195048,1
81,0,1,0,1,0,0,1,1,0,0,1,0,1,0,0,0,0,0,1,1,0,0,1,0,0,1,1,1,1,1,0,0,0,0,1,1,0,1,1,0,0,0,0,0,0,1,1,1,1,1,0,0,0,0,0.3148148148148148,364.5533969594031,1
82,1,1,1,1,0,0,0,1,0,0,1,0,1,0,0,0,0,0,1,1,0,0,1,0,0,1,1,1,1,1,0,0,0,0,1,1,0,1,1,0,0,0,0,0,0,1,1,1,1,1,0,0,0,0,0.3148148148148148,325.51489126580265,1
83,1,0,0,1,0,0,0,1,0,0,1,0,1,0,1,0,0,0,1,1,0,0,1,0,0,1,1,1,1,1,0,0,0,0,1,1,0,1,1,0,0,0,0,0,0,1,1,1,1,1,0,0,0,0,0.35185185185185186,332.7354215460795,1
84,1,1,0,1,0,0,0,1,0,0,1,0,1,0,0,0,0,0,0,1,0,0,1,0,0,1,1,1,1,1,0,0,0,0,1,1,0,1,1,0,0,0,0,0,0,1,1,1,1,1,0,0,0,0,0.35185185185185186,385.1178789519137,1
85,1,1,0,1,0,0,1,1,0,0,1,0,1,0,1,0,0,0,1,1,0,0,1,0,0,1,1,1,0,1,0,1,1,0,1,1,1,1,1,0,0,0,0,0,0,1,1,0,0,0,0,0,0,0,0.25925925925925924,262.1001893523601,1
86,1,1,1,0,0,0,0,1,0,0,1,0,1,0,0,0,0,0,0,1,0,0,1,0,0,1,1,1,1,1,0,0,1,0,1,1,0,1,1,0,0,0,0,0,0,1,1,0,1,1,0,0,0,0,0.2222222222222222,340.3518702302645,1
87,1,1,0,1,0,0,0,1,0,0,1,0,1,0,0,0,0,0,1,1,0,0,1,0,0,1,1,1,1,1,1,0,0,0,1,1,1,1,1,0,0,0,0,0,0,1,1,1,1,1,0,0,0,0,0.3333333333333333,426.86592275562765,1
88,1,1,0,1,0,0,1,1,0,0,1,0,1,0,0,0,0,0,0,1,0,0,1,0,0,1,1,1,0,1,0,0,0,0,1,1,0,1,1,0,0,0,0,0,0,1,1,1,1,1,0,0,0,0,0.3333333333333333,304.5506821749117,1
89,1,1,0,1,0,0,1,1,0,0,1,0,1,0,0,0,0,0,0,1,0,0,1,0,0,1,1,1,1,1,0,0,0,0,1,1,1,1,1,0,0,0,0,0,0,1,1,1,1,0,0,0,0,0,0.3148148148148148,338.5409468715916,1
90,1,1,0,1,0,0,0,1,0,0,1,0,1,0,0,0,0,0,1,1,0,0,1,0,0,1,1,1,0,1,0,0,0,0,1,1,0,1,1,0,0,0,0,0,0,1,1,1,0,1,0,0,0,0,0.37037037037037035,280.87780921971125,1
91,0,1,0,1,0,0,0,1,0,0,1,0,1,0,1,0,0,0,1,1,0,0,1,0,0,1,1,1,1,1,0,0,0,0,1,1,0,1,1,0,0,0,0,0,0,1,1,1,1,0,0,0,0,0,0.3148148148148148,285.07102946790394,1
92,1,1,0,1,0,0,0,1,0,0,1,0,1,1,1,0,1,0,1,1,0,0,1,0,0,1,1,1,1,1,0,0,0,0,1,1,1,1,1,0,0,0,0,0,0,1,1,1,1,0,0,0,0,0,0.3148148148148148,285.16198476953025,1
93,1,1,0,1,0,0,0,1,0,0,1,0,1,0,0,0,0,0,1,1,0,0,1,0,0,1,1,1,1,1,0,0,0,0,1,1,0,1,0,0,0,0,0,0,0,1,1,1,1,1,0,0,0,0,0.3333333333333333,242.32470012681273,1
94,1,1,0,1,0,0,1,1,0,0,1,0,1,0,1,0,1,0,0,1,0,0,1,0,0,1,1,1,0,1,0,0,0,0,1,1,0,1,0,0,0,0,0,0,0,1,1,1,1,1,0,0,0,0,0.3148148148148148,229.12135226381656,1
95,1,1,1,1,0,0,1,1,0,0,1,0,1,0,0,0,0,0,0,1,0,0,1,0,0,1,1,1,0,1,0,0,0,0,1,1,0,1,1,0,0,0,0,0,0,1,1,1,1,0,0,1,0,0,0.2777777777777778,269.80856626285646,1
96,1,1,0,1,0,0,0,1,0,0,1,0,1,0,1,0,0,0,1,1,0,0,1,0,0,1,1,1,0,1,0,0,0,0,1,1,1,1,1,0,0,0,0,0,0,1,1,1,1,0,0,0,0,0,0.2777777777777778,260.1700942470468,1
97,1,1,0,1,0,0,0,1,0,0,1,0,1,0,0,1,0,0,1,1,0,0,1,0,0,1,1,1,1,1,0,1,0,0,1,1,0,1,1,0,0,0,0,0,0,1,1,1,1,0,0,0,0,0,0.3333333333333333,337.0124264705846,1
98,1,0,0,1,0,0,0,1,0,0,1,0,1,0,0,0,0,0,0,1,0,0,0,0,0,1,1,1,1,1,0,0,0,0,1,1,0,1,1,1,0,0,0,0,0,1,1,1,1,1,0,0,0,0,0.2962962962962963,535.0559447649243,1
99,1,1,0,1,0,0,1,1,0,0,1,0,0,0,1,0,0,0,1,1,0,1,1,0,0,1,1,1,1,1,0,0,0,0,1,1,1,1,1,0,0,0,0,0,0,1,1,1,1,1,0,0,0,0,0.3333333333333333,325.7391151481915,1
