,0,1,2,3,4,5,6,7,8,9,10,11,12,13,14,15,16,17,18,19,20,21,22,23,24,25,26,27,28,29,30,31,32,33,34,35,36,37,38,39,40,41,42,43,44,45,46,47,48,49,50,51,52,53,chain_break_fraction,energy,num_occurrences
0,0,0,0,1,1,0,0,1,0,0,0,0,0,0,1,1,1,1,1,0,0,1,1,0,1,0,1,1,1,1,0,1,1,0,0,1,0,0,0,0,0,0,1,0,0,1,1,0,0,0,0,1,0,1,0.25925925925925924,281.416804746714,1
1,0,0,1,1,1,0,1,1,0,0,0,1,1,0,1,1,1,1,1,0,0,0,0,0,1,0,1,1,1,1,0,1,1,0,0,1,0,0,0,1,0,0,1,1,0,1,1,0,0,0,0,1,0,1,0.3148148148148148,356.7927011121797,1
2,0,0,1,1,1,0,1,1,0,0,0,0,0,0,0,1,1,0,1,0,0,1,1,0,1,0,1,0,1,1,0,1,1,0,0,1,0,0,0,1,0,0,1,0,0,1,1,0,0,0,0,1,0,1,0.2037037037037037,272.1324070256019,1
3,0,0,1,1,1,0,1,1,0,1,0,0,0,0,0,1,1,0,0,0,0,1,1,1,1,0,1,1,1,1,0,0,1,0,0,1,0,0,0,1,0,1,1,0,0,1,1,0,0,0,0,1,0,1,0.25925925925925924,312.3823394718746,1
4,1,1,0,0,0,1,0,0,1,1,1,1,0,1,0,0,0,0,0,1,1,1,0,0,0,1,0,0,0,0,1,0,0,1,1,0,1,1,1,0,1,0,0,0,1,0,0,1,0,1,1,0,1,0,0.2222222222222222,303.7305270891992,1
5,0,0,1,1,1,0,1,1,0,0,0,0,1,0,0,1,1,1,1,1,0,0,0,1,1,0,1,0,1,1,0,1,1,0,0,1,0,0,0,0,0,0,1,0,0,1,1,0,0,0,0,1,0,1,0.2222222222222222,325.995317113762,1
6,0,0,1,1,1,0,1,1,0,1,0,1,1,0,1,1,1,0,0,0,0,0,1,1,1,0,1,1,1,1,0,1,1,0,0,1,0,0,0,1,0,0,1,1,0,1,1,0,0,0,0,1,0,1,0.2962962962962963,394.2442353796858,1
7,0,0,1,1,1,0,1,1,0,1,0,0,1,0,0,1,1,1,0,0,0,1,1,1,1,0,1,1,1,1,0,1,1,0,0,1,0,0,1,0,0,0,1,0,0,1,1,0,1,0,0,1,0,1,0.24074074074074073,359.8847569859443,1
8,0,0,1,1,1,0,1,1,0,0,0,0,1,0,1,1,1,0,0,1,0,1,1,1,1,0,1,0,1,1,0,1,1,0,0,1,0,0,0,1,0,0,1,0,0,1,1,0,0,0,0,1,0,1,0.24074074074074073,360.59397158316875,1
9,0,0,0,1,1,0,1,1,0,1,0,0,0,0,1,1,0,1,1,1,0,1,1,0,1,0,1,1,1,1,0,1,1,0,0,1,1,0,0,1,0,0,1,1,0,1,1,0,0,0,0,1,0,1,0.3148148148148148,306.32897099858957,1
10,0,0,1,1,1,0,1,1,0,1,0,1,0,0,0,1,1,0,0,0,0,1,0,0,1,0,1,1,1,1,0,1,1,0,0,1,0,0,0,1,0,0,1,1,0,1,1,0,0,0,0,1,0,1,0.24074074074074073,334.4304861803033,1
11,0,0,1,1,1,0,1,1,0,0,0,0,1,0,1,1,1,1,1,0,0,1,1,0,1,0,1,1,1,1,0,1,1,0,0,1,0,0,0,1,0,0,1,0,0,1,1,0,0,0,0,1,0,1,0.3333333333333333,333.5385390068636,1
12,0,0,0,1,1,0,1,1,0,0,0,0,1,0,0,0,1,0,1,1,0,1,1,1,1,0,1,1,1,1,0,1,0,0,0,1,0,1,1,1,0,0,1,0,0,1,1,0,0,0,0,1,0,1,0.24074074074074073,310.3917237562789,1
13,0,0,1,1,1,0,1,1,0,1,0,0,1,0,0,0,1,0,0,1,0,1,1,0,1,0,1,1,1,1,0,1,1,0,0,1,0,0,1,1,0,0,1,0,0,1,1,0,0,0,0,1,0,1,0.25925925925925924,371.69491043921454,1
14,0,0,1,1,1,0,1,1,0,0,0,1,0,0,1,1,1,1,1,1,0,1,0,1,1,0,1,0,1,1,0,1,1,0,0,1,0,0,0,0,0,1,1,1,0,1,1,0,0,0,0,1,0,1,0.24074074074074073,450.86576863992275,1
15,0,0,1,1,1,0,1,1,0,0,0,0,1,0,1,1,0,1,1,0,0,0,1,0,1,0,1,1,1,1,0,0,1,0,0,1,0,0,0,1,0,0,1,0,0,1,1,0,0,0,0,1,0,1,0.2962962962962963,301.3519885570573,1
16,0,0,1,1,1,0,1,1,0,1,0,0,1,0,1,1,1,1,1,0,0,1,0,1,1,0,1,1,1,1,0,0,1,0,0,1,0,0,1,0,0,1,1,0,0,1,1,0,1,0,0,1,0,1,0.2962962962962963,398.2998171059571,1
17,0,0,1,1,1,0,1,1,0,0,0,1,1,0,1,0,1,1,0,0,0,1,0,1,1,0,1,1,1,1,0,1,1,0,0,1,0,0,0,1,0,1,1,1,0,1,1,0,0,0,0,1,0,1,0.2777777777777778,408.3046207293425,1
18,0,0,0,0,1,0,1,1,0,1,0,0,1,0,1,1,1,1,1,0,0,0,1,0,1,0,1,1,1,1,0,0,1,0,0,1,0,0,1,1,0,0,1,1,0,1,1,0,0,0,0,1,0,1,0.2777777777777778,358.99450029819957,1
19,0,0,1,1,1,0,1,1,0,0,0,1,0,0,1,1,1,1,1,0,0,0,1,1,1,0,1,1,1,1,0,1,0,0,0,1,1,0,0,1,0,0,1,1,0,1,1,0,0,0,0,1,0,1,0.25925925925925924,496.6642998754983,1
20,1,1,0,1,0,1,0,0,1,0,1,1,0,1,0,0,1,0,0,1,1,0,0,0,0,1,0,0,0,0,1,0,0,1,1,0,1,1,1,0,1,0,0,0,1,0,0,1,0,1,1,0,1,0,0.25925925925925924,308.8478689293163,1
21,0,0,1,1,1,0,1,1,0,0,0,0,1,0,1,1,1,1,1,0,0,1,1,1,1,0,1,1,1,1,0,1,1,0,0,1,0,0,0,0,0,0,1,1,0,1,1,0,1,0,0,1,0,1,0.2777777777777778,398.4588682850006,1
22,0,0,0,1,1,0,1,1,0,1,0,0,0,0,0,1,1,0,1,1,0,1,1,0,1,0,1,1,1,1,0,1,1,0,0,1,1,0,0,1,0,1,1,0,0,1,1,0,0,0,0,1,0,1,0.25925925925925924,431.8704346530541,1
23,0,0,1,1,1,0,1,1,0,0,0,1,1,0,1,1,1,1,1,0,0,0,1,1,1,0,1,1,1,1,0,1,0,0,0,1,0,0,0,1,0,0,1,1,0,1,1,0,1,0,0,1,0,1,0.3148148148148148,525.6313578550456,1
24,0,0,0,1,1,0,1,1,0,1,0,1,1,0,1,1,1,1,1,1,0,0,1,1,1,0,1,1,1,1,0,1,1,0,0,1,0,0,0,1,0,0,1,1,0,1,1,0,0,0,0,1,0,1,0.3148148148148148,439.5501839535229,1
25,1,0,0,1,1,0,1,1,0,0,0,0,1,0,1,1,1,1,1,1,0,0,0,0,1,0,1,1,1,1,0,0,1,0,0,1,0,0,0,1,0,0,1,1,0,1,1,0,0,1,0,1,0,1,0.3333333333333333,289.9431920022761,1
26,0,0,0,1,1,0,1,1,0,0,0,1,1,0,0,1,1,0,1,1,0,0,1,1,1,0,1,1,1,1,0,1,1,0,0,1,0,0,0,1,0,0,1,1,0,0,1,0,0,0,0,1,0,1,0.25925925925925924,288.58076976618776,1
27,0,0,0,1,1,0,1,1,0,1,0,0,0,0,0,1,1,0,0,1,0,0,1,0,1,0,1,0,1,1,0,0,1,0,0,1,0,0,1,1,0,1,1,0,0,1,1,0,0,0,0,1,0,1,0.25925925925925924,513.9235078738502,1
28,0,0,0,1,1,0,1,1,0,1,0,1,1,0,1,0,1,1,1,0,0,1,0,0,1,0,1,1,1,1,0,1,1,0,0,1,0,0,0,0,0,0,1,0,0,1,1,0,0,0,0,1,0,1,0.3333333333333333,323.6895962017296,1
29,0,0,1,1,1,0,1,1,0,1,0,0,1,0,1,0,1,0,1,0,0,1,1,1,1,0,1,1,1,1,0,1,1,0,0,1,0,0,0,0,0,0,1,1,0,1,1,0,0,0,0,1,0,1,0.2777777777777778,341.83593906088413,1
30,0,0,0,1,1,0,1,1,0,1,0,1,0,0,1,1,1,1,1,1,0,1,1,0,1,0,1,1,1,1,0,1,1,0,0,1,0,0,0,0,0,0,1,1,0,1,1,0,1,0,0,1,0,1,0.35185185185185186,349.38923788735343,1
31,0,0,1,1,1,0,1,1,0,1,0,1,0,0,1,1,1,1,1,0,0,0,1,1,1,0,1,1,1,1,0,1,1,0,0,1,0,0,0,1,0,0,1,1,0,1,1,0,0,1,0,1,0,1,0.3333333333333333,448.49242202197513,1
32,0,0,1,1,1,0,1,1,0,0,0,1,1,0,1,1,1,0,0,0,0,0,1,0,1,0,1,1,1,1,0,0,1,0,0,1,0,0,0,1,0,0,1,0,0,1,1,0,0,0,0,1,0,1,0.24074074074074073,326.0348509512259,1
33,0,0,1,1,1,0,1,1,0,0,0,0,1,0,1,1,1,0,1,0,0,1,1,1,1,0,1,1,1,1,0,0,1,0,0,1,0,0,0,1,0,0,1,0,0,1,1,0,0,0,0,1,0,1,0.3148148148148148,353.83927146237096,1
34,0,0,0,1,1,0,1,1,0,1,0,0,1,0,0,1,1,0,0,0,0,1,1,0,1,0,1,1,1,1,0,1,1,0,0,1,1,0,1,0,0,0,1,0,0,1,1,0,0,1,0,1,0,1,0.24074074074074073,557.249612088026,1
35,0,0,1,1,1,0,1,1,0,0,0,1,1,0,0,1,1,1,0,1,0,1,1,0,1,0,1,1,1,1,0,1,1,0,0,1,0,0,0,1,0,0,1,0,0,1,1,0,0,0,0,1,0,1,0.3148148148148148,349.861236276649,1
36,0,0,0,1,1,0,1,1,0,0,0,0,0,0,0,1,1,0,1,0,0,1,1,1,1,0,1,1,1,1,0,1,0,0,0,1,0,0,0,1,0,0,1,0,0,1,1,0,0,1,0,1,0,1,0.2777777777777778,236.37339629863285,1
37,0,0,0,1,1,0,1,1,0,1,0,0,1,0,0,1,1,1,1,1,0,1,1,0,1,0,1,1,1,1,0,0,1,0,0,1,0,0,0,1,0,1,1,0,0,1,1,0,0,1,0,1,0,1,0.3148148148148148,324.74832813454293,1
38,0,0,1,0,1,0,0,1,0,0,0,0,1,0,1,1,1,0,1,0,0,1,1,0,1,0,1,1,1,1,0,0,1,0,0,1,0,0,1,1,0,0,1,1,0,1,1,0,0,0,0,1,0,1,0.24074074074074073,369.4689211263352,1
39,0,0,0,0,1,0,1,1,0,0,0,0,1,0,1,1,1,0,1,1,0,1,1,1,1,0,1,1,1,1,0,1,1,0,0,1,1,0,0,1,0,0,1,0,0,1,1,0,0,0,0,1,0,1,0.25925925925925924,298.2246083782071,1
40,0,0,1,1,1,0,0,1,0,1,0,0,0,0,1,1,0,0,1,0,0,1,1,1,1,0,1,0,1,1,0,1,1,0,0,1,0,0,0,1,0,0,1,0,0,1,1,0,0,0,0,1,0,1,0.24074074074074073,309.9778900562478,1
41,0,0,1,1,1,0,1,1,0,1,0,1,0,0,1,1,1,1,0,0,0,0,1,1,1,0,1,1,1,1,0,0,1,0,0,1,0,0,0,1,0,0,1,1,0,0,1,0,1,0,0,1,0,1,0.25925925925925924,487.3315129678219,1
42,0,0,1,1,1,0,1,1,0,0,0,1,1,0,1,1,1,1,1,0,0,0,1,0,1,0,1,1,1,1,0,1,1,0,0,1,0,0,0,1,0,1,1,1,0,1,1,0,0,0,0,1,0,1,0.3148148148148148,383.7524138246656,1
43,0,0,0,1,1,0,1,1,0,1,0,0,1,0,0,1,1,0,0,0,0,1,1,0,1,0,1,1,1,1,0,1,1,0,0,1,1,0,0,0,0,0,1,0,0,1,1,0,0,0,0,1,0,1,0.25925925925925924,325.5139916924009,1
44,0,0,1,1,1,0,1,1,0,1,0,1,1,0,1,1,1,1,0,0,0,0,1,1,1,0,1,0,1,1,0,1,1,0,0,1,0,0,1,0,0,0,1,1,0,0,1,0,0,0,0,1,0,1,0.24074074074074073,495.085867780602,1
45,0,0,1,1,1,0,0,1,0,1,0,1,0,0,0,1,1,0,1,0,0,0,1,1,1,0,1,0,1,1,0,1,0,0,0,1,0,0,0,1,0,0,1,0,0,1,1,0,0,0,0,1,0,1,0.2222222222222222,331.35866278520535,1
46,1,1,0,0,0,1,0,0,1,1,1,1,0,1,0,0,0,0,0,0,1,0,1,0,0,1,0,0,0,0,1,0,0,0,1,0,1,1,1,0,1,0,0,0,1,0,0,1,0,1,1,0,1,0,0.25925925925925924,299.06154908438975,1
47,0,0,1,0,1,0,1,1,0,0,0,0,1,0,1,1,1,0,1,1,0,1,1,1,1,0,1,1,1,1,0,0,1,0,0,1,0,0,0,1,0,0,1,1,0,1,1,0,0,0,0,1,0,1,0.3148148148148148,349.1364704930251,1
48,0,0,1,1,1,0,1,1,0,0,0,0,0,0,1,1,1,1,0,1,0,1,1,0,1,0,1,0,1,1,0,1,1,0,0,1,0,0,0,0,0,1,1,1,0,1,1,0,0,0,0,1,0,1,0.2962962962962963,340.4473619759077,1
49,1,1,0,0,0,1,0,0,1,1,1,1,0,1,0,0,0,0,0,1,1,1,1,0,0,1,0,0,0,0,1,0,0,0,1,0,1,1,1,0,1,0,0,0,1,0,0,1,0,1,1,0,1,0,0.2777777777777778,309.07234860193034,1
50,0,0,1,0,1,0,1,1,0,0,0,0,0,0,1,1,1,0,1,0,1,1,1,1,1,0,1,1,1,1,0,0,1,0,0,1,0,0,1,1,0,0,1,0,0,1,1,0,0,0,0,1,0,1,0.2962962962962963,375.4940420161101,1
51,1,1,0,1,0,1,0,0,1,0,1,1,0,1,0,0,0,0,0,1,1,1,0,0,0,1,0,0,0,0,0,0,0,1,1,0,1,1,1,0,1,0,0,0,1,0,0,1,1,1,1,0,1,0,0.25925925925925924,298.8498187115274,1
52,0,0,0,1,1,0,1,1,0,0,0,1,0,0,1,1,1,0,1,0,0,0,1,0,1,0,1,1,1,1,0,0,0,0,0,1,1,0,0,1,0,0,1,0,0,0,1,0,0,0,0,1,0,1,0.2222222222222222,257.6902168979053,1
53,0,0,0,0,1,0,1,1,0,1,0,1,1,0,0,1,0,1,0,1,0,1,1,0,1,0,1,1,1,1,0,1,1,0,0,1,0,0,1,1,0,0,1,0,0,1,1,0,1,0,0,1,0,1,0.2777777777777778,387.2914625789484,1
54,0,0,1,1,1,0,1,1,0,1,0,0,0,0,1,1,1,0,0,1,0,1,1,1,1,0,1,0,1,1,0,0,1,0,0,1,0,0,0,1,0,0,1,0,0,1,1,0,1,0,0,1,0,1,0.2777777777777778,362.97144112668866,1
55,1,0,1,1,1,0,1,1,0,0,0,0,0,0,1,0,1,1,1,0,0,1,1,1,1,0,1,1,1,1,0,0,1,0,0,1,0,0,0,1,0,1,1,1,0,1,1,0,0,0,0,1,0,1,0.2777777777777778,372.1853432617281,1
56,0,0,0,1,1,0,1,1,0,1,0,0,1,0,1,1,1,1,1,1,0,1,0,0,1,0,1,1,1,1,0,0,1,0,0,1,0,0,0,1,0,1,1,1,0,1,1,0,0,0,0,1,0,1,0.2777777777777778,321.54882187230123,1
57,0,0,1,1,1,0,1,1,0,0,0,1,0,0,1,0,1,1,0,0,0,0,1,1,1,0,1,1,1,1,0,1,1,0,0,1,0,0,0,0,0,1,1,0,0,1,1,0,0,0,0,1,0,1,0.3148148148148148,424.1741549391942,1
58,0,0,0,1,1,0,1,1,0,0,0,1,0,0,0,0,1,1,1,0,0,1,1,0,1,0,1,1,1,1,0,1,1,0,0,1,0,0,0,1,0,0,1,0,0,1,1,0,0,0,0,1,0,1,0.2962962962962963,293.7059439114419,1
59,0,0,1,1,1,0,1,1,0,1,0,1,1,0,1,0,1,1,1,0,0,0,1,1,1,0,1,0,1,1,0,0,1,0,0,1,0,0,0,1,0,0,1,0,0,1,1,0,0,0,0,1,0,1,0.25925925925925924,601.6378399858401,1
60,0,0,1,1,1,0,1,1,0,0,0,0,0,0,1,1,1,0,0,1,0,0,1,1,1,0,1,1,1,1,0,1,1,0,0,1,0,0,1,1,0,0,1,0,0,1,1,0,0,0,0,1,0,1,0.24074074074074073,359.5007390058622,1
61,0,0,1,1,1,0,1,1,0,0,0,0,0,0,1,0,1,1,0,0,0,0,1,0,1,0,1,1,1,1,0,1,1,0,0,1,0,0,1,0,0,0,1,1,0,1,1,0,0,0,0,1,0,1,0.2962962962962963,392.4194117709419,1
62,1,0,1,1,1,0,1,1,0,0,0,0,1,0,1,1,1,0,1,1,0,1,1,0,0,0,1,1,1,1,0,1,1,0,0,1,0,0,1,0,0,0,1,0,0,1,1,0,0,0,0,1,0,1,0.2962962962962963,332.9263355791829,1
63,1,0,1,0,1,0,1,1,0,0,0,1,1,0,1,1,1,1,0,1,0,0,1,1,1,0,1,0,1,1,0,1,0,0,0,1,0,0,0,1,0,0,1,1,0,1,1,0,0,0,0,1,0,1,0.25925925925925924,627.2294964969954,1
64,0,0,1,1,1,0,1,1,0,0,0,1,0,0,1,1,0,1,1,0,0,1,1,1,1,0,1,1,1,1,0,0,1,0,0,1,0,0,0,0,0,1,1,0,0,1,1,0,0,0,0,1,0,1,0.35185185185185186,454.54548018011474,1
65,0,0,1,1,1,0,1,1,0,1,0,1,1,0,1,1,1,1,0,0,0,0,1,1,1,0,1,1,1,1,0,0,1,0,0,1,0,0,0,1,0,0,1,0,0,1,1,0,0,0,0,1,0,1,0.3333333333333333,577.1867382205563,1
66,0,0,1,0,1,0,1,1,0,0,0,0,0,0,1,0,1,0,1,0,0,1,1,0,1,0,1,1,1,1,0,0,1,0,0,1,0,0,1,1,0,1,1,0,0,1,1,0,0,0,0,1,0,1,0.3148148148148148,449.4778725266796,1
67,0,0,1,0,1,0,1,1,0,1,0,0,0,0,1,1,1,1,0,0,0,1,1,1,1,0,1,1,1,1,0,0,1,0,0,1,0,0,0,0,0,0,1,0,0,1,1,0,0,0,0,1,0,1,0.37037037037037035,430.6679466470208,1
68,1,0,1,1,1,0,1,1,0,0,0,1,1,0,1,1,0,0,0,1,0,0,1,1,1,0,1,1,1,1,0,1,1,0,0,1,1,0,1,1,0,0,1,0,0,1,1,0,0,0,0,1,0,1,0.2962962962962963,407.02927419063553,1
69,1,0,1,1,1,0,1,1,0,0,0,0,1,0,1,1,1,0,0,0,0,0,1,1,1,0,1,0,1,1,0,0,1,0,0,1,0,0,0,1,0,0,1,0,0,1,1,0,0,0,0,1,0,1,0.2777777777777778,347.17445766771,1
70,1,1,0,1,0,1,0,0,1,0,1,1,0,1,0,0,0,0,0,0,1,1,0,0,0,1,0,0,0,0,1,0,0,1,1,0,1,1,1,1,1,0,0,0,1,0,0,1,0,1,1,0,1,0,0.2777777777777778,319.5902834890868,1
71,1,1,0,0,0,1,0,0,1,1,1,1,0,1,0,0,0,0,0,0,1,0,1,1,0,1,0,0,0,0,1,0,0,1,1,0,0,1,1,1,1,0,0,0,1,0,0,1,0,1,1,0,1,0,0.25925925925925924,334.243233775003,1
72,0,0,0,0,1,0,1,1,0,1,0,1,1,0,1,1,1,1,0,0,0,0,1,1,0,0,1,1,1,1,0,1,1,0,0,1,0,0,0,1,0,0,1,1,0,1,1,0,1,0,0,1,0,1,0.2962962962962963,363.3760754660192,1
73,0,0,1,1,1,0,1,1,0,1,0,0,0,0,0,1,1,1,0,0,0,1,1,1,1,0,1,1,1,1,0,1,1,0,0,1,1,0,1,0,0,0,1,1,0,1,1,0,0,0,0,1,0,1,0.24074074074074073,382.44818826386967,1
74,0,0,1,0,1,0,1,1,0,0,0,0,1,0,0,1,1,1,0,0,0,0,1,0,1,0,1,1,1,1,0,1,1,0,0,1,0,0,1,1,0,0,1,1,0,1,1,0,0,0,0,1,0,1,0.3148148148148148,443.7556974083877,1
75,1,0,0,0,1,0,1,1,0,0,0,0,1,0,0,1,1,0,1,1,0,1,1,1,1,0,1,0,1,1,0,1,1,0,0,1,1,0,1,0,0,0,1,0,0,1,1,0,0,0,0,1,0,1,0.2777777777777778,332.48063704604374,1
76,1,0,1,1,1,0,1,1,0,1,0,1,0,0,1,0,0,1,0,0,0,0,1,1,1,0,1,1,1,1,0,1,1,0,0,1,0,0,0,0,0,0,1,0,0,1,1,0,0,0,0,1,0,1,0.2777777777777778,468.6673496063388,1
77,0,0,1,1,1,0,0,1,0,0,0,0,1,0,0,1,1,0,1,1,0,1,1,1,1,0,1,1,1,1,0,1,1,0,0,1,0,1,0,0,0,0,1,0,0,1,1,0,0,0,0,1,0,1,0.2962962962962963,295.3119065261127,1
78,1,1,0,0,0,1,0,0,1,0,1,1,0,1,0,0,0,0,0,1,1,1,0,1,0,1,0,0,0,0,0,0,0,1,1,0,0,1,1,0,1,1,0,0,1,0,0,1,1,1,1,1,1,0,0.25925925925925924,352.61557512738386,1
79,0,0,0,1,1,0,1,1,0,0,0,0,0,0,1,1,0,1,0,0,0,0,1,1,1,0,1,1,1,1,0,1,1,0,0,1,0,0,0,0,0,0,1,0,0,1,1,0,1,0,0,1,0,1,0.3148148148148148,306.41626578069764,1
80,0,0,1,0,1,0,0,1,0,1,0,0,0,0,1,1,1,0,0,0,0,0,1,0,1,0,1,0,1,1,0,1,0,0,0,1,0,0,0,0,0,1,1,1,0,1,1,0,0,0,0,1,0,1,0.2777777777777778,290.7275692258683,1
81,1,1,0,0,0,1,1,0,1,0,1,1,0,1,0,0,0,0,0,1,1,0,1,0,0,1,0,0,0,0,1,0,0,0,1,0,1,1,1,1,1,1,0,0,1,0,0,1,0,1,1,0,1,0,0.2777777777777778,355.42190036462716,1
82,0,0,1,0,1,0,0,1,0,0,0,0,0,0,1,1,1,0,1,0,0,1,1,1,1,0,1,1,1,1,0,0,1,0,0,1,0,0,0,1,0,0,1,0,0,1,1,0,0,0,0,1,0,1,0.2962962962962963,310.0229961016586,1
83,0,0,0,1,1,0,1,1,0,1,0,0,0,0,1,1,1,1,0,1,1,0,0,0,1,0,1,0,1,1,0,1,1,0,0,1,1,0,0,1,0,0,1,0,0,1,1,0,0,1,0,1,0,1,0.25925925925925924,308.4773840966667,1
84,0,0,0,0,1,0,1,0,0,0,0,1,1,0,1,0,1,0,1,0,0,1,0,0,1,0,1,1,1,1,0,0,1,0,0,1,1,0,0,1,0,0,1,0,0,1,1,0,0,0,0,1,0,1,0.2777777777777778,304.358036592019,1
85,0,0,1,1,1,0,1,1,0,0,0,0,0,0,1,0,1,1,0,0,0,1,1,0,1,0,1,0,1,1,0,1,1,0,0,1,0,0,1,1,0,1,1,1,0,1,0,0,0,0,0,1,0,1,0.3148148148148148,419.5720539725349,1
86,1,1,1,0,0,1,0,0,1,0,1,0,0,1,0,0,0,0,1,0,1,0,1,0,0,1,0,0,0,0,1,0,0,1,1,0,1,0,1,0,1,0,0,0,1,0,0,1,1,1,1,0,1,0,0.3148148148148148,284.23005881166205,1
87,1,1,1,1,0,1,0,0,1,1,1,0,0,1,0,0,0,0,0,0,1,0,0,0,0,1,0,0,0,0,1,0,0,1,1,0,1,1,1,1,0,1,0,0,1,0,0,1,1,0,1,0,1,0,0.25925925925925924,341.3937397327376,1
88,0,0,0,0,1,0,1,1,0,0,0,0,0,0,1,1,1,1,0,1,0,1,1,0,0,0,1,0,1,1,0,0,1,0,0,1,0,0,0,1,0,1,1,1,0,1,1,0,0,0,0,1,0,1,0.2777777777777778,334.01505778046317,1
89,0,1,0,0,0,1,0,0,1,1,1,1,0,1,0,0,0,0,1,1,1,1,1,0,0,1,0,0,0,0,1,1,0,0,1,0,1,1,0,1,1,1,0,0,1,0,0,1,0,0,1,0,1,0,0.25925925925925924,305.5543467784372,1
90,1,0,1,1,1,0,1,1,0,0,0,1,1,0,1,1,1,0,0,0,0,0,1,1,1,0,1,0,1,1,0,1,1,0,0,1,0,0,0,1,0,0,1,0,0,1,1,0,1,0,0,1,0,1,0.2777777777777778,408.9195955531004,1
91,1,1,0,1,0,1,0,0,1,1,1,1,0,1,0,0,0,0,1,1,1,0,0,0,0,1,0,0,0,0,1,0,0,1,1,0,1,0,1,0,1,0,0,0,1,0,0,1,0,1,1,0,1,0,0.3333333333333333,302.24527624994664,1
92,0,0,0,1,1,0,1,1,0,0,0,1,1,0,0,1,0,1,1,0,0,1,1,1,1,0,1,0,1,1,0,0,1,0,0,1,0,0,0,1,0,0,1,0,0,1,1,0,1,0,0,1,0,1,0.25925925925925924,310.62129075242126,1
93,1,0,1,1,1,0,1,1,0,0,0,0,1,0,1,1,1,0,0,0,0,0,1,1,1,0,1,0,1,1,0,0,1,0,0,1,0,0,0,1,0,1,1,1,0,1,1,0,0,0,0,1,0,1,0.2962962962962963,335.25730118835304,1
94,1,0,0,1,1,0,1,1,0,0,0,1,1,0,0,1,1,0,0,0,1,1,0,0,1,0,1,1,1,1,0,1,1,0,0,1,0,0,0,1,0,0,1,0,0,1,0,0,0,0,0,1,0,1,0.2777777777777778,260.2962855243866,1
95,0,0,1,0,1,0,1,1,0,1,0,1,0,0,1,1,0,1,0,0,0,1,1,0,1,0,1,0,1,1,0,0,1,0,0,1,0,0,0,1,0,1,1,1,0,1,1,0,0,0,0,1,0,1,0.25925925925925924,357.0909287333601,1
96,0,0,1,1,1,0,0,1,0,1,0,0,0,0,1,1,1,0,1,0,0,1,1,0,1,0,1,1,1,1,0,0,1,0,0,1,1,0,0,1,0,1,1,1,0,1,1,0,0,0,0,1,0,1,0.37037037037037035,360.7472561862563,1
97,1,0,1,1,1,0,0,1,0,0,0,0,0,0,1,0,1,1,1,1,0,1,1,1,1,0,1,0,1,1,0,0,1,0,0,1,0,0,0,1,0,0,1,1,0,1,1,0,0,0,0,1,1,1,0.25925925925925924,410.64182754179745,1
98,0,0,0,1,1,0,1,1,0,1,0,1,0,0,0,1,0,0,1,0,0,1,1,0,1,0,1,0,1,1,0,1,1,0,0,1,0,0,0,0,0,1,1,0,0,1,1,0,0,0,0,1,0,1,0.2962962962962963,374.2747695576621,1
99,1,0,1,1,1,0,1,1,0,0,0,1,1,0,0,1,0,0,0,1,0,0,0,1,1,0,1,0,1,1,0,1,1,0,0,1,1,0,0,0,0,0,1,0,0,1,1,0,1,0,0,1,0,1,0.2777777777777778,309.6691874707811,1
