,0,1,2,3,4,5,6,7,8,9,10,11,12,13,14,15,16,17,18,19,20,21,22,23,24,25,26,27,28,29,30,31,32,33,34,35,36,37,38,39,40,41,42,43,44,45,46,47,48,49,50,51,52,53,chain_break_fraction,energy,num_occurrences
0,1,1,0,0,0,1,0,0,0,1,1,1,1,1,0,0,0,0,0,0,1,0,1,0,1,1,0,0,1,0,1,0,1,0,1,0,0,1,0,0,1,1,0,1,0,1,1,0,0,1,0,0,0,1,0.2962962962962963,240.6074792146636,1
1,0,1,0,0,0,1,0,1,0,1,1,1,1,1,0,0,0,0,0,0,1,0,1,0,1,1,0,0,1,0,0,0,1,0,1,0,0,0,0,0,1,1,0,1,0,1,1,0,0,1,0,0,0,1,0.2962962962962963,233.00724072478243,1
2,1,1,1,0,0,1,0,0,0,1,1,1,1,1,0,0,0,0,0,0,1,0,1,0,1,1,0,0,1,0,1,0,1,0,1,0,0,1,1,0,1,1,0,1,0,0,1,0,0,1,0,0,0,1,0.25925925925925924,296.54132007153675,1
3,1,1,0,0,0,1,0,1,0,1,1,1,1,1,0,0,0,0,0,0,1,0,0,0,1,0,0,0,0,0,1,0,1,0,1,0,0,1,0,0,1,1,0,1,0,1,1,0,0,0,0,0,0,1,0.3148148148148148,213.75617714637943,1
4,0,0,1,0,1,0,1,0,1,0,0,0,0,0,1,1,1,1,1,1,0,1,0,1,0,0,1,1,0,1,0,1,0,1,0,0,1,0,0,1,0,0,1,0,1,0,0,1,1,1,1,1,1,0,0.3148148148148148,337.7101886567065,1
5,0,1,0,0,0,1,0,1,0,1,1,1,1,1,0,0,1,0,0,0,1,0,1,0,1,1,0,0,1,0,1,0,1,0,1,0,0,1,0,0,1,1,0,1,0,1,1,0,0,1,0,0,0,1,0.3148148148148148,246.78812584683075,1
6,0,1,1,0,0,1,0,1,0,1,1,1,1,1,0,0,0,0,0,0,1,0,1,0,1,0,0,0,1,0,1,0,1,0,1,0,0,0,1,0,1,1,0,1,0,0,1,0,0,1,0,0,0,1,0.24074074074074073,295.7550604978823,1
7,1,1,0,0,0,1,0,1,0,1,1,1,1,1,0,0,0,0,0,0,1,0,0,1,1,1,0,0,1,0,1,0,1,0,1,0,0,1,1,0,1,1,0,1,0,1,1,0,0,1,0,0,0,1,0.2962962962962963,310.3067216352688,1
8,1,1,0,0,0,1,0,1,0,1,1,1,1,1,0,0,0,0,0,0,1,0,0,0,1,1,0,0,1,0,1,0,1,0,1,0,0,1,0,0,1,1,1,1,0,0,1,0,0,1,0,0,0,1,0.2962962962962963,249.03721874428408,1
9,0,1,0,1,0,1,0,0,0,1,1,1,1,1,0,0,0,0,0,1,1,1,0,0,1,1,0,0,1,0,1,0,1,0,1,0,0,1,0,0,1,1,0,1,0,1,1,0,0,1,0,0,0,1,0.2777777777777778,238.22641044637754,1
10,1,1,0,1,0,1,0,1,0,1,1,1,1,1,0,0,0,0,0,0,1,0,1,0,1,1,0,0,1,0,0,0,1,0,1,0,0,1,0,0,1,1,0,1,0,0,1,0,0,1,0,0,0,1,0.3148148148148148,252.40163475240442,1
11,0,1,0,0,0,1,1,1,0,1,1,1,1,1,0,0,0,0,0,0,1,0,0,0,1,1,0,1,1,0,1,0,1,0,1,0,0,0,0,0,1,1,0,1,0,1,1,0,0,1,0,0,0,1,0.3148148148148148,238.25313873764918,1
12,0,1,0,0,0,1,0,1,0,1,1,1,1,1,0,0,0,0,0,0,1,0,1,0,1,0,0,0,1,0,1,0,1,0,1,0,0,1,1,0,1,1,0,0,0,0,1,0,0,1,0,0,0,1,0.3333333333333333,295.13534139523824,1
13,0,1,0,1,0,1,0,1,0,1,1,1,1,1,0,0,1,0,0,0,1,0,1,0,1,1,0,0,1,0,1,0,1,0,1,0,1,0,1,0,1,1,0,0,0,1,1,0,0,1,0,0,0,1,0.2962962962962963,263.43050870675717,1
14,1,1,0,1,0,1,0,1,0,1,1,1,1,1,0,0,0,0,0,1,1,0,1,0,1,1,0,0,1,0,1,0,1,0,1,1,0,1,0,0,1,1,0,1,0,1,1,0,0,1,0,0,0,1,0.35185185185185186,293.84993544296356,1
15,1,1,0,0,0,1,0,0,0,1,1,1,1,1,0,0,0,0,0,0,1,0,1,0,1,1,0,0,1,0,1,0,1,0,0,0,0,1,0,0,1,1,1,1,0,0,1,0,0,0,0,0,0,1,0.24074074074074073,221.25097715910832,1
16,1,1,0,0,0,1,0,0,0,1,1,1,1,1,0,0,0,0,0,0,1,0,1,0,1,1,0,1,1,0,0,0,1,0,1,0,0,1,0,0,1,1,1,1,0,0,1,0,0,1,0,0,0,1,0.2962962962962963,245.648733856701,1
17,0,1,0,0,0,1,0,0,0,1,1,1,1,1,0,0,0,0,0,0,1,0,1,0,1,1,0,1,1,0,1,0,1,0,1,0,1,0,0,0,0,1,1,1,0,1,1,0,0,1,0,0,0,1,0.2777777777777778,231.04646473074783,1
18,0,1,0,0,0,1,0,0,0,1,1,1,1,1,0,0,0,0,0,0,1,0,1,0,1,1,0,0,1,0,1,0,1,0,1,0,0,1,1,0,1,1,0,0,0,0,1,0,0,1,0,1,0,1,0.25925925925925924,299.4819543161523,1
19,1,1,0,1,0,1,0,1,0,1,1,1,1,1,0,0,0,0,0,1,1,0,1,0,1,1,0,0,1,0,1,0,1,0,1,0,0,0,1,0,1,1,0,1,0,1,1,0,0,1,0,0,0,1,0.3148148148148148,278.5353673202593,1
20,0,1,0,1,0,1,0,1,0,1,1,1,1,1,0,0,0,0,0,0,1,0,0,0,1,1,0,0,1,0,1,0,1,0,1,1,0,0,0,0,1,1,0,1,0,0,1,0,0,1,0,0,0,1,0.3148148148148148,276.2795628459289,1
21,1,1,0,1,0,1,0,0,0,1,1,1,1,1,0,0,0,0,0,0,1,0,0,0,1,1,0,0,1,0,1,0,1,0,1,0,1,1,0,0,1,1,1,1,0,0,1,0,0,1,0,0,0,1,0.35185185185185186,259.21215075729134,1
22,0,0,0,0,1,0,1,0,1,0,0,0,0,0,1,1,1,1,1,1,0,1,0,1,0,1,1,1,0,1,0,1,0,1,0,0,1,0,0,1,0,0,0,0,1,0,0,1,1,0,1,0,1,0,0.2037037037037037,333.83310663278905,1
23,0,0,1,1,1,0,1,0,1,0,0,0,0,0,1,1,0,1,1,1,0,1,0,1,0,0,1,1,0,1,0,1,0,1,0,1,1,0,0,1,0,0,1,0,1,0,0,1,1,1,1,1,1,0,0.2962962962962963,329.5412593221757,1
24,1,1,1,0,0,1,0,1,1,1,1,1,1,1,0,0,0,0,0,0,1,0,1,0,1,0,0,0,1,0,0,0,1,0,1,0,0,1,1,0,1,1,1,0,0,0,1,0,0,1,0,0,0,1,0.2962962962962963,363.7168321629499,1
25,0,0,0,0,1,0,1,0,1,0,0,0,0,0,1,1,0,1,1,1,0,1,0,1,0,1,1,1,0,1,0,1,0,1,0,1,1,0,0,1,0,0,1,0,1,0,0,1,1,1,1,1,1,0,0.2777777777777778,331.37578105582764,1
26,0,1,0,0,0,1,0,1,0,1,1,0,1,1,0,0,0,0,0,0,1,0,1,0,1,1,0,0,1,0,1,0,1,0,1,0,0,0,1,0,1,1,0,1,0,0,1,0,0,0,0,0,0,1,0.2777777777777778,244.03158504840405,1
27,0,0,1,0,1,0,1,0,1,0,0,0,0,0,1,1,0,1,1,1,0,1,1,0,0,0,1,0,0,1,0,1,0,1,0,1,1,0,0,1,0,0,1,1,1,1,0,1,1,1,1,1,1,0,0.2777777777777778,349.9976277849406,1
28,1,1,1,0,0,1,0,0,0,1,1,0,0,1,0,0,1,0,0,0,1,0,1,0,1,0,0,0,1,0,1,0,1,0,1,0,0,1,0,0,1,1,0,1,0,1,1,0,0,1,0,0,0,1,0.2962962962962963,245.44284191663658,1
29,0,0,1,0,1,0,1,0,1,0,0,0,0,0,1,1,0,1,1,1,0,1,1,0,0,1,1,1,0,1,0,1,0,1,0,0,1,0,0,1,1,0,1,0,1,0,0,1,1,1,1,1,1,0,0.2962962962962963,289.02791988470386,1
30,0,1,0,0,0,1,0,0,0,1,1,1,1,1,0,0,1,0,0,0,1,0,1,0,1,1,0,0,1,0,0,0,1,0,1,0,0,1,0,0,1,1,0,1,0,0,1,0,0,1,0,0,0,1,0.2777777777777778,231.2108290874055,1
31,1,1,0,0,0,1,0,1,0,1,1,1,1,1,0,0,0,0,0,0,1,0,1,0,1,1,0,1,1,0,0,0,1,0,1,1,0,1,1,0,1,1,0,1,0,0,1,0,0,1,0,0,0,1,0.3148148148148148,389.0710537429459,1
32,1,0,0,1,1,0,1,0,1,0,0,0,0,0,1,1,1,1,1,1,0,1,0,1,0,0,1,1,0,1,0,1,0,1,0,0,1,0,0,1,0,0,0,0,1,0,0,1,0,1,1,1,1,0,0.2777777777777778,311.3163206434555,1
33,0,0,1,0,1,0,1,0,1,0,0,0,0,0,1,1,1,1,1,1,0,1,1,1,0,0,1,0,0,1,0,1,0,1,0,1,1,0,0,1,0,0,1,0,1,0,0,1,1,1,1,1,1,0,0.37037037037037035,358.94650258746725,1
34,0,1,0,0,0,1,0,0,0,1,1,1,1,1,0,0,1,0,0,0,1,0,0,0,1,1,0,0,0,0,1,0,1,0,1,0,0,0,0,0,0,1,1,1,0,0,1,0,0,1,0,0,0,1,0.3333333333333333,210.99282671796874,1
35,0,1,0,0,0,1,0,1,0,1,1,1,1,1,0,0,0,0,0,0,1,0,1,0,1,1,0,0,1,0,1,0,1,0,0,1,0,1,1,0,1,1,1,1,0,0,1,0,0,1,0,0,0,1,0.2962962962962963,378.60652736774944,1
36,0,1,1,0,0,1,0,1,0,1,1,1,1,1,0,0,1,0,0,0,1,0,1,0,1,0,0,0,1,0,1,0,1,0,1,0,0,1,1,0,1,1,1,0,0,0,1,0,0,1,0,0,0,1,0.3333333333333333,300.02831602289143,1
37,0,0,0,0,1,0,1,0,1,0,0,0,0,0,1,1,0,1,1,1,0,1,1,0,0,0,1,0,0,1,0,1,0,1,0,0,1,0,0,1,0,0,0,0,1,1,0,1,1,1,1,1,1,0,0.3148148148148148,266.2566499909303,1
38,0,1,0,1,0,1,0,1,0,1,1,1,1,1,0,0,1,0,0,0,1,0,0,0,0,1,0,0,1,0,0,0,1,0,1,1,0,0,0,1,1,1,0,1,0,1,1,0,0,1,0,0,0,1,0.3148148148148148,276.76286203286935,1
39,1,1,0,0,0,1,0,1,0,1,1,1,1,1,0,0,0,0,0,0,1,0,1,0,1,1,0,1,0,0,1,0,1,0,0,0,0,1,1,0,1,1,0,1,0,1,1,0,0,1,0,0,0,1,0.3333333333333333,262.61644705047894,1
40,0,0,0,1,1,0,0,0,1,0,0,0,0,0,1,1,1,1,1,1,0,1,0,1,0,1,1,1,0,1,0,1,0,1,0,1,1,0,0,1,0,0,1,0,1,1,0,1,1,1,1,1,1,0,0.25925925925925924,325.2851022914682,1
41,0,1,1,0,0,1,0,0,0,1,1,1,1,1,0,0,0,0,0,0,1,0,0,0,1,1,0,0,1,0,1,0,1,0,1,1,0,0,0,0,0,1,0,1,0,1,1,0,0,1,0,0,0,1,0.3333333333333333,266.9514897631278,1
42,1,1,1,0,0,1,0,0,0,1,1,1,1,1,0,0,0,0,0,0,1,0,1,0,1,0,0,0,1,0,1,0,1,0,1,0,0,1,0,0,1,1,1,1,0,1,1,0,0,1,0,0,0,1,0.2962962962962963,270.4657304436855,1
43,1,1,1,0,0,1,0,1,0,1,1,0,1,1,0,0,0,0,0,0,1,0,0,0,1,0,0,0,1,0,0,0,1,0,1,0,0,1,0,0,0,1,0,1,0,0,1,0,0,1,0,0,0,1,0.2777777777777778,217.5321092656099,1
44,0,0,1,1,1,0,1,0,1,0,0,0,0,0,1,1,1,1,1,1,0,1,0,1,0,0,1,1,0,1,0,1,0,1,0,0,1,0,0,1,0,0,1,0,1,0,0,1,1,1,1,1,1,0,0.3888888888888889,350.5069523968694,1
45,0,0,1,1,1,0,1,0,1,0,0,0,0,0,1,1,0,1,1,1,0,1,1,0,0,1,1,1,0,1,0,1,0,1,0,0,1,0,0,1,0,0,1,0,1,0,0,1,1,1,1,1,1,0,0.3148148148148148,294.5220313595049,1
46,1,1,0,0,0,1,1,1,0,1,1,1,1,1,0,0,1,0,0,0,1,0,1,0,1,1,0,0,1,0,1,0,1,0,1,0,0,0,0,0,1,1,1,1,0,1,1,0,0,1,0,0,0,1,0.37037037037037035,265.8521214981641,1
47,1,1,0,0,0,1,0,0,0,1,1,1,0,1,0,0,0,0,0,0,1,0,1,0,1,1,0,0,1,0,0,0,1,0,1,0,0,1,0,0,1,1,0,1,0,1,1,0,0,0,0,0,0,1,0.3148148148148148,215.2866923909599,1
48,0,0,1,1,1,0,1,0,1,0,0,0,0,0,1,0,0,1,1,1,0,1,0,1,0,0,1,0,0,1,0,1,0,1,0,0,1,0,0,1,0,0,0,0,1,0,0,1,1,1,1,1,1,0,0.3148148148148148,319.05659813487324,1
49,0,0,0,1,1,0,1,0,1,0,0,0,1,0,1,1,0,1,1,1,0,1,1,0,0,0,1,1,0,1,0,1,0,1,0,1,1,0,0,1,0,0,0,0,1,0,0,1,1,1,1,1,1,0,0.2777777777777778,315.6346232564345,1
50,1,0,0,1,1,0,1,0,1,0,0,0,0,0,0,1,1,1,1,1,0,1,1,1,0,1,1,1,0,1,0,1,0,1,0,1,1,0,0,0,0,0,1,0,1,1,0,0,1,1,1,1,1,0,0.2777777777777778,288.20603316343835,1
51,0,0,1,0,1,0,0,0,1,0,0,0,0,0,1,1,1,1,1,1,0,1,1,1,0,0,1,0,0,1,0,1,0,1,0,0,1,0,0,1,0,0,0,0,1,1,0,1,1,1,1,1,1,0,0.3333333333333333,367.7127544727929,1
52,0,0,1,0,1,0,1,0,1,0,0,0,0,0,1,1,0,1,1,1,0,1,1,1,0,0,1,0,0,1,1,1,0,1,0,0,1,0,0,1,0,0,1,0,1,1,0,1,1,1,1,1,1,0,0.3333333333333333,334.10634149267423,1
53,0,0,1,1,1,0,1,0,1,0,0,0,0,0,1,1,1,1,1,1,0,1,1,1,0,0,1,0,0,1,0,1,0,1,0,0,1,0,0,1,0,0,1,0,1,1,0,1,1,1,1,1,1,0,0.3148148148148148,392.01502677886117,1
54,1,1,0,0,0,0,0,0,0,1,1,1,1,1,0,0,0,0,1,0,1,0,1,0,1,1,0,0,1,0,0,0,1,0,1,0,0,1,0,0,1,1,0,0,0,0,1,0,0,1,0,0,0,1,0.25925925925925924,203.6224484628165,1
55,0,0,1,0,1,0,1,0,1,0,0,0,0,0,1,1,0,1,1,1,0,0,0,1,0,0,1,0,0,1,0,1,0,1,0,0,1,0,0,1,0,0,0,0,1,1,0,1,1,1,1,1,1,0,0.3148148148148148,298.86726598402873,1
56,0,1,0,0,0,1,0,0,0,1,1,1,1,1,0,0,0,0,0,0,1,0,1,0,1,0,0,1,0,0,1,0,1,0,1,1,0,1,0,0,1,1,0,1,0,1,1,0,0,1,0,0,0,1,0.2962962962962963,350.97911874503995,1
57,1,0,0,1,1,0,0,0,1,0,0,0,0,0,1,1,0,1,1,0,0,1,1,0,0,1,1,1,0,1,0,1,0,1,0,0,1,0,0,1,0,0,1,0,1,0,0,1,1,1,1,1,1,0,0.25925925925925924,257.05776988700995,1
58,0,0,1,0,1,0,1,0,1,0,0,0,0,0,1,1,0,1,1,1,0,1,1,1,1,0,1,1,0,1,0,1,0,1,0,1,1,0,0,1,0,0,1,1,1,0,0,1,1,1,1,1,1,0,0.37037037037037035,352.5397271629882,1
59,0,0,1,0,1,0,1,0,1,0,0,0,0,0,1,1,0,1,1,1,0,1,0,1,0,1,1,0,0,1,0,1,0,1,0,1,1,0,0,1,0,0,1,0,1,0,0,1,1,1,1,1,1,0,0.35185185185185186,327.1561328033142,1
60,0,0,1,0,1,0,1,0,1,0,0,0,0,0,1,1,1,1,1,1,0,1,0,1,0,1,1,1,0,1,0,1,0,1,0,0,1,1,0,1,0,0,1,0,1,0,0,1,1,1,1,1,1,0,0.3333333333333333,345.332361058473,1
61,0,0,1,1,1,0,1,0,1,0,0,0,0,0,1,0,0,1,1,1,0,1,0,1,0,1,1,1,0,1,0,1,0,1,0,1,1,0,0,1,0,0,1,1,1,0,0,1,1,0,1,1,1,0,0.2777777777777778,322.7192574398396,1
62,0,0,1,0,1,0,1,0,1,1,0,0,0,0,1,1,0,1,1,1,0,1,1,1,0,0,1,1,0,1,0,1,0,1,0,0,1,0,1,1,0,0,1,0,1,0,0,1,1,1,1,1,1,0,0.3148148148148148,356.2040558761339,1
63,1,1,0,0,0,1,0,1,0,1,1,1,1,1,0,0,0,0,0,0,1,0,1,0,1,1,0,0,1,0,0,0,1,0,1,0,0,1,0,1,0,1,0,1,0,1,1,0,0,1,0,0,0,1,0.3148148148148148,236.8458846090958,1
64,1,0,0,1,1,0,1,0,1,1,0,0,0,0,1,1,1,1,1,1,0,1,0,1,0,1,1,1,0,1,0,1,0,1,0,0,1,0,0,0,0,0,1,0,1,1,0,1,1,1,1,1,1,0,0.2777777777777778,333.5143723758167,1
65,1,0,1,0,1,0,1,0,1,0,0,0,0,0,1,1,0,1,1,1,0,1,0,0,0,0,1,0,0,1,0,1,0,1,0,1,1,0,0,1,0,0,0,0,1,1,0,1,1,1,1,1,1,0,0.2777777777777778,302.4606755690092,1
66,0,1,0,0,0,1,1,1,0,1,1,1,1,1,0,0,0,0,0,0,1,0,1,0,1,1,0,0,1,0,1,0,1,0,1,1,0,1,0,0,1,1,0,0,0,0,1,1,0,1,0,0,0,1,0.35185185185185186,329.5477349383857,1
67,0,1,1,0,0,1,0,1,0,1,1,1,1,1,0,0,0,0,0,0,1,0,0,0,0,1,0,0,1,0,0,0,1,0,1,1,0,0,1,0,1,1,1,1,0,1,1,0,0,1,0,0,0,1,0.35185185185185186,371.7190376455758,1
68,0,0,1,1,1,0,1,0,1,0,0,0,0,0,1,1,1,1,1,1,0,1,1,1,1,0,1,1,0,1,0,1,0,1,0,0,1,0,0,1,0,0,1,0,1,1,0,1,1,1,1,1,1,0,0.35185185185185186,395.15946611929326,1
69,0,0,1,0,1,0,0,0,1,0,0,0,0,0,1,1,0,1,1,1,0,0,1,0,0,0,1,0,0,1,0,1,0,1,0,0,1,0,0,1,0,0,0,0,1,0,0,1,1,1,1,1,1,0,0.3148148148148148,264.0040940899991,1
70,0,0,1,1,1,0,1,0,1,0,0,0,0,0,1,1,1,1,1,1,0,1,1,0,0,0,1,0,0,1,0,1,0,1,0,1,1,0,0,1,0,0,1,0,1,1,0,1,1,1,1,1,1,0,0.37037037037037035,306.16686788398107,1
71,0,0,0,0,1,0,1,0,1,0,0,0,0,0,1,1,1,1,1,1,0,1,1,1,0,0,1,0,0,1,0,1,0,1,0,1,1,0,0,1,0,0,1,0,1,0,0,1,1,1,1,1,1,0,0.3148148148148148,330.55645548371666,1
72,0,0,1,1,1,0,0,0,1,0,0,0,0,0,1,1,0,1,1,1,0,1,1,0,0,0,1,0,0,1,0,1,0,1,0,0,1,0,1,1,0,0,0,0,1,0,0,1,1,1,1,1,1,0,0.2962962962962963,301.9527910687837,1
73,0,0,1,0,1,0,1,0,1,0,0,0,0,0,1,1,1,1,1,1,0,1,1,1,0,0,1,1,1,1,0,1,0,1,0,0,0,0,0,0,0,0,1,1,1,0,0,1,1,1,1,1,1,0,0.2777777777777778,371.7845242055669,1
74,0,1,1,0,0,1,0,1,1,1,1,1,0,1,0,0,0,0,0,0,1,0,0,1,1,1,1,1,1,0,1,0,1,0,1,0,0,1,1,0,1,1,0,1,0,0,1,0,0,0,0,0,0,1,0.2037037037037037,485.7463912522973,1
75,0,0,1,0,1,0,1,0,1,0,0,0,0,0,1,1,1,1,1,1,0,1,0,1,0,1,1,0,0,1,0,1,0,1,0,0,1,0,0,1,0,0,1,0,1,1,0,1,1,1,1,0,1,0,0.2962962962962963,378.54929970145105,1
76,0,0,0,0,1,0,1,0,1,0,0,0,1,0,1,1,1,1,1,1,0,1,0,1,0,1,1,1,0,1,0,1,0,1,0,0,1,0,0,0,0,0,1,0,1,1,0,1,1,1,1,1,1,0,0.2777777777777778,316.1244029966909,1
77,0,0,1,0,1,0,0,1,1,0,0,0,0,0,1,1,1,1,1,1,0,1,0,1,0,1,1,1,0,1,0,1,0,1,0,0,1,0,0,1,0,0,0,0,1,1,0,1,0,1,1,1,1,0,0.2962962962962963,402.354971872949,1
78,0,0,1,0,1,0,1,0,1,0,0,0,1,0,1,1,0,1,1,1,0,0,1,1,0,0,1,0,0,1,0,1,0,1,0,0,1,0,0,0,0,0,0,0,1,0,0,1,1,1,1,1,1,0,0.2962962962962963,376.01826541129225,1
79,0,0,1,1,1,0,1,0,1,0,0,0,0,0,1,1,1,1,1,1,0,1,1,0,0,0,1,1,0,1,0,1,0,1,0,1,1,0,0,1,0,0,1,0,1,1,0,1,1,0,1,1,1,0,0.3333333333333333,296.36586041565226,1
80,0,0,1,0,1,0,1,0,1,0,0,0,1,0,1,1,1,1,1,0,0,1,1,1,1,0,1,0,0,1,0,1,0,1,0,0,1,0,0,1,0,0,0,0,1,1,0,1,1,1,1,1,1,0,0.3333333333333333,381.44121749808835,1
81,1,0,1,0,1,0,0,0,1,0,0,0,1,0,1,0,1,1,1,1,0,1,0,1,0,0,1,1,0,1,0,1,0,1,0,1,1,1,0,1,0,0,0,1,1,0,0,1,1,0,1,1,1,0,0.3148148148148148,335.259375411185,1
82,1,0,0,0,1,0,1,0,1,0,0,0,1,0,1,1,0,1,1,1,0,1,1,1,0,1,1,0,0,1,0,1,0,1,0,1,1,0,0,1,0,0,0,0,1,1,0,1,1,1,1,1,1,0,0.3148148148148148,329.28141583893154,1
83,0,0,1,1,1,0,1,0,1,0,0,0,0,0,1,1,1,1,1,1,0,1,1,1,0,0,1,0,0,1,1,1,0,1,0,1,1,1,0,1,0,0,0,0,1,1,0,1,1,1,1,1,1,0,0.3333333333333333,361.1223580878376,1
84,1,1,1,0,0,1,0,0,1,1,1,1,1,1,0,0,0,0,0,0,1,1,1,0,1,0,0,0,1,0,1,0,1,0,1,0,0,0,1,0,1,1,1,1,0,1,1,0,0,1,0,0,0,1,0.25925925925925924,333.24771608960145,1
85,0,0,1,0,1,0,1,0,1,0,0,0,0,0,1,0,0,1,0,1,0,0,0,1,0,1,1,0,0,1,0,1,0,1,0,0,0,0,0,1,0,0,1,0,1,0,0,1,1,1,1,1,1,0,0.3148148148148148,301.0897694831804,1
86,0,0,1,1,1,0,1,0,1,0,0,0,0,0,1,1,1,1,1,1,0,1,1,0,0,0,1,0,0,1,0,1,0,1,0,1,1,0,0,1,0,0,0,0,1,1,0,1,1,1,1,1,1,0,0.3148148148148148,302.9615475591029,1
87,0,0,1,0,1,0,1,0,1,1,0,0,0,0,1,1,0,1,1,1,0,0,1,1,0,0,1,1,0,1,0,1,0,1,0,0,1,0,0,1,0,0,1,0,1,1,0,1,1,1,1,1,1,0,0.37037037037037035,330.77070711625714,1
88,1,0,1,1,1,0,0,1,1,0,0,0,0,0,1,1,0,1,1,1,0,1,0,1,0,1,1,0,0,1,0,1,0,1,0,1,1,1,1,1,0,0,1,0,1,0,0,1,1,1,1,0,1,0,0.3333333333333333,378.7087835835052,1
89,0,1,0,0,0,1,0,0,0,1,1,1,1,1,0,0,0,0,0,0,1,0,0,1,1,1,0,0,1,0,1,0,1,0,0,0,0,1,0,0,1,1,1,1,0,1,1,0,0,1,0,1,0,1,0.37037037037037035,255.03381601583396,1
90,0,0,0,0,1,0,1,0,1,0,0,0,1,0,1,1,0,1,1,1,0,1,1,1,0,0,1,0,0,1,0,1,0,1,0,1,1,0,0,0,0,0,0,0,1,1,0,1,1,1,1,1,1,0,0.2962962962962963,324.9518518189974,1
91,0,1,1,0,1,0,1,0,1,0,0,0,0,0,1,1,1,1,1,1,0,1,1,0,0,0,1,0,0,1,0,0,0,1,0,0,1,0,0,0,0,0,0,0,1,1,0,1,1,1,1,1,1,0,0.25925925925925924,361.08336349088756,1
92,1,0,0,1,1,0,1,1,1,0,0,0,0,0,0,0,1,1,1,1,0,1,1,0,0,1,1,0,0,1,0,1,0,1,1,1,1,1,0,1,0,0,0,0,1,0,0,1,1,0,1,1,1,0,0.25925925925925924,302.2614317017111,1
93,0,0,1,0,1,0,1,0,1,0,0,0,1,0,1,1,0,1,1,1,0,1,0,0,0,0,1,0,0,1,0,1,0,1,1,0,1,0,0,1,0,0,1,0,1,1,0,0,1,1,1,1,1,0,0.3333333333333333,259.65257307729576,1
94,0,0,1,0,1,0,1,0,1,0,0,0,0,0,1,1,0,1,1,1,0,1,0,1,1,0,1,0,0,1,0,1,0,1,0,0,1,0,0,1,0,0,1,0,1,0,0,1,1,1,1,1,1,0,0.3148148148148148,322.39309017973983,1
95,0,0,1,1,1,0,1,0,1,1,0,0,1,0,1,1,1,1,1,1,0,0,1,0,0,1,1,0,0,1,0,0,0,1,0,1,1,0,0,1,0,0,1,0,1,1,0,1,1,1,1,1,1,0,0.25925925925925924,321.9586264236505,1
96,1,0,1,1,1,0,1,0,1,0,0,0,0,0,1,0,1,1,1,1,0,0,1,0,0,0,1,0,0,1,0,1,0,1,0,1,1,0,0,0,0,0,1,0,1,1,0,1,1,1,1,1,1,0,0.35185185185185186,297.96505209221857,1
97,0,0,0,0,1,0,1,0,1,0,0,0,0,0,1,1,0,1,1,0,0,1,0,1,0,0,1,1,0,1,0,1,0,1,0,0,1,0,0,1,0,0,1,0,1,1,0,1,0,1,1,1,1,0,0.3888888888888889,291.4606488487251,1
98,1,1,0,1,0,1,0,1,1,1,1,1,1,1,0,0,0,0,1,0,1,0,1,0,0,0,0,0,0,0,1,0,1,0,1,1,0,1,1,0,0,1,0,1,0,1,1,0,1,0,0,0,0,1,0.2962962962962963,336.33029982852275,1
99,0,0,0,1,1,0,1,0,1,0,0,0,0,0,1,0,0,1,1,1,0,1,0,0,0,0,1,0,0,1,0,1,0,1,0,0,1,0,0,1,0,0,0,0,1,1,0,1,1,1,1,1,1,0,0.35185185185185186,269.8039539504616,1
