,0,1,2,3,4,5,6,7,8,9,10,11,12,13,14,15,16,17,18,19,20,21,22,23,24,25,26,27,28,29,30,31,32,33,34,35,chain_break_fraction,energy,num_occurrences
0,0,1,0,0,0,1,1,0,0,1,0,1,0,0,0,0,0,0,0,1,0,0,1,0,0,1,0,1,0,0,1,0,1,0,0,0,0.16666666666666666,8.563845902138308,1
1,0,1,0,0,0,1,1,0,0,1,0,1,0,0,0,0,0,0,0,1,0,0,1,0,0,1,0,1,0,0,1,0,1,0,0,0,0.19444444444444445,8.563845902138308,1
2,0,1,0,0,0,1,1,0,0,1,0,1,0,0,0,0,0,0,0,1,0,0,1,0,0,1,0,1,0,0,1,0,1,0,0,0,0.19444444444444445,8.563845902138308,1
3,0,1,0,0,0,1,1,0,0,1,0,1,0,0,1,0,0,0,1,1,0,0,1,0,0,1,0,1,0,0,1,0,1,0,0,0,0.16666666666666666,9.609916450764322,1
4,1,1,0,0,0,1,0,0,0,1,0,1,0,0,0,0,0,0,0,1,0,0,1,0,0,1,0,1,0,0,1,0,1,0,0,0,0.1388888888888889,9.547455482606654,1
5,0,1,0,0,0,1,1,0,0,1,0,1,0,0,0,0,1,0,0,1,0,0,1,0,0,1,0,1,0,0,1,0,1,0,0,0,0.16666666666666666,7.829004735394209,1
6,0,1,0,1,0,1,1,0,0,1,0,1,0,0,0,0,0,0,0,1,0,0,1,0,0,1,0,1,0,0,1,0,1,0,0,0,0.19444444444444445,12.951632540140736,1
7,0,1,0,0,0,1,1,0,0,1,0,1,0,0,0,0,0,0,0,1,0,0,1,0,0,1,0,1,0,0,1,0,1,0,0,0,0.2222222222222222,8.563845902138308,1
8,0,1,0,0,0,1,1,0,0,1,0,1,1,0,0,0,0,0,0,1,0,0,1,0,0,1,0,1,0,0,0,0,1,0,0,0,0.16666666666666666,8.056787678066657,1
9,0,1,1,0,0,1,1,0,0,1,0,1,0,0,0,0,0,0,1,1,0,0,1,0,0,1,0,1,0,0,1,0,1,0,0,0,0.1388888888888889,10.781518113742763,1
10,1,1,0,0,0,1,1,0,0,1,0,1,0,0,1,0,0,0,1,1,0,0,1,0,0,1,0,1,0,0,1,0,1,0,0,0,0.19444444444444445,11.273171587428376,1
11,0,1,0,1,0,1,0,0,0,1,0,1,0,0,0,0,0,0,0,1,0,0,1,0,0,1,0,1,0,0,1,0,1,0,0,0,0.16666666666666666,11.040067985860812,1
12,0,1,0,1,0,1,1,0,0,1,0,1,0,0,0,0,0,0,1,1,0,0,1,0,0,1,0,1,0,0,1,0,1,0,0,0,0.19444444444444445,13.47538582610439,1
13,0,1,0,0,0,1,1,0,0,1,0,1,0,0,0,0,0,0,0,1,0,0,1,0,0,1,0,1,0,0,1,0,1,0,0,0,0.2777777777777778,8.563845902138308,1
14,1,1,0,0,0,1,1,0,0,1,0,1,0,0,0,0,0,0,1,1,0,0,1,0,0,1,0,1,0,0,0,0,1,0,0,0,0.16666666666666666,10.220434293689074,1
15,0,1,0,1,0,1,1,0,0,0,0,0,0,0,0,0,0,0,0,1,0,0,1,0,0,1,0,1,0,0,1,0,1,0,0,0,0.19444444444444445,7.166196214784536,1
16,0,1,0,1,0,1,1,0,0,1,0,1,0,0,0,0,0,0,0,1,0,0,1,0,0,1,0,1,0,0,1,0,1,0,0,0,0.16666666666666666,12.951632540140736,1
17,0,1,0,0,0,1,1,0,0,1,0,1,0,0,0,0,0,0,0,1,0,0,1,0,0,1,0,1,0,0,1,0,1,0,0,0,0.25,8.563845902138308,1
18,0,1,0,0,0,1,1,0,0,1,0,0,0,0,1,0,0,0,0,1,0,0,1,0,0,1,0,1,0,0,1,0,1,0,0,0,0.2222222222222222,7.198325085004668,1
19,0,1,0,1,0,1,1,0,0,1,0,1,0,0,0,0,0,0,0,1,0,0,1,0,0,1,0,1,0,0,1,0,1,0,0,0,0.19444444444444445,12.951632540140736,1
20,0,1,0,0,0,1,1,0,0,1,0,1,1,0,0,0,0,0,1,1,0,0,1,0,0,1,0,1,0,0,1,0,1,0,0,0,0.2222222222222222,8.601221792721743,1
21,1,1,0,0,0,1,1,0,0,0,0,1,1,0,0,0,0,0,0,1,0,0,1,0,0,1,0,1,0,0,1,0,1,0,0,0,0.2222222222222222,5.625506714466661,1
22,0,1,0,1,0,1,0,0,0,1,0,1,0,0,0,0,0,0,0,1,0,0,1,0,0,1,0,1,0,0,1,0,1,0,0,0,0.25,11.040067985860812,1
23,1,1,0,1,0,1,1,0,0,1,0,1,0,0,0,0,0,0,0,1,0,0,1,0,0,1,0,1,0,0,1,0,1,0,0,0,0.2222222222222222,15.623682999031367,1
24,0,1,0,0,0,1,1,0,0,1,0,0,0,0,1,0,0,0,0,0,0,0,1,0,0,1,0,1,0,0,1,0,1,0,0,0,0.16666666666666666,5.1506136969544,1
25,0,1,0,1,0,1,0,0,0,0,0,1,0,0,0,0,0,0,0,1,0,0,1,0,0,1,0,1,0,0,1,0,1,0,0,0,0.19444444444444445,8.618352528603705,1
26,0,1,0,1,0,1,0,0,0,1,0,1,0,0,0,0,0,0,0,1,0,0,1,0,0,1,0,1,0,0,1,0,1,0,0,0,0.2222222222222222,11.040067985860812,1
27,1,1,0,0,0,1,1,0,0,1,0,1,0,0,0,0,0,0,1,1,0,0,1,0,0,1,0,1,0,0,1,0,1,0,0,0,0.2777777777777778,11.243405628886483,1
28,0,1,0,1,0,1,0,0,0,1,0,1,0,0,0,0,0,0,1,1,0,0,1,0,0,1,0,1,0,0,0,0,1,0,0,0,0.19444444444444445,11.040067985860798,1
29,1,1,0,0,0,1,1,0,0,1,0,1,1,0,0,0,0,0,1,1,0,0,1,0,0,1,0,1,0,0,0,0,1,0,0,0,0.25,9.985601108152212,1
30,0,1,0,1,0,1,1,0,0,0,0,0,1,0,1,0,0,0,0,1,0,0,1,0,0,1,0,1,0,0,1,0,1,0,0,0,0.25,4.927662117519774,1
31,0,1,0,0,0,1,0,0,0,1,0,1,0,0,0,0,0,0,1,1,0,0,0,0,0,1,0,1,0,0,1,0,1,0,0,0,0.25,9.14975355907874,1
32,0,1,0,0,0,1,1,0,0,1,0,1,0,0,0,0,0,0,1,1,0,0,1,0,0,1,0,1,0,1,1,0,1,0,0,0,0.25,17.13525939986678,1
33,0,1,0,1,0,1,0,0,0,1,0,1,0,0,0,0,0,0,0,1,0,0,1,0,0,1,0,1,0,0,1,0,1,0,0,0,0.25,11.040067985860812,1
34,0,1,0,1,0,1,1,0,0,1,0,1,1,0,0,0,0,0,0,1,0,0,0,0,0,1,0,1,0,0,1,0,1,0,0,0,0.2222222222222222,14.647338334628511,1
35,0,1,0,0,0,1,1,0,0,1,0,0,0,0,0,0,0,0,0,1,0,0,1,0,0,1,0,1,0,0,1,0,1,0,0,0,0.2222222222222222,8.1760592641359,1
36,0,1,0,0,0,1,1,0,0,0,0,0,1,0,0,0,0,0,0,0,0,0,0,0,0,1,0,1,0,0,0,1,1,0,0,0,0.1388888888888889,3.3499823892922143,1
37,0,1,0,0,0,1,1,0,0,1,0,1,1,0,0,0,0,0,0,1,0,0,1,0,0,1,0,1,0,0,1,0,1,0,0,0,0.25,7.829004735394209,1
38,0,1,0,1,0,1,1,0,0,0,0,0,0,0,0,0,0,0,0,0,0,0,1,0,0,1,0,1,0,0,1,0,0,0,0,0,0.1388888888888889,5.18834156363968,1
39,0,1,0,1,0,1,1,0,0,1,0,1,0,0,0,0,0,0,0,1,0,0,1,0,0,1,0,1,0,0,1,0,1,0,0,0,0.3333333333333333,12.951632540140736,1
40,1,1,0,1,0,1,0,0,0,0,0,0,0,0,1,0,0,0,0,0,0,0,1,0,0,1,0,1,0,0,1,0,1,0,0,0,0.16666666666666666,4.145210224452944,1
41,0,1,0,0,0,1,0,0,0,0,0,0,1,0,0,0,0,0,0,0,0,0,1,0,0,0,0,1,0,0,0,0,1,0,1,0,0.05555555555555555,0.84925589957941,1
42,0,1,0,1,0,1,0,0,0,1,0,1,0,0,0,0,0,0,0,1,0,0,1,0,0,1,0,1,0,0,1,0,1,0,0,0,0.3055555555555556,11.040067985860812,1
43,1,1,0,1,0,1,1,0,0,0,0,0,0,0,1,0,0,0,1,0,0,0,0,1,0,1,0,1,0,0,1,0,1,0,0,0,0.16666666666666666,6.2698303904345165,1
44,0,1,0,1,0,1,0,0,0,1,0,1,0,0,0,0,0,0,0,0,0,0,1,0,0,1,0,1,0,0,1,0,1,0,0,0,0.19444444444444445,10.992559347038311,1
45,1,1,0,0,0,1,1,0,0,0,0,0,0,0,1,0,0,0,1,0,0,0,1,0,0,1,0,1,0,0,1,0,1,0,0,0,0.1388888888888889,3.462529954911203,1
46,0,1,0,0,0,1,1,0,0,1,0,1,0,0,0,0,0,0,0,1,0,0,0,0,0,1,0,1,0,0,1,0,1,0,0,0,0.2777777777777778,8.466420647940735,1
47,0,1,0,1,0,1,1,0,0,1,0,0,0,0,0,0,0,0,0,1,0,0,1,1,0,1,0,1,0,0,0,0,1,0,0,0,0.19444444444444445,10.899705090554352,1
48,0,0,0,1,0,1,1,0,0,0,0,0,0,0,0,0,1,0,1,1,0,0,1,0,0,0,0,1,0,0,0,0,0,0,0,0,0.1111111111111111,2.8101665566888396,1
49,0,1,0,0,0,1,0,0,0,0,0,1,1,0,0,0,0,0,0,1,0,0,0,0,0,1,0,1,0,0,1,0,1,0,0,0,0.16666666666666666,4.6580809771964695,1
50,1,0,1,0,1,0,0,1,1,0,1,0,1,0,1,1,1,1,0,0,1,1,0,0,1,1,1,0,1,1,0,1,0,1,1,1,0.1388888888888889,25.609457465201817,1
51,1,0,1,0,1,0,0,1,0,0,1,0,1,1,0,1,1,1,1,0,1,1,0,0,1,1,1,0,1,1,0,1,0,1,1,1,0.2222222222222222,30.387280460760607,1
52,0,0,1,0,1,0,0,1,1,0,1,0,0,1,1,1,1,1,0,0,1,1,0,0,1,1,1,0,1,1,0,1,0,1,1,1,0.16666666666666666,27.461906928344348,1
53,0,0,0,0,0,0,0,0,0,1,1,0,1,0,0,0,0,0,0,0,0,0,0,0,0,0,1,0,0,0,1,0,1,0,0,0,0.0,-0.806531563111177,1
54,0,1,0,1,0,1,0,0,0,1,0,0,0,0,0,0,0,0,0,0,0,0,1,0,0,1,0,1,0,0,1,0,1,0,0,0,0.19444444444444445,6.3439564064406335,1
55,1,0,1,0,1,0,0,0,1,0,1,0,1,0,0,0,1,1,1,0,1,1,0,0,0,0,0,0,1,1,0,0,0,1,1,0,0.027777777777777776,3.0798393738391048,1
56,1,0,1,0,1,0,0,1,1,0,1,0,1,1,1,1,1,1,0,0,1,1,0,0,1,1,1,0,1,1,0,1,0,1,1,1,0.2777777777777778,26.079103244104417,1
57,1,1,0,0,0,1,0,0,0,0,0,1,0,0,1,0,0,0,1,1,0,0,1,1,0,1,0,1,0,0,0,0,1,0,0,0,0.2222222222222222,11.387243393786493,1
58,1,1,0,1,0,1,1,0,0,1,0,1,0,0,1,0,0,0,1,1,0,0,1,0,0,1,0,1,0,0,1,0,1,0,0,0,0.2777777777777778,16.6763693265028,1
59,1,0,1,0,1,0,0,1,1,0,1,0,1,1,1,1,1,1,0,0,1,1,0,1,1,1,1,0,1,1,0,1,0,1,1,1,0.19444444444444445,34.639960153749286,1
60,1,0,1,0,1,0,0,0,1,0,1,0,1,1,1,1,1,1,0,0,1,1,0,1,1,0,1,0,1,1,0,1,0,1,1,1,0.2222222222222222,24.91841550163229,1
61,0,0,0,1,0,1,1,0,0,0,1,0,1,0,0,0,0,0,1,0,0,0,0,0,0,0,0,1,0,0,1,0,1,0,1,0,0.05555555555555555,2.2737046875751075,1
62,1,0,1,0,1,0,0,0,1,0,1,0,1,1,0,1,1,1,0,0,1,1,0,1,1,0,1,0,1,1,0,1,0,1,0,1,0.19444444444444445,21.1250557663624,1
63,1,0,1,0,1,0,0,1,0,0,1,0,1,0,1,1,1,1,1,0,1,1,0,0,1,1,1,0,1,1,0,0,0,1,1,1,0.19444444444444445,23.861214067463834,1
64,0,0,1,0,1,0,0,1,1,0,1,0,1,1,1,1,1,1,0,0,1,1,0,1,1,1,1,0,1,1,0,1,0,1,1,1,0.25,36.7990238677355,1
65,0,1,0,0,0,1,1,0,0,1,0,0,0,0,1,0,0,0,1,0,0,0,1,0,0,1,0,1,0,0,1,0,1,0,0,0,0.2222222222222222,5.1744693909795405,1
66,1,1,0,1,0,1,1,0,0,1,0,0,0,0,0,0,0,0,0,1,1,0,1,0,0,1,0,1,0,0,0,0,1,0,0,0,0.16666666666666666,10.789176268267749,1
67,0,1,0,0,0,1,1,0,0,0,0,0,0,1,0,0,0,0,1,1,0,0,1,0,0,1,0,1,0,0,0,0,0,0,0,0,0.19444444444444445,5.400447394931374,1
68,0,0,1,0,1,1,0,0,1,0,1,0,1,0,0,1,1,1,0,0,1,0,0,1,1,0,0,0,1,1,0,0,0,1,0,1,0.1111111111111111,6.957801070380418,1
69,1,0,1,0,1,0,0,0,1,0,1,0,1,1,1,1,1,1,0,0,1,1,0,1,1,0,1,0,1,1,0,1,0,1,1,1,0.2222222222222222,24.91841550163229,1
70,1,1,0,0,0,1,1,0,0,1,0,1,1,0,0,0,0,0,1,1,0,0,1,0,0,1,0,1,0,0,0,0,1,0,0,0,0.16666666666666666,9.985601108152212,1
71,0,0,0,1,0,1,0,0,0,1,0,1,0,0,0,0,0,0,0,1,0,0,1,0,0,1,0,1,0,0,1,0,1,0,0,0,0.16666666666666666,8.69736782961065,1
72,0,0,1,0,1,0,0,1,1,0,0,0,1,0,0,1,1,1,1,0,1,0,0,0,0,1,1,0,1,1,0,0,0,1,1,1,0.1111111111111111,12.135950697558565,1
73,0,0,1,0,1,1,0,0,1,0,1,0,0,0,0,0,1,1,0,1,1,0,0,1,0,0,1,0,0,1,0,0,0,1,1,0,0.05555555555555555,5.803835411642725,1
74,1,0,1,0,1,0,0,1,1,0,1,0,1,1,0,1,1,1,0,0,1,1,0,1,1,0,0,0,1,1,0,1,0,1,1,1,0.19444444444444445,22.013915860506565,1
75,0,0,1,0,1,0,0,1,1,0,1,0,0,1,1,1,1,1,0,0,1,1,0,0,1,1,1,0,1,1,0,1,0,1,1,1,0.19444444444444445,27.461906928344348,1
76,1,0,1,0,1,0,0,1,1,0,1,0,1,1,0,1,1,1,1,0,1,1,0,0,1,1,1,0,1,1,0,1,0,1,1,1,0.19444444444444445,28.35738814933403,1
77,0,0,1,0,1,0,0,0,1,0,1,0,1,1,1,1,1,1,0,0,1,1,0,1,1,0,1,0,1,1,0,1,0,1,1,1,0.2222222222222222,27.075804707470105,1
78,0,0,0,0,1,1,1,0,0,0,0,0,1,0,0,0,1,0,1,0,0,1,0,1,0,0,0,0,0,0,0,0,0,0,0,1,0.0,3.6511612420188113,1
79,1,0,1,0,1,0,0,1,1,0,0,0,0,1,0,1,1,1,0,0,1,0,0,0,1,1,1,0,1,1,0,1,0,1,1,1,0.1388888888888889,17.487409992688434,1
80,0,0,1,0,1,0,0,1,1,0,1,0,1,1,1,1,1,1,0,0,1,1,0,0,1,1,1,0,1,1,0,1,0,1,1,1,0.2222222222222222,27.196721836588395,1
81,0,0,0,0,1,0,0,1,1,0,1,0,1,1,1,1,1,1,1,0,1,1,0,0,1,1,1,0,1,1,0,0,0,1,0,1,0.16666666666666666,21.72621378348689,1
82,1,0,1,0,1,1,0,0,0,0,1,0,0,0,0,1,1,1,0,0,1,1,0,1,1,0,1,0,1,1,0,1,0,1,0,1,0.1388888888888889,20.33716598517896,1
83,1,0,1,0,1,0,0,1,1,0,0,0,1,1,0,1,1,1,0,0,1,1,0,1,1,1,0,0,1,1,0,1,0,1,0,1,0.19444444444444445,26.46952725889467,1
84,0,1,0,1,0,1,1,0,0,1,0,1,0,0,0,0,0,0,0,1,0,0,0,1,0,1,0,1,0,0,1,0,1,0,1,0,0.3333333333333333,15.134249568524979,1
85,0,0,1,0,1,0,0,0,1,0,1,0,1,1,0,1,1,1,0,0,1,1,0,1,0,0,1,0,1,1,0,1,0,1,1,1,0.16666666666666666,23.849598620984953,1
86,1,0,1,0,1,0,0,1,1,0,1,0,1,1,0,1,1,1,0,0,1,1,0,1,1,1,1,0,1,1,0,1,0,1,0,1,0.2222222222222222,30.341255451153085,1
87,0,0,1,0,1,0,0,1,1,0,1,0,1,1,1,1,1,1,0,0,1,1,0,1,1,1,1,0,1,1,0,1,0,1,1,1,0.3055555555555556,36.7990238677355,1
88,1,0,1,0,1,0,0,1,0,0,1,0,1,1,0,1,1,1,0,0,1,1,0,1,1,1,1,0,1,1,0,1,0,1,1,1,0.3055555555555556,38.20659112849229,1
89,1,0,1,0,1,0,0,1,1,0,1,0,1,1,0,1,1,1,0,0,1,1,0,0,1,1,0,0,1,1,1,1,0,1,0,1,0.16666666666666666,20.622029979971998,1
90,1,0,1,0,1,0,0,1,1,0,1,0,1,1,1,1,1,1,0,0,1,1,0,1,1,1,1,0,1,1,0,1,0,1,1,1,0.25,34.639960153749286,1
91,0,1,0,0,0,1,1,0,0,1,0,1,0,0,0,0,0,0,1,0,0,0,1,0,0,1,0,1,0,0,1,0,1,0,0,0,0.3055555555555556,7.040041402895485,1
92,1,0,1,0,1,0,0,1,1,0,1,0,1,1,1,1,1,1,1,0,1,1,0,0,1,1,1,0,1,1,0,1,0,1,1,1,0.2777777777777778,27.840489123334947,1
93,1,1,0,1,0,1,0,0,0,0,0,0,0,0,1,0,1,0,0,0,0,0,1,0,0,1,0,1,0,0,0,1,1,0,0,0,0.1388888888888889,4.685534436028772,1
94,0,0,1,0,1,0,0,1,1,0,1,0,1,0,1,1,1,1,0,0,0,1,0,0,1,1,1,0,1,1,0,1,0,1,1,1,0.16666666666666666,22.768133175512272,1
95,1,0,1,0,1,1,0,0,1,0,1,0,0,1,0,1,1,1,0,0,1,1,0,1,1,0,1,0,1,1,0,1,0,1,0,1,0.2777777777777778,16.292041634059963,1
96,1,0,1,0,1,1,0,0,0,0,1,0,1,1,0,1,1,1,0,0,1,0,0,1,1,0,1,0,1,1,0,1,0,1,0,1,0.1388888888888889,12.46043752319316,1
97,1,0,1,0,1,0,0,1,0,0,0,0,1,0,1,1,1,1,0,0,1,0,0,1,1,1,1,0,1,1,0,0,0,1,1,1,0.2222222222222222,21.236186479253096,1
98,1,0,1,0,1,0,0,1,0,0,1,0,0,1,0,1,1,1,1,0,1,1,1,1,1,1,1,0,1,1,0,1,0,1,0,1,0.2777777777777778,44.4555665069951,1
99,1,0,1,0,1,1,0,0,0,0,1,0,1,1,1,1,1,1,0,0,1,1,1,1,1,0,1,0,1,1,0,1,1,1,1,1,0.19444444444444445,27.249984665975585,1
