,0,1,2,3,4,5,6,7,8,9,10,11,12,13,14,15,16,17,18,19,20,21,22,23,24,25,26,27,28,29,30,31,32,33,34,35,36,37,38,39,40,41,42,43,44,45,46,47,48,49,50,51,52,53,chain_break_fraction,energy,num_occurrences
0,0,1,1,1,1,0,1,1,1,0,0,1,0,0,0,0,0,1,1,0,1,0,0,1,0,0,0,0,0,1,1,1,0,0,0,0,1,1,1,0,0,1,1,0,0,1,0,1,0,0,1,1,1,0,0.3333333333333333,321.2675340021889,1
1,0,1,1,1,1,0,1,1,1,0,0,1,0,0,0,0,0,1,1,0,1,0,0,1,0,0,0,0,0,1,1,1,0,0,0,0,1,1,1,0,0,1,1,0,0,1,0,1,0,0,1,1,1,0,0.3333333333333333,321.2675340021889,1
2,0,1,1,1,1,0,1,1,1,0,0,1,0,0,0,0,0,1,1,0,1,0,0,1,0,0,0,0,0,1,1,1,0,0,0,0,1,1,1,0,0,1,1,0,0,1,0,1,0,0,1,1,1,0,0.3148148148148148,321.2675340021889,1
3,0,1,1,1,1,0,1,1,1,0,0,1,0,0,1,0,0,1,1,0,1,0,0,1,0,0,0,0,0,1,1,1,0,0,0,0,1,1,1,0,0,1,1,0,0,1,0,1,0,0,1,1,1,0,0.3333333333333333,380.00869363545286,1
4,0,1,1,1,1,0,1,1,1,0,0,1,0,0,0,0,0,1,1,0,1,0,0,1,0,0,0,0,0,1,1,1,0,0,0,0,1,1,1,0,0,1,1,0,0,1,0,1,0,0,1,1,1,0,0.35185185185185186,321.2675340021889,1
5,0,1,1,1,1,0,1,1,1,0,0,1,0,0,0,0,0,1,1,0,1,0,0,1,0,0,0,0,0,1,1,1,0,0,0,0,1,1,1,0,0,1,0,0,0,1,0,1,0,0,1,1,1,0,0.3148148148148148,324.2504428981953,1
6,0,1,1,1,1,0,1,1,1,0,0,1,0,0,0,0,0,1,1,0,1,0,0,1,0,0,0,0,0,1,1,1,0,0,0,0,1,0,1,0,0,1,1,0,0,1,0,1,0,0,1,1,1,0,0.2962962962962963,322.8214137182146,1
7,0,1,1,1,1,0,1,1,1,0,0,1,0,0,0,0,0,1,1,0,1,0,0,1,0,0,0,0,0,0,1,1,0,0,1,0,1,1,1,0,0,1,1,0,0,1,0,1,0,0,1,1,1,0,0.3333333333333333,308.82068505104473,1
8,0,1,1,1,1,0,1,1,1,0,0,1,0,0,0,0,0,1,1,0,1,0,0,1,0,0,0,0,0,1,1,1,0,0,0,0,1,1,1,0,0,1,1,0,0,1,0,1,0,0,1,1,1,0,0.3333333333333333,321.2675340021889,1
9,0,1,1,1,1,0,1,1,1,0,0,1,0,0,0,0,0,1,1,0,1,0,0,1,0,0,0,0,0,1,1,1,0,0,0,0,1,1,1,0,0,1,0,0,0,1,0,1,0,0,1,1,1,0,0.3333333333333333,324.2504428981953,1
10,0,1,1,1,1,0,1,1,1,0,0,1,0,0,0,0,0,1,1,0,1,1,0,1,0,0,0,0,0,1,1,1,0,0,0,0,1,1,1,0,0,1,1,0,0,1,0,1,0,0,1,1,1,0,0.2962962962962963,329.288244997248,1
11,0,1,1,1,1,0,1,1,1,0,0,1,0,0,0,0,0,1,1,0,1,0,0,1,0,0,0,0,0,1,1,1,0,0,0,0,1,1,1,0,0,1,1,0,0,1,0,1,0,0,1,1,1,0,0.3333333333333333,321.2675340021889,1
12,0,0,1,1,1,0,1,1,1,0,0,1,0,0,1,0,0,1,1,0,1,0,0,1,0,0,0,0,0,0,1,1,0,0,0,0,1,1,1,0,0,1,1,0,0,1,0,1,0,0,1,1,1,0,0.3148148148148148,371.1780870835107,1
13,0,1,1,1,1,0,1,1,1,0,0,1,0,0,0,0,0,1,1,0,1,0,0,1,0,0,0,0,0,1,1,1,0,0,0,0,1,0,1,0,0,0,1,0,0,1,0,1,0,0,1,1,1,0,0.3148148148148148,359.86633919884605,1
14,0,1,1,1,1,0,1,1,1,0,0,1,0,0,1,0,0,1,1,0,1,0,0,1,0,0,0,0,0,1,1,1,0,0,1,0,1,1,1,0,0,1,1,0,0,1,0,1,0,0,1,1,1,0,0.3333333333333333,364.02034889446156,1
15,0,1,1,1,1,0,1,1,1,0,0,1,0,0,0,0,0,1,1,0,1,0,0,1,0,0,0,0,0,1,1,1,0,0,1,0,1,0,1,0,0,1,1,0,0,1,0,1,0,0,1,1,1,0,0.3148148148148148,317.6658947530834,1
16,0,0,1,1,1,0,1,1,1,0,0,1,0,0,0,0,0,1,1,0,1,0,0,1,0,0,0,0,0,1,1,1,0,0,0,0,1,1,1,0,0,1,1,0,0,0,0,1,0,0,1,1,1,0,0.3148148148148148,304.15614721906746,1
17,0,1,1,1,1,0,1,1,1,0,0,1,0,0,0,0,0,1,1,0,1,0,0,1,0,0,0,0,0,1,1,1,0,0,0,0,1,1,1,0,0,1,1,0,0,1,0,1,0,0,1,1,1,0,0.3333333333333333,321.2675340021889,1
18,0,1,1,1,1,0,1,1,1,0,0,1,0,0,0,0,0,1,1,0,1,0,0,1,0,0,0,0,0,1,1,1,0,0,0,0,1,1,1,0,0,1,1,0,0,1,0,1,0,0,1,1,1,0,0.3333333333333333,321.2675340021889,1
19,0,0,1,1,1,0,1,1,1,0,0,1,0,0,1,0,0,1,1,0,1,0,0,1,0,0,0,0,0,1,1,1,0,0,0,0,1,1,1,0,0,1,1,0,0,1,0,1,0,0,1,1,1,1,0.3148148148148148,354.96625956412885,1
20,0,0,1,1,1,0,1,1,1,0,0,1,0,0,0,0,0,1,1,0,1,0,0,1,0,0,0,0,0,1,1,1,0,0,0,0,1,1,1,0,0,1,1,0,0,1,0,1,0,0,1,1,1,1,0.2962962962962963,363.6166635015492,1
21,0,1,1,1,1,0,1,1,1,0,0,1,0,0,1,0,0,1,1,0,1,0,0,1,0,0,0,0,0,1,1,1,0,0,0,0,1,1,1,0,0,1,1,0,0,1,0,1,0,0,1,1,1,0,0.3148148148148148,380.00869363545286,1
22,0,1,1,1,1,0,1,1,1,0,0,1,0,0,1,0,0,1,1,0,1,0,0,1,0,0,0,0,0,1,1,1,0,0,0,0,1,0,1,0,0,1,1,0,0,1,0,1,0,0,1,1,1,0,0.3333333333333333,403.27941548302095,1
23,0,1,1,1,1,0,1,0,1,0,0,1,0,0,0,0,0,1,1,0,1,0,0,1,0,0,0,0,0,1,1,1,0,0,0,0,1,0,1,0,0,1,1,0,0,1,0,1,0,0,1,1,1,0,0.3148148148148148,300.02354699140443,1
24,0,1,1,1,1,0,1,1,1,0,0,1,0,0,0,0,0,1,1,0,1,0,0,1,0,0,0,0,0,1,1,1,1,0,0,0,1,1,1,0,0,1,1,0,0,1,0,1,0,0,1,1,1,0,0.3333333333333333,351.1203686106148,1
25,0,1,1,1,1,0,1,1,1,0,0,1,0,0,0,0,0,1,1,0,1,1,0,1,0,0,0,0,0,0,1,1,0,0,0,0,1,0,1,0,0,1,1,0,0,1,0,1,0,0,1,1,1,0,0.3333333333333333,374.4558505537404,1
26,0,1,1,1,1,0,1,1,1,0,0,1,0,0,1,0,0,1,1,0,1,0,0,1,0,0,0,0,0,1,1,1,0,0,0,0,1,1,1,0,0,1,1,0,0,1,0,0,0,0,1,1,1,0,0.35185185185185186,421.91403984040085,1
27,0,1,1,1,1,0,1,0,1,0,0,1,0,0,0,0,0,1,1,0,1,0,0,1,0,0,0,0,0,0,1,1,0,0,0,0,1,1,1,0,0,1,1,0,0,1,0,1,0,0,1,1,1,0,0.3148148148148148,291.88466321811234,1
28,0,1,1,1,1,0,1,1,1,0,0,1,0,0,0,0,0,1,1,0,1,0,0,1,0,0,0,0,0,1,1,1,0,0,0,0,1,1,1,0,0,1,1,0,0,1,0,1,0,0,1,0,1,0,0.3333333333333333,324.74276713595265,1
29,0,1,1,1,1,0,1,0,1,0,0,1,0,0,0,0,0,1,1,0,1,0,0,1,0,0,0,0,0,1,1,1,0,0,0,0,1,1,1,0,0,1,1,0,0,1,0,1,0,0,1,1,1,0,0.35185185185185186,308.48446075939603,1
30,0,1,0,1,1,0,1,1,1,0,0,1,0,0,1,0,0,1,1,0,1,0,0,1,0,0,0,0,0,1,1,0,0,0,0,0,1,1,1,0,0,1,1,0,0,1,0,1,0,0,1,1,1,0,0.3148148148148148,324.9067997271723,1
31,0,1,1,1,1,0,1,1,1,0,0,1,0,0,0,0,0,1,1,0,1,0,0,1,0,0,0,0,0,1,1,1,0,0,1,0,1,1,1,0,0,1,1,0,0,1,0,1,0,0,1,1,1,0,0.3333333333333333,327.76880868336724,1
32,0,1,1,1,1,0,1,1,1,0,0,1,0,0,0,0,0,1,1,0,1,0,0,1,0,0,0,0,0,1,1,1,1,0,0,0,1,1,1,0,0,1,1,0,0,0,0,1,0,0,1,1,1,0,0.3148148148148148,340.3451111355722,1
33,0,1,1,1,1,0,1,1,1,0,0,1,0,0,0,0,0,1,1,0,1,0,0,1,0,0,0,0,0,1,1,1,0,0,0,0,1,0,1,0,0,1,1,0,0,1,0,1,0,0,1,1,1,0,0.2777777777777778,322.8214137182146,1
34,0,1,1,1,1,0,1,1,1,0,0,1,0,0,0,0,0,1,1,0,1,1,0,1,0,0,0,0,0,1,1,1,0,0,0,0,1,1,1,0,0,1,1,0,0,1,0,1,0,0,1,1,1,0,0.3333333333333333,329.288244997248,1
35,0,1,1,1,1,0,1,1,1,0,0,1,0,0,0,0,0,1,1,0,1,0,0,1,0,0,0,0,0,1,1,1,0,0,0,0,1,0,1,0,0,1,1,0,0,1,0,1,0,0,1,1,1,0,0.2962962962962963,322.8214137182146,1
36,0,0,0,1,1,0,1,1,1,0,0,1,0,0,1,0,0,1,1,0,1,0,0,1,0,0,0,0,0,0,1,1,0,0,0,0,1,1,1,0,0,1,1,0,0,1,0,1,0,0,1,1,1,0,0.3148148148148148,287.1243803828582,1
37,0,0,1,1,1,0,1,1,1,0,0,1,0,0,0,0,0,1,1,0,1,1,0,1,0,0,0,0,0,1,1,1,0,0,1,0,1,1,1,0,0,1,1,0,0,1,0,1,0,0,1,1,1,0,0.35185185185185186,322.9153920299537,1
38,0,1,1,1,1,0,1,1,1,0,0,1,0,0,0,0,0,1,1,0,1,0,0,1,0,0,0,0,0,1,1,1,0,0,0,0,1,0,1,0,0,1,1,0,0,1,0,1,0,0,1,1,1,0,0.3333333333333333,322.8214137182146,1
39,0,1,0,1,1,0,1,1,1,0,0,1,0,0,1,0,0,1,1,0,1,0,0,1,0,0,0,0,0,0,1,1,0,0,0,0,1,1,1,0,0,1,1,0,0,0,0,1,0,0,1,1,1,0,0.3333333333333333,328.7798608165515,1
40,0,1,1,1,1,0,1,1,1,0,0,1,0,0,0,0,0,1,1,0,1,1,0,1,0,0,0,0,0,1,1,1,1,0,0,0,1,0,1,0,0,1,1,0,0,1,0,1,0,0,1,1,1,0,0.35185185185185186,335.62429250116776,1
41,0,1,1,1,1,0,1,0,1,0,0,1,0,0,0,0,0,1,1,0,1,0,0,1,0,0,0,0,0,1,1,1,0,0,0,0,1,0,1,0,0,1,1,0,0,0,0,1,0,0,1,1,1,0,0.2962962962962963,300.7841098320526,1
42,0,1,1,1,1,0,1,1,1,0,0,1,0,0,1,0,0,1,1,0,1,1,0,1,0,0,0,0,0,1,1,1,0,0,0,0,1,1,1,0,0,1,1,0,0,1,0,1,0,0,1,1,1,0,0.3333333333333333,398.1433538267947,1
43,0,1,1,1,1,0,1,1,1,0,0,1,0,0,0,0,0,1,1,0,1,0,0,1,0,0,0,0,0,1,1,1,0,0,0,0,1,0,1,0,0,1,1,0,0,0,0,1,0,0,1,1,1,0,0.3148148148148148,328.65036250422617,1
44,0,1,1,1,1,0,1,1,1,0,0,1,0,0,0,0,0,1,1,0,1,0,0,1,0,0,0,0,0,1,1,1,0,0,0,0,1,1,1,0,0,1,0,0,0,1,0,1,0,0,1,1,1,0,0.3148148148148148,324.2504428981953,1
45,0,0,1,1,1,0,1,1,1,0,0,1,0,0,0,0,1,1,1,0,1,0,0,1,0,0,0,0,0,1,1,1,0,0,0,0,1,1,1,0,0,1,1,0,0,1,0,1,0,0,1,1,1,0,0.37037037037037035,325.4816844830243,1
46,0,0,1,1,1,0,1,1,1,0,0,1,0,0,0,0,0,1,1,0,1,0,0,1,0,0,0,0,0,1,1,1,0,0,0,0,1,0,1,0,0,1,1,0,0,1,0,1,0,0,1,1,1,0,0.2962962962962963,300.20026629043286,1
47,0,0,1,1,1,0,1,1,1,0,0,1,0,0,0,0,0,1,1,0,1,0,0,1,0,0,0,0,0,1,1,1,0,0,0,0,1,0,1,0,0,1,1,0,0,1,0,0,0,0,1,1,1,0,0.3333333333333333,302.60017720447576,1
48,0,1,1,1,1,0,1,1,1,0,0,1,0,0,0,0,0,1,1,0,1,1,0,1,0,0,0,0,0,1,1,1,0,0,0,0,1,1,1,0,0,1,1,0,0,1,0,1,0,0,1,1,1,0,0.35185185185185186,329.288244997248,1
49,0,1,0,1,1,0,1,1,1,0,0,1,0,0,1,0,0,1,1,0,1,0,0,1,0,0,0,0,0,1,1,1,1,0,0,0,1,0,1,0,0,1,1,0,0,1,0,1,0,0,1,1,1,0,0.3148148148148148,327.19357005768353,1
50,0,1,0,1,1,0,1,1,1,0,0,1,0,0,1,0,0,1,1,0,1,0,0,1,0,0,0,0,0,1,1,1,0,0,0,0,1,1,1,0,0,1,1,0,0,1,0,1,0,0,1,1,1,0,0.35185185185185186,315.81217351145773,1
51,0,1,1,1,1,0,1,1,1,0,0,1,0,0,0,0,0,1,1,0,1,0,0,1,0,0,0,0,0,1,1,1,0,0,0,0,1,1,1,0,0,1,1,0,0,0,0,1,0,0,1,1,1,0,0.37037037037037035,321.39548987899167,1
52,0,1,1,1,1,0,1,1,1,0,0,1,0,0,0,0,0,1,1,0,1,1,0,1,0,0,0,0,0,1,0,1,0,0,0,0,1,0,1,0,0,1,1,0,0,1,0,1,0,0,1,1,1,0,0.35185185185185186,348.4425120901367,1
53,0,1,1,1,1,0,1,1,1,0,0,1,0,0,1,0,0,1,1,1,1,0,0,1,0,0,0,0,0,0,1,1,0,0,0,0,1,1,1,0,0,1,1,0,0,1,0,1,0,0,1,1,1,0,0.37037037037037035,483.63929229780405,1
54,0,1,1,1,1,0,1,1,1,0,0,1,0,0,0,0,1,1,1,0,1,0,0,1,0,0,0,0,0,1,1,1,1,0,0,0,1,0,1,0,0,1,1,0,0,1,0,1,0,0,1,1,1,0,0.3333333333333333,349.5272638832053,1
55,0,1,1,1,1,0,1,1,1,0,0,1,0,0,1,0,0,1,1,0,1,1,0,1,0,0,0,0,0,1,1,1,0,0,1,0,1,0,1,0,0,1,1,0,0,1,0,1,0,0,1,1,1,0,0.35185185185185186,393.84338238077856,1
56,0,1,1,1,1,0,1,1,1,0,0,1,0,0,0,0,0,1,1,0,1,0,0,1,0,0,0,0,0,0,1,1,0,0,1,0,1,0,1,0,0,1,1,0,0,1,0,1,0,0,1,1,1,0,0.35185185185185186,322.3347016618884,1
57,0,1,0,1,1,0,1,1,1,1,0,1,0,0,0,0,0,1,1,0,1,0,0,1,0,0,0,0,0,1,1,1,0,0,1,0,1,1,1,0,0,1,1,0,0,1,0,1,0,0,1,1,1,0,0.3148148148148148,316.1939492174793,1
58,0,0,0,1,1,0,1,1,1,1,0,1,0,0,0,0,0,1,1,0,1,0,0,1,0,0,0,0,0,1,1,1,0,0,0,0,1,1,1,0,0,1,1,0,0,1,0,1,0,0,1,1,1,0,0.2962962962962963,300.4954456465242,1
59,0,1,0,1,1,0,1,1,1,0,0,1,0,0,1,0,0,1,1,0,1,1,0,1,0,0,0,0,0,1,1,1,0,0,0,0,1,1,1,0,0,1,0,0,0,1,0,1,0,0,1,1,1,0,0.3333333333333333,328.00668288945957,1
60,0,1,1,1,1,0,1,1,1,0,0,1,0,0,1,0,0,1,1,0,1,0,0,1,0,0,0,1,0,0,1,1,0,0,1,0,1,0,1,0,0,1,1,0,0,1,0,1,0,0,1,1,1,0,0.3333333333333333,401.4450460923079,1
61,0,1,1,1,1,0,1,1,1,0,0,1,0,0,1,0,0,1,1,0,1,0,0,1,0,0,0,0,0,1,1,1,1,0,0,0,1,1,1,0,0,1,1,0,0,1,0,1,0,0,1,1,1,0,0.35185185185185186,369.6622818444392,1
62,0,1,0,1,1,0,1,1,1,0,0,1,0,0,1,0,0,1,1,0,1,0,0,1,0,0,0,0,0,1,1,1,0,0,0,0,1,1,1,0,0,1,1,0,0,0,0,1,0,0,1,1,1,0,0.3148148148148148,315.83056794769374,1
63,0,1,1,1,1,0,1,1,1,0,0,1,0,0,1,0,0,1,1,0,1,0,0,1,0,0,0,0,0,1,1,1,0,0,0,0,1,1,1,0,0,1,1,0,0,1,0,1,0,0,1,1,1,0,0.37037037037037035,380.00869363545286,1
64,0,1,1,1,1,0,1,1,1,0,0,1,0,0,0,0,0,1,1,0,1,0,0,1,0,0,0,0,0,0,1,1,0,0,0,0,1,0,1,0,0,1,1,0,0,1,0,1,0,0,1,1,1,1,0.3333333333333333,318.00179107394524,1
65,0,0,1,1,1,0,1,1,1,0,0,1,0,0,0,0,0,1,1,0,1,0,0,1,0,0,0,0,0,1,1,1,0,0,0,0,1,0,1,0,0,1,1,0,0,0,0,1,0,0,1,1,1,0,0.3333333333333333,300.80024401894366,1
66,0,1,1,1,1,0,1,1,1,0,0,1,0,0,0,0,0,1,1,0,1,1,0,1,0,0,0,0,0,1,1,1,0,0,0,0,1,0,1,0,0,1,1,0,0,1,0,1,0,0,1,1,1,0,0.35185185185185186,336.278868172343,1
67,0,0,0,1,1,0,1,1,1,0,0,1,0,0,1,0,0,1,1,0,1,0,0,1,0,0,0,0,0,1,1,1,0,0,0,0,1,0,1,0,0,1,1,0,0,1,0,1,0,0,1,1,1,0,0.3333333333333333,299.15230782095335,1
68,0,1,1,1,1,0,1,1,1,0,0,1,0,0,0,1,0,1,1,0,1,0,0,1,0,0,0,0,0,0,1,1,0,1,0,0,1,0,1,0,0,1,1,0,0,1,0,1,0,0,1,1,1,0,0.3148148148148148,356.42006394734756,1
69,0,1,1,1,1,0,1,1,1,0,0,1,0,0,0,0,0,1,1,0,1,0,0,1,0,0,0,0,0,1,1,0,1,0,0,0,1,1,1,0,0,1,1,0,0,1,0,1,0,0,1,1,1,0,0.35185185185185186,336.1939513064017,1
70,0,1,1,1,1,0,1,0,1,0,0,1,0,0,0,0,0,1,1,0,1,1,0,1,0,0,0,0,0,1,1,1,0,0,1,0,1,0,1,0,0,0,1,0,0,1,0,1,0,0,1,1,1,0,0.3148148148148148,312.87925567317683,1
71,0,0,1,1,1,0,1,1,1,0,0,1,0,0,0,0,0,1,1,0,1,0,0,1,0,0,0,0,0,1,1,1,0,0,0,0,1,1,1,0,0,1,1,0,0,1,0,1,0,0,1,1,1,0,0.35185185185185186,309.25716239976526,1
72,0,1,1,1,1,0,1,0,1,0,0,1,0,0,0,0,0,1,0,0,1,0,0,1,0,0,0,0,0,0,1,1,0,0,1,0,1,1,1,0,0,1,1,0,0,0,0,1,0,0,1,1,1,0,0.3333333333333333,283.86505175205923,1
73,0,1,1,1,1,0,1,1,1,0,0,1,0,0,0,0,0,1,1,0,1,1,0,1,0,0,0,0,0,1,1,1,0,0,0,0,1,0,1,0,0,1,1,0,0,1,0,1,0,0,1,1,1,0,0.35185185185185186,336.278868172343,1
74,0,1,1,1,1,0,1,1,1,0,0,1,0,0,1,0,0,1,1,0,1,0,0,1,0,0,0,0,0,1,1,1,0,0,0,0,1,1,1,0,0,1,1,0,0,1,0,1,0,0,1,1,1,0,0.37037037037037035,380.00869363545286,1
75,0,1,0,1,1,0,1,1,1,0,0,1,0,0,0,0,1,1,1,0,1,1,0,1,0,0,0,0,0,1,1,1,0,0,0,0,1,1,1,0,0,1,1,0,0,0,0,1,0,0,1,1,1,0,0.3333333333333333,301.54905948708324,1
76,0,0,1,1,1,0,1,1,1,0,0,1,0,0,1,0,0,1,1,0,1,0,0,1,0,0,0,0,0,1,1,1,0,0,0,0,1,1,1,0,0,1,1,0,0,0,0,0,0,0,1,1,1,0,0.3333333333333333,386.1472610421375,1
77,0,0,1,1,1,0,1,0,1,0,0,1,0,0,0,0,0,1,1,0,1,0,0,1,0,0,0,0,0,1,1,1,0,0,0,0,1,1,1,0,0,0,1,0,0,0,0,1,0,0,1,1,1,0,0.3333333333333333,279.37386766522485,1
78,0,1,1,1,1,0,1,0,1,0,0,1,0,0,0,0,0,1,1,0,1,0,0,1,0,0,0,0,0,1,1,1,0,1,0,0,1,1,1,0,0,1,0,0,0,1,0,1,0,0,1,1,1,0,0.2962962962962963,308.9952628947006,1
79,0,0,1,1,1,0,1,1,1,0,0,1,0,0,1,0,0,1,1,0,1,1,0,1,0,0,0,0,0,1,1,1,0,0,1,0,1,1,1,0,0,1,1,0,0,1,0,1,0,0,1,1,1,0,0.37037037037037035,349.1929929777569,1
80,0,1,1,1,1,0,1,1,1,0,0,1,0,0,1,0,1,1,1,0,1,0,0,1,0,0,0,0,0,0,1,1,0,0,0,0,1,0,1,0,0,1,1,0,0,1,0,1,0,0,1,1,1,0,0.3148148148148148,549.7720758976699,1
81,0,1,0,1,1,0,1,1,1,0,0,1,0,0,1,0,0,1,1,0,1,0,0,1,0,0,0,0,0,1,1,1,0,0,0,0,1,0,1,0,0,1,1,0,0,1,0,1,0,0,1,1,1,0,0.37037037037037035,317.86134370830956,1
82,0,1,1,1,1,0,1,1,1,0,0,1,0,0,1,0,0,1,1,0,1,0,0,1,0,0,0,0,0,0,1,1,0,1,0,0,1,1,1,0,0,1,1,0,0,1,0,1,0,0,1,1,1,0,0.35185185185185186,403.011358724644,1
83,0,1,0,1,1,0,1,1,1,0,0,1,0,0,0,0,0,1,1,0,1,0,0,1,0,0,0,0,0,0,1,1,0,0,0,0,1,1,1,0,0,1,1,0,0,0,0,1,0,0,1,1,1,0,0.3333333333333333,258.12054567468954,1
84,0,1,0,1,1,0,1,0,1,0,0,1,0,0,0,0,0,1,1,1,1,0,0,1,0,0,0,0,0,1,1,1,0,0,1,0,1,0,1,0,0,1,1,0,0,0,0,1,0,0,1,1,1,0,0.35185185185185186,273.08514789074536,1
85,0,0,1,1,1,0,1,0,1,0,0,1,0,0,0,0,0,1,1,1,1,0,0,1,1,0,0,0,0,0,1,1,0,0,0,0,1,1,1,0,0,1,1,0,0,1,0,1,0,0,1,1,1,0,0.35185185185185186,295.6132742996622,1
86,0,1,1,1,1,0,1,1,1,0,0,1,0,0,0,0,0,1,0,0,1,0,0,1,0,0,0,0,0,1,1,1,0,0,0,0,1,0,1,0,0,1,1,0,0,1,0,1,1,0,1,1,1,0,0.35185185185185186,311.3259280604782,1
87,0,1,1,1,1,0,1,1,1,0,0,1,0,0,0,0,0,1,1,1,1,0,0,1,0,0,0,0,0,1,1,1,0,0,0,0,1,1,1,0,0,1,1,0,0,0,0,1,0,0,1,1,1,0,0.3333333333333333,339.8741739778608,1
88,0,1,1,1,0,0,1,1,1,0,0,1,0,0,1,0,0,1,1,0,1,0,0,1,0,0,0,0,0,1,1,1,0,0,0,0,1,1,1,0,0,1,1,0,0,1,0,1,0,0,1,1,1,0,0.3333333333333333,355.87856751443485,1
89,0,1,1,1,1,0,1,1,1,0,0,1,0,0,1,0,0,1,0,0,1,0,0,1,0,0,0,0,0,1,1,0,0,0,0,0,1,1,1,0,0,1,1,0,0,1,0,0,0,0,1,1,1,0,0.2962962962962963,444.9524848257327,1
90,1,1,1,1,1,0,1,1,1,0,0,1,0,0,0,0,0,1,1,0,1,0,0,1,0,0,0,0,0,1,1,1,0,0,0,0,1,0,1,0,0,1,1,0,0,0,0,1,0,0,1,1,1,0,0.3333333333333333,345.5754217468671,1
91,0,1,1,1,1,0,1,1,1,0,0,1,0,0,0,0,0,1,1,0,1,0,0,1,0,0,0,0,0,1,1,1,0,0,0,0,1,0,1,0,0,1,1,0,0,1,0,1,0,0,1,1,1,0,0.37037037037037035,322.8214137182146,1
92,0,1,1,1,1,0,1,0,1,0,0,1,0,0,1,0,0,1,1,0,1,1,0,1,0,0,0,0,0,1,1,1,0,0,0,0,1,1,1,0,0,1,1,0,0,0,0,1,0,0,1,1,1,0,0.35185185185185186,368.3801258682428,1
93,0,1,1,1,1,0,1,1,1,0,0,1,0,0,0,0,0,1,1,0,1,1,0,1,0,0,0,0,0,0,1,1,0,0,0,0,1,1,1,0,0,0,1,0,0,1,0,0,0,0,1,1,1,0,0.2962962962962963,514.2212933716725,1
94,0,1,1,1,1,0,1,1,1,0,0,1,0,0,1,0,0,1,0,0,1,0,0,1,0,0,0,0,0,1,0,1,0,0,1,0,1,0,1,0,0,0,1,0,0,0,0,1,0,0,1,1,1,0,0.3333333333333333,452.0695893003647,1
95,0,0,1,1,1,0,1,1,1,1,0,1,0,0,0,0,0,1,1,0,1,0,0,1,0,0,0,0,0,1,1,0,0,0,1,0,1,1,1,0,0,1,1,0,0,0,0,1,0,0,1,1,1,0,0.3148148148148148,315.01406867285897,1
96,0,0,1,1,1,0,1,1,1,0,0,1,0,0,0,0,0,1,1,0,1,0,0,1,0,0,0,0,0,1,1,1,0,0,0,0,1,1,1,0,0,1,1,0,0,1,0,1,0,0,1,1,1,0,0.3148148148148148,309.25716239976526,1
97,0,1,0,0,1,0,1,1,1,0,0,1,0,0,0,0,0,1,1,0,1,1,0,1,0,0,0,0,0,1,1,1,0,0,1,0,1,0,1,0,0,1,0,0,0,1,0,1,0,0,1,1,1,0,0.2962962962962963,289.715175972493,1
98,1,1,1,0,0,1,0,1,1,1,1,0,1,1,1,1,1,0,0,1,1,0,1,0,1,1,1,1,1,0,0,1,1,1,1,1,0,1,0,1,1,0,0,1,1,0,1,1,1,1,0,0,0,1,0.35185185185185186,417.52574925089044,1
99,0,1,1,1,1,0,1,1,0,0,0,1,0,0,0,0,0,1,0,1,0,1,0,1,0,0,0,0,0,0,1,1,0,0,1,0,1,0,1,0,0,1,0,0,0,1,0,1,0,0,1,1,1,0,0.37037037037037035,245.21194809894192,1
