,0,1,2,3,4,5,6,7,8,9,10,11,12,13,14,15,16,17,18,19,20,21,22,23,24,25,26,27,28,29,30,31,32,33,34,35,chain_break_fraction,energy,num_occurrences
0,0,0,0,0,0,1,0,0,1,0,1,0,0,0,1,1,0,1,0,1,0,0,0,0,0,0,0,1,1,1,0,1,0,1,0,1,0.2777777777777778,25.045044035195275,1
1,0,0,0,0,0,1,0,0,1,0,1,0,0,0,1,1,0,1,0,1,0,0,0,0,0,0,0,1,0,1,0,1,0,1,0,1,0.25,20.18590183375933,1
2,0,0,0,0,0,1,0,0,1,0,1,0,0,0,1,1,0,0,0,1,0,0,0,0,0,0,0,1,0,1,1,0,0,1,0,1,0.2222222222222222,17.10837279956333,1
3,0,0,0,0,0,1,0,0,1,0,1,0,0,0,1,1,0,1,0,1,0,0,0,0,0,0,0,1,0,1,0,1,0,1,0,1,0.2222222222222222,20.18590183375933,1
4,0,0,0,0,0,1,0,0,1,0,1,0,0,0,1,1,0,1,0,1,0,1,0,0,0,0,0,0,1,1,1,0,0,1,0,1,0.2222222222222222,19.2595571745932,1
5,0,0,0,0,0,1,0,0,1,0,1,0,0,0,1,1,0,1,0,1,0,1,0,0,0,0,1,0,1,0,0,1,0,1,0,1,0.2222222222222222,16.601869685615643,1
6,0,0,0,0,0,1,0,0,1,0,1,0,0,0,1,1,0,1,0,1,0,1,0,0,0,0,0,1,0,1,0,1,0,1,0,1,0.2222222222222222,25.72978954405849,1
7,0,0,0,0,0,1,0,0,1,0,1,1,0,0,1,1,0,1,0,1,0,0,0,0,0,0,0,1,1,0,0,1,0,1,0,1,0.19444444444444445,13.615176528070446,1
8,0,0,0,0,0,1,1,0,1,0,1,0,0,0,1,1,0,0,0,1,0,1,0,0,0,0,0,0,1,1,1,0,0,1,0,1,0.2222222222222222,20.161826837291844,1
9,0,0,0,0,0,1,0,0,1,0,1,0,0,0,1,1,0,1,0,1,0,1,0,0,0,0,1,0,1,1,1,0,0,1,0,1,0.2222222222222222,21.040497065312927,1
10,0,0,0,0,0,1,0,0,1,0,1,0,0,0,1,1,0,1,0,1,0,1,0,0,0,0,0,0,0,1,1,1,0,1,0,1,0.2777777777777778,25.00618056245554,1
11,0,0,0,0,0,1,0,0,1,0,1,0,0,0,1,1,0,0,0,1,0,0,0,0,0,0,1,0,1,0,1,0,0,1,0,1,0.2777777777777778,9.782952838434516,1
12,0,0,0,0,0,1,0,0,1,0,1,0,0,0,1,1,0,1,0,1,0,0,0,0,0,0,1,1,1,0,0,1,0,1,0,1,0.25,17.228341529938817,1
13,0,0,0,0,0,1,0,0,1,0,1,0,1,0,1,1,0,0,0,1,0,0,0,0,0,0,0,0,1,1,0,0,0,1,0,1,0.2222222222222222,12.78725018764549,1
14,0,0,0,0,0,1,0,1,1,0,1,1,0,0,1,1,0,1,0,1,0,1,0,0,0,0,0,0,1,1,1,0,0,1,0,1,0.25,19.893881215437528,1
15,0,0,0,0,0,1,0,0,1,0,1,1,0,0,1,1,0,1,0,1,0,1,0,0,0,0,0,0,1,0,0,1,0,1,0,1,0.2222222222222222,14.297404570521099,1
16,0,0,0,0,0,1,0,0,1,0,1,0,0,0,1,1,0,1,0,1,0,1,0,0,0,0,0,0,1,1,1,0,0,1,0,1,0.25,19.2595571745932,1
17,0,0,0,0,0,1,1,0,1,0,1,0,0,0,1,1,0,0,0,1,0,0,0,0,0,0,0,0,1,1,1,1,0,1,0,0,0.25,17.06877169284713,1
18,0,0,0,0,0,1,0,0,1,0,1,0,0,0,0,1,0,0,0,1,0,0,0,0,0,0,0,0,1,0,0,1,0,1,0,0,0.2222222222222222,7.1803123787499885,1
19,0,0,0,0,0,1,0,0,1,0,1,0,0,0,1,1,0,1,0,1,0,0,0,0,0,0,0,1,1,0,1,1,0,1,0,1,0.25,19.223865701937562,1
20,0,0,0,0,0,1,1,0,1,0,1,1,0,0,1,1,0,1,0,1,0,1,0,0,0,0,0,0,1,1,1,0,0,1,0,1,0.16666666666666666,17.548916273325155,1
21,1,1,1,1,1,0,0,1,0,1,0,1,1,1,0,0,1,0,1,0,1,0,0,1,1,1,1,1,0,0,0,0,1,0,1,1,0.2222222222222222,20.365930369658013,1
22,0,0,0,0,0,1,1,0,1,0,1,0,0,0,1,1,0,1,0,1,0,1,0,0,0,0,0,1,1,1,1,0,0,1,0,1,0.2777777777777778,23.165666628691067,1
23,0,0,0,0,0,1,1,0,1,0,1,0,0,0,1,1,0,1,0,1,0,0,0,0,0,0,0,1,1,1,1,1,0,1,0,1,0.2777777777777778,29.05897325516124,1
24,0,0,0,0,0,1,0,1,1,0,1,0,0,0,1,1,0,1,0,1,0,1,0,0,0,0,0,0,1,1,1,0,0,1,0,1,0.25,19.9485159296697,1
25,0,0,0,0,0,1,0,0,1,0,1,0,0,0,1,1,0,1,0,1,0,1,0,0,0,0,1,0,1,0,1,0,0,1,0,1,0.19444444444444445,12.206942816419375,1
26,0,0,0,0,0,1,1,0,1,0,1,0,0,0,1,1,0,1,0,1,0,1,0,0,0,0,0,0,0,1,1,0,0,1,0,1,0.19444444444444445,15.213276531383183,1
27,0,0,0,0,0,1,0,0,1,0,1,0,0,0,1,1,0,0,0,1,0,1,1,0,0,0,0,0,1,0,1,0,0,1,0,1,0.2777777777777778,15.22812057657396,1
28,0,0,0,0,0,1,0,1,1,0,1,0,0,0,1,1,0,1,0,1,0,1,0,0,0,0,0,1,0,1,1,0,0,1,0,1,0.2222222222222222,19.6212739061781,1
29,0,0,0,0,0,1,0,0,1,0,1,0,0,0,1,1,0,0,0,1,0,1,1,0,0,0,0,0,0,1,1,0,0,1,0,0,0.25,11.281305919246615,1
30,0,0,0,0,0,1,0,0,1,0,1,0,0,0,1,1,0,1,0,1,0,0,0,0,0,0,1,1,1,1,0,0,0,1,0,1,0.19444444444444445,17.421051963774783,1
31,0,0,0,0,0,1,0,0,1,0,1,1,0,0,1,1,0,1,0,1,0,0,1,0,0,0,0,1,0,1,0,1,0,1,0,1,0.2222222222222222,19.825736507751117,1
32,0,0,0,0,0,0,1,1,1,0,1,0,0,0,1,1,0,1,0,1,0,1,1,0,0,0,0,0,1,1,0,0,0,1,0,1,0.19444444444444445,17.18107681014512,1
33,0,0,0,0,0,1,1,0,1,0,1,0,0,0,1,1,0,0,0,1,0,0,0,0,0,0,1,0,1,1,0,0,0,1,0,1,0.25,13.523036015135393,1
34,0,0,0,0,0,0,0,0,1,0,1,0,0,0,1,1,0,0,0,1,0,0,0,0,0,0,0,0,1,1,1,0,0,1,0,0,0.25,11.212400388543884,1
35,0,0,0,0,0,1,0,0,1,0,1,1,0,0,1,1,0,0,0,1,0,1,0,0,0,0,0,0,1,1,1,0,0,1,0,1,0.19444444444444445,17.974873844954644,1
36,0,0,0,0,0,1,1,0,1,0,1,0,0,0,1,1,0,0,0,1,0,1,1,0,0,0,0,0,1,0,1,0,0,1,0,1,0.2777777777777778,13.658210124154213,1
37,0,0,0,0,0,0,1,0,1,0,1,0,0,0,1,1,0,0,0,1,0,0,0,0,0,0,0,0,1,0,1,0,0,1,0,1,0.25,9.22163085480054,1
38,0,0,0,0,0,1,1,0,1,0,1,0,0,0,1,1,0,1,0,1,0,1,0,0,0,0,1,0,1,1,1,0,0,1,0,1,0.16666666666666666,19.88485159041126,1
39,0,0,0,0,0,1,0,0,1,0,1,0,0,0,1,1,0,1,0,1,0,0,0,0,0,0,1,1,0,1,0,0,0,1,0,1,0.2222222222222222,13.924906079553203,1
40,0,0,0,0,0,1,0,1,1,0,1,0,0,0,0,1,0,0,0,1,0,0,0,0,0,0,1,0,1,0,0,1,0,1,0,0,0.16666666666666666,8.908692276921428,1
41,0,0,0,0,0,1,0,1,1,0,1,0,0,0,1,1,0,0,0,1,0,0,0,0,0,0,1,0,1,1,1,0,0,1,0,1,0.2777777777777778,17.868059813545283,1
42,0,0,0,0,0,0,1,0,1,0,1,0,0,0,1,0,0,1,0,1,0,1,0,0,0,0,0,0,1,0,1,0,0,1,0,1,0.19444444444444445,12.402431115673558,1
43,0,0,0,0,0,1,0,0,1,0,1,0,0,0,1,1,0,1,0,1,0,0,1,0,0,0,0,0,1,1,0,1,0,1,0,1,0.25,24.25748390806249,1
44,0,0,0,0,0,1,0,0,1,0,1,0,0,0,1,1,0,1,0,1,0,0,0,0,0,0,1,0,1,1,1,1,0,1,0,1,0.2777777777777778,27.392920100678417,1
45,0,0,0,0,0,1,1,1,1,0,1,0,0,0,1,1,1,0,0,1,0,0,0,0,0,0,0,0,1,1,1,0,0,1,0,1,0.2222222222222222,19.029775945408613,1
46,1,1,1,1,1,0,0,0,0,1,0,1,0,1,0,0,1,1,1,0,1,0,0,1,1,1,1,1,0,0,0,1,1,0,1,1,0.2222222222222222,22.676972175032137,1
47,0,0,0,0,0,1,0,0,1,0,1,0,0,0,0,1,0,0,0,1,0,0,0,0,0,0,1,0,1,1,1,0,0,1,0,1,0.2222222222222222,20.311925825844636,1
48,0,0,0,0,0,1,0,0,1,0,1,0,0,0,1,1,0,1,0,1,0,0,1,0,1,0,0,1,1,0,0,1,0,1,0,0,0.16666666666666666,12.29869731315217,1
49,1,1,1,1,1,0,0,0,0,1,0,1,0,1,0,0,1,0,1,0,1,0,0,1,1,1,1,1,0,0,0,0,1,0,1,1,0.25,15.362020352809626,1
50,0,0,0,0,0,1,1,0,1,0,1,0,0,0,0,1,0,0,0,1,0,0,0,0,0,0,1,1,1,0,0,1,0,1,0,0,0.2222222222222222,10.880292572597675,1
51,1,1,1,1,1,0,0,1,0,1,0,1,0,1,0,0,1,0,0,0,1,0,1,1,1,1,1,1,0,0,0,0,1,0,1,1,0.19444444444444445,18.13802219893855,1
52,0,0,0,0,0,0,0,0,1,0,1,0,0,0,1,1,0,1,0,1,0,1,1,0,0,0,0,0,1,1,1,0,0,1,0,1,0.2777777777777778,27.319160511328967,1
53,0,0,0,0,0,1,1,0,1,0,1,0,0,0,1,1,0,0,0,1,0,0,0,0,0,0,1,0,1,1,1,0,0,1,0,1,0.2777777777777778,17.242971849372672,1
54,0,0,0,0,0,1,0,1,1,0,1,0,0,0,1,1,0,1,0,1,0,0,0,0,0,0,1,0,0,0,1,0,0,1,0,1,0.2222222222222222,13.412876520919323,1
55,0,0,0,0,0,1,1,0,1,0,1,0,0,0,0,1,0,0,0,1,0,1,0,0,0,0,0,0,1,1,1,0,0,1,0,1,0.25,21.847760570401054,1
56,0,0,0,0,0,0,0,1,1,0,1,0,0,0,1,1,0,0,0,1,0,1,1,0,0,0,0,0,1,1,1,0,0,1,0,1,0.2777777777777778,26.41228039348425,1
57,0,0,0,0,0,0,1,0,1,0,1,0,0,0,1,1,0,1,0,1,0,0,1,0,0,0,0,0,1,1,1,0,0,1,0,1,0.25,19.115635482770607,1
58,0,0,0,0,0,1,0,0,1,0,1,0,0,0,1,1,0,1,0,1,0,1,0,0,0,0,0,1,1,0,1,1,0,1,0,1,0.25,24.76718598882944,1
59,1,1,1,1,0,0,1,1,0,1,0,1,0,1,0,0,1,0,1,0,1,1,0,1,1,1,1,0,0,0,0,0,1,0,1,1,0.2222222222222222,20.507118887752444,1
60,0,0,0,0,0,1,0,0,1,0,1,0,0,0,1,1,0,0,0,1,0,0,0,0,0,0,0,0,1,1,1,0,0,1,0,1,0.25,17.201969621413475,1
61,0,0,0,0,0,1,0,0,1,0,1,0,0,0,1,1,0,1,0,1,0,0,0,0,0,0,1,0,0,0,0,1,0,1,0,1,0.19444444444444445,11.073995359312601,1
62,0,0,0,0,1,1,0,1,1,0,1,0,0,0,1,1,0,1,0,1,0,1,0,0,0,0,1,1,1,1,0,1,0,1,0,1,0.2777777777777778,31.757820632576028,1
63,0,0,0,0,0,0,1,0,1,0,1,0,0,0,1,1,0,1,0,1,0,1,0,0,0,0,0,0,1,1,1,0,0,1,0,0,0.2222222222222222,11.27922991048843,1
64,0,0,0,0,0,1,0,1,1,0,1,0,0,0,1,1,0,1,0,1,0,0,0,0,0,0,0,0,1,0,1,1,0,1,0,1,0.3055555555555556,18.97979524591325,1
65,0,0,0,0,0,0,0,1,1,0,1,0,0,0,1,1,0,0,0,1,0,0,0,0,0,0,1,0,1,1,1,0,0,1,0,1,0.25,18.617883885200058,1
66,0,0,0,0,0,0,1,1,1,0,1,0,0,0,1,1,0,0,0,1,0,0,0,0,0,0,1,1,1,1,1,0,0,1,0,1,0.2222222222222222,23.074550672066003,1
67,1,0,0,0,0,1,0,0,1,0,1,0,0,0,1,1,0,1,0,1,0,1,0,0,0,0,0,0,1,0,1,0,0,1,0,1,0.2222222222222222,10.620151695056574,1
68,1,1,1,1,0,0,0,1,0,1,0,1,1,1,0,0,1,0,1,0,1,0,1,1,1,0,1,1,0,0,0,1,1,0,1,0,0.25,16.645686643506856,1
69,0,0,0,0,0,1,0,0,1,0,1,0,0,0,1,1,0,1,0,1,0,1,0,0,0,0,0,0,1,1,1,1,0,1,0,1,0.2777777777777778,30.785954004116675,1
70,1,1,1,1,0,0,1,1,0,1,0,1,1,1,0,0,1,0,1,0,1,0,1,1,1,1,1,1,0,0,0,0,1,0,1,1,0.2777777777777778,20.948788917868082,1
71,0,0,0,0,0,1,0,0,1,0,1,1,0,0,1,1,0,1,0,1,0,0,0,0,0,0,1,1,1,1,0,1,0,1,0,1,0.3055555555555556,22.303832346617455,1
72,0,0,0,0,0,0,1,0,1,0,1,1,0,0,1,1,0,1,0,0,0,1,1,0,0,0,0,0,1,1,1,0,0,1,0,1,0.2222222222222222,12.257866874197653,1
73,0,0,0,0,0,1,0,0,1,0,1,0,1,0,0,1,0,1,0,1,0,1,0,0,0,0,0,0,1,0,0,1,0,1,0,0,0.2222222222222222,9.365610728094344,1
74,0,0,0,0,0,1,0,0,1,0,1,0,0,0,1,0,0,0,0,0,0,0,0,0,0,0,1,0,1,1,1,0,0,1,0,0,0.1388888888888889,4.413368726182216,1
75,0,0,0,0,0,1,0,0,1,0,1,0,0,0,1,1,1,1,0,1,0,0,1,0,0,0,1,1,1,1,0,0,0,1,0,1,0.25,19.531744895593302,1
76,0,0,0,0,0,1,0,0,1,0,1,0,0,0,1,1,0,1,0,1,0,0,1,0,0,0,1,0,1,1,0,0,0,1,0,1,0.16666666666666666,15.618858083151576,1
77,1,1,1,1,1,0,1,1,0,1,0,0,1,1,0,0,1,0,1,0,1,0,0,1,1,0,1,1,0,0,0,1,1,0,1,0,0.25,15.950724849257105,1
78,0,0,0,0,1,1,1,0,1,0,1,1,0,0,1,1,0,0,0,1,0,0,0,0,0,0,1,1,1,1,0,0,0,1,0,0,0.16666666666666666,9.046659928762613,1
79,0,0,0,0,0,0,0,1,1,0,1,0,0,0,1,1,0,1,0,1,0,0,0,0,0,0,1,0,1,1,0,1,0,1,0,1,0.25,22.127542485498793,1
80,1,1,1,1,0,0,0,0,0,1,0,1,0,1,0,0,1,0,1,0,1,0,1,1,1,0,1,1,0,0,0,0,1,0,1,0,0.2222222222222222,9.840776915952954,1
81,0,0,0,0,0,1,1,0,1,0,1,0,0,0,1,1,1,1,0,1,0,0,0,0,0,0,1,1,1,1,1,0,0,1,0,1,0.19444444444444445,20.267158940114307,1
82,0,0,0,0,0,1,0,0,1,0,1,0,0,0,1,1,0,1,0,1,0,1,1,0,0,0,0,0,1,0,1,1,0,1,0,1,0.2222222222222222,22.680546646505846,1
83,1,1,1,1,0,0,1,1,0,1,0,1,0,1,0,0,1,0,0,0,1,1,1,0,1,1,1,0,0,0,0,0,1,0,1,1,0.19444444444444445,20.330618247125432,1
84,0,0,0,0,0,0,0,1,1,0,1,1,0,0,1,1,0,0,0,1,0,0,1,0,0,0,0,0,1,0,1,1,0,1,0,1,0.19444444444444445,18.824599379685672,1
85,1,1,1,1,0,0,0,1,0,1,0,1,1,1,0,0,1,0,0,0,1,1,1,0,1,0,1,1,0,0,1,1,1,0,0,0,0.1388888888888889,12.52909599956089,1
86,0,0,0,0,0,1,1,0,1,0,1,1,0,0,0,1,1,1,0,1,0,0,0,0,0,0,0,1,1,0,0,1,0,1,0,1,0.25,14.878726805154646,1
87,1,1,1,0,1,0,0,0,1,1,0,0,1,1,0,0,1,0,1,0,0,1,1,0,1,0,1,0,0,0,0,0,1,0,1,0,0.16666666666666666,8.316061062018257,1
88,1,1,1,0,1,0,1,1,0,1,0,0,0,1,0,0,1,0,0,0,1,1,1,0,1,1,1,0,0,0,1,0,1,0,1,0,0.19444444444444445,10.743487374177855,1
89,0,0,1,0,0,0,0,0,1,0,1,1,0,0,0,1,0,0,0,0,0,1,1,0,0,0,0,1,0,1,0,0,0,0,0,0,0.0,1.426720345559638,1
90,1,0,1,0,0,0,0,0,0,1,0,1,0,0,1,0,1,0,0,0,1,1,0,0,1,0,0,1,0,0,1,0,0,0,1,0,0.027777777777777776,-0.10718354210832914,1
91,0,0,0,0,0,1,0,0,1,0,1,0,1,0,1,1,1,1,0,1,0,0,0,0,0,0,1,1,0,1,1,0,0,1,0,0,0.19444444444444445,11.623125526402639,1
92,1,1,1,1,1,0,0,0,0,1,0,1,0,1,0,0,1,0,1,0,1,1,0,0,0,1,0,1,0,0,0,0,1,0,1,1,0.2222222222222222,12.172541449589062,1
93,1,1,1,1,1,0,0,0,0,1,0,0,0,1,0,0,1,0,1,0,1,0,1,0,1,0,1,1,0,0,0,0,0,0,1,1,0.16666666666666666,6.407628475891258,1
94,1,1,1,0,0,0,1,1,0,1,0,0,1,1,0,0,1,0,1,0,1,1,1,0,1,0,1,0,0,0,1,1,0,0,1,0,0.16666666666666666,11.174852919048362,1
95,1,0,1,0,0,0,0,0,0,0,1,0,1,0,0,0,1,0,0,0,1,1,1,0,1,0,1,0,1,0,0,0,0,0,0,0,0.027777777777777776,-0.8915957551091891,1
96,0,0,0,0,0,1,0,1,1,0,1,0,1,0,0,1,0,1,0,1,0,0,0,0,0,0,0,1,1,1,0,1,0,1,0,1,0.2777777777777778,24.83342359248435,1
97,0,0,0,0,0,1,1,0,1,0,1,0,0,0,1,1,1,0,0,1,0,0,0,0,0,0,1,0,1,0,1,1,0,1,0,1,0.3333333333333333,15.871910180686676,1
98,1,1,1,0,0,0,1,0,0,1,0,1,1,0,0,0,1,0,0,0,1,0,1,0,0,1,1,1,0,0,1,1,0,0,1,0,0.1111111111111111,4.584594438127969,1
99,0,0,0,0,0,0,0,1,1,0,1,0,0,0,1,0,0,1,1,1,0,0,0,0,1,0,1,0,1,1,1,0,0,1,0,1,0.16666666666666666,27.406951624304188,1
