,0,1,2,3,4,5,6,7,8,9,10,11,12,13,14,15,16,17,18,19,20,21,22,23,24,25,26,27,28,29,30,31,32,33,34,35,chain_break_fraction,energy,num_occurrences
0,1,0,1,0,0,0,1,0,0,1,1,0,0,1,1,0,1,1,1,1,1,0,0,0,0,1,1,0,0,0,0,1,1,1,0,0,0.2777777777777778,14.615931396695386,1
1,1,0,1,0,0,0,1,0,0,1,1,0,1,0,1,0,0,1,1,1,1,0,0,0,0,1,1,0,0,0,0,1,1,1,0,0,0.19444444444444445,13.710255491471901,1
2,1,0,1,0,0,0,1,0,0,1,1,0,1,0,1,0,0,1,1,1,1,0,0,0,0,1,1,0,0,0,0,1,1,1,0,0,0.25,13.710255491471901,1
3,1,0,1,0,0,0,1,0,0,1,1,1,0,0,0,0,1,1,1,1,1,0,0,0,0,1,1,0,0,0,0,1,1,1,0,0,0.25,17.37259471929145,1
4,1,0,1,0,0,0,1,0,0,1,1,1,0,0,0,0,1,1,1,1,1,0,0,0,0,1,1,0,0,0,0,1,1,1,0,0,0.3055555555555556,17.37259471929145,1
5,1,0,1,0,0,0,1,1,0,1,1,1,0,0,1,0,1,1,1,1,1,0,0,0,0,1,1,0,0,0,0,1,0,1,0,0,0.2222222222222222,18.470194609153914,1
6,1,0,1,0,0,0,1,0,0,1,1,1,1,0,0,0,1,1,1,1,1,0,0,0,0,1,1,0,0,0,0,1,1,1,0,0,0.25,17.00344763064779,1
7,1,0,1,0,0,0,1,0,0,1,1,1,1,0,1,0,0,1,1,1,1,0,0,0,0,1,1,0,0,0,0,1,0,1,0,0,0.25,13.700925140015551,1
8,1,0,1,0,0,0,1,0,0,1,1,0,1,0,1,0,1,1,1,1,1,0,0,0,0,1,1,0,0,0,1,1,0,1,0,0,0.16666666666666666,12.13580677147239,1
9,1,0,1,0,0,0,1,0,0,1,1,1,0,0,1,0,1,1,1,1,1,1,0,0,0,1,1,0,0,0,0,1,0,1,0,0,0.2222222222222222,14.038449017899817,1
10,1,0,1,0,0,0,1,1,0,1,1,0,1,0,1,0,0,1,1,1,1,0,1,0,0,1,1,0,0,0,0,1,0,1,0,0,0.2222222222222222,11.55499676337395,1
11,1,0,1,0,0,0,1,0,0,1,1,0,1,0,1,0,0,1,1,1,1,0,0,0,0,1,1,0,0,0,0,1,1,1,0,0,0.16666666666666666,13.710255491471901,1
12,1,0,1,0,0,0,1,0,0,1,1,1,0,0,1,0,1,1,1,1,1,0,1,0,0,1,1,0,0,0,0,1,0,1,0,0,0.2222222222222222,14.137899209657624,1
13,1,0,1,0,0,0,1,0,0,1,1,1,1,0,1,0,1,1,1,1,1,0,0,0,0,1,1,0,0,0,1,1,1,1,0,0,0.25,17.517376606326636,1
14,1,0,1,0,0,0,1,0,0,1,1,1,1,0,1,0,1,1,1,1,1,0,0,0,0,1,1,0,0,0,0,1,1,1,0,0,0.25,16.863740098986472,1
15,1,0,1,0,0,0,1,0,0,1,1,0,1,1,1,0,1,1,1,1,1,0,0,0,0,1,1,0,0,0,1,1,1,1,0,0,0.2222222222222222,15.896126713885609,1
16,1,0,0,0,0,0,1,1,0,1,1,0,0,1,0,0,1,1,1,1,1,0,0,0,0,1,1,0,0,0,0,1,0,1,0,0,0.2222222222222222,13.738944207048444,1
17,1,0,1,0,0,0,1,0,0,1,1,0,1,1,1,0,1,1,1,1,1,0,0,0,0,1,1,0,0,0,0,1,0,1,0,0,0.19444444444444445,13.86394063006782,1
18,1,0,1,0,0,0,1,0,0,1,1,0,1,0,1,0,1,1,1,1,1,0,0,0,0,1,1,0,0,0,0,1,1,1,0,0,0.2777777777777778,13.711982055307399,1
19,1,0,0,0,0,0,1,0,0,1,1,0,1,0,1,0,1,1,1,1,1,0,0,0,0,1,1,0,0,0,0,1,1,1,0,0,0.25,14.59093508270633,1
20,1,0,1,0,0,0,1,0,0,1,1,0,1,1,1,0,1,1,1,1,1,0,0,0,0,1,1,0,0,0,0,1,1,1,0,0,0.25,15.519880738083348,1
21,1,0,1,0,0,0,0,0,0,1,1,1,0,0,1,0,1,1,1,1,1,0,0,0,0,1,1,0,0,0,0,1,1,1,0,0,0.2777777777777778,17.37259471929145,1
22,1,0,1,0,0,0,1,0,0,1,1,0,1,0,1,0,1,1,1,1,1,0,0,0,0,1,1,0,0,0,0,1,1,1,0,0,0.19444444444444445,13.711982055307399,1
23,1,0,1,0,0,0,1,0,0,1,1,0,0,1,1,0,1,1,1,1,1,0,0,0,0,1,1,0,0,0,0,1,1,1,0,0,0.25,14.615931396695386,1
24,1,0,1,0,0,0,0,0,0,1,1,1,1,0,1,0,1,1,1,1,1,0,0,0,0,1,1,0,0,0,0,1,1,1,0,0,0.25,17.003447630647784,1
25,1,0,1,0,0,0,1,0,0,1,1,0,1,0,1,0,1,1,1,1,1,0,0,0,0,1,1,0,0,0,0,1,0,1,0,0,0.16666666666666666,11.050931882460391,1
26,1,0,1,0,0,0,1,1,0,1,1,0,1,0,1,0,1,1,1,1,1,0,1,0,0,1,1,0,0,0,0,1,0,1,0,0,0.2222222222222222,12.543560313672064,1
27,1,0,1,0,0,0,1,0,0,1,0,0,1,0,1,0,0,1,1,1,1,0,0,0,0,1,1,0,0,0,0,1,1,1,0,0,0.19444444444444445,14.634376469632352,1
28,1,0,1,0,0,0,1,0,0,1,1,1,1,0,1,0,0,1,1,1,1,0,0,0,0,1,1,0,0,0,0,1,1,1,0,0,0.3055555555555556,15.862013535151007,1
29,1,0,1,0,0,0,1,0,0,1,1,1,0,0,1,0,1,1,1,1,1,0,0,0,0,1,1,0,0,0,0,1,1,1,0,0,0.3055555555555556,16.732883382123163,1
30,1,0,1,0,0,0,1,1,0,1,1,0,0,0,1,0,1,1,1,1,1,0,0,0,0,1,1,0,0,0,0,1,1,1,0,0,0.3055555555555556,15.528609196419085,1
31,1,0,1,0,0,0,1,0,0,1,1,1,1,0,1,0,0,1,1,1,1,0,0,0,0,1,1,0,0,0,0,1,1,1,0,0,0.25,15.862013535151007,1
32,1,0,1,0,0,0,1,0,0,1,1,0,1,0,1,0,1,1,1,1,1,0,0,0,0,1,1,0,0,0,0,1,1,1,0,0,0.25,13.711982055307399,1
33,1,0,1,0,0,0,1,0,0,1,1,1,0,1,0,0,0,1,1,1,1,0,0,0,0,1,1,0,0,0,0,1,1,1,0,0,0.2777777777777778,17.63285342007113,1
34,1,0,1,0,0,0,1,1,0,1,1,0,0,0,1,0,1,1,1,1,1,0,0,0,0,1,1,0,0,0,1,1,0,1,0,0,0.2222222222222222,14.283712382046113,1
35,1,0,1,0,0,0,1,0,0,1,1,0,1,0,1,0,1,1,1,1,1,0,0,0,0,1,1,0,0,0,0,1,0,1,0,0,0.25,11.050931882460391,1
36,1,0,1,0,0,0,1,0,0,1,1,0,1,0,1,0,1,1,1,1,1,0,0,0,0,1,1,0,0,0,0,1,0,1,0,0,0.2222222222222222,11.050931882460391,1
37,1,0,1,0,0,0,1,0,0,1,0,1,1,0,1,0,0,1,1,1,1,0,0,0,0,1,1,0,0,0,0,1,1,1,0,0,0.2222222222222222,14.78613451331146,1
38,1,0,1,0,0,0,1,0,0,1,1,0,1,0,1,0,0,1,1,1,1,0,0,0,0,1,1,0,0,0,0,1,0,1,0,1,0.25,18.670662687406924,1
39,1,0,1,0,0,0,1,1,0,1,1,0,1,0,1,0,0,1,1,1,1,0,0,0,0,1,1,0,0,0,0,1,1,1,0,0,0.19444444444444445,14.430280701137058,1
40,1,0,1,0,0,0,1,1,0,1,1,0,1,0,0,0,0,1,1,1,1,0,0,0,0,1,1,0,0,0,0,1,1,1,0,0,0.25,14.070268096304495,1
41,1,0,1,0,0,0,1,0,0,1,0,0,1,0,1,0,0,1,1,1,1,0,0,0,0,1,1,0,0,0,0,1,1,1,0,0,0.25,14.634376469632352,1
42,1,0,0,0,0,0,1,1,0,1,1,1,1,0,1,0,1,1,1,1,1,0,1,0,0,1,1,0,0,0,0,1,0,1,0,0,0.2777777777777778,16.72663362981008,1
43,1,0,0,0,0,0,1,0,0,1,1,0,1,0,1,0,1,1,1,1,1,0,0,0,0,1,1,0,0,0,0,1,0,1,0,0,0.2222222222222222,11.428320149423516,1
44,1,0,1,0,0,0,1,0,0,1,1,0,1,0,0,0,1,1,1,1,1,0,0,0,0,1,1,0,0,0,0,1,0,1,0,0,0.25,11.60053535316385,1
45,1,0,1,0,0,0,1,0,0,1,1,0,1,0,1,0,1,1,1,1,1,0,0,0,0,1,1,0,0,0,0,1,1,1,0,0,0.3055555555555556,13.711982055307399,1
46,1,0,1,0,0,0,1,0,0,1,0,1,1,0,1,0,1,1,1,1,1,0,0,0,0,1,1,0,0,0,0,1,1,1,0,0,0.25,15.287861077146946,1
47,1,0,1,0,0,0,1,0,0,1,1,0,1,0,1,0,1,1,1,1,1,0,0,0,0,1,1,0,0,0,0,1,0,1,0,0,0.19444444444444445,11.050931882460391,1
48,1,0,1,0,0,0,1,0,0,1,1,1,1,0,1,0,1,1,1,1,1,0,0,0,0,1,1,0,0,0,0,1,1,1,0,0,0.25,16.863740098986472,1
49,1,0,1,0,0,0,1,0,0,1,1,0,1,0,1,0,1,1,1,1,1,0,0,0,0,1,1,0,0,0,0,1,1,1,0,0,0.2222222222222222,13.711982055307399,1
50,1,0,0,0,0,0,1,0,0,1,1,1,1,0,1,0,1,1,1,1,1,0,0,0,0,1,1,0,0,0,0,1,1,1,0,0,0.16666666666666666,16.74269312638468,1
51,1,0,0,0,0,0,1,0,0,1,1,0,0,1,1,0,1,1,1,1,1,0,0,0,0,1,1,0,0,0,1,1,1,1,0,1,0.2222222222222222,26.842829831804377,1
52,1,0,1,0,0,0,1,1,0,1,1,0,1,0,1,0,0,1,1,1,1,0,0,0,0,1,1,0,0,0,0,1,1,1,0,0,0.3055555555555556,14.430280701137058,1
53,1,0,1,0,0,0,0,1,0,1,1,0,0,1,1,0,1,1,1,1,1,0,1,0,0,1,1,0,0,0,0,1,1,1,0,0,0.3055555555555556,15.349706825239833,1
54,1,0,1,0,0,0,1,0,0,1,1,1,1,0,1,0,1,1,1,1,1,0,0,0,0,1,1,0,0,0,0,1,1,1,0,0,0.3611111111111111,16.863740098986472,1
55,1,0,1,0,0,0,1,1,0,1,1,0,1,0,1,0,1,1,1,0,1,0,1,0,0,1,1,0,0,0,0,1,0,1,0,0,0.2777777777777778,9.689582956256613,1
56,1,0,1,0,0,0,1,0,0,1,1,0,1,0,1,0,1,1,1,1,1,0,0,0,0,1,1,0,0,0,0,1,1,1,0,0,0.2777777777777778,13.711982055307399,1
57,1,0,1,0,0,0,1,1,0,0,1,0,0,1,1,0,1,1,1,1,1,0,1,0,0,1,1,0,0,0,0,1,1,1,0,0,0.25,14.521499995298415,1
58,1,0,1,0,0,0,0,0,0,1,1,0,1,0,1,0,1,1,1,1,1,1,0,0,0,1,1,0,0,0,0,1,0,1,0,0,0.19444444444444445,13.963538589287056,1
59,1,0,0,0,0,0,1,0,0,1,1,0,0,0,1,0,1,1,1,1,1,0,0,0,0,1,1,0,0,0,0,1,0,1,0,0,0.2222222222222222,12.521815775749447,1
60,1,0,1,0,0,0,1,0,0,1,1,0,0,0,1,0,1,1,1,1,1,0,0,0,0,1,1,0,0,0,0,1,1,1,0,0,0.3055555555555556,14.808032713919408,1
61,1,0,1,0,0,0,0,0,0,1,0,1,1,0,1,0,1,1,1,1,1,0,0,0,0,1,1,0,0,0,0,1,1,1,0,0,0.19444444444444445,15.927568819599182,1
62,1,0,0,0,0,0,1,0,0,1,1,1,1,0,1,0,0,1,1,1,1,0,0,0,0,1,1,0,1,0,0,1,0,1,0,0,0.25,15.759724905388472,1
63,1,0,1,0,0,0,1,0,0,1,0,0,1,0,0,0,0,1,1,1,1,0,0,0,0,1,1,0,0,0,0,1,1,1,0,0,0.25,16.774364075590718,1
64,1,0,1,0,0,0,1,0,0,0,1,1,1,0,1,0,1,1,1,0,1,0,0,0,0,1,1,0,0,0,0,1,0,1,0,0,0.19444444444444445,9.925381935872586,1
65,1,0,0,0,0,0,1,0,0,1,1,1,0,0,0,0,1,1,1,1,1,0,0,0,0,1,1,0,0,0,1,1,1,1,0,0,0.3055555555555556,20.61072847047872,1
66,1,0,1,0,0,0,1,1,0,1,1,1,0,0,1,0,0,1,1,1,1,0,1,0,0,1,1,0,0,0,0,1,0,1,0,0,0.2777777777777778,15.073466599314008,1
67,1,0,1,0,0,0,1,1,0,1,0,1,1,0,1,0,1,1,1,1,1,0,1,0,0,1,1,0,0,0,1,1,1,1,0,0,0.25,17.312365131750667,1
68,1,0,1,0,0,0,1,1,0,1,1,1,0,1,1,0,1,1,1,1,1,0,0,0,0,1,1,0,0,0,0,1,1,1,0,0,0.3055555555555556,23.71518936354122,1
69,1,0,1,0,0,0,1,0,0,1,1,0,1,0,1,0,1,1,1,1,1,0,1,0,0,1,1,0,0,0,0,1,1,1,0,0,0.25,14.323789477275135,1
70,1,0,0,0,0,0,1,0,0,1,0,0,1,0,1,0,1,1,1,1,1,0,0,0,0,1,1,0,0,0,0,1,1,1,0,0,0.2222222222222222,15.515056060867153,1
71,0,0,1,0,0,0,0,1,0,1,1,0,0,0,1,0,1,1,1,1,1,0,0,0,0,1,1,0,0,0,0,1,0,1,0,0,0.25,12.632329616778048,1
72,1,0,1,0,0,0,1,1,0,1,1,0,1,0,0,0,1,1,1,1,1,0,0,0,0,1,1,0,0,0,0,1,0,1,0,0,0.3055555555555556,12.50132841175691,1
73,1,0,1,0,0,0,1,0,0,1,1,1,0,0,1,0,1,1,1,1,1,0,0,0,0,1,1,0,0,0,0,1,1,1,0,0,0.2222222222222222,16.732883382123163,1
74,1,0,1,0,0,0,1,0,0,1,0,0,0,1,1,0,1,1,1,1,1,0,0,0,0,1,1,0,0,0,0,1,0,1,0,0,0.2222222222222222,11.768038475911546,1
75,1,0,1,0,0,0,1,1,0,0,0,1,1,0,1,0,1,1,1,1,1,0,1,0,0,1,1,0,0,0,0,1,0,1,0,0,0.25,12.513526116634287,1
76,1,0,1,0,0,0,1,0,0,1,1,0,1,1,1,0,0,1,1,1,1,0,1,0,0,1,1,0,0,0,0,1,1,1,0,0,0.3055555555555556,14.643851516832992,1
77,1,0,1,0,0,0,1,1,0,1,1,0,0,1,0,0,1,1,1,1,1,0,0,0,0,1,1,0,0,0,0,1,1,1,0,0,0.3611111111111111,15.976227248959182,1
78,1,0,0,0,0,0,1,0,0,1,1,1,0,1,0,0,1,1,1,1,1,0,0,0,0,1,1,0,0,0,0,1,1,1,0,0,0.2777777777777778,18.559534220125286,1
79,1,0,0,0,0,0,1,0,0,1,1,0,1,0,1,0,1,1,1,1,1,0,0,0,0,1,1,0,0,0,0,1,1,1,0,0,0.3055555555555556,14.59093508270633,1
80,1,0,0,0,0,0,1,0,0,1,1,0,0,0,1,0,0,1,1,1,1,0,1,0,0,1,1,0,0,0,0,1,1,1,0,0,0.2777777777777778,19.585281521024626,1
81,1,0,1,0,0,0,1,1,0,1,1,0,0,0,1,0,1,1,1,0,1,0,0,0,0,1,1,0,0,0,1,1,1,1,0,0,0.2777777777777778,11.666928270668837,1
82,1,0,0,0,0,0,1,1,0,1,1,0,0,0,1,0,1,1,1,1,1,0,0,0,0,1,1,0,0,0,0,1,0,1,0,0,0.2222222222222222,13.330039921623262,1
83,1,0,1,0,0,0,1,0,0,1,1,0,1,0,1,0,1,1,1,1,1,0,0,0,0,1,1,0,0,0,0,1,1,1,0,0,0.3055555555555556,13.711982055307399,1
84,1,0,1,0,0,0,1,0,0,1,0,0,1,0,1,0,1,1,1,1,1,0,0,0,0,1,1,0,0,0,0,1,1,1,0,0,0.2777777777777778,14.136103033467846,1
85,1,0,1,0,0,0,1,0,0,1,1,0,1,0,1,0,0,1,0,1,1,0,0,0,0,1,1,0,0,0,0,1,1,1,0,0,0.2222222222222222,10.458915190156771,1
86,1,0,1,0,0,0,0,0,0,1,0,0,1,0,1,0,1,1,1,1,1,0,0,0,0,1,1,0,0,0,0,1,0,1,0,0,0.25,12.02459147133989,1
87,0,0,1,0,0,0,1,1,0,1,1,0,1,0,1,0,1,1,1,1,1,0,0,0,0,1,1,0,0,0,0,1,1,1,0,1,0.25,22.53658683552497,1
88,0,0,1,0,0,0,0,0,0,1,1,1,0,0,1,0,1,1,1,1,1,0,0,0,0,1,1,0,0,0,0,1,0,1,0,0,0.25,13.656524978953403,1
89,1,0,0,0,0,0,1,0,0,1,0,1,0,0,1,0,1,1,1,1,1,0,1,0,0,1,1,0,0,0,0,1,1,1,0,0,0.3055555555555556,18.00757599151882,1
90,1,0,1,0,0,0,0,0,0,1,1,0,1,0,0,0,1,1,1,1,1,0,0,0,0,1,1,0,0,0,0,1,0,1,0,0,0.2777777777777778,13.150138823867318,1
91,0,0,1,0,0,0,1,1,0,1,1,0,1,1,0,0,1,1,1,1,1,0,1,0,0,1,1,0,0,0,0,1,1,1,0,0,0.2777777777777778,15.45087319497904,1
92,1,0,0,0,0,0,0,0,0,1,0,1,1,0,1,0,1,1,1,1,1,0,0,0,0,1,1,0,0,0,0,1,0,1,0,0,0.3055555555555556,13.600148152803198,1
93,1,0,1,0,0,0,1,1,0,1,1,0,1,0,0,0,1,1,1,1,1,0,0,0,0,1,1,0,0,0,1,1,1,1,0,0,0.2777777777777778,15.761407277734206,1
94,0,0,1,0,0,0,1,1,0,1,1,0,0,0,1,0,1,1,1,0,1,0,1,0,1,1,1,0,0,0,0,1,0,1,0,0,0.16666666666666666,9.032854700960689,1
95,1,0,0,0,1,0,1,0,0,1,1,0,1,0,1,0,1,1,1,1,1,0,1,0,0,1,1,0,0,0,0,1,0,1,0,0,0.2222222222222222,11.49049126758822,1
96,1,0,1,0,0,0,1,1,0,1,1,1,1,0,1,0,1,1,1,1,1,0,0,0,0,1,1,0,0,0,0,1,1,1,0,0,0.3333333333333333,20.584325035663873,1
97,1,0,1,0,0,0,1,1,1,0,1,0,0,0,0,0,1,1,1,1,1,0,1,0,0,1,1,0,0,0,0,1,1,1,0,0,0.25,15.81521112960683,1
98,1,0,0,0,0,0,0,1,0,1,1,1,1,0,0,0,1,1,1,1,1,0,0,0,0,1,1,0,0,0,1,1,1,1,0,0,0.3055555555555556,18.896330536122065,1
99,1,0,0,0,0,0,1,0,0,1,1,0,0,0,0,0,0,1,0,1,1,0,0,0,0,1,1,0,0,0,0,1,0,1,0,0,0.16666666666666666,11.093908963489273,1
