,0,1,2,3,4,5,6,7,8,9,10,11,12,13,14,15,16,17,18,19,20,21,22,23,24,25,26,27,28,29,30,31,32,33,34,35,36,37,38,39,40,41,42,43,44,45,46,47,48,49,50,51,52,53,chain_break_fraction,energy,num_occurrences
0,1,0,0,0,1,1,1,0,0,1,1,1,0,0,0,1,1,0,0,0,0,1,0,1,0,0,1,0,0,0,1,1,1,1,1,0,0,1,1,0,1,1,0,0,0,0,1,1,0,0,1,0,1,0,0.3333333333333333,385.2121051249518,1
1,1,0,0,0,1,1,1,1,0,1,1,1,0,0,0,1,1,0,0,0,0,1,0,1,0,0,1,0,0,0,1,1,1,1,1,0,0,1,1,0,1,1,0,0,0,0,1,1,0,0,1,0,1,0,0.3333333333333333,361.1287371477263,1
2,1,0,0,0,1,1,1,0,0,1,1,1,0,0,0,1,1,0,0,1,1,1,0,1,0,0,1,0,0,0,1,1,1,1,1,0,0,1,1,0,1,1,0,0,0,0,1,1,0,0,1,0,1,0,0.37037037037037035,340.5106960225805,1
3,1,0,0,0,1,1,1,1,0,1,1,1,0,0,0,1,1,0,0,0,0,1,0,1,0,0,1,0,0,0,0,1,1,1,1,0,0,1,1,0,1,1,0,0,0,0,1,1,0,0,1,0,1,0,0.3333333333333333,345.1143255531992,1
4,1,0,0,0,1,1,1,0,0,1,1,1,0,0,0,1,1,0,0,0,0,1,0,1,0,0,1,0,0,0,0,1,1,1,1,0,0,1,1,0,1,1,0,0,0,0,1,1,0,0,1,0,1,0,0.3333333333333333,364.16753779831544,1
5,1,0,0,0,1,1,1,0,0,1,1,1,0,0,0,1,1,0,0,1,0,1,0,1,0,0,1,0,0,0,1,1,1,1,1,0,0,1,1,0,1,1,0,0,0,0,1,1,0,0,1,0,1,0,0.35185185185185186,354.311635424161,1
6,1,0,0,0,1,1,1,0,0,0,1,1,0,0,0,1,1,0,0,1,0,1,0,1,0,0,1,0,0,0,1,1,1,1,1,0,0,1,1,0,1,1,0,0,0,0,1,1,0,0,1,0,1,0,0.35185185185185186,364.65982630245577,1
7,1,0,0,0,1,1,1,0,0,1,1,1,0,0,0,1,1,0,0,1,0,1,0,1,0,0,1,0,0,0,1,1,1,1,1,0,0,1,1,0,1,1,0,0,0,0,1,1,0,0,1,0,1,0,0.3333333333333333,354.311635424161,1
8,1,0,0,0,1,1,1,0,0,1,1,1,0,0,0,1,1,0,0,0,0,1,0,1,0,0,1,0,0,0,1,1,1,1,1,0,0,1,1,0,1,1,0,0,0,0,1,1,0,0,1,0,1,0,0.3333333333333333,385.2121051249518,1
9,1,0,0,0,1,1,1,0,0,1,1,1,0,0,0,1,1,0,0,1,0,1,0,1,0,0,1,0,0,0,1,1,1,1,1,0,0,1,1,0,1,1,0,0,0,0,1,1,0,0,1,0,1,0,0.3148148148148148,354.311635424161,1
10,1,0,0,0,1,1,1,0,0,1,1,1,0,0,0,1,1,0,0,0,0,1,0,1,1,0,1,0,0,0,1,1,1,1,1,0,0,1,1,0,1,1,0,0,0,0,1,1,0,0,1,0,1,0,0.35185185185185186,368.9391342176983,1
11,1,0,0,0,1,1,1,0,0,1,1,1,0,0,0,1,1,0,0,0,0,1,0,1,0,0,1,0,0,0,1,1,1,1,1,0,0,1,1,0,1,1,0,0,0,0,1,1,0,0,1,0,1,0,0.3333333333333333,385.2121051249518,1
12,1,0,0,0,1,1,1,1,0,1,1,1,0,0,0,1,1,0,0,0,0,1,0,1,1,0,1,0,0,0,1,1,1,1,1,0,0,0,1,0,1,1,0,0,0,0,1,1,0,0,1,0,1,0,0.2777777777777778,323.55330004122044,1
13,1,0,0,0,1,1,1,0,0,1,1,1,0,0,0,1,1,0,0,0,1,1,0,1,1,0,1,0,0,0,1,0,1,1,1,0,0,1,1,0,1,1,0,0,0,0,1,1,0,0,1,0,1,0,0.3888888888888889,324.99966140951307,1
14,1,0,0,0,1,1,1,0,0,1,1,1,0,0,0,1,1,0,0,1,1,1,0,1,0,0,1,0,0,0,1,1,1,1,1,0,0,1,1,0,1,1,0,0,0,0,1,1,0,0,1,0,1,0,0.3888888888888889,340.5106960225805,1
15,1,1,0,0,1,1,1,0,0,1,1,1,0,0,0,1,1,0,0,0,0,1,0,1,0,0,1,0,0,0,1,1,1,1,1,0,0,1,1,0,1,1,0,0,0,0,1,1,0,0,1,0,1,0,0.37037037037037035,352.06932889960575,1
16,1,0,0,0,1,1,1,0,0,1,1,1,0,0,0,1,1,0,0,1,0,1,0,1,0,0,1,0,0,0,1,1,1,1,1,0,0,1,1,0,1,1,0,0,0,0,1,1,0,0,1,0,1,0,0.3333333333333333,354.311635424161,1
17,1,0,0,0,1,1,1,0,0,1,1,1,0,0,0,1,1,0,0,1,0,1,0,1,0,0,0,0,0,0,1,1,1,1,1,0,0,1,1,0,1,1,0,0,0,0,1,1,0,0,1,0,1,0,0.35185185185185186,411.3771399242296,1
18,1,0,0,0,1,1,0,0,0,1,1,1,0,0,0,1,1,0,0,1,0,1,0,1,0,0,1,0,0,0,1,1,1,1,1,0,0,1,1,0,1,1,0,0,0,0,1,1,0,0,1,0,1,0,0.35185185185185186,367.3530737667669,1
19,1,1,0,0,1,1,0,0,0,1,1,1,0,0,0,1,1,0,0,1,1,1,0,1,0,0,1,0,0,0,1,1,1,1,1,0,0,1,1,0,1,1,0,0,0,0,1,1,0,0,1,0,1,0,0.4074074074074074,336.55728295648936,1
20,1,0,0,0,1,1,1,0,0,1,1,1,0,0,0,1,1,0,0,1,0,1,0,1,0,0,1,0,0,0,1,1,1,1,1,0,0,1,1,0,1,1,0,0,0,0,1,1,0,0,1,0,1,0,0.35185185185185186,354.311635424161,1
21,1,0,0,0,1,1,1,0,0,1,1,1,0,0,0,1,1,0,0,0,1,1,0,1,0,0,1,0,0,0,1,0,1,1,1,0,0,1,1,0,1,1,0,0,0,0,1,1,0,0,1,0,1,0,0.3333333333333333,325.55009454172995,1
22,1,0,0,0,1,1,1,0,0,1,1,1,0,0,0,1,1,0,0,1,0,1,0,1,0,0,0,0,0,0,1,1,1,1,1,0,0,1,1,0,1,1,0,0,0,0,1,1,0,0,1,0,1,0,0.3333333333333333,411.3771399242296,1
23,1,0,0,0,1,1,1,0,0,1,1,1,0,0,0,1,1,0,0,1,1,1,0,1,0,0,1,0,0,0,1,0,1,1,1,0,0,1,1,0,1,1,0,0,0,0,1,1,0,0,1,0,1,0,0.4074074074074074,328.7636565767547,1
24,1,0,0,0,1,1,1,0,0,1,1,1,0,0,0,1,1,0,0,0,0,1,0,1,0,0,1,0,0,0,1,1,1,1,1,0,0,0,1,0,1,1,0,0,0,1,1,1,0,0,1,0,1,0,0.3333333333333333,364.90013651908356,1
25,1,0,0,0,1,1,1,1,0,1,1,1,0,0,0,1,1,0,0,0,1,1,0,1,1,0,1,0,0,0,1,1,1,1,1,0,0,1,1,0,1,1,0,0,0,0,1,1,0,0,1,0,1,0,0.2962962962962963,342.08600776662934,1
26,1,0,0,0,1,1,1,0,0,1,1,1,0,0,0,1,1,0,0,1,0,1,0,1,0,0,1,0,0,0,1,1,1,1,1,0,0,1,1,0,1,1,0,0,0,0,0,1,0,0,1,0,1,0,0.3333333333333333,316.90411621951307,1
27,1,0,0,0,1,1,1,1,0,1,1,1,0,0,0,1,0,0,0,1,0,1,0,1,0,0,1,0,0,0,0,1,1,1,1,0,0,1,1,0,1,1,0,0,0,0,1,1,0,0,1,0,1,0,0.3148148148148148,347.6190268636192,1
28,1,0,0,1,1,1,1,0,0,1,1,1,0,0,0,1,0,0,0,0,1,1,0,1,0,0,1,0,0,0,1,1,1,1,1,0,0,1,1,0,1,1,0,0,0,0,1,1,0,0,1,0,1,0,0.35185185185185186,356.5875385968597,1
29,1,0,0,0,1,1,1,0,0,1,1,1,0,0,0,1,1,0,0,1,0,1,0,1,0,0,0,0,0,0,1,0,1,1,1,0,0,1,1,0,1,1,0,0,0,0,1,1,0,0,1,0,1,0,0.37037037037037035,356.56464416451615,1
30,1,0,0,0,1,1,1,0,0,0,1,1,0,0,0,1,1,0,0,0,0,1,0,1,0,0,1,0,0,0,1,0,1,1,1,0,0,1,1,0,1,1,0,0,0,0,1,1,0,0,1,0,1,0,0.3333333333333333,353.5421176265391,1
31,0,1,1,1,0,0,0,1,1,0,0,0,1,1,1,0,0,1,1,1,1,0,1,1,1,1,0,1,1,1,0,0,1,0,0,1,1,0,0,1,0,1,1,1,1,0,0,1,1,1,0,1,0,1,0.35185185185185186,506.2012404271522,1
32,1,0,0,0,1,1,1,0,0,1,1,1,0,0,0,1,1,0,0,0,0,1,0,1,0,0,1,0,0,0,1,1,1,1,1,0,0,1,1,0,1,1,0,0,0,0,1,1,0,0,1,0,1,0,0.3333333333333333,385.2121051249518,1
33,1,0,0,0,1,1,1,1,0,1,1,1,0,0,0,1,1,0,0,1,0,1,0,1,0,0,1,0,0,0,1,0,1,1,1,0,0,1,1,0,1,1,0,0,0,0,0,1,0,0,1,0,1,0,0.3148148148148148,301.4200418595776,1
34,1,0,0,0,1,1,1,0,0,1,1,1,1,0,0,1,1,0,0,0,0,1,0,1,0,0,1,0,0,0,1,1,1,1,1,0,0,0,1,0,1,1,0,0,0,0,1,1,0,0,1,0,1,0,0.35185185185185186,332.230527120267,1
35,1,1,0,0,1,1,0,0,0,1,1,1,0,0,0,1,1,0,0,0,0,1,0,1,0,0,1,0,0,0,1,1,1,1,1,0,0,1,1,0,1,1,0,0,0,0,1,1,0,0,1,0,1,0,0.37037037037037035,365.08995094037215,1
36,1,0,0,0,1,1,1,0,0,1,1,1,0,0,0,1,1,0,0,1,0,1,0,1,0,0,1,0,0,0,1,1,1,1,1,0,0,0,1,0,1,1,0,0,0,0,1,1,0,0,1,0,1,0,0.3148148148148148,322.33653250670477,1
37,1,0,0,0,1,1,1,0,0,1,1,1,0,0,0,1,1,0,0,0,0,1,0,1,0,0,1,0,0,0,0,1,1,1,1,0,0,1,1,0,1,1,0,0,0,0,1,1,0,0,1,0,1,0,0.35185185185185186,364.16753779831544,1
38,1,0,0,0,1,1,1,1,0,1,1,1,1,0,0,1,1,0,0,0,0,1,0,1,0,0,1,0,0,0,1,1,1,1,1,0,0,1,1,0,1,1,0,0,0,0,1,1,0,0,1,0,1,0,0.35185185185185186,350.3282328730076,1
39,1,0,0,0,1,1,1,1,0,1,1,1,0,0,0,1,1,0,0,0,1,1,0,1,0,0,0,0,0,0,1,0,1,1,1,0,0,1,1,0,1,1,0,0,0,1,1,1,0,0,1,0,1,0,0.3333333333333333,341.8957203565937,1
40,1,0,0,0,1,1,1,0,0,1,1,1,0,0,0,1,1,0,0,1,0,1,0,1,0,0,1,0,0,0,1,1,1,1,1,0,0,1,1,0,1,1,0,0,0,1,1,1,0,0,1,0,1,0,0.2962962962962963,376.01539502648524,1
41,1,0,0,0,1,1,0,0,0,1,1,1,0,0,0,1,1,0,0,0,0,1,0,1,1,0,1,0,0,0,1,1,1,1,1,0,0,1,1,0,1,1,0,0,0,0,1,1,0,0,1,0,1,0,0.3333333333333333,384.4723138166926,1
42,1,0,0,0,1,1,1,0,0,1,1,1,0,0,0,1,0,0,0,0,0,1,0,1,1,0,1,0,0,0,1,0,1,1,1,0,0,1,1,0,1,1,0,0,0,0,1,1,0,0,1,0,1,0,0.35185185185185186,359.5800020187617,1
43,1,0,0,0,1,1,0,1,0,1,1,1,0,0,0,1,1,0,0,0,0,1,0,1,0,0,1,0,0,0,1,1,1,1,1,0,0,1,1,0,1,1,0,0,0,0,1,1,0,0,1,0,1,0,0.2777777777777778,373.1704211363393,1
44,1,0,0,0,1,1,1,0,0,1,1,1,0,0,0,1,1,0,0,1,0,1,0,1,1,0,1,0,0,0,1,1,1,1,1,0,0,1,1,0,1,1,0,0,0,0,1,1,0,0,1,0,1,0,0.3888888888888889,343.045259299144,1
45,1,0,0,0,1,1,1,0,0,1,1,1,0,0,0,1,1,0,0,1,0,1,0,1,1,0,0,0,0,0,1,1,1,1,1,0,0,1,1,0,1,1,0,0,0,0,1,1,0,0,1,0,1,0,0.3333333333333333,388.11076379921224,1
46,1,0,0,0,1,1,1,0,0,1,1,1,0,0,0,1,1,0,0,1,0,1,0,1,0,0,1,0,0,0,1,1,1,1,1,0,0,1,1,0,1,1,0,0,0,0,1,0,0,0,1,0,1,0,0.37037037037037035,279.49659701486496,1
47,1,0,0,0,1,1,1,0,0,1,1,1,0,0,0,1,0,0,0,0,0,1,0,1,0,0,1,0,0,0,1,1,1,1,1,0,0,1,1,0,1,1,0,0,0,0,1,1,0,0,1,1,1,0,0.3333333333333333,460.74384918242424,1
48,1,0,0,0,1,1,1,0,0,1,1,1,0,0,0,1,1,0,0,0,0,1,0,1,1,0,1,0,0,0,1,1,1,0,1,0,0,0,1,0,1,1,0,0,0,0,1,1,0,0,1,0,1,0,0.3333333333333333,317.02843001097654,1
49,1,0,0,0,1,1,1,0,0,1,1,1,0,0,0,1,1,0,0,1,1,1,0,1,0,0,1,0,0,0,1,1,1,1,1,0,0,1,1,0,1,1,0,0,0,0,0,1,0,0,1,0,1,0,0.35185185185185186,324.26231603433524,1
50,0,1,1,1,0,0,0,1,1,0,0,0,1,1,1,0,0,1,1,1,1,0,1,1,1,1,0,1,1,1,0,0,1,0,0,1,1,0,0,1,0,1,1,1,1,1,0,1,1,1,0,1,0,1,0.3333333333333333,515.8614029839922,1
51,1,0,0,0,1,1,1,0,0,0,1,1,0,0,0,1,1,0,0,0,0,1,0,1,1,0,1,0,0,0,1,1,1,1,1,0,0,1,1,0,1,1,0,0,0,0,1,1,0,0,1,0,1,0,0.3333333333333333,381.8714518540447,1
52,1,0,0,0,1,1,1,0,0,1,1,1,0,0,0,1,1,0,0,0,1,1,0,1,1,0,1,0,0,0,1,1,1,1,1,0,0,1,1,0,1,1,0,0,0,1,1,1,0,0,1,0,1,0,0.2962962962962963,355.04615307307427,1
53,1,0,0,0,1,1,1,0,0,1,1,1,0,0,0,1,0,0,0,1,1,1,0,1,0,0,1,0,0,0,0,1,1,1,1,0,0,1,1,0,1,1,0,0,0,0,1,1,0,0,1,0,1,0,0.3888888888888889,342.98521026889415,1
54,1,0,0,0,1,1,0,0,0,1,1,1,0,0,0,1,1,0,0,1,0,1,0,1,0,0,1,0,0,0,1,1,1,1,1,0,0,1,1,0,1,1,0,0,0,0,1,1,0,0,1,0,1,0,0.3333333333333333,367.3530737667669,1
55,1,0,0,0,1,1,0,0,0,1,1,1,0,0,0,1,1,0,0,1,0,1,0,1,0,0,1,0,0,0,1,1,1,1,1,0,0,1,1,0,1,1,0,0,0,0,1,1,0,0,1,0,1,0,0.35185185185185186,367.3530737667669,1
56,1,0,0,0,1,1,1,0,0,1,1,1,0,0,0,1,1,0,0,0,0,1,0,1,0,0,1,0,0,0,1,1,1,1,1,0,0,1,1,0,1,1,0,0,0,0,1,1,0,0,1,0,1,0,0.2962962962962963,385.2121051249518,1
57,0,1,1,1,0,0,0,1,1,0,0,0,1,1,1,0,0,1,1,1,1,0,1,1,1,1,0,1,1,1,1,1,1,0,0,1,1,0,0,1,0,1,1,1,1,1,0,0,1,1,0,1,0,1,0.35185185185185186,487.3021141925746,1
58,1,0,0,0,1,1,0,0,0,1,1,1,0,0,0,1,1,0,0,0,1,1,0,1,0,0,1,0,0,0,1,1,1,1,1,0,0,1,1,0,1,1,0,0,0,0,1,1,0,0,1,0,1,0,0.4074074074074074,355.45235841996936,1
59,1,1,0,0,1,1,0,1,0,1,1,1,0,0,0,1,1,0,0,0,0,1,0,1,0,0,1,0,0,0,1,1,1,1,1,0,0,1,1,0,1,1,0,0,0,0,1,1,0,0,1,0,1,0,0.35185185185185186,345.0487068588385,1
60,1,0,0,0,1,1,1,0,0,1,1,1,0,0,0,1,1,0,0,0,1,1,0,1,0,0,0,0,0,0,1,0,1,1,1,0,0,1,1,0,1,1,1,0,0,0,1,1,0,0,1,0,1,0,0.35185185185185186,361.1067241430747,1
61,0,1,1,1,0,0,0,1,1,0,0,0,0,1,1,0,0,1,1,0,1,0,1,1,1,1,0,1,1,1,0,0,1,0,0,1,1,0,0,1,0,1,1,1,1,1,0,0,1,1,0,1,0,1,0.4074074074074074,464.5157750507262,1
62,1,0,0,0,1,1,1,0,0,1,1,1,0,0,0,1,0,0,0,1,0,1,0,1,1,0,1,0,0,0,1,0,1,1,1,0,0,1,1,0,1,1,0,0,0,0,1,1,0,0,1,0,1,0,0.37037037037037035,333.7216043328782,1
63,1,0,0,0,1,1,1,0,0,1,1,1,0,0,0,1,1,0,0,0,0,1,0,1,0,0,1,0,0,0,0,1,1,1,1,0,0,1,1,0,1,1,0,0,0,1,1,1,0,0,1,0,1,0,0.3333333333333333,388.55289302523005,1
64,1,0,0,0,1,1,1,0,0,1,1,1,0,0,0,1,1,0,0,0,1,1,0,1,1,0,1,0,0,0,1,0,1,1,1,0,0,1,1,0,1,1,0,0,0,0,1,1,0,0,1,0,1,0,0.37037037037037035,324.99966140951307,1
65,1,0,0,0,1,1,1,0,0,1,1,1,0,0,0,1,1,0,0,0,1,1,0,1,0,0,1,0,0,0,1,1,1,1,1,0,0,1,1,0,1,1,0,0,0,1,1,0,0,0,1,0,1,0,0.35185185185185186,298.1692413287013,1
66,1,0,0,0,1,1,0,0,0,1,1,1,0,0,0,1,1,0,0,0,0,1,0,1,0,0,1,0,0,0,1,0,1,1,1,0,0,1,1,0,1,1,0,0,0,0,1,1,0,0,1,1,1,0,0.3888888888888889,379.33497792175876,1
67,0,1,1,1,0,0,0,0,1,0,0,0,1,1,1,0,0,1,1,0,1,0,1,1,1,1,0,1,1,1,0,0,1,0,0,0,1,0,0,1,0,1,1,1,1,1,0,0,1,1,1,1,0,1,0.3333333333333333,469.6825180980816,1
68,1,0,0,0,1,1,0,0,0,0,1,1,1,0,0,1,1,0,0,0,1,1,0,1,0,0,1,0,0,0,1,1,1,1,1,0,0,1,1,0,1,1,0,0,0,0,1,1,0,0,1,0,1,0,0.3148148148148148,352.27778579914064,1
69,1,0,0,0,1,1,1,0,0,1,1,1,0,0,0,1,1,0,0,1,0,1,0,1,0,0,0,0,0,0,1,1,1,1,1,0,0,1,1,0,1,1,0,0,0,0,1,1,0,0,1,0,1,0,0.3888888888888889,411.3771399242296,1
70,1,0,0,0,1,1,0,0,0,1,1,1,0,0,0,1,1,0,0,1,1,1,0,1,0,0,1,0,0,0,1,1,1,1,0,0,0,1,1,0,1,1,0,0,0,0,1,1,0,0,1,0,1,0,0.35185185185185186,321.522934726375,1
71,1,1,1,0,1,1,1,0,0,1,1,1,0,0,0,1,1,0,0,1,1,1,0,1,0,0,0,0,0,0,1,0,1,1,1,0,0,1,1,0,1,1,0,0,0,0,1,1,0,0,1,0,1,0,0.42592592592592593,335.21609597444666,1
72,0,0,1,1,0,0,0,0,1,0,0,0,1,1,1,0,0,1,1,0,1,0,1,1,1,1,0,1,1,1,0,0,1,0,0,1,1,0,0,1,0,1,1,1,1,0,0,1,1,1,0,1,0,1,0.3333333333333333,545.3674523700358,1
73,1,0,0,0,1,1,0,1,0,1,1,1,0,0,0,1,1,0,0,0,1,1,0,1,0,0,1,0,0,0,0,1,1,1,1,0,0,1,1,0,1,1,0,0,0,0,1,1,0,0,1,0,1,0,0.37037037037037035,336.95451530200603,1
74,0,0,0,0,1,1,1,0,0,1,1,1,0,0,0,1,1,0,0,0,0,1,0,1,0,0,1,0,0,0,0,1,1,1,1,0,0,1,1,0,1,1,0,0,0,0,0,1,0,0,1,0,1,0,0.2962962962962963,335.71164658868463,1
75,1,0,0,0,1,1,0,0,0,1,1,1,0,0,0,1,0,0,0,1,0,1,0,1,0,0,1,0,0,0,0,1,1,1,1,0,0,1,1,0,1,1,0,0,0,0,1,1,0,0,1,0,1,0,0.37037037037037035,382.43432697961543,1
76,1,0,0,0,1,1,1,0,0,0,1,1,0,0,0,1,1,0,0,0,1,1,0,1,0,0,1,0,0,0,1,0,1,1,1,0,0,0,1,0,1,1,0,0,0,0,1,1,0,0,1,0,1,0,0.3333333333333333,310.91850602606905,1
77,1,0,0,0,1,1,1,0,0,1,1,1,0,0,0,1,1,0,0,1,0,1,0,1,0,0,1,0,0,0,0,0,1,1,1,0,0,1,1,0,1,1,0,0,0,0,1,1,0,0,1,0,1,0,0.4074074074074074,312.34898104797617,1
78,1,0,0,0,1,1,0,0,0,1,1,1,0,0,0,1,1,0,0,0,1,1,0,1,0,0,1,0,0,0,0,1,1,1,1,0,0,0,1,0,1,1,0,0,0,0,1,1,0,0,1,0,1,0,0.35185185185185186,321.1155180493439,1
79,1,0,0,1,1,1,1,0,0,1,1,1,0,0,0,1,1,0,0,1,1,1,0,1,0,0,1,0,0,0,1,1,1,1,1,0,0,1,1,0,1,1,0,0,0,0,1,1,0,0,1,0,1,0,0.4074074074074074,336.37360040066403,1
80,1,0,0,0,1,1,0,1,0,1,1,1,1,0,0,1,1,0,0,0,0,1,0,1,1,0,0,0,0,0,0,1,1,1,1,0,0,1,1,0,1,1,0,0,0,0,1,1,0,0,1,0,1,0,0.2777777777777778,369.0234007699403,1
81,1,0,0,0,1,1,0,0,0,1,1,1,0,0,0,1,1,0,0,0,0,1,0,1,1,0,1,0,0,0,1,1,1,1,1,0,0,1,1,0,1,1,0,0,0,0,1,1,0,0,1,0,1,0,0.37037037037037035,384.4723138166926,1
82,1,0,0,0,1,1,1,0,0,1,1,1,0,0,0,1,1,0,0,1,0,1,0,1,1,0,0,0,0,0,0,1,1,1,1,0,0,1,1,0,1,1,0,0,0,0,1,1,0,0,1,0,1,0,0.37037037037037035,363.55919002463764,1
83,1,1,0,0,1,1,0,1,0,1,1,1,0,0,0,1,1,0,0,0,0,1,0,0,0,0,1,0,0,0,1,1,1,1,1,0,0,1,1,0,1,1,0,0,0,0,1,1,0,0,1,0,1,0,0.37037037037037035,380.8403961220188,1
84,1,0,0,0,1,1,1,0,0,0,1,1,0,0,0,1,1,0,0,1,0,1,0,1,0,0,0,0,0,0,1,1,1,0,1,0,0,1,1,0,1,1,0,0,0,0,1,1,0,0,1,0,1,0,0.2962962962962963,399.7203162170621,1
85,1,0,0,0,1,1,0,0,0,1,1,1,0,0,0,1,0,0,0,0,0,1,0,1,1,0,1,0,0,0,1,1,1,1,1,0,0,1,1,0,1,1,0,0,0,0,1,1,0,0,1,0,1,0,0.35185185185185186,428.42402217178847,1
86,1,0,0,0,1,1,0,0,0,1,1,1,0,0,0,1,1,0,0,0,1,1,0,1,0,0,0,0,0,0,0,1,1,1,1,0,0,1,1,0,1,1,0,0,0,0,1,1,0,0,1,0,1,0,0.35185185185185186,377.6611914715628,1
87,0,1,1,1,0,0,0,1,1,0,0,0,1,1,1,0,0,1,1,0,1,0,1,1,1,1,0,1,1,1,0,1,1,0,0,1,1,1,0,1,0,1,1,1,1,0,0,0,1,1,0,0,0,1,0.3888888888888889,485.3040053651964,1
88,1,0,0,0,1,1,0,1,0,1,1,1,0,0,0,1,0,0,0,0,0,1,0,1,0,0,1,0,0,0,1,1,1,1,1,0,0,1,1,0,1,1,0,0,0,0,1,1,0,0,1,0,1,0,0.2962962962962963,412.60153632749245,1
89,1,0,0,0,1,1,0,0,0,1,1,1,0,0,0,1,1,0,0,1,0,1,0,1,0,0,1,0,0,0,1,1,1,1,1,0,0,1,1,0,1,1,0,0,0,0,1,1,0,0,1,1,1,0,0.4074074074074074,389.88084138723923,1
90,1,0,0,0,1,1,0,1,0,1,1,1,0,0,0,1,0,0,0,1,1,1,0,1,0,0,1,0,0,0,0,1,1,1,1,0,0,1,1,0,1,1,0,0,0,1,1,1,0,0,1,0,1,0,0.3148148148148148,354.637415462284,1
91,0,1,1,0,0,0,0,0,1,0,0,0,1,1,1,0,0,1,1,1,1,0,1,1,1,1,0,1,1,1,1,0,1,0,0,1,0,0,0,1,0,1,0,1,1,1,0,0,1,1,0,1,0,1,0.37037037037037035,449.65171779684596,1
92,1,0,0,0,1,1,0,0,0,1,1,1,0,0,0,1,1,0,1,1,1,1,0,1,1,0,1,0,0,0,1,0,1,1,1,0,0,1,1,0,1,1,0,0,0,1,1,1,0,0,1,0,1,0,0.3333333333333333,336.59598313369594,1
93,1,0,0,0,1,1,0,1,0,1,1,1,0,0,0,1,1,0,0,1,0,1,0,1,0,0,0,0,0,0,1,0,1,1,1,0,0,1,1,0,1,1,0,0,0,1,1,1,0,0,1,0,1,0,0.37037037037037035,368.5633403966878,1
94,1,0,0,1,1,1,0,0,0,1,1,1,0,0,0,1,1,0,0,1,0,1,0,1,0,0,0,0,0,0,1,0,1,1,1,0,0,1,1,0,1,1,0,0,0,1,1,1,0,0,1,0,1,0,0.35185185185185186,378.9612135175062,1
95,1,0,0,0,1,1,0,0,0,1,1,1,0,0,0,1,0,0,0,1,1,1,0,1,0,0,0,0,0,0,1,1,1,1,1,0,0,1,1,0,1,1,0,0,0,0,1,1,0,0,1,1,1,0,0.4444444444444444,438.51672318537646,1
96,1,1,0,0,1,1,0,0,0,1,1,1,0,0,0,1,1,0,0,1,1,1,0,1,1,0,1,0,0,0,1,1,1,1,1,0,0,1,1,0,1,1,0,0,0,0,1,1,0,0,1,0,1,0,0.4074074074074074,337.7995873053758,1
97,1,0,0,0,1,1,0,0,0,1,1,1,0,0,0,1,0,0,0,1,1,1,0,1,0,0,1,0,0,0,1,1,1,1,1,0,0,1,1,0,1,1,0,0,0,0,1,1,0,0,1,0,1,0,0.3888888888888889,362.90457387911846,1
98,1,0,0,0,1,1,0,0,0,1,1,1,0,0,0,1,1,0,0,1,0,1,0,1,0,0,1,0,0,0,0,0,1,1,1,0,0,1,1,0,1,1,1,0,0,0,1,1,0,0,1,0,1,0,0.35185185185185186,334.4407438507845,1
99,0,1,1,1,0,0,0,1,1,0,0,0,1,1,1,0,0,1,1,1,1,0,1,1,1,1,1,1,1,1,1,0,1,0,0,1,1,0,0,1,0,1,0,1,1,1,0,0,1,1,0,1,0,1,0.3888888888888889,542.8459108119906,1
