,0,1,2,3,4,5,6,7,8,9,10,11,12,13,14,15,16,17,18,19,20,21,22,23,24,25,26,27,28,29,30,31,32,33,34,35,36,37,38,39,40,41,42,43,44,45,46,47,48,49,50,51,52,53,chain_break_fraction,energy,num_occurrences
0,1,0,0,0,1,1,1,1,0,0,0,0,0,0,0,1,0,0,0,1,0,0,1,1,1,0,0,0,0,1,0,0,1,0,1,0,0,0,0,0,0,0,1,1,0,1,1,0,1,1,0,0,1,0,0.2962962962962963,167.8415071070938,1
1,1,0,0,0,1,1,1,1,0,0,0,0,0,0,0,1,1,0,0,1,0,0,1,1,1,0,0,0,0,1,0,0,1,0,1,0,0,0,0,0,0,0,1,1,0,1,1,0,1,1,0,1,1,0,0.3333333333333333,179.68228671342797,1
2,1,0,0,0,1,0,1,1,0,0,0,0,0,0,0,1,0,0,0,1,0,0,1,1,1,0,0,0,0,1,0,0,1,0,1,0,0,0,0,0,1,0,1,1,0,1,1,0,1,1,0,0,1,0,0.2962962962962963,208.61746629734168,1
3,1,0,0,0,1,1,1,1,0,0,0,0,0,0,0,1,1,0,0,1,0,0,1,1,1,0,0,0,0,1,0,0,1,0,1,0,0,0,0,0,0,0,1,1,0,1,1,0,1,1,0,0,1,0,0.3333333333333333,175.06397343718749,1
4,1,0,0,0,1,0,1,1,0,0,0,0,0,0,0,1,1,0,0,1,0,0,1,1,1,0,0,0,0,1,0,0,1,0,1,0,0,0,0,0,1,0,1,1,0,1,1,0,1,1,0,0,1,0,0.3148148148148148,185.83775190978037,1
5,1,0,0,0,1,0,1,1,0,0,0,0,0,0,0,1,0,0,0,1,0,0,1,1,1,0,0,0,0,1,0,0,1,0,1,0,0,0,0,0,1,0,1,1,0,1,0,0,1,1,0,0,1,0,0.2962962962962963,169.11845764928597,1
6,1,0,0,0,1,1,1,1,0,0,0,0,0,0,1,1,0,0,0,1,0,0,1,1,1,0,0,0,0,1,0,0,1,0,1,0,0,0,0,0,0,0,1,1,0,1,1,0,1,1,0,0,1,0,0.3148148148148148,202.81328285262168,1
7,1,0,0,0,1,1,1,1,0,0,0,0,0,0,0,1,1,0,0,1,0,0,1,1,1,0,0,0,0,0,0,0,1,0,1,0,0,0,0,0,1,0,1,1,0,0,1,0,1,1,0,1,1,0,0.3148148148148148,161.17212659904445,1
8,1,0,0,0,1,1,1,1,0,0,0,0,0,0,0,1,1,1,0,1,0,0,1,1,1,0,0,0,0,1,0,0,1,0,1,0,0,0,0,0,1,0,1,1,0,1,1,0,0,1,0,1,1,0,0.37037037037037035,226.35214714173722,1
9,1,0,0,0,1,1,1,1,0,0,0,0,0,0,0,1,1,0,0,1,0,0,1,1,1,0,0,0,0,1,0,1,1,0,1,0,0,0,0,0,1,0,1,1,0,0,1,0,1,1,0,1,1,0,0.35185185185185186,202.7083604939245,1
10,1,0,0,0,1,1,1,1,0,0,0,0,0,0,0,1,0,0,0,1,0,0,1,1,1,0,0,0,0,0,0,0,1,1,1,0,0,0,0,0,1,0,1,1,0,1,1,0,1,1,0,0,1,0,0.3333333333333333,139.9932937013143,1
11,1,0,0,0,1,0,1,1,0,0,0,0,0,0,0,1,0,0,0,1,0,0,1,1,1,0,0,0,0,1,0,0,1,0,1,0,0,0,0,0,0,0,1,1,0,1,1,0,1,1,0,1,1,0,0.3148148148148148,188.28478629039515,1
12,1,0,0,0,1,1,1,1,0,0,0,0,0,0,1,1,1,0,0,1,0,0,1,1,1,0,0,0,0,1,0,0,1,0,1,0,0,0,0,0,0,0,1,1,0,1,0,0,1,1,0,0,1,0,0.37037037037037035,251.38605638591258,1
13,1,0,0,0,1,1,1,1,0,0,0,0,0,0,0,1,0,0,0,1,0,0,1,1,1,0,0,1,0,0,0,0,1,0,1,0,0,0,0,0,1,0,1,1,0,1,1,0,1,1,0,0,1,0,0.3333333333333333,144.2346900602831,1
14,1,0,0,0,1,1,1,1,0,0,0,0,0,0,0,1,0,0,0,1,0,0,1,1,1,0,0,0,0,0,0,0,1,0,1,0,0,0,0,0,0,0,1,1,0,1,1,0,1,1,0,1,1,0,0.3333333333333333,144.12435071339408,1
15,1,0,0,0,1,1,1,1,0,0,0,0,0,0,1,1,1,0,0,1,0,0,1,1,1,0,0,0,0,1,0,0,1,1,1,0,0,0,0,0,0,0,1,1,0,0,0,0,1,1,0,0,1,0,0.35185185185185186,247.35441824845896,1
16,1,0,0,0,1,0,1,1,0,0,0,0,0,0,0,1,0,1,0,1,0,0,1,1,1,0,0,0,0,1,0,0,1,0,1,0,0,0,0,1,0,0,1,1,0,0,1,0,1,1,0,0,1,0,0.3148148148148148,167.2159652062937,1
17,1,0,0,0,1,1,1,1,0,0,0,0,0,0,0,1,1,0,0,1,0,0,1,1,1,0,0,0,0,1,0,0,1,0,1,0,0,0,0,0,1,1,1,1,0,1,0,0,1,1,0,0,1,0,0.2777777777777778,220.34525489435597,1
18,1,0,0,0,1,0,1,1,0,0,0,0,0,0,0,1,1,0,0,1,0,0,1,1,1,0,0,0,0,1,0,0,1,0,1,0,0,0,0,0,0,0,0,1,0,1,1,0,1,1,1,1,1,0,0.2962962962962963,251.27261854922537,1
19,1,0,0,0,1,1,1,1,0,0,0,0,0,0,0,1,0,0,0,1,0,0,1,1,1,0,0,0,0,1,0,0,1,0,1,0,0,0,0,0,0,0,1,1,0,0,1,0,1,1,0,1,1,0,0.2777777777777778,170.1195949886584,1
20,1,0,0,0,1,1,1,1,0,0,0,0,0,0,0,1,1,0,0,1,0,0,1,1,1,0,0,0,0,1,0,0,1,0,1,0,0,0,0,0,1,0,1,1,0,1,1,0,1,1,0,0,1,0,0.3333333333333333,184.019566744304,1
21,1,0,0,0,1,1,1,1,0,0,0,0,0,0,0,1,0,0,0,1,0,0,1,1,1,0,0,0,0,0,0,0,1,1,1,0,0,0,0,0,0,0,1,1,0,1,1,0,1,1,0,0,1,0,0.2962962962962963,138.17449643086903,1
22,1,0,0,0,1,1,1,1,0,0,0,0,0,0,1,1,0,1,0,1,0,0,1,1,1,0,0,0,0,0,0,0,1,0,1,0,0,0,0,1,1,0,1,1,0,1,1,0,1,1,0,0,1,0,0.35185185185185186,274.4749379783986,1
23,1,0,0,0,1,1,1,1,0,0,0,0,0,0,0,0,1,1,0,1,0,0,1,1,1,0,0,0,0,1,0,0,1,0,1,0,0,0,0,0,1,0,1,1,0,1,1,0,1,1,0,0,1,0,0.35185185185185186,215.85000039810961,1
24,1,0,0,0,1,1,1,1,0,0,0,0,0,0,0,1,1,0,0,1,0,0,1,1,1,0,0,0,0,1,0,0,1,0,1,0,1,0,0,0,0,0,1,1,0,1,1,0,1,1,0,1,1,0,0.35185185185185186,185.56231695390397,1
25,1,0,0,0,1,1,1,1,0,0,0,0,0,0,0,1,1,1,0,1,0,0,1,1,1,0,0,0,0,1,0,0,1,0,1,0,0,0,0,0,1,1,1,1,0,1,1,0,1,1,0,1,1,0,0.37037037037037035,264.10509419782,1
26,0,0,0,0,1,1,1,1,0,0,0,0,0,0,0,0,1,0,0,1,0,0,1,1,1,0,0,0,0,1,0,0,1,0,1,0,0,0,0,0,1,0,1,1,0,0,1,0,1,1,0,0,1,0,0.3148148148148148,180.05246017053898,1
27,1,0,0,0,1,1,1,1,0,0,0,0,0,0,0,1,1,0,0,1,0,0,1,1,0,0,0,0,0,0,0,0,1,0,1,0,0,0,0,0,1,0,1,1,0,0,0,0,1,1,0,1,1,0,0.24074074074074073,160.72769978446752,1
28,1,0,0,0,1,1,1,1,0,0,0,0,0,0,0,1,1,1,0,1,0,0,1,1,0,0,0,0,0,1,0,0,1,0,1,0,1,0,0,0,0,0,1,1,0,0,1,0,1,1,0,0,1,0,0.35185185185185186,226.51574546494797,1
29,1,0,0,0,1,1,1,1,0,0,0,0,0,0,1,1,1,1,0,1,0,0,1,1,0,0,0,0,0,0,0,0,1,0,1,0,0,0,0,0,1,1,1,1,0,1,1,0,1,1,0,1,1,0,0.3148148148148148,264.1942663086974,1
30,1,0,0,0,1,0,1,1,0,0,0,0,0,0,0,0,1,0,0,1,0,0,1,1,0,0,0,0,0,1,0,0,1,0,1,0,0,0,0,0,0,0,1,1,0,1,0,0,1,1,0,1,1,1,0.3148148148148148,263.18426384211614,1
31,1,0,0,0,1,1,1,1,0,0,0,0,0,0,1,1,1,0,0,1,0,0,1,1,1,0,0,0,0,1,0,0,1,0,1,0,0,0,0,0,0,0,1,1,0,1,1,0,1,1,0,1,1,0,0.3888888888888889,223.7871377282148,1
32,1,0,0,1,1,0,1,1,0,0,0,0,0,0,1,1,0,0,0,1,0,0,1,1,1,0,0,0,0,1,0,0,1,0,1,0,0,0,0,0,1,0,0,1,0,1,0,0,1,1,0,0,1,0,0.3333333333333333,155.95143194912382,1
33,1,0,0,0,1,1,1,1,0,0,0,0,0,0,1,0,0,1,0,1,0,0,1,1,1,0,0,0,0,0,0,0,1,0,1,0,0,0,0,0,1,0,1,1,0,0,1,0,1,1,0,1,1,0,0.35185185185185186,271.7281939708704,1
34,1,0,0,0,1,1,1,1,0,0,0,0,0,0,0,1,0,0,0,1,0,0,1,1,1,0,0,0,0,1,0,0,1,0,1,0,0,0,0,1,1,0,1,1,0,0,1,0,1,1,0,0,1,0,0.35185185185185186,186.97153028547635,1
35,1,0,0,0,1,1,1,1,0,0,0,0,0,0,1,1,1,0,0,1,0,0,1,1,1,0,0,0,0,1,0,0,1,0,1,0,0,0,0,0,0,0,0,1,0,1,1,0,1,1,0,1,1,0,0.35185185185185186,229.5472386963584,1
36,1,0,0,0,1,0,1,1,0,0,0,0,0,0,1,1,1,0,0,1,0,0,1,1,0,0,0,0,0,1,0,0,1,0,1,0,0,0,0,0,0,0,1,1,0,0,1,0,1,1,0,0,1,0,0.3148148148148148,164.40040963354124,1
37,1,0,0,0,1,1,1,1,0,0,0,0,0,0,1,1,0,1,0,1,0,0,1,1,1,0,0,1,0,1,0,0,1,0,1,0,0,0,0,0,1,0,1,1,0,1,1,0,1,1,0,0,1,0,0.35185185185185186,250.32203407537045,1
38,1,0,0,0,1,0,1,1,0,0,0,0,0,0,0,0,1,0,0,1,0,0,1,1,1,0,0,0,0,0,0,0,1,0,1,0,0,0,0,0,0,0,1,1,0,1,1,0,1,1,0,0,1,1,0.3333333333333333,168.07048649616215,1
39,1,0,0,0,1,0,1,1,0,0,0,0,0,0,0,1,1,0,0,1,0,0,1,1,1,0,0,0,0,1,0,0,1,1,1,0,0,0,0,0,0,0,1,1,0,0,0,0,1,1,0,1,1,0,0.3148148148148148,144.75265676461757,1
40,1,0,0,0,1,0,1,1,0,0,0,0,0,0,0,1,0,1,0,1,0,0,1,1,1,0,0,0,0,1,0,0,1,0,1,0,0,0,0,0,1,0,1,1,0,1,0,0,1,1,1,0,1,0,0.3148148148148148,244.66640933907672,1
41,1,0,0,0,1,0,1,1,0,0,0,0,0,0,0,0,1,1,0,1,0,0,1,1,1,0,0,0,0,0,0,0,1,0,1,0,1,0,0,0,0,0,1,1,0,1,1,0,0,1,0,0,1,0,0.3333333333333333,157.7882180953307,1
42,1,0,0,0,1,1,1,1,0,0,0,0,0,0,1,1,0,0,0,1,0,0,1,1,0,0,0,0,0,1,0,0,1,0,1,0,0,0,0,0,1,0,1,1,0,0,1,0,1,1,0,0,1,0,0.3333333333333333,193.91717653788382,1
43,1,0,0,0,1,0,1,1,0,0,0,0,0,1,0,1,1,1,0,1,0,0,1,1,1,0,0,0,0,1,0,0,1,0,1,0,0,0,0,0,0,0,1,1,0,1,1,0,1,1,1,1,1,0,0.35185185185185186,237.5023001933086,1
44,1,0,0,0,1,1,1,1,0,0,0,0,0,0,0,1,1,1,0,1,0,0,1,1,0,0,0,0,0,0,0,0,1,0,1,0,0,0,0,0,0,0,1,1,0,0,1,0,1,1,0,1,1,0,0.3333333333333333,254.72890205072287,1
45,1,0,0,1,1,0,1,1,0,0,0,0,0,0,0,1,1,0,0,1,0,0,1,1,0,0,0,0,0,1,0,0,1,0,1,0,0,0,0,0,0,0,1,1,0,1,0,0,1,1,0,0,1,0,0.2777777777777778,138.1819148246249,1
46,1,0,0,0,1,1,1,1,0,0,0,0,0,0,1,1,1,1,0,1,0,0,1,1,0,0,0,0,0,1,0,0,1,0,1,0,0,0,0,0,0,0,1,1,0,1,0,0,1,1,1,1,1,0,0.4074074074074074,299.9310920805185,1
47,1,0,0,0,1,0,1,1,0,0,1,0,0,0,0,1,0,0,0,1,0,0,1,1,1,0,0,0,0,1,0,0,1,0,1,0,0,0,0,0,0,0,1,1,0,1,1,0,1,1,0,1,1,0,0.3333333333333333,166.64087686723963,1
48,1,0,0,0,1,1,1,1,0,0,0,0,0,0,0,1,1,0,0,1,0,0,1,1,1,0,0,0,0,1,0,0,1,1,1,0,0,0,0,0,0,0,1,1,0,1,0,0,1,1,0,0,1,0,0.25925925925925924,169.38817465644934,1
49,1,0,0,0,1,1,1,1,0,0,0,0,0,0,1,1,1,0,0,1,0,0,1,1,1,0,0,0,0,1,0,0,1,0,1,0,0,0,0,0,0,0,1,1,0,1,0,0,1,1,0,0,1,0,0.35185185185185186,251.38605638591258,1
50,1,0,0,0,1,1,1,1,0,0,0,0,0,0,0,1,0,1,0,1,0,0,1,1,1,0,0,0,0,1,0,0,1,0,1,0,1,0,0,0,0,0,1,1,0,1,1,0,1,0,1,1,1,0,0.3148148148148148,236.05963766890915,1
51,1,0,0,0,1,1,1,1,0,0,0,0,0,0,0,1,0,0,0,1,0,0,1,1,1,0,0,0,0,0,0,0,1,0,1,0,1,0,0,0,1,0,1,1,0,1,1,0,1,1,0,1,1,0,0.3148148148148148,150.81879280808752,1
52,1,0,0,0,1,1,1,1,0,0,0,0,0,0,0,1,0,1,0,1,0,0,1,1,1,0,0,0,0,1,0,0,1,0,1,0,1,0,0,0,1,0,1,1,0,0,1,0,1,1,0,0,1,0,0.3148148148148148,207.18246110215378,1
53,1,0,0,1,1,0,1,1,0,0,0,0,0,0,1,1,1,0,0,1,0,0,1,1,1,0,0,0,0,1,0,0,1,0,1,0,0,1,0,0,0,1,1,1,0,1,0,0,1,1,0,1,1,0,0.2962962962962963,219.15968741065194,1
54,1,0,0,0,1,1,1,1,0,0,0,0,0,0,1,1,1,1,0,1,0,0,1,1,0,0,0,0,0,1,0,0,1,0,1,0,0,0,0,1,1,0,1,1,0,1,1,0,1,1,0,1,1,0,0.3148148148148148,263.866045335676,1
55,1,0,0,0,1,1,1,1,0,0,0,0,0,0,1,0,0,1,0,1,0,0,1,1,1,0,0,0,0,0,0,0,1,0,1,0,0,0,0,0,1,0,1,1,0,1,1,0,0,1,0,1,1,0,0.2962962962962963,270.35363779266834,1
56,1,0,0,0,1,1,1,1,0,0,0,0,0,0,1,1,1,0,0,1,0,0,1,1,0,0,0,0,0,1,0,0,1,0,1,0,1,0,0,0,0,0,1,1,0,1,1,0,1,1,0,1,1,0,0.35185185185185186,211.13350957052992,1
57,1,0,0,1,1,0,1,1,0,0,0,0,0,0,0,1,1,0,0,1,0,0,1,1,1,0,0,0,0,1,0,0,1,0,1,0,0,0,0,0,1,0,1,1,0,1,0,0,0,1,0,0,1,0,0.3333333333333333,142.70524492712892,1
58,1,0,0,0,1,1,1,1,0,0,0,0,0,0,1,1,0,1,0,1,0,0,1,1,0,0,0,0,0,0,0,0,1,1,1,0,0,0,0,0,1,0,1,1,0,1,1,0,1,1,0,1,1,0,0.4074074074074074,239.78637505800017,1
59,1,0,0,0,1,1,1,1,0,0,0,0,0,0,0,1,1,0,0,1,0,0,1,1,0,0,0,0,0,1,0,0,1,0,1,0,1,0,0,0,0,0,1,1,0,1,1,0,1,1,0,1,1,0,0.3148148148148148,188.22777130281798,1
60,1,0,0,0,1,1,1,1,0,0,0,0,0,0,1,1,1,0,0,1,0,0,1,1,1,0,0,0,0,1,0,0,1,0,1,0,0,0,0,1,0,1,0,1,0,1,0,0,1,1,0,1,1,0,0.2777777777777778,223.1305108757759,1
61,1,0,0,0,1,0,1,1,0,0,0,0,0,0,1,1,0,0,0,1,0,0,1,1,1,0,0,0,0,1,0,0,1,0,1,0,0,0,0,0,1,0,1,1,0,1,1,0,1,1,0,0,1,0,0.3148148148148148,177.70966110293526,1
62,1,0,0,0,1,1,1,1,0,0,0,0,0,0,0,1,1,1,0,1,0,0,1,1,0,0,0,0,0,0,0,0,1,0,1,0,0,0,0,0,0,0,1,1,0,1,1,0,0,1,1,1,1,0,0.3333333333333333,231.8188387218789,1
63,1,0,0,0,1,1,1,1,0,0,0,0,0,0,0,1,1,0,0,1,0,0,1,1,1,0,0,0,0,1,0,0,1,0,1,0,0,0,0,1,0,0,1,1,0,0,1,0,1,1,0,1,1,0,0.35185185185185186,179.29970388855824,1
64,1,0,0,1,1,0,1,1,0,0,0,0,0,0,1,1,1,0,0,1,0,0,1,1,1,0,0,0,0,0,0,0,1,0,1,0,0,0,0,0,0,0,1,1,0,1,0,0,1,1,0,1,1,0,0.3333333333333333,196.23150242687882,1
65,1,0,0,0,1,1,1,1,0,0,0,0,0,0,0,1,1,1,0,1,0,0,1,1,1,0,0,0,0,0,0,0,1,0,1,0,0,0,0,0,1,0,1,1,0,0,0,0,1,1,0,1,1,0,0.3148148148148148,276.85903068124685,1
66,1,0,0,0,1,1,1,1,0,0,0,0,0,0,0,1,0,0,0,1,0,0,1,1,0,0,0,0,0,0,0,0,1,0,1,0,0,0,0,0,0,0,1,1,0,1,1,0,1,1,0,1,1,0,0.35185185185185186,139.02657517069596,1
67,1,0,0,0,1,1,1,1,0,0,0,0,0,0,1,1,1,1,0,1,0,0,1,1,1,0,0,0,0,0,0,0,1,1,1,0,0,0,0,1,1,1,1,1,0,1,0,0,1,1,0,1,1,0,0.2962962962962963,273.4610589952256,1
68,1,0,0,0,1,0,1,1,0,0,0,0,0,0,0,0,1,1,0,1,0,0,1,1,1,0,0,1,0,0,0,0,1,0,1,0,0,0,0,0,1,1,1,1,0,1,1,0,1,1,0,1,1,0,0.37037037037037035,211.24508516653302,1
69,1,0,0,0,1,1,1,1,0,0,0,0,0,0,1,1,1,0,0,1,0,0,1,1,0,0,0,0,0,1,0,0,1,1,1,0,1,0,0,0,0,0,1,1,0,1,0,0,1,1,0,1,1,0,0.2962962962962963,206.73731543302696,1
70,1,0,0,0,1,0,1,1,0,0,0,1,0,0,0,1,0,0,0,1,0,0,1,1,1,0,0,0,0,1,0,0,1,0,1,0,1,0,0,0,0,0,1,1,0,0,1,0,1,1,1,0,1,0,0.35185185185185186,233.10054324799725,1
71,1,0,0,0,1,1,1,1,0,0,0,0,0,0,0,0,0,0,0,1,0,0,1,1,1,0,0,0,0,1,0,0,1,0,1,0,0,0,0,0,1,0,1,1,0,0,1,0,1,1,0,1,1,0,0.3333333333333333,196.9724437756745,1
72,1,0,0,0,1,0,1,1,0,0,0,0,0,0,0,1,1,0,0,1,0,0,1,1,1,0,0,0,0,1,0,0,1,1,1,0,0,0,0,1,0,0,1,1,0,1,0,0,1,1,0,0,1,0,0.3333333333333333,151.27580927492502,1
73,1,0,0,0,1,1,1,1,0,0,0,0,0,0,0,1,0,1,0,1,0,0,1,0,0,0,0,0,0,0,0,0,1,0,1,0,0,0,0,0,1,0,1,1,0,0,1,0,0,1,0,1,1,0,0.2777777777777778,150.54317694361887,1
74,0,1,1,1,0,0,0,1,1,1,1,1,1,1,1,0,1,0,1,0,1,1,0,1,0,1,1,1,1,0,1,1,0,1,0,1,1,1,1,0,1,0,0,0,1,0,0,1,0,0,1,0,0,1,0.3148148148148148,558.8865596999924,1
75,1,0,0,0,1,1,1,1,0,1,0,0,0,0,0,1,1,0,0,1,0,0,1,1,1,0,0,0,0,1,0,0,1,1,1,0,0,0,0,0,1,0,1,1,0,1,0,0,0,1,1,0,1,0,0.3148148148148148,216.4888566826586,1
76,1,0,0,0,1,1,1,1,0,0,0,0,0,0,0,0,0,1,0,1,0,0,1,1,0,0,0,1,0,1,0,0,1,0,1,0,0,0,0,0,0,0,1,1,0,1,1,0,1,1,1,0,1,0,0.2777777777777778,261.8833001201409,1
77,1,0,0,0,1,1,1,1,0,0,0,0,0,0,1,1,0,1,0,1,0,0,1,1,0,0,0,1,0,0,0,0,1,0,1,0,1,0,0,0,1,0,1,1,0,1,1,0,1,0,0,1,1,0,0.2222222222222222,251.31599559666753,1
78,0,1,1,1,0,1,0,1,1,1,1,1,1,1,1,0,0,0,1,0,1,1,0,1,0,1,1,1,1,0,1,1,0,1,0,1,1,1,0,1,1,1,0,0,1,0,0,1,0,0,1,1,0,1,0.3148148148148148,577.3565236191921,1
79,1,0,0,0,1,1,1,1,0,0,0,0,0,0,1,1,1,1,0,1,0,0,1,1,0,0,0,1,0,1,0,0,1,0,1,0,0,0,0,0,1,0,1,1,0,0,1,0,1,1,0,0,1,0,0.35185185185185186,282.57895158000923,1
80,1,0,0,0,1,1,1,1,0,0,0,0,0,0,0,1,0,0,0,1,0,0,1,1,0,0,0,1,0,1,0,0,1,0,1,0,0,0,0,0,0,0,1,1,0,0,1,0,1,1,0,0,1,0,0.3888888888888889,171.76845055734296,1
81,1,0,0,0,1,1,1,1,0,0,0,0,0,0,1,1,1,1,0,1,0,0,1,1,1,0,0,0,0,1,0,0,1,1,1,0,0,0,0,0,0,0,1,1,0,0,1,0,1,1,0,1,1,0,0.4074074074074074,311.5183440272237,1
82,1,0,0,0,1,1,1,1,0,0,0,1,0,0,0,1,0,1,0,1,0,0,1,1,1,0,0,0,0,1,0,0,1,1,1,0,1,0,0,0,1,0,1,1,0,0,1,0,1,1,0,1,1,0,0.2962962962962963,241.87488488233717,1
83,1,0,0,0,1,0,1,1,0,0,1,0,0,0,0,1,0,0,0,1,0,0,1,1,1,0,0,0,0,1,0,0,1,0,1,0,0,0,0,1,1,1,1,1,0,1,0,0,1,1,0,1,1,0,0.3333333333333333,288.5198897404888,1
84,1,0,0,0,1,1,1,1,0,0,0,0,0,0,1,1,0,0,0,1,0,0,1,1,1,0,0,0,0,1,0,0,1,0,1,0,1,0,0,0,1,1,1,1,0,0,0,0,1,1,0,1,1,0,0.37037037037037035,231.47995761708114,1
85,1,0,0,0,1,1,1,1,0,0,0,0,0,0,0,1,1,0,0,1,0,0,1,1,1,0,0,1,0,1,0,0,1,0,1,0,0,0,0,0,0,0,1,1,0,0,1,0,1,1,1,1,1,0,0.2962962962962963,248.90743355203605,1
86,1,0,0,0,1,1,1,1,0,0,0,0,0,0,1,1,0,1,0,1,0,0,1,1,0,0,0,0,0,1,0,0,1,0,1,0,1,0,0,1,0,0,1,1,0,1,1,0,1,1,0,1,1,0,0.37037037037037035,240.4905686287236,1
87,1,0,0,0,1,1,1,0,0,0,0,0,0,0,1,1,1,0,0,1,0,0,1,1,1,0,0,1,0,1,0,0,1,0,1,0,0,0,0,0,1,0,1,1,0,1,1,0,1,1,0,1,1,0,0.37037037037037035,206.56969469052962,1
88,0,1,1,1,0,0,0,1,1,1,1,1,1,1,1,1,1,0,1,0,1,1,0,1,0,1,1,1,1,0,1,1,0,1,0,1,1,1,1,0,0,1,0,0,1,1,0,1,0,0,1,0,0,1,0.2962962962962963,549.9954049280851,1
89,0,1,1,1,0,1,0,1,1,1,1,1,1,1,1,0,1,0,1,0,1,1,0,1,0,1,1,1,1,0,1,1,0,1,0,1,1,1,1,1,0,0,0,0,1,1,0,1,1,0,0,0,0,1,0.2777777777777778,770.1538747619308,1
90,1,0,0,0,1,1,1,1,0,0,0,0,0,0,0,1,1,0,0,1,0,0,1,1,1,0,0,0,0,1,1,0,1,1,1,0,0,0,0,0,0,0,1,1,0,1,1,0,1,1,0,0,1,0,0.2777777777777778,175.0395815103166,1
91,0,1,1,1,0,0,0,1,1,1,1,1,1,1,1,0,1,0,1,0,1,1,0,1,0,1,1,0,1,0,0,1,0,1,0,1,1,1,1,0,1,1,0,0,1,0,0,1,0,0,1,1,0,1,0.2962962962962963,538.9594351542441,1
92,1,0,0,0,1,1,1,1,0,0,0,1,0,0,0,0,0,1,0,1,0,0,1,1,0,0,0,0,0,1,0,0,1,1,1,0,0,0,0,0,1,0,1,1,0,0,1,0,1,0,0,1,1,0,0.2962962962962963,227.53841664532666,1
93,1,0,0,0,1,0,1,1,0,0,0,0,0,0,0,0,1,0,0,1,0,0,1,1,0,0,0,1,0,1,0,0,1,1,1,0,0,0,0,0,0,0,1,1,0,1,1,0,1,1,0,0,1,0,0.3333333333333333,209.02240348475863,1
94,1,0,0,0,1,0,1,0,0,0,0,0,0,0,0,1,1,1,0,1,0,0,1,1,0,0,0,0,0,1,0,0,1,0,1,0,0,0,0,0,0,1,1,1,0,1,0,0,1,1,1,1,1,0,0.3333333333333333,358.4045201165472,1
95,0,1,1,1,0,0,0,1,1,1,1,1,1,1,1,0,0,0,1,0,1,1,0,1,0,1,1,1,1,0,1,1,0,1,0,1,1,1,1,1,1,0,0,0,1,0,0,1,0,0,0,1,0,1,0.35185185185185186,506.9496967863404,1
96,0,1,1,1,0,0,0,1,1,1,1,1,1,1,1,0,1,0,1,0,1,1,0,1,0,1,1,0,1,1,1,1,0,1,0,1,1,1,1,1,1,1,0,0,1,0,0,1,1,0,1,1,0,1,0.35185185185185186,567.9875087092718,1
97,0,1,1,0,0,0,0,1,1,1,1,1,1,1,1,0,0,0,1,0,1,0,0,1,0,1,1,0,1,0,1,1,0,0,0,1,1,1,1,0,1,1,0,0,1,0,0,1,0,0,1,1,0,1,0.2962962962962963,479.39076314056024,1
98,1,0,0,0,1,1,1,1,0,0,0,0,0,0,1,1,0,0,0,1,0,0,1,1,1,0,0,0,0,1,0,0,1,1,1,0,0,0,0,1,0,0,1,1,0,1,1,0,1,1,1,1,1,0,0.4444444444444444,262.4691861151158,1
99,0,0,0,1,1,1,1,1,0,0,1,0,0,0,0,1,1,1,0,1,0,0,1,1,0,0,0,0,0,1,0,1,1,1,1,0,0,0,0,0,1,0,1,1,0,1,1,0,0,1,0,1,1,0,0.3333333333333333,221.20790933895867,1
