,0,1,2,3,4,5,6,7,8,9,10,11,12,13,14,15,16,17,18,19,20,21,22,23,24,25,26,27,28,29,30,31,32,33,34,35,chain_break_fraction,energy,num_occurrences
0,1,1,0,1,0,0,0,0,1,0,0,0,0,0,0,1,0,1,0,0,0,0,1,0,0,0,0,1,1,0,1,0,0,1,1,1,0.19444444444444445,11.486472533686984,1
1,1,1,0,1,0,0,0,0,1,0,0,0,0,0,0,1,0,1,0,0,0,0,1,0,0,0,0,1,1,0,1,0,0,0,1,1,0.19444444444444445,9.243455086428778,1
2,1,1,0,1,0,0,0,0,1,0,0,0,0,0,0,1,0,1,0,0,0,0,0,0,0,0,0,1,1,0,1,0,0,0,1,1,0.16666666666666666,10.030228971882867,1
3,1,1,0,1,1,0,0,0,1,0,0,0,0,0,0,0,0,1,0,0,0,0,1,0,0,0,0,1,1,0,1,0,0,0,1,1,0.19444444444444445,7.6692476327033425,1
4,1,1,1,1,0,0,0,0,1,0,0,0,0,0,0,1,0,1,0,0,0,0,1,0,0,0,0,1,1,0,1,0,0,1,1,1,0.16666666666666666,12.81133503782625,1
5,0,0,0,0,0,1,0,1,0,1,1,1,1,1,1,0,1,0,1,1,1,1,0,0,1,0,1,0,0,1,0,0,1,0,0,0,0.2777777777777778,21.145904582655955,1
6,1,1,0,1,0,0,0,0,1,0,0,0,0,0,0,1,0,1,0,0,0,0,1,0,0,0,0,1,1,0,1,0,0,1,1,1,0.19444444444444445,11.486472533686984,1
7,1,1,0,1,1,0,0,0,1,0,0,0,0,0,0,1,0,1,0,0,0,0,1,0,0,0,0,1,1,0,1,0,0,0,1,0,0.2222222222222222,12.383686717553378,1
8,1,1,1,1,1,0,0,0,1,0,0,0,0,0,0,0,0,1,0,0,0,0,1,1,0,0,0,1,1,0,1,0,0,0,1,1,0.2222222222222222,11.838040297851796,1
9,0,0,0,0,1,1,0,1,0,1,0,1,1,1,1,0,1,0,1,1,1,1,0,0,1,0,1,0,0,1,0,0,1,0,0,0,0.25,20.493766419356007,1
10,1,1,0,1,1,0,0,0,1,0,0,0,0,0,0,0,0,1,0,0,0,0,1,0,0,0,0,1,1,0,0,0,0,0,1,0,0.16666666666666666,8.499121729217283,1
11,1,1,0,1,0,0,0,0,1,0,0,0,0,0,0,1,0,1,0,0,0,0,0,1,0,0,0,0,1,0,1,0,0,0,0,1,0.2222222222222222,12.623776771119545,1
12,1,1,0,1,0,0,0,0,1,0,0,0,0,1,0,1,0,1,0,0,0,0,1,1,0,0,0,1,1,0,1,0,0,0,1,1,0.2222222222222222,15.800309895993893,1
13,0,0,0,0,0,1,0,1,0,1,0,1,1,1,1,0,1,0,1,1,0,1,0,0,1,0,1,0,0,1,0,0,1,0,0,0,0.2777777777777778,18.78873885508929,1
14,1,1,1,1,1,0,0,0,1,0,0,0,0,0,0,1,0,1,0,0,0,0,1,0,0,0,0,1,1,0,1,0,0,0,0,1,0.2222222222222222,14.827049957885155,1
15,1,1,0,1,0,0,0,0,1,0,0,0,0,0,0,1,0,1,0,0,0,0,1,0,0,0,0,1,0,0,1,0,0,1,0,1,0.19444444444444445,9.99899722150319,1
16,0,0,0,0,0,1,0,1,0,1,0,1,1,1,1,0,1,0,1,1,1,1,0,0,1,0,1,0,0,0,0,0,1,0,0,0,0.2222222222222222,15.816485534216618,1
17,1,1,0,1,0,0,0,0,1,0,0,0,0,1,0,0,0,1,0,0,0,0,1,0,0,0,0,1,0,0,0,0,0,0,1,1,0.1388888888888889,13.491487417776248,1
18,1,1,0,1,1,0,0,0,1,0,1,0,0,0,0,0,0,1,0,0,0,0,1,0,0,0,0,0,1,0,1,0,0,0,1,1,0.19444444444444445,10.275849899692973,1
19,1,1,1,1,0,0,0,0,1,0,0,0,0,0,0,1,0,1,0,0,0,0,0,1,0,0,0,1,1,0,1,0,0,0,1,1,0.2222222222222222,12.281537684507418,1
20,1,1,0,1,0,0,0,0,1,0,0,0,0,0,0,1,0,1,0,0,0,0,1,0,0,0,0,1,1,0,1,0,0,0,1,1,0.2222222222222222,9.243455086428778,1
21,1,1,0,1,1,0,0,0,1,0,0,0,0,1,0,0,0,1,0,0,0,0,0,1,0,0,0,1,1,0,1,0,0,0,1,1,0.25,13.747560519329214,1
22,1,1,1,1,1,0,0,0,1,0,0,0,0,0,0,0,0,1,0,0,0,0,0,1,0,0,0,1,1,0,1,0,0,0,1,1,0.16666666666666666,10.66607668737477,1
23,0,0,1,0,0,1,0,1,0,1,0,1,1,1,1,0,1,0,1,1,1,1,0,0,1,0,1,0,0,1,0,0,1,0,0,0,0.2777777777777778,20.336781875641098,1
24,1,1,1,1,0,0,0,0,1,0,0,0,0,0,0,0,0,1,0,0,0,0,0,1,0,0,0,0,1,0,1,0,0,0,1,1,0.2222222222222222,10.27507946299876,1
25,0,0,0,0,0,1,1,1,0,1,0,1,1,0,1,1,1,0,1,1,1,1,0,0,1,0,1,0,0,1,0,0,1,0,0,0,0.2777777777777778,22.963718080426393,1
26,0,0,0,0,0,1,0,1,0,1,1,1,1,0,1,1,1,0,1,1,1,1,0,0,1,0,1,0,0,0,0,1,1,0,0,0,0.25,23.953637488406418,1
27,1,1,0,1,0,0,0,0,1,0,0,0,0,0,0,1,0,1,0,0,0,0,1,1,0,0,0,1,1,0,1,0,0,0,0,1,0.2222222222222222,11.063078729301576,1
28,1,1,1,1,1,0,0,0,1,0,0,0,0,0,0,0,0,1,0,0,0,0,1,0,0,0,0,1,1,0,1,0,0,0,1,1,0.16666666666666666,9.494113076897754,1
29,0,0,0,0,0,0,0,1,0,1,1,1,1,1,1,0,1,0,1,1,1,1,0,0,1,0,1,0,0,1,0,0,1,0,0,0,0.25,18.16858887479128,1
30,0,0,0,0,0,1,0,1,1,1,0,1,1,1,1,0,1,0,1,1,1,1,0,0,0,0,1,0,0,1,0,0,1,0,0,0,0.2222222222222222,20.111387584378303,1
31,0,0,0,0,0,1,0,1,0,1,1,1,1,1,1,0,1,0,1,1,1,1,0,0,1,0,1,0,0,1,0,0,1,0,0,0,0.3333333333333333,21.145904582655955,1
32,0,1,0,1,1,0,0,0,1,0,0,0,0,0,0,0,0,1,0,0,0,0,1,0,0,0,0,1,0,0,1,0,0,0,0,1,0.19444444444444445,5.865853257206513,1
33,0,1,1,1,1,0,1,0,1,0,0,0,0,0,0,1,0,1,0,0,0,0,0,1,0,1,0,1,1,0,1,0,0,0,1,1,0.2777777777777778,15.910263470171447,1
34,1,1,1,1,1,0,1,0,1,0,0,0,0,0,0,0,0,1,0,0,0,0,1,1,0,0,0,1,1,0,0,0,0,0,1,1,0.19444444444444445,12.250748284123448,1
35,0,0,1,0,0,1,0,1,0,1,1,1,1,0,1,0,1,0,1,1,1,1,0,0,1,0,1,0,0,1,0,0,1,0,0,0,0.3055555555555556,18.56838020490976,1
36,1,1,0,1,0,0,0,0,1,0,1,0,0,0,0,0,0,1,0,0,0,0,1,0,0,0,0,1,1,0,1,0,0,0,1,1,0.2222222222222222,7.299052524118367,1
37,1,1,0,1,0,0,0,0,1,0,0,0,0,0,0,0,0,1,0,0,0,0,1,1,0,0,0,1,1,0,1,0,0,0,0,1,0.2222222222222222,10.169900987781201,1
38,1,1,0,1,0,1,1,0,1,0,0,0,0,0,0,0,0,1,0,0,0,0,1,1,0,0,0,0,1,0,1,0,0,0,1,0,0.16666666666666666,15.828521964576444,1
39,0,1,1,1,1,0,0,0,1,0,0,0,0,0,0,0,0,1,0,0,0,0,1,0,0,0,0,1,1,0,1,0,0,0,1,0,0.2222222222222222,7.826395416091206,1
40,1,1,1,1,1,0,0,0,1,0,0,0,0,0,0,0,0,1,0,0,0,0,1,0,0,0,0,1,1,0,1,0,0,0,1,1,0.19444444444444445,9.494113076897754,1
41,0,1,0,1,1,0,0,0,1,0,0,0,0,1,0,0,0,1,0,0,0,0,1,1,0,0,0,1,1,0,1,0,0,0,0,1,0.19444444444444445,11.833256281917981,1
42,0,1,1,1,1,0,0,0,1,0,0,0,0,0,0,1,0,1,0,0,0,0,1,1,0,0,0,1,1,0,0,0,0,1,1,1,0.2222222222222222,14.80876415314885,1
43,0,0,0,0,1,1,0,1,0,1,0,1,1,1,1,0,1,0,1,1,1,1,0,0,1,0,1,0,0,1,0,0,1,0,0,0,0.3055555555555556,20.493766419356007,1
44,1,1,0,1,0,0,0,0,1,0,0,0,0,1,0,0,0,1,0,0,0,0,1,1,0,0,0,1,1,0,0,0,0,0,1,1,0.16666666666666666,12.589390866540318,1
45,0,0,0,0,0,0,1,0,0,1,1,1,1,0,1,0,1,0,1,1,1,1,0,0,1,0,1,0,0,1,0,0,1,0,0,0,0.2222222222222222,15.917295575911227,1
46,0,1,0,1,0,1,0,0,1,0,0,0,0,0,0,1,0,1,0,0,0,0,1,0,0,0,0,1,1,0,1,0,0,0,1,1,0.2222222222222222,11.202050517696707,1
47,1,0,0,0,0,1,0,1,0,1,1,1,1,1,1,0,1,0,1,1,1,1,0,0,1,0,1,0,0,1,0,0,1,0,0,0,0.25,24.09571742359413,1
48,0,1,0,1,1,0,0,0,1,0,0,0,0,0,0,0,0,0,0,0,0,0,1,0,0,0,0,1,0,0,1,1,0,0,1,1,0.16666666666666666,9.42928461266999,1
49,0,0,0,0,0,1,1,1,1,1,0,1,1,1,1,0,1,0,1,1,1,1,0,0,1,0,1,0,0,0,0,0,1,0,0,0,0.25,22.140867203140694,1
50,0,1,0,1,0,0,0,1,1,0,0,0,0,0,1,0,0,1,0,0,0,0,1,0,0,0,0,1,0,0,1,0,0,0,0,1,0.1111111111111111,11.464555705739405,1
51,1,1,1,1,0,0,1,0,1,0,0,0,0,0,0,1,0,0,0,0,1,0,1,1,0,0,0,1,0,0,0,0,0,1,1,0,0.08333333333333333,10.63967112715442,1
52,1,1,0,1,0,0,0,0,1,0,0,0,0,0,0,0,0,1,0,0,0,0,1,0,0,0,0,1,1,0,0,0,0,0,0,1,0.16666666666666666,6.711341526707763,1
53,1,1,0,1,1,0,0,0,0,0,0,0,0,0,0,1,0,1,0,0,0,0,1,0,0,0,0,1,0,0,0,0,0,0,1,1,0.2222222222222222,11.737863914474563,1
54,1,1,0,1,1,0,0,0,1,0,0,0,0,0,0,0,0,1,0,0,0,0,1,0,0,0,0,1,1,0,1,0,0,1,1,0,0.2222222222222222,8.56623204378033,1
55,1,1,0,1,1,0,0,0,1,0,0,0,0,0,0,0,1,1,0,0,0,0,1,1,0,0,0,1,1,0,0,0,0,0,1,1,0.16666666666666666,10.566426108552369,1
56,0,1,0,1,1,0,0,0,1,0,0,0,0,0,0,0,0,1,0,0,1,0,1,0,0,0,0,0,1,0,1,0,0,0,1,1,0.16666666666666666,7.162250129797458,1
57,0,0,0,0,0,1,0,1,0,1,1,1,1,0,1,1,1,0,1,1,1,1,0,0,1,0,1,0,0,1,0,0,1,0,0,0,0.25,24.518297962774575,1
58,1,1,1,1,1,0,1,0,0,0,0,0,0,0,0,0,0,1,0,1,0,0,1,0,0,0,0,1,1,0,1,0,0,0,1,1,0.19444444444444445,15.124435553509137,1
59,0,1,0,1,1,0,0,0,1,0,0,0,1,0,1,0,0,1,0,0,1,0,1,0,0,0,0,1,1,0,1,0,0,0,1,0,0.08333333333333333,7.313794442298054,1
60,1,1,0,1,0,0,0,0,1,0,0,0,0,0,0,0,0,1,0,0,0,0,1,0,0,0,0,1,0,0,0,0,0,0,0,1,0.16666666666666666,7.489235813879269,1
61,1,1,1,1,0,0,0,0,1,0,0,0,0,0,0,1,0,1,0,0,0,0,1,1,0,0,0,1,1,0,1,0,0,0,0,1,0.2222222222222222,12.91923936735026,1
62,1,1,0,1,1,0,0,0,1,0,0,0,0,0,0,0,0,1,0,0,0,0,1,1,0,0,0,1,1,0,1,0,0,0,1,1,0.2777777777777778,11.013193691867988,1
63,1,1,0,1,1,0,1,0,1,0,0,0,0,0,0,0,0,1,0,0,1,0,0,1,0,1,0,1,1,0,1,1,0,0,1,1,0.2222222222222222,25.565463307787834,1
64,1,1,1,1,1,0,1,0,0,0,0,0,0,0,0,0,0,1,0,0,0,0,1,1,0,1,0,1,1,0,1,0,0,0,1,1,0.3333333333333333,19.943526567495738,1
65,1,1,1,1,1,0,0,0,0,0,0,0,0,0,0,0,0,1,0,0,0,0,0,1,0,1,0,1,1,0,1,1,0,0,1,1,0.25,25.73417176169194,1
66,1,1,0,1,1,0,0,0,1,0,0,0,0,0,0,0,0,1,0,1,0,0,1,0,0,0,0,0,1,0,1,0,0,0,1,1,0.2222222222222222,10.388062144365659,1
67,1,1,1,1,0,1,1,0,1,0,0,0,0,0,0,0,0,1,0,0,0,0,1,0,0,0,0,1,1,0,1,0,0,0,1,1,0.2777777777777778,15.082854459766743,1
68,0,0,0,0,0,1,1,1,0,1,1,1,1,1,1,0,1,0,1,1,1,1,0,0,1,0,1,0,0,1,0,0,1,0,0,0,0.3888888888888889,23.73212013061344,1
69,1,1,0,1,1,0,1,0,1,0,0,0,0,0,0,1,0,1,0,0,0,0,1,0,0,0,0,1,1,0,1,0,0,1,1,1,0.3055555555555556,13.075095436364762,1
70,1,1,0,1,0,0,0,0,1,0,0,0,1,0,0,1,0,1,0,0,0,0,1,1,0,0,0,1,0,0,0,0,0,0,0,1,0.16666666666666666,12.876008349619369,1
71,1,1,0,1,0,0,0,0,1,0,0,0,0,0,0,1,0,1,0,0,0,0,1,0,1,0,0,1,0,0,1,0,0,1,0,1,0.19444444444444445,10.751532736861778,1
72,0,0,0,0,1,1,0,1,0,1,0,1,1,0,1,0,1,0,1,1,1,1,0,0,1,0,1,0,0,1,0,1,1,0,0,0,0.2777777777777778,23.401178192178744,1
73,1,1,0,1,1,0,1,0,1,0,0,0,0,0,0,0,0,1,0,0,0,0,1,1,0,0,0,1,1,0,0,0,0,1,1,1,0.2777777777777778,14.370379004905766,1
74,1,1,0,1,1,0,0,0,1,0,0,0,0,1,0,0,0,1,0,0,0,0,1,1,0,0,0,1,1,0,0,0,0,0,1,1,0.25,13.448940198945396,1
75,1,1,0,1,1,0,0,0,1,0,0,0,0,1,0,0,0,1,0,0,0,0,1,1,0,1,0,1,1,0,1,0,0,0,0,1,0.2777777777777778,17.823797642454725,1
76,1,1,0,1,0,0,1,0,1,0,0,0,0,0,0,0,0,1,0,0,0,0,1,0,0,0,0,1,1,0,1,1,0,0,1,1,0.25,12.491104468569214,1
77,1,1,1,1,1,0,0,0,1,0,1,0,0,0,0,0,0,0,0,0,0,0,1,0,0,0,0,1,0,0,1,0,0,0,1,1,0.2222222222222222,5.9927853952785055,1
78,0,0,1,0,0,1,0,1,0,1,1,1,1,1,1,0,1,0,1,1,1,1,0,0,1,0,1,0,0,0,0,0,1,0,0,0,0.3055555555555556,22.793236836961704,1
79,0,1,0,1,0,0,1,0,1,0,0,0,0,1,0,0,0,1,0,0,0,0,1,1,0,0,0,1,1,0,1,0,0,1,1,1,0.25,19.041058981609968,1
80,1,1,0,1,1,1,1,0,0,0,0,0,0,0,0,0,0,1,0,1,0,0,1,0,0,0,0,1,1,0,1,0,0,0,1,1,0.2222222222222222,16.52588982331053,1
81,0,0,0,0,0,1,0,1,0,1,1,1,1,0,1,0,1,0,0,1,1,1,0,0,1,0,1,0,0,0,0,1,1,0,0,0,0.2777777777777778,14.905917490882413,1
82,1,0,0,0,1,0,1,0,1,0,1,0,0,0,0,0,0,0,0,0,1,0,1,0,1,0,0,1,0,0,0,0,0,0,0,1,0.0,1.943406966105277,1
83,0,0,0,0,0,1,1,1,0,1,1,1,0,1,1,0,1,0,1,1,1,1,0,0,1,0,1,0,0,0,0,0,1,0,0,0,0.16666666666666666,19.56400704984188,1
84,1,1,0,1,0,0,1,0,0,0,0,0,0,0,0,1,0,1,0,0,0,0,1,0,0,0,0,1,0,0,0,1,0,1,1,1,0.2222222222222222,13.852291775659518,1
85,1,1,1,1,0,0,0,0,1,0,0,0,0,0,0,0,1,1,0,0,0,0,1,0,0,0,0,1,1,0,0,0,0,0,0,1,0.19444444444444445,12.193598193818907,1
86,1,1,1,1,1,0,0,0,0,0,0,0,0,0,0,0,0,1,0,0,0,0,0,0,0,1,0,0,1,0,1,0,0,0,0,1,0.25,10.920819590345967,1
87,1,1,1,1,1,1,0,0,1,0,0,0,0,0,0,1,0,1,0,0,0,0,1,1,0,0,0,1,1,0,1,0,0,0,0,1,0.3611111111111111,20.613330406883726,1
88,0,0,0,1,1,0,0,0,1,0,0,1,0,0,0,0,0,0,0,0,1,0,0,0,1,1,0,1,0,0,0,0,0,0,0,0,0.0,3.374290660267286,1
89,0,0,0,0,1,1,0,1,1,1,1,1,0,1,1,0,1,0,0,1,1,1,0,0,1,0,1,0,0,0,0,1,1,0,0,0,0.19444444444444445,22.684807092474983,1
90,1,1,1,1,1,0,0,0,1,0,0,0,0,0,1,0,0,0,0,0,0,0,1,1,0,0,0,1,1,0,1,0,0,0,0,1,0.16666666666666666,8.452258520527641,1
91,0,1,0,1,0,0,1,1,0,0,0,0,0,0,0,1,0,0,0,0,0,0,0,0,0,0,0,1,1,0,1,0,0,0,1,1,0.1111111111111111,10.880533080737854,1
92,0,1,0,1,1,0,1,0,0,0,0,0,0,0,0,0,0,1,0,0,0,0,0,1,0,1,0,1,1,0,1,0,0,0,0,1,0.25,14.679082797215983,1
93,1,1,0,1,0,0,0,0,1,0,1,0,1,0,0,0,0,1,0,1,0,0,1,0,0,0,0,1,1,0,1,0,0,0,0,1,0.1111111111111111,11.728172890905606,1
94,0,0,0,0,0,1,0,1,0,1,0,1,1,1,0,0,1,0,1,1,1,1,0,0,1,0,1,0,0,1,0,0,1,0,0,0,0.25,16.864314036514294,1
95,1,0,0,0,0,0,0,1,0,1,0,1,1,0,1,0,1,0,1,1,0,1,0,0,1,0,1,0,0,1,0,1,1,0,0,0,0.2777777777777778,21.789739962752876,1
96,1,1,1,1,0,0,0,0,1,0,0,0,0,0,0,0,0,1,0,0,0,0,1,0,1,0,0,1,1,0,0,0,0,1,0,1,0.19444444444444445,11.068783024262393,1
97,0,0,0,0,0,1,1,1,0,1,0,1,1,1,1,0,0,0,1,1,1,1,0,0,0,0,0,0,0,1,0,0,1,0,0,0,0.2777777777777778,20.687755657502727,1
98,1,1,0,1,0,1,0,0,1,0,0,0,0,1,0,0,0,1,0,0,0,0,0,1,0,0,0,1,1,0,1,0,0,0,0,1,0.25,17.540546708316644,1
99,0,0,1,0,0,1,0,1,0,0,0,1,1,1,1,0,1,0,1,1,1,1,0,0,1,0,1,0,0,1,0,0,1,0,0,0,0.3055555555555556,18.078903041462308,1
