,0,1,2,3,4,5,6,7,8,9,10,11,12,13,14,15,16,17,18,19,20,21,22,23,24,25,26,27,28,29,30,31,32,33,34,35,chain_break_fraction,energy,num_occurrences
0,1,0,0,0,1,1,1,0,0,1,1,0,1,0,0,1,1,0,0,0,1,0,1,0,1,1,1,0,0,0,1,0,1,1,1,1,0.2222222222222222,1.874429453571341,1
1,1,0,0,0,1,1,1,0,0,1,1,0,1,0,0,1,1,0,0,0,1,0,1,0,1,1,1,0,0,0,1,0,1,1,1,1,0.2777777777777778,1.874429453571341,1
2,1,0,0,1,1,1,1,0,0,1,1,0,1,0,0,1,1,0,0,0,1,0,1,0,1,1,1,0,0,0,1,1,1,0,1,0,0.2222222222222222,6.913133084306363,1
3,1,0,0,0,1,1,1,0,0,1,1,0,1,0,0,1,1,0,0,0,1,0,1,0,1,1,1,0,0,0,1,0,1,0,1,1,0.2222222222222222,0.8908511760568154,1
4,1,0,0,1,1,1,1,0,0,1,1,0,1,0,0,1,1,0,0,0,1,0,1,0,1,1,1,0,0,0,1,1,1,1,1,0,0.19444444444444445,5.905620438614754,1
5,1,0,0,1,1,1,1,0,0,1,1,0,1,0,0,1,1,0,0,0,1,0,1,0,1,1,1,0,0,0,1,0,1,0,1,1,0.2777777777777778,4.648595369475475,1
6,1,0,0,0,1,1,1,0,0,1,1,0,1,0,0,0,1,0,0,0,1,0,1,0,1,1,1,0,0,0,1,0,1,0,1,0,0.2222222222222222,-0.013430375179712462,1
7,1,0,0,0,1,1,1,0,0,1,1,0,1,0,0,1,1,0,0,0,1,0,1,0,0,1,1,0,0,0,1,0,1,0,1,1,0.25,0.7473149849548162,1
8,1,0,0,0,1,1,1,0,0,1,1,0,1,0,0,1,1,0,0,0,1,0,1,0,1,1,1,0,0,0,1,1,1,1,1,0,0.16666666666666666,4.160843187110862,1
9,1,0,0,0,1,1,1,0,0,1,1,0,1,0,0,0,1,0,0,0,1,0,1,0,1,1,1,0,0,0,1,0,1,0,1,1,0.25,-0.23001786335442764,1
10,1,0,0,0,1,1,1,0,0,1,1,0,1,0,0,1,1,0,0,0,1,0,0,0,1,1,1,0,0,0,1,0,1,1,1,1,0.19444444444444445,2.5765621812620796,1
11,1,0,0,1,1,1,1,0,0,1,1,0,1,0,0,0,1,0,0,0,1,0,1,0,1,1,1,0,0,0,1,1,1,0,1,0,0.2222222222222222,3.0318150541576276,1
12,1,0,0,0,1,1,1,0,0,1,1,0,1,0,0,1,1,0,0,0,1,0,1,0,1,1,1,0,0,0,1,1,1,0,1,1,0.2777777777777778,3.952794861839634,1
13,1,0,0,0,1,1,1,0,0,1,1,0,1,0,0,1,1,0,0,0,1,0,1,0,1,1,0,1,0,0,1,0,1,1,1,1,0.3055555555555556,5.018582244820708,1
14,1,0,0,0,1,1,1,0,0,1,1,0,1,0,0,1,1,0,0,0,1,0,1,0,1,1,1,0,0,0,1,0,1,0,1,0,0.25,3.1669801561553097,1
15,1,0,0,1,1,1,1,0,0,1,1,0,1,0,0,1,1,0,0,0,1,0,1,0,1,1,1,0,0,0,1,1,1,0,1,1,0.25,5.695929917151378,1
16,1,0,0,0,1,1,1,0,0,1,1,0,1,0,0,0,1,0,0,0,1,0,1,0,0,1,1,0,0,0,1,0,1,0,1,0,0.2222222222222222,-0.17775790516249024,1
17,1,0,0,0,1,1,1,0,0,1,1,0,1,0,0,1,1,0,0,0,1,0,1,0,0,1,1,0,0,0,1,0,1,1,1,1,0.19444444444444445,0.7302766623219799,1
18,1,0,0,0,1,1,1,0,1,1,1,0,1,0,0,1,1,0,0,0,1,0,1,0,0,1,1,0,0,0,1,0,1,1,1,1,0.19444444444444445,-0.07842313869044393,1
19,1,0,0,1,1,0,1,0,0,1,1,0,1,0,0,1,1,0,0,0,1,0,1,0,1,1,1,0,0,0,1,0,1,0,1,1,0.3055555555555556,1.9635968770120358,1
20,1,0,0,0,1,1,1,0,0,1,1,0,1,0,0,1,1,0,0,0,1,0,1,0,1,1,0,0,0,0,1,0,1,1,1,1,0.19444444444444445,0.7302766623219763,1
21,1,0,0,0,1,1,1,0,0,1,1,0,1,0,0,0,1,0,0,0,1,0,1,0,0,1,1,0,0,0,1,1,1,0,1,0,0.2222222222222222,0.7810973552261127,1
22,1,0,0,1,1,1,1,0,0,1,1,0,1,0,0,0,1,0,0,0,1,0,0,0,1,1,1,0,0,0,1,1,1,0,1,0,0.2777777777777778,5.0751955796421795,1
23,1,0,0,0,1,1,1,0,0,1,1,0,1,0,0,1,1,0,0,0,1,0,1,0,1,1,0,0,0,0,1,0,1,1,0,1,0.25,1.3688484095776832,1
24,1,0,0,0,1,1,1,0,0,1,1,0,1,0,0,1,1,0,0,0,1,0,1,0,1,1,1,0,0,0,1,0,1,1,0,1,0.2777777777777778,2.0071247482417216,1
25,1,0,0,0,1,1,1,0,0,1,1,0,1,0,0,1,1,0,0,0,1,0,0,0,1,1,1,0,0,0,1,1,1,0,0,0,0.19444444444444445,7.524579345448648,1
26,1,0,0,1,1,1,1,0,0,1,1,0,1,0,0,1,1,0,0,0,0,0,1,0,1,1,1,0,0,0,1,1,1,1,1,1,0.25,6.213144324466901,1
27,1,0,0,1,1,0,1,0,0,1,1,0,1,0,0,0,1,0,0,0,1,0,1,0,1,1,1,0,0,0,1,0,1,0,1,0,0.2222222222222222,-1.1361148327114081,1
28,1,0,0,1,1,0,1,0,0,1,1,0,1,0,0,1,1,0,0,0,1,0,1,0,1,1,1,0,0,0,1,0,1,0,0,1,0.2777777777777778,2.415400257548939,1
29,1,0,0,1,1,0,1,0,0,1,1,0,1,0,0,1,1,0,0,0,1,0,0,0,1,1,1,0,0,0,1,0,1,0,1,0,0.2777777777777778,5.508858151883422,1
30,1,0,0,0,1,1,1,0,0,1,1,0,1,0,0,1,1,0,0,0,1,0,1,0,1,1,1,0,0,0,1,0,1,1,0,1,0.2222222222222222,2.0071247482417216,1
31,1,0,0,0,1,1,1,0,0,1,1,0,1,0,0,1,1,0,0,0,1,0,1,0,1,1,0,1,0,0,1,1,1,1,0,1,0.2777777777777778,9.372264923714756,1
32,1,0,0,0,1,0,1,0,0,1,1,0,1,0,0,1,1,1,0,0,1,0,1,0,1,0,1,0,0,0,1,0,1,0,0,1,0.2222222222222222,2.7535961890727116,1
33,1,0,0,0,1,0,1,0,0,1,1,0,1,0,0,0,1,0,0,0,1,0,1,0,1,1,0,0,0,0,1,0,1,1,1,0,0.16666666666666666,-1.2504041205407153,1
34,1,0,0,0,1,1,1,0,0,1,1,0,1,0,0,1,1,0,0,0,1,0,1,0,0,1,1,1,0,0,1,0,1,1,1,1,0.25,5.018582244820708,1
35,1,0,0,0,1,1,1,0,0,1,1,1,1,0,0,0,1,1,0,0,1,0,0,0,0,1,1,0,0,0,1,1,1,0,1,0,0.19444444444444445,12.260509991618198,1
36,1,0,0,1,1,1,1,0,0,1,1,0,1,0,0,0,1,0,0,0,1,0,1,0,1,1,1,0,0,0,1,1,1,1,0,0,0.25,4.597765163720861,1
37,1,0,0,0,1,0,1,0,0,1,1,0,1,0,0,0,1,0,0,0,1,0,1,0,0,1,1,0,0,0,1,0,1,1,0,1,0.25,0.827877098910315,1
38,1,0,0,0,1,1,1,0,0,1,1,0,1,0,0,0,1,0,0,0,1,0,1,0,0,1,0,1,0,0,1,0,1,1,0,1,0.25,2.8564860758866906,1
39,1,0,0,0,1,1,1,0,0,1,1,0,1,0,0,0,1,0,0,0,1,0,1,0,1,1,1,0,0,0,1,1,1,0,1,0,0.2777777777777778,2.1209815601148607,1
40,1,0,0,0,1,0,1,0,0,1,1,0,1,0,0,0,1,0,0,0,1,0,1,0,0,1,0,1,0,0,1,0,1,0,1,0,0.19444444444444445,-1.0614563123142664,1
41,1,0,0,0,1,1,1,0,0,1,1,0,1,0,0,1,1,0,0,0,1,0,1,0,0,1,1,0,0,0,1,1,1,1,0,1,0.2777777777777778,3.744598896574732,1
42,1,0,0,0,1,1,1,0,0,1,1,0,1,0,0,0,1,0,0,0,0,0,1,0,0,1,1,0,0,0,1,1,1,1,0,1,0.2222222222222222,3.222412499467159,1
43,1,0,0,0,1,1,1,0,0,1,1,0,1,0,0,1,1,0,0,0,1,0,1,0,1,1,0,0,0,0,1,0,1,1,0,1,0.3333333333333333,1.3688484095776832,1
44,1,0,0,1,1,1,0,0,0,1,1,0,1,0,0,1,1,0,0,0,1,0,1,0,1,1,1,0,0,0,1,0,1,0,1,1,0.2777777777777778,3.691949064825494,1
45,1,0,0,0,1,1,1,0,0,1,1,0,1,0,0,1,1,0,0,0,1,0,1,0,1,1,0,0,0,0,1,0,1,0,1,1,0.25,0.7473149849548126,1
46,1,0,0,1,1,1,1,0,0,1,1,0,1,0,0,1,1,0,0,0,1,0,1,0,1,1,1,0,0,0,1,1,1,0,1,0,0.2222222222222222,6.913133084306363,1
47,1,0,0,1,1,1,1,0,0,1,1,0,1,0,0,1,1,0,0,0,1,0,1,0,1,1,1,0,0,0,1,0,1,0,1,1,0.3055555555555556,4.648595369475475,1
48,1,0,0,0,1,1,1,0,0,1,1,0,1,1,0,1,1,0,0,0,1,0,1,0,1,0,1,0,0,0,1,0,1,1,1,1,0.2222222222222222,2.243483391811995,1
49,1,0,0,0,1,0,1,0,0,1,1,0,1,0,0,1,1,0,0,0,1,0,1,0,1,1,0,0,0,0,1,0,1,0,0,1,0.16666666666666666,-0.9813338265149159,1
50,1,0,0,0,1,1,1,0,0,1,1,0,1,0,0,1,1,0,0,0,1,0,1,0,1,0,1,0,0,0,1,0,1,0,0,1,0.25,2.7535961890727045,1
51,1,0,0,0,1,0,1,0,0,1,1,0,1,0,0,0,1,1,0,0,1,0,0,0,0,1,1,0,0,0,1,0,1,1,1,0,0.19444444444444445,1.4059614465832746,1
52,1,0,0,0,1,0,1,0,0,1,1,0,1,0,0,0,1,1,0,0,0,0,0,0,0,0,1,0,0,0,1,1,1,0,1,0,0.16666666666666666,5.05643570106153,1
53,0,1,1,0,0,0,0,1,1,0,0,1,0,1,1,0,0,1,1,0,0,1,0,1,0,0,1,1,1,1,0,0,0,0,0,0,0.25,4.959387174112165,1
54,1,0,0,1,1,1,1,0,0,1,1,0,1,0,0,1,1,0,0,0,1,0,1,0,1,1,1,0,0,0,1,1,1,0,1,1,0.25,5.695929917151378,1
55,1,0,0,0,1,1,1,0,0,1,1,0,1,0,0,0,1,0,0,0,1,0,1,0,0,1,1,0,0,0,1,0,1,1,0,1,0.19444444444444445,0.18566549317122982,1
56,1,0,0,0,1,1,1,0,0,1,1,0,1,0,0,0,1,0,0,0,1,0,1,0,1,1,1,0,0,0,1,0,1,1,0,1,0.25,1.856486075886696,1
57,1,0,0,0,1,0,1,0,0,1,1,0,1,0,0,1,1,1,0,0,1,0,1,0,1,1,1,0,0,0,1,0,1,1,1,1,0.25,1.8744294535713482,1
58,0,1,1,0,0,0,0,1,1,0,0,1,0,1,1,0,0,1,1,0,0,1,1,1,0,0,1,1,1,1,0,0,0,0,0,0,0.2777777777777778,4.811049285358014,1
59,1,0,0,0,1,0,1,0,1,1,1,0,1,0,0,1,1,0,0,0,1,0,1,0,1,0,1,1,0,0,1,0,1,0,1,1,0.2777777777777778,-0.18091397129937148,1
60,1,0,0,0,1,0,1,0,0,1,1,0,1,0,0,1,1,0,0,0,1,0,1,0,0,1,0,1,0,0,1,0,1,1,0,1,0.3055555555555556,2.6389107031519443,1
61,0,0,0,0,1,1,1,0,0,1,1,0,1,0,0,1,1,0,0,0,1,0,1,0,1,1,1,0,0,0,1,0,1,0,1,0,0.25,2.1324870021438924,1
62,0,0,0,1,1,1,1,0,0,1,1,0,1,0,0,1,1,0,0,0,1,0,1,0,1,1,1,0,0,0,1,1,1,0,1,0,0.2222222222222222,5.878653723401917,1
63,1,0,0,1,1,1,1,0,0,1,1,0,1,0,0,0,1,0,0,0,1,0,1,0,0,1,1,1,0,0,1,1,1,0,0,0,0.16666666666666666,6.404738282467798,1
64,1,0,0,0,1,0,1,0,1,1,1,0,1,0,0,1,1,0,0,0,1,0,1,0,0,1,1,1,0,0,1,0,1,1,1,1,0.3055555555555556,4.52657227083251,1
65,1,0,1,0,1,1,1,0,0,1,1,0,1,0,0,1,1,0,0,0,1,0,0,0,0,0,1,0,0,0,1,1,1,0,1,0,0.1388888888888889,10.72321802485896,1
66,1,0,0,1,1,0,1,0,0,1,1,0,1,0,0,0,1,1,0,0,1,0,1,0,1,1,1,0,1,0,1,0,1,0,0,0,0.2222222222222222,2.830161241757064,1
67,1,0,0,0,1,0,1,0,1,1,1,1,1,0,0,1,1,1,0,0,1,0,0,0,0,0,1,1,0,0,1,1,1,0,1,0,0.16666666666666666,12.298784368868729,1
68,0,1,1,0,0,0,0,1,1,0,0,1,0,1,1,0,0,1,0,1,0,1,1,1,0,0,1,0,1,1,0,0,0,0,0,0,0.2222222222222222,6.986315584599557,1
69,1,0,0,0,1,0,1,0,0,1,1,0,1,0,0,0,1,1,0,0,1,0,0,0,0,0,1,1,0,0,1,1,1,0,0,0,0.16666666666666666,4.113367577705837,1
70,1,0,0,1,1,0,1,0,0,1,1,0,1,0,0,0,1,0,0,0,1,0,1,0,0,1,1,0,0,0,1,0,1,0,1,0,0.2777777777777778,-1.261137194528193,1
71,1,0,0,1,1,1,1,0,0,1,1,0,1,0,0,1,1,0,0,0,1,0,0,0,0,1,1,0,0,0,1,1,1,1,1,1,0.25,6.50837630179034,1
72,1,0,0,0,1,1,1,0,0,1,1,0,1,0,0,1,1,0,0,0,0,0,1,0,1,1,1,0,0,0,1,0,1,0,1,1,0.3611111111111111,2.2789002327848054,1
73,1,0,0,0,1,0,1,0,0,1,1,0,1,0,0,1,1,0,0,0,1,0,1,0,1,0,1,0,0,0,1,0,1,1,0,1,0.2222222222222222,-1.638862361061872,1
74,0,0,0,1,1,1,1,0,0,1,1,0,1,0,0,0,1,0,0,0,1,0,0,0,0,1,1,0,0,0,1,0,1,0,1,0,0.2222222222222222,5.41016540151715,1
75,1,0,0,0,1,0,1,0,0,1,1,0,1,0,0,1,1,0,0,0,1,0,0,0,0,0,1,1,0,0,1,0,1,0,1,1,0.2777777777777778,-0.20566638781567326,1
76,0,0,0,1,1,1,1,0,0,1,1,0,1,0,0,1,1,0,1,0,1,0,1,0,1,1,0,0,0,0,1,1,1,0,1,0,0.25,5.871293068631011,1
77,1,0,0,0,1,1,1,0,1,1,1,0,1,0,0,1,1,0,0,0,0,0,1,0,0,1,1,0,0,0,1,1,1,1,1,1,0.2222222222222222,2.7641832387307264,1
78,0,1,1,0,0,0,0,1,1,0,0,1,0,1,1,0,0,1,1,0,0,1,0,1,0,0,0,1,1,1,0,0,0,0,0,0,0.3055555555555556,6.270033549984957,1
79,1,0,0,1,1,0,1,0,0,1,1,0,1,0,0,0,1,0,0,0,1,0,0,0,0,1,1,0,0,0,1,0,1,0,1,0,0.2222222222222222,0.8804582962066485,1
80,1,0,1,0,1,1,1,0,0,1,1,0,1,0,0,1,1,0,0,0,1,0,1,0,0,0,1,1,0,0,1,0,1,0,0,1,0.19444444444444445,4.290496260719394,1
81,1,0,0,0,1,0,1,0,0,1,1,0,1,0,0,0,1,0,0,0,1,0,1,0,1,1,0,1,0,0,1,0,1,0,0,0,0.3055555555555556,1.018816481868559,1
82,1,0,0,1,1,0,1,0,0,1,1,0,1,0,0,0,1,1,0,0,1,0,1,0,0,1,1,0,0,0,1,0,1,0,1,0,0.25,3.787600088596057,1
83,0,0,1,0,0,0,0,1,1,0,0,1,0,1,1,0,0,1,1,1,0,1,0,1,0,0,1,1,1,1,0,0,0,0,0,0,0.2222222222222222,7.2060122235339925,1
84,1,0,0,1,1,0,1,0,0,1,1,0,1,1,0,1,1,0,0,0,0,0,1,0,1,1,1,0,0,0,1,0,1,1,0,1,0.19444444444444445,3.8081459088753635,1
85,1,0,0,1,1,0,1,0,0,1,1,0,1,0,0,1,1,0,0,0,1,0,1,0,0,1,1,1,1,0,1,0,1,0,1,1,0.3333333333333333,4.930545792661187,1
86,1,0,0,0,1,1,1,0,0,1,1,0,1,0,0,1,1,0,0,0,1,0,1,0,1,1,1,0,0,0,1,1,1,1,0,1,0.3055555555555556,5.558431910144741,1
87,1,0,0,0,1,1,1,0,0,1,1,0,1,0,0,0,1,0,1,0,1,0,1,0,0,1,1,0,0,0,1,0,1,0,0,1,0.25,-0.5755487747677317,1
88,0,1,1,0,0,0,0,1,1,0,0,1,0,1,1,0,0,1,1,1,0,1,0,1,1,0,1,0,1,1,0,0,0,0,0,1,0.19444444444444445,9.357007354036941,1
89,0,0,0,1,1,1,1,0,0,1,1,0,1,0,0,0,1,0,0,0,1,0,1,0,1,1,1,0,0,0,1,0,1,0,0,1,0.2777777777777778,1.2684044682850755,1
90,1,0,0,0,1,0,1,0,1,1,1,1,1,1,0,1,1,0,0,0,1,0,1,0,1,0,1,1,0,0,1,1,1,0,0,0,0.1388888888888889,6.967869873860294,1
91,1,0,0,0,1,1,1,0,0,1,1,0,1,0,0,0,1,0,0,0,1,0,1,0,1,1,1,0,1,0,1,0,1,1,0,1,0.2777777777777778,2.552504188901127,1
92,0,1,1,0,0,0,0,1,1,0,0,1,0,1,1,0,0,1,0,1,0,1,0,1,0,0,1,1,1,1,0,0,0,0,0,0,0.2222222222222222,6.09212875057635,1
93,1,0,0,0,1,1,1,0,0,1,1,0,1,0,0,1,1,0,0,0,0,0,0,0,0,1,1,0,0,0,1,0,1,1,0,0,0.25,10.106128483064918,1
94,1,0,0,1,1,1,1,0,0,1,1,0,1,0,0,1,1,0,0,0,1,0,0,0,0,1,1,0,0,0,1,0,1,1,1,1,0.3333333333333333,5.730367123829478,1
95,0,1,1,0,0,0,1,1,1,0,0,1,0,1,0,0,0,1,0,1,1,1,1,1,0,0,1,1,1,1,0,0,0,0,0,0,0.2222222222222222,6.353591682526606,1
96,0,1,0,0,0,0,1,1,1,0,0,1,0,1,1,0,0,1,1,0,0,1,0,1,0,0,1,1,1,1,0,0,0,0,1,0,0.2222222222222222,4.211381105166933,1
97,1,1,1,0,0,0,0,1,1,0,0,1,0,1,1,0,0,1,1,1,1,1,0,1,0,0,1,1,1,1,0,0,0,0,0,0,0.2222222222222222,8.789322122549487,1
98,1,0,0,0,1,1,1,0,0,1,1,0,1,0,0,1,1,0,0,0,1,0,1,0,1,1,1,1,0,0,1,0,1,1,1,1,0.2777777777777778,8.162735036070075,1
99,0,0,0,0,0,1,0,1,1,0,0,1,0,1,1,0,0,1,1,0,1,1,0,1,0,0,1,0,1,1,0,0,0,0,1,0,0.1388888888888889,3.5483645409834863,1
