,0,1,2,3,4,5,6,7,8,9,10,11,12,13,14,15,16,17,18,19,20,21,22,23,24,25,26,27,28,29,30,31,32,33,34,35,36,37,38,39,40,41,42,43,44,45,46,47,48,49,50,51,52,53,chain_break_fraction,energy,num_occurrences
0,0,1,0,1,1,1,1,0,0,1,0,1,0,1,1,0,0,1,1,0,1,1,1,0,0,0,0,0,0,0,1,1,1,1,0,1,1,1,0,0,1,0,0,0,0,0,0,1,1,0,0,0,1,0,0.3148148148148148,345.13942481778275,1
1,0,0,0,1,0,0,1,0,0,1,0,1,0,1,1,0,0,1,1,0,0,1,1,0,0,0,0,0,0,0,0,1,1,1,0,1,1,1,0,0,1,0,0,0,0,0,0,1,1,0,1,0,1,0,0.2962962962962963,276.82018920400446,1
2,0,1,1,1,0,1,1,0,0,0,1,1,0,1,1,0,0,1,1,0,1,1,1,0,0,0,0,0,0,0,1,1,1,1,0,1,1,1,0,0,1,0,1,0,0,0,0,0,1,0,1,0,1,0,0.2777777777777778,441.3234180135985,1
3,0,1,1,1,0,0,1,0,0,1,1,1,0,0,1,0,0,1,1,0,1,1,1,0,0,0,0,0,0,0,1,1,1,1,0,1,1,1,0,0,1,0,0,0,0,1,0,1,1,0,0,0,1,0,0.3148148148148148,286.14912268110373,1
4,0,1,0,1,0,0,1,0,0,1,1,1,0,1,1,0,0,1,1,0,1,1,1,0,0,0,0,0,0,0,1,1,1,1,0,1,1,1,0,0,1,0,1,0,0,0,0,1,1,0,1,0,1,0,0.3333333333333333,268.87857762051243,1
5,0,0,1,1,0,0,1,0,0,1,1,0,0,1,1,0,0,1,1,0,0,1,1,0,0,0,0,0,0,0,1,1,1,1,0,1,1,1,0,1,1,0,1,0,0,0,0,0,1,0,1,0,1,0,0.2222222222222222,231.18221926870388,1
6,0,1,1,1,0,0,1,0,0,1,0,1,0,1,1,0,0,1,1,0,0,1,1,0,0,0,0,0,0,0,1,1,1,1,0,1,1,1,0,0,1,1,0,0,0,0,0,0,1,0,0,1,1,1,0.2962962962962963,291.19286008098186,1
7,0,1,0,1,0,1,1,0,0,1,1,0,0,0,1,0,0,1,1,0,1,1,1,0,0,0,0,0,0,1,0,1,1,1,0,1,1,1,0,0,1,0,0,0,0,0,0,0,1,0,0,0,1,0,0.24074074074074073,247.06005512163236,1
8,0,0,1,1,0,1,1,0,0,1,0,0,1,1,1,0,0,1,1,0,0,1,1,0,0,0,0,0,1,0,1,1,1,1,0,1,1,0,0,0,1,1,0,0,0,0,0,0,1,0,0,0,1,0,0.2777777777777778,234.90165934612455,1
9,0,1,0,1,0,1,1,0,0,1,0,0,0,0,1,0,0,1,1,0,1,1,1,0,0,0,0,0,0,0,0,1,1,1,0,1,0,1,0,0,1,0,1,0,0,0,0,0,1,0,0,0,1,1,0.24074074074074073,227.46848294878313,1
10,0,0,1,1,0,1,1,0,0,1,0,1,0,1,1,0,0,1,1,0,0,1,1,0,0,0,0,0,0,0,0,1,1,1,0,1,1,1,0,0,1,0,0,0,0,0,0,0,1,0,1,0,1,0,0.3148148148148148,288.3446674498446,1
11,0,1,0,0,0,1,1,0,0,1,1,0,0,1,1,0,0,1,1,0,1,1,1,0,0,0,0,0,0,0,1,1,1,1,0,1,1,1,0,0,1,1,1,0,0,0,0,0,1,0,0,0,1,0,0.3333333333333333,255.07305365709058,1
12,0,1,0,1,0,0,1,0,0,1,0,0,0,1,0,0,0,1,1,0,0,1,1,0,0,0,0,0,0,0,1,1,1,1,0,1,1,0,0,0,1,0,1,0,0,0,0,0,1,0,0,0,1,0,0.3148148148148148,147.6700054776534,1
13,0,1,0,1,0,1,1,0,0,1,0,1,0,1,1,0,0,1,0,0,0,1,1,1,0,0,0,0,0,0,1,1,1,1,0,1,1,1,0,0,1,0,1,0,0,0,0,0,1,0,1,0,1,0,0.2962962962962963,291.714965134171,1
14,0,0,0,1,0,0,1,0,0,1,1,1,1,0,1,0,0,1,1,0,1,1,1,0,0,0,0,0,0,1,0,1,1,1,0,1,1,1,0,0,1,0,0,0,0,0,0,1,1,0,0,0,1,1,0.2962962962962963,336.1406324190587,1
15,1,1,0,1,1,1,1,0,0,0,0,0,0,0,1,0,0,1,1,0,1,1,1,0,0,0,0,0,0,0,1,1,1,1,0,1,1,1,0,0,1,1,1,0,0,0,0,1,1,0,1,0,1,0,0.3148148148148148,341.9494272154999,1
16,0,0,0,1,1,1,1,0,0,0,1,0,0,1,1,0,0,1,1,0,1,1,1,0,0,0,0,0,0,0,1,0,1,1,0,1,1,1,0,0,1,0,1,0,0,0,0,0,1,0,1,0,1,0,0.25925925925925924,258.63464760607746,1
17,0,1,0,1,0,0,1,0,0,1,1,1,0,0,1,0,0,1,1,0,0,1,1,0,0,0,0,0,0,0,1,1,1,1,0,1,1,1,0,0,1,0,1,0,0,0,0,1,1,0,1,0,1,0,0.42592592592592593,293.82482826916674,1
18,0,1,1,1,0,0,1,0,0,1,1,1,0,1,1,0,0,1,1,0,1,1,1,0,0,0,0,0,0,0,1,1,1,1,0,1,1,1,0,0,1,0,1,0,0,0,0,0,1,0,1,1,1,0,0.3888888888888889,336.22051018886367,1
19,0,0,0,1,0,1,0,0,1,1,0,1,0,1,1,0,0,1,1,0,1,1,1,0,0,0,0,0,0,0,1,1,1,0,0,1,1,1,0,0,1,0,1,0,0,0,0,0,1,0,0,1,1,1,0.24074074074074073,353.34415981237703,1
20,0,1,0,1,0,1,1,0,0,1,1,1,0,0,1,0,0,1,1,0,1,1,1,0,0,0,0,0,0,0,1,1,1,1,0,1,1,1,0,0,1,0,0,0,0,0,0,0,1,0,1,0,1,0,0.3148148148148148,319.3764520573938,1
21,0,0,1,1,0,1,1,0,0,1,0,1,1,0,1,0,0,1,1,0,1,0,1,0,0,0,0,0,0,0,1,1,1,1,0,1,1,1,0,0,1,1,1,0,0,0,0,1,1,0,0,0,1,0,0.25925925925925924,294.6448651820978,1
22,0,1,0,1,0,0,1,0,0,1,0,1,0,0,1,0,0,1,0,0,1,1,1,0,0,0,0,0,0,0,1,1,1,1,0,1,1,1,0,0,1,1,1,0,0,0,0,0,1,0,0,0,1,1,0.37037037037037035,319.83891052024336,1
23,0,0,0,1,1,1,1,0,0,1,0,0,0,0,1,0,0,1,1,0,0,1,1,0,0,0,0,0,0,0,0,1,1,1,0,1,1,1,0,0,1,0,1,0,0,0,0,0,1,0,0,0,1,1,0.2777777777777778,217.53855721899404,1
24,0,1,0,1,0,0,1,0,1,1,0,1,1,0,1,0,0,1,0,0,1,1,1,0,0,0,0,0,0,0,0,1,1,1,0,1,1,1,0,0,1,0,1,0,0,0,0,1,1,0,1,0,1,1,0.3333333333333333,327.785266144724,1
25,0,0,0,1,1,1,1,0,0,1,0,0,1,1,1,0,0,1,1,0,1,1,1,1,0,0,0,0,0,0,1,1,1,1,0,1,1,1,0,0,1,0,0,0,0,0,0,0,1,0,1,0,1,0,0.3333333333333333,340.91865817762164,1
26,0,0,1,1,0,1,1,0,0,1,0,0,0,1,1,0,0,1,1,0,1,1,1,0,0,0,0,0,0,0,1,1,1,1,0,1,1,1,0,0,1,1,1,0,0,0,0,0,1,0,1,1,1,0,0.2777777777777778,298.95824102127517,1
27,0,1,0,1,1,1,1,0,0,1,1,1,0,0,1,0,0,1,1,0,0,1,1,0,1,0,0,0,0,0,1,1,1,1,0,1,1,1,0,0,1,1,0,0,0,0,0,1,1,0,0,0,1,0,0.3333333333333333,272.2608416264697,1
28,0,0,0,1,0,1,1,0,0,0,1,1,0,0,1,0,0,1,1,0,1,1,1,0,0,0,0,0,0,0,0,1,1,1,0,1,1,1,0,0,1,0,0,0,0,0,0,1,1,0,0,0,1,1,0.2777777777777778,266.86265609548315,1
29,0,1,0,1,1,1,0,0,0,1,1,1,0,1,1,0,0,1,1,0,1,1,1,0,0,0,0,0,0,1,0,1,1,1,0,1,1,1,0,0,1,0,0,0,0,0,0,1,1,0,1,0,1,1,0.35185185185185186,364.108980677889,1
30,1,0,0,0,1,0,0,1,1,0,1,0,0,0,1,1,0,0,0,1,0,0,0,1,1,1,1,1,1,1,0,0,0,0,1,0,0,0,1,1,0,1,0,1,1,1,1,0,0,1,1,1,0,0,0.24074074074074073,386.62735393083307,1
31,0,1,0,1,1,0,1,0,0,0,0,1,1,1,1,0,0,1,1,0,1,1,1,0,0,0,0,0,0,0,1,1,1,1,0,1,1,1,0,0,1,0,1,0,0,0,0,1,1,0,0,0,1,0,0.37037037037037035,243.09684330120186,1
32,0,1,0,1,0,0,1,0,0,1,0,1,0,0,1,0,0,1,1,0,1,1,1,1,1,0,0,0,0,0,1,1,1,1,0,1,1,0,0,0,1,1,1,0,0,1,0,0,1,0,0,1,1,0,0.25925925925925924,294.87901277190235,1
33,0,1,0,1,1,0,1,0,0,0,0,1,0,1,1,0,0,1,1,0,1,1,1,0,0,0,0,0,0,0,1,1,1,1,0,1,1,1,0,0,1,0,1,0,0,0,0,1,1,0,1,0,1,0,0.35185185185185186,259.4719656479378,1
34,0,0,0,1,0,0,1,0,0,1,1,0,0,1,1,0,0,1,1,0,1,1,1,0,0,0,0,0,0,1,1,0,1,1,0,1,1,1,0,0,1,0,0,0,0,0,0,0,1,0,1,0,1,0,0.3333333333333333,262.8329657594892,1
35,0,1,0,1,0,0,1,0,1,1,1,0,0,1,1,0,0,1,1,0,1,1,1,1,0,0,0,0,0,0,1,1,1,1,0,1,0,1,0,0,1,1,1,0,0,0,0,0,1,0,0,0,1,0,0.3148148148148148,387.1330306273372,1
36,0,1,1,1,0,1,1,0,0,0,0,1,0,1,1,0,0,1,1,0,1,1,1,0,0,0,0,0,0,0,1,1,1,1,0,1,1,1,0,0,1,0,1,0,0,0,0,0,1,0,0,0,1,0,0.4074074074074074,463.7373616277951,1
37,0,1,0,1,1,1,0,0,0,1,0,1,1,0,1,0,0,1,1,0,1,1,1,0,0,0,0,0,0,0,0,0,1,1,0,1,1,1,0,0,1,0,0,0,0,1,0,1,1,0,1,0,1,1,0.2777777777777778,293.43092817172874,1
38,0,1,0,1,0,1,0,0,0,1,0,0,0,1,1,1,0,1,1,0,0,1,1,0,0,0,0,0,0,0,1,0,1,1,0,1,1,1,0,0,1,0,0,0,0,0,0,0,1,0,1,0,1,0,0.2962962962962963,197.42432858290778,1
39,0,1,1,1,0,0,1,0,0,1,1,0,0,0,1,0,0,1,1,0,0,1,1,0,0,0,0,0,0,0,1,1,1,1,0,1,1,1,0,0,1,1,1,0,0,0,0,0,0,0,0,0,1,1,0.24074074074074073,291.0295383785766,1
40,0,1,1,1,0,0,1,0,0,1,0,1,1,1,1,0,0,1,0,0,1,1,1,0,0,0,0,0,0,0,0,1,1,1,0,1,1,1,0,0,1,0,1,0,0,0,0,1,1,0,1,0,1,0,0.37037037037037035,282.669073271406,1
41,0,1,1,1,0,0,1,0,0,1,1,1,0,0,1,1,0,1,1,0,1,1,1,0,0,0,0,0,0,0,1,1,1,1,0,1,1,1,0,0,1,0,1,0,0,0,0,0,1,0,0,0,1,0,0.3333333333333333,382.08416477050883,1
42,0,1,0,1,0,0,1,0,0,0,1,1,0,1,1,0,0,1,1,0,1,1,1,0,0,0,0,0,0,0,1,1,1,1,0,1,1,1,0,0,1,1,1,0,0,0,0,1,1,0,0,1,1,0,0.3888888888888889,280.94038654466095,1
43,0,1,1,1,0,0,1,0,0,1,1,1,0,1,1,0,0,1,1,0,1,1,1,1,0,0,0,0,0,0,0,1,1,1,0,1,1,1,0,0,1,0,0,0,0,0,0,1,1,0,0,0,1,0,0.35185185185185186,517.2017409908835,1
44,0,1,1,1,1,0,1,0,0,0,1,1,1,1,1,0,0,1,1,0,1,1,1,0,0,0,0,0,0,0,1,1,1,1,1,1,1,1,0,0,1,0,1,0,0,0,0,1,1,0,1,0,1,0,0.3888888888888889,318.4392977797759,1
45,1,0,1,1,0,1,1,0,0,1,0,1,0,1,1,0,0,1,1,0,1,1,1,0,0,0,0,0,0,0,1,1,1,1,0,1,0,0,0,0,1,1,0,0,0,1,0,0,1,0,0,0,1,1,0.2777777777777778,381.99877046844506,1
46,0,1,0,1,0,1,1,0,0,1,1,0,0,0,1,0,0,1,1,0,1,1,1,0,0,0,0,0,0,0,0,1,1,1,0,1,1,1,0,0,1,0,0,0,0,0,0,0,1,0,0,0,1,1,0.35185185185185186,247.68551540624392,1
47,0,1,0,1,0,1,1,0,0,1,1,0,0,1,1,0,0,1,1,0,1,1,1,0,0,0,0,0,0,0,1,1,1,1,0,1,1,1,0,0,1,0,1,0,0,0,0,0,1,0,0,0,1,0,0.3333333333333333,287.73194911793576,1
48,0,1,1,1,1,0,1,0,0,1,1,1,0,0,1,0,0,1,1,0,0,1,1,0,0,0,0,0,0,0,1,1,1,1,0,1,1,1,0,0,1,0,1,0,0,0,0,1,1,0,0,0,1,0,0.37037037037037035,252.2443009055102,1
49,0,1,1,1,0,0,1,0,1,0,1,1,0,0,1,0,0,1,1,0,1,1,1,0,0,1,0,0,0,0,1,1,1,1,0,1,0,0,0,0,1,1,1,0,0,0,0,1,1,0,0,0,1,0,0.25925925925925924,423.16730839589525,1
50,0,1,0,1,0,0,1,0,0,0,0,1,0,0,1,0,1,1,1,0,1,1,1,0,0,0,0,0,0,0,0,1,1,1,0,1,1,1,0,0,1,1,1,0,0,0,0,1,1,0,0,0,1,1,0.25925925925925924,352.83415299553855,1
51,0,1,0,1,0,1,1,0,0,1,1,1,0,0,1,0,0,1,1,0,1,1,1,0,0,0,0,0,0,0,1,1,1,1,1,1,1,1,0,0,1,1,1,0,0,0,0,1,1,0,0,0,1,1,0.3888888888888889,357.83932863520664,1
52,0,1,1,1,0,1,1,0,0,1,1,1,0,1,1,0,0,1,1,0,0,1,1,0,0,0,0,0,0,0,1,1,1,1,0,1,1,1,0,0,1,0,1,0,0,0,0,1,1,0,1,1,1,0,0.37037037037037035,303.7211977923635,1
53,0,1,0,1,0,0,1,0,0,1,0,1,0,0,1,0,0,1,1,0,1,1,1,0,0,0,0,0,0,1,0,1,1,1,0,1,1,1,0,0,1,0,1,0,0,1,0,1,1,0,0,0,1,0,0.35185185185185186,274.6894040427459,1
54,0,0,0,1,0,0,1,0,0,1,1,1,0,1,1,0,0,1,0,0,1,1,1,0,0,0,0,0,0,0,1,1,1,1,0,1,1,1,0,0,1,1,1,0,0,0,0,1,1,0,0,0,1,0,0.3333333333333333,283.58143049257444,1
55,0,0,1,1,0,0,1,0,0,1,1,1,0,1,1,0,0,1,1,0,1,1,1,1,0,0,0,0,0,0,1,1,1,1,1,1,1,1,0,0,1,0,1,0,0,0,0,0,1,0,1,0,1,1,0.35185185185185186,366.8782484734693,1
56,0,1,0,1,0,0,1,0,0,1,1,1,0,1,1,0,0,1,1,0,1,1,1,0,0,0,0,0,0,0,1,1,1,0,0,1,1,1,0,0,1,0,0,0,0,0,0,0,1,0,1,0,1,0,0.37037037037037035,293.00353179276897,1
57,1,0,0,1,1,1,1,0,0,1,0,0,0,0,1,0,0,1,0,0,1,1,1,0,0,0,1,0,0,0,1,1,0,1,0,1,1,1,0,0,1,1,1,0,0,0,0,0,1,0,0,1,1,0,0.2777777777777778,288.6196147635686,1
58,0,1,0,1,0,0,1,0,0,1,1,1,1,1,1,0,0,1,1,0,1,1,1,1,0,0,0,0,0,0,0,1,1,1,0,1,1,1,0,0,1,0,1,0,0,0,0,0,1,0,0,0,1,0,0.3333333333333333,492.3177491672204,1
59,0,1,1,1,0,0,1,1,0,1,1,1,0,0,1,0,0,1,1,0,1,0,1,1,0,0,0,0,0,0,1,1,1,1,0,1,1,1,0,0,1,0,0,0,0,0,0,1,1,0,1,0,1,0,0.37037037037037035,385.52484604795336,1
60,0,0,1,1,0,0,1,0,1,1,1,1,0,0,1,0,0,1,1,0,1,1,1,1,0,0,0,0,0,0,1,0,1,1,1,1,1,1,0,0,1,0,0,0,0,0,0,1,1,0,0,1,1,0,0.3148148148148148,474.6446114107227,1
61,0,1,0,1,0,0,0,0,0,1,0,1,1,0,1,0,0,1,1,0,1,1,1,0,0,0,0,0,1,0,0,1,1,1,0,1,1,1,0,0,1,0,1,0,0,0,0,1,1,0,1,1,1,0,0.3148148148148148,319.13860188591644,1
62,0,1,0,1,0,0,1,0,0,1,1,1,0,1,1,0,0,1,1,0,1,1,1,0,0,0,0,0,1,0,1,1,1,1,0,1,1,1,0,0,1,0,1,0,0,0,0,0,1,0,0,0,1,0,0.3333333333333333,274.7036292821244,1
63,0,1,0,1,0,1,1,0,0,1,0,0,0,1,1,0,0,1,1,0,1,1,1,0,1,0,0,0,0,0,0,1,1,1,0,1,0,1,0,0,1,0,1,0,0,0,0,0,1,0,0,0,1,1,0.3888888888888889,263.31031725366915,1
64,0,1,0,1,1,0,1,0,0,1,1,0,0,1,1,0,0,1,0,0,1,0,1,0,0,0,0,0,0,0,0,0,1,1,0,1,1,1,0,0,1,0,0,0,0,0,0,1,1,0,0,0,1,1,0.24074074074074073,219.53106876251348,1
65,0,0,0,1,1,1,1,0,1,1,0,1,0,1,1,0,0,1,1,0,1,1,1,0,0,0,0,0,0,0,1,1,1,1,1,1,1,0,0,0,1,1,1,0,0,0,0,1,1,0,1,0,1,0,0.3148148148148148,347.60413449558945,1
66,0,1,0,1,0,0,1,0,0,1,1,0,0,0,1,0,0,1,1,0,1,1,1,1,0,0,0,0,0,0,0,1,0,1,0,1,1,1,0,0,1,1,1,0,0,0,0,1,1,0,0,0,1,0,0.3148148148148148,234.3206810253523,1
67,0,0,0,1,0,0,1,0,0,1,0,1,1,0,1,0,0,1,1,0,1,1,1,0,0,0,0,0,0,0,0,1,1,1,0,1,1,1,0,0,1,1,1,0,0,0,0,1,1,0,1,0,1,0,0.35185185185185186,380.12474768724513,1
68,0,1,1,0,0,1,1,0,0,1,1,0,0,0,1,1,0,1,0,0,1,1,1,0,0,0,0,0,0,0,1,0,1,1,1,1,1,0,0,0,1,1,1,0,0,0,0,0,1,0,1,0,1,0,0.3333333333333333,292.5934476173548,1
69,0,1,1,1,0,0,1,0,0,0,0,0,0,0,1,0,0,1,1,0,1,1,1,0,0,0,0,0,0,0,0,1,1,1,0,1,1,1,0,0,1,0,1,0,0,0,0,0,1,0,0,0,1,0,0.35185185185185186,210.48983387665535,1
70,0,1,0,1,0,0,1,0,0,1,1,1,0,1,1,0,0,1,1,0,1,1,1,0,0,0,0,0,0,0,0,1,1,1,1,1,0,1,0,0,1,0,1,0,0,0,0,0,1,0,0,0,1,0,0.35185185185185186,304.0163802733499,1
71,0,1,1,1,1,0,1,0,0,1,1,1,1,1,1,0,0,1,0,0,1,1,1,0,0,0,0,0,0,0,1,1,1,1,1,1,1,1,0,0,1,0,1,0,0,0,0,1,1,0,1,0,1,0,0.37037037037037035,320.18024332703203,1
72,0,0,0,1,0,0,1,0,0,1,1,1,0,0,1,0,0,1,1,0,1,1,1,0,0,1,0,0,0,1,1,1,1,1,1,1,1,1,0,0,1,1,0,0,0,0,0,0,1,0,0,0,1,0,0.3333333333333333,319.6832798304124,1
73,0,1,0,0,0,1,1,0,0,1,0,1,0,1,1,0,0,1,0,0,0,1,1,1,0,0,0,0,0,0,0,1,1,1,1,1,1,1,0,1,1,1,1,0,0,0,0,0,1,0,0,0,1,0,0.2962962962962963,279.3600947421643,1
74,0,1,0,1,0,1,1,0,0,1,1,0,0,0,1,0,0,1,1,0,1,1,1,0,0,0,0,0,0,1,0,1,1,1,0,1,1,1,0,0,1,1,1,0,0,0,0,0,0,0,0,0,1,0,0.3888888888888889,268.928460008095,1
75,0,1,0,1,0,0,1,0,0,0,1,0,0,0,1,0,0,1,1,0,1,1,1,0,0,0,0,0,1,0,0,1,1,1,0,1,1,1,0,0,1,0,1,0,0,0,0,0,1,0,0,0,1,0,0.3333333333333333,187.3102240177441,1
76,1,0,1,0,1,1,0,1,1,0,1,0,1,1,1,1,1,0,0,1,0,0,0,0,1,1,1,1,1,0,0,1,0,0,1,0,0,0,1,1,0,1,0,1,1,1,1,0,0,1,1,1,0,0,0.35185185185185186,393.4922551580096,1
77,0,1,0,1,1,1,1,0,0,1,1,1,1,0,1,0,0,1,1,0,1,1,1,0,0,0,0,0,0,0,1,1,1,1,0,1,1,1,0,0,1,0,1,0,0,0,0,1,1,0,0,0,1,1,0.42592592592592593,317.32603351345716,1
78,0,1,0,1,0,0,1,0,0,1,0,1,1,0,1,0,0,1,1,0,1,1,1,1,1,0,0,0,0,0,0,1,1,1,0,1,1,1,0,1,1,0,1,0,0,0,0,1,1,0,0,1,1,1,0.37037037037037035,297.0973442703718,1
79,0,1,0,1,0,0,1,0,0,1,0,1,0,1,1,0,0,1,1,0,1,1,1,1,0,0,0,0,0,1,1,1,1,1,0,1,1,1,0,0,1,1,1,0,0,0,0,0,1,0,1,0,1,1,0.46296296296296297,471.4189435371476,1
80,0,1,1,1,0,0,1,0,1,1,0,1,0,1,1,0,0,1,1,0,1,1,1,0,0,1,0,0,0,1,1,1,1,1,0,1,1,1,0,0,1,1,0,0,0,0,0,1,1,0,1,0,1,0,0.35185185185185186,393.0844372731787,1
81,0,1,0,1,1,1,1,0,1,1,0,1,0,1,1,0,0,1,1,0,1,1,1,1,0,1,0,0,0,0,1,1,1,1,0,1,1,1,0,0,1,0,0,0,0,0,0,1,1,0,0,0,1,0,0.37037037037037035,761.3950646097571,1
82,0,1,0,1,0,0,0,0,0,0,1,1,1,0,1,0,0,0,1,0,1,1,1,0,0,0,0,0,0,0,0,1,1,1,0,1,1,1,0,0,1,1,1,0,0,0,0,1,0,0,0,0,1,0,0.2962962962962963,263.13220356832505,1
83,0,0,0,1,1,1,1,0,0,1,1,1,0,1,1,0,0,1,1,0,1,1,1,0,0,0,0,0,0,0,0,1,1,1,0,1,0,1,0,0,1,0,0,0,0,0,0,1,1,0,1,0,1,1,0.3888888888888889,321.89175744120837,1
84,0,1,0,1,0,1,1,0,0,1,0,1,1,1,1,0,0,1,0,0,1,1,1,1,1,0,0,0,0,1,1,1,1,1,0,1,1,1,0,0,1,0,0,0,0,0,0,1,1,0,0,0,1,0,0.3148148148148148,383.009948289156,1
85,0,1,0,1,0,1,1,0,0,0,0,0,1,1,1,0,0,1,1,0,1,1,1,0,0,0,0,0,0,0,1,1,1,1,0,1,1,1,0,0,1,0,1,0,0,0,0,0,1,0,0,1,1,1,0.35185185185185186,247.6896814730803,1
86,1,1,0,0,1,1,1,0,0,1,1,0,0,0,1,0,0,1,1,0,1,1,1,0,0,0,0,0,0,0,1,1,1,1,0,1,1,1,0,0,1,0,1,0,0,0,0,0,1,0,1,0,1,0,0.37037037037037035,257.65352458894677,1
87,0,1,0,1,1,0,1,0,0,0,1,1,0,1,1,0,0,1,1,0,0,1,1,0,0,0,0,0,0,0,1,1,1,1,1,1,1,1,0,0,1,0,1,0,0,0,0,1,1,0,0,0,1,0,0.4074074074074074,219.52372992753956,1
88,1,0,1,1,0,0,1,0,0,1,1,1,0,1,1,0,0,1,1,0,1,1,1,0,0,0,0,0,0,1,1,1,1,1,0,1,1,1,0,0,1,0,0,0,0,0,0,0,1,0,1,1,1,0,0.3888888888888889,321.07460026050563,1
89,1,1,1,0,1,0,1,1,1,0,1,0,0,0,1,0,1,0,0,1,0,1,0,0,1,1,1,1,1,1,1,1,0,0,1,0,0,0,1,1,0,1,0,1,1,1,1,0,0,1,0,0,0,0,0.3333333333333333,338.9963142439928,1
90,1,1,0,1,1,1,1,0,0,1,0,1,1,1,1,0,0,1,1,0,1,1,1,0,0,0,0,0,0,0,0,1,1,1,0,1,1,1,0,0,1,0,1,0,0,0,0,1,0,0,0,0,1,0,0.37037037037037035,426.1326477617914,1
91,0,1,0,1,0,0,1,0,0,1,1,1,0,1,1,1,0,1,1,0,1,1,1,0,0,0,0,0,0,0,0,1,1,1,1,1,1,1,0,0,1,1,1,0,0,0,0,1,1,0,0,0,1,1,0.4074074074074074,346.30936314085415,1
92,1,1,1,0,1,1,1,1,1,0,0,0,1,0,1,1,1,0,0,1,0,0,0,0,0,1,1,1,1,1,0,1,0,0,1,0,0,0,1,1,0,1,1,1,1,1,1,0,0,1,0,1,0,0,0.42592592592592593,373.23809718763806,1
93,1,1,1,0,1,0,1,1,1,0,0,0,0,0,1,1,1,0,0,1,0,0,0,0,1,1,1,1,1,1,0,0,0,0,1,0,0,0,1,1,0,1,0,1,1,1,1,0,0,1,1,0,0,0,0.37037037037037035,350.32452963143135,1
94,0,0,1,1,0,0,1,0,0,1,1,0,1,0,1,0,0,1,1,0,1,1,1,1,0,0,0,0,0,0,1,1,1,0,0,1,1,1,0,0,1,1,1,0,0,0,0,1,1,0,0,0,1,1,0.35185185185185186,332.70705571934775,1
95,0,1,0,1,1,0,1,0,0,1,0,1,0,0,1,0,0,1,1,0,0,1,1,0,0,0,0,0,0,0,1,1,1,1,0,1,1,1,0,0,1,0,1,0,0,0,0,1,1,0,0,0,1,1,0.4444444444444444,290.3184628176127,1
96,0,1,0,1,0,0,1,0,0,1,0,1,0,1,1,0,0,1,1,0,1,1,1,0,0,0,0,0,0,1,0,1,1,1,0,1,1,0,0,0,1,0,1,0,0,0,0,1,1,0,0,1,1,1,0.4074074074074074,316.94903584606897,1
97,0,1,0,0,0,0,1,0,0,1,1,1,0,1,1,1,0,1,1,0,1,1,1,1,1,0,0,0,0,0,1,1,1,1,0,1,1,1,0,0,1,0,0,0,0,0,0,1,1,0,1,1,1,1,0.3148148148148148,350.7454908471824,1
98,1,1,1,0,1,1,0,1,1,0,0,0,1,0,1,1,1,0,1,1,0,0,0,0,1,1,1,1,1,1,0,1,0,0,0,0,0,0,1,1,0,1,0,1,1,1,1,0,0,1,0,1,0,1,0.2962962962962963,414.540493019785,1
99,0,1,0,0,1,0,1,0,0,1,1,1,0,1,1,0,0,1,1,0,0,1,1,0,0,1,0,0,0,0,1,0,1,1,1,1,1,1,0,0,1,0,1,0,0,0,0,1,1,0,0,1,1,0,0.37037037037037035,225.0704242004015,1
