,0,1,2,3,4,5,6,7,8,9,10,11,12,13,14,15,16,17,18,19,20,21,22,23,24,25,26,27,28,29,30,31,32,33,34,35,chain_break_fraction,energy,num_occurrences
0,0,0,1,0,0,1,0,1,0,1,0,1,1,1,0,1,0,0,1,0,1,1,1,1,0,0,0,0,1,1,1,1,0,1,1,0,0.3611111111111111,28.14202541298965,1
1,0,0,1,0,0,1,0,1,0,1,0,1,1,1,0,1,0,0,1,0,0,1,1,1,0,0,0,1,1,1,1,1,0,1,1,0,0.3333333333333333,27.175505561155443,1
2,0,0,1,0,0,1,0,1,0,1,0,1,1,1,0,1,0,0,1,0,1,1,1,1,0,0,0,0,1,1,1,1,0,1,1,1,0.3611111111111111,36.62137026378811,1
3,0,0,1,0,0,1,0,1,0,1,0,1,1,1,0,1,0,0,1,0,1,1,1,1,0,0,0,0,1,1,1,1,0,1,1,0,0.3055555555555556,28.14202541298965,1
4,1,0,0,1,1,0,1,0,1,0,1,0,0,0,1,0,0,1,0,1,0,1,0,1,1,1,1,1,0,0,0,0,1,0,1,1,0.2777777777777778,28.37700376698235,1
5,1,0,0,1,1,0,1,0,1,0,1,0,0,0,1,0,0,1,0,1,0,1,0,1,1,1,1,1,0,0,0,0,1,0,1,1,0.2777777777777778,28.37700376698235,1
6,0,0,1,0,0,1,0,1,0,1,0,1,1,1,0,1,0,0,1,0,1,1,1,1,0,0,0,0,1,1,1,1,0,1,1,1,0.3333333333333333,36.62137026378811,1
7,0,0,1,0,0,1,0,1,0,1,0,1,1,1,0,1,0,0,1,0,0,1,1,1,0,0,0,0,1,1,1,1,0,1,1,0,0.3611111111111111,23.983925068968162,1
8,0,0,1,0,0,1,0,1,0,1,0,1,1,1,0,1,1,0,1,0,0,1,1,1,0,0,0,1,1,1,1,1,0,1,1,0,0.3888888888888889,25.91022162604326,1
9,1,1,0,1,1,0,1,0,1,0,1,0,0,0,1,0,0,1,0,1,1,1,0,1,1,1,1,0,0,0,0,0,1,0,1,1,0.2222222222222222,22.639339605218247,1
10,0,0,1,0,0,1,0,1,0,1,0,1,1,1,0,1,0,0,1,0,1,1,1,1,0,0,0,0,1,1,1,1,0,1,0,0,0.3055555555555556,25.902352987590426,1
11,0,0,1,0,0,1,0,1,0,1,0,1,1,1,0,1,0,0,1,0,0,1,1,1,0,0,0,1,1,1,1,1,0,1,1,1,0.3333333333333333,36.56936333429716,1
12,0,0,1,0,0,1,0,1,0,1,0,1,1,1,0,1,0,0,1,0,0,1,1,1,0,0,0,1,1,1,1,1,0,1,1,0,0.3888888888888889,27.175505561155443,1
13,0,0,1,0,0,1,0,1,0,1,0,1,1,1,0,1,0,0,1,0,1,1,1,1,0,0,0,1,1,1,1,1,0,1,1,0,0.3333333333333333,32.45948414907174,1
14,1,0,0,1,1,0,1,0,1,0,1,0,0,0,1,0,0,1,0,1,0,1,0,1,1,1,0,1,0,0,0,0,1,0,1,1,0.2777777777777778,24.516059432425656,1
15,1,1,0,1,1,0,1,0,1,0,1,0,0,0,1,0,0,1,0,1,1,1,0,1,1,1,1,0,0,0,0,0,1,0,1,1,0.25,22.639339605218247,1
16,1,0,0,1,1,0,1,0,1,0,1,0,0,0,1,0,0,1,0,1,0,1,0,1,1,1,0,1,0,0,0,0,1,0,1,1,0.19444444444444445,24.516059432425656,1
17,1,0,0,1,1,0,1,0,1,0,1,0,0,0,1,0,1,1,0,1,1,1,0,1,1,1,1,0,0,0,0,0,1,0,0,1,0.2777777777777778,22.637823333090736,1
18,1,1,0,1,1,0,1,0,1,0,1,0,0,0,1,0,1,1,0,1,1,1,1,1,1,1,1,0,0,0,0,0,1,0,1,1,0.3611111111111111,26.45636729168414,1
19,1,0,0,1,1,0,1,0,1,0,1,0,0,0,1,0,0,1,0,1,1,1,0,1,1,1,1,0,0,0,0,0,1,0,0,1,0.25,23.208218044988502,1
20,0,0,1,0,0,1,0,1,0,1,0,1,1,1,0,1,0,0,0,0,1,1,1,1,0,0,0,0,1,1,1,1,0,1,1,0,0.3333333333333333,24.994620600705083,1
21,0,0,1,0,0,1,0,1,0,1,0,1,1,1,0,1,0,0,1,0,1,1,1,1,0,0,0,1,1,1,1,1,0,1,1,0,0.3611111111111111,32.45948414907174,1
22,0,0,1,0,0,1,0,1,0,1,0,1,1,1,0,1,0,0,1,0,1,1,1,1,0,0,1,0,1,1,1,1,0,1,1,0,0.4444444444444444,29.300754781030697,1
23,1,0,0,1,1,0,1,0,1,0,1,0,0,0,1,0,1,1,0,1,0,0,0,1,1,1,1,1,0,0,0,0,1,0,1,1,0.2777777777777778,15.996947699266236,1
24,0,0,1,0,0,1,0,1,0,1,0,1,1,1,0,1,0,0,1,0,1,1,1,1,0,0,0,0,1,1,1,1,0,1,1,1,0.3888888888888889,36.62137026378811,1
25,1,1,0,1,1,0,1,0,1,0,1,0,0,0,1,0,1,1,0,1,1,1,1,1,1,1,1,1,0,0,0,0,1,0,1,1,0.3611111111111111,33.268617460621115,1
26,1,1,0,1,1,0,1,0,1,0,1,0,0,0,1,0,0,1,0,1,1,1,1,1,1,1,0,1,0,0,0,0,1,0,1,1,0.25,30.932889918760676,1
27,1,0,0,1,1,0,1,0,1,0,1,0,0,0,1,0,1,1,0,1,1,1,0,1,1,1,0,1,0,0,0,0,1,0,1,1,0.2777777777777778,29.287644535854955,1
28,1,0,0,1,1,0,1,0,1,0,1,0,0,1,1,0,1,1,0,1,0,1,0,1,1,1,1,0,0,0,0,0,1,0,1,1,0.2777777777777778,19.02863224044871,1
29,1,1,0,1,1,0,1,0,1,0,1,0,0,0,1,0,1,1,0,1,1,1,1,1,1,1,1,0,0,0,0,0,1,0,1,1,0.2777777777777778,26.45636729168414,1
30,1,1,0,1,1,0,1,0,1,0,1,0,0,0,1,0,1,1,0,1,1,1,1,1,1,1,1,1,0,0,0,0,1,0,1,1,0.3333333333333333,33.268617460621115,1
31,1,0,1,0,0,1,0,1,0,1,0,1,1,1,0,1,0,0,1,0,0,1,1,1,0,0,0,1,1,1,1,1,0,1,1,0,0.3333333333333333,25.67000121315661,1
32,0,0,1,0,0,1,0,1,0,1,0,1,1,1,0,1,0,0,0,0,1,1,1,1,0,0,0,1,1,1,1,1,0,0,0,1,0.3055555555555556,22.885555054948803,1
33,0,0,1,0,0,1,0,1,0,1,0,1,1,1,0,1,0,0,1,0,1,1,1,1,0,0,0,0,1,1,1,1,0,1,1,1,0.3888888888888889,36.62137026378811,1
34,1,0,0,1,1,0,1,0,1,0,1,0,0,0,1,0,0,1,0,1,1,0,0,1,1,1,1,0,0,0,0,0,1,0,0,1,0.2222222222222222,12.74245552162622,1
35,0,1,0,1,1,0,1,0,1,0,1,0,0,0,1,0,1,1,0,1,1,1,0,1,1,1,1,0,0,0,0,0,1,0,1,1,0.19444444444444445,23.966354104448182,1
36,1,0,0,1,1,0,1,0,1,0,1,0,0,0,1,0,1,1,0,1,1,1,0,1,1,1,1,0,0,0,0,0,1,0,1,1,0.25,25.363763316548507,1
37,1,1,0,1,1,0,1,0,1,0,1,0,0,0,1,0,0,1,0,1,1,1,0,1,1,1,1,1,0,0,0,0,1,0,1,1,0.3055555555555556,29.433594151487345,1
38,1,1,0,1,1,0,1,0,1,0,1,0,0,0,1,0,0,1,0,1,0,1,0,1,1,1,1,1,0,0,0,0,1,0,1,1,0.16666666666666666,23.58261539832156,1
39,1,0,0,1,1,0,1,0,1,0,1,0,0,0,1,0,1,1,0,1,1,1,1,1,1,1,1,0,0,0,0,0,1,0,1,1,0.2777777777777778,30.44193056492449,1
40,1,1,0,1,1,0,1,0,1,0,1,0,0,0,1,0,0,1,0,1,0,1,0,1,1,1,1,0,0,0,1,0,1,0,1,1,0.25,20.161040572909545,1
41,1,1,0,1,1,0,1,0,1,0,1,0,0,0,1,0,1,1,0,1,1,1,1,1,1,1,1,1,0,0,0,0,1,0,1,1,0.3055555555555556,33.268617460621115,1
42,0,1,0,1,1,0,1,0,1,0,1,0,0,0,1,0,0,1,0,1,1,0,0,1,1,1,0,1,0,0,0,0,1,0,1,1,0.2777777777777778,16.817232497292423,1
43,0,0,1,0,0,1,0,1,0,1,0,1,1,1,0,1,0,0,1,0,1,1,0,1,0,0,0,1,1,1,1,1,0,1,0,1,0.2222222222222222,31.89312155636304,1
44,0,0,1,0,0,1,0,1,0,1,0,1,1,1,0,1,0,0,1,0,0,1,1,1,0,0,0,1,1,1,1,1,0,1,0,1,0.3333333333333333,31.872434447726306,1
45,1,1,0,1,1,0,1,0,1,0,1,0,0,0,1,0,1,1,0,1,1,1,0,1,1,0,1,0,0,0,0,0,1,0,1,1,0.2222222222222222,14.748772504349446,1
46,1,1,0,1,1,0,1,0,1,0,1,0,0,0,1,0,1,1,0,1,1,0,0,1,1,1,1,0,0,0,0,0,1,0,1,1,0.2222222222222222,14.118867521284306,1
47,1,0,0,1,1,0,1,0,1,0,1,0,0,0,1,0,0,1,0,1,1,0,0,1,1,1,1,1,0,0,0,0,1,0,1,1,0.3333333333333333,21.472082591278106,1
48,1,0,0,1,1,0,1,0,1,0,1,0,0,0,1,0,1,1,0,1,0,1,1,1,1,1,1,1,0,0,0,0,1,0,1,1,0.3333333333333333,32.15713821925526,1
49,1,1,0,1,1,0,1,0,1,0,1,0,0,0,1,0,1,1,0,1,1,1,1,1,1,1,1,1,0,0,0,0,1,0,1,1,0.3333333333333333,33.268617460621115,1
50,0,0,1,0,0,1,0,1,0,1,0,1,1,1,0,1,1,0,1,0,0,1,0,1,0,0,0,1,1,1,1,1,0,1,1,0,0.3611111111111111,22.127889971291882,1
51,1,0,0,1,1,0,1,0,1,0,1,0,0,0,1,0,0,1,0,1,1,1,0,1,1,1,1,1,0,0,0,0,1,0,1,1,0.3055555555555556,35.2819249426866,1
52,1,1,0,1,1,0,1,0,1,0,1,0,0,0,1,0,0,1,0,1,1,0,1,1,1,1,1,0,0,0,0,0,1,0,1,1,0.25,16.085170519791987,1
53,1,0,0,1,1,0,1,0,1,0,1,0,0,0,1,0,1,1,0,1,1,1,0,1,1,1,1,0,0,0,0,0,1,0,1,0,0.25,19.911883349632973,1
54,1,0,0,1,1,0,1,0,1,0,1,0,0,0,1,0,0,1,0,1,1,1,0,1,1,1,0,1,0,0,0,0,1,0,1,1,0.3055555555555556,30.858041486182504,1
55,1,0,0,1,1,0,1,0,1,0,1,0,0,0,1,0,1,1,0,1,0,0,0,1,1,1,0,1,0,0,0,0,1,0,1,1,0.2222222222222222,13.761883845802007,1
56,1,0,0,1,1,0,1,0,1,0,1,0,0,0,1,0,1,0,0,1,1,1,0,1,1,1,0,1,0,0,0,0,1,0,0,1,0.2777777777777778,28.200789384938073,1
57,0,0,1,0,0,1,0,1,0,1,0,1,1,1,0,1,0,0,1,0,0,1,0,1,0,0,0,1,1,1,1,1,0,1,1,0,0.2777777777777778,22.893173313864104,1
58,1,0,0,1,1,0,1,0,1,0,1,0,0,0,1,0,1,1,0,1,1,1,0,1,1,1,1,1,0,0,0,0,1,0,0,1,0.3055555555555556,29.482167640403684,1
59,0,0,1,0,0,1,0,1,0,1,0,1,1,1,0,1,1,0,1,0,0,1,1,1,0,0,0,1,1,1,1,1,0,0,1,0,0.2777777777777778,18.879649462288565,1
60,1,0,0,1,1,0,1,0,1,0,1,0,0,1,1,0,1,1,0,1,1,1,0,1,1,1,1,0,0,0,0,0,1,0,1,1,0.2777777777777778,23.255185603346042,1
61,0,0,0,0,0,1,0,1,0,1,0,1,1,1,0,1,0,0,0,0,0,1,1,1,0,0,0,1,1,1,1,1,0,1,1,0,0.2222222222222222,25.14545729638395,1
62,1,0,0,1,1,0,1,0,1,0,1,0,0,0,1,0,0,1,0,1,1,1,0,1,1,1,1,1,0,0,0,0,1,0,1,1,0.25,35.2819249426866,1
63,1,0,0,1,1,0,1,0,1,0,1,0,0,0,1,0,1,1,0,1,0,1,0,1,1,1,0,1,0,0,0,0,1,0,1,1,0.2777777777777778,23.445724305837306,1
64,0,0,1,0,0,1,0,1,0,1,0,1,1,1,0,1,0,0,1,0,0,1,1,1,0,0,0,1,1,1,1,1,0,1,1,0,0.3333333333333333,27.175505561155443,1
65,1,1,0,1,1,0,1,0,1,0,1,0,0,0,1,0,1,1,0,1,1,1,1,1,1,1,0,1,0,0,0,0,1,0,1,1,0.3611111111111111,29.862492376152634,1
66,1,0,0,1,1,0,1,0,1,0,0,0,0,0,1,0,1,1,0,1,1,1,0,1,1,1,1,0,0,0,0,0,1,0,1,1,0.2777777777777778,28.1291557305577,1
67,0,0,1,0,0,1,0,1,0,1,0,1,1,1,0,1,0,0,1,0,0,1,0,1,0,0,0,1,1,1,1,1,0,1,0,0,0.3055555555555556,20.97766980002949,1
68,1,1,0,1,1,0,1,0,0,0,1,0,0,0,1,0,0,1,0,1,1,0,1,1,1,1,1,1,0,0,0,0,1,0,1,1,0.3611111111111111,24.390203627588406,1
69,0,0,1,0,0,1,0,1,0,1,0,1,1,1,1,1,0,0,1,0,1,1,0,1,0,0,0,0,1,1,1,1,0,1,1,0,0.3055555555555556,24.535402849346433,1
70,1,0,0,1,1,0,1,0,1,0,1,0,0,0,1,0,0,1,0,1,1,1,0,1,1,1,0,1,0,0,0,0,1,0,1,1,0.2777777777777778,30.858041486182504,1
71,0,0,1,0,0,1,0,1,0,1,0,1,1,1,0,1,0,0,1,0,0,1,1,1,0,0,0,1,1,1,1,1,0,1,1,0,0.3611111111111111,27.175505561155443,1
72,0,0,0,1,1,0,1,0,1,0,1,0,0,0,1,0,0,1,0,1,1,0,0,1,1,1,0,1,0,0,0,0,1,0,0,1,0.2777777777777778,18.17910813116227,1
73,1,0,0,1,1,0,1,0,1,0,0,0,0,0,1,0,0,1,0,1,0,1,0,1,1,1,0,1,0,0,0,0,1,0,0,1,0.2777777777777778,23.851930892819386,1
74,0,0,1,0,0,1,0,1,0,1,1,1,1,1,0,1,0,0,0,0,1,1,1,1,0,0,0,1,1,1,1,1,0,1,1,0,0.3333333333333333,27.54844742424595,1
75,0,0,1,0,0,1,0,1,0,1,0,1,1,1,1,1,0,0,0,0,0,1,1,1,0,0,0,0,1,1,1,1,0,0,1,0,0.25,18.946482570143992,1
76,1,1,0,1,1,0,1,0,1,0,1,0,0,0,1,0,1,1,0,1,1,1,0,1,1,0,1,0,0,0,0,0,1,0,1,1,0.2777777777777778,14.748772504349446,1
77,1,1,0,1,1,0,1,0,1,0,1,0,0,0,1,0,1,1,0,1,1,1,0,1,1,0,1,0,0,0,0,0,1,0,1,1,0.25,14.748772504349446,1
78,0,0,1,0,0,1,0,1,0,1,0,1,1,1,0,1,0,0,1,0,1,1,1,1,0,0,0,0,1,1,1,1,0,1,1,1,0.3888888888888889,36.62137026378811,1
79,1,1,0,1,1,0,1,0,1,0,1,0,0,0,1,0,1,1,0,1,0,1,0,1,1,1,0,1,0,0,0,0,1,0,1,1,0.3055555555555556,20.67809212080556,1
80,0,1,0,1,1,0,1,0,1,0,1,0,0,0,1,0,0,0,0,1,0,0,1,1,1,1,1,1,0,0,0,0,1,0,0,1,0.2777777777777778,18.472237134530342,1
81,1,1,0,1,1,0,1,0,1,0,1,0,0,0,1,0,1,1,0,1,1,1,1,1,1,0,1,0,0,0,0,0,1,0,1,1,0.3333333333333333,17.395128677807826,1
82,0,0,1,0,0,1,0,1,0,1,0,1,1,1,0,1,0,0,0,0,0,1,0,1,0,0,0,0,1,1,1,1,0,1,1,0,0.3611111111111111,19.128935290303385,1
83,0,1,0,1,1,0,1,0,1,0,1,0,0,0,0,0,1,1,0,1,1,0,0,1,1,1,1,0,0,0,0,0,1,0,1,1,0.3055555555555556,15.618012442362753,1
84,1,1,0,1,1,0,1,0,1,0,1,0,0,0,1,0,1,1,0,1,1,1,0,1,1,1,1,1,0,0,0,0,1,0,0,1,0.25,26.066813687063206,1
85,1,1,0,1,1,0,1,0,1,0,1,0,0,0,1,0,0,1,0,1,1,1,0,1,1,0,1,0,0,0,0,0,1,0,1,1,0.25,13.818263430300275,1
86,1,0,0,1,1,0,1,0,1,0,1,0,0,1,1,0,1,1,0,1,1,1,0,1,1,1,0,1,0,0,0,0,1,0,0,1,0.25,24.0101269066044,1
87,1,0,0,1,1,0,1,0,1,0,1,0,0,0,1,0,1,1,0,1,1,0,0,1,1,0,1,1,0,0,0,0,1,0,1,1,0.3333333333333333,12.041326636661772,1
88,0,1,0,1,1,0,1,0,1,0,1,0,0,0,1,0,1,1,1,1,1,1,0,1,1,0,1,0,0,0,0,0,1,0,1,0,0.2222222222222222,15.555941531201183,1
89,1,0,1,0,0,1,0,1,0,1,0,1,1,1,0,1,0,0,0,0,0,1,1,1,0,0,0,0,1,1,1,1,0,1,1,0,0.3333333333333333,21.80143398900486,1
90,0,0,0,1,1,0,1,0,1,0,1,0,0,0,1,0,1,1,0,1,1,1,0,1,0,1,1,0,0,0,0,0,1,0,1,1,0.25,23.32874285652487,1
91,0,1,0,1,1,0,1,0,1,0,1,0,0,0,1,0,1,1,0,1,1,0,0,1,1,1,1,0,0,0,0,0,1,0,1,0,0.25,12.628077862043146,1
92,1,1,0,1,1,0,1,0,0,0,1,0,0,0,1,0,1,1,0,1,1,0,0,1,1,1,1,1,0,0,0,0,1,0,1,1,0.2777777777777778,19.4054040088503,1
93,1,0,0,1,1,0,1,0,1,0,1,0,0,0,1,0,0,1,0,1,1,0,0,1,1,1,1,0,0,0,0,0,1,0,0,1,0.2777777777777778,12.74245552162622,1
94,1,1,0,1,1,0,1,0,1,0,1,0,0,0,1,0,1,1,0,1,1,1,1,1,1,1,1,1,0,0,0,0,1,0,1,1,0.3888888888888889,33.268617460621115,1
95,1,1,0,1,1,0,1,0,1,0,1,0,0,0,1,0,1,1,1,1,0,1,0,1,1,1,0,1,0,0,0,0,1,0,1,1,0.3888888888888889,25.215807495405944,1
96,0,1,0,1,1,0,1,0,1,0,1,0,0,0,1,0,0,1,1,1,0,0,1,1,1,0,1,0,0,0,0,0,1,0,1,0,0.16666666666666666,7.517606389997225,1
97,0,0,0,1,1,0,1,0,1,0,1,0,0,0,1,0,0,1,0,1,0,0,0,1,1,1,0,1,0,0,0,0,1,0,1,1,0.2777777777777778,16.66196899501909,1
98,1,1,0,1,1,0,1,0,1,0,1,0,0,0,1,0,0,1,0,1,1,0,1,1,0,1,0,1,0,0,0,0,1,0,1,1,0.3333333333333333,15.142933287473188,1
99,1,0,0,1,1,0,1,0,1,0,1,0,0,0,1,0,0,1,0,1,0,1,0,1,1,1,1,1,0,0,0,0,1,0,1,1,0.3055555555555556,28.37700376698235,1
