,0,1,2,3,4,5,6,7,8,9,10,11,12,13,14,15,16,17,18,19,20,21,22,23,24,25,26,27,28,29,30,31,32,33,34,35,chain_break_fraction,energy,num_occurrences
0,1,1,0,1,1,0,0,0,1,0,1,1,0,0,0,0,0,1,1,0,0,0,1,0,1,0,0,1,1,0,0,1,1,1,0,0,0.19444444444444445,11.486904011512607,1
1,1,1,0,1,0,0,0,0,1,0,1,1,1,0,1,0,0,1,1,0,0,0,1,0,1,0,0,1,1,0,1,1,1,1,0,0,0.19444444444444445,13.926469471005044,1
2,1,1,0,1,1,0,0,0,1,0,1,1,0,0,0,0,0,1,1,0,0,0,1,0,1,0,0,1,1,0,0,1,1,1,0,0,0.2777777777777778,11.486904011512607,1
3,1,1,0,1,1,0,0,0,1,0,0,1,0,0,0,0,0,1,1,0,0,0,1,0,1,0,0,1,0,0,0,1,1,1,0,0,0.2222222222222222,10.451291665533919,1
4,1,1,0,1,1,0,0,0,1,0,1,1,0,0,1,0,0,0,1,0,0,0,1,0,1,0,1,1,0,0,0,1,1,1,0,0,0.16666666666666666,10.728431372023591,1
5,1,1,0,1,0,0,0,0,1,0,1,1,0,0,1,0,0,1,1,0,0,0,1,0,1,0,0,1,0,0,0,1,1,1,0,0,0.2777777777777778,12.256848102449625,1
6,1,1,0,1,1,0,0,0,1,0,1,1,0,0,0,0,0,1,1,0,0,0,1,0,1,0,0,1,1,0,0,1,1,1,0,0,0.25,11.486904011512607,1
7,1,1,0,1,0,0,0,0,1,0,1,1,0,0,1,0,0,1,1,0,0,0,1,0,1,0,0,1,0,0,1,1,1,1,0,0,0.2222222222222222,13.471712320044903,1
8,1,1,0,1,1,0,0,0,1,0,1,1,0,0,1,0,0,1,1,0,0,0,1,0,1,0,0,1,0,0,0,1,1,1,0,0,0.25,13.267462246225222,1
9,1,1,0,1,0,0,0,0,1,0,1,1,0,0,1,0,0,1,1,0,0,0,1,0,1,0,0,1,0,0,1,1,1,1,0,0,0.25,13.471712320044903,1
10,1,1,0,1,1,0,0,0,1,0,0,1,1,0,0,0,0,1,1,0,0,0,1,0,1,0,0,1,0,0,0,1,1,1,0,0,0.2777777777777778,11.473796781057356,1
11,1,1,1,1,1,0,0,0,1,1,1,1,0,0,0,0,0,1,1,0,0,0,1,0,1,0,0,1,0,0,0,1,1,1,0,0,0.25,23.05658597978768,1
12,1,1,0,1,1,0,0,0,1,0,0,1,1,0,0,0,0,1,1,0,0,0,1,0,1,0,0,1,1,0,0,1,1,1,0,0,0.2777777777777778,10.896308911098426,1
13,1,1,0,1,1,0,0,0,1,0,1,1,1,0,0,0,0,1,1,0,0,0,1,0,1,0,1,1,0,0,0,1,1,1,0,0,0.2222222222222222,14.524600587413968,1
14,1,1,0,1,0,0,0,0,1,1,0,1,0,0,1,0,0,0,1,0,0,0,0,0,1,0,0,1,0,0,0,1,1,1,0,0,0.16666666666666666,12.080040700084876,1
15,1,1,0,1,1,0,0,0,0,0,1,1,0,0,1,0,0,1,1,0,0,0,0,0,1,0,0,1,0,0,1,1,1,1,0,0,0.19444444444444445,12.342580646678035,1
16,1,1,1,1,1,0,0,0,1,1,1,0,1,0,0,0,0,1,1,0,0,0,1,0,1,0,0,1,0,0,0,1,1,1,0,0,0.2777777777777778,18.560790767204917,1
17,1,1,0,1,1,0,0,0,1,0,1,1,0,0,0,0,0,1,1,0,0,0,0,0,1,0,1,1,1,0,0,1,1,1,0,0,0.2777777777777778,12.627754066733585,1
18,1,1,1,1,1,0,0,0,1,0,1,1,0,0,0,0,0,1,1,0,0,0,1,0,1,0,0,1,0,0,1,1,1,1,0,0,0.25,15.258217236520231,1
19,1,0,0,1,1,0,0,0,1,1,1,1,0,0,1,0,0,1,1,0,0,0,1,0,1,0,0,1,1,0,0,1,1,1,0,0,0.25,15.963465630974575,1
20,1,1,0,1,1,0,0,0,1,0,0,1,0,0,0,0,0,1,1,0,0,0,0,0,1,0,0,1,1,0,1,1,1,1,0,0,0.2222222222222222,11.536431604439516,1
21,1,1,1,1,1,0,0,0,1,1,1,1,1,0,1,0,0,1,1,0,1,0,1,0,1,0,0,1,1,0,0,1,1,1,0,0,0.2777777777777778,25.16277428908024,1
22,1,1,1,1,0,0,0,0,1,1,1,1,1,0,0,0,0,1,1,0,0,0,1,0,1,0,0,1,0,0,1,1,1,1,0,0,0.25,23.43733773041693,1
23,1,1,0,1,0,0,0,0,1,0,0,1,1,0,0,0,0,1,1,0,0,0,1,0,1,0,0,1,0,0,0,1,1,1,0,0,0.25,10.967692408642757,1
24,1,1,1,1,0,0,0,0,1,0,0,1,1,0,0,0,0,1,1,0,0,0,1,0,1,0,0,1,1,0,0,1,1,1,0,0,0.2777777777777778,12.205206680652903,1
25,1,1,1,1,1,0,0,0,1,0,0,0,1,0,1,0,0,1,1,0,0,0,1,0,1,0,0,1,1,0,1,1,1,1,0,0,0.19444444444444445,12.469126110549242,1
26,0,1,0,0,0,1,1,1,0,0,0,0,0,1,0,1,1,1,0,1,0,0,0,1,0,1,0,0,1,1,0,0,0,0,1,1,0.2777777777777778,13.394743225769535,1
27,1,1,1,1,1,0,0,0,1,0,1,1,1,0,1,0,0,0,1,0,0,0,1,0,1,0,1,1,1,0,0,1,1,1,0,0,0.2222222222222222,12.527335420286617,1
28,1,1,0,1,1,0,0,0,1,1,1,0,1,0,0,0,0,1,1,0,0,0,1,0,1,0,0,1,0,0,1,1,1,1,0,0,0.2222222222222222,15.510574394714542,1
29,1,1,0,1,1,0,0,0,1,0,0,1,1,0,0,0,0,1,1,0,0,0,1,0,1,0,0,1,0,0,0,1,1,1,0,0,0.2777777777777778,11.473796781057356,1
30,1,0,0,1,0,0,0,0,1,0,1,1,1,0,0,0,0,1,1,0,0,0,1,0,1,0,0,1,0,0,0,1,1,1,0,0,0.25,12.315981596223239,1
31,1,1,0,1,1,0,0,0,1,1,1,1,1,0,1,0,0,1,1,0,0,0,1,0,1,0,0,1,1,0,1,1,1,1,0,0,0.2777777777777778,21.05703987431831,1
32,1,1,0,1,1,0,0,0,1,1,0,1,1,0,0,0,0,1,1,0,0,0,1,0,1,0,0,1,1,0,0,1,1,1,0,0,0.3055555555555556,16.511850430953046,1
33,1,1,0,1,1,0,0,0,0,0,1,1,0,0,1,0,0,1,1,0,0,0,1,0,1,0,0,1,0,0,0,1,1,1,0,0,0.3055555555555556,11.504646156544533,1
34,1,0,1,1,1,0,0,0,1,0,1,1,0,0,0,0,0,1,1,0,0,0,1,0,1,0,0,1,0,0,0,1,1,1,0,0,0.2777777777777778,13.227912905716243,1
35,1,1,1,1,1,0,0,0,1,0,1,1,0,0,0,0,0,0,1,0,0,0,1,0,1,0,0,1,0,0,0,1,1,1,0,0,0.3055555555555556,10.289955058610504,1
36,1,0,1,1,0,0,0,0,1,0,1,1,1,0,1,0,0,0,1,0,0,0,1,0,1,0,0,1,0,0,1,1,1,1,0,0,0.25,12.873740363527903,1
37,1,1,0,1,1,0,0,0,0,1,1,1,0,0,0,0,0,1,1,0,0,0,1,0,1,0,0,1,0,0,0,1,1,1,0,0,0.2222222222222222,15.543937102215928,1
38,1,1,0,1,1,0,0,0,1,0,1,0,1,0,1,0,0,1,1,0,0,0,0,0,1,0,0,1,0,0,0,1,1,1,0,0,0.2777777777777778,9.90687132709987,1
39,1,1,1,1,1,0,0,0,1,0,1,0,1,0,1,0,0,1,1,0,0,0,1,0,1,0,0,1,0,0,0,1,1,1,0,0,0.3055555555555556,11.931591282357706,1
40,1,1,0,1,1,0,0,0,1,1,1,1,1,0,0,0,0,1,1,0,0,0,1,0,1,0,1,1,0,0,0,1,1,1,0,0,0.2777777777777778,21.139623559980322,1
41,1,1,0,1,1,0,0,0,0,0,1,1,1,0,0,0,0,0,1,0,0,0,0,0,1,0,0,1,0,0,0,1,1,1,0,0,0.2222222222222222,7.930144713556537,1
42,1,1,0,1,0,0,0,0,0,1,1,1,0,0,1,0,0,1,1,0,0,0,1,0,1,0,1,1,0,0,0,1,1,1,0,0,0.25,16.234268232721597,1
43,1,1,1,1,0,0,0,0,1,0,1,0,1,0,0,0,0,0,1,0,0,0,1,0,1,0,0,1,0,0,0,1,1,1,0,0,0.25,9.028192142582038,1
44,0,1,0,0,0,1,1,1,0,0,0,0,0,1,0,1,1,1,0,1,0,0,0,1,0,1,0,0,1,1,0,0,0,0,1,1,0.25,13.394743225769535,1
45,1,1,0,1,1,0,0,0,1,1,1,0,1,0,1,0,0,0,1,0,0,0,1,0,1,0,0,1,1,0,0,1,1,1,0,0,0.19444444444444445,11.51311955736249,1
46,1,0,0,1,1,0,0,0,0,0,1,1,1,0,0,0,0,1,1,0,0,0,1,0,1,0,0,1,0,0,1,1,1,1,0,0,0.25,13.961019002561391,1
47,1,1,1,1,0,0,0,0,0,0,1,1,0,0,1,0,0,1,1,0,0,0,0,0,1,0,0,1,0,0,1,1,1,1,0,0,0.2222222222222222,13.188722741291468,1
48,1,1,0,1,1,0,0,0,1,0,1,1,1,0,0,0,0,1,1,0,1,0,1,0,1,0,0,1,0,0,1,1,1,1,0,0,0.25,15.989877859795548,1
49,1,1,1,1,1,0,0,0,1,0,1,1,1,0,0,0,0,1,1,0,0,0,1,0,1,0,0,1,0,0,1,1,1,1,0,0,0.2777777777777778,16.83211207369713,1
50,1,1,0,1,1,0,0,0,1,0,0,0,0,0,0,0,0,1,1,0,0,0,0,0,1,0,0,1,0,0,1,1,1,1,0,0,0.25,9.761117020331557,1
51,1,1,1,1,1,0,0,0,1,1,0,1,0,0,0,0,0,1,1,0,0,0,1,0,1,0,0,1,0,0,0,1,1,1,0,0,0.25,19.72026497904445,1
52,1,1,1,1,0,0,0,0,1,0,1,0,0,0,0,0,0,1,1,0,0,0,1,0,1,0,1,1,0,0,0,1,1,1,0,0,0.2777777777777778,12.128390302692416,1
53,1,1,0,1,1,0,0,0,1,1,1,0,0,0,1,0,0,0,1,0,0,1,0,0,1,0,0,1,0,0,0,1,1,1,0,0,0.16666666666666666,14.389899688969054,1
54,1,1,0,1,0,0,0,0,1,0,0,1,1,0,0,0,0,1,1,0,0,0,1,0,1,0,0,1,0,0,0,1,0,1,0,0,0.16666666666666666,10.795734264269653,1
55,1,1,0,1,1,0,0,0,1,0,1,1,0,0,1,0,0,0,1,0,0,0,0,0,1,0,0,1,0,0,0,1,1,1,0,0,0.25,8.790640421353555,1
56,1,1,0,1,1,0,0,0,1,0,0,0,1,0,1,0,0,1,1,0,0,0,1,0,1,0,1,1,0,0,1,0,1,1,0,0,0.2222222222222222,7.781006742873701,1
57,1,1,0,1,0,0,0,0,1,0,1,1,1,0,0,0,0,1,1,0,0,0,1,0,1,0,0,1,0,0,1,1,1,1,0,0,0.3055555555555556,14.014803271608159,1
58,1,1,1,1,1,0,0,0,1,1,1,1,1,0,0,0,0,1,1,0,1,0,1,0,1,0,0,1,1,0,0,1,1,1,0,0,0.3333333333333333,23.16683325781838,1
59,1,1,0,1,1,0,0,0,0,1,1,1,1,0,1,0,0,1,1,0,1,0,0,0,1,0,0,1,0,0,1,1,1,1,0,0,0.2222222222222222,20.192115790950638,1
60,1,0,1,1,0,0,0,0,0,0,1,1,1,0,1,0,0,1,1,0,0,0,1,0,1,0,0,1,1,0,0,1,1,1,0,0,0.3055555555555556,12.002019355743705,1
61,1,1,1,1,0,0,0,0,1,0,1,1,0,0,1,0,0,1,1,0,0,0,0,0,1,0,0,1,0,0,0,1,1,1,0,0,0.3055555555555556,15.390208015056391,1
62,0,0,1,0,0,1,1,1,0,0,0,0,0,1,0,1,1,1,0,1,0,0,0,1,0,1,0,0,1,1,1,0,0,0,1,1,0.25,14.154500085125388,1
63,1,0,0,1,1,0,0,0,1,0,1,0,1,0,0,0,0,1,1,0,0,0,1,0,1,0,0,1,1,0,1,1,1,1,0,0,0.2222222222222222,14.298663932445754,1
64,0,0,0,0,0,1,1,1,0,0,0,0,0,1,0,1,1,1,0,1,1,0,0,1,0,1,1,0,1,1,0,0,0,0,1,1,0.25,18.612361160419294,1
65,1,1,0,1,1,0,0,0,1,0,1,1,1,0,0,0,0,1,1,0,0,0,0,0,1,0,1,1,1,0,0,1,1,1,0,0,0.3055555555555556,13.662622223566215,1
66,1,1,1,1,0,0,0,0,0,1,1,0,0,0,1,0,0,1,1,0,0,0,1,0,1,0,0,1,0,0,0,1,1,1,0,0,0.2777777777777778,13.118857368094954,1
67,1,1,0,1,1,0,0,0,1,0,1,0,1,0,0,0,0,0,1,0,0,0,1,0,1,0,1,1,0,0,1,0,1,1,0,0,0.2222222222222222,6.721646043749524,1
68,1,1,1,1,1,0,0,0,1,1,0,0,0,0,0,0,0,1,1,0,0,0,1,0,1,0,1,1,1,0,0,1,1,1,0,0,0.2777777777777778,16.921520115049596,1
69,1,0,0,1,0,0,0,0,1,1,1,0,0,0,1,0,0,1,1,0,0,0,1,0,1,0,0,1,0,0,0,1,1,1,0,0,0.2222222222222222,12.58974445113631,1
70,1,1,1,1,1,0,0,0,1,1,1,0,0,0,0,0,0,1,1,0,0,0,1,0,1,0,1,1,1,0,0,1,1,1,0,0,0.3611111111111111,17.012823730626252,1
71,1,0,0,1,1,0,0,0,1,0,1,0,0,0,0,0,0,1,1,0,0,0,0,0,1,0,0,1,0,0,1,1,1,1,0,0,0.2222222222222222,11.11078807509562,1
72,1,1,0,1,1,0,0,0,1,0,0,1,1,0,1,0,0,1,1,0,0,0,1,0,1,0,1,0,0,0,1,1,1,1,0,0,0.25,11.453649197301003,1
73,0,1,1,0,0,1,1,1,0,0,0,0,0,1,0,1,1,1,0,1,0,0,0,1,0,1,0,0,1,1,0,0,0,0,1,1,0.2777777777777778,13.98226071523247,1
74,0,0,1,0,1,1,1,1,0,0,0,0,0,1,0,1,1,1,0,1,1,0,0,1,0,1,0,0,0,1,0,0,0,0,1,1,0.2777777777777778,16.99970839113053,1
75,1,1,0,1,0,0,0,0,1,1,1,0,0,0,1,0,0,0,1,0,0,0,1,0,1,0,0,1,1,0,1,0,1,1,0,0,0.16666666666666666,8.409085890750095,1
76,1,1,1,1,1,0,0,0,0,0,0,1,0,0,1,0,0,1,1,0,0,0,1,0,0,0,0,1,0,0,1,1,1,1,0,0,0.25,13.035450802619803,1
77,0,0,1,0,0,0,1,1,0,0,0,0,0,1,1,1,1,1,0,1,0,0,0,1,0,1,0,0,1,1,1,0,0,0,1,0,0.2777777777777778,10.469171025753315,1
78,0,1,0,0,0,1,1,1,0,0,0,0,0,1,0,1,1,1,0,0,0,1,0,1,0,1,0,0,0,1,0,0,0,0,1,1,0.2222222222222222,17.75438560740222,1
79,1,1,0,1,0,0,0,0,0,0,1,1,1,0,0,0,0,0,1,0,0,0,1,0,1,0,1,0,0,0,0,1,1,1,0,0,0.1111111111111111,6.521655364194249,1
80,1,1,0,1,1,0,0,0,1,1,1,0,0,0,0,0,0,0,1,0,1,0,1,0,1,0,0,1,0,0,0,1,1,1,0,0,0.2222222222222222,12.963438435332728,1
81,0,0,0,0,0,1,1,1,0,0,0,0,0,1,0,1,1,1,0,1,1,0,0,1,0,1,0,0,0,1,1,0,0,0,1,1,0.3333333333333333,17.51027226422078,1
82,0,1,1,0,0,1,1,1,0,0,0,0,0,1,0,1,1,0,0,1,0,0,0,1,0,1,0,0,0,1,0,0,0,0,1,1,0.2222222222222222,10.648339269487215,1
83,0,1,0,0,0,1,1,1,0,0,0,0,0,1,0,1,1,1,0,1,0,1,0,1,0,1,0,0,0,1,1,0,0,0,1,0,0.19444444444444445,15.555442426535397,1
84,0,1,0,0,0,1,1,1,0,0,0,0,0,1,0,1,1,1,0,1,0,1,0,1,0,1,0,0,0,1,0,0,0,0,1,1,0.3333333333333333,18.205701041109517,1
85,1,1,0,1,1,0,0,0,0,0,1,0,1,0,1,0,1,0,1,0,0,0,1,0,1,0,0,1,0,0,1,0,1,1,0,0,0.16666666666666666,4.336854994170191,1
86,1,1,0,1,1,0,0,0,0,0,1,1,0,0,0,0,0,1,1,0,0,0,1,0,1,0,1,1,1,0,0,1,1,1,0,0,0.3333333333333333,13.171177524186753,1
87,1,1,1,1,1,0,0,0,0,0,1,0,1,0,0,0,0,1,1,0,0,0,0,0,1,0,0,1,0,0,1,1,1,1,0,0,0.19444444444444445,10.110528793178746,1
88,0,0,0,0,0,1,1,1,0,0,0,0,0,1,0,1,1,1,0,1,0,1,0,1,0,1,0,0,1,1,0,0,0,0,1,0,0.2777777777777778,16.097055233380804,1
89,1,1,1,1,1,0,0,0,1,1,1,0,1,0,0,0,0,1,1,0,0,0,1,0,1,0,1,1,0,0,0,1,1,1,0,0,0.3055555555555556,18.81808587909964,1
90,1,1,1,1,1,0,0,0,1,0,0,1,0,0,0,0,0,0,0,0,0,0,1,0,1,0,0,1,0,0,1,0,1,1,0,0,0.19444444444444445,7.6753517496251975,1
91,1,1,1,1,1,0,0,0,0,1,1,0,1,0,0,0,0,0,1,0,0,0,0,0,1,0,1,1,1,0,0,1,1,1,0,0,0.25,12.904216178824601,1
92,1,1,1,1,0,0,0,0,1,0,0,1,0,0,0,0,0,1,1,0,0,0,0,0,1,0,0,1,0,0,0,1,1,1,0,0,0.3611111111111111,11.557620254219442,1
93,0,0,1,0,0,1,1,1,0,0,0,0,0,1,1,1,1,0,0,1,1,0,0,1,0,1,0,0,1,1,1,0,0,0,0,1,0.25,13.809798966255189,1
94,0,1,0,0,0,1,1,1,0,0,0,0,0,1,0,1,1,1,0,1,0,1,0,1,0,1,0,0,1,1,1,0,0,0,0,1,0.25,17.397631168886953,1
95,1,0,1,1,0,0,0,0,0,0,1,0,1,0,0,0,0,1,1,0,0,0,1,0,1,0,1,1,0,0,1,1,1,1,0,0,0.2777777777777778,18.199936405265507,1
96,1,1,0,1,1,0,0,0,0,0,0,1,1,0,1,0,0,1,1,0,0,0,1,0,1,0,1,1,0,0,1,0,1,1,0,0,0.2777777777777778,9.639385884081616,1
97,1,1,1,1,0,0,0,0,1,0,1,1,1,0,0,0,0,0,1,0,0,0,1,0,1,0,0,1,0,0,1,1,1,1,0,0,0.3333333333333333,12.569605538893438,1
98,0,1,0,0,0,1,1,1,0,0,0,1,0,1,0,1,1,1,0,1,0,0,0,1,0,1,0,0,1,1,1,0,0,0,1,1,0.3611111111111111,17.18284445498027,1
99,1,1,0,1,0,0,0,0,1,0,1,1,1,0,0,0,0,1,1,0,0,1,1,0,1,0,0,1,0,0,0,1,1,1,0,0,0.19444444444444445,17.38011338931944,1
