,0,1,2,3,4,5,6,7,8,9,10,11,12,13,14,15,16,17,18,19,20,21,22,23,24,25,26,27,28,29,30,31,32,33,34,35,chain_break_fraction,energy,num_occurrences
0,0,1,0,0,0,1,0,1,0,0,1,0,0,1,0,1,1,1,1,0,1,0,0,1,0,1,0,1,0,0,0,1,0,0,1,0,0.25,19.52659186039908,1
1,0,1,0,0,0,1,1,1,0,0,1,0,0,1,0,1,1,1,1,0,1,0,0,1,0,1,0,1,0,0,0,1,0,0,1,0,0.25,23.026329783557316,1
2,0,1,0,0,0,1,0,1,1,0,1,0,0,1,0,1,1,1,1,0,1,0,1,1,0,1,0,1,0,0,0,1,0,0,0,0,0.25,21.761790224294025,1
3,0,1,0,0,0,1,0,1,1,0,1,0,0,1,0,1,1,1,1,0,1,0,0,1,0,1,0,1,0,0,0,1,0,0,0,0,0.3055555555555556,21.885298966511634,1
4,0,1,0,0,0,1,0,1,0,0,1,0,0,1,0,1,1,1,1,0,1,0,0,1,0,1,0,1,0,0,0,1,0,0,1,0,0.19444444444444445,19.52659186039908,1
5,0,1,0,0,0,0,0,1,1,0,1,0,0,1,0,1,1,1,1,0,1,0,0,1,0,1,0,1,0,0,0,1,0,0,0,0,0.2222222222222222,15.215100228990526,1
6,0,1,0,0,0,1,0,1,0,0,1,0,0,1,0,1,1,1,1,0,1,0,0,1,0,1,0,1,0,0,0,1,0,0,1,0,0.2222222222222222,19.52659186039908,1
7,0,1,0,0,0,0,0,1,1,0,1,0,0,1,0,1,1,1,1,0,1,0,1,1,0,1,0,1,0,0,0,1,0,0,0,0,0.2222222222222222,16.11091986453299,1
8,0,1,0,0,0,1,0,1,0,0,1,0,0,1,0,1,1,1,1,0,1,0,0,1,0,1,0,1,0,0,0,1,0,0,0,0,0.3055555555555556,20.021458674401337,1
9,0,1,0,0,0,1,0,0,0,0,1,0,0,1,0,1,1,1,1,0,1,0,0,1,0,1,0,0,0,0,0,1,0,0,0,0,0.25,14.487886535011045,1
10,0,1,0,0,0,0,0,1,1,0,1,0,0,1,0,1,1,1,1,0,1,0,0,1,0,1,0,1,0,0,0,1,0,0,0,0,0.2222222222222222,15.215100228990526,1
11,0,1,0,0,0,0,0,1,1,0,1,0,0,1,0,1,1,1,1,0,1,0,0,1,0,1,0,1,0,0,0,1,0,0,0,0,0.25,15.215100228990526,1
12,0,1,0,0,0,1,0,1,0,0,1,0,0,1,0,1,1,1,1,0,1,0,1,1,0,1,0,1,0,0,0,1,0,0,0,0,0.25,20.41846386631186,1
13,0,1,0,0,0,1,0,1,1,0,1,0,0,1,0,1,0,1,1,0,1,0,0,1,0,1,0,0,0,0,0,1,0,0,0,0,0.25,22.15798936566776,1
14,0,1,0,0,0,1,0,1,1,0,1,0,0,1,0,1,1,1,1,0,1,0,0,1,0,1,0,0,0,0,0,1,0,0,1,0,0.19444444444444445,22.777797862422272,1
15,0,1,0,0,0,1,0,1,1,0,1,0,0,1,0,1,1,1,1,0,1,0,1,1,0,1,0,0,0,0,1,1,0,0,0,0,0.19444444444444445,21.69887913062854,1
16,0,1,0,0,0,1,1,1,1,0,1,0,0,1,0,1,1,1,1,0,1,1,0,1,0,1,0,1,0,0,0,1,0,0,0,0,0.2777777777777778,24.004459534122198,1
17,0,1,0,0,0,1,1,1,1,0,1,0,0,1,0,1,1,1,1,0,1,0,1,1,0,1,0,1,0,0,0,1,0,0,0,0,0.3055555555555556,25.76068504813327,1
18,0,1,0,0,0,1,1,1,1,0,1,0,0,1,0,1,1,1,1,0,1,1,0,1,0,1,0,1,0,0,0,1,0,0,0,0,0.2777777777777778,24.004459534122198,1
19,0,1,0,0,0,1,0,1,0,0,1,0,0,1,0,1,1,1,1,0,1,0,0,1,0,1,0,1,0,0,0,1,0,0,0,0,0.2777777777777778,20.021458674401337,1
20,0,1,0,0,0,0,1,1,0,0,1,0,0,1,0,1,1,1,1,0,1,0,1,1,0,1,0,1,0,0,0,1,0,0,0,0,0.2222222222222222,17.46996800887977,1
21,0,1,0,0,0,1,0,0,0,0,1,0,0,1,0,1,1,1,1,0,1,0,0,1,0,1,0,0,0,0,1,1,0,0,0,0,0.2222222222222222,13.254385642049412,1
22,0,1,0,0,0,1,0,1,1,0,1,0,0,1,0,1,1,1,1,0,1,0,1,1,0,1,0,1,0,0,0,1,0,0,1,0,0.3055555555555556,21.530971916375197,1
23,0,1,0,0,0,0,0,0,1,0,1,0,0,1,0,1,1,1,1,0,1,0,0,1,0,1,0,0,0,0,0,1,0,0,0,0,0.19444444444444445,11.102044612787347,1
24,0,1,0,0,0,1,0,1,1,0,1,0,0,1,0,1,1,1,1,0,1,0,0,1,0,1,0,1,0,0,0,1,0,0,1,0,0.3611111111111111,20.873055285856566,1
25,0,1,0,1,0,1,0,0,0,0,1,0,0,1,0,1,1,1,1,0,1,0,0,1,0,1,0,0,0,0,0,1,0,0,0,0,0.2777777777777778,22.196098061233926,1
26,0,1,0,0,0,1,1,1,0,0,1,0,0,1,0,1,1,1,1,0,1,0,0,1,0,1,0,1,0,0,0,1,0,0,0,0,0.3055555555555556,24.021745637058117,1
27,0,1,0,0,0,1,0,1,1,0,1,0,0,1,0,1,1,1,1,0,1,0,1,1,0,1,0,1,0,0,0,1,0,0,0,0,0.3333333333333333,21.761790224294025,1
28,0,1,0,0,0,1,1,0,1,0,1,0,0,1,0,1,1,1,1,0,1,0,1,1,0,1,0,0,0,0,0,1,0,0,0,0,0.25,18.61369816549493,1
29,0,1,0,0,0,1,1,0,1,0,1,0,0,1,0,1,1,1,1,0,1,0,0,1,0,1,0,1,0,0,0,1,0,0,0,0,0.3333333333333333,17.3850119939173,1
30,0,1,0,0,0,1,0,1,0,0,1,0,0,1,0,1,1,1,1,0,1,0,0,1,0,1,0,1,0,0,0,1,0,0,0,0,0.3055555555555556,20.021458674401337,1
31,0,1,0,0,0,1,0,0,1,0,1,0,0,1,0,1,1,1,1,0,1,0,1,1,0,1,0,0,0,0,0,1,0,0,0,0,0.19444444444444445,15.591428294026777,1
32,0,1,0,0,0,0,1,0,1,0,1,0,0,1,0,1,0,1,1,0,1,0,0,1,0,1,0,0,0,0,0,1,0,0,0,0,0.2222222222222222,11.161437261465679,1
33,0,1,0,0,0,1,0,1,1,0,1,0,0,1,0,1,0,1,1,0,1,0,0,1,0,1,0,0,0,0,0,1,0,0,0,0,0.2222222222222222,22.15798936566776,1
34,0,1,0,0,0,1,0,1,1,0,1,0,0,1,0,1,1,1,1,0,1,0,1,1,0,1,0,1,0,0,0,1,0,0,1,0,0.3611111111111111,21.530971916375197,1
35,0,0,1,0,0,1,0,1,1,0,1,0,0,1,0,1,1,1,1,0,1,0,0,1,0,1,0,1,0,0,0,1,0,0,1,0,0.19444444444444445,17.40433152581275,1
36,0,1,0,0,0,0,0,0,0,0,1,0,0,1,0,1,1,1,1,0,1,0,0,1,0,1,0,0,0,0,0,1,0,0,0,0,0.25,10.233886068049195,1
37,0,1,0,0,0,1,0,1,0,0,1,0,0,1,0,1,1,1,1,0,1,1,1,1,0,1,0,0,0,0,0,1,0,0,0,0,0.2222222222222222,19.914148750030925,1
38,0,1,0,0,0,1,1,0,1,0,1,0,0,1,0,1,1,1,1,0,1,0,1,1,0,1,0,0,0,0,1,1,0,0,0,0,0.25,17.18829678297488,1
39,0,1,0,0,0,1,0,0,1,0,1,0,0,1,0,1,1,1,1,0,0,0,0,1,0,1,0,1,0,0,0,1,0,0,1,0,0.19444444444444445,16.06134534733664,1
40,0,1,0,0,0,1,1,1,1,0,1,0,0,1,0,1,1,1,1,0,1,0,0,1,0,1,0,1,0,0,1,1,0,0,0,0,0.3333333333333333,25.114863010197226,1
41,0,1,0,0,0,0,0,0,1,0,1,0,0,1,0,1,1,1,1,0,0,0,0,1,0,1,0,0,0,0,0,1,0,0,0,0,0.2777777777777778,12.783159024207153,1
42,0,1,0,0,0,1,0,1,1,0,1,0,0,1,0,1,1,1,1,0,1,1,0,1,0,1,0,1,0,0,1,1,0,0,0,0,0.2777777777777778,20.751424870972304,1
43,0,1,0,0,0,1,1,1,0,0,1,0,0,1,0,1,0,1,1,0,1,0,1,1,0,1,0,0,0,0,0,1,0,0,0,0,0.2222222222222222,23.147510990094005,1
44,0,1,0,0,0,1,1,1,1,0,1,0,0,1,0,1,1,1,1,0,1,0,0,1,0,1,0,1,0,0,0,1,0,0,1,0,0.3333333333333333,24.872793218952356,1
45,0,1,0,0,0,0,1,1,1,0,1,0,0,1,0,1,1,1,1,0,1,0,0,1,0,1,0,0,0,0,0,1,0,0,1,0,0.2222222222222222,18.163659659617974,1
46,0,1,0,0,0,1,0,1,1,0,1,0,0,1,0,1,1,1,1,0,1,0,0,1,0,1,0,0,0,0,1,1,0,0,0,0,0.2777777777777778,22.64433437160592,1
47,0,1,0,0,0,1,0,1,1,0,1,0,0,1,0,1,1,1,1,0,1,1,0,1,0,1,0,1,0,0,0,1,0,0,0,0,0.3055555555555556,20.505902950599285,1
48,0,0,0,0,0,0,0,1,1,0,1,0,0,1,1,1,1,1,1,0,1,0,0,1,0,1,0,1,0,0,0,1,0,0,0,0,0.16666666666666666,11.689400430932531,1
49,0,1,0,0,0,1,0,1,1,0,1,0,0,1,0,1,0,1,1,0,1,0,0,1,0,1,0,0,0,0,0,1,0,0,0,0,0.2222222222222222,22.15798936566776,1
50,0,1,0,0,0,1,0,1,1,0,1,0,0,1,0,1,1,1,1,0,1,1,0,1,0,1,0,1,0,0,0,1,0,0,1,0,0.19444444444444445,20.494062652370406,1
51,0,1,0,0,0,1,0,0,1,0,1,0,0,1,0,1,1,1,1,0,1,0,0,1,0,1,0,1,0,0,0,1,0,0,1,0,0.2222222222222222,14.873579419664967,1
52,0,0,0,0,0,0,0,1,1,0,1,0,0,1,0,1,1,1,1,0,1,0,1,1,0,1,0,1,0,0,0,1,0,0,0,0,0.1388888888888889,12.11464090350231,1
53,0,1,0,0,0,1,0,1,1,0,1,0,0,1,0,1,0,1,1,0,1,0,1,1,0,1,0,0,0,0,0,1,0,0,0,0,0.25,20.98596005045048,1
54,0,1,0,0,0,0,1,1,1,0,1,0,0,1,0,1,1,1,1,0,1,0,0,1,0,1,0,1,0,0,0,1,0,0,1,0,0.25,17.412386357522994,1
55,0,1,0,0,0,0,0,1,0,0,1,0,0,1,0,1,1,1,1,0,1,0,0,1,0,1,0,0,0,0,0,1,0,0,0,0,0.3055555555555556,14.688168152466181,1
56,0,0,0,0,0,0,1,1,0,0,1,0,0,1,0,1,1,1,1,0,1,0,0,1,0,1,0,1,0,0,0,1,0,0,0,0,0.16666666666666666,11.553657377785902,1
57,0,1,0,0,0,1,0,0,1,0,0,0,0,1,0,1,1,1,1,0,1,0,0,1,0,1,0,0,0,0,0,1,0,0,0,0,0.3055555555555556,13.960022244310975,1
58,0,1,0,0,0,1,0,1,1,0,1,0,0,1,0,1,0,1,1,0,1,0,0,1,0,1,0,1,0,0,0,1,0,0,1,0,0.2777777777777778,19.98804709243864,1
59,0,0,0,0,0,1,0,0,1,0,1,0,0,1,0,1,1,1,1,0,1,0,0,1,0,1,0,0,0,0,1,1,0,0,0,0,0.2222222222222222,8.621875686996392,1
60,0,1,0,0,0,1,0,1,1,0,1,0,0,1,0,1,1,1,1,0,1,0,1,1,0,1,0,0,0,0,0,1,0,0,0,0,0.3333333333333333,23.635968036963064,1
61,0,1,0,0,0,1,0,1,0,0,1,0,0,1,0,1,1,1,1,0,1,1,0,1,0,1,0,1,0,0,0,1,0,0,0,0,0.2222222222222222,19.642087915567174,1
62,0,1,0,0,0,1,1,1,1,0,1,0,0,1,0,1,1,1,1,0,1,0,0,1,0,1,0,1,0,0,0,1,0,0,0,0,0.3888888888888889,26.385585939105972,1
63,0,1,0,0,0,1,1,1,1,0,0,0,0,1,0,1,1,1,1,0,1,0,0,1,0,1,0,1,0,0,0,1,0,0,1,0,0.2222222222222222,21.89962432722602,1
64,0,1,0,0,0,1,0,0,1,0,1,0,0,1,0,1,1,1,1,0,1,0,0,1,0,1,0,1,0,0,1,1,0,0,0,0,0.2777777777777778,15.149064663857573,1
65,0,1,0,0,0,0,0,1,0,0,1,0,0,1,0,1,1,1,1,0,1,0,0,1,0,1,0,1,0,0,0,1,0,0,0,0,0.25,14.351260593384733,1
66,0,1,0,0,0,1,1,0,1,0,1,0,0,1,0,1,0,1,1,0,1,0,1,1,0,1,0,0,0,0,0,1,0,0,0,0,0.19444444444444445,16.477030536901793,1
67,0,0,0,0,0,1,0,1,1,0,1,0,0,1,0,1,1,1,1,0,1,0,1,1,0,1,0,1,0,0,0,1,0,0,0,0,0.3055555555555556,15.753111425979485,1
68,1,1,0,0,0,0,0,1,0,0,1,0,0,1,0,1,1,1,1,0,1,0,1,1,0,1,0,0,0,0,0,1,0,0,0,0,0.19444444444444445,17.958752821221037,1
69,0,1,0,0,0,1,0,1,0,0,1,0,0,1,0,1,1,1,1,0,0,0,0,1,0,1,0,1,0,0,0,1,0,0,1,0,0.3055555555555556,21.216075548603087,1
70,0,1,0,0,0,0,1,0,1,0,1,0,0,1,0,1,1,1,1,0,1,0,0,1,0,1,0,0,0,0,0,1,0,0,0,0,0.3055555555555556,12.829185664933387,1
71,0,1,0,0,0,0,0,0,1,0,1,0,0,1,0,1,0,1,1,0,1,0,1,0,0,1,0,0,0,0,1,1,0,0,0,0,0.16666666666666666,8.450310411418231,1
72,0,1,0,0,0,1,0,1,0,0,1,0,0,1,0,1,1,1,1,0,1,0,1,1,0,1,0,1,0,0,0,1,0,0,0,0,0.3611111111111111,20.41846386631186,1
73,1,0,1,0,1,0,0,0,1,0,1,0,0,0,1,0,0,0,1,0,0,1,0,0,0,0,1,0,0,0,0,0,1,0,0,0,0.0,0.214843724994349,1
74,0,1,0,0,0,1,0,1,1,0,1,0,0,1,1,1,1,1,1,0,1,0,1,1,1,1,0,0,0,0,0,1,0,0,0,0,0.3055555555555556,25.389632677239653,1
75,0,1,0,0,0,1,0,0,0,0,1,0,0,1,0,0,0,1,1,0,1,0,0,1,0,1,0,0,0,0,0,1,0,0,0,0,0.19444444444444445,9.827551885800954,1
76,0,1,0,0,0,0,1,0,0,0,1,0,0,1,0,1,1,1,1,0,1,0,0,1,1,1,0,0,0,0,0,1,0,0,0,0,0.2777777777777778,11.218267867901782,1
77,0,1,0,0,0,0,0,0,1,0,1,0,0,1,0,1,1,1,1,0,1,0,1,0,0,1,0,0,0,0,0,1,0,0,0,0,0.3055555555555556,10.847333677254207,1
78,0,0,1,0,0,1,0,0,0,0,1,0,0,1,0,1,0,1,1,0,1,1,0,0,0,1,0,0,0,0,1,1,0,0,0,0,0.08333333333333333,8.461214976579393,1
79,0,1,0,0,0,1,1,0,1,0,0,0,0,1,0,1,1,1,1,0,0,0,1,1,0,1,0,0,0,0,0,1,0,0,0,0,0.2777777777777778,18.200838371193,1
80,0,1,0,0,1,0,0,0,1,0,1,0,0,1,0,1,1,1,1,0,0,0,0,1,0,1,0,0,0,0,1,1,0,0,0,0,0.2777777777777778,13.222136912732356,1
81,0,1,0,0,0,1,0,1,1,0,1,0,0,1,0,1,1,1,1,0,1,0,1,1,0,1,1,1,0,0,0,1,0,0,1,0,0.2777777777777778,22.40054712685211,1
82,0,0,0,0,0,1,0,0,1,0,0,0,0,1,0,1,1,1,1,0,1,0,1,1,0,1,0,0,0,0,0,1,0,0,1,0,0.16666666666666666,9.356750562481464,1
83,0,1,0,0,0,0,0,1,1,0,1,0,0,1,0,1,1,1,1,0,1,0,1,1,0,1,0,0,0,0,0,1,0,0,1,0,0.25,14.970419657729618,1
84,0,1,0,0,0,1,0,0,0,0,1,0,0,1,0,1,0,1,1,0,0,0,1,1,0,1,0,0,0,0,1,1,0,0,0,0,0.19444444444444445,14.214083610406075,1
85,0,0,1,0,0,0,0,0,1,0,1,0,0,1,1,1,0,1,1,0,1,0,0,1,0,1,0,0,0,0,0,1,0,0,0,0,0.1388888888888889,7.861419953014886,1
86,0,1,0,0,0,0,0,0,0,0,1,0,0,1,0,1,1,1,1,0,1,0,0,1,0,1,1,0,0,0,0,1,0,0,0,0,0.25,10.08880733613738,1
87,0,1,0,0,0,1,0,0,0,0,1,0,0,1,0,1,1,1,1,0,1,0,0,1,1,1,0,0,0,0,0,1,0,0,0,0,0.3333333333333333,13.744068717601783,1
88,0,1,0,0,0,0,1,1,1,0,1,0,0,1,0,1,0,1,1,0,1,0,0,1,0,1,0,0,0,0,0,1,1,0,0,0,0.2222222222222222,16.05285973513373,1
89,0,1,0,0,0,1,0,1,1,0,1,0,0,1,0,1,1,1,1,0,0,0,1,1,0,1,0,1,0,0,0,1,0,0,0,0,0.3333333333333333,23.94433252733706,1
90,0,1,0,0,0,0,0,0,1,0,1,0,0,1,0,1,1,1,1,0,1,0,0,1,0,1,0,1,0,0,0,1,0,0,0,0,0.3055555555555556,11.807568219956236,1
91,0,1,0,0,0,1,0,0,0,0,1,0,0,1,0,1,1,1,1,0,1,0,1,1,0,1,0,0,0,0,1,1,0,0,0,0,0.2777777777777778,13.832228632710386,1
92,0,0,0,0,0,0,0,0,1,0,1,0,1,1,0,1,1,1,1,0,1,0,0,1,0,1,0,0,0,0,0,1,0,0,0,0,0.2777777777777778,7.608987377488424,1
93,0,1,1,0,0,0,0,0,1,0,0,0,0,1,0,1,0,1,1,0,0,0,1,0,0,1,0,0,1,0,0,1,0,0,0,0,0.16666666666666666,9.59281366709033,1
94,0,0,0,0,0,1,0,1,0,0,1,0,0,1,0,1,1,1,1,0,1,0,0,1,0,1,0,0,0,0,0,1,0,0,1,0,0.25,13.418325246450657,1
95,1,0,0,0,1,0,1,0,1,0,0,1,0,0,1,0,0,0,0,0,0,0,1,1,1,0,1,0,0,0,1,0,1,0,0,0,0.027777777777777776,4.469742438762555,1
96,0,0,0,0,0,1,1,0,1,0,1,0,1,1,0,1,1,1,1,0,1,1,0,1,1,1,0,0,0,0,1,1,0,0,0,0,0.2222222222222222,13.38805000744773,1
97,0,1,0,0,0,0,1,0,1,0,1,0,0,1,0,1,1,1,1,0,1,0,0,1,0,1,0,1,0,0,0,1,0,0,0,0,0.3333333333333333,12.511334224473366,1
98,0,1,0,0,0,1,0,0,0,0,1,0,0,1,0,1,1,1,1,0,1,0,1,1,1,0,0,0,0,0,0,1,0,0,0,0,0.25,14.453469140232507,1
99,0,1,0,0,0,1,0,1,1,0,1,0,0,1,0,1,0,1,1,0,1,0,0,1,1,1,0,0,0,0,0,1,0,0,0,0,0.3055555555555556,20.412305837223336,1
