,0,1,2,3,4,5,6,7,8,9,10,11,12,13,14,15,16,17,18,19,20,21,22,23,24,25,26,27,28,29,30,31,32,33,34,35,chain_break_fraction,energy,num_occurrences
0,0,1,0,0,0,1,0,0,0,1,1,1,0,1,1,0,0,1,0,0,0,0,1,0,1,0,1,1,0,1,0,0,0,0,1,0,0.3333333333333333,18.344297831236606,3
1,0,1,0,0,0,1,0,0,0,1,1,1,0,1,1,0,0,1,0,0,0,0,1,0,1,0,1,1,0,1,0,0,0,0,1,0,0.3055555555555556,18.344297831236606,2
2,0,0,0,0,0,1,0,0,0,1,1,1,0,1,1,0,0,1,0,0,0,0,1,0,1,0,1,1,0,1,0,0,0,0,1,0,0.2777777777777778,11.881828592512303,1
3,0,1,0,0,0,1,0,0,0,1,1,1,0,1,1,0,0,1,0,0,0,0,1,0,1,0,1,1,0,1,0,0,0,0,1,0,0.3333333333333333,18.344297831236606,1
4,0,1,0,0,0,1,0,0,0,1,1,1,0,1,1,0,0,1,0,0,0,0,1,0,1,0,1,1,0,1,0,0,0,0,1,0,0.3611111111111111,18.344297831236606,1
5,0,0,0,0,0,1,0,0,0,1,1,1,0,1,1,0,0,1,0,0,0,0,1,0,1,0,1,1,0,1,0,0,0,0,1,0,0.25,11.881828592512303,1
6,0,0,0,0,0,1,0,0,0,1,1,1,0,1,1,0,0,1,0,0,0,0,1,0,1,0,1,1,0,1,0,0,0,0,1,0,0.25,11.881828592512303,1
7,0,0,0,0,0,1,0,0,0,1,1,1,0,1,1,0,0,1,0,0,0,0,1,0,1,0,1,1,0,1,0,0,0,0,1,0,0.3333333333333333,11.881828592512303,1
8,0,0,0,0,0,1,0,0,0,1,1,1,0,1,1,0,0,1,0,0,0,0,1,0,1,0,1,1,0,1,0,0,0,0,1,0,0.2777777777777778,11.881828592512303,1
9,0,1,0,0,0,1,0,0,0,1,1,1,0,1,1,0,0,1,0,0,0,0,1,0,1,0,1,1,0,1,0,0,0,0,1,0,0.2777777777777778,18.344297831236606,1
10,0,0,0,0,0,1,0,0,0,1,1,1,0,1,1,0,0,1,0,0,0,0,1,0,1,0,1,1,0,1,0,0,0,0,1,0,0.2777777777777778,11.881828592512303,1
11,0,0,0,0,0,1,0,0,0,1,1,1,0,1,1,0,0,1,0,0,0,0,1,0,1,0,1,1,0,1,0,0,0,0,1,0,0.2777777777777778,11.881828592512303,1
12,0,0,0,0,0,1,0,0,0,1,1,1,0,1,1,0,0,1,0,0,0,0,1,0,1,0,1,1,0,1,0,0,0,0,1,0,0.2777777777777778,11.881828592512303,1
13,0,1,0,0,0,1,0,0,0,1,1,1,0,1,1,0,0,1,0,0,0,0,1,0,1,0,1,1,0,1,0,0,0,0,1,0,0.3333333333333333,18.344297831236606,1
14,0,1,0,0,0,1,0,0,0,1,1,1,0,1,1,0,0,1,0,0,0,0,1,0,1,0,1,1,0,1,1,0,0,0,1,0,0.3055555555555556,15.005093843828156,1
15,0,0,0,0,0,1,0,0,0,1,1,1,0,1,1,0,0,1,0,0,0,0,1,0,1,0,1,1,0,1,0,0,0,0,1,0,0.3333333333333333,11.881828592512303,1
16,0,1,0,0,0,1,0,0,0,1,1,1,0,1,1,0,0,1,0,0,1,0,1,0,1,0,1,1,0,1,0,0,0,0,1,0,0.3888888888888889,16.435145549811008,1
17,0,0,0,0,0,1,0,0,0,1,1,1,0,1,1,0,0,1,0,0,1,0,1,0,1,0,1,1,0,1,0,0,0,0,1,0,0.25,10.998807112215218,1
18,0,0,0,0,0,1,0,0,0,1,1,1,0,1,1,0,0,1,0,0,0,0,1,0,1,0,1,1,0,1,0,0,0,0,1,0,0.3055555555555556,11.881828592512303,1
19,0,1,0,0,0,1,0,0,0,0,1,1,0,1,1,0,0,1,0,0,0,0,1,0,1,0,1,1,0,1,0,0,0,0,1,0,0.25,13.731237906364367,1
20,0,0,0,0,0,1,0,0,0,0,1,1,0,1,1,0,0,1,0,0,0,0,1,0,1,0,1,1,0,1,0,0,0,0,1,0,0.2777777777777778,9.563571361246812,1
21,0,0,0,0,0,1,0,0,0,1,1,1,0,1,1,0,0,1,0,0,0,0,1,0,1,0,1,1,0,1,0,0,0,0,1,0,0.3333333333333333,11.881828592512303,1
22,0,1,0,0,0,1,0,0,0,1,1,1,0,1,1,0,0,1,0,0,0,0,1,0,1,0,1,1,0,1,0,0,0,0,1,0,0.3888888888888889,18.344297831236606,1
23,0,0,0,0,0,1,0,0,0,1,1,1,0,1,1,0,0,1,0,0,0,0,1,0,1,0,1,1,0,1,0,0,0,0,1,0,0.3055555555555556,11.881828592512303,1
24,0,1,0,0,0,1,0,0,0,1,1,1,0,1,0,0,0,1,0,0,0,0,1,0,1,0,1,1,0,1,0,0,0,0,1,0,0.2777777777777778,16.106081671982516,1
25,0,1,0,0,0,1,0,0,0,1,1,1,0,1,1,0,0,1,0,0,0,0,1,0,1,0,1,1,0,1,0,0,0,0,1,0,0.3333333333333333,18.344297831236606,1
26,0,0,0,0,0,1,0,0,0,1,1,1,0,1,1,0,0,1,0,0,1,0,1,0,1,0,1,1,0,1,0,0,0,0,1,0,0.3055555555555556,10.998807112215218,1
27,0,1,0,0,0,1,0,0,0,1,1,1,1,1,1,0,0,1,0,0,0,0,1,0,1,0,1,1,0,1,0,0,0,0,1,0,0.3333333333333333,21.65082779367273,1
28,0,0,0,0,0,1,0,0,0,1,1,1,0,1,1,0,0,1,0,0,0,0,1,0,1,0,1,1,0,1,1,0,0,0,1,0,0.3055555555555556,9.542625064703063,1
29,0,0,0,0,0,1,0,0,0,1,1,1,0,1,1,0,0,1,0,0,0,0,1,0,1,0,1,1,0,1,0,0,0,0,1,0,0.25,11.881828592512303,1
30,0,0,0,0,0,1,0,0,0,1,1,1,0,1,1,0,0,1,0,0,0,0,1,0,1,0,1,1,0,1,0,0,0,0,1,0,0.3055555555555556,11.881828592512303,1
31,0,0,0,0,0,1,0,0,1,0,1,1,0,1,1,0,0,1,0,0,0,0,1,0,1,0,1,1,0,1,0,0,0,0,1,0,0.2777777777777778,9.72269997687955,1
32,0,0,0,0,0,1,0,0,0,1,1,1,0,1,1,0,0,1,0,0,0,0,1,0,1,0,1,1,0,1,0,0,0,0,1,0,0.3611111111111111,11.881828592512303,1
33,0,0,0,0,0,0,0,0,0,1,1,1,0,1,1,0,0,1,0,0,0,0,1,0,1,0,1,1,0,1,0,0,0,0,1,0,0.2777777777777778,5.89979381581857,1
34,1,0,1,1,1,0,1,1,1,0,0,0,1,0,0,1,1,0,1,1,1,1,0,1,0,1,0,0,1,0,1,1,1,1,0,1,0.3333333333333333,28.514941051672164,1
35,0,0,0,0,0,1,0,0,0,1,1,1,0,1,1,0,0,1,0,0,1,0,1,0,1,0,1,1,0,1,1,0,0,0,1,0,0.3333333333333333,9.171523738734393,1
36,0,0,0,0,0,1,0,0,0,1,1,1,0,1,1,0,0,1,0,0,0,0,1,0,1,0,1,1,0,1,0,0,0,0,1,0,0.2777777777777778,11.881828592512303,1
37,0,1,0,0,0,1,0,0,0,1,1,1,0,1,1,0,0,1,0,0,0,0,1,0,1,0,1,1,0,1,0,0,0,0,1,0,0.3888888888888889,18.344297831236606,1
38,0,1,0,0,0,1,0,0,0,0,1,1,0,1,1,0,0,1,0,0,1,0,1,0,1,0,1,1,0,1,0,0,0,0,1,0,0.2777777777777778,13.523239597546223,1
39,0,1,0,0,0,1,0,0,0,0,1,1,0,1,1,0,0,1,0,0,0,0,1,0,1,0,1,1,0,1,0,0,0,0,1,0,0.3333333333333333,13.731237906364367,1
40,0,0,0,0,1,1,0,0,0,1,1,1,0,1,1,0,0,1,0,0,0,0,1,0,1,0,1,1,0,1,0,0,0,0,1,0,0.3055555555555556,15.872845980859143,1
41,1,0,1,1,1,0,1,1,1,0,0,0,1,0,0,1,1,0,1,1,1,1,0,1,0,1,0,0,1,0,1,1,1,1,0,1,0.3333333333333333,28.514941051672164,1
42,0,1,0,0,0,1,0,0,0,0,1,1,0,1,1,0,0,1,0,0,0,0,1,0,1,0,1,1,0,1,0,0,0,0,1,0,0.3333333333333333,13.731237906364367,1
43,0,0,0,0,1,0,0,0,0,1,1,1,0,1,1,0,0,1,0,0,0,0,1,0,1,0,1,1,0,1,0,0,0,0,1,0,0.2777777777777778,7.890811204165428,1
44,0,0,0,0,0,1,0,0,0,1,1,1,0,1,1,0,0,1,0,0,0,0,1,0,1,0,1,1,0,1,0,0,0,0,1,0,0.3333333333333333,11.881828592512303,1
45,0,0,0,0,0,1,0,0,0,1,1,1,0,1,1,0,0,1,0,0,0,0,1,0,1,0,1,1,0,1,1,0,0,0,1,0,0.2777777777777778,9.542625064703063,1
46,0,0,0,0,0,1,0,0,0,1,1,1,0,1,1,0,0,1,0,0,0,0,1,0,1,0,1,1,0,1,0,0,1,0,1,0,0.3055555555555556,11.234344562430365,1
47,1,0,1,1,1,0,1,1,1,0,0,0,1,0,0,1,1,0,1,1,1,1,0,1,0,1,0,0,1,0,1,1,1,1,0,1,0.3888888888888889,28.514941051672164,1
48,0,0,0,0,0,1,0,0,0,0,1,1,0,1,1,0,0,1,0,0,0,0,1,0,1,0,1,1,0,1,0,0,0,0,1,0,0.3611111111111111,9.563571361246812,1
49,1,0,1,1,1,0,1,1,1,0,0,0,1,0,0,1,1,0,1,1,0,1,0,1,0,1,0,0,1,1,1,1,1,0,0,1,0.3333333333333333,22.3091661956134,1
50,1,0,1,1,0,0,1,1,1,0,0,0,1,0,0,1,1,0,1,1,1,1,0,1,0,1,0,0,1,0,1,1,1,1,0,1,0.3055555555555556,30.689482183575034,1
51,1,0,1,1,0,0,1,1,1,0,0,0,1,0,0,1,1,0,1,1,0,1,0,1,0,1,0,0,1,0,1,1,1,0,0,1,0.3055555555555556,15.017326142249262,1
52,0,1,0,0,0,1,0,0,0,1,1,1,0,1,1,0,0,1,0,0,0,0,1,0,1,0,1,1,0,1,1,0,0,0,1,0,0.3611111111111111,15.005093843828156,1
53,0,1,0,0,1,1,0,0,0,0,1,1,0,1,1,0,0,1,0,0,0,0,1,0,1,0,1,1,0,1,0,0,0,0,1,0,0.3333333333333333,17.704724136152425,1
54,1,0,1,0,1,0,1,1,1,0,0,0,1,0,0,1,1,0,1,1,1,1,0,1,0,1,0,0,1,0,1,1,1,1,0,1,0.3333333333333333,32.86402331547789,1
55,0,1,0,0,0,1,0,0,0,0,1,1,0,1,1,0,0,1,0,0,0,0,1,0,1,0,0,1,0,1,0,0,0,0,1,0,0.3333333333333333,14.93923621518249,1
56,0,0,0,0,0,1,0,0,0,0,1,1,0,1,1,0,0,1,0,0,0,0,1,0,1,0,1,1,0,1,0,0,0,0,1,0,0.3333333333333333,9.563571361246812,1
57,1,0,1,1,0,0,1,1,1,1,0,0,1,0,0,1,1,0,1,1,1,1,0,1,0,1,0,0,1,0,1,1,1,1,0,1,0.25,22.542600522036206,1
58,0,1,0,0,0,1,0,0,0,1,1,1,0,1,1,0,0,1,0,0,1,0,1,0,1,0,1,1,0,1,0,0,0,0,1,0,0.4166666666666667,16.435145549811008,1
59,0,1,0,0,0,1,0,0,0,1,1,1,0,1,1,0,0,1,0,0,0,0,1,0,1,0,1,1,0,1,0,0,0,0,1,0,0.3888888888888889,18.344297831236606,1
60,1,0,1,1,0,0,1,1,1,1,0,0,1,0,0,1,1,0,1,1,0,1,0,1,0,1,0,0,1,0,1,1,1,1,0,1,0.3055555555555556,18.576393043210558,1
61,0,1,0,0,0,1,0,0,0,0,1,1,0,1,1,0,0,1,0,0,0,0,1,0,0,0,1,1,0,1,0,0,0,0,1,0,0.2777777777777778,15.556561841057672,1
62,1,0,1,1,0,0,1,1,1,1,0,0,1,0,0,1,1,0,1,1,1,1,0,1,0,1,0,0,1,0,1,1,1,1,0,1,0.3333333333333333,22.542600522036206,1
63,1,0,1,1,0,0,1,1,1,0,0,0,1,0,1,1,1,0,1,1,1,1,0,1,0,1,0,0,1,0,1,1,1,1,0,0,0.2777777777777778,17.6183044962945,1
64,0,1,0,0,0,1,0,0,0,1,1,1,1,1,1,0,0,1,0,0,0,0,1,0,1,0,1,1,0,1,0,0,0,0,1,0,0.3888888888888889,21.65082779367273,1
65,1,0,1,1,1,0,1,1,1,0,0,0,1,0,0,1,1,0,1,1,1,1,0,1,0,1,0,0,1,0,1,1,1,1,0,1,0.3333333333333333,28.514941051672164,1
66,1,0,1,1,0,0,1,1,1,0,0,0,1,0,0,1,1,0,1,1,0,1,0,1,0,1,0,0,1,0,1,1,1,0,0,1,0.3055555555555556,15.017326142249262,1
67,1,0,1,1,0,0,1,1,1,0,0,0,1,0,0,1,1,0,1,1,1,1,0,1,0,1,0,0,1,0,1,1,1,1,0,1,0.3333333333333333,30.689482183575034,1
68,0,1,0,0,0,1,0,0,0,1,1,1,0,1,1,0,0,1,0,0,1,0,1,0,0,0,1,1,0,1,0,0,0,0,1,0,0.3611111111111111,19.209512341896893,1
69,1,0,1,1,0,0,1,1,1,1,0,0,1,0,0,1,1,0,1,1,1,1,0,1,0,1,0,0,1,0,1,1,1,1,0,0,0.25,15.859876631272513,1
70,1,0,1,0,1,0,1,1,1,0,0,0,1,0,1,1,1,0,1,1,1,1,0,1,0,1,0,0,1,0,1,1,1,0,0,1,0.3333333333333333,15.263183457920933,1
71,1,0,1,1,0,0,1,1,1,0,0,0,1,0,0,1,1,0,1,1,0,1,0,1,0,1,0,0,1,0,1,1,1,1,0,1,0.3333333333333333,25.022120732141946,1
72,1,0,1,0,1,0,1,1,1,1,0,0,1,0,0,1,1,0,1,1,0,1,0,1,0,1,0,0,1,0,1,1,1,1,0,1,0.3055555555555556,19.21578068759276,1
73,1,0,1,1,0,0,1,1,1,1,0,0,1,0,1,1,1,0,1,1,1,1,0,1,0,1,0,0,1,0,1,1,1,0,0,1,0.3055555555555556,10.380493683212242,1
74,1,0,1,1,0,0,1,1,1,1,0,0,1,0,0,1,1,0,1,1,1,1,0,1,0,1,0,0,1,0,1,1,1,0,0,1,0.3333333333333333,13.541463253963562,1
75,1,0,1,1,1,0,1,1,1,0,0,0,1,0,0,1,1,0,1,1,1,1,0,1,0,1,0,0,1,0,1,1,1,1,0,1,0.3611111111111111,28.514941051672164,1
76,1,0,1,1,0,0,1,1,1,0,0,0,1,0,1,1,1,0,1,1,0,1,0,1,0,1,0,0,1,0,1,1,1,1,0,1,0.3333333333333333,20.322733265985367,1
77,1,0,1,0,1,0,1,1,1,1,0,0,1,0,0,1,1,0,1,1,0,1,0,1,0,1,0,0,1,0,1,1,1,1,0,1,0.3888888888888889,19.21578068759276,1
78,1,0,1,1,0,0,1,1,0,1,0,0,1,0,1,1,1,0,1,1,1,1,0,1,0,1,0,0,1,0,1,1,1,0,0,1,0.25,12.571891318843935,1
79,1,0,1,1,0,0,1,1,1,0,0,0,1,0,0,1,1,0,1,1,1,1,0,1,0,1,0,0,1,0,1,1,1,1,0,1,0.3333333333333333,30.689482183575034,1
80,1,0,1,1,0,0,1,1,1,1,0,0,1,0,0,1,1,0,1,1,1,1,0,1,0,1,0,0,1,0,1,1,1,0,0,1,0.3055555555555556,13.541463253963562,1
81,1,0,1,1,1,0,1,1,1,0,0,0,1,0,0,1,1,0,1,1,1,1,0,1,0,1,0,0,1,0,1,1,1,0,0,1,0.3333333333333333,17.905854045735587,1
82,1,1,1,1,0,0,1,1,1,0,0,0,1,0,1,1,1,0,1,1,0,1,0,1,0,1,0,0,1,0,1,1,1,0,0,1,0.25,11.513662885250277,1
83,1,0,1,0,1,0,1,1,1,1,0,0,1,0,0,1,1,0,1,1,0,1,0,1,0,1,0,0,1,0,1,1,1,1,0,1,0.3333333333333333,19.21578068759276,1
84,0,0,0,0,0,1,0,0,0,0,1,1,1,1,1,0,0,1,0,0,0,0,1,0,1,0,1,0,0,1,0,0,0,0,1,0,0.25,11.787588964866234,1
85,1,0,1,1,0,0,1,1,1,1,0,0,1,0,1,1,1,0,1,1,1,1,0,1,0,1,0,0,1,0,1,1,1,0,0,1,0.25,10.380493683212242,1
86,1,1,1,1,0,0,1,1,1,0,0,0,1,0,0,1,1,0,1,1,1,1,0,1,0,1,0,0,1,1,1,1,1,0,0,1,0.3055555555555556,25.725273492702897,1
87,1,0,1,1,0,0,1,0,1,0,0,0,1,0,1,1,1,0,0,1,1,1,0,1,0,1,0,0,1,0,1,1,1,0,0,1,0.19444444444444445,15.104985520096823,1
88,1,0,1,1,0,0,1,1,1,0,0,0,1,0,0,1,1,0,1,1,1,1,0,1,0,1,0,0,1,0,1,1,1,1,0,1,0.25,30.689482183575034,1
89,1,1,1,1,0,0,1,1,1,0,0,0,1,0,1,1,1,0,1,1,1,1,0,1,0,1,0,0,1,0,1,1,1,1,0,1,0.3055555555555556,22.607144436057023,1
90,1,0,1,1,1,0,1,1,1,0,0,0,1,0,0,1,1,0,1,1,1,1,0,1,0,1,0,0,1,0,1,1,1,1,0,1,0.3888888888888889,28.514941051672164,1
91,1,0,1,0,1,0,1,1,1,0,0,0,1,0,1,1,1,0,1,1,1,1,0,1,0,1,0,0,1,0,1,1,1,1,0,1,0.3055555555555556,27.142127518029948,1
92,1,0,1,1,0,0,1,1,1,0,0,0,1,0,0,1,1,0,0,1,1,1,0,1,0,1,0,0,1,0,1,1,1,0,0,0,0.19444444444444445,9.912561268141644,1
93,1,0,0,1,0,0,1,1,0,1,0,0,1,0,1,1,1,0,1,0,1,1,0,1,0,1,0,0,1,0,1,1,1,0,0,0,0.16666666666666666,4.678381259642219,1
94,1,0,1,0,1,0,1,1,1,1,0,0,1,0,1,1,1,0,1,1,1,1,0,1,0,1,0,0,1,0,1,1,1,1,0,1,0.3888888888888889,18.9781788623153,1
95,0,0,1,1,0,0,1,1,0,1,0,0,1,0,1,1,1,0,1,1,1,1,0,1,0,1,0,0,1,0,0,1,1,0,0,1,0.3055555555555556,12.338453513555239,1
96,1,0,0,1,0,0,1,1,1,1,0,0,1,0,1,1,1,0,1,1,1,1,0,1,0,1,0,0,1,0,1,1,1,1,0,1,0.2777777777777778,19.9781788623153,1
