,0,1,2,3,4,5,6,7,8,9,10,11,12,13,14,15,16,17,18,19,20,21,22,23,24,25,26,27,28,29,30,31,32,33,34,35,36,37,38,39,40,41,42,43,44,45,46,47,48,49,50,51,52,53,chain_break_fraction,energy,num_occurrences
0,1,0,0,1,1,1,0,0,1,0,1,1,1,0,0,1,1,0,1,0,1,0,1,1,0,0,0,1,0,1,1,1,1,0,0,0,1,1,0,1,0,1,0,0,0,0,0,0,0,0,1,0,0,0,0.25925925925925924,388.6158360822014,1
1,1,0,0,1,1,1,0,0,1,0,1,1,0,0,0,1,1,0,1,0,1,0,1,1,0,0,0,1,0,1,1,1,1,0,0,0,1,1,0,1,0,1,0,0,0,0,0,1,0,0,1,0,0,0,0.25925925925925924,341.6816298971019,1
2,1,0,0,1,1,1,0,0,1,0,1,1,1,0,1,1,1,0,1,0,1,0,1,1,0,0,0,1,0,1,1,1,1,0,0,0,1,1,1,1,1,1,0,0,0,0,0,1,0,0,1,1,0,0,0.25925925925925924,411.53691702942524,1
3,1,0,0,1,0,1,0,0,1,0,1,1,1,0,0,1,1,0,0,0,0,0,0,1,0,1,0,1,0,1,1,1,1,0,0,0,1,1,1,1,0,1,1,0,0,0,0,0,0,0,1,0,0,0,0.35185185185185186,312.4375364409253,1
4,1,0,0,1,1,1,0,0,1,0,1,1,0,0,1,1,1,0,1,0,1,0,0,1,0,1,0,1,0,1,1,1,1,0,0,0,1,1,1,1,0,1,1,0,0,0,0,0,0,0,1,0,0,0,0.2777777777777778,414.3230537420748,1
5,1,0,0,1,1,1,0,0,1,0,1,1,0,0,0,1,1,0,1,0,0,0,1,1,0,1,0,1,0,1,1,1,1,0,0,0,1,1,0,1,0,1,0,0,0,0,0,1,0,0,1,1,0,0,0.2962962962962963,312.41892232507064,1
6,1,0,0,1,1,1,0,0,1,0,1,1,0,0,1,1,1,0,1,0,1,0,1,1,0,0,0,1,0,1,1,1,1,0,0,0,1,1,1,1,0,1,1,0,0,0,0,0,0,0,1,1,0,0,0.25925925925925924,405.06082985846643,1
7,1,0,0,1,0,1,0,0,1,0,1,1,0,0,0,1,1,0,1,0,1,0,0,1,0,0,0,1,0,1,0,1,1,0,0,0,1,1,1,1,1,1,0,0,0,0,0,0,0,0,1,1,0,0,0.2962962962962963,344.15774901157664,1
8,1,0,0,1,1,1,0,0,1,0,1,1,0,0,0,1,1,0,1,0,0,0,1,1,0,1,0,1,0,1,1,1,1,0,0,0,1,1,0,1,0,1,0,0,0,0,0,1,1,0,1,0,0,0,0.2962962962962963,312.403948861806,1
9,1,0,0,1,1,1,0,0,1,0,1,1,1,0,0,1,1,0,1,0,1,0,1,1,0,0,0,1,0,1,0,1,1,0,0,0,1,1,1,1,1,1,0,0,0,0,0,0,0,0,1,0,0,0,0.3148148148148148,363.55891984704573,1
10,1,0,0,1,1,1,0,0,1,0,1,1,1,0,0,1,1,1,0,0,1,0,1,1,0,0,0,1,0,1,1,1,1,0,0,0,1,1,0,1,0,1,1,0,0,0,0,0,0,0,1,1,0,0,0.2777777777777778,460.88503050958445,1
11,1,0,0,1,1,1,0,1,1,0,1,1,0,0,1,1,1,0,1,0,0,0,0,1,0,1,0,1,0,1,1,1,1,0,0,0,1,1,1,1,0,1,0,0,0,0,0,0,0,0,1,0,0,0,0.35185185185185186,366.11167146424714,1
12,1,0,0,1,0,1,0,0,1,0,1,1,1,0,1,1,1,0,0,0,1,0,1,1,0,0,0,1,0,1,1,1,1,0,0,0,1,1,1,1,1,1,1,0,0,0,0,0,0,1,1,0,0,0,0.2777777777777778,385.4508818699089,1
13,1,0,0,1,0,1,0,0,1,0,1,1,1,0,0,1,1,0,1,0,0,0,1,1,0,1,0,1,0,1,1,1,1,0,0,0,0,1,0,1,0,1,1,0,0,0,0,0,0,0,1,1,0,0,0.2962962962962963,294.64429062031013,1
14,0,0,0,1,0,1,0,0,1,0,1,1,0,0,0,1,1,0,1,0,1,0,0,1,0,1,0,1,0,1,1,1,1,0,0,0,1,1,1,1,0,1,0,0,0,0,0,0,0,0,1,0,0,0,0.3148148148148148,326.29792308937357,1
15,1,0,0,1,0,1,1,1,1,0,1,1,1,0,1,1,1,0,1,0,0,0,1,1,0,1,0,1,0,1,0,1,1,0,0,0,1,1,1,1,1,1,0,0,0,0,0,0,0,0,1,0,0,0,0.2777777777777778,406.7519665802904,1
16,1,0,0,1,0,1,0,0,1,0,1,1,0,0,1,1,1,0,0,0,1,0,0,1,0,1,0,1,0,1,0,1,1,0,0,0,1,1,1,1,0,1,0,0,0,0,0,0,0,0,1,1,0,0,0.3148148148148148,376.0439666568729,1
17,1,0,0,1,1,1,0,0,1,0,1,1,1,0,0,1,1,1,1,0,0,0,1,1,0,1,0,1,0,1,0,1,1,0,0,0,1,1,1,1,0,1,0,0,0,0,0,0,0,0,1,0,0,0,0.3148148148148148,425.76318697807346,1
18,0,0,0,1,1,1,0,1,1,0,1,1,1,0,0,1,1,0,1,0,1,0,0,1,0,0,0,1,0,1,1,1,1,0,0,0,0,1,0,1,1,1,0,0,0,0,0,0,0,0,1,1,0,0,0.2962962962962963,347.15690741907036,1
19,0,0,0,1,0,1,0,0,1,0,1,1,1,0,1,1,1,0,0,0,0,0,0,1,0,1,0,1,0,1,1,1,1,0,0,0,1,1,1,1,1,1,0,0,0,0,0,0,0,0,1,0,0,0,0.2962962962962963,328.4003208387227,1
20,0,1,1,0,0,0,1,1,0,1,0,0,0,1,0,0,0,1,0,1,0,1,0,0,1,0,1,0,1,0,1,0,0,1,1,1,0,0,1,0,0,0,1,1,1,1,1,0,1,1,0,0,1,1,0.35185185185185186,508.99837407094867,1
21,1,0,0,1,1,1,0,0,1,0,1,1,1,0,1,1,1,0,1,0,0,0,0,1,0,0,0,1,0,1,0,1,1,0,0,0,1,1,1,1,0,1,0,0,0,0,0,0,0,0,1,0,0,0,0.2962962962962963,326.9887519872562,1
22,1,0,0,1,0,1,0,0,1,0,1,1,1,0,0,1,1,0,0,0,0,0,1,1,0,1,0,1,0,1,1,1,1,0,0,0,1,1,0,1,0,1,1,0,0,0,0,0,0,0,1,0,0,0,0.24074074074074073,281.53639131478076,1
23,1,0,0,1,1,1,0,0,1,0,1,1,0,0,0,1,1,0,0,0,1,0,1,1,0,0,0,1,0,1,0,1,1,0,0,0,1,1,0,1,0,1,0,0,0,0,0,1,0,1,1,0,0,0,0.3333333333333333,341.87198063104626,1
24,0,0,0,1,0,1,0,0,1,0,1,1,0,0,0,1,1,0,1,0,1,0,0,1,0,1,0,1,0,1,1,1,1,0,0,0,0,1,0,1,0,1,0,0,0,0,0,0,0,0,1,0,0,0,0.25925925925925924,324.74567943432834,1
25,1,0,0,1,0,1,0,0,1,0,1,1,1,0,0,1,1,0,1,0,1,0,1,1,0,1,0,1,0,1,0,1,1,0,0,0,1,1,1,1,1,1,0,0,0,0,0,0,0,1,1,0,0,0,0.3148148148148148,373.07569465328146,1
26,0,1,1,0,1,0,1,1,0,1,0,0,0,1,0,0,0,1,0,1,0,1,0,0,1,0,1,0,1,0,1,0,0,1,1,1,0,0,1,0,1,0,1,1,1,1,1,0,1,1,0,0,1,1,0.3148148148148148,515.2098365619989,1
27,1,0,0,1,1,1,0,0,1,0,1,1,0,0,1,1,1,0,0,0,0,0,1,1,0,0,0,1,0,1,1,1,1,0,0,0,1,1,0,1,0,1,0,0,0,0,0,0,0,0,1,1,0,0,0.2962962962962963,330.3901275091822,1
28,1,0,0,1,1,1,0,0,1,0,1,0,0,0,1,1,1,0,0,0,1,0,0,1,0,1,0,1,0,1,0,1,1,0,0,0,0,1,0,1,0,1,1,0,0,0,0,0,0,0,1,1,0,0,0.25925925925925924,344.29025623645896,1
29,1,0,0,1,1,1,0,0,1,0,1,1,1,0,0,1,1,0,1,0,1,1,1,1,0,1,0,1,0,1,1,1,1,0,0,0,1,1,0,1,0,1,0,0,0,0,0,1,0,0,1,0,0,0,0.35185185185185186,414.60724711707695,1
30,1,0,0,1,0,1,0,1,1,0,1,0,1,0,0,1,1,0,1,0,0,0,0,1,0,0,0,1,0,1,1,1,1,1,0,0,1,1,0,1,0,1,1,0,0,0,0,0,0,1,1,0,0,0,0.2962962962962963,293.6424277695202,1
31,1,0,0,1,0,0,0,0,1,0,1,1,0,0,0,1,1,1,0,0,0,0,1,1,0,0,0,1,0,1,1,1,1,0,0,0,1,1,0,1,0,1,1,0,0,0,0,0,0,0,1,1,0,0,0.25925925925925924,300.7321484853731,1
32,1,0,0,1,1,1,0,0,1,0,1,1,0,0,1,1,1,0,0,0,0,0,1,1,0,0,0,1,0,1,1,1,1,0,0,0,1,1,0,1,0,1,0,0,0,0,0,0,0,0,1,1,0,0,0.35185185185185186,330.3901275091822,1
33,1,1,1,0,0,0,1,1,0,1,0,0,0,1,0,0,0,1,0,1,0,1,0,0,1,0,1,0,1,0,0,0,0,0,1,0,0,0,1,0,0,0,1,1,1,1,1,0,1,1,0,0,1,1,0.2777777777777778,330.63871145324896,1
34,1,0,0,1,1,1,0,1,1,0,1,1,0,0,0,1,1,0,0,0,0,0,1,1,0,1,0,1,0,1,1,1,1,0,0,0,1,1,0,1,0,1,0,0,0,0,0,1,0,1,1,0,0,0,0.3148148148148148,330.46135418333614,1
35,0,1,1,0,0,0,1,1,0,1,0,0,0,1,0,0,0,1,0,1,0,1,0,0,1,1,1,0,1,0,1,0,0,1,1,0,0,0,1,0,0,0,1,1,1,0,1,0,1,1,0,0,1,1,0.25925925925925924,346.23446865916526,1
36,1,0,0,1,1,1,0,0,1,0,1,1,1,0,1,1,1,0,0,0,1,0,1,1,0,1,0,1,0,1,1,1,1,0,0,0,1,1,1,1,0,1,0,0,0,0,0,0,0,1,1,0,0,0,0.3333333333333333,451.2274728367422,1
37,1,0,0,1,0,1,0,0,1,0,1,1,0,0,0,0,1,0,0,0,0,0,1,1,0,0,0,1,0,1,1,1,1,0,0,0,1,1,0,1,0,1,1,0,0,0,0,0,1,0,1,0,0,0,0.24074074074074073,276.68910111245924,1
38,0,1,1,0,1,0,1,1,0,1,0,0,0,1,1,0,0,0,0,1,1,1,0,0,1,0,1,0,1,0,1,0,0,1,1,1,0,0,1,0,1,0,1,0,1,1,1,0,1,1,0,0,1,1,0.3333333333333333,447.9854904798821,1
39,0,0,0,1,1,1,0,1,1,0,1,1,1,0,1,1,1,0,0,0,0,0,0,1,0,1,0,1,0,1,1,1,1,0,0,0,1,1,0,0,0,1,1,0,0,0,0,0,0,0,1,1,0,0,0.2777777777777778,370.85310083889874,1
40,0,1,1,0,0,0,1,1,0,1,0,0,0,1,1,0,0,0,0,1,0,1,0,0,1,0,1,0,1,0,0,0,0,1,1,1,0,0,1,0,1,0,1,1,1,1,1,0,1,1,0,0,1,1,0.3333333333333333,552.650864232432,1
41,0,1,1,0,1,0,1,1,0,1,0,0,0,1,1,0,0,0,0,1,0,1,0,0,1,0,1,0,1,0,0,0,0,1,1,0,0,0,1,0,0,0,1,0,1,1,1,0,1,1,0,0,1,1,0.2962962962962963,313.79884492942773,1
42,1,0,0,1,0,1,0,0,1,0,1,1,0,0,1,1,1,1,1,0,0,0,1,1,0,1,0,1,0,1,0,1,1,0,0,0,1,1,0,1,1,1,0,0,0,0,0,0,1,0,1,0,0,0,0.25925925925925924,465.6657750749003,1
43,1,0,0,1,1,1,0,1,1,0,1,1,1,0,1,1,1,0,1,0,0,0,0,1,0,1,0,1,0,1,0,1,1,0,0,0,1,1,1,1,0,1,1,0,0,0,0,0,0,0,1,0,0,0,0.2777777777777778,388.5457929946893,1
44,0,1,1,0,0,0,1,1,0,1,0,0,0,1,0,0,0,0,0,1,1,1,0,0,1,0,1,0,1,0,0,0,0,1,1,0,0,0,1,0,1,0,0,0,1,1,1,0,1,1,0,0,1,1,0.3148148148148148,336.43845149794885,1
45,0,1,1,0,1,0,1,1,0,1,0,0,1,1,0,0,0,1,0,1,0,1,0,0,1,0,1,0,1,0,0,0,0,0,1,0,0,0,1,0,1,0,1,1,1,1,1,0,0,1,0,1,1,0,0.2777777777777778,277.98852062488504,1
46,1,0,0,1,1,1,0,1,1,0,1,1,0,0,0,1,1,0,0,0,0,0,1,1,0,1,0,1,0,1,1,1,1,0,0,0,1,1,0,1,0,1,0,0,0,0,0,0,0,1,1,0,0,0,0.3148148148148148,322.8172297265998,1
47,1,0,0,1,1,1,0,1,1,0,1,1,0,0,1,1,1,0,0,0,1,0,1,1,0,0,0,1,0,1,1,1,1,0,0,0,1,1,1,1,1,1,0,0,0,0,0,0,0,0,1,1,0,0,0.3148148148148148,417.33732598694604,1
48,1,0,0,1,1,1,0,0,1,0,1,1,0,0,0,1,1,1,1,0,0,0,1,1,0,1,0,1,0,1,1,1,1,0,0,0,1,1,0,1,0,1,0,0,0,0,0,0,0,0,1,0,0,0,0.35185185185185186,431.4141431980615,1
49,0,1,1,0,0,0,1,0,0,1,0,0,0,1,0,0,0,1,0,1,0,1,0,0,1,0,1,0,1,0,0,0,0,1,1,1,0,0,1,0,1,0,1,0,1,1,1,0,1,0,0,0,1,1,0.3333333333333333,432.9106950376153,1
50,1,0,0,1,0,1,0,1,1,0,1,1,0,0,1,1,1,0,1,0,0,0,1,1,0,0,0,1,0,1,1,1,1,0,0,0,1,1,1,1,1,1,1,0,0,0,0,0,0,1,1,1,0,0,0.3333333333333333,381.1496462560041,1
51,1,0,0,1,1,1,0,1,1,0,1,1,0,0,1,1,1,0,0,0,1,0,1,1,0,0,0,1,0,1,1,1,1,0,0,0,1,1,0,1,0,1,1,0,0,0,0,0,0,1,1,1,0,0,0.2962962962962963,444.55066548467045,1
52,0,1,1,0,0,0,1,1,0,1,0,0,0,1,1,0,0,1,0,1,0,1,0,0,1,1,1,0,1,0,0,0,0,1,1,0,0,0,1,0,1,0,0,1,0,1,1,0,1,1,0,0,1,1,0.3333333333333333,352.4412540277673,1
53,1,0,0,1,1,1,0,1,1,0,1,1,0,0,1,1,1,0,0,0,0,0,0,1,0,0,0,1,0,1,0,1,1,0,0,0,1,1,0,1,0,1,1,0,0,0,0,0,0,0,1,1,0,0,0.3333333333333333,332.86421307481396,1
54,0,1,1,0,0,0,1,0,0,1,0,0,0,1,0,0,0,1,1,1,0,1,0,0,1,0,1,0,1,0,0,0,0,1,1,0,0,0,1,0,0,0,1,1,1,1,1,0,1,1,0,0,1,1,0.3148148148148148,364.5039817481461,1
55,1,0,0,1,1,1,0,0,1,0,1,1,0,0,0,1,1,0,1,0,1,1,1,1,0,1,0,0,0,1,0,1,1,0,0,0,1,1,0,1,0,1,1,0,0,0,0,0,0,0,1,1,0,0,0.2777777777777778,457.78113902139006,1
56,1,0,0,1,0,1,0,0,1,0,1,1,0,0,0,1,1,1,1,0,0,0,1,1,0,1,0,1,0,1,1,1,1,0,0,0,1,1,0,1,0,1,1,0,0,1,0,0,0,0,1,1,0,0,0.2962962962962963,352.53342887901385,1
57,0,1,1,0,0,0,1,1,0,1,0,0,0,1,0,0,0,1,0,1,0,1,1,0,1,0,1,0,1,0,0,0,0,1,1,0,0,0,1,0,1,0,1,1,1,0,1,0,1,1,0,0,1,1,0.2777777777777778,357.17727697396134,1
58,1,0,0,1,0,1,0,1,1,0,1,1,0,0,1,1,1,0,1,0,1,0,1,1,0,1,0,1,0,1,1,1,1,0,0,0,1,1,0,1,0,1,0,0,0,0,0,0,0,1,1,0,0,0,0.2962962962962963,519.8766150360766,1
59,0,1,1,0,0,0,1,0,0,1,0,0,0,1,1,0,0,1,1,1,1,1,0,0,1,0,1,0,1,0,1,0,0,1,1,1,0,0,1,0,0,0,0,1,1,1,1,0,1,1,0,1,1,1,0.35185185185185186,491.749016709805,1
60,0,1,1,0,0,0,1,1,0,1,0,0,0,1,0,0,0,1,0,1,0,1,0,0,1,0,1,0,1,0,0,0,0,1,1,1,0,0,1,0,1,0,0,1,1,1,1,0,1,0,0,0,1,1,0.35185185185185186,434.19485182328253,1
61,1,0,0,1,1,0,0,0,1,0,1,1,0,0,0,1,1,0,1,0,0,0,1,1,0,0,0,1,0,1,1,1,1,0,0,0,1,1,1,1,0,1,0,0,0,0,0,0,1,1,1,0,0,0,0.35185185185185186,378.52021016735506,1
62,0,1,1,0,0,0,1,1,0,1,0,0,0,1,0,0,0,0,0,1,1,1,0,0,1,0,1,0,1,0,0,0,0,1,1,1,0,0,1,0,1,0,1,1,1,1,1,0,1,1,0,0,1,1,0.3148148148148148,558.6299744094335,1
63,1,0,0,1,0,1,0,0,1,0,1,1,0,0,1,1,1,0,0,0,1,0,1,1,0,1,0,1,0,1,0,1,1,0,0,0,1,1,1,1,1,1,0,0,0,1,0,0,0,0,1,0,0,0,0.37037037037037035,398.8026286446346,1
64,1,0,0,1,0,1,0,1,1,0,1,0,1,0,1,0,1,0,1,0,0,0,0,1,0,0,0,1,0,1,1,1,1,0,0,0,1,1,0,1,0,1,0,0,0,0,0,0,0,0,1,1,0,0,0.24074074074074073,253.4489523148747,1
65,0,1,1,0,0,0,1,1,0,1,0,0,0,1,0,0,0,1,1,1,0,1,0,0,1,0,1,0,1,0,1,0,0,1,1,1,0,0,1,0,0,0,1,1,1,1,1,0,1,1,0,0,1,1,0.2962962962962963,492.04651209936793,1
66,0,1,1,0,1,0,1,0,0,1,0,0,0,1,0,0,0,1,1,1,0,1,1,0,0,0,1,0,1,0,0,0,0,1,1,0,0,0,1,0,0,0,0,1,1,1,1,0,1,1,0,1,1,1,0.35185185185185186,335.85569173125344,1
67,0,1,1,0,1,0,1,0,0,1,0,0,0,1,1,0,0,1,0,1,0,1,0,0,1,0,1,0,1,0,0,0,0,1,1,1,0,0,1,0,0,0,0,1,1,1,1,0,1,1,0,1,1,1,0.3148148148148148,441.87012565664395,1
68,0,1,1,0,1,0,1,1,0,1,0,0,1,1,0,0,0,1,0,1,0,1,0,0,1,0,1,0,1,0,0,0,0,1,1,0,0,0,1,0,0,0,0,1,1,1,1,1,1,1,0,1,1,1,0.35185185185185186,418.78063834393936,1
69,0,1,1,0,1,0,1,1,0,1,0,0,0,1,0,0,0,1,0,1,0,1,0,0,1,1,1,0,1,0,0,0,0,1,1,0,0,0,1,0,1,0,0,1,1,1,1,0,1,1,0,0,1,1,0.35185185185185186,342.76140611742596,1
70,0,1,1,0,1,0,1,1,0,1,0,0,0,1,0,0,0,0,0,1,0,1,0,0,1,0,1,0,1,0,0,0,0,1,1,1,0,0,1,0,0,0,1,0,1,1,1,0,1,1,0,0,1,1,0.37037037037037035,421.3216408708625,1
71,1,0,0,1,1,0,0,0,1,0,1,1,1,0,1,1,1,0,1,0,1,0,0,1,0,1,0,1,0,1,0,1,1,0,0,0,1,1,0,1,1,1,1,0,0,0,0,0,0,0,1,1,0,0,0.2962962962962963,365.3995909308609,1
72,0,0,0,1,1,1,0,1,1,0,1,1,1,0,0,1,1,0,0,0,1,0,0,1,0,0,0,1,0,1,1,1,1,0,0,0,1,1,1,1,1,1,1,0,0,0,0,0,0,1,1,1,0,0,0.3333333333333333,388.19462405134306,1
73,0,1,1,0,1,0,1,1,0,1,0,0,0,1,0,0,0,1,0,1,0,1,0,0,1,0,1,0,1,0,0,0,0,1,1,1,0,0,1,0,0,0,0,1,0,1,1,0,1,1,0,1,1,1,0.35185185185185186,329.7974704116735,1
74,1,0,0,1,1,1,0,0,1,0,1,1,1,0,0,0,1,1,0,0,0,1,1,1,0,1,0,1,0,1,1,1,1,0,0,0,1,1,0,0,0,1,1,0,0,0,0,0,0,0,1,0,0,0,0.3148148148148148,430.0744429798098,1
75,0,1,1,0,1,0,1,1,0,1,0,0,1,1,0,0,0,1,1,1,0,1,1,0,1,0,1,0,1,0,0,0,0,1,1,1,0,0,1,0,0,0,0,1,1,1,1,1,0,1,0,1,1,1,0.2962962962962963,487.6756470134329,1
76,0,1,1,0,0,0,1,1,0,1,0,0,0,1,0,0,0,0,0,1,0,1,0,0,1,0,1,0,1,0,0,0,0,1,1,0,0,0,1,0,0,0,1,1,1,1,1,0,0,1,0,0,1,1,0.3333333333333333,360.59962851087954,1
77,0,1,1,1,1,0,1,1,0,1,0,0,0,1,1,0,0,0,0,1,1,1,0,0,1,0,1,0,1,0,1,0,0,1,1,0,1,0,1,0,1,0,0,1,1,1,1,0,1,1,0,0,1,1,0.2962962962962963,385.9913159880207,1
78,0,1,1,0,0,0,1,1,0,1,0,0,0,1,0,0,0,1,0,1,0,1,0,0,1,0,1,0,1,0,0,0,0,1,1,0,0,0,1,0,0,0,1,1,1,1,1,0,1,1,0,1,1,1,0.3148148148148148,376.84806278435104,1
79,1,0,0,1,0,1,0,1,1,0,1,1,0,0,0,1,1,0,0,0,1,0,0,1,0,1,0,1,0,1,1,1,1,0,0,0,1,1,1,1,0,1,1,0,0,0,0,0,0,0,1,0,0,0,0.3333333333333333,339.40130902472094,1
80,0,1,1,0,0,0,1,0,0,1,0,0,0,1,0,0,0,0,0,1,1,1,0,0,1,0,1,0,1,0,0,0,0,1,1,0,0,0,1,0,1,0,1,1,1,1,1,0,1,0,0,0,1,1,0.3333333333333333,377.00503055446694,1
81,0,1,1,0,1,0,1,1,0,1,0,0,0,1,0,0,0,1,0,1,0,1,0,0,1,0,1,0,1,0,1,0,0,1,1,1,0,0,1,0,0,0,0,1,1,1,1,1,1,1,0,1,1,1,0.35185185185185186,614.8117514876014,1
82,0,1,1,0,1,0,1,1,0,1,0,0,0,1,0,0,0,1,1,1,1,1,0,0,1,0,1,0,1,0,1,0,0,1,1,0,0,0,1,0,0,0,1,1,1,1,1,0,1,1,0,0,1,1,0.37037037037037035,381.5743377108437,1
83,0,1,1,0,1,0,1,1,0,1,0,0,0,1,1,0,0,0,0,1,0,1,0,0,1,0,1,0,1,0,1,0,0,1,1,0,0,0,1,0,1,0,1,0,1,1,1,0,1,1,0,0,1,1,0.2962962962962963,341.26754751926586,1
84,0,1,1,0,0,0,1,1,0,1,0,0,0,1,0,1,0,1,0,1,0,1,0,0,1,0,1,0,1,0,0,0,0,0,1,0,0,0,1,0,0,0,0,1,1,1,1,0,0,1,0,0,1,1,0.2962962962962963,302.5088522632244,1
85,1,0,0,1,1,0,0,1,1,0,1,1,0,0,1,1,1,1,0,0,0,0,1,1,0,1,0,1,0,1,0,1,1,0,0,0,1,1,0,1,0,1,0,0,0,1,0,0,0,0,1,1,0,0,0.3148148148148148,447.5164710075951,1
86,0,1,1,0,1,0,1,1,0,1,0,0,0,1,1,0,0,1,1,1,0,1,0,0,1,0,1,0,1,0,0,0,0,1,1,1,0,0,1,0,1,0,1,1,1,0,1,0,1,1,0,1,1,1,0.35185185185185186,459.117003404546,1
87,0,1,1,0,0,0,1,1,0,1,0,0,1,1,0,0,0,1,0,1,0,1,0,0,1,0,1,0,1,0,0,0,0,1,1,1,0,0,1,0,0,0,0,0,1,1,1,0,1,1,0,0,1,1,0.35185185185185186,382.2135530541497,1
88,1,0,0,0,0,1,0,0,1,0,1,1,1,0,0,1,1,0,1,0,1,0,1,1,0,0,0,1,0,1,0,1,1,0,0,1,1,1,0,1,0,1,1,0,0,0,0,0,0,0,1,0,0,0,0.2962962962962963,341.7819148341373,1
89,0,1,1,0,1,0,1,1,0,1,0,0,1,1,0,0,0,1,0,1,0,1,0,0,1,0,1,0,1,0,0,0,0,1,1,0,0,0,1,0,1,0,1,1,1,1,1,0,1,1,0,1,1,1,0.3333333333333333,376.3795875707769,1
90,0,1,1,0,0,0,1,0,0,1,0,0,0,1,0,0,0,0,0,1,1,1,0,0,1,0,1,0,1,0,0,0,0,1,1,0,0,0,1,0,1,0,1,1,0,1,1,0,0,1,0,0,1,1,0.3148148148148148,295.8084036143867,1
91,0,1,1,0,0,0,1,1,0,1,0,0,0,1,0,0,0,1,0,1,0,1,0,0,1,0,1,0,1,0,0,0,0,1,1,0,1,0,1,0,0,0,1,1,1,1,1,0,1,1,0,1,1,1,0.3333333333333333,395.04742546010095,1
92,0,1,1,1,1,0,1,1,0,1,0,0,0,1,0,0,0,0,1,1,1,1,0,0,1,0,1,0,1,0,0,0,0,1,1,0,0,0,1,0,0,0,1,1,1,1,1,0,1,1,0,0,1,0,0.2962962962962963,305.26829020781173,1
93,1,0,0,1,0,1,0,0,1,0,1,1,1,0,1,1,1,1,1,0,0,0,0,1,0,0,0,1,0,1,0,1,1,0,0,0,1,0,1,1,0,1,1,0,0,0,0,0,0,1,1,1,0,0,0.25925925925925924,377.7148676846675,1
94,0,1,1,0,1,0,1,1,0,1,0,0,0,1,0,0,0,0,0,1,1,1,1,0,1,1,1,0,1,0,0,0,0,0,1,0,0,0,1,0,1,0,0,1,1,1,1,1,1,1,0,0,1,1,0.35185185185185186,414.47539182032665,1
95,0,1,1,0,1,0,1,1,0,1,0,1,1,1,0,0,0,1,0,1,0,1,0,0,1,0,1,0,1,0,0,0,0,1,1,1,0,0,1,0,1,0,1,1,1,1,1,0,1,1,0,0,1,1,0.3333333333333333,448.80904086439557,1
96,0,1,1,0,1,0,1,0,0,1,0,0,1,1,0,0,0,1,1,1,1,1,0,0,0,0,1,0,1,0,0,0,0,1,1,1,0,0,1,0,1,0,0,0,1,1,1,0,0,1,0,0,1,1,0.25925925925925924,392.1106076587818,1
97,0,1,1,0,1,0,1,0,0,1,0,1,0,1,0,0,0,1,0,1,0,1,1,0,1,0,1,0,1,0,0,0,0,1,1,1,0,0,1,0,0,0,1,1,1,1,1,1,1,1,0,0,1,1,0.3333333333333333,531.314642250392,1
98,0,1,1,0,1,0,1,0,0,0,0,0,0,1,1,0,0,0,1,1,1,1,0,0,1,1,1,0,1,0,1,0,0,1,1,1,0,0,1,0,1,0,0,0,1,1,1,0,0,1,0,1,1,0,0.2962962962962963,386.88328516934894,1
99,0,1,1,0,0,0,1,1,0,1,0,1,0,1,0,0,0,0,0,1,0,1,1,0,1,0,1,0,1,0,0,0,0,1,1,0,0,0,1,0,1,0,0,1,1,1,1,1,0,0,0,0,1,1,0.3148148148148148,382.19929570233364,1
