,0,1,2,3,4,5,6,7,8,9,10,11,12,13,14,15,16,17,18,19,20,21,22,23,24,25,26,27,28,29,30,31,32,33,34,35,36,37,38,39,40,41,42,43,44,45,46,47,48,49,50,51,52,53,chain_break_fraction,energy,num_occurrences
0,0,0,0,0,1,1,1,1,1,1,0,1,1,0,0,0,1,1,0,0,1,0,0,0,0,1,1,1,0,1,1,0,0,0,1,1,1,1,0,0,0,1,0,1,1,0,0,0,0,1,0,1,0,0,0.2962962962962963,404.97143774137226,1
1,0,0,0,0,1,1,1,1,1,1,0,1,1,0,0,0,1,0,0,0,1,0,0,0,0,1,1,1,0,1,1,1,0,0,1,1,1,1,0,0,0,1,0,1,1,0,0,0,0,0,0,0,0,0,0.3333333333333333,345.8252507650792,1
2,0,0,0,0,1,1,1,1,1,1,0,0,1,0,0,0,1,0,0,0,1,0,0,0,0,1,1,1,0,1,1,0,0,0,1,1,1,1,0,0,0,1,0,1,1,0,0,0,0,1,0,0,0,0,0.3148148148148148,289.7817404786315,1
3,0,0,0,0,1,1,1,1,1,1,0,1,1,0,0,0,1,1,0,0,1,0,0,0,0,1,1,0,0,1,1,1,0,0,1,1,1,1,0,0,0,1,0,1,1,0,0,0,0,1,0,1,0,0,0.3333333333333333,401.16551547728307,1
4,0,0,0,0,1,1,1,1,1,1,0,1,1,0,0,0,1,0,0,0,1,0,0,0,0,1,1,1,0,1,1,1,0,0,1,1,1,1,0,0,0,1,0,1,1,0,0,0,0,1,0,0,0,0,0.3333333333333333,342.1675692176609,2
5,0,0,0,0,1,1,1,1,1,1,0,1,1,0,0,0,1,1,0,0,1,0,0,0,0,1,1,0,0,1,1,0,0,0,1,1,1,1,0,0,0,1,0,1,1,0,0,0,0,0,0,1,0,0,0.3148148148148148,457.12106130749424,1
6,0,0,0,0,1,1,1,1,1,1,0,1,1,0,0,0,1,0,0,0,1,0,0,0,0,1,1,1,0,1,1,0,0,0,1,1,1,1,0,0,0,0,0,1,1,0,0,0,0,1,0,1,0,0,0.2962962962962963,343.8341863551039,1
7,0,0,0,0,1,1,1,1,1,1,0,1,1,0,0,0,1,0,0,0,1,0,0,0,0,1,1,1,0,1,1,0,0,0,1,1,1,1,0,0,0,0,0,1,1,0,0,0,0,1,0,0,0,0,0.3148148148148148,357.14626411489576,1
8,0,0,0,0,1,1,1,1,1,1,0,0,1,0,0,0,1,0,0,0,1,0,0,0,0,1,1,1,0,1,1,1,0,0,1,1,1,1,0,0,0,1,0,1,1,0,0,0,0,0,0,0,0,0,0.3333333333333333,296.75094685409533,1
9,0,0,0,0,1,1,1,1,1,1,0,1,1,0,0,0,1,1,0,0,1,0,0,0,0,1,1,1,0,1,1,1,0,0,1,1,1,1,0,0,0,1,0,1,1,0,0,0,0,1,0,0,0,0,0.37037037037037035,399.4617557010693,1
10,0,0,0,0,1,1,1,1,1,1,0,1,1,0,0,0,1,1,0,0,1,0,0,0,0,1,1,1,0,1,1,0,0,0,1,1,1,1,0,0,0,1,0,1,1,0,0,0,0,1,0,1,0,0,0.3148148148148148,404.97143774137226,1
11,0,0,0,0,1,1,1,1,1,1,0,1,1,0,0,0,1,0,0,0,1,0,0,0,0,1,1,1,0,1,1,0,0,0,1,1,1,1,0,0,0,0,0,1,1,0,0,0,0,0,0,1,0,0,0.3148148148148148,376.1467839814649,1
12,0,0,0,0,1,1,1,1,1,1,0,1,1,0,0,0,1,0,0,0,1,0,0,0,0,1,1,0,0,1,1,0,0,0,1,1,1,1,0,0,0,1,0,1,1,0,0,0,0,0,0,0,0,0,0.3333333333333333,365.71436964256935,1
13,0,0,0,0,1,1,1,1,1,1,0,1,1,0,0,0,1,1,0,0,1,0,0,0,0,1,1,0,0,1,1,1,0,0,1,1,1,1,0,0,0,0,0,1,1,0,0,0,0,1,0,1,0,0,0.3148148148148148,440.5226251863441,1
14,0,0,0,0,1,1,1,1,1,1,0,1,1,0,1,0,1,0,0,0,1,0,0,0,0,1,1,1,0,1,1,0,0,0,1,1,1,1,0,0,0,1,0,1,1,0,0,0,0,1,0,0,0,0,0.35185185185185186,443.0472463445929,1
15,0,0,0,0,1,1,1,1,1,1,0,0,1,0,0,0,1,0,0,0,1,0,0,0,0,1,1,0,0,1,1,0,0,0,1,1,1,1,0,0,0,1,0,1,0,0,0,0,0,1,0,1,0,0,0.25925925925925924,268.3634357678834,1
16,0,0,0,0,1,1,1,1,1,1,0,1,1,0,0,0,1,1,0,0,1,0,0,0,0,1,1,1,0,1,1,0,0,0,1,1,1,1,0,0,0,1,0,1,1,0,0,0,0,1,0,0,0,0,0.3333333333333333,417.4887878083293,1
17,0,0,0,0,1,1,1,1,1,1,0,1,1,0,0,0,1,1,0,0,1,0,0,0,0,1,1,0,0,1,1,0,0,0,1,1,1,1,0,0,0,0,0,0,1,0,0,0,0,1,0,1,0,0,0.25925925925925924,536.0999516410596,1
18,0,0,0,0,1,1,1,1,1,1,0,0,1,0,0,0,1,0,0,0,1,0,0,0,0,1,1,1,0,1,1,1,0,0,1,1,1,1,0,0,0,1,0,1,0,0,0,0,0,0,0,0,0,0,0.3148148148148148,274.6002088065009,1
19,0,0,0,0,1,1,1,1,1,1,0,1,0,0,0,0,1,0,0,0,1,0,0,0,0,1,1,0,0,1,1,1,0,0,1,1,1,1,0,0,0,0,0,1,1,0,0,0,0,1,0,1,0,0,0.2962962962962963,319.708778933427,1
20,0,0,0,0,1,1,1,1,1,1,0,1,1,0,0,0,1,1,0,0,1,0,0,0,0,1,1,1,0,1,1,0,0,0,1,1,1,1,0,0,0,1,0,1,1,0,0,0,0,1,0,1,0,0,0.2777777777777778,404.97143774137226,1
21,0,0,0,0,1,1,1,1,1,1,0,0,1,0,0,0,1,0,0,0,1,0,0,0,0,1,1,1,0,1,1,0,0,0,1,1,1,1,0,0,0,0,0,1,1,0,0,0,0,0,0,0,0,0,0.2777777777777778,285.12480057393196,1
22,0,0,0,0,1,1,1,1,1,1,0,1,1,0,0,0,1,0,0,0,1,0,0,0,0,1,1,0,0,1,1,0,0,0,1,1,1,1,0,0,0,1,0,1,1,0,0,0,0,0,0,1,0,0,0.3333333333333333,355.2510893719793,1
23,0,0,0,0,1,1,1,1,1,1,0,1,0,0,0,0,1,0,0,0,1,0,0,0,0,1,1,1,0,1,1,0,0,0,1,1,1,1,0,0,0,1,0,1,1,0,0,0,0,1,0,0,0,0,0.3148148148148148,325.19410298447133,1
24,0,0,0,0,1,1,1,1,1,1,0,1,0,0,0,0,1,0,0,0,1,0,0,0,0,1,1,0,0,1,1,1,0,0,1,1,1,1,0,0,0,1,0,1,1,0,0,0,0,0,0,0,0,0,0.3333333333333333,335.44645585857256,1
25,0,0,0,0,1,1,1,1,1,1,0,0,1,0,0,0,1,1,0,0,1,0,0,0,0,1,1,0,0,1,1,1,0,0,1,0,1,1,0,0,0,1,0,1,1,0,0,0,0,1,0,1,0,0,0.35185185185185186,340.56696869400383,1
26,0,0,0,0,1,1,1,1,1,1,0,1,1,0,0,0,1,0,0,0,1,0,0,0,0,1,1,0,0,1,1,0,0,0,1,1,1,1,0,0,0,1,0,1,1,0,0,0,0,1,0,0,0,0,0.3148148148148148,346.03176022751876,1
27,0,0,0,0,1,1,1,1,1,1,0,0,0,0,0,0,1,0,0,0,1,0,0,0,0,1,1,1,0,1,1,0,0,0,1,1,1,1,0,0,0,1,0,1,1,0,0,0,0,1,0,0,0,0,0.2962962962962963,285.81112025863087,1
28,0,0,0,0,1,1,1,1,1,1,0,1,1,0,0,0,1,1,0,0,1,0,0,0,0,1,1,1,0,1,1,1,0,0,1,1,1,1,0,0,0,1,0,1,1,0,0,0,0,1,0,0,0,1,0.2777777777777778,409.1693836657056,1
29,0,0,0,0,1,0,1,1,1,1,0,1,0,0,1,0,1,0,0,0,1,0,0,0,0,1,1,1,0,1,1,0,0,0,1,1,1,1,0,0,0,1,0,1,1,0,0,0,0,0,0,0,0,0,0.35185185185185186,347.9609167824187,1
30,0,0,0,0,1,1,1,1,1,0,0,1,1,0,0,0,1,1,0,0,1,0,0,0,0,1,1,0,0,1,1,0,0,0,1,1,1,1,0,0,0,1,0,1,1,0,0,0,0,1,0,1,0,0,0.2777777777777778,396.6113986282756,1
31,0,0,0,0,1,1,1,1,1,1,0,1,1,0,0,0,1,0,0,0,1,0,0,0,0,1,1,0,0,1,1,1,0,0,1,1,1,1,0,0,0,1,0,0,1,0,0,0,0,0,0,0,0,0,0.3333333333333333,366.40721226888684,1
32,0,0,0,0,1,1,1,1,1,1,0,1,0,0,0,0,1,1,0,0,0,0,0,0,0,1,1,0,0,1,1,0,0,0,1,1,1,1,0,0,0,0,0,1,1,0,0,0,0,1,0,0,0,0,0.25925925925925924,334.8741561602299,1
33,0,0,0,0,1,1,1,1,1,1,0,0,1,0,0,0,1,0,0,0,1,0,0,0,0,1,1,1,0,1,1,1,0,0,1,1,1,1,0,0,0,1,0,1,1,0,0,0,0,0,0,0,0,0,0.2777777777777778,296.75094685409533,1
34,0,0,0,0,1,1,1,1,1,1,0,0,1,0,0,0,1,0,0,0,1,0,0,0,0,1,1,0,0,1,1,0,0,0,1,1,1,1,0,0,0,1,0,1,1,0,0,0,1,0,0,0,0,0,0.3333333333333333,283.01037398390986,1
35,0,0,0,0,1,1,1,1,1,1,0,1,1,0,0,0,1,0,0,0,1,0,0,0,0,1,1,0,0,1,1,1,0,0,1,1,1,1,0,0,0,1,0,1,1,0,0,0,0,0,0,1,0,0,0.35185185185185186,347.551786993047,1
36,0,0,0,0,1,1,1,1,1,1,0,1,1,0,0,0,1,0,0,0,1,0,0,0,0,1,1,1,0,1,1,0,0,0,1,1,1,1,0,0,0,1,1,1,1,0,0,0,0,0,0,1,0,0,0.35185185185185186,341.756606966479,1
37,0,0,0,0,1,1,1,1,1,1,0,1,1,0,0,0,1,1,0,0,1,0,0,0,0,1,1,0,0,1,1,0,0,0,1,1,1,1,0,0,0,1,0,1,1,0,0,0,0,1,0,0,0,0,0.3333333333333333,434.4667266075468,1
38,0,0,0,0,1,1,1,1,1,1,0,0,1,0,0,0,1,1,0,0,0,0,0,0,0,1,1,1,0,1,1,0,0,0,1,0,1,1,0,0,0,1,0,0,1,0,0,0,0,1,0,0,0,0,0.2777777777777778,274.9451411305331,1
39,0,0,0,0,1,0,1,1,1,1,0,1,1,0,1,0,1,0,0,0,1,0,0,0,0,1,1,0,0,1,1,0,0,0,1,1,1,1,0,0,0,1,0,1,1,0,0,0,0,0,0,1,0,0,0.3333333333333333,370.64560005507775,1
40,0,0,0,0,1,1,1,1,0,1,0,1,1,0,0,0,1,1,0,0,0,0,0,0,0,1,1,0,0,1,1,1,0,0,1,1,1,1,0,0,0,0,0,1,1,0,0,0,0,1,0,0,0,0,0.2777777777777778,263.4956524546072,1
41,0,0,0,0,1,1,1,1,1,1,0,1,1,0,0,0,1,1,0,0,0,0,0,0,0,1,1,0,0,1,1,1,0,0,1,1,1,1,0,0,0,1,0,1,1,0,0,0,0,0,0,1,0,0,0.3333333333333333,331.1434537947774,1
42,0,0,0,0,1,1,1,1,1,1,0,1,0,0,0,0,1,1,0,0,1,0,0,0,0,1,1,1,0,1,1,1,0,0,1,1,1,1,0,0,0,1,0,1,1,0,0,0,0,1,0,0,0,0,0.37037037037037035,379.8992739800929,1
43,0,0,0,0,1,1,1,1,1,1,0,0,1,0,0,0,1,0,0,0,1,0,0,0,0,1,1,0,0,1,1,1,0,0,1,1,1,1,0,0,0,1,0,1,1,0,0,0,0,1,0,1,0,0,0.37037037037037035,314.8280777063899,1
44,0,0,0,0,1,1,1,1,1,1,0,0,1,0,0,0,1,0,0,0,1,0,0,0,0,1,1,1,0,1,1,1,0,0,1,0,1,1,0,0,0,1,0,0,0,0,0,0,0,1,0,1,0,0,0.3148148148148148,288.65628868150105,1
45,0,0,0,0,1,1,1,0,1,1,0,1,1,0,0,0,1,1,0,0,1,0,0,0,0,1,1,0,0,1,1,1,0,0,1,1,1,1,0,0,0,1,0,1,1,0,0,0,0,1,0,0,0,0,0.35185185185185186,376.4366720337293,1
46,1,0,0,0,1,1,1,1,1,1,0,1,1,0,0,0,1,0,0,0,1,0,0,0,0,1,1,1,0,1,1,0,0,0,1,1,1,1,0,0,0,1,0,1,1,0,0,0,0,0,0,0,0,0,0.37037037037037035,374.60133295172085,1
47,0,0,0,0,1,1,1,1,1,1,0,0,1,0,1,0,1,0,0,0,1,0,0,0,0,1,1,1,0,1,1,1,0,0,1,1,1,1,0,0,0,1,0,1,1,0,0,0,0,1,0,0,0,0,0.2962962962962963,356.9603483180365,1
48,0,0,0,0,1,1,1,1,1,1,0,0,1,0,0,0,1,0,0,0,1,0,0,0,0,1,1,1,0,1,1,0,0,0,1,1,1,1,0,0,0,0,0,1,1,0,0,0,0,1,0,1,0,0,0.2962962962962963,264.54814072957396,1
49,0,0,0,0,1,1,1,1,1,1,0,1,1,0,0,0,1,0,0,0,1,0,0,0,0,1,1,1,0,1,1,1,0,0,1,1,1,1,0,0,0,1,0,1,1,0,0,0,0,0,0,0,0,0,0.35185185185185186,345.8252507650792,1
50,0,0,0,0,1,1,1,1,1,1,0,1,1,0,0,0,1,0,0,0,1,0,0,0,0,1,1,1,0,1,1,1,0,0,1,1,1,1,0,0,0,1,0,1,1,0,0,0,0,1,0,1,0,0,0.35185185185185186,345.88032983925046,1
51,0,0,0,0,1,1,1,1,0,1,0,1,1,0,0,0,1,1,0,0,1,0,0,0,0,1,1,1,0,1,1,0,0,0,1,1,1,1,0,0,0,1,0,1,1,0,0,0,0,1,0,0,0,0,0.3148148148148148,338.5527727796165,1
52,0,0,0,0,1,1,1,1,1,1,0,1,0,0,0,0,1,0,0,0,1,0,0,0,0,1,1,1,0,1,1,0,0,0,1,1,1,1,0,0,0,1,0,1,1,0,0,0,0,0,0,0,0,0,0.35185185185185186,334.587201911959,1
53,0,0,0,0,1,1,1,1,1,1,0,0,1,0,0,0,1,1,0,0,1,0,0,0,0,1,1,1,0,1,1,1,0,0,1,0,1,1,0,0,0,0,0,1,1,0,0,0,0,1,0,0,0,0,0.3333333333333333,382.47817689898375,1
54,0,0,0,0,1,1,1,1,1,1,0,1,1,0,0,0,1,0,0,0,0,0,0,0,0,1,1,1,0,1,1,0,0,0,1,1,1,1,0,0,0,1,0,1,1,0,0,0,0,1,0,0,0,1,0.3333333333333333,351.4206227275134,1
55,0,0,0,0,1,1,1,1,1,1,0,1,1,0,0,0,1,0,0,0,1,0,0,0,0,1,1,1,0,1,1,0,0,0,1,1,1,1,1,0,0,1,0,1,1,0,0,0,1,0,0,1,0,0,0.3888888888888889,344.43044010023794,1
56,0,0,0,0,1,1,1,1,1,1,0,1,1,0,0,0,1,1,0,0,1,0,0,0,0,1,1,1,0,1,1,0,0,0,1,1,1,1,0,0,0,1,0,1,1,0,0,0,0,1,0,1,0,0,0.2777777777777778,404.97143774137226,1
57,0,0,0,0,1,1,1,1,0,1,0,0,1,0,0,0,1,1,0,0,1,0,0,0,0,1,1,0,0,1,1,0,0,0,1,0,1,1,0,0,0,1,0,1,0,0,0,0,0,1,0,1,0,0,0.3148148148148148,302.20088705911246,1
58,1,0,0,0,1,1,1,1,1,1,0,0,1,0,0,0,1,1,0,0,1,0,0,0,0,1,1,0,0,1,1,1,0,0,1,1,1,1,0,0,0,1,0,1,1,0,0,0,0,0,0,0,0,0,0.3148148148148148,361.1140631581789,1
59,1,0,0,0,1,1,1,1,1,1,0,0,1,0,0,0,1,1,0,0,1,0,0,0,0,1,1,1,0,1,1,0,0,0,1,1,1,1,0,0,0,1,0,0,1,0,0,0,0,1,0,0,0,0,0.2777777777777778,359.2664848177056,1
60,0,0,0,0,1,1,1,1,1,1,0,1,1,0,0,0,1,0,0,0,1,0,0,0,0,1,1,0,0,1,1,1,0,0,1,1,1,0,0,0,0,1,0,1,1,0,0,0,0,1,0,1,0,0,0.3333333333333333,354.81651167301885,1
61,0,0,0,0,1,1,1,1,1,1,0,0,1,0,0,0,1,0,0,0,1,0,0,0,0,1,1,1,0,1,1,0,0,0,1,1,1,1,0,0,0,1,0,0,1,0,0,0,0,1,0,1,0,0,0.3333333333333333,281.0836336336902,1
62,0,0,0,0,1,1,0,1,1,1,0,0,1,0,0,0,1,0,0,0,1,0,0,0,0,1,1,0,0,1,1,0,0,0,1,1,1,1,0,0,0,1,0,1,1,0,0,0,0,0,0,1,0,0,0.2962962962962963,282.08879974295405,1
63,0,0,0,0,1,1,1,1,1,1,0,0,1,0,0,0,1,0,0,0,1,0,0,0,0,1,1,1,0,1,1,0,0,0,1,1,1,1,0,0,0,1,0,1,1,0,0,0,0,1,0,0,0,0,0.3888888888888889,289.7817404786315,1
64,0,0,0,0,1,1,1,1,1,1,0,1,1,0,0,0,1,0,0,0,1,0,0,0,0,1,1,1,0,1,1,0,0,0,1,1,1,1,1,0,0,1,0,0,0,0,0,0,0,0,0,1,0,0,0.2962962962962963,347.53508171783017,1
65,0,0,0,0,1,1,0,1,1,1,0,1,1,0,0,0,1,0,0,0,1,0,0,0,0,1,1,0,0,1,1,0,0,0,1,1,1,1,0,0,0,1,0,1,1,0,0,0,1,1,0,0,0,0,0.3148148148148148,329.32815940588017,1
66,0,0,0,0,1,1,1,1,1,1,0,1,1,0,0,0,1,0,0,0,1,0,0,0,0,1,1,0,0,1,1,0,0,0,1,1,1,1,0,1,0,1,0,1,1,0,0,0,0,0,0,0,0,0,0.2962962962962963,355.81189764694085,1
67,0,0,0,0,1,1,1,1,1,1,0,0,1,0,0,0,1,1,0,0,1,0,0,0,0,1,1,0,0,1,1,0,0,0,1,0,1,1,0,0,0,0,1,0,1,0,0,0,0,1,0,0,0,1,0.25925925925925924,396.1034077846568,1
68,0,0,0,0,1,1,1,1,0,1,0,0,1,0,0,0,1,0,0,0,1,0,0,0,0,1,1,1,0,1,1,1,0,0,1,1,1,1,0,0,0,1,0,1,1,0,0,0,0,0,1,0,0,0,0.3333333333333333,400.6011755475626,1
69,0,0,0,0,1,1,1,1,1,1,0,1,1,1,0,0,1,0,0,0,1,0,0,0,0,1,1,1,0,1,1,0,0,0,1,1,1,1,0,0,0,1,0,1,1,0,0,0,0,1,0,1,0,0,0.2962962962962963,371.87178355327825,1
70,0,0,0,0,1,1,1,1,1,1,0,0,0,0,0,0,1,0,0,0,1,0,0,0,0,1,1,1,0,1,1,0,0,0,1,1,1,1,1,0,0,1,0,1,0,0,0,0,1,0,0,0,0,1,0.3333333333333333,326.36188001633207,1
71,0,0,0,0,1,1,1,1,1,0,0,1,1,0,0,0,1,0,0,0,1,0,0,0,0,1,1,0,0,1,1,1,0,0,1,1,1,1,0,0,0,1,0,1,1,0,0,0,0,0,0,1,0,0,0.3333333333333333,335.243807401135,1
72,1,0,0,0,1,1,1,1,1,1,0,0,1,1,0,0,1,0,0,0,1,0,0,0,0,1,1,0,0,1,1,0,0,0,1,1,1,1,0,0,0,1,0,1,0,0,0,0,0,1,0,1,0,0,0.2962962962962963,328.56866466462105,1
73,0,0,0,0,1,1,1,1,1,1,0,0,1,0,0,0,1,0,0,0,1,0,0,1,0,1,1,1,0,1,1,0,0,0,1,1,1,1,0,0,0,1,0,1,1,0,0,0,0,0,0,0,0,0,0.3333333333333333,356.28451878347016,1
74,0,0,0,0,1,0,1,1,1,1,0,1,0,0,1,0,1,0,0,0,1,0,0,0,0,1,1,1,0,1,1,0,0,0,1,1,1,1,0,0,0,1,0,1,1,0,0,0,0,0,0,1,0,0,0.35185185185185186,343.0896473372994,1
75,0,0,0,0,1,1,1,1,1,1,0,1,1,0,0,0,1,1,0,0,1,0,0,0,0,1,1,0,0,1,1,1,0,0,1,1,1,1,0,0,0,1,0,1,1,0,0,0,0,1,0,1,0,0,0.3888888888888889,401.16551547728307,1
76,0,0,0,0,1,1,1,1,1,1,0,1,1,0,0,0,1,1,0,0,1,0,0,0,0,1,1,1,0,1,1,1,0,0,1,0,1,1,0,0,0,0,0,0,1,0,0,0,0,1,0,1,0,1,0.3148148148148148,475.5624837824823,1
77,0,0,0,0,1,0,1,1,1,1,0,1,0,0,1,0,1,0,0,0,1,0,0,0,0,1,1,1,0,1,1,1,0,0,1,1,1,1,0,0,0,0,0,1,1,0,0,0,0,1,0,0,0,0,0.35185185185185186,331.2754670989063,1
78,0,0,0,0,1,1,1,1,1,1,0,1,1,0,0,0,1,0,0,0,1,0,0,0,0,1,1,0,0,1,1,0,0,0,1,1,1,1,0,0,0,1,1,1,0,0,0,0,1,0,0,0,0,0,0.3148148148148148,373.8411879848402,1
79,0,0,0,0,1,1,1,1,1,1,0,1,1,0,0,0,1,0,0,0,0,0,0,0,0,1,1,1,0,1,1,1,0,0,1,1,1,1,0,0,0,1,0,1,1,0,0,0,0,0,0,0,0,0,0.37037037037037035,290.47444395206776,1
80,0,0,0,0,1,1,1,1,1,1,0,1,1,0,0,0,1,1,0,0,1,0,0,0,0,1,1,0,0,1,1,1,0,0,1,1,1,1,0,0,0,1,0,1,1,0,0,0,0,0,0,0,0,0,0.3888888888888889,443.1967661030409,1
81,0,0,0,0,1,1,1,1,1,1,0,1,0,0,0,0,1,0,0,0,1,0,0,0,0,1,1,1,0,1,1,1,0,0,1,1,1,1,0,0,0,1,0,0,1,0,0,0,0,1,0,0,0,0,0.2962962962962963,325.5935928417866,1
82,0,0,0,0,1,1,1,1,0,1,0,1,0,0,0,0,1,0,0,0,1,0,0,0,0,1,1,0,0,1,1,0,0,0,1,1,1,1,1,0,0,1,0,1,1,0,0,0,0,1,1,0,0,0,0.3333333333333333,440.81739052036033,1
83,0,0,0,0,1,1,1,1,0,1,0,1,0,0,0,0,1,1,0,0,1,0,0,0,0,1,1,1,0,1,1,0,0,0,1,1,1,1,0,0,0,1,0,1,1,1,0,0,0,1,0,0,0,0,0.2962962962962963,324.32795642240274,1
84,0,0,0,0,1,1,1,1,1,0,0,1,1,0,0,0,1,0,0,0,1,0,0,0,0,1,1,1,0,1,1,0,0,0,1,1,1,1,0,0,0,1,1,1,1,0,0,0,0,1,0,0,0,0,0.2777777777777778,327.891585294648,1
85,0,0,0,0,1,1,1,1,1,1,0,0,0,0,0,0,1,0,0,0,1,0,0,0,0,1,1,1,0,1,1,1,0,0,1,1,1,1,0,0,1,1,0,1,1,0,0,0,0,1,0,0,0,0,0.3333333333333333,353.69445269282187,1
86,0,0,0,0,1,1,1,1,0,1,0,0,1,0,0,0,1,0,0,0,1,0,0,0,0,1,1,1,0,1,1,1,0,0,1,1,1,1,0,0,0,1,0,1,1,0,0,0,0,1,0,0,0,0,0.3148148148148148,340.04181281480305,1
87,0,0,0,0,1,1,1,1,1,1,0,1,1,0,0,0,1,0,0,0,1,0,0,0,0,1,1,1,0,1,1,1,0,0,1,1,1,1,0,0,0,1,0,1,1,0,0,0,0,1,0,1,0,0,0.37037037037037035,345.88032983925046,1
88,0,0,0,0,1,1,1,1,1,0,0,0,1,0,0,0,1,0,0,0,1,0,0,0,0,1,1,0,0,1,1,0,0,0,1,1,1,1,0,0,0,1,0,1,1,0,0,0,1,0,0,1,0,0,0.35185185185185186,282.61591612947984,1
89,0,0,0,0,1,1,1,1,1,0,0,1,1,0,0,0,1,0,0,0,1,0,0,0,0,1,1,0,0,1,1,0,0,0,1,1,1,1,0,0,0,1,0,1,1,0,0,0,0,1,0,0,0,0,0.37037037037037035,331.067802949476,1
90,0,0,0,0,1,1,1,1,1,1,0,0,0,1,0,0,1,0,0,0,1,0,1,0,0,1,1,0,0,1,1,0,0,0,1,1,1,1,0,0,0,1,0,1,1,0,0,0,0,0,0,0,0,0,0.37037037037037035,337.488217907417,1
91,1,0,0,0,1,1,0,1,1,1,0,0,1,0,0,0,1,0,0,0,0,0,0,0,0,1,1,1,0,1,1,0,0,0,1,1,1,1,0,0,0,1,0,1,1,0,0,0,0,1,0,0,0,0,0.3148148148148148,278.55263343690797,1
92,0,0,0,0,1,1,1,1,1,1,0,0,0,0,0,0,1,1,0,0,1,1,0,0,0,1,1,1,0,1,1,1,0,0,1,0,1,1,0,0,0,1,0,1,1,0,0,0,0,1,0,0,0,0,0.37037037037037035,336.7158414520863,1
93,0,0,0,1,1,1,1,1,1,1,0,0,1,0,0,0,1,0,0,0,1,0,1,0,0,1,1,0,0,1,1,1,0,0,1,1,1,1,0,0,0,1,0,1,0,0,1,0,0,0,0,0,0,0,0.3148148148148148,321.76786869845256,1
94,0,0,0,0,1,1,1,1,0,1,0,0,0,0,0,0,1,0,0,0,1,0,0,0,0,1,1,1,0,1,1,0,0,0,1,1,1,0,0,0,0,1,0,1,1,0,0,0,0,1,0,0,0,0,0.3888888888888889,274.23180642809604,1
95,0,0,0,0,1,1,0,1,1,1,0,1,0,0,0,0,1,1,0,0,1,0,0,0,0,1,1,0,0,1,1,0,0,0,1,1,1,1,0,0,0,0,0,1,1,0,0,0,1,1,0,0,0,0,0.2962962962962963,414.946151864875,1
96,0,0,0,0,1,1,1,1,1,1,0,0,0,0,0,0,1,0,0,0,1,0,0,0,0,1,1,0,0,1,1,0,0,0,1,1,1,1,0,0,0,1,0,1,1,0,0,0,0,0,0,0,0,0,0.3333333333333333,274.21319057090494,1
97,0,0,0,0,1,1,0,1,1,0,0,1,1,0,0,0,1,0,0,0,1,0,0,0,0,1,1,1,0,1,1,1,0,0,1,1,1,1,0,0,0,1,1,0,1,0,0,0,1,1,0,0,0,0,0.35185185185185186,327.20547407212575,1
98,0,0,0,0,1,1,0,1,1,1,0,1,1,0,1,0,1,0,0,0,1,0,0,0,0,1,1,0,0,1,1,1,0,0,1,1,1,1,0,0,0,1,1,1,1,0,0,0,0,1,0,1,0,0,0.37037037037037035,410.4133207774844,1
