,0,1,2,3,4,5,6,7,8,9,10,11,12,13,14,15,16,17,18,19,20,21,22,23,24,25,26,27,28,29,30,31,32,33,34,35,chain_break_fraction,energy,num_occurrences
0,0,1,1,1,0,0,1,0,1,0,1,1,0,0,1,0,0,1,1,0,0,0,0,1,0,0,0,1,1,0,1,1,0,0,1,0,0.19444444444444445,6.662663881417871,1
1,0,1,1,1,0,0,1,0,1,0,1,0,1,0,1,0,0,1,1,0,0,0,1,0,0,0,0,1,1,0,1,1,0,0,1,0,0.3055555555555556,3.602503373714157,1
2,0,1,1,1,0,0,1,0,1,0,1,1,0,0,1,0,0,0,1,0,0,0,1,1,0,0,0,1,1,0,1,1,0,0,1,0,0.2222222222222222,4.95450651465201,1
3,0,1,1,1,0,0,1,0,1,0,1,0,1,0,1,0,0,0,0,1,0,0,0,0,0,0,0,1,1,0,1,1,0,0,0,0,0.19444444444444445,2.437929600587352,1
4,0,1,1,1,0,0,1,0,1,0,1,0,1,0,1,0,0,1,1,1,0,0,0,0,0,0,0,1,1,0,1,1,0,0,1,1,0.2222222222222222,5.92934666572391,1
5,0,1,1,1,0,0,1,0,1,0,1,0,1,0,1,0,0,0,1,0,0,0,0,0,0,0,0,1,1,0,1,1,0,0,1,0,0.2777777777777778,0.5093709469173106,1
6,0,1,1,1,1,0,1,0,0,0,1,0,0,0,1,1,0,0,0,0,0,0,0,0,0,0,0,1,1,0,1,1,0,0,1,0,0.16666666666666666,5.079229184226979,1
7,0,1,1,1,1,0,1,0,1,0,1,0,1,0,1,0,0,1,1,1,0,0,0,0,0,0,0,1,1,0,1,1,1,0,1,0,0.25,4.376381717517374,1
8,0,1,1,1,1,0,1,0,1,0,1,1,0,0,1,1,0,1,1,1,0,0,0,0,0,0,0,1,1,0,1,1,0,0,1,0,0.19444444444444445,14.68849247001607,1
9,0,1,1,1,0,0,1,0,1,0,1,0,1,0,1,0,0,1,1,0,0,0,1,0,0,0,0,1,1,0,1,1,0,0,1,0,0.3333333333333333,3.602503373714157,1
10,0,1,1,1,0,0,1,0,1,0,1,0,0,0,1,0,0,1,1,1,0,0,0,0,0,0,0,1,1,0,1,1,0,0,1,0,0.2777777777777778,4.461745510435278,1
11,0,1,1,1,0,0,1,0,0,0,1,1,0,0,1,0,0,1,1,1,0,0,0,0,0,0,0,1,0,0,1,1,1,0,1,0,0.16666666666666666,4.416181406584795,1
12,0,1,1,1,1,0,1,0,0,0,1,1,0,0,1,0,0,1,1,0,0,0,1,1,0,0,0,1,1,0,1,1,0,0,1,0,0.25,7.721851300999496,1
13,0,1,1,1,0,0,0,0,1,0,1,0,1,0,1,0,0,0,0,1,0,0,0,0,0,0,0,1,1,0,1,1,0,0,1,0,0.1388888888888889,1.2675965489588643,1
14,0,1,1,1,0,0,1,0,1,0,1,0,1,0,1,0,0,0,1,1,0,0,0,0,0,0,0,1,1,0,1,1,0,0,0,0,0.19444444444444445,2.7219848190207383,1
15,0,1,1,1,0,0,1,0,1,0,1,0,0,0,1,0,0,1,1,0,0,0,0,0,0,0,0,1,1,1,1,1,0,0,0,0,0.2777777777777778,6.095935273764146,1
16,0,1,1,1,0,0,1,0,0,0,1,0,0,0,1,0,0,1,0,0,0,0,0,0,0,0,0,1,0,1,1,1,1,0,1,0,0.16666666666666666,2.8646714121430232,1
17,0,1,1,1,0,0,1,0,0,0,1,1,0,0,1,0,0,1,0,0,0,0,0,1,0,0,0,1,0,0,1,1,1,0,1,0,0.1388888888888889,4.648278296861295,1
18,0,1,1,1,0,0,1,0,0,0,1,0,1,0,1,0,0,1,1,1,0,0,1,0,0,0,0,1,0,0,1,1,0,0,1,1,0.2777777777777778,7.50766835061072,1
19,0,1,1,1,0,0,1,0,1,0,1,0,0,0,1,0,0,1,1,0,0,0,0,0,0,0,0,1,0,1,1,1,0,0,0,0,0.2777777777777778,5.859805623113736,1
20,0,1,1,1,1,0,1,0,1,0,1,0,1,0,1,0,0,0,1,1,0,0,1,0,0,0,0,1,1,0,1,1,0,0,0,0,0.19444444444444445,4.229019183649785,1
21,0,1,1,1,1,0,1,0,1,0,1,0,1,0,1,0,0,0,0,0,1,0,0,0,0,1,0,1,1,0,1,1,1,0,1,0,0.08333333333333333,0.7526340670056982,1
22,0,1,1,1,1,0,1,0,1,0,1,0,0,0,1,0,0,1,1,0,0,0,0,0,0,0,0,1,1,0,1,1,1,0,1,0,0.19444444444444445,3.2229547428865146,1
23,0,1,1,1,0,0,1,0,1,0,1,0,0,0,1,0,0,1,1,1,0,0,0,0,0,0,1,1,1,0,1,1,1,0,1,0,0.2222222222222222,4.612537478002088,1
24,0,1,1,1,0,0,1,0,1,0,1,0,1,0,1,0,0,1,1,0,0,0,0,0,0,0,0,1,1,0,1,1,0,0,1,0,0.2777777777777778,4.642802051501754,1
25,0,1,1,1,0,0,0,0,1,0,1,1,0,0,1,0,0,1,1,0,0,0,0,1,0,0,0,1,1,0,1,1,0,0,1,0,0.2222222222222222,5.329689506542746,1
26,0,1,1,1,0,0,1,0,1,0,1,0,1,0,1,0,0,1,1,0,0,0,0,0,0,0,0,1,1,0,1,1,0,0,1,0,0.2777777777777778,4.642802051501754,1
27,0,1,1,1,0,0,1,0,1,0,1,0,1,0,1,0,0,1,1,1,0,0,0,0,0,0,0,1,1,0,1,1,0,0,0,0,0.25,5.878633711027891,1
28,0,1,1,1,0,0,1,0,1,0,1,0,0,0,1,0,0,1,0,1,0,0,0,0,0,0,0,1,1,0,1,1,0,0,1,0,0.2222222222222222,3.9551136935831206,1
29,0,1,1,1,1,0,1,0,1,0,1,0,1,0,1,0,0,1,1,0,0,0,1,0,0,0,0,1,1,0,1,1,0,0,1,0,0.3888888888888889,5.475820785084454,1
30,0,1,1,1,0,0,1,0,1,0,1,0,1,0,1,0,0,1,0,1,0,0,1,0,0,0,0,1,1,0,1,1,0,0,1,1,0.2222222222222222,5.929346665723937,1
31,0,1,1,1,0,0,1,0,1,0,1,0,0,0,1,0,0,1,0,1,0,0,0,0,0,0,0,1,1,0,1,1,0,0,1,0,0.2222222222222222,3.9551136935831206,1
32,0,1,1,1,0,0,1,0,1,0,1,0,1,0,1,0,0,0,1,0,0,0,0,0,0,0,0,1,1,0,1,1,0,0,1,0,0.16666666666666666,0.5093709469173106,1
33,0,1,1,1,0,0,0,0,1,0,1,1,0,0,1,0,0,1,0,0,0,0,0,1,0,0,0,1,1,0,1,1,1,0,1,0,0.25,3.8320997148377467,1
34,0,1,1,1,0,0,1,0,1,0,1,1,0,0,1,0,0,1,1,0,1,0,0,0,0,0,0,1,1,1,1,1,0,0,1,0,0.19444444444444445,7.201300502694842,1
35,0,1,1,1,0,0,1,0,1,0,1,1,0,0,1,0,0,0,0,0,0,0,0,0,0,0,0,1,1,0,1,1,0,0,1,0,0.1111111111111111,4.286716238600653,1
36,0,1,1,1,0,0,1,0,1,0,1,0,1,0,1,0,0,1,1,1,0,0,0,0,0,0,0,1,1,0,1,1,1,0,0,0,0.2222222222222222,4.318449307091859,1
37,0,1,1,1,1,0,0,0,0,0,1,0,1,0,1,0,0,1,1,0,0,0,0,0,0,0,0,1,1,1,1,1,0,0,1,0,0.25,4.732389503574673,1
38,0,1,1,1,1,0,1,0,0,0,1,0,1,0,1,0,0,0,1,0,0,0,0,0,0,0,0,1,1,1,1,1,0,0,1,0,0.19444444444444445,3.2475426691383635,1
39,0,1,1,1,0,0,1,0,1,0,1,0,1,0,1,0,0,1,1,0,0,0,1,0,0,0,0,1,0,0,1,1,0,0,1,0,0.3888888888888889,4.523523974517674,1
40,0,1,1,1,0,0,0,0,1,0,1,0,0,0,1,0,0,1,0,1,0,0,1,0,0,0,0,1,1,0,1,1,0,0,1,0,0.1388888888888889,4.39596374710115,1
41,0,1,1,1,1,0,1,0,0,0,1,0,1,0,1,0,0,0,0,1,0,0,0,0,0,0,0,1,0,0,1,1,0,0,1,0,0.1111111111111111,1.6894344950646216,1
42,0,1,1,1,0,0,1,0,1,0,1,0,1,0,1,0,0,1,1,0,0,0,0,0,0,0,1,1,1,1,1,1,0,0,1,0,0.25,4.457013079164779,1
43,0,1,1,1,0,0,1,0,0,0,0,1,0,0,1,0,0,1,0,0,0,0,0,1,0,0,0,1,1,0,1,1,0,0,0,0,0.19444444444444445,6.231285472995792,1
44,0,1,1,1,0,0,0,0,1,0,1,0,1,0,1,0,0,1,1,0,0,0,0,0,0,0,0,1,0,1,1,1,0,0,1,0,0.25,3.6864929457206,1
45,0,1,1,1,1,0,1,0,0,0,1,1,0,0,1,0,1,0,0,0,0,0,0,1,0,0,0,1,0,0,1,1,0,0,1,0,0.16666666666666666,5.44564461162702,1
46,0,1,1,1,0,0,1,0,0,0,1,0,0,0,1,0,0,1,1,0,0,0,1,0,0,0,0,1,0,0,1,1,1,0,1,0,0.25,1.3324241557879382,1
47,0,1,1,1,0,0,1,0,1,0,0,0,1,0,1,0,0,0,1,1,0,0,0,0,0,0,0,1,0,0,1,1,0,0,1,0,0.2222222222222222,1.8902453864767188,1
48,0,1,1,1,0,0,0,0,1,0,1,1,0,0,1,0,0,1,1,0,1,0,0,1,0,0,0,1,1,0,1,0,1,0,1,1,0.19444444444444445,7.056399127528605,1
49,0,1,1,1,1,0,1,0,1,0,0,1,0,0,1,0,0,1,1,0,0,0,0,1,0,0,0,1,1,0,0,1,1,0,1,0,0.19444444444444445,6.226364822944022,1
50,0,1,1,1,0,0,1,0,1,0,1,0,1,0,1,0,0,1,1,0,0,0,0,0,0,0,0,1,1,0,1,1,1,0,1,1,0.1388888888888889,2.203538980597676,1
51,0,1,1,1,0,0,1,0,1,0,1,1,0,0,1,0,0,1,1,1,0,0,1,0,0,0,0,1,1,0,1,0,1,0,1,1,0.2222222222222222,7.215077192712473,1
52,0,1,1,1,1,0,1,0,0,0,0,1,0,0,1,1,0,1,1,0,0,0,0,1,0,0,0,1,1,0,1,1,1,0,1,0,0.19444444444444445,8.125155219201655,1
53,0,1,1,1,0,0,1,0,1,0,1,1,0,0,1,1,0,1,0,0,0,0,0,0,0,1,0,1,1,0,1,1,1,0,1,1,0.2222222222222222,5.793499337964251,1
54,0,1,1,1,0,0,0,0,1,0,1,0,1,0,1,0,0,1,1,0,0,0,1,0,0,0,0,1,1,1,1,1,0,0,1,0,0.2777777777777778,5.557404117563636,1
55,0,1,1,1,0,0,1,0,1,0,1,0,1,0,1,0,0,1,1,0,0,0,1,0,0,0,0,1,1,0,1,1,1,0,1,1,0.2222222222222222,3.0482903602535796,1
56,0,1,1,1,0,0,1,0,0,0,0,1,0,0,1,1,1,1,0,0,0,0,1,1,0,0,0,1,1,0,1,1,1,0,1,0,0.2222222222222222,9.05444186219127,1
57,0,1,1,1,0,0,1,0,0,0,1,0,1,0,1,0,0,1,0,1,0,0,0,0,0,0,0,1,1,0,1,0,1,0,1,0,0.25,3.603814256115778,1
58,0,1,1,1,1,0,1,0,1,0,1,1,0,0,1,0,0,0,0,0,0,0,1,1,0,0,0,1,1,0,0,1,1,0,1,0,0.1388888888888889,3.5685432951254317,1
59,0,1,1,1,1,0,1,0,0,0,1,0,0,1,1,0,1,0,0,0,0,0,0,1,0,0,0,1,0,0,1,1,1,0,1,0,0.1388888888888889,3.2407340274690632,1
60,0,1,1,1,0,0,1,0,0,0,1,0,1,0,1,0,0,1,0,0,0,0,1,0,0,0,0,1,1,0,1,1,0,0,1,0,0.25,3.1871282808498265,1
61,0,1,1,1,1,0,1,0,1,0,1,0,0,0,1,0,0,1,1,0,0,0,1,0,0,0,0,1,1,1,1,1,0,0,1,0,0.2777777777777778,6.568823856485759,1
62,0,1,1,1,0,0,1,0,1,0,0,0,1,0,1,0,0,1,1,0,0,0,1,0,0,1,0,1,0,1,1,1,0,0,1,0,0.3333333333333333,7.511915811592388,1
63,0,1,1,1,1,0,1,0,0,0,1,1,0,0,1,0,0,1,1,0,0,0,0,1,0,0,1,1,1,0,1,1,0,0,1,0,0.3055555555555556,5.501596578929531,1
64,0,1,1,1,1,0,0,0,1,0,1,0,1,0,1,0,0,1,0,0,0,0,0,0,0,0,0,1,0,1,1,1,1,0,1,0,0.25,4.228244444493923,1
65,0,1,1,1,1,0,1,0,1,0,1,0,1,0,1,0,0,1,1,0,0,0,1,0,0,0,0,1,1,0,1,1,1,0,1,0,0.3055555555555556,3.3981915619293996,1
66,0,0,1,1,0,0,1,0,1,0,1,0,1,0,1,0,0,1,1,0,0,0,0,0,0,0,0,1,1,0,1,1,1,0,1,0,0.2222222222222222,-0.6876461425697067,1
67,0,0,1,1,0,0,1,0,0,0,1,0,1,0,1,0,0,1,1,0,0,0,0,0,0,0,0,1,0,0,0,1,0,0,1,0,0.19444444444444445,1.7276076697167446,1
68,0,1,0,1,0,0,1,0,0,0,1,0,1,0,1,0,1,1,1,1,0,0,0,0,0,0,0,1,1,0,1,1,0,0,0,0,0.16666666666666666,6.588650101570661,1
69,0,1,1,1,0,0,0,0,0,0,1,0,1,0,1,0,1,0,0,0,0,0,0,0,0,0,1,1,1,0,1,1,1,0,1,0,0.1111111111111111,-1.0458175518435397,1
70,0,1,1,1,0,0,1,0,1,0,1,0,0,0,1,0,0,1,0,0,0,0,0,1,0,0,0,1,1,0,0,1,0,0,0,0,0.2222222222222222,7.324887337540554,1
71,0,1,1,1,0,0,1,0,1,0,1,0,1,0,1,0,1,0,0,0,0,0,0,0,0,0,1,1,1,0,1,1,1,0,0,0,0.16666666666666666,1.4550706927658277,1
72,0,1,1,1,0,0,1,0,1,0,1,1,0,0,1,0,0,1,1,0,0,0,1,1,0,0,0,1,1,0,1,1,0,0,1,0,0.3611111111111111,7.075434708990492,1
73,0,1,1,1,0,0,1,0,1,0,1,0,0,0,1,1,0,1,1,1,0,0,0,0,0,0,1,1,1,0,1,1,1,0,1,0,0.3055555555555556,5.760890747985189,1
74,0,1,1,1,1,0,1,0,1,0,1,1,0,0,1,0,0,0,1,0,0,0,0,0,0,0,0,1,1,1,1,1,0,0,0,0,0.25,6.394890714179416,1
75,0,1,1,1,0,0,1,0,1,0,1,0,1,0,1,0,0,1,0,0,0,0,1,0,0,0,0,1,1,0,1,1,1,0,1,0,0.16666666666666666,2.53976873959619,1
76,0,1,1,1,1,0,1,0,0,0,1,0,0,0,1,1,1,0,0,0,0,0,0,1,0,0,0,1,1,0,1,1,0,0,0,0,0.19444444444444445,8.041620788684297,1
77,0,1,1,1,1,0,0,0,1,0,1,1,0,0,1,0,0,1,0,0,0,0,0,1,0,0,0,1,0,0,1,1,1,0,1,0,0.08333333333333333,5.9918723996813075,1
78,0,1,1,1,0,0,0,0,1,0,0,1,0,0,1,0,0,1,1,0,0,0,1,1,0,0,0,1,1,0,1,1,0,0,1,1,0.3333333333333333,10.056302517421017,1
79,0,1,1,1,0,0,1,0,1,0,1,0,1,0,1,0,0,1,0,1,0,0,0,0,0,0,0,1,1,0,1,1,1,0,1,0,0.3055555555555556,3.0248744288136553,1
80,0,1,1,1,0,0,1,0,1,0,1,0,0,0,1,0,0,0,1,0,0,0,0,1,0,0,0,1,1,0,1,1,0,0,1,0,0.19444444444444445,3.3366952028058634,1
81,0,1,1,1,1,0,1,0,1,0,1,0,0,0,1,1,0,1,1,1,0,0,0,0,0,0,0,1,1,1,1,1,0,0,1,0,0.2222222222222222,11.332802506513447,1
82,0,1,1,1,1,0,1,0,1,0,0,1,0,0,1,1,0,1,1,0,0,0,0,0,0,0,0,1,1,1,1,1,1,0,1,0,0.3055555555555556,10.501915165988533,1
83,0,1,1,1,0,0,1,0,1,0,1,0,1,0,1,1,0,0,0,0,0,0,0,0,0,0,0,1,0,1,1,1,1,0,1,0,0.2222222222222222,4.233257941744371,1
84,0,1,1,1,0,0,1,0,1,0,1,0,1,0,1,0,0,0,1,0,0,0,1,0,0,0,0,1,1,0,1,1,0,0,1,0,0.3611111111111111,0.4732490105699273,1
85,0,1,0,1,1,0,1,0,0,0,0,0,1,0,1,0,0,0,0,0,0,0,0,0,0,1,1,1,1,0,0,1,1,0,1,0,0.1111111111111111,2.873756122956122,1
86,0,1,1,1,0,0,1,0,1,0,1,1,0,0,1,0,0,1,1,0,0,0,1,1,0,0,0,1,0,0,1,1,1,0,1,0,0.3055555555555556,5.237188479592109,1
87,0,1,1,1,1,0,1,0,0,0,1,0,1,0,1,0,0,1,1,0,0,0,0,1,0,0,1,1,1,0,1,1,1,0,1,0,0.25,3.81668554658461,1
88,0,1,1,1,0,0,1,0,1,0,1,1,0,0,1,0,0,1,1,1,0,0,1,1,0,0,0,1,1,0,1,1,0,0,1,0,0.2777777777777778,11.900976364135774,1
89,0,1,1,1,0,0,1,0,1,0,1,0,0,0,1,0,0,0,1,0,0,0,0,1,0,0,1,1,1,0,0,1,0,0,1,0,0.3055555555555556,3.7865372489600526,1
90,0,1,1,1,1,0,1,0,0,0,1,0,1,0,1,0,0,1,0,1,1,0,1,0,0,0,0,1,1,0,1,0,0,0,1,0,0.19444444444444445,7.279073807215901,1
91,0,1,1,1,0,0,1,0,1,0,0,0,0,0,1,0,0,1,1,1,0,0,1,1,0,0,0,1,1,0,1,1,0,0,1,0,0.2777777777777778,15.52197325941979,1
92,0,1,1,1,0,0,1,0,1,0,1,0,0,0,1,1,0,0,1,0,0,0,0,0,0,0,0,1,1,0,1,1,0,0,1,1,0.16666666666666666,1.7026802777732262,1
93,0,1,1,1,0,0,1,0,0,0,1,0,1,0,1,1,0,1,1,0,0,0,0,0,0,1,0,1,1,0,1,1,1,0,1,0,0.19444444444444445,4.95039680794927,1
94,0,1,1,1,0,0,0,0,0,0,1,0,1,0,1,0,1,0,0,0,0,0,0,0,0,0,0,1,0,1,0,1,0,0,1,0,0.16666666666666666,2.082934794985973,1
95,0,1,1,1,1,0,0,0,1,0,1,0,1,0,1,0,0,0,1,1,0,0,0,0,0,0,0,1,1,0,1,1,0,0,1,0,0.3055555555555556,2.4117285389251917,1
96,0,1,1,1,0,0,0,0,1,0,1,0,0,0,1,0,0,1,1,0,0,0,0,0,0,0,1,1,1,0,0,1,1,0,0,1,0.1388888888888889,2.2653249256627626,1
97,0,1,1,1,1,0,0,0,0,0,1,0,1,0,1,0,0,0,1,0,0,0,0,0,0,0,0,1,0,1,1,1,0,0,1,0,0.25,1.7569516457105125,1
98,0,1,0,1,1,0,1,0,1,0,1,0,1,0,1,0,0,1,1,1,0,0,0,0,0,0,1,1,1,0,0,1,0,0,1,0,0.25,4.90791323542689,1
99,0,1,1,1,1,0,0,0,0,0,1,0,0,0,1,0,0,0,0,0,0,0,0,0,0,0,0,1,0,1,1,1,1,0,1,0,0.16666666666666666,1.7790962969172137,1
