,0,1,2,3,4,5,6,7,8,9,10,11,12,13,14,15,16,17,18,19,20,21,22,23,24,25,26,27,28,29,30,31,32,33,34,35,36,37,38,39,40,41,42,43,44,45,46,47,48,49,50,51,52,53,chain_break_fraction,energy,num_occurrences
0,1,0,0,0,0,1,0,0,0,0,0,0,0,0,0,1,0,0,1,1,1,1,1,1,0,0,0,0,0,1,0,1,1,0,0,1,1,1,0,1,1,1,0,0,1,0,0,0,0,0,0,1,0,0,0.2037037037037037,388.45999828970605,1
1,1,0,0,0,0,1,0,0,0,0,0,0,0,0,0,1,0,0,1,1,1,1,0,0,1,0,0,0,0,1,0,1,0,0,0,1,1,1,0,1,1,1,0,0,0,0,0,0,0,0,0,0,0,0,0.24074074074074073,214.1603404150769,1
2,1,0,0,0,1,1,1,0,0,0,0,0,0,0,0,1,0,0,1,1,1,1,0,0,1,0,0,0,0,1,0,1,0,0,0,1,1,1,0,1,1,1,0,0,0,0,0,0,1,0,0,1,0,1,0.2222222222222222,331.38832289204845,1
3,0,0,0,1,0,0,0,0,0,0,0,0,0,0,0,1,0,0,1,1,1,1,0,1,1,0,0,0,1,1,0,1,0,1,0,1,1,1,0,1,1,1,0,0,0,0,0,0,0,0,0,0,0,0,0.16666666666666666,279.7907130554162,1
4,0,0,0,1,0,1,0,0,0,0,0,0,0,0,0,1,0,0,1,1,1,1,0,1,1,0,0,0,0,1,0,1,0,0,0,1,1,1,0,1,1,1,0,0,0,0,0,0,1,1,0,1,0,1,0.24074074074074073,386.48330984623965,1
5,1,0,0,0,1,1,0,0,0,0,0,0,0,0,0,1,0,0,1,1,1,1,0,1,1,0,0,1,0,1,0,1,1,1,0,1,1,1,0,1,1,1,0,0,0,0,0,0,1,0,0,1,0,0,0.2222222222222222,333.6183970542876,1
6,1,0,0,0,0,1,0,0,0,0,0,0,0,0,0,1,0,0,1,1,1,1,1,0,1,0,0,0,0,1,0,1,1,1,1,1,1,1,0,0,1,1,0,0,0,0,0,0,1,0,0,0,0,0,0.2037037037037037,372.9619302979842,1
7,0,0,0,0,0,0,0,0,0,1,0,0,1,0,0,1,0,0,1,1,1,0,1,1,1,0,0,0,0,1,0,1,1,0,0,1,1,1,0,1,1,1,0,1,0,0,0,0,0,0,0,1,0,0,0.2037037037037037,369.202874312528,1
8,0,0,0,0,0,1,0,0,0,0,0,0,0,0,0,1,0,0,1,1,1,1,0,1,1,0,0,0,0,1,0,1,0,0,1,1,1,1,0,1,1,1,0,0,0,0,0,0,0,0,0,0,0,1,0.2222222222222222,340.8166202370115,1
9,1,0,0,0,0,0,0,0,0,0,0,0,0,1,0,1,0,0,1,1,1,1,1,0,1,0,0,0,0,1,0,1,0,1,0,1,1,1,0,1,1,1,0,0,0,0,0,0,1,0,0,0,0,1,0.2222222222222222,385.60214231872914,1
10,0,0,0,0,1,1,1,0,0,0,0,0,0,0,0,1,0,0,0,1,1,1,0,1,0,0,0,0,0,1,0,1,1,0,0,1,1,1,0,1,1,1,0,0,0,0,0,0,0,0,0,1,0,0,0.24074074074074073,302.0575512971355,1
11,0,0,0,0,0,1,1,0,0,0,0,0,0,0,0,1,0,0,1,0,1,1,0,1,1,0,0,0,0,1,0,0,0,0,0,1,1,1,0,1,1,1,0,0,0,0,0,0,0,1,1,0,0,0,0.18518518518518517,303.67534247227223,1
12,1,0,0,0,0,1,0,0,0,0,0,0,0,0,0,0,0,0,1,1,1,1,0,0,1,0,0,0,0,1,0,1,1,0,0,1,1,1,0,0,1,1,0,0,0,0,0,0,0,0,0,0,0,0,0.2037037037037037,315.9341714874214,1
13,0,0,0,0,1,1,1,0,0,0,0,0,0,1,0,1,0,0,1,1,1,1,1,1,1,0,0,0,0,1,1,1,0,0,0,1,1,1,0,1,1,1,0,1,0,0,0,0,1,0,0,0,0,0,0.24074074074074073,247.9377944474242,1
14,1,0,0,0,0,1,0,0,0,0,0,0,0,0,0,1,0,0,1,1,1,1,0,1,1,0,0,0,0,1,1,1,0,0,0,1,1,1,0,1,1,1,0,0,0,0,0,0,1,0,0,0,0,0,0.24074074074074073,224.44872934348368,1
15,1,0,0,1,0,0,0,0,0,0,0,0,0,0,0,1,0,0,0,1,0,1,1,1,1,0,0,0,0,1,0,1,1,1,0,1,0,1,0,1,1,1,0,0,0,0,0,0,0,1,0,0,0,0,0.2037037037037037,416.09123853673424,1
16,0,0,0,0,0,1,1,0,0,0,0,0,0,0,0,1,0,0,1,1,1,1,0,1,0,0,0,0,0,1,0,1,1,0,1,1,0,1,0,1,1,1,0,1,0,0,0,0,0,1,0,1,0,0,0.2222222222222222,474.52305387063296,1
17,1,0,0,1,0,0,1,0,0,0,0,0,0,0,0,1,0,0,1,0,1,1,0,0,1,0,0,0,0,1,0,1,1,0,0,1,0,1,0,1,1,1,0,0,0,0,0,0,0,1,0,0,0,0,0.18518518518518517,460.8103762978626,1
18,1,0,0,0,0,1,1,0,0,0,0,0,0,0,0,1,0,0,1,0,1,1,0,1,1,1,0,0,0,1,0,1,0,0,0,1,1,1,0,1,1,1,0,0,0,0,0,0,0,1,0,1,0,1,0.24074074074074073,329.02308359229306,1
19,0,0,0,0,0,1,0,0,0,0,0,0,1,0,0,1,0,0,1,1,1,1,0,0,1,0,0,0,0,1,1,1,0,0,0,1,0,1,0,1,1,1,0,1,0,0,0,0,0,0,0,1,0,0,0.24074074074074073,282.17036268424675,1
20,0,0,0,0,0,1,1,0,0,0,0,0,0,0,0,1,0,0,1,1,1,0,1,1,1,0,0,0,0,1,0,1,1,0,0,1,0,1,0,1,1,1,1,1,0,0,0,0,0,1,0,1,0,0,0.2222222222222222,386.50890520776034,1
21,1,0,0,0,1,1,0,0,0,0,0,0,0,0,0,1,0,0,1,1,1,1,0,1,1,0,0,0,0,1,1,1,0,0,0,1,1,1,0,1,1,1,0,0,0,0,0,0,0,0,0,0,0,0,0.24074074074074073,214.64694110993392,1
22,1,0,0,0,0,1,0,0,0,0,0,0,0,0,0,1,0,0,0,0,1,1,0,1,1,0,0,0,0,1,0,1,0,0,1,1,1,1,0,1,1,1,0,0,0,0,0,0,0,0,0,0,0,0,0.2222222222222222,241.5802378807288,1
23,0,0,0,0,0,1,1,0,0,0,0,0,1,0,0,1,0,0,1,1,1,1,0,0,1,0,0,0,0,1,0,1,0,0,0,1,1,1,0,1,1,1,0,1,0,0,0,0,1,1,0,0,0,0,0.2777777777777778,323.5482148175548,1
24,1,0,0,0,0,1,1,0,0,0,0,0,0,0,0,1,0,0,0,0,1,1,0,1,0,0,0,0,0,1,1,1,0,0,0,1,1,1,0,1,1,1,0,0,0,0,0,0,0,1,0,0,0,0,0.2037037037037037,270.26915073930985,1
25,1,0,0,0,0,1,0,0,0,1,0,0,1,0,0,1,0,0,1,0,1,1,0,1,1,0,0,0,0,1,0,1,0,0,0,1,1,1,0,1,1,1,0,0,0,0,0,0,1,1,0,0,0,0,0.16666666666666666,227.15505626297596,1
26,0,0,0,0,0,1,0,0,0,0,0,0,0,0,0,1,0,0,1,1,1,1,1,0,1,0,0,0,0,1,0,1,0,0,1,1,1,1,0,1,1,1,0,0,0,0,0,0,0,1,0,1,0,0,0.25925925925925924,323.83712997467484,1
27,0,0,0,1,0,1,0,0,0,0,0,0,0,0,0,1,0,0,1,1,1,1,0,0,1,0,0,0,0,1,0,1,0,0,1,1,1,1,0,1,1,1,0,0,0,0,0,0,0,1,0,1,0,0,0.24074074074074073,345.75342158711777,1
28,1,0,0,1,0,1,1,0,0,0,1,0,0,0,0,1,0,0,0,0,0,1,0,1,1,0,0,0,0,1,0,1,0,0,0,1,1,1,0,1,1,1,0,0,0,0,0,0,0,0,0,0,0,1,0.18518518518518517,276.3260238742458,1
29,1,1,1,1,1,0,0,1,0,1,1,1,0,1,1,0,1,1,0,0,0,0,0,0,0,1,0,1,0,0,1,0,0,1,1,0,0,0,1,0,0,0,1,1,0,1,1,1,1,0,0,0,1,0,0.18518518518518517,416.81976096979366,1
30,1,0,0,0,0,1,1,0,0,0,0,0,1,0,0,1,0,0,0,1,1,1,0,1,1,0,0,0,0,1,0,1,0,1,0,1,1,1,0,1,1,1,0,1,0,0,0,0,0,1,0,1,0,0,0.24074074074074073,283.32365790116876,1
31,1,0,0,0,0,1,1,0,0,0,0,0,0,0,0,1,0,0,1,1,1,1,0,1,0,0,0,0,0,1,0,1,1,1,0,1,1,1,0,0,1,1,0,0,0,0,0,0,0,1,0,1,0,1,0.25925925925925924,504.6148911867413,1
32,0,0,0,0,0,1,1,0,0,0,0,0,1,0,0,1,0,0,1,1,1,1,0,0,1,0,0,0,0,1,1,1,0,0,0,1,0,1,0,0,1,1,0,0,0,0,0,0,0,1,0,1,0,0,0.2037037037037037,249.1189934528629,1
33,0,0,0,0,0,1,0,0,0,0,0,0,1,0,0,1,0,0,1,1,1,1,0,1,1,0,0,0,0,1,0,1,0,1,0,1,1,1,0,1,1,1,0,0,1,0,0,0,1,0,0,1,0,1,0.24074074074074073,485.34393277557297,1
34,1,0,0,0,0,1,1,0,0,1,0,0,0,0,0,1,0,0,1,1,1,1,0,1,1,0,0,0,0,1,0,1,0,0,0,1,1,1,0,1,1,1,0,0,0,0,0,0,0,0,0,0,0,1,0.24074074074074073,259.2109186469759,1
35,0,0,0,0,0,1,0,0,0,1,0,0,0,0,0,1,0,0,1,1,1,1,0,1,1,0,0,0,0,1,0,1,0,0,0,1,1,1,0,1,1,1,0,0,1,0,0,0,1,0,0,0,0,0,0.2962962962962963,282.303232467661,1
36,1,0,0,0,0,1,0,0,0,0,0,0,0,0,0,1,0,0,1,1,1,1,0,1,1,0,0,0,0,1,1,1,0,0,1,1,0,1,0,1,1,1,0,0,0,0,0,0,0,0,0,1,0,0,0.25925925925925924,241.18174290924458,1
37,0,0,0,0,0,1,1,0,0,0,0,0,0,0,0,1,0,0,1,0,1,1,0,0,1,0,0,0,0,1,0,1,0,0,0,1,1,1,0,1,1,1,0,0,0,0,0,0,1,0,0,1,0,0,0.2037037037037037,288.9027821777973,1
38,1,0,0,0,0,1,1,0,1,0,0,0,0,0,0,1,0,0,1,1,1,1,0,1,0,0,0,0,0,1,1,1,0,0,0,1,1,1,0,1,1,1,0,1,0,0,0,0,0,0,0,0,0,0,0.25925925925925924,264.21089379354174,1
39,1,0,0,0,0,0,1,0,0,1,0,0,0,0,0,1,0,0,0,1,1,0,0,1,0,0,0,0,0,1,0,1,0,0,0,1,1,1,0,1,1,1,0,1,0,0,0,0,0,1,0,1,0,0,0.2222222222222222,364.42251281903424,1
40,1,0,0,0,0,0,0,0,0,1,0,0,0,0,0,1,0,0,1,1,0,1,1,1,1,0,0,0,0,1,1,1,0,0,0,1,1,1,0,0,1,1,0,0,0,0,0,0,0,1,0,0,0,0,0.24074074074074073,240.37247256327888,1
41,1,0,0,0,0,0,0,0,1,0,0,0,0,0,0,1,0,0,1,1,1,1,1,1,1,0,0,0,0,1,0,1,1,0,0,1,1,1,0,0,1,1,0,0,0,0,0,0,0,1,0,1,0,1,0.18518518518518517,435.40566353506307,1
42,0,0,0,0,0,1,1,0,0,0,0,0,1,0,0,1,0,0,1,0,1,1,0,1,1,0,0,0,0,1,0,1,0,0,1,1,1,1,0,0,1,1,0,0,0,0,0,0,0,1,0,0,0,0,0.24074074074074073,246.4351428109247,1
43,0,0,0,0,0,1,0,0,0,0,0,0,1,0,0,1,0,0,0,1,1,1,1,1,1,0,0,0,0,1,1,1,1,1,0,1,1,1,0,1,1,1,0,0,0,0,0,0,0,1,0,0,0,0,0.2037037037037037,351.6303807266785,1
44,0,0,0,0,0,1,1,0,0,1,0,0,0,0,0,1,0,0,1,1,1,1,0,1,1,0,0,0,0,1,1,1,1,0,0,1,0,1,0,0,1,1,0,0,0,0,0,0,0,0,1,1,0,0,0.2222222222222222,373.5067380429238,1
45,1,0,0,0,1,1,0,0,0,1,0,0,0,0,0,1,0,0,1,0,1,1,0,1,1,0,0,0,0,1,0,1,0,0,0,1,1,1,0,1,1,1,0,1,0,0,0,0,1,0,0,1,0,0,0.2962962962962963,231.90857628719453,1
46,1,0,0,0,0,1,0,0,0,0,0,0,1,0,0,1,0,0,1,0,1,1,0,1,1,0,0,0,0,1,1,1,0,0,0,1,1,1,0,1,1,1,0,0,0,0,0,0,1,1,0,1,0,0,0.2037037037037037,284.8710026486842,1
47,1,0,0,1,0,0,0,0,0,1,0,0,0,0,0,1,0,0,1,1,0,1,0,1,1,0,0,0,1,1,0,1,0,1,1,1,1,1,0,0,1,1,1,0,0,0,0,0,0,0,0,1,0,0,0.2037037037037037,392.3299467590749,1
48,0,0,0,0,0,1,1,0,0,0,0,0,0,0,0,1,0,0,1,1,1,1,0,1,1,0,0,0,0,1,0,1,0,1,1,1,0,1,0,1,1,1,0,0,0,0,0,0,0,1,0,1,0,0,0.24074074074074073,287.7897272230606,1
49,1,0,0,0,0,0,0,0,0,0,0,0,0,0,0,1,0,0,1,1,0,1,1,1,0,0,0,0,0,1,0,1,0,1,0,1,1,1,0,1,1,1,0,0,1,0,0,0,0,0,0,0,0,0,0.24074074074074073,403.68173291323905,1
50,0,0,0,0,0,1,0,0,0,0,1,0,0,0,0,1,0,0,1,1,1,1,0,1,1,0,0,0,0,1,0,1,0,0,1,1,1,1,0,1,1,1,0,0,0,0,0,0,0,0,0,1,0,0,0.2777777777777778,228.95599187680207,1
51,1,1,0,0,0,1,0,0,0,0,0,0,0,0,0,1,0,0,1,1,1,1,0,0,1,0,0,0,0,1,0,1,1,0,0,1,1,1,0,0,1,1,0,1,0,0,0,0,0,0,0,0,0,0,0.25925925925925924,314.0162639671447,1
52,0,0,0,0,1,1,0,0,0,0,0,0,1,0,0,1,0,0,0,0,1,1,1,1,0,0,0,1,0,1,0,1,0,1,0,1,1,1,0,1,1,1,0,0,0,0,0,0,0,0,0,0,0,0,0.2037037037037037,217.69273926948333,1
53,1,0,0,0,1,1,0,0,0,0,0,0,0,0,0,1,0,0,1,0,0,1,0,1,0,0,0,0,0,1,0,1,0,0,0,1,1,1,0,1,1,1,0,0,0,0,0,0,0,0,0,0,0,0,0.24074074074074073,206.30134564361438,1
54,1,0,0,1,0,1,0,0,0,0,0,0,0,0,0,1,0,0,1,1,1,1,0,1,1,0,0,0,0,1,0,1,0,1,1,1,1,1,0,1,1,1,0,1,0,0,0,0,1,0,0,0,0,0,0.2962962962962963,281.3803562972734,1
55,0,1,1,0,1,0,0,1,0,1,1,1,1,1,1,0,1,1,0,0,0,0,1,1,0,1,0,1,1,0,0,0,1,1,0,0,0,0,1,0,0,0,1,0,0,1,1,1,1,1,1,0,1,0,0.2777777777777778,442.6556903013308,1
56,1,0,0,0,0,1,1,0,1,0,0,0,0,0,0,1,0,0,0,1,0,1,0,0,1,0,0,0,0,1,1,1,0,0,0,1,1,1,0,1,1,1,0,0,0,0,0,0,1,0,1,0,0,0,0.2037037037037037,388.1860532502427,1
57,1,0,0,0,0,1,0,0,0,1,0,0,0,0,0,1,0,0,1,0,1,1,0,1,1,0,0,0,0,1,0,1,0,0,1,1,1,1,0,1,1,1,0,0,0,0,0,0,0,1,0,0,0,0,0.2962962962962963,257.79828200128395,1
58,1,1,1,1,1,0,0,1,0,1,0,1,1,1,1,0,1,1,0,0,0,0,0,1,0,1,1,1,1,0,1,0,0,1,0,0,0,0,1,0,0,0,0,1,1,1,1,1,1,1,0,0,1,0,0.24074074074074073,549.7003882658383,1
59,1,0,0,0,0,0,1,0,1,0,0,0,1,0,0,1,0,0,0,1,0,1,1,0,1,0,0,0,0,1,1,1,0,0,1,1,1,1,0,0,1,1,0,0,0,0,0,0,0,0,0,0,0,1,0.24074074074074073,404.7494712217917,1
60,1,0,1,1,1,0,0,1,0,1,1,1,1,1,1,0,1,1,0,0,0,0,1,0,0,1,1,1,1,0,0,0,1,0,0,0,0,0,1,0,0,0,1,0,1,1,1,1,1,1,1,0,1,0,0.2777777777777778,421.05121500479464,1
61,0,1,1,0,1,0,0,1,0,1,0,1,1,1,1,0,1,1,0,0,0,0,0,1,0,1,1,1,1,0,0,0,1,1,0,0,0,0,1,0,0,0,1,1,1,1,1,1,0,1,0,0,1,0,0.24074074074074073,446.62640358291486,1
62,1,0,0,0,0,1,0,0,0,0,0,0,0,0,0,1,0,0,1,0,1,1,0,1,0,0,0,0,0,1,0,1,0,0,0,1,1,1,0,1,1,1,0,0,0,0,0,0,1,0,0,0,0,0,0.2962962962962963,226.25855460179383,1
63,0,0,0,1,0,1,1,0,0,0,0,0,0,0,0,0,0,0,1,1,1,1,0,1,1,0,0,0,0,1,0,1,0,1,0,1,1,1,0,1,1,1,0,0,0,0,0,0,1,0,0,0,0,1,0.2777777777777778,322.2035101824318,1
64,0,0,0,0,0,1,1,0,0,0,1,0,0,0,0,1,0,0,0,0,1,1,1,1,1,0,0,0,0,1,0,1,0,0,0,1,1,1,0,0,1,1,0,0,1,0,0,0,1,1,0,1,0,0,0.16666666666666666,304.01942253172643,1
65,1,0,0,1,0,1,1,0,0,0,0,0,0,0,0,1,0,0,1,0,1,1,1,0,1,0,0,0,0,1,0,1,0,0,1,1,1,1,0,1,1,1,0,0,0,0,0,0,1,0,1,0,0,1,0.25925925925925924,542.7321061481775,1
66,0,1,0,1,0,1,1,0,1,0,0,0,0,0,0,1,0,0,1,0,1,1,1,0,0,0,0,0,0,1,1,1,0,1,1,1,1,1,0,1,1,1,0,0,0,0,0,0,0,0,0,0,0,1,0.2222222222222222,349.83909451527023,1
67,1,1,1,1,1,0,0,1,1,1,0,0,1,1,1,0,1,0,0,0,0,0,1,0,0,1,1,1,1,0,1,0,1,0,1,0,0,0,1,1,0,0,1,1,1,1,1,1,0,0,1,0,1,0,0.24074074074074073,397.7264316780654,1
68,0,0,0,0,0,1,1,0,0,0,0,0,0,0,0,1,0,0,1,1,1,1,0,1,1,0,0,0,0,1,0,1,0,1,1,1,1,1,0,0,1,1,0,0,0,0,0,0,1,0,0,0,0,0,0.3148148148148148,243.7574976334841,1
69,0,0,0,1,1,1,0,0,0,0,0,0,0,0,0,1,0,0,1,0,1,1,1,1,1,0,0,0,0,1,0,1,0,0,0,1,1,1,0,1,1,1,0,0,0,0,0,0,0,0,0,0,0,0,0.24074074074074073,209.17531909263383,1
70,0,1,1,1,1,0,0,1,0,0,1,1,0,1,1,0,1,1,0,0,0,0,0,0,0,0,0,1,0,0,0,0,1,0,0,0,0,0,1,0,0,0,1,1,0,1,1,1,0,1,1,0,1,0,0.24074074074074073,315.2422594382657,1
71,0,0,0,0,0,1,0,0,1,0,0,0,1,1,0,1,0,0,1,0,1,1,0,0,1,0,0,0,0,1,1,1,0,0,0,1,1,1,0,1,1,1,0,0,0,0,0,0,0,0,0,0,0,0,0.2777777777777778,221.80491864625807,1
72,0,0,0,0,0,1,0,0,0,0,1,0,1,0,0,1,0,0,1,1,1,1,1,0,1,0,0,0,0,1,0,1,1,0,0,1,1,1,0,1,1,1,0,1,0,0,0,0,1,0,0,0,0,0,0.2222222222222222,323.38808190274125,1
73,1,1,1,1,1,0,0,1,0,1,1,1,1,1,1,0,1,1,1,0,0,0,0,0,0,0,0,1,0,0,1,0,0,0,0,0,0,0,1,0,0,0,1,0,1,1,1,1,1,1,0,0,1,0,0.2777777777777778,406.8577833320482,1
74,1,1,1,1,1,0,0,1,0,1,1,1,1,1,1,0,1,1,0,0,0,0,0,0,1,1,1,1,1,0,0,0,1,1,0,0,0,0,1,0,0,0,1,1,0,1,1,1,1,1,0,0,1,0,0.2777777777777778,507.31622031452457,1
75,1,0,0,0,0,1,1,0,0,0,1,0,0,0,0,1,0,0,1,0,1,1,1,0,1,0,0,0,0,1,1,1,0,0,1,1,1,1,0,0,1,1,0,0,0,0,0,0,0,0,0,0,0,0,0.24074074074074073,206.93964405536067,1
76,1,0,0,0,0,1,1,0,0,0,0,0,0,0,0,1,0,0,1,0,1,1,0,0,1,0,0,0,0,1,0,1,0,1,0,1,1,1,0,0,1,1,1,0,0,1,0,0,0,0,1,1,0,0,0.25925925925925924,449.39476754669573,1
77,1,0,0,0,0,1,1,0,0,1,1,0,0,0,0,1,0,0,1,0,1,1,0,1,1,0,0,0,0,1,0,1,0,1,0,1,1,1,0,1,1,1,1,1,0,0,0,0,1,0,0,1,0,0,0.2962962962962963,249.50003779687557,1
78,1,0,0,0,0,1,1,0,0,1,0,0,0,0,0,1,0,0,1,0,1,1,0,1,1,0,0,0,0,1,0,1,0,0,1,1,1,1,0,1,1,1,0,0,0,0,0,0,1,0,0,1,0,0,0.2962962962962963,245.34734656961405,1
79,1,0,0,0,1,1,1,0,0,0,0,0,1,0,0,1,0,0,1,0,1,1,1,0,1,0,0,0,0,1,0,1,1,1,0,1,1,1,0,0,1,1,0,0,0,0,0,0,1,0,0,1,0,0,0.25925925925925924,295.79107659967667,1
80,0,0,0,0,0,1,0,0,0,1,0,0,1,0,0,1,0,0,0,0,1,1,0,1,1,0,0,0,0,1,1,1,0,0,1,1,1,1,0,0,1,1,0,0,0,0,0,0,0,0,0,0,0,0,0.2777777777777778,225.14885682514844,1
81,1,1,0,0,0,1,0,0,0,0,0,0,0,0,0,1,0,0,1,1,1,1,0,0,1,0,0,0,0,1,0,1,0,0,1,1,1,1,0,1,1,1,1,0,0,0,0,0,0,0,0,0,0,0,0.3148148148148148,250.08286129938102,1
82,0,0,1,1,1,0,0,1,0,1,1,1,0,1,1,0,1,1,0,0,0,0,1,0,0,1,1,1,1,0,1,0,0,0,0,0,0,0,1,0,0,0,1,0,1,1,1,1,1,1,1,0,1,0,0.2037037037037037,398.78430713711913,1
83,1,1,1,1,1,0,0,1,0,1,1,0,1,1,1,0,1,0,0,0,0,0,0,0,0,1,0,0,1,0,0,0,0,0,1,0,0,0,1,0,1,0,1,0,1,1,1,1,1,0,0,0,1,0,0.25925925925925924,253.7505492782279,1
84,1,1,1,0,1,0,0,1,0,1,1,1,1,1,1,0,1,1,0,1,0,0,0,1,0,1,1,1,1,0,0,0,0,1,0,0,0,0,1,0,0,0,1,1,1,1,1,1,0,0,1,0,1,0,0.2777777777777778,659.6632315138587,1
85,0,0,0,0,1,1,0,0,0,0,0,0,0,0,0,0,0,0,1,0,1,1,0,1,1,0,0,0,0,1,1,1,0,0,0,1,0,1,0,0,1,1,0,0,0,0,0,0,0,0,0,1,0,0,0.25925925925925924,205.27066420026915,1
86,1,0,0,1,0,1,0,0,1,0,0,0,0,0,0,1,0,1,1,0,1,1,0,1,1,0,0,0,0,1,1,1,0,1,0,1,0,1,0,1,1,1,0,0,0,1,0,0,0,0,0,0,0,1,0.18518518518518517,335.91000155439883,1
87,1,0,0,0,0,0,1,0,0,1,0,0,1,0,0,1,0,0,1,0,0,1,0,1,1,0,0,0,1,1,0,1,1,0,0,1,1,1,0,1,1,1,0,0,0,0,0,0,0,0,0,1,0,0,0.3333333333333333,485.6256553547032,1
88,1,0,0,0,0,1,0,0,0,0,0,0,0,0,0,1,0,0,1,0,1,1,0,1,1,1,0,0,0,1,0,1,0,0,0,1,1,1,0,1,1,1,0,0,0,0,0,0,1,0,0,1,0,0,0.2777777777777778,216.09814922986357,1
89,0,1,1,0,1,0,1,1,0,1,1,1,0,1,1,0,1,1,0,0,0,0,0,1,0,0,0,1,1,0,0,0,1,0,1,0,0,0,1,0,0,0,1,1,0,1,1,1,1,1,0,0,1,0,0.3148148148148148,359.9748371384242,1
90,1,0,0,1,0,1,0,0,1,0,0,0,1,0,0,1,0,0,1,0,1,1,1,0,1,0,0,0,0,1,1,1,0,0,1,1,1,1,0,1,1,1,0,0,0,0,0,0,1,0,0,0,0,0,0.25925925925925924,245.5949146963751,1
91,1,0,0,0,1,1,0,0,0,0,0,0,0,1,0,1,0,0,0,0,1,1,0,1,1,0,0,0,0,1,0,1,0,1,0,1,1,1,0,0,1,1,0,0,0,0,0,0,0,0,0,0,0,0,0.2777777777777778,193.94370691770942,1
92,0,1,0,1,0,1,0,0,0,0,0,0,0,0,0,1,0,0,1,0,1,1,1,0,1,0,0,0,0,1,1,1,0,0,1,1,1,1,0,1,1,1,0,0,0,1,0,0,1,0,0,0,0,1,0.25925925925925924,438.0347641051325,1
93,1,1,1,0,1,0,0,1,0,0,1,1,1,1,1,0,1,1,0,0,0,0,0,0,0,1,1,1,1,0,1,0,0,0,0,0,0,0,1,0,0,0,1,1,0,1,1,1,1,1,1,0,1,0,0.3148148148148148,427.3422782396638,1
94,1,0,0,1,0,1,1,0,1,1,0,0,0,0,0,1,0,0,0,0,0,1,0,1,1,0,0,0,0,1,0,1,0,1,0,1,1,1,0,1,1,1,0,0,0,0,0,0,0,0,0,0,1,1,0.2037037037037037,332.72518133791345,1
95,1,1,1,0,1,0,0,1,0,0,1,1,0,1,1,0,1,1,0,0,0,0,0,0,0,0,1,1,1,0,0,0,1,0,0,0,0,0,1,0,0,0,1,1,0,1,1,1,1,1,0,0,1,0,0.3148148148148148,367.84116490690184,1
96,1,1,1,1,1,0,1,1,0,1,1,1,1,0,1,0,1,1,0,0,0,0,0,0,0,0,1,1,0,0,0,0,0,1,0,0,0,0,1,0,0,0,1,1,1,1,1,1,1,0,1,0,1,1,0.3148148148148148,394.09332951165663,1
97,1,0,0,1,0,0,1,0,0,1,0,0,0,0,0,0,0,0,1,0,0,1,1,1,0,0,0,0,0,1,0,1,0,1,0,1,0,1,0,1,1,1,0,0,0,0,0,0,1,1,0,0,0,0,0.2777777777777778,310.20161638472246,1
98,1,1,1,0,1,0,0,1,0,0,1,1,1,1,1,0,1,1,1,0,1,0,0,0,0,1,0,1,1,0,1,0,0,1,0,0,0,0,1,1,0,0,1,0,0,1,1,1,1,1,0,0,1,1,0.3148148148148148,467.5716614787528,1
99,1,1,1,1,1,0,0,1,0,0,1,1,1,1,1,0,1,1,1,0,0,0,0,0,0,0,0,1,0,0,0,0,1,1,1,0,0,0,1,0,0,0,1,1,0,0,1,1,0,1,0,0,1,0,0.24074074074074073,361.0602327235096,1
