,0,1,2,3,4,5,6,7,8,9,10,11,12,13,14,15,16,17,18,19,20,21,22,23,24,25,26,27,28,29,30,31,32,33,34,35,chain_break_fraction,energy,num_occurrences
0,1,0,0,0,0,0,1,0,0,0,0,0,1,1,1,1,1,0,0,0,0,1,1,0,0,0,1,1,0,0,0,0,0,1,0,0,0.19444444444444445,9.233668180412842,1
1,1,0,0,0,0,0,0,0,0,0,0,0,1,1,1,1,1,0,0,0,0,1,1,0,0,0,1,1,0,0,0,0,0,1,0,0,0.2222222222222222,9.25247704007742,1
2,0,0,0,0,0,0,1,0,0,0,0,0,1,1,1,1,1,0,0,0,0,1,1,0,0,0,1,0,0,0,0,0,0,1,0,0,0.19444444444444445,6.4146698476120765,1
3,0,0,0,0,0,0,0,0,0,0,0,0,1,1,1,1,1,0,0,0,0,1,1,0,0,0,1,0,0,0,0,0,0,1,0,0,0.19444444444444445,5.933476050392747,1
4,1,0,0,0,0,0,0,0,0,0,0,0,1,1,1,1,1,0,0,0,0,1,1,0,0,0,1,1,0,1,0,0,0,1,0,0,0.2222222222222222,13.789710897351355,1
5,1,0,0,0,0,0,1,0,0,0,0,0,1,1,1,1,1,0,0,0,0,1,1,0,0,1,1,0,0,0,0,0,0,1,0,0,0.19444444444444445,9.233668180412842,1
6,1,0,0,0,0,0,0,0,0,0,0,0,1,1,1,1,1,0,0,0,0,1,1,0,0,0,1,1,0,0,0,0,0,1,0,0,0.25,9.25247704007742,1
7,1,0,0,0,0,0,1,0,0,0,0,0,1,1,1,1,1,0,0,0,0,1,1,0,0,1,1,0,0,0,0,0,0,1,0,0,0.2222222222222222,9.233668180412842,1
8,1,0,0,0,0,0,1,0,0,0,0,0,1,1,1,1,1,0,0,0,0,1,1,0,0,1,1,1,0,0,0,0,0,1,0,0,0.25,14.165950402437984,1
9,1,0,0,0,0,0,0,0,0,0,0,0,1,1,1,1,1,0,0,0,0,1,1,0,0,0,1,0,0,0,0,0,0,1,0,0,0.2222222222222222,7.320192161085503,1
10,1,0,0,0,0,0,1,0,0,0,0,0,1,1,1,1,1,0,0,0,0,1,1,0,0,1,0,0,0,0,0,0,0,1,0,0,0.1388888888888889,8.76752706940027,1
11,1,1,0,0,0,0,0,0,0,0,0,0,1,1,1,1,1,0,0,0,0,1,1,0,0,0,1,0,0,0,0,0,0,1,0,0,0.2222222222222222,14.093624382471013,1
12,1,0,0,0,0,0,0,0,0,0,0,0,1,1,1,1,1,0,1,0,0,1,1,0,0,0,1,0,0,0,0,0,0,1,0,0,0.2222222222222222,8.03119179477068,1
13,1,0,0,0,0,0,1,0,1,0,0,0,1,1,1,1,1,0,0,0,0,1,1,0,0,1,1,0,0,0,0,0,0,1,0,0,0.16666666666666666,10.363129299954199,1
14,0,0,0,0,0,0,0,0,1,0,0,0,1,1,1,1,1,0,0,0,0,1,1,0,0,1,1,0,0,0,0,0,0,1,0,0,0.19444444444444445,8.81650684894531,1
15,1,0,0,0,0,0,0,0,0,0,0,0,1,1,1,1,1,0,0,0,0,1,1,0,0,0,1,1,0,0,0,0,0,1,0,0,0.2777777777777778,9.25247704007742,1
16,1,0,0,0,0,0,0,0,0,0,0,0,1,1,1,1,1,0,0,0,0,1,1,0,0,0,1,0,0,0,0,0,0,1,0,0,0.2222222222222222,7.320192161085503,1
17,1,0,0,0,0,0,1,0,0,0,0,0,1,1,1,1,1,0,0,0,0,1,1,0,0,1,1,1,0,0,0,0,0,1,0,0,0.2222222222222222,14.165950402437984,1
18,1,0,0,0,0,0,0,0,0,0,0,0,1,1,1,1,1,0,0,0,1,1,1,0,0,0,1,0,0,0,0,0,0,1,0,0,0.25,8.038238432909347,1
19,1,0,0,0,0,0,0,0,0,0,0,0,1,1,1,1,1,0,0,0,0,1,1,0,0,0,1,0,0,0,0,0,0,1,1,0,0.25,7.203161361360631,1
20,1,0,0,0,0,0,0,0,0,0,0,0,1,1,1,1,1,0,0,0,0,1,1,0,0,1,1,0,0,0,0,0,0,1,0,0,0.2222222222222222,9.25247704007742,1
21,1,0,0,0,0,0,1,0,0,0,0,0,1,1,1,1,1,0,0,0,0,1,1,0,0,0,1,0,1,0,0,0,0,1,1,0,0.19444444444444445,7.8133534654122485,1
22,1,0,0,0,0,0,0,0,0,0,0,0,1,1,1,1,1,0,0,0,1,1,1,0,0,0,1,1,0,1,0,0,0,1,0,0,0.2777777777777778,17.187659362419282,1
23,1,0,0,0,0,0,0,0,1,0,0,0,1,1,1,1,1,0,0,0,0,1,1,0,0,1,1,0,0,0,0,0,0,1,0,0,0.2222222222222222,9.881938159609664,1
24,1,1,0,0,0,0,1,0,0,0,0,0,1,1,1,1,1,0,1,0,0,1,1,0,0,1,1,1,0,0,0,0,0,1,0,0,0.2777777777777778,19.209829203015993,1
25,1,1,0,0,0,0,1,0,0,0,0,0,1,1,1,1,0,0,0,0,0,1,1,0,0,0,1,1,0,1,0,0,0,1,0,0,0.2222222222222222,14.606011723793793,1
26,1,0,0,0,0,0,1,0,0,0,0,0,1,1,1,1,1,0,1,0,0,1,1,0,0,0,1,0,0,0,0,0,0,1,0,0,0.2777777777777778,8.506844710063186,1
27,0,0,0,0,0,0,0,0,0,0,0,0,1,1,1,1,1,0,0,0,0,1,1,0,0,1,1,1,0,0,0,0,0,1,0,0,0.25,15.857587300300365,1
28,1,0,0,0,0,0,0,0,0,0,0,0,1,1,1,1,1,0,0,0,0,1,1,0,0,0,1,0,0,0,0,0,0,1,0,0,0.2222222222222222,7.320192161085503,1
29,1,0,0,0,0,0,0,0,0,0,0,0,1,1,1,1,1,0,0,0,1,1,1,0,0,1,1,0,0,1,0,0,0,1,0,0,0.25,17.187659362419282,1
30,1,1,0,0,0,0,1,0,0,0,0,0,1,1,1,1,1,0,0,0,1,1,1,0,0,0,1,0,0,0,0,0,0,1,0,0,0.2222222222222222,15.286857019266293,1
31,1,0,0,0,0,0,0,0,0,0,0,0,1,1,1,1,1,0,0,1,0,1,1,0,0,0,1,1,0,0,0,0,0,1,0,0,0.2222222222222222,14.859291575719721,1
32,1,0,0,0,0,0,0,0,0,0,0,0,1,1,1,1,1,0,0,0,0,1,1,0,0,1,0,0,0,0,0,0,0,1,0,0,0.2222222222222222,8.286334600581462,1
33,1,1,0,0,0,0,0,0,0,0,0,0,1,1,1,1,0,0,0,0,0,1,1,0,0,1,1,1,0,1,0,0,0,1,0,0,0.2222222222222222,22.471352912540592,1
34,0,0,0,0,0,0,0,0,1,0,0,0,1,1,1,1,1,0,1,0,0,1,1,0,0,1,1,0,0,0,0,0,0,1,0,0,0.25,10.620249651660885,1
35,0,0,0,0,0,0,0,0,1,0,0,0,1,1,1,1,1,0,0,1,0,1,1,0,0,1,1,0,0,0,0,0,0,1,0,0,0.2222222222222222,14.423992454376453,1
36,1,0,0,0,0,0,0,0,0,0,0,0,1,1,1,1,1,0,0,0,0,1,1,0,0,1,1,1,0,0,0,0,0,1,0,0,0.2777777777777778,15.18476191906934,1
37,1,0,0,0,0,0,0,0,0,0,0,0,1,1,1,1,1,0,0,0,0,1,1,0,0,0,1,0,0,1,0,0,0,1,0,0,0.19444444444444445,9.413807210494406,1
38,1,0,0,0,0,0,1,0,0,0,0,0,1,1,1,1,1,0,1,0,1,1,1,0,0,0,1,0,0,0,0,0,0,1,0,0,0.25,9.719148783399373,1
39,1,0,0,0,0,0,1,0,0,0,0,0,1,1,1,1,1,0,0,0,0,1,1,0,0,1,1,1,0,0,0,0,0,1,0,0,0.25,14.165950402437984,1
40,1,1,0,0,0,0,0,0,0,0,0,0,1,1,1,1,1,0,0,0,0,1,1,0,1,0,1,1,0,1,0,0,0,1,0,0,0.25,18.61891014340629,1
41,0,1,0,0,0,0,0,0,0,0,0,0,1,1,1,1,1,0,0,0,0,1,1,0,0,0,1,1,0,0,0,0,0,1,0,0,0.2777777777777778,11.609422404808285,1
42,1,0,0,0,0,0,1,0,1,0,0,0,1,1,1,1,1,0,1,1,0,1,1,0,0,1,1,1,0,0,0,0,0,1,0,0,0.2222222222222222,23.96530238966279,1
43,1,1,0,0,0,0,1,0,0,0,0,0,1,1,1,1,1,0,0,0,0,1,1,0,0,1,1,1,1,0,0,0,0,1,0,0,0.2777777777777778,18.789089988139438,1
44,1,0,0,0,0,0,0,0,1,0,0,0,1,1,1,1,1,0,0,0,0,1,1,0,0,1,1,0,0,0,0,0,0,1,0,0,0.2222222222222222,9.881938159609664,1
45,0,1,0,0,0,0,0,0,0,0,0,0,1,1,1,1,1,0,0,0,0,1,1,0,1,0,1,0,0,1,0,0,0,1,0,0,0.19444444444444445,12.452153501198001,1
46,1,1,0,0,0,0,0,0,0,0,0,0,1,1,1,1,1,0,0,0,1,1,1,0,0,1,1,0,0,0,0,0,0,1,1,0,0.25,16.092264586951224,1
47,1,0,0,0,0,0,1,0,0,0,0,1,1,1,1,1,1,0,1,0,0,1,1,0,0,1,1,0,0,0,0,0,0,1,0,0,0.25,15.53766443634321,1
48,1,0,0,0,0,0,1,0,1,0,0,0,1,1,1,1,1,0,0,0,0,1,1,0,0,1,1,0,0,0,0,0,0,1,0,0,0.2777777777777778,10.363129299954199,1
49,1,0,0,0,0,0,0,0,0,0,0,0,1,1,1,1,1,0,0,0,0,1,1,0,0,0,0,0,0,1,0,0,0,1,0,0,0.25,9.225855367065929,1
50,0,1,0,0,0,0,1,0,0,0,0,0,1,1,1,1,1,0,0,0,0,1,1,0,0,0,1,1,0,1,0,0,0,1,0,0,0.25,14.606011723793792,1
51,1,0,0,0,0,0,1,0,0,0,0,0,1,1,1,1,1,0,1,0,0,1,1,0,0,1,1,1,0,1,0,0,0,1,0,0,0.25,24.119622652638316,1
52,0,0,0,0,0,0,0,0,0,0,0,0,1,1,1,1,1,0,0,0,0,1,1,0,0,0,1,0,0,0,0,0,0,1,0,0,0.25,5.933476050392747,1
53,1,0,0,0,0,0,0,0,0,0,0,0,1,1,1,1,1,0,0,0,0,1,1,0,0,0,1,0,0,1,0,0,0,1,0,0,0.25,9.413807210494406,1
54,1,0,0,0,0,0,0,0,0,0,0,0,1,1,1,1,1,0,0,1,0,1,1,0,0,1,0,0,0,1,0,0,0,1,0,0,0.2222222222222222,19.2820558621971,1
55,1,0,0,0,0,0,1,0,0,0,0,0,1,1,1,0,1,0,0,0,0,1,1,0,0,0,1,0,0,0,0,0,0,1,0,0,0.2222222222222222,4.820741616965017,1
56,1,1,0,0,0,0,0,0,0,0,0,0,1,1,1,1,1,0,1,0,0,1,1,0,0,0,1,0,1,0,0,0,0,1,0,0,0.25,13.620723270042832,1
57,1,0,0,0,0,0,0,0,0,0,0,1,1,1,1,1,1,0,1,0,0,1,1,0,0,1,1,0,0,1,0,0,0,1,0,0,0.2777777777777778,19.172948345499712,1
58,0,0,0,0,0,0,1,0,1,0,0,0,1,1,1,1,1,0,0,1,0,1,1,0,1,1,1,1,0,0,0,0,0,1,0,0,0.25,25.11317251815847,1
59,1,0,0,0,0,0,0,0,0,0,0,0,1,1,1,1,1,0,0,0,1,1,1,0,0,0,1,0,0,0,0,0,0,1,0,0,0.2777777777777778,8.038238432909347,1
60,1,0,0,0,0,0,1,0,0,0,0,0,1,1,1,0,1,0,0,0,0,1,1,0,0,1,1,1,0,1,0,0,0,1,0,0,0.25,23.824354517350603,1
61,1,0,0,0,0,1,0,0,0,0,0,0,1,1,1,1,1,0,1,0,0,1,1,0,0,0,1,1,0,1,0,0,0,1,0,0,0.3055555555555556,17.427326193119598,1
62,0,1,0,0,0,0,1,0,0,0,0,1,1,1,1,1,1,0,0,1,0,1,1,0,0,0,1,0,0,1,0,0,0,1,0,0,0.2777777777777778,21.84137926665384,1
63,1,1,0,0,0,0,0,0,0,0,0,0,1,1,1,1,1,0,0,1,1,1,1,0,0,0,0,0,1,0,0,0,0,1,0,0,0.25,18.439860002954838,1
64,1,0,0,0,0,0,1,0,0,0,0,0,1,1,1,1,1,0,0,1,1,1,1,0,0,0,0,0,0,0,0,0,1,1,0,0,0.19444444444444445,13.39424757680435,1
65,1,1,0,0,0,0,0,0,1,0,0,1,1,1,1,1,1,0,1,0,0,1,1,0,0,1,1,0,0,1,0,0,0,1,0,0,0.2777777777777778,24.385825479176077,1
66,0,0,0,0,0,0,1,0,0,0,0,0,1,1,1,1,1,0,0,0,0,1,1,0,0,1,1,1,0,1,0,0,0,1,0,0,0.19444444444444445,21.340665350891786,1
67,1,1,0,0,0,0,1,0,0,0,0,0,1,1,1,1,1,0,0,0,0,1,1,0,0,0,1,1,0,0,0,0,0,1,0,0,0.2777777777777778,14.947558910040287,1
68,0,1,0,0,0,0,0,0,0,0,0,1,1,1,1,1,1,0,0,0,0,1,1,0,0,1,1,0,0,0,0,0,0,1,0,0,0.19444444444444445,17.607002671554234,1
69,1,0,0,0,0,0,0,0,0,0,0,1,1,1,1,1,1,0,0,0,0,1,1,0,0,1,1,0,0,0,0,0,0,1,0,0,0.3055555555555556,14.250057305173833,1
70,0,1,0,0,0,0,0,0,0,0,0,0,1,1,1,1,1,0,0,1,1,1,1,0,0,0,1,0,0,0,0,0,0,1,0,0,0.19444444444444445,15.344853210610044,1
71,1,1,0,0,0,0,1,0,0,0,0,0,1,1,1,1,1,0,0,1,0,1,1,0,0,1,0,1,0,1,0,0,0,1,0,0,0.2222222222222222,25.952241965534636,1
72,1,0,0,0,0,0,0,0,1,0,0,0,1,1,1,1,1,0,0,0,0,1,1,0,0,1,1,1,0,1,0,0,0,1,0,0,0.3055555555555556,20.790461703899485,1
73,1,0,0,0,0,0,0,0,0,0,0,1,1,1,1,1,1,0,0,0,0,1,1,0,0,1,1,1,0,0,0,0,0,1,0,0,0.3333333333333333,18.182342144038493,1
74,1,1,1,0,0,0,1,0,0,0,0,0,1,1,1,1,1,0,0,0,1,1,1,0,0,1,1,1,0,0,0,0,0,1,0,0,0.2777777777777778,19.70032168845141,1
75,1,0,0,0,0,1,0,0,1,0,0,0,1,1,1,1,1,0,0,0,1,1,1,0,0,1,1,0,0,0,0,0,0,1,0,0,0.25,15.457971784918872,1
76,1,1,0,0,0,0,1,0,1,0,0,1,1,1,1,1,1,0,1,0,0,1,1,0,0,1,1,1,0,0,0,0,0,1,0,0,0.3888888888888889,26.26153425255388,1
77,1,1,0,0,0,0,1,0,0,0,0,0,1,1,1,1,1,0,0,0,0,1,1,0,0,0,1,1,0,1,0,0,0,1,1,0,0.2777777777777778,17.853765444478615,1
78,1,0,0,0,0,0,0,0,1,0,0,0,1,1,1,1,1,0,1,1,0,1,1,0,0,1,1,1,0,1,0,0,0,1,0,0,0.2777777777777778,36.726631188996336,1
79,1,0,0,0,0,0,0,0,1,0,0,0,1,1,1,1,1,0,1,0,0,1,1,0,0,0,1,1,0,0,0,0,0,1,0,0,0.25,11.185308733788695,1
80,1,0,0,0,0,0,0,0,0,0,0,0,1,1,1,1,1,0,1,1,0,1,0,0,0,1,0,0,0,0,0,0,0,1,0,0,0.16666666666666666,13.235215785482222,1
81,1,1,0,0,0,0,1,0,0,0,0,0,1,1,1,1,1,0,1,0,0,1,1,0,0,0,1,1,0,1,0,0,0,1,0,0,0.3055555555555556,18.321587680293135,1
82,1,0,0,0,0,0,0,0,0,0,0,0,1,1,1,1,1,0,0,0,1,1,1,0,1,0,1,1,0,0,0,0,0,1,0,0,0.19444444444444445,13.585421941873678,1
83,1,0,0,0,0,0,0,0,1,0,0,0,1,1,1,1,1,0,0,1,0,1,1,0,0,1,1,0,0,0,0,0,0,1,0,0,0.2222222222222222,14.488679307967718,1
84,1,1,0,0,0,0,1,0,0,0,0,0,1,1,1,1,1,0,1,0,0,1,1,0,0,0,1,1,0,0,0,0,0,1,1,0,0.3333333333333333,16.049333757540776,1
85,1,0,0,0,0,0,0,0,0,0,0,1,1,1,1,1,1,0,0,1,0,1,1,0,0,1,1,1,0,1,0,0,0,1,0,0,0.2222222222222222,32.11954954236013,1
86,1,1,1,0,0,0,0,0,0,0,0,1,1,1,1,1,1,0,0,0,0,1,1,0,0,1,1,1,0,1,0,0,0,1,0,0,0.3055555555555556,25.78466140763339,1
87,0,0,0,0,0,0,0,0,0,0,0,0,1,1,1,1,1,0,0,0,0,1,1,0,0,1,1,1,0,0,0,0,0,1,0,0,0.2777777777777778,15.857587300300365,1
88,1,0,0,0,0,0,0,0,0,0,0,0,1,1,1,1,1,0,1,0,0,1,1,0,0,0,0,0,0,0,0,0,0,1,0,0,0.2222222222222222,8.518845538206733,1
89,1,0,0,0,0,0,0,0,0,0,0,0,1,1,1,1,1,0,0,0,0,1,0,0,0,1,0,1,0,0,0,0,0,1,0,0,0.19444444444444445,11.190467562268466,1
90,1,0,1,0,0,0,1,0,1,0,0,0,1,1,1,1,1,0,1,1,0,1,1,0,0,1,1,1,0,0,0,0,0,1,0,0,0.2777777777777778,22.93109917468803,1
91,0,0,0,0,0,0,0,0,0,0,0,0,1,1,1,1,1,0,1,0,1,1,1,0,0,1,1,1,0,0,0,0,0,1,0,0,0.3611111111111111,23.67005020166723,1
92,0,0,0,0,0,0,1,0,1,0,0,0,1,1,1,1,1,0,0,1,0,1,0,0,1,0,1,0,0,1,0,0,0,1,0,0,0.25,13.629030770155893,1
93,0,0,1,1,1,1,0,0,1,0,1,1,0,1,0,0,0,1,0,0,0,0,0,1,1,0,0,1,1,1,1,1,1,0,0,1,0.16666666666666666,32.91027383878434,1
94,1,1,0,0,0,0,1,0,0,0,0,0,1,1,1,1,1,0,0,0,0,1,1,0,1,0,1,0,0,0,0,0,0,1,0,0,0.25,14.511188544989597,1
95,1,0,0,0,1,0,0,0,1,0,0,0,1,0,0,0,0,0,0,1,0,0,1,0,0,0,1,0,0,0,0,0,0,1,0,0,0.0,4.575656596450413,1
96,1,0,0,0,0,0,0,0,1,0,0,0,1,1,1,1,1,0,0,0,1,1,1,0,0,1,1,1,0,1,0,0,0,1,0,0,0.2777777777777778,24.787545736208354,1
97,0,0,0,1,1,1,0,0,1,0,0,1,0,0,1,0,0,1,0,0,0,0,0,1,1,0,0,0,0,0,1,1,1,0,0,1,0.08333333333333333,14.017721027171415,1
98,0,1,1,0,0,0,0,0,0,0,0,1,1,1,1,1,1,0,1,0,0,1,1,0,0,0,1,0,1,0,0,0,0,1,1,0,0.3888888888888889,17.769825360499425,1
99,0,1,1,1,1,1,0,1,0,0,1,1,0,0,0,0,0,0,0,0,0,0,0,0,0,1,0,1,1,0,1,0,1,0,0,1,0.16666666666666666,26.661877999447043,1
