,0,1,2,3,4,5,6,7,8,9,10,11,12,13,14,15,16,17,18,19,20,21,22,23,24,25,26,27,28,29,30,31,32,33,34,35,36,37,38,39,40,41,42,43,44,45,46,47,48,49,50,51,52,53,chain_break_fraction,energy,num_occurrences
0,1,1,0,0,1,0,0,0,1,1,0,1,1,0,0,0,0,0,1,1,1,0,0,1,1,0,0,0,1,1,0,1,0,0,1,1,0,0,0,0,0,1,1,0,0,0,0,0,0,1,1,1,0,0,0.2777777777777778,232.837024764752,1
1,1,1,0,0,1,0,0,0,1,1,0,1,1,0,0,0,0,0,1,1,1,0,0,1,1,0,0,0,1,1,0,0,0,0,1,1,0,0,0,0,0,1,1,0,0,0,1,0,1,1,1,1,0,0,0.25925925925925924,227.83906874121837,1
2,1,1,0,0,1,0,0,0,1,0,0,1,1,0,0,0,0,0,1,1,1,0,0,1,1,0,0,0,1,1,0,1,0,0,0,1,0,0,0,0,0,1,1,0,0,0,0,0,0,1,1,1,0,0,0.25925925925925924,224.78272910297844,1
3,1,1,0,0,1,0,0,0,1,1,0,1,1,0,0,0,1,0,1,1,1,0,0,1,1,0,0,0,1,1,0,0,0,0,0,1,0,0,1,0,0,1,1,0,0,0,1,0,0,1,1,1,0,0,0.3148148148148148,255.0727329184554,1
4,1,1,0,0,1,0,0,0,1,1,0,1,1,0,0,0,0,0,1,1,1,0,0,1,1,0,0,0,1,1,0,1,0,0,0,1,0,0,0,0,0,1,1,0,0,0,1,0,1,1,1,1,0,0,0.2962962962962963,230.2991882282163,1
5,1,1,0,0,1,0,0,0,1,0,0,1,1,0,0,0,0,0,0,1,1,0,0,1,1,0,0,0,1,1,0,1,0,0,1,1,0,0,0,0,0,1,1,0,0,0,0,0,0,1,1,1,0,0,0.2037037037037037,230.2230351849433,1
6,1,1,0,0,1,0,0,0,1,0,0,1,1,0,0,0,0,0,1,1,1,0,0,1,1,0,0,0,1,1,0,1,0,0,0,1,0,0,0,0,0,1,1,0,0,0,0,0,0,1,1,1,0,0,0.2962962962962963,224.78272910297844,1
7,1,1,0,0,1,0,0,0,1,0,0,1,1,0,0,0,0,0,1,1,1,0,0,1,1,0,0,0,1,1,0,1,0,0,0,1,0,0,0,0,0,1,1,0,0,0,1,0,0,1,1,1,0,0,0.2777777777777778,225.58735481006883,1
8,1,1,0,0,1,0,0,0,1,0,0,1,1,0,0,0,0,0,1,1,1,0,0,1,1,0,0,0,1,1,0,1,0,0,1,1,0,0,0,0,0,1,1,0,0,0,1,0,1,1,1,1,0,0,0.2962962962962963,247.2483262406391,1
9,1,1,0,0,1,0,0,0,1,1,0,1,1,0,0,0,0,0,1,1,1,0,0,1,1,0,0,0,1,1,0,0,0,0,1,1,0,0,1,0,0,1,1,0,0,0,0,0,1,1,1,1,0,0,0.2777777777777778,259.1336736477937,1
10,1,1,0,0,1,0,0,0,1,1,0,1,0,0,0,0,0,0,1,1,1,0,0,1,1,0,0,0,1,1,0,1,0,0,1,1,0,0,0,0,0,1,1,0,0,0,0,0,0,1,1,1,0,0,0.2962962962962963,228.90119924391496,1
11,1,1,0,0,1,0,0,0,1,1,0,1,1,0,0,0,0,0,1,1,1,0,0,1,1,0,0,0,1,1,0,0,0,0,1,1,0,0,0,0,0,1,1,0,0,0,1,0,1,1,1,1,0,0,0.3148148148148148,227.83906874121837,1
12,1,1,0,0,1,0,0,0,1,1,0,1,1,0,0,0,0,0,1,1,1,0,0,1,0,0,0,0,1,1,0,0,0,0,1,1,0,0,0,0,0,1,1,0,0,0,1,0,0,1,1,1,0,0,0.2777777777777778,227.28056924784505,1
13,1,1,1,0,1,0,0,0,1,1,0,1,1,0,0,0,0,0,1,1,1,0,0,1,1,0,0,0,1,1,0,1,0,0,1,1,0,0,0,0,0,1,1,0,0,0,0,0,1,1,1,1,0,0,0.2962962962962963,265.2136536955477,1
14,1,1,0,0,1,0,0,0,1,1,0,1,1,0,0,0,1,0,0,1,1,0,0,1,1,0,0,0,1,1,0,1,0,0,1,1,0,0,1,0,0,1,1,0,0,1,0,0,0,1,1,1,0,0,0.2777777777777778,282.59135325974637,1
15,1,1,1,0,1,0,0,0,1,0,0,1,1,0,0,0,0,0,0,1,1,0,0,1,1,0,0,0,1,1,0,1,0,0,1,1,0,0,0,0,0,1,1,0,0,0,0,0,0,1,1,1,0,0,0.2777777777777778,252.57705368494297,1
16,1,1,0,0,1,0,0,0,1,1,0,1,1,0,0,0,0,0,0,1,1,0,0,1,1,0,0,0,1,1,0,1,0,0,1,1,0,0,0,0,0,1,1,0,0,0,1,0,0,1,1,1,0,0,0.3148148148148148,243.47315554550036,1
17,1,1,0,0,1,0,0,0,1,1,0,1,1,0,0,0,0,0,0,1,1,0,0,1,1,0,0,0,1,1,0,1,0,0,0,1,0,0,0,0,0,1,1,0,0,0,1,0,1,1,1,1,0,0,0.2962962962962963,232.41347306825304,1
18,1,1,0,0,1,0,0,0,1,1,0,1,1,0,0,0,0,0,1,1,1,0,0,1,1,0,0,0,1,1,0,1,0,0,1,1,0,0,0,0,0,1,1,0,0,0,1,1,0,1,1,1,0,0,0.3148148148148148,298.4715543221631,1
19,1,1,0,0,1,0,0,0,1,1,0,1,1,0,0,0,0,0,1,1,1,0,0,1,1,0,0,0,1,1,0,1,0,0,0,1,0,0,0,0,0,1,1,0,0,0,0,0,0,0,1,1,0,0,0.2777777777777778,251.21570052565608,1
20,1,1,0,0,1,0,0,0,1,1,0,1,1,1,0,0,0,0,0,1,1,0,0,1,1,0,0,0,1,1,0,1,0,0,0,1,0,0,0,0,0,1,1,0,0,0,1,0,0,1,1,1,0,0,0.3333333333333333,244.1861197728913,1
21,1,1,0,0,1,0,0,0,1,1,0,1,1,0,0,0,1,0,1,1,1,0,0,1,1,0,0,0,1,1,0,0,0,0,1,1,0,0,0,0,0,1,1,0,0,0,0,0,1,1,1,1,0,0,0.3333333333333333,246.86214998286465,1
22,1,1,0,0,1,0,0,0,1,1,0,1,1,0,0,0,0,0,1,1,1,0,0,1,1,0,0,0,1,1,0,1,0,0,1,1,0,0,1,0,0,1,1,0,0,0,0,0,0,1,1,1,0,0,0.35185185185185186,276.47503948615315,1
23,1,1,0,0,1,0,0,0,1,1,0,1,1,0,0,0,0,0,1,1,1,0,0,1,1,0,0,0,1,1,0,1,0,0,1,1,0,0,0,0,0,1,1,0,0,0,0,0,1,1,1,1,0,0,0.35185185185185186,232.56067484549877,1
24,1,1,1,0,1,0,0,0,1,1,0,1,1,0,0,0,0,0,1,1,1,0,0,1,1,0,0,0,1,1,0,0,0,0,1,1,0,0,0,0,0,1,1,0,0,0,0,0,1,1,1,1,0,0,0.3333333333333333,282.2095484498013,1
25,1,1,0,0,1,0,0,0,1,1,0,1,1,0,0,0,0,0,1,1,1,0,0,1,1,0,0,0,1,1,0,1,0,0,1,0,0,0,0,0,0,1,1,0,0,0,1,0,0,1,1,1,0,0,0.2777777777777778,221.5080483111825,1
26,1,1,0,0,1,0,0,0,1,1,0,1,1,0,0,0,0,0,1,1,1,0,0,1,1,0,0,0,1,1,0,1,0,0,1,1,0,0,0,0,0,1,1,0,0,0,0,0,0,1,1,1,0,0,0.2777777777777778,232.837024764752,1
27,1,1,0,0,1,0,0,0,1,1,0,1,1,0,0,0,0,0,1,1,1,0,0,1,1,0,0,0,1,1,0,1,0,0,1,1,0,0,0,0,0,1,1,0,0,0,0,0,1,1,1,1,0,0,0.3148148148148148,232.56067484549877,1
28,1,1,1,0,1,1,0,0,1,1,0,1,1,0,0,0,0,0,1,1,1,0,0,1,1,0,0,0,1,1,0,0,0,0,1,1,0,0,0,0,0,1,1,0,0,0,1,0,0,1,1,1,0,0,0.2777777777777778,362.7404827836702,1
29,1,1,0,0,1,1,0,0,1,1,0,1,1,0,0,0,0,0,1,1,1,0,0,1,1,0,0,0,1,1,0,0,1,0,1,0,0,0,0,0,0,1,1,0,0,0,1,0,1,1,1,1,0,0,0.3148148148148148,271.286534681424,1
30,1,1,0,0,1,0,0,0,1,1,0,1,1,0,0,0,0,0,1,1,1,0,0,1,1,0,0,0,1,1,0,1,0,0,0,1,0,0,0,0,0,1,1,0,0,0,1,0,1,1,1,1,0,0,0.3148148148148148,230.2991882282163,1
31,1,1,0,0,1,0,0,0,1,1,0,1,1,0,0,0,0,0,1,1,1,0,0,1,1,0,0,0,1,1,0,1,0,0,1,1,0,0,0,0,0,1,1,0,0,0,0,0,0,1,1,1,0,0,0.2962962962962963,232.837024764752,1
32,1,1,0,0,1,0,0,0,1,1,0,1,1,0,0,0,0,0,1,1,1,0,0,1,1,0,0,0,1,1,0,1,0,0,0,1,0,0,0,0,0,1,1,0,0,0,1,0,0,0,1,1,0,0,0.2962962962962963,235.7364979361747,1
33,1,1,0,0,1,0,0,0,1,1,0,1,1,0,0,0,0,0,0,1,1,0,0,1,1,0,0,0,1,1,0,1,0,0,1,1,0,0,0,0,0,1,1,0,0,0,0,0,1,1,1,1,0,0,0.3148148148148148,234.79307809745575,1
34,1,1,0,0,1,0,0,0,1,1,0,1,1,0,0,0,0,0,1,1,1,0,0,1,1,0,0,0,1,1,0,1,0,0,1,1,0,0,0,0,0,1,1,0,0,0,1,0,0,1,1,1,0,0,0.35185185185185186,238.7152012838891,1
35,1,1,0,0,1,0,0,0,1,1,0,1,1,0,0,0,0,0,1,1,1,0,0,1,1,0,0,0,1,1,0,1,0,0,0,1,0,0,1,0,0,1,1,0,0,0,0,1,0,1,1,1,0,0,0.3333333333333333,316.69898765686014,1
36,1,1,0,0,1,0,0,0,1,1,0,1,1,0,0,0,0,0,0,1,1,0,0,1,1,0,0,0,1,1,0,1,0,0,0,1,0,0,0,0,0,1,1,0,0,0,1,0,1,1,1,1,0,0,0.3148148148148148,232.41347306825304,1
37,1,1,0,0,1,0,0,0,1,1,0,1,1,0,0,0,0,0,1,1,1,0,0,1,1,0,0,0,1,1,0,0,0,0,1,1,0,0,0,0,0,1,1,0,0,0,1,0,1,1,1,1,0,0,0.3148148148148148,227.83906874121837,1
38,1,1,0,0,1,0,0,0,1,1,0,1,1,0,0,0,0,0,1,1,1,0,0,1,1,0,0,0,1,1,0,1,0,0,1,1,0,0,0,0,0,1,1,0,0,0,0,0,0,1,1,1,0,0,0.2962962962962963,232.837024764752,1
39,1,1,0,0,1,0,0,0,1,1,0,1,1,0,0,0,0,0,1,1,1,0,0,1,1,0,0,0,1,1,0,1,0,0,1,1,0,0,0,0,0,1,1,0,0,0,0,0,1,1,1,1,0,0,0.2962962962962963,232.56067484549877,1
40,1,1,1,0,1,0,0,0,1,0,0,1,1,1,0,0,0,0,1,1,1,0,0,1,1,0,0,0,1,1,0,1,0,0,1,1,0,0,0,0,0,1,1,0,0,0,0,0,1,1,1,1,0,0,0.2962962962962963,281.490172775871,1
41,1,1,0,0,1,0,0,0,1,1,0,1,1,0,0,0,0,0,1,1,1,0,0,1,1,0,0,0,1,1,0,1,0,0,1,1,0,0,0,0,0,1,1,0,0,1,0,0,1,1,1,1,0,0,0.2962962962962963,235.24387604738627,1
42,1,1,0,0,1,0,0,0,1,1,0,1,1,0,0,0,0,0,1,0,1,0,0,1,1,0,0,0,1,1,0,0,1,0,0,0,0,0,0,0,0,1,1,0,0,0,1,0,0,1,1,1,0,0,0.2962962962962963,228.9197643561045,1
43,1,1,0,0,1,0,0,0,1,1,0,1,0,0,0,0,0,0,1,1,1,0,0,1,1,0,0,0,1,1,0,1,0,0,1,1,0,0,0,0,0,1,1,0,0,1,1,0,0,1,1,1,0,0,0.2777777777777778,248.5119777331974,1
44,1,1,0,0,1,0,0,0,1,1,0,1,1,0,0,0,0,0,1,1,1,0,0,1,1,0,0,0,1,1,0,1,0,0,1,1,0,0,1,0,0,1,1,0,0,0,1,0,0,1,1,1,1,0,0.3888888888888889,346.253600042498,1
45,1,1,0,0,1,0,0,0,1,1,0,1,1,0,0,1,0,0,1,1,1,0,0,1,0,0,0,0,1,1,0,1,0,0,1,1,0,0,0,0,0,1,1,0,0,1,0,0,1,1,1,1,0,0,0.25925925925925924,235.24387604738632,1
46,1,1,1,0,1,0,0,0,1,1,0,1,1,1,0,0,0,0,1,1,1,0,0,1,1,0,0,0,1,1,0,0,0,0,1,1,0,0,0,0,0,1,1,0,0,0,1,0,0,1,1,1,0,0,0.3333333333333333,311.1161748878501,1
47,1,1,0,0,1,0,0,0,1,1,0,1,1,1,0,0,0,0,1,0,1,0,0,1,1,0,0,0,1,1,0,0,1,0,0,0,0,0,0,0,0,1,1,0,0,0,1,0,1,1,1,1,0,0,0.2962962962962963,243.09670406057216,1
48,1,1,0,0,1,0,0,0,1,1,0,1,1,0,0,0,1,0,1,1,1,0,0,1,1,0,0,0,1,1,0,1,0,0,0,1,0,0,1,0,0,1,1,0,0,0,1,0,0,1,1,1,1,0,0.37037037037037035,286.4240240063633,1
49,1,1,0,0,1,0,0,0,1,1,0,1,1,0,0,0,1,1,0,1,1,0,0,1,1,0,0,1,1,1,0,1,0,0,1,1,0,0,1,0,0,1,1,0,0,0,0,0,0,1,1,1,0,0,0.25925925925925924,293.94784911738606,1
50,1,1,0,0,1,0,0,0,1,1,0,1,1,1,0,0,0,0,1,1,1,0,0,1,1,0,0,0,1,1,0,1,0,0,1,1,0,0,1,0,0,1,1,0,0,0,1,0,0,1,1,0,0,0,0.2962962962962963,285.06756419971754,1
51,1,1,0,0,1,0,0,0,1,0,0,1,1,1,0,0,0,0,1,1,1,0,0,1,1,0,0,0,1,1,0,1,0,0,1,1,0,0,0,0,0,1,1,0,0,0,1,0,0,1,1,0,0,0,0.3148148148148148,241.33979066604988,1
52,1,1,1,0,1,0,0,0,1,0,0,1,1,0,0,0,0,0,1,1,1,0,0,1,1,0,0,1,1,1,0,0,0,0,1,0,0,0,0,0,0,1,1,0,0,0,1,0,0,1,1,1,0,0,0.3148148148148148,280.6112327226402,1
53,1,1,0,0,1,0,0,0,1,1,0,1,1,0,0,0,1,0,1,1,1,0,0,1,1,0,0,0,1,1,0,1,0,0,1,1,0,0,1,0,0,1,0,0,0,0,0,0,0,1,1,1,0,0,0.25925925925925924,267.5600123719683,1
54,1,1,0,0,1,0,0,0,1,1,0,1,1,0,0,0,0,0,1,1,1,1,0,1,1,0,0,0,1,1,0,1,0,0,1,1,0,0,0,0,0,1,1,0,0,1,0,0,0,1,1,1,0,0,0.2962962962962963,237.61716179668326,1
55,1,1,0,0,1,0,0,0,1,1,0,1,1,0,0,0,0,0,1,1,1,0,0,1,1,0,0,0,1,1,0,1,0,0,1,1,0,0,0,0,0,1,1,0,0,0,1,0,1,1,1,1,0,0,0.3148148148148148,243.92707724927382,1
56,1,1,1,0,1,1,0,0,1,1,0,1,1,0,0,0,0,0,1,1,1,0,0,1,1,0,0,0,1,1,0,0,1,0,0,1,0,0,0,0,0,1,1,0,0,0,1,0,0,1,1,1,0,0,0.3333333333333333,345.39814002780184,1
57,1,1,0,0,1,0,0,0,0,1,0,1,1,0,0,0,0,0,1,0,1,0,0,1,1,0,0,0,1,1,0,1,0,0,1,0,0,0,0,0,0,1,1,0,0,0,0,1,0,1,1,1,0,0,0.2962962962962963,229.94423746558212,1
58,1,1,0,0,1,0,0,0,1,1,0,1,1,0,0,0,0,0,1,1,1,1,0,1,1,0,0,0,1,1,0,0,0,0,1,1,0,0,0,0,0,1,1,0,0,0,1,0,0,1,1,1,0,0,0.24074074074074073,235.46167010515637,1
59,1,1,0,0,1,0,0,0,1,1,0,1,1,0,0,1,0,0,0,1,1,0,0,1,1,0,0,1,1,1,0,0,0,0,1,1,0,0,0,0,0,1,1,0,0,0,0,0,1,1,1,1,0,0,0.2777777777777778,227.51770953164123,1
60,1,1,0,0,1,1,0,0,1,1,0,1,1,0,0,0,0,0,1,1,1,0,0,1,1,0,0,0,1,1,0,0,1,0,1,1,0,0,0,0,0,1,1,0,0,0,0,0,1,1,1,1,0,0,0.3333333333333333,277.76144831465103,1
61,1,1,0,0,1,0,0,0,1,0,0,1,0,0,0,0,0,0,1,1,1,0,0,1,1,0,0,0,1,1,0,1,0,0,1,1,0,0,0,0,0,1,1,0,0,0,0,0,1,1,1,1,0,0,0.3333333333333333,232.44483053240012,1
62,1,1,0,0,1,0,1,0,1,1,0,1,1,0,0,0,0,0,1,1,1,0,0,1,1,0,0,0,1,1,0,1,0,0,1,1,0,0,0,0,0,1,1,0,0,1,0,0,0,1,1,1,0,0,0.2777777777777778,238.61840653032556,1
63,1,1,0,0,1,0,0,0,1,1,0,1,1,0,0,0,0,0,0,0,1,1,0,1,1,0,0,0,1,1,0,1,0,0,0,1,0,0,1,0,0,1,1,0,0,0,0,0,0,1,1,1,0,0,0.2777777777777778,271.17528977572067,1
64,1,1,0,0,1,0,0,0,0,1,0,1,1,0,0,0,0,0,1,0,1,0,0,0,1,0,0,0,1,1,0,0,0,0,1,0,0,0,0,0,0,1,1,0,0,1,1,0,0,1,1,1,0,0,0.2962962962962963,191.80246154708055,1
65,1,1,1,0,1,0,0,0,1,1,0,1,1,0,0,1,0,0,1,1,1,0,0,1,1,0,0,0,1,1,0,1,0,0,1,1,0,0,0,0,0,1,1,0,0,0,0,0,0,1,1,1,0,0,0.2962962962962963,289.73070526257646,1
66,1,1,0,0,1,0,0,0,1,1,0,1,0,0,0,0,1,0,1,1,1,0,0,1,1,0,0,0,1,1,0,1,0,0,0,1,0,0,0,0,0,1,1,0,0,1,1,0,0,1,1,1,0,0,0.3148148148148148,233.52985367703252,1
67,1,1,1,0,1,0,0,0,1,1,0,1,1,1,0,0,0,0,1,1,1,0,0,1,1,0,0,1,1,1,0,1,0,0,0,1,0,0,0,0,0,1,1,0,0,0,1,0,0,1,1,1,0,0,0.3148148148148148,300.8080444478117,1
68,1,1,0,0,1,0,0,0,1,1,0,1,1,0,0,0,0,0,1,1,1,0,0,1,1,0,0,0,1,1,0,0,0,0,1,1,0,0,0,0,0,1,1,0,0,0,1,0,0,1,1,1,0,0,0.3333333333333333,228.20614598701417,1
69,1,1,1,0,1,0,0,1,1,1,0,1,0,0,0,0,0,0,1,1,1,0,0,1,1,0,0,0,1,1,0,1,0,0,0,1,0,0,0,0,0,1,1,0,0,0,1,0,1,1,1,1,0,0,0.3333333333333333,285.71367111392686,1
70,1,1,0,0,1,0,0,0,1,1,0,1,1,0,0,0,0,0,0,1,1,0,0,1,1,0,0,0,1,1,0,0,0,0,1,1,0,0,0,0,0,1,1,0,0,0,0,0,0,1,1,1,0,0,0.35185185185185186,228.34217925350413,1
71,1,1,0,0,1,0,0,0,1,1,0,1,1,0,0,0,0,0,1,1,1,0,0,1,0,0,0,0,1,1,0,0,1,0,0,1,0,0,0,0,0,1,1,0,0,0,1,0,1,1,1,1,0,0,0.2962962962962963,266.64158272017056,1
72,1,1,1,0,1,0,0,0,1,1,0,1,1,0,0,0,1,0,1,1,1,0,0,1,1,0,0,0,1,1,0,0,0,0,1,1,0,0,0,0,0,1,1,0,0,0,1,0,1,1,1,1,0,0,0.3148148148148148,290.2262708660165,1
73,1,1,0,0,1,0,0,0,1,0,0,1,1,0,0,0,0,0,1,1,1,0,0,1,1,0,0,0,1,1,0,1,0,0,1,1,0,0,1,0,0,1,1,0,0,1,0,0,0,1,1,1,1,0,0.3148148148148148,336.738266478245,1
74,1,1,0,0,1,0,0,0,0,1,0,1,1,0,0,0,0,0,1,1,1,0,0,1,1,0,0,0,1,1,0,1,0,0,1,1,0,0,0,0,0,1,1,0,0,0,0,0,0,1,1,1,0,0,0.2962962962962963,210.88187955273753,1
75,0,0,1,1,0,1,1,1,0,0,1,0,0,1,1,1,1,1,1,1,0,1,1,0,0,1,1,1,0,0,1,0,1,1,1,0,1,1,1,1,1,1,0,1,1,1,0,1,1,0,0,0,1,1,0.2777777777777778,391.0412079964393,1
76,1,1,0,0,1,0,0,0,1,0,0,1,1,1,0,0,0,0,1,1,1,0,0,1,1,0,0,0,1,1,0,1,0,0,1,1,0,0,0,0,0,1,1,0,0,1,1,0,0,1,1,1,0,0,0.37037037037037035,246.16952548457255,1
77,1,1,0,0,1,0,0,0,1,0,0,1,1,0,0,0,0,0,1,1,1,0,0,1,1,0,0,0,1,1,0,1,0,0,0,1,0,0,0,0,0,1,1,0,0,0,1,0,0,1,1,1,0,0,0.2962962962962963,225.58735481006883,1
78,1,1,0,0,1,0,0,0,1,1,0,1,1,0,0,0,1,0,1,1,1,1,0,1,1,0,0,0,1,1,0,0,0,0,1,1,0,0,1,0,0,1,1,0,0,0,0,0,0,1,1,1,0,0,0.37037037037037035,265.46155095610817,1
79,1,1,1,0,1,0,0,0,1,1,0,1,1,0,0,0,0,0,0,1,1,0,0,1,1,0,0,0,0,1,0,0,0,0,1,1,0,0,0,0,0,1,1,0,0,0,1,0,0,1,1,1,0,0,0.3333333333333333,278.7040211482353,1
80,1,1,0,0,1,0,0,0,1,1,0,1,1,0,0,0,0,0,1,1,1,0,0,1,1,0,0,0,1,1,0,0,0,0,1,1,0,0,0,0,0,1,1,0,0,0,1,0,1,1,1,1,0,0,0.3888888888888889,227.83906874121837,1
81,1,1,1,0,1,0,0,0,1,1,0,1,1,1,0,0,0,0,0,1,1,0,0,1,1,0,0,0,1,1,1,1,0,0,1,1,0,0,0,0,0,1,1,0,0,0,0,0,1,1,1,1,0,0,0.2777777777777778,278.1659194808958,1
82,1,1,1,0,1,0,0,0,1,1,0,1,1,0,0,0,0,0,1,1,1,0,0,1,1,0,0,1,1,1,0,1,0,0,1,1,0,0,0,0,0,1,1,0,0,0,1,0,1,1,1,1,0,0,0.35185185185185186,254.05229170857655,1
83,1,1,1,0,1,0,0,0,1,0,0,1,1,0,0,0,0,0,1,1,1,0,0,1,1,0,0,0,1,1,0,1,0,0,1,0,0,0,1,0,0,1,1,0,0,0,0,1,0,1,1,1,0,0,0.2777777777777778,272.74062176797577,1
84,1,1,0,0,1,0,0,0,1,1,0,1,1,1,0,0,0,0,1,1,1,0,0,1,1,0,0,1,1,1,0,1,0,0,1,1,0,0,0,0,0,1,1,0,0,0,0,0,1,1,1,0,0,0,0.35185185185185186,246.72297767661,1
85,1,1,1,0,1,0,0,0,1,1,0,1,1,0,0,0,0,0,0,1,1,0,0,1,1,0,0,0,1,1,0,0,0,0,1,1,0,0,1,0,0,1,1,0,0,1,0,0,0,0,1,1,0,0,0.3148148148148148,271.1140214685356,1
86,1,1,0,0,1,0,0,0,1,0,0,1,1,0,0,0,0,0,0,1,1,0,0,1,1,0,0,0,1,1,0,1,0,0,1,1,0,0,0,0,0,1,1,0,0,0,0,1,0,1,1,1,0,0,0.37037037037037035,286.6860639792623,1
87,1,1,1,0,1,0,0,0,1,1,0,1,1,0,0,0,0,0,1,1,1,0,0,1,1,0,0,0,1,1,0,1,0,0,0,1,0,0,0,0,0,1,1,0,0,0,0,1,0,1,1,1,0,0,0.3888888888888889,273.55897676752113,1
88,1,1,0,0,1,0,0,0,1,0,0,1,1,1,0,0,0,0,0,1,1,0,1,1,1,0,0,0,1,1,0,1,0,0,1,1,0,0,0,0,0,1,1,0,0,0,0,1,0,1,1,1,0,0,0.3148148148148148,274.134910579846,1
89,0,0,1,1,0,1,1,1,0,0,1,0,0,0,1,1,0,1,0,1,0,0,1,0,0,1,1,1,0,0,1,0,1,1,1,0,1,1,1,1,1,1,0,1,1,1,0,1,0,0,0,0,1,1,0.3333333333333333,427.32885208718574,1
90,1,1,0,0,1,0,0,0,1,0,0,1,1,0,0,0,0,0,1,1,1,0,0,1,1,0,0,0,1,1,0,1,0,0,1,1,0,0,0,0,0,1,1,0,0,0,1,1,0,1,1,1,0,0,0.3333333333333333,309.56610071047476,1
91,1,1,1,0,1,0,0,0,1,1,0,1,1,0,0,0,0,0,1,1,1,0,0,1,1,0,0,0,1,1,0,0,0,0,0,1,0,0,0,0,0,1,1,0,0,0,0,1,0,1,1,1,0,0,0.3333333333333333,283.59968088866145,1
92,1,1,1,0,1,0,0,0,1,0,0,1,1,0,0,1,0,0,1,0,1,0,0,1,1,0,0,0,1,1,0,1,0,0,1,0,0,0,0,0,0,1,1,0,0,0,0,0,0,1,1,1,0,0,0.2962962962962963,280.77723210907294,1
93,1,1,1,0,1,1,0,0,1,1,0,1,1,0,0,0,0,0,1,1,1,0,0,1,1,0,0,1,1,1,0,1,0,0,1,1,0,0,0,0,0,1,1,0,0,0,1,0,0,1,1,1,0,0,0.35185185185185186,315.74646242765226,1
94,1,1,0,0,1,0,0,0,1,1,0,1,1,1,0,0,1,0,1,1,1,0,0,1,1,0,0,0,1,1,0,0,0,0,1,1,0,0,1,0,0,1,1,0,0,0,0,0,0,1,1,1,0,0,0.2777777777777778,278.11242325265295,1
95,0,0,1,1,0,1,1,1,0,0,1,0,0,0,1,1,1,1,1,1,0,1,1,0,0,1,1,1,0,0,1,0,1,1,0,1,1,1,1,1,1,1,0,1,1,1,0,0,0,0,0,1,1,1,0.2777777777777778,363.4759152792482,1
96,0,0,0,1,0,1,1,1,0,0,1,0,1,0,1,1,1,1,1,1,0,1,1,0,0,1,1,1,0,0,1,0,1,1,1,0,1,1,1,1,1,1,0,1,1,1,0,0,1,0,0,0,1,1,0.37037037037037035,350.4103050793925,1
97,0,0,1,1,0,1,1,1,0,0,1,0,1,0,1,1,1,1,0,1,0,0,1,0,0,1,1,0,0,0,1,1,1,1,1,0,1,1,1,1,1,1,0,1,1,1,0,1,1,0,0,0,1,1,0.3888888888888889,442.00497645890556,1
98,1,1,0,0,1,0,0,0,1,1,0,1,1,0,0,0,0,0,1,1,1,0,0,1,1,0,0,1,1,1,0,1,0,0,0,1,0,0,0,0,0,1,1,0,0,1,1,0,0,1,1,0,0,0,0.2962962962962963,230.86024938743395,1
99,0,0,0,1,0,1,1,1,0,0,1,0,0,1,1,1,0,1,1,1,0,0,1,0,0,1,0,0,0,0,1,0,1,1,1,0,1,1,0,0,1,1,0,1,1,1,0,0,1,0,0,0,1,1,0.2962962962962963,271.58048224227593,1
