,0,1,2,3,4,5,6,7,8,9,10,11,12,13,14,15,16,17,18,19,20,21,22,23,24,25,26,27,28,29,30,31,32,33,34,35,36,37,38,39,40,41,42,43,44,45,46,47,48,49,50,51,52,53,chain_break_fraction,energy,num_occurrences
0,0,1,0,0,1,1,1,1,0,0,1,1,0,0,1,1,0,1,0,0,1,1,0,1,0,0,0,0,0,0,0,0,1,0,0,0,0,0,0,0,0,0,1,0,1,1,1,1,1,1,1,0,0,0,0.3148148148148148,518.0103307866543,1
1,0,1,0,0,0,1,1,1,0,0,1,1,0,0,1,1,0,1,0,0,1,1,0,1,0,0,0,0,0,0,0,0,1,0,0,0,0,0,0,0,0,0,0,0,1,1,1,1,1,1,1,0,0,0,0.2962962962962963,476.1390483182425,1
2,0,1,0,0,0,1,1,1,0,0,1,1,0,0,1,1,0,1,0,0,1,1,0,1,0,0,0,0,0,0,0,0,1,0,0,0,0,1,0,0,0,0,1,0,1,1,1,1,0,1,1,0,0,1,0.2962962962962963,390.84743324939035,1
3,0,1,0,0,1,1,1,1,0,0,1,1,0,0,1,1,0,1,0,0,1,0,0,1,0,0,0,0,0,0,0,0,1,0,0,0,0,0,0,0,0,0,1,0,1,1,1,1,1,1,1,0,0,0,0.3148148148148148,485.963053035376,1
4,0,1,0,0,0,1,1,1,0,0,1,1,0,0,1,1,0,1,0,0,1,0,0,1,0,0,0,0,0,0,0,0,1,0,0,0,0,0,0,0,0,0,1,1,1,1,1,1,0,1,1,0,0,0,0.25925925925925924,421.16904059704865,1
5,0,1,0,0,0,1,1,1,0,0,1,1,0,0,1,1,0,1,0,0,1,1,0,1,0,0,0,0,0,0,0,0,1,0,0,0,0,1,0,0,0,0,1,0,1,1,1,1,1,1,1,0,0,0,0.2962962962962963,424.7157718424882,1
6,0,1,0,0,0,1,1,1,0,0,1,1,0,0,1,0,0,1,0,0,1,1,0,1,0,0,0,0,0,0,0,0,1,0,0,0,0,0,0,0,0,0,1,0,1,1,1,1,1,1,1,0,0,0,0.3148148148148148,429.9290308931421,1
7,0,1,0,0,1,1,1,0,0,0,1,1,0,0,1,1,0,1,0,0,1,1,0,1,0,0,0,0,0,0,0,0,1,0,0,0,0,0,0,0,0,0,1,1,1,1,1,1,0,1,1,0,0,0,0.2962962962962963,443.3002512119905,1
8,0,1,0,0,0,1,1,1,0,0,1,1,0,0,1,0,0,1,0,0,1,1,0,1,0,0,0,0,0,0,0,0,1,0,0,0,1,0,0,0,0,0,1,0,1,1,1,1,0,1,1,0,0,1,0.2777777777777778,378.95701195275586,1
9,0,1,0,1,0,1,1,1,0,0,1,0,0,0,1,1,0,1,0,0,1,1,0,1,0,0,0,0,0,0,0,0,1,0,0,0,0,1,0,0,0,0,1,0,1,1,1,1,0,1,1,0,0,0,0.2962962962962963,360.04178041231035,1
10,0,1,0,0,0,1,1,1,0,0,1,1,0,0,1,1,0,1,0,0,1,1,0,1,0,0,0,0,0,0,0,0,1,0,0,0,0,0,0,0,0,0,1,0,1,1,1,1,1,1,1,0,0,0,0.35185185185185186,456.7169246560095,1
11,0,1,0,0,1,0,1,1,0,1,1,1,0,0,1,1,0,1,0,0,1,1,0,1,0,0,0,0,0,0,0,0,1,0,0,0,0,1,0,0,0,0,1,0,1,1,1,1,0,1,1,0,0,1,0.2962962962962963,367.15326860894885,1
12,0,1,0,0,0,1,1,1,0,0,1,1,0,0,1,1,0,1,0,0,1,0,0,1,0,0,0,0,0,0,0,0,1,0,0,0,0,1,0,0,0,0,1,0,1,1,1,1,0,1,1,0,0,0,0.2962962962962963,416.6263176271329,1
13,0,1,0,0,0,1,1,1,0,0,1,1,0,0,1,1,0,1,0,0,1,1,0,1,0,0,0,0,0,0,0,0,1,0,0,0,0,0,0,0,0,0,0,1,1,1,1,1,1,1,1,0,0,0,0.25925925925925924,443.29480099377594,1
14,0,1,0,0,0,1,1,1,0,1,1,1,0,0,1,1,0,1,0,0,1,1,0,1,0,0,0,0,0,0,0,0,1,0,0,0,0,1,0,0,0,1,1,0,1,1,1,1,0,1,1,0,0,0,0.2962962962962963,428.3432859084739,1
15,0,1,0,0,0,1,1,1,0,1,1,1,0,0,1,1,0,1,0,0,1,0,0,1,0,0,0,0,0,0,0,0,1,0,0,0,0,0,0,0,0,0,1,0,1,1,1,1,1,1,1,0,0,0,0.3148148148148148,456.49804769558995,1
16,0,1,0,0,0,1,1,1,0,0,1,1,0,0,1,0,0,1,0,0,1,1,0,1,0,0,0,0,0,0,0,0,1,0,0,0,0,0,0,0,0,0,1,1,1,1,1,1,1,1,1,0,0,0,0.25925925925925924,408.37883074556373,1
17,0,1,0,0,0,1,1,1,0,0,1,1,0,0,1,1,0,1,0,0,1,1,0,1,0,0,0,0,0,0,0,0,1,0,0,0,0,1,0,0,0,0,1,0,1,1,1,1,0,1,1,0,0,1,0.3148148148148148,390.84743324939035,1
18,0,1,0,0,0,1,1,0,0,0,1,1,0,0,1,1,0,0,0,0,1,0,0,1,0,0,0,0,0,0,0,0,1,0,0,0,0,0,0,0,0,0,1,0,1,1,1,1,0,1,1,0,0,1,0.2962962962962963,315.1249142282547,1
19,0,1,0,0,0,1,1,1,0,0,1,1,0,0,1,1,0,0,0,0,1,1,0,1,0,0,0,0,0,0,0,0,1,0,0,0,0,0,0,0,0,0,1,0,1,1,1,1,0,1,1,0,0,0,0.2962962962962963,360.36494969123424,1
20,0,1,0,0,0,1,1,1,0,0,1,1,0,0,1,1,0,1,0,0,1,1,0,1,0,0,0,0,0,0,0,0,1,1,0,0,0,1,0,0,0,1,1,1,1,1,1,1,1,1,1,0,0,0,0.2962962962962963,417.0805368554866,1
21,0,1,0,0,0,1,1,1,0,0,1,1,0,0,1,1,0,1,0,0,1,1,0,1,0,0,0,0,1,0,0,0,1,0,0,0,0,0,0,0,0,0,1,0,1,1,1,1,0,1,1,0,0,1,0.3148148148148148,382.596451671755,1
22,1,1,1,1,1,0,0,0,1,1,0,0,1,1,1,0,1,0,1,1,0,0,1,0,1,1,1,1,1,1,1,1,0,1,1,0,1,1,1,1,1,1,0,0,0,0,0,0,0,0,0,1,1,1,0.2962962962962963,371.25440500895417,1
23,0,1,0,0,0,0,1,1,0,0,1,1,0,0,1,1,0,0,0,0,1,1,0,1,0,0,0,0,0,0,0,0,1,0,0,0,1,0,0,0,0,0,1,0,1,1,1,1,1,1,1,0,0,0,0.3148148148148148,293.0649945352144,1
24,0,1,0,0,0,1,1,0,0,0,1,1,0,0,1,1,0,0,0,0,1,1,0,1,0,0,0,0,0,0,0,0,1,0,0,0,0,0,0,0,0,0,1,1,1,1,1,1,0,1,1,0,0,0,0.2777777777777778,325.15077113033396,1
25,0,1,0,0,0,1,1,1,0,0,1,1,0,0,1,1,0,1,0,0,1,1,0,1,0,0,0,0,0,0,0,0,1,0,0,0,0,1,0,0,0,0,1,0,1,1,1,1,1,1,1,0,0,0,0.35185185185185186,424.7157718424882,1
26,0,1,0,0,0,1,1,1,0,0,1,0,0,0,1,1,0,1,0,0,1,1,0,1,0,0,0,0,0,0,0,0,1,0,0,0,0,1,0,0,0,0,1,0,1,1,1,1,0,1,1,0,0,0,0.2962962962962963,345.10181242073975,1
27,0,1,0,1,0,1,1,1,0,0,1,1,0,0,1,1,0,1,0,0,1,1,0,1,0,0,0,0,0,0,0,0,1,0,0,0,0,1,0,0,0,0,1,0,1,1,1,1,1,1,1,0,0,0,0.3148148148148148,447.14428093864694,1
28,0,1,0,0,0,1,1,0,0,0,1,1,0,0,1,1,0,1,0,0,1,1,0,1,0,0,0,0,0,0,0,0,1,0,0,0,0,0,0,0,0,0,1,1,1,1,1,1,1,1,1,0,1,1,0.25925925925925924,369.1457270742656,1
29,1,0,1,1,1,0,0,0,1,1,0,0,1,1,1,0,1,0,1,1,0,0,1,0,1,1,1,1,1,1,1,1,0,1,1,0,1,1,1,1,1,0,0,0,0,0,0,0,0,0,0,1,1,1,0.2777777777777778,345.4388965727186,1
30,0,1,0,1,0,1,1,1,0,1,1,0,0,0,1,1,0,1,0,0,1,0,0,1,0,0,0,0,0,0,0,0,1,0,0,0,0,0,0,0,0,0,1,0,1,1,1,1,1,1,1,0,0,0,0.2777777777777778,367.02981318755684,1
31,0,1,0,0,0,1,1,0,0,0,1,1,0,0,1,1,0,1,0,0,1,0,0,1,0,0,0,0,0,0,0,0,1,0,0,0,0,0,0,0,0,0,1,0,1,1,1,1,1,1,1,0,0,0,0.3148148148148148,381.4043919579732,1
32,0,1,0,0,0,1,1,1,0,1,1,1,0,0,1,1,0,1,0,0,1,0,0,1,0,0,0,0,0,0,0,0,1,0,0,1,0,0,0,0,0,0,1,0,1,1,0,1,0,1,1,0,0,0,0.2777777777777778,452.9931476299853,1
33,1,0,1,1,1,1,0,0,1,1,0,0,1,1,1,0,1,0,1,1,0,0,1,0,1,1,1,1,1,1,1,1,0,1,1,1,1,0,1,1,1,0,0,0,0,0,0,0,0,1,0,1,1,1,0.25925925925925924,406.0947695321602,1
34,0,1,0,0,1,1,1,1,0,0,1,1,0,0,1,1,0,1,0,0,1,0,0,1,0,0,0,0,0,0,0,0,1,1,0,0,0,1,0,0,0,0,1,0,1,1,1,1,0,1,1,0,0,0,0.24074074074074073,449.4299121073015,1
35,1,0,1,1,0,0,0,0,1,0,0,1,1,1,1,0,1,0,1,1,0,0,1,0,1,1,1,1,1,1,1,1,0,0,1,1,0,0,1,1,1,0,0,0,0,0,0,0,1,0,0,1,1,0,0.2777777777777778,411.23300580362445,1
36,0,1,0,0,0,0,1,1,0,0,1,1,0,0,1,1,0,0,0,0,1,0,0,1,0,0,0,0,0,0,0,0,1,0,0,0,0,0,0,0,0,0,1,0,1,1,1,1,0,1,1,0,0,0,0.2962962962962963,282.8897764122543,1
37,0,1,0,0,0,1,1,1,0,1,1,1,0,0,1,1,0,1,0,0,1,1,0,1,0,0,0,0,0,0,0,0,1,0,0,0,0,0,0,0,0,0,1,0,1,1,1,1,0,1,1,0,1,1,0.35185185185185186,397.7668658021045,1
38,0,1,0,0,1,0,1,1,0,1,1,1,0,0,1,1,0,1,0,0,1,1,0,1,0,0,0,0,0,0,0,0,1,0,0,0,0,0,0,0,0,0,0,0,1,1,1,1,1,1,1,0,0,1,0.3148148148148148,373.5734719185224,1
39,0,1,0,0,0,1,1,1,0,0,1,1,0,0,1,1,0,1,1,0,1,0,0,1,0,0,0,0,0,0,0,0,1,0,0,0,0,0,0,0,0,0,1,1,1,1,1,1,1,1,1,0,0,0,0.2777777777777778,432.1301884065447,1
40,0,1,0,0,0,1,1,1,0,1,1,1,0,0,1,1,0,1,0,0,1,1,0,1,0,0,0,0,0,0,0,0,1,0,0,0,0,1,0,0,0,0,1,1,1,1,1,1,1,1,1,0,0,0,0.2962962962962963,428.7408111087695,1
41,1,0,1,1,1,0,0,0,1,1,0,0,1,1,1,0,1,0,1,1,0,0,1,0,1,1,1,1,1,1,1,1,0,1,1,1,1,0,1,0,1,0,0,0,0,0,0,0,0,0,0,1,1,1,0.25925925925925924,365.7555002699403,1
42,0,1,0,0,1,1,1,1,0,1,1,1,0,0,1,1,0,1,0,0,1,0,0,1,0,0,0,0,0,0,0,0,1,0,0,1,0,0,0,0,0,0,1,0,1,1,1,1,1,1,1,0,0,0,0.3148148148148148,457.96673029340445,1
43,0,0,1,0,1,0,0,0,1,1,0,0,1,1,1,0,1,0,1,1,0,0,1,0,1,1,1,1,1,1,1,1,0,1,1,1,1,0,1,1,1,0,0,0,0,0,0,0,0,0,0,1,1,1,0.2222222222222222,359.9490873585879,1
44,0,1,0,0,0,1,1,1,0,0,1,0,0,0,1,1,0,1,0,0,1,0,0,1,0,0,0,0,1,0,0,0,1,0,0,0,0,1,0,0,0,0,1,1,1,1,1,1,1,0,1,0,0,0,0.3333333333333333,330.4090306335531,1
45,1,0,1,1,0,1,0,0,1,0,0,0,1,1,1,0,1,0,1,1,0,1,1,0,1,1,1,1,1,1,1,1,0,0,1,1,1,0,1,1,1,0,0,0,0,0,0,0,0,0,0,1,1,0,0.24074074074074073,430.0274707751777,1
46,0,1,0,0,0,1,1,1,0,1,1,0,0,0,1,1,0,1,0,0,1,0,0,1,0,0,0,0,0,0,0,0,1,0,0,0,0,1,0,0,0,0,1,0,1,1,1,1,0,0,1,0,0,0,0.2777777777777778,360.638182152732,1
47,1,0,1,1,1,1,0,0,1,1,0,0,1,1,1,0,1,0,1,1,0,0,1,0,1,1,1,1,1,1,1,1,0,1,1,1,0,0,1,1,1,0,0,0,0,0,0,0,0,0,0,1,1,0,0.25925925925925924,485.63820604373177,1
48,0,1,0,0,0,1,1,1,0,1,1,0,0,0,1,1,0,1,0,0,1,0,0,1,0,0,0,0,0,0,0,0,1,0,0,0,1,0,0,0,0,0,1,0,1,1,1,1,0,1,1,0,0,0,0.3148148148148148,348.82709764199797,1
49,1,0,1,0,0,0,0,0,1,1,0,1,1,1,1,0,1,0,1,1,0,0,1,0,1,1,1,1,1,1,1,1,0,1,1,1,0,1,1,1,1,0,0,0,0,0,0,0,0,0,0,1,1,0,0.25925925925925924,405.31097006829566,1
50,1,0,1,1,1,0,0,0,1,1,0,1,1,1,1,0,1,0,1,1,0,0,1,0,1,1,1,1,1,1,1,1,0,1,1,1,1,0,1,1,1,1,0,0,0,0,0,0,0,0,0,1,1,1,0.3148148148148148,425.6427561888226,1
51,0,1,0,0,1,1,1,1,0,0,1,0,0,0,1,1,0,1,0,0,1,1,0,1,0,0,0,0,0,0,1,0,1,0,0,0,0,0,0,0,0,0,1,0,1,1,1,1,1,1,1,0,0,1,0.35185185185185186,349.2689829657233,1
52,1,0,1,0,0,0,0,1,1,0,0,1,1,1,1,0,1,0,1,1,0,0,1,0,1,1,1,1,1,1,1,1,0,1,1,1,1,1,1,1,1,0,0,0,0,0,0,0,0,0,0,1,1,0,0.2777777777777778,424.53456716795847,1
53,1,0,1,1,1,0,0,0,1,0,0,1,1,1,1,0,1,0,1,1,0,0,1,0,1,1,1,1,1,1,1,1,0,1,1,0,0,1,1,1,1,1,0,0,0,0,0,0,0,0,0,1,1,0,0.3148148148148148,423.95518089309644,1
54,0,1,0,0,1,1,1,1,0,0,1,1,0,0,1,1,0,1,0,0,1,1,0,1,0,0,0,1,1,0,1,0,1,0,0,0,0,0,0,0,0,0,1,0,1,1,1,1,0,1,1,0,0,0,0.35185185185185186,446.7190878511368,1
55,0,1,0,1,0,0,1,1,0,0,1,0,0,0,1,1,0,1,0,0,1,0,0,1,0,0,0,0,0,0,0,0,1,0,0,0,0,0,0,0,0,0,1,0,1,1,1,1,0,1,1,0,0,0,0.3148148148148148,289.87125306334514,1
56,1,0,1,1,0,1,0,0,1,0,0,0,1,1,1,0,1,0,1,1,0,0,1,0,1,1,1,1,1,1,1,1,0,0,1,1,0,0,1,1,1,1,0,0,0,0,0,0,0,0,0,1,1,0,0.2777777777777778,389.3661683895142,1
57,0,1,0,0,0,1,1,1,0,1,1,0,0,0,1,1,0,1,0,0,1,1,0,1,0,0,0,0,0,0,0,0,1,0,0,0,0,1,0,0,0,0,1,1,1,1,1,1,0,1,1,0,0,0,0.35185185185185186,354.3163881905581,1
58,1,0,1,0,0,1,0,0,1,1,0,0,1,1,1,0,1,0,1,1,0,0,1,0,1,0,1,1,1,1,1,1,0,0,1,1,1,0,1,1,1,0,0,0,0,0,0,0,0,0,0,1,1,1,0.2962962962962963,354.6053542536479,1
59,0,1,0,0,0,1,1,0,0,1,1,1,0,0,1,1,0,1,0,0,1,0,0,1,0,0,0,0,0,0,1,0,1,0,0,0,0,0,0,0,0,0,1,0,1,1,1,1,1,1,1,0,0,0,0.2962962962962963,392.20190388657835,1
60,1,0,1,0,1,0,0,0,1,0,0,0,1,1,1,0,1,0,1,1,0,0,1,0,1,1,1,1,1,1,1,1,0,0,1,1,1,0,1,1,1,1,1,0,0,0,0,0,0,0,0,1,1,1,0.25925925925925924,416.267532180267,1
61,0,1,0,0,0,1,1,1,0,0,1,1,0,0,1,1,0,1,0,0,1,1,0,1,0,0,0,0,0,0,0,0,1,0,0,0,0,0,0,0,0,0,0,1,1,1,1,1,0,1,1,0,0,1,0.3333333333333333,399.7290447820937,1
62,0,1,0,1,0,0,1,1,0,0,1,1,0,0,1,1,0,1,0,0,1,1,0,1,0,0,0,0,0,0,0,0,1,0,0,0,1,1,0,0,0,0,1,1,1,1,1,1,1,1,1,0,0,0,0.2962962962962963,358.35063175887916,1
63,0,1,0,0,1,1,1,0,0,0,1,1,0,0,1,1,0,1,1,0,1,0,0,1,0,0,0,0,0,0,0,0,1,0,0,0,0,1,0,0,0,0,0,0,1,1,1,1,0,1,1,0,0,0,0.25925925925925924,456.8720237853621,1
64,0,1,0,0,1,1,1,1,0,1,1,0,1,0,1,1,0,0,0,0,1,1,0,1,0,0,0,0,0,0,0,0,1,0,0,0,0,0,0,0,0,0,0,1,1,1,1,1,0,1,1,0,0,0,0.2777777777777778,341.746063625247,1
65,0,1,0,1,1,0,1,1,0,1,1,1,0,0,1,1,0,1,0,0,1,1,0,1,0,0,0,0,0,0,0,0,1,0,0,0,0,0,0,0,0,0,1,1,1,1,1,1,1,1,1,0,0,0,0.2777777777777778,417.1602306601486,1
66,0,1,0,0,0,1,1,1,0,0,1,0,0,0,1,1,0,1,0,0,1,0,0,1,0,0,0,0,1,0,0,0,1,0,0,0,0,1,0,0,0,1,1,0,1,1,1,1,0,1,1,0,0,0,0.3148148148148148,364.9542865741509,1
67,0,1,0,0,0,0,1,1,0,1,1,1,0,0,1,1,0,1,0,0,1,1,0,1,0,0,0,0,0,0,0,0,1,0,0,0,0,0,0,0,0,0,0,1,1,1,1,0,1,1,1,0,0,0,0.2962962962962963,416.4702922596658,1
68,1,1,1,1,1,0,0,1,1,1,0,0,1,1,1,0,1,0,1,1,0,0,1,0,1,1,1,1,1,1,1,1,0,1,1,1,0,1,1,1,1,0,0,0,0,0,0,0,0,0,0,1,1,1,0.2777777777777778,417.101055012341,1
69,0,1,0,0,0,1,1,1,0,1,1,0,0,0,1,1,0,1,0,0,1,0,0,1,0,0,0,0,1,0,0,0,1,0,0,0,0,1,0,0,0,0,1,1,1,1,1,1,0,1,1,0,0,0,0.25925925925925924,340.276869522334,1
70,0,1,0,0,1,0,1,1,0,0,1,1,0,0,1,1,0,0,0,0,1,1,0,1,0,0,0,0,0,0,1,0,1,0,0,0,0,0,0,0,0,0,1,1,1,1,1,0,0,1,1,0,0,0,0.3148148148148148,316.124807550665,1
71,0,1,0,0,0,1,1,1,0,1,1,1,0,0,1,1,0,1,0,0,1,0,0,1,0,0,0,0,0,0,0,0,1,0,0,1,0,0,0,0,0,0,1,0,1,1,1,1,1,1,1,1,0,0,0.2962962962962963,404.8783096573509,1
72,1,0,1,0,1,0,0,0,1,1,0,0,1,1,1,0,1,0,1,1,0,0,1,0,1,1,1,1,1,1,1,1,0,0,1,1,1,0,1,1,1,0,0,0,0,0,0,0,0,0,0,1,1,1,0.25925925925925924,355.0416108739778,1
73,1,0,1,1,0,0,0,0,1,1,0,1,0,1,1,0,1,0,1,1,0,0,1,0,1,1,1,1,1,1,1,1,0,1,1,1,0,1,1,1,1,0,0,0,0,0,0,0,0,0,0,1,1,0,0.3148148148148148,399.28847800911365,1
74,0,1,0,0,1,1,0,1,0,0,1,0,0,0,1,1,0,1,0,0,1,0,0,1,0,0,0,0,0,0,0,0,1,0,0,0,0,0,0,0,0,0,1,0,1,1,1,1,1,1,1,0,0,0,0.25925925925925924,351.7106776470719,1
75,1,0,1,1,1,1,0,0,1,0,0,0,1,1,1,0,1,0,1,1,0,0,1,0,1,1,1,1,1,1,1,1,0,0,1,1,1,0,1,1,1,0,0,0,0,0,0,0,0,1,0,1,1,1,0.25925925925925924,396.8398527959726,1
76,1,0,1,0,0,1,0,0,1,0,0,0,1,1,1,0,1,0,1,1,0,0,1,0,1,1,1,1,1,1,1,1,0,1,1,1,0,0,1,1,1,1,0,0,0,0,0,0,0,0,0,1,1,0,0.2962962962962963,376.9874115374349,1
77,0,0,0,0,0,1,1,1,0,0,1,1,0,0,1,1,0,1,0,0,1,0,0,1,0,0,0,0,0,0,0,0,1,1,0,0,1,0,0,0,0,0,0,1,1,1,1,1,1,1,1,0,0,0,0.2962962962962963,363.83303962798743,1
78,1,0,1,1,1,1,0,0,1,0,0,0,1,1,1,0,1,0,1,1,0,0,1,0,1,1,1,1,1,1,1,1,0,1,1,0,1,1,1,1,1,1,0,0,0,0,0,0,0,0,0,1,1,0,0.3148148148148148,408.78275751209924,1
79,1,1,1,1,0,0,0,0,1,0,0,1,0,1,1,0,1,0,1,1,0,0,1,0,1,1,1,1,1,1,1,1,0,1,1,1,1,0,1,1,1,1,0,0,0,0,0,0,1,0,0,1,1,0,0.25925925925925924,397.26657685927444,1
80,1,0,1,1,1,0,0,0,1,1,0,0,1,1,1,0,1,0,0,1,0,0,1,0,1,1,1,1,1,1,1,1,0,0,1,1,1,0,1,1,1,0,0,0,0,0,0,0,0,0,0,0,1,1,0.25925925925925924,350.7390141361891,1
81,1,0,1,1,1,0,0,0,1,1,0,1,1,1,1,0,1,0,1,1,0,0,1,0,1,0,1,1,1,1,1,1,0,0,1,1,1,0,1,1,1,1,0,0,0,0,0,0,1,0,0,1,1,1,0.3148148148148148,400.66539562741843,1
82,1,0,1,1,1,1,0,0,1,1,0,1,1,1,1,0,1,0,1,1,0,0,1,0,0,1,1,1,1,1,1,1,0,0,1,1,1,0,1,1,1,0,0,0,0,0,0,0,0,0,0,1,1,0,0.25925925925925924,598.5195977684376,1
83,0,1,0,1,1,1,1,1,0,0,1,1,0,0,1,1,0,1,0,0,1,0,0,1,0,0,0,0,0,0,0,0,1,0,0,0,0,0,0,0,0,0,0,1,1,1,1,1,1,1,1,0,0,0,0.3333333333333333,498.513987173949,1
84,0,1,0,0,1,1,1,1,0,0,1,0,0,0,1,1,0,0,0,0,1,0,0,1,0,0,0,0,0,0,0,0,1,0,0,0,0,1,0,0,0,0,1,1,1,1,1,1,0,1,1,0,0,0,0.2962962962962963,311.75397852679214,1
85,1,0,1,0,1,1,0,0,1,0,0,0,0,1,1,0,1,0,1,1,0,0,1,0,1,1,1,1,1,1,1,1,0,0,1,0,1,0,1,1,1,1,0,0,0,0,0,0,0,0,0,1,1,1,0.2962962962962963,369.7428288646044,1
86,0,1,0,0,1,1,1,1,0,0,1,0,0,0,1,1,0,1,0,0,1,0,0,1,1,0,0,0,0,0,0,0,1,0,0,0,0,0,0,0,0,0,1,0,1,1,1,1,0,1,1,0,0,0,0.37037037037037035,409.7886558563108,1
87,0,1,0,0,0,1,1,1,0,0,1,1,0,0,1,1,0,1,0,0,1,1,0,1,0,0,0,0,0,0,1,0,1,0,0,0,0,0,0,0,0,0,1,0,1,1,1,1,0,1,1,0,0,0,0.35185185185185186,458.6588259954947,1
88,0,1,0,1,0,1,1,1,0,1,1,0,0,0,1,1,0,1,0,0,1,0,0,1,0,0,0,1,0,0,1,0,1,0,0,0,0,0,0,0,0,0,1,1,1,1,1,1,0,1,1,0,0,1,0.2962962962962963,350.15187825120245,1
89,0,1,0,1,0,1,1,1,0,1,1,0,0,0,1,1,0,1,0,0,1,0,0,1,0,0,0,0,0,0,1,0,1,0,0,0,0,0,0,0,0,0,1,1,1,1,1,1,1,1,1,0,0,0,0.2962962962962963,352.4613756329633,1
90,1,0,1,0,1,1,0,0,1,0,0,0,1,1,1,0,1,0,1,1,0,0,1,0,1,1,1,1,1,1,1,1,0,0,1,0,0,0,1,1,1,0,0,0,0,0,0,0,0,0,0,1,1,0,0.2777777777777778,530.0528754682181,1
91,0,1,1,1,0,0,0,0,1,1,0,1,1,1,1,0,1,0,1,1,0,0,1,0,1,1,1,1,1,1,0,1,0,1,1,1,1,1,1,1,1,0,0,0,0,0,0,0,0,0,0,1,1,1,0.2777777777777778,420.37856185516193,1
92,1,0,1,1,0,1,0,0,1,0,0,0,1,1,1,0,1,0,1,1,0,0,1,0,1,1,1,1,1,1,1,1,0,0,1,1,0,0,1,0,1,1,0,1,0,0,0,0,0,0,0,1,1,0,0.24074074074074073,390.49910165382744,1
93,0,0,1,1,1,1,0,0,1,0,0,0,1,1,1,1,1,0,1,1,0,0,1,0,1,1,1,1,1,1,0,1,0,1,1,0,1,0,1,1,1,1,0,0,0,0,0,0,1,0,0,1,1,0,0.2777777777777778,434.838916420464,1
94,0,1,0,0,1,1,1,1,0,0,1,0,0,0,1,1,0,0,1,0,1,0,0,1,0,0,0,0,0,0,1,0,1,0,0,0,0,0,0,0,0,0,1,0,1,1,1,1,0,1,1,0,0,0,0.3148148148148148,309.40826135768293,1
95,0,0,1,0,1,0,0,0,1,1,0,0,1,1,1,0,1,0,1,1,0,0,1,0,1,1,1,1,1,1,1,1,0,0,1,1,0,1,1,1,1,0,0,0,0,0,0,0,1,0,0,1,1,0,0.24074074074074073,340.0621434714732,1
96,1,0,1,1,1,0,0,0,1,1,0,0,1,1,1,0,1,0,1,1,0,0,1,0,1,1,1,1,1,1,1,1,0,0,1,1,1,0,1,1,1,1,0,0,0,0,0,0,0,0,0,1,1,1,0.35185185185185186,387.85228854395797,1
97,0,1,0,0,1,1,1,1,0,1,1,1,0,0,1,1,0,1,0,0,1,0,0,1,0,0,0,0,0,0,0,0,1,0,0,0,0,1,0,0,0,1,0,0,1,0,1,1,0,1,1,0,0,0,0.3148148148148148,473.41282371920977,1
98,0,1,0,0,1,0,1,1,0,0,1,1,0,0,1,1,0,1,1,0,1,0,0,1,0,1,0,0,0,0,0,0,1,0,0,0,0,1,0,0,0,0,0,1,1,1,1,1,0,1,1,0,0,0,0.3333333333333333,429.75761809144007,1
99,0,1,0,0,0,1,1,1,0,1,1,1,0,0,1,1,0,1,0,0,1,1,0,1,0,0,0,0,0,0,0,0,1,0,0,0,0,0,0,0,0,1,0,1,1,1,1,1,1,1,1,0,0,0,0.3148148148148148,432.2841297273318,1
