,0,1,2,3,4,5,6,7,8,9,10,11,12,13,14,15,16,17,18,19,20,21,22,23,24,25,26,27,28,29,30,31,32,33,34,35,chain_break_fraction,energy,num_occurrences
0,0,0,0,0,1,1,1,1,0,1,1,1,0,0,0,1,1,1,1,0,0,1,0,0,1,0,1,0,1,1,0,0,1,1,0,0,0.3611111111111111,21.42575134573628,1
1,0,0,0,0,1,1,1,1,0,1,1,1,0,0,0,1,0,0,1,0,0,1,0,0,1,0,1,0,1,1,0,0,1,1,0,0,0.3055555555555556,12.345522176522232,1
2,0,0,0,0,1,1,1,1,0,1,1,1,0,0,0,1,1,0,1,0,0,1,0,0,1,0,1,0,0,1,0,0,1,1,0,0,0.3333333333333333,15.820131300166247,1
3,0,0,0,0,1,1,1,1,0,1,1,1,0,0,0,1,1,0,1,0,0,1,0,0,1,0,1,0,1,1,0,0,1,1,0,0,0.3055555555555556,14.038931899593573,1
4,0,0,0,0,1,1,1,1,0,1,1,1,0,0,0,1,1,1,1,0,0,1,0,0,1,0,1,0,0,1,0,0,1,1,0,0,0.3888888888888889,24.644391912039566,1
5,0,0,0,0,1,1,1,1,0,1,1,1,0,0,0,1,0,1,1,0,0,1,0,0,1,0,1,0,0,1,0,0,1,1,0,0,0.3055555555555556,20.232261606102973,1
6,0,0,0,0,1,1,1,1,0,1,1,1,0,0,0,1,1,1,1,0,0,1,0,0,1,0,1,0,1,1,0,0,1,1,0,0,0.4166666666666667,21.42575134573628,1
7,0,0,0,0,1,1,1,1,0,0,1,1,0,0,0,1,1,1,1,0,0,1,0,0,1,0,1,0,1,1,0,0,1,1,0,0,0.3333333333333333,15.939228948691495,1
8,0,0,0,0,1,1,1,1,0,0,1,1,0,0,0,1,1,1,1,0,0,1,0,0,1,0,1,0,1,1,0,0,1,1,0,0,0.3611111111111111,15.939228948691495,1
9,0,0,0,0,1,1,1,1,0,0,1,1,0,0,0,1,1,1,1,0,0,1,0,0,1,0,1,0,1,1,0,0,1,1,0,0,0.3333333333333333,15.939228948691495,1
10,0,0,0,0,1,1,1,1,0,1,1,1,0,0,0,1,1,1,1,0,0,1,0,0,1,0,1,0,0,1,0,0,1,1,0,0,0.3333333333333333,24.644391912039566,1
11,0,0,0,0,1,1,1,1,0,0,1,1,0,0,0,1,1,0,1,0,0,1,0,0,1,0,1,0,1,1,0,0,1,1,0,0,0.3333333333333333,11.398940462150883,1
12,0,0,0,0,1,1,1,1,0,1,1,1,0,0,0,1,1,0,1,0,0,1,0,0,1,0,1,0,1,1,0,0,1,1,0,0,0.3333333333333333,14.038931899593573,1
13,0,0,0,0,1,1,1,1,0,1,1,1,0,0,0,1,1,0,1,0,0,1,0,0,1,0,1,0,0,1,0,0,0,1,0,0,0.3055555555555556,17.33300325836082,1
14,0,0,0,0,1,1,1,1,0,1,1,1,0,0,0,1,0,1,1,0,0,1,0,0,1,0,1,0,1,1,0,0,1,1,0,0,0.4166666666666667,17.732341622664983,1
15,0,0,0,0,1,1,1,1,0,1,1,1,0,0,0,1,1,1,1,0,0,1,0,0,1,0,1,0,0,1,0,0,0,1,0,0,0.3333333333333333,27.160602498355658,1
16,0,0,0,0,1,1,1,1,1,1,1,1,0,0,0,1,1,1,1,0,0,1,0,0,1,0,1,0,1,1,0,0,1,1,0,0,0.3611111111111111,25.169012544258663,1
17,0,0,0,0,1,1,1,1,0,1,1,1,0,0,0,1,1,0,1,0,0,1,0,0,1,0,1,0,1,1,0,0,1,1,0,0,0.3055555555555556,14.038931899593573,1
18,0,0,0,0,1,1,1,1,0,1,1,1,0,0,0,1,1,1,1,0,0,1,0,0,1,0,1,0,1,1,0,0,1,1,0,0,0.3888888888888889,21.42575134573628,1
19,0,0,0,0,1,1,1,1,0,0,1,1,0,0,0,0,1,1,1,0,0,1,0,0,1,0,1,0,1,1,0,0,1,1,0,0,0.3055555555555556,11.39894046215089,1
20,0,0,0,0,1,1,1,1,0,0,1,1,0,0,0,1,1,0,1,0,0,1,0,0,1,0,1,0,1,1,0,0,1,1,0,0,0.3333333333333333,11.398940462150883,1
21,0,0,0,0,1,1,1,1,0,1,1,1,0,0,0,1,1,0,1,0,0,1,0,0,1,0,1,0,0,1,0,0,1,1,0,0,0.3888888888888889,15.820131300166247,1
22,0,0,0,0,0,1,1,1,0,1,1,1,0,0,0,1,1,1,1,0,0,1,0,0,1,0,1,0,1,1,0,0,0,1,0,0,0.3055555555555556,20.75685301395285,1
23,0,0,0,0,1,1,1,1,0,1,1,1,0,0,0,1,1,1,1,0,0,1,0,0,1,0,1,0,1,1,0,0,1,1,0,0,0.3333333333333333,21.42575134573628,1
24,0,0,0,0,1,1,1,1,0,0,0,1,0,0,0,1,1,1,1,0,0,1,0,0,1,0,1,0,0,1,0,0,1,1,0,0,0.3055555555555556,15.013237422014063,1
25,0,0,0,0,1,1,1,1,0,1,0,1,0,0,0,1,1,0,1,0,0,1,0,0,1,0,1,0,0,1,0,0,1,1,0,0,0.2777777777777778,13.13235549955274,1
26,0,0,0,0,1,1,1,1,0,1,1,1,0,0,0,1,1,1,1,0,0,1,0,0,1,0,1,0,1,1,0,0,1,1,0,0,0.3888888888888889,21.42575134573628,1
27,0,0,0,0,1,1,1,1,0,1,1,1,0,0,0,1,1,0,1,0,0,1,0,0,0,0,1,0,1,1,0,0,1,1,0,0,0.3611111111111111,14.401610700351059,1
28,0,0,0,0,1,1,1,1,0,0,1,1,0,0,0,1,1,1,1,0,0,1,0,0,0,0,1,0,1,1,0,0,1,1,0,0,0.3333333333333333,16.283008556570564,1
29,0,0,0,0,1,1,1,1,0,0,1,1,0,0,0,1,0,1,1,0,0,1,0,0,1,0,1,0,1,1,0,0,1,1,0,0,0.3888888888888889,13.669084705421207,1
30,0,0,0,0,1,1,1,1,0,0,1,1,0,0,0,1,1,1,1,0,0,1,0,0,1,0,1,0,1,1,0,0,1,1,0,0,0.3611111111111111,15.939228948691495,1
31,0,0,0,0,1,1,1,1,0,1,1,1,0,0,0,1,1,0,1,0,0,1,0,0,1,0,1,0,1,1,0,0,1,1,0,0,0.3333333333333333,14.038931899593573,1
32,0,0,0,0,1,1,1,1,0,0,1,1,0,0,0,1,0,0,1,0,0,1,0,0,1,0,1,0,0,1,0,0,1,1,0,0,0.2777777777777778,10.50419281584311,1
33,0,0,0,0,1,1,1,1,0,1,0,1,0,0,0,1,1,0,1,0,0,1,0,0,1,0,1,0,1,1,0,0,1,1,0,0,0.3888888888888889,11.883173276228149,1
34,0,0,0,0,1,1,1,1,0,0,1,1,0,0,0,1,1,0,1,0,0,1,0,0,1,0,1,0,1,1,0,0,1,1,0,0,0.4166666666666667,11.398940462150883,1
35,0,0,0,0,1,1,1,1,0,0,1,1,0,0,0,1,0,1,1,0,0,1,0,0,1,0,1,0,0,1,0,0,1,1,0,0,0.3055555555555556,14.48192246811435,1
36,0,0,0,0,0,1,1,1,0,1,1,1,0,0,0,1,0,0,1,0,0,1,0,0,1,0,1,0,1,1,0,0,0,1,0,0,0.25,11.672023545343288,1
37,0,0,0,0,1,1,1,1,0,0,1,1,0,0,0,1,1,1,1,0,0,1,0,0,1,0,1,0,1,1,0,0,1,1,0,0,0.2777777777777778,15.939228948691495,1
38,0,0,0,0,1,1,1,1,1,1,1,1,0,0,0,1,1,1,1,0,0,1,0,0,1,0,1,0,1,1,0,0,1,1,0,0,0.3333333333333333,25.169012544258663,1
39,0,0,0,0,1,1,1,1,0,1,1,1,0,0,0,1,1,1,1,0,0,1,0,0,1,0,1,0,1,1,0,0,1,1,0,0,0.4444444444444444,21.42575134573628,1
40,0,0,0,0,1,1,1,1,0,1,1,1,0,0,0,1,0,0,1,0,0,1,0,0,1,0,1,0,1,1,1,0,1,1,0,0,0.3333333333333333,13.651143727741333,1
41,0,0,0,0,1,1,1,1,0,0,1,1,0,0,0,1,0,1,1,0,0,1,0,0,1,0,1,0,0,1,0,0,1,1,0,0,0.3055555555555556,14.48192246811435,1
42,0,0,0,0,1,1,1,1,0,0,1,1,0,0,0,0,1,1,1,0,0,1,0,0,1,0,1,0,1,1,0,0,0,1,0,0,0.2777777777777778,11.384924027956876,1
43,0,0,0,0,1,1,1,1,1,1,0,1,0,0,0,1,1,1,1,0,0,1,0,0,1,0,1,0,1,1,0,0,1,1,0,0,0.3888888888888889,21.378666004019955,1
44,0,0,0,0,1,1,1,1,0,0,1,1,0,0,0,1,0,1,1,0,0,1,0,0,1,0,1,0,0,1,0,0,1,1,0,0,0.3055555555555556,14.48192246811435,1
45,0,0,0,0,1,1,1,1,1,1,0,1,0,0,0,1,1,1,1,0,0,1,0,0,1,0,1,0,0,1,0,0,1,1,0,0,0.3611111111111111,24.908830503447582,1
46,0,0,0,0,1,1,1,1,0,1,0,1,0,0,0,1,1,1,1,0,0,1,0,0,1,0,1,0,0,1,0,0,1,1,0,0,0.4166666666666667,20.94363280963644,1
47,0,0,0,0,1,1,1,1,0,0,1,1,0,0,0,1,0,1,1,0,0,1,0,0,1,0,1,0,0,1,0,0,0,1,0,0,0.3055555555555556,15.49247558751941,1
48,0,0,0,0,1,1,1,1,0,1,1,1,0,0,0,1,1,0,1,0,0,1,0,0,1,0,1,0,1,1,0,0,1,1,0,0,0.3333333333333333,14.038931899593573,1
49,0,0,0,0,1,1,1,1,1,0,0,1,0,0,0,0,1,1,1,0,0,1,0,0,1,0,1,0,0,1,0,0,1,1,0,0,0.3055555555555556,10.590423285542615,1
50,0,0,0,0,1,1,1,1,0,0,0,1,0,0,0,1,1,1,1,0,0,1,0,0,1,0,1,0,1,1,0,0,1,1,0,0,0.3611111111111111,14.013696253703701,1
51,0,0,0,0,1,1,1,1,0,1,0,1,0,0,0,1,1,1,1,0,0,1,0,0,1,0,1,0,0,1,0,0,1,1,0,0,0.3888888888888889,20.94363280963644,1
52,0,0,0,0,1,1,0,1,0,0,1,1,0,0,0,1,0,0,1,0,0,1,0,0,1,0,1,0,1,1,0,0,1,1,0,0,0.3333333333333333,10.69341191659985,1
53,0,0,0,0,1,1,1,1,0,0,1,1,0,0,0,0,1,0,1,0,0,1,0,0,1,0,1,0,1,1,0,0,1,1,0,0,0.25,10.85865197561031,1
54,0,0,0,0,1,1,1,1,0,1,1,1,0,0,0,1,1,1,1,0,0,1,0,0,1,0,1,0,1,1,0,0,1,1,0,0,0.3888888888888889,21.42575134573628,1
55,0,0,1,0,1,1,1,1,0,1,1,1,0,0,0,1,1,1,1,0,0,1,0,0,1,0,1,0,1,1,0,0,1,1,0,0,0.4166666666666667,25.361135885091663,1
56,0,0,0,0,0,1,1,1,1,1,0,1,0,0,0,1,1,0,1,0,0,1,0,0,1,0,1,0,1,1,0,0,0,1,0,0,0.2777777777777778,12.911484104226288,1
57,0,0,0,0,1,1,1,1,0,1,0,1,0,0,0,1,1,1,1,0,0,1,1,0,1,0,1,0,0,1,0,0,1,1,0,0,0.3611111111111111,20.993635936185974,1
58,0,0,0,0,1,1,1,1,0,0,1,1,0,0,0,0,1,1,1,0,0,1,0,1,1,0,1,0,0,1,0,0,0,1,0,0,0.3055555555555556,15.739600934122015,1
59,0,0,0,0,1,1,1,1,0,1,0,1,0,0,0,1,1,0,1,0,0,1,0,0,1,0,1,0,0,1,0,0,0,1,0,0,0.3611111111111111,14.145195511710382,1
60,0,0,0,0,1,1,1,1,0,1,1,1,0,0,0,1,1,1,1,0,0,1,0,0,1,0,1,0,1,1,0,0,1,1,0,0,0.4166666666666667,21.42575134573628,1
61,0,0,0,0,1,1,1,1,0,0,0,1,0,0,0,1,1,0,1,0,0,1,0,0,1,0,1,0,0,1,0,0,1,1,0,0,0.3611111111111111,10.048491071532489,1
62,0,0,0,0,1,1,1,0,1,1,0,1,0,0,0,0,1,1,1,0,0,1,0,0,1,0,1,1,0,1,0,0,0,1,0,0,0.2222222222222222,13.754970653940477,1
63,0,0,0,0,1,1,1,1,0,1,0,1,0,0,0,1,1,1,1,0,0,1,0,0,1,0,1,0,1,1,0,0,1,1,0,0,0.3611111111111111,18.257009420581234,1
64,0,0,0,0,1,1,1,1,1,1,1,1,0,0,0,1,0,1,1,0,0,1,0,0,1,0,1,0,1,1,0,0,0,1,0,0,0.3333333333333333,22.757605190428983,1
65,0,0,0,0,1,1,1,1,0,0,1,1,0,0,0,1,1,1,1,0,0,1,0,0,1,0,1,0,1,1,0,0,1,1,0,0,0.4166666666666667,15.939228948691495,1
66,0,0,0,0,0,1,1,1,0,1,1,1,0,0,0,0,1,1,1,0,0,1,0,0,0,0,1,0,1,1,0,0,0,1,0,0,0.3611111111111111,13.878544797206201,1
67,0,0,0,0,0,1,1,1,0,1,1,1,0,0,0,1,1,1,1,0,0,1,0,0,1,0,1,0,0,1,0,0,1,1,0,0,0.3333333333333333,22.299130256131,1
68,0,0,0,0,1,1,1,1,0,1,1,1,0,0,0,0,1,0,1,0,0,1,0,0,1,0,1,0,1,1,0,0,0,1,0,0,0.25,10.63874554398562,1
69,0,0,0,0,1,1,1,1,1,0,1,1,0,0,0,0,0,1,1,0,0,1,0,0,1,0,1,0,1,1,0,0,0,1,0,0,0.3611111111111111,10.723467525871781,1
70,0,0,0,0,1,1,1,1,0,0,1,1,0,0,0,1,1,0,1,0,0,1,1,0,1,0,1,0,1,1,0,0,1,1,0,0,0.4166666666666667,13.66848870111352,1
71,0,0,0,0,1,1,1,0,1,0,1,1,0,0,0,0,1,1,1,0,0,1,0,0,1,0,1,0,1,1,0,0,0,1,0,0,0.25,8.335368615936542,1
72,0,0,0,0,1,1,0,1,0,0,1,1,0,0,0,0,1,1,1,0,0,1,0,0,1,0,1,0,1,1,0,0,1,1,0,0,0.3055555555555556,10.463556158921122,1
73,0,0,0,0,1,1,1,1,0,1,1,1,0,0,0,1,0,1,1,0,0,1,0,0,1,0,1,0,0,1,0,0,1,1,0,0,0.3611111111111111,20.232261606102973,1
74,0,0,1,0,1,1,1,0,0,1,1,1,0,0,0,1,1,1,1,0,0,1,0,0,1,0,1,0,1,1,0,0,1,1,0,0,0.3055555555555556,17.49036680638089,1
75,0,0,0,0,1,1,1,1,0,1,0,1,0,0,0,1,1,1,1,0,0,1,0,0,0,0,1,0,1,1,0,0,0,1,0,0,0.4166666666666667,21.299296660628784,1
76,0,0,0,0,1,1,1,1,0,1,0,1,0,0,0,1,1,1,1,0,0,1,0,0,1,0,1,0,0,1,0,0,1,1,0,0,0.3333333333333333,20.94363280963644,1
77,0,0,0,0,1,1,1,1,1,1,1,1,0,0,0,1,0,1,1,0,0,1,0,1,1,0,1,0,1,1,0,0,0,1,0,0,0.3333333333333333,23.561741811115887,1
78,0,0,0,0,0,1,1,0,0,1,1,1,0,0,0,1,1,0,1,0,0,1,0,0,1,0,1,0,0,1,0,0,0,1,0,0,0.2777777777777778,10.297740580227394,1
79,0,0,0,0,1,1,1,1,1,0,1,1,0,0,0,0,1,0,1,0,0,1,0,0,1,0,1,0,1,1,0,0,1,1,0,0,0.3333333333333333,9.755382214530588,1
80,0,0,0,0,1,1,1,1,0,0,1,1,0,0,0,1,1,0,1,0,0,1,0,0,1,0,1,0,1,1,0,0,1,1,0,0,0.4722222222222222,11.398940462150883,1
81,0,0,0,0,1,1,1,1,0,1,1,1,0,1,0,0,0,0,1,0,0,1,0,0,1,0,1,0,0,1,0,0,1,1,0,0,0.2777777777777778,13.567344121911859,1
82,0,0,0,0,1,1,1,1,0,1,1,1,0,0,0,1,1,0,1,0,0,1,0,0,1,0,1,0,1,1,0,0,1,1,0,0,0.4166666666666667,14.038931899593573,1
83,0,0,0,0,1,1,1,1,1,1,0,1,0,0,0,0,0,0,1,0,0,1,0,1,0,0,1,0,1,1,0,0,0,1,0,0,0.3055555555555556,13.030255442626897,1
84,0,0,1,0,1,1,0,1,1,0,1,1,0,0,0,1,0,1,1,0,0,1,0,0,1,0,1,0,1,1,0,0,1,1,0,0,0.3333333333333333,14.700713164043078,1
85,0,0,0,0,1,1,0,1,1,0,0,1,0,0,0,0,1,1,1,0,0,1,0,0,1,0,1,0,1,1,0,0,1,1,0,0,0.2777777777777778,9.249397981481518,1
86,0,0,0,0,1,1,1,1,1,0,1,1,0,0,0,0,0,0,1,0,0,1,0,0,1,0,1,0,1,1,0,0,1,1,0,0,0.3333333333333333,10.773605231359763,1
87,0,0,0,0,1,1,1,1,0,0,1,1,0,0,0,1,1,1,1,0,0,1,0,0,0,0,1,0,1,1,0,0,1,1,0,0,0.4166666666666667,16.283008556570564,1
88,0,0,0,0,0,1,1,1,0,1,0,1,0,0,0,1,1,1,1,0,0,1,0,0,1,0,1,0,1,1,0,0,0,1,0,0,0.3333333333333333,17.588079471013074,1
89,0,0,0,0,0,1,1,1,0,0,1,1,0,0,0,1,0,1,1,0,0,1,0,0,1,0,1,0,1,1,0,0,0,1,0,0,0.3055555555555556,12.994819860121451,1
90,0,0,0,0,0,1,1,1,0,1,1,1,0,0,0,1,0,0,1,0,0,1,0,0,1,0,1,0,0,1,0,0,0,1,0,0,0.3055555555555556,12.75543634594982,1
91,0,0,0,0,1,1,0,1,0,0,1,1,0,0,0,1,1,1,1,0,0,1,0,0,1,0,1,0,0,1,0,0,1,1,0,0,0.3333333333333333,15.035401660638735,1
92,0,0,0,0,0,1,1,1,0,0,1,1,0,0,0,1,1,0,1,0,0,1,0,0,1,0,1,0,1,1,0,0,0,1,0,0,0.3055555555555556,10.72314218371932,1
93,0,0,0,0,0,1,1,1,0,0,1,1,0,0,0,1,1,0,1,0,0,1,0,0,1,0,1,0,1,1,0,0,1,1,0,0,0.2777777777777778,11.556071897205108,1
94,0,0,0,0,0,1,1,0,1,1,0,1,0,0,0,0,1,1,1,0,0,1,0,0,1,0,1,0,1,1,0,0,0,1,0,0,0.2777777777777778,9.040127480643811,1
95,0,0,0,0,0,1,0,1,0,0,1,1,0,0,0,1,0,0,1,0,0,1,0,0,1,0,1,0,0,1,0,0,0,1,0,0,0.25,8.912115569960047,1
96,0,0,0,0,1,1,1,1,1,0,0,1,0,0,0,0,1,0,1,0,0,1,0,0,0,0,1,0,0,1,0,0,1,1,0,0,0.4166666666666667,7.100709491435081,1
97,0,0,0,0,1,1,1,1,0,1,0,1,0,0,0,0,1,0,1,0,0,1,0,0,1,0,1,0,1,1,0,0,1,1,0,0,0.3888888888888889,9.509337131875103,1
98,0,0,0,0,1,1,1,0,0,0,1,1,0,0,0,1,1,1,1,0,0,1,1,0,1,0,1,0,0,1,0,0,0,1,0,0,0.2222222222222222,13.959219143698691,1
99,0,0,0,0,1,1,1,1,0,0,1,1,0,0,0,1,0,1,1,0,0,1,0,0,1,0,1,0,1,1,0,0,1,1,0,0,0.3888888888888889,13.669084705421207,1
