,0,1,2,3,4,5,6,7,8,9,10,11,12,13,14,15,16,17,18,19,20,21,22,23,24,25,26,27,28,29,30,31,32,33,34,35,chain_break_fraction,energy,num_occurrences
0,0,0,1,0,0,0,0,0,1,1,1,0,1,1,1,0,1,1,0,1,0,0,1,0,1,1,0,0,0,1,0,1,0,1,0,0,0.25,15.862055961709043,1
1,0,0,1,0,0,0,0,0,1,1,1,0,0,1,1,0,1,1,0,1,0,0,1,0,1,1,0,0,0,1,0,1,0,1,0,0,0.25,14.970888861384495,1
2,0,0,1,0,0,0,0,0,1,1,1,0,1,1,1,0,1,1,0,1,0,0,1,0,1,1,0,0,0,1,0,1,0,1,0,0,0.3055555555555556,15.862055961709043,1
3,0,0,1,0,0,0,0,0,1,1,1,0,1,1,1,0,1,1,0,1,0,0,1,0,0,1,0,0,0,1,0,1,0,1,0,0,0.3055555555555556,14.921985502704281,1
4,0,0,1,0,0,0,0,0,1,1,1,0,1,1,1,1,1,1,0,1,0,0,1,0,1,1,0,0,0,1,0,1,0,1,0,0,0.3055555555555556,17.78862366230201,1
5,0,0,1,0,0,0,0,0,1,1,1,0,1,1,1,0,1,1,0,1,0,0,1,0,1,1,0,0,0,1,0,1,0,1,0,0,0.25,15.862055961709043,1
6,0,0,1,0,0,0,0,0,1,1,1,0,1,1,1,0,1,1,0,1,0,0,1,0,1,1,0,0,0,1,0,1,0,1,0,0,0.3333333333333333,15.862055961709043,1
7,0,0,1,0,1,0,0,0,1,1,1,0,1,1,1,0,1,1,0,1,0,0,1,0,1,1,0,0,0,1,0,1,0,1,0,0,0.3333333333333333,17.35124216927817,1
8,0,0,1,0,0,0,0,0,1,1,1,0,1,1,1,0,1,1,0,1,0,0,1,0,1,1,0,0,0,1,0,1,0,1,0,0,0.3333333333333333,15.862055961709043,1
9,0,1,1,0,0,0,0,0,1,1,1,0,1,1,1,0,1,1,0,1,0,0,1,0,1,1,0,0,0,1,0,1,0,1,0,0,0.2222222222222222,17.808500784997694,1
10,0,0,1,0,1,0,0,0,1,1,1,0,1,1,1,0,1,1,0,1,0,0,1,0,1,1,0,0,0,1,0,1,0,1,0,0,0.3055555555555556,17.35124216927817,1
11,0,0,1,0,0,0,0,0,1,1,0,0,1,1,1,0,1,1,0,1,0,0,1,0,1,1,0,0,0,1,0,1,0,1,0,0,0.2777777777777778,16.363300291389077,1
12,0,0,1,0,1,0,0,0,1,1,1,0,0,1,1,0,1,1,0,1,0,0,1,0,1,1,0,0,0,1,0,1,0,1,0,0,0.3055555555555556,15.960070466361884,1
13,0,0,1,0,0,0,0,0,1,1,1,0,1,1,1,1,1,1,0,1,0,0,1,0,1,1,0,0,0,1,0,1,0,1,0,0,0.25,17.78862366230201,1
14,0,0,1,0,0,0,0,0,1,1,1,0,1,1,0,0,1,1,0,1,0,0,1,0,1,0,0,0,0,1,0,1,0,1,0,0,0.3333333333333333,13.552263328853524,1
15,0,0,1,0,0,0,0,0,1,1,1,0,1,1,1,0,1,1,0,1,0,0,1,0,1,1,0,0,0,1,0,1,0,1,0,0,0.3055555555555556,15.862055961709043,1
16,0,0,1,0,0,0,0,0,1,1,1,0,1,1,1,1,1,1,0,1,0,0,1,0,0,1,0,0,0,1,0,1,0,1,0,0,0.3055555555555556,18.31492106784676,1
17,0,0,1,0,0,0,0,1,1,1,1,0,1,1,1,0,1,1,0,1,0,0,1,0,1,1,0,0,0,1,0,1,0,1,1,0,0.2777777777777778,20.700850076176046,1
18,0,0,1,0,0,0,0,0,1,1,1,0,1,1,1,0,0,1,0,1,0,0,1,0,0,1,0,0,0,1,0,1,0,1,0,0,0.2222222222222222,13.91906275651623,1
19,0,0,1,0,1,0,0,0,1,1,1,0,0,1,1,0,1,1,0,1,0,0,1,0,1,1,0,0,0,1,0,1,0,1,0,0,0.2777777777777778,15.960070466361884,1
20,0,0,1,0,0,0,0,0,1,1,1,0,0,1,1,0,1,1,0,1,0,0,1,0,1,1,0,0,1,1,0,1,0,1,0,0,0.3055555555555556,18.981636302165963,1
21,0,0,1,0,0,0,0,1,1,1,1,0,1,1,0,0,1,1,0,1,0,0,1,0,0,0,0,0,0,1,0,1,0,1,0,0,0.2777777777777778,18.87671429534402,1
22,0,0,1,0,0,0,0,0,1,1,1,0,1,1,1,1,1,1,0,1,0,0,1,0,1,1,0,0,0,1,0,1,0,1,0,0,0.2777777777777778,17.78862366230201,1
23,0,0,1,0,0,0,0,0,1,1,1,0,1,1,1,1,1,1,0,1,0,0,1,0,1,1,0,0,0,1,0,1,0,1,0,0,0.2777777777777778,17.78862366230201,1
24,0,0,1,0,0,0,0,0,1,1,1,0,1,1,0,0,1,1,0,1,0,0,1,0,1,0,0,0,0,1,0,1,0,1,0,0,0.25,13.552263328853524,1
25,0,0,1,0,0,0,0,0,1,1,1,0,1,1,1,0,1,1,0,1,0,0,1,0,1,1,0,0,0,1,0,1,0,1,0,0,0.25,15.862055961709043,1
26,0,0,1,0,0,0,0,0,1,1,1,0,1,1,1,1,1,1,0,1,0,0,1,0,1,1,0,0,0,1,0,1,0,0,0,0,0.25,14.869156311075141,1
27,1,0,1,0,0,0,0,0,1,1,1,0,0,1,0,1,1,1,0,1,0,0,1,0,1,0,0,0,0,1,0,1,0,1,0,0,0.2777777777777778,14.987861734417226,1
28,0,0,1,0,0,0,0,0,1,1,1,0,1,1,1,0,1,1,0,1,0,0,1,1,1,1,0,0,0,1,0,1,0,0,0,0,0.2222222222222222,15.563479345637525,1
29,0,1,1,0,0,0,0,0,1,1,0,0,1,1,1,1,1,1,0,1,0,0,1,0,1,1,1,0,0,1,0,1,0,1,0,0,0.2222222222222222,17.040383577121197,1
30,0,0,1,0,0,0,0,1,1,1,1,0,1,1,1,0,1,1,0,1,0,0,1,0,1,1,0,0,1,1,0,1,0,1,0,0,0.25,21.36409068943913,1
31,0,0,1,0,0,0,0,0,1,1,1,0,0,1,0,1,1,1,0,1,0,0,1,0,1,0,0,0,0,1,0,1,0,0,0,0,0.25,11.714250592772396,1
32,1,0,1,0,0,0,0,0,1,1,1,0,0,1,0,0,0,1,0,1,0,0,1,0,1,0,0,0,0,1,0,1,0,1,0,0,0.25,11.172931556149052,1
33,0,0,1,0,0,0,0,1,1,1,1,0,1,1,0,0,1,1,0,1,0,0,1,0,1,0,0,0,0,1,0,1,0,1,0,0,0.3055555555555556,17.549903949611902,1
34,0,0,1,0,0,0,0,0,1,1,1,0,1,1,0,0,1,1,0,1,0,0,1,0,1,0,0,0,0,1,0,1,0,1,0,0,0.3333333333333333,13.552263328853524,1
35,1,0,1,0,0,0,0,0,1,1,1,0,1,1,1,0,1,1,0,1,0,0,1,0,1,1,0,0,0,1,0,1,0,1,0,0,0.3333333333333333,15.835278373353368,1
36,0,0,1,0,0,0,0,0,1,1,0,0,0,1,0,0,1,1,0,1,0,0,1,0,1,0,0,0,0,1,0,1,0,1,0,0,0.3055555555555556,12.662225542302728,1
37,1,0,1,0,0,0,0,0,1,1,1,0,1,1,1,0,1,1,0,1,0,0,1,0,1,1,0,0,0,1,0,1,0,1,0,0,0.3888888888888889,15.835278373353368,1
38,1,0,1,0,0,0,0,0,1,1,1,0,1,1,0,0,1,1,0,1,0,0,1,0,1,1,0,0,0,1,0,1,0,1,0,0,0.2777777777777778,16.371993206977972,1
39,0,0,1,0,0,0,0,0,1,1,1,0,0,1,0,0,1,1,0,1,0,0,1,1,0,0,0,0,0,1,0,1,0,0,0,0,0.2777777777777778,10.786674340651597,1
40,0,0,1,0,0,0,0,0,1,1,1,0,1,1,0,0,1,1,0,1,0,0,1,0,1,0,0,0,1,1,0,1,0,1,0,0,0.2777777777777778,16.244345873618254,1
41,0,1,1,0,1,0,0,0,1,1,1,0,1,1,0,0,1,1,0,1,0,0,1,0,1,0,0,0,0,1,0,1,0,1,0,0,0.2777777777777778,19.45553894157831,1
42,0,0,1,0,0,0,0,0,1,1,1,0,1,1,1,0,1,1,0,1,0,0,1,0,1,0,0,0,0,1,0,1,0,1,0,0,0.2777777777777778,13.981915043699527,1
43,0,0,1,0,0,0,1,0,1,0,1,0,1,1,0,0,1,1,0,1,0,0,1,0,1,0,0,0,0,1,0,1,0,0,0,0,0.1388888888888889,8.193533937430935,1
44,0,0,0,0,0,0,0,0,1,0,1,0,1,1,1,1,1,1,0,1,0,0,1,0,1,1,0,0,0,1,0,1,0,1,0,0,0.2222222222222222,18.437150546743254,1
45,0,1,0,1,0,1,1,1,0,1,0,1,0,0,0,1,0,0,1,0,1,1,0,0,0,1,1,1,1,0,1,0,1,0,1,1,0.3055555555555556,18.381107172262713,1
46,0,0,1,0,0,0,0,0,1,1,1,0,0,1,1,0,1,1,0,1,0,0,1,0,1,1,0,0,0,1,0,1,0,1,0,0,0.16666666666666666,14.970888861384495,1
47,1,1,0,1,1,1,1,1,0,1,0,1,0,0,0,1,0,0,1,0,1,1,0,0,0,1,1,1,1,0,1,0,1,0,1,1,0.3333333333333333,20.960035300904313,1
48,0,0,1,0,0,0,0,0,1,1,1,0,1,1,0,1,1,1,0,1,0,0,1,0,1,0,0,0,0,1,0,1,0,0,0,0,0.2777777777777778,15.117449255532822,1
49,0,1,0,1,0,1,1,0,0,1,0,1,1,0,0,1,0,0,1,0,1,1,0,0,0,1,1,1,0,0,1,0,1,0,1,1,0.19444444444444445,10.508023845107925,1
50,1,1,0,1,0,1,1,0,0,1,0,1,0,0,0,1,0,0,1,0,1,1,0,0,0,1,1,1,1,0,1,0,1,0,1,1,0.2777777777777778,15.243088868692874,1
51,0,1,0,1,0,1,1,1,0,1,0,1,0,0,0,1,0,0,1,0,1,1,0,0,0,1,1,1,1,0,1,0,1,0,0,1,0.19444444444444445,16.24821255860069,1
52,1,1,0,1,1,1,1,1,0,1,0,1,1,0,0,1,0,0,1,0,1,1,0,0,0,1,1,1,0,0,1,0,1,0,0,1,0.3333333333333333,20.58262662851098,1
53,1,1,0,1,1,1,1,1,0,1,0,1,0,0,0,1,0,0,1,0,1,1,0,0,0,1,1,1,1,0,1,0,1,0,0,1,0.3055555555555556,19.84744492420502,1
54,1,1,0,1,0,1,1,1,0,1,0,1,1,0,0,1,0,0,1,0,1,1,0,0,0,1,1,1,0,0,1,0,1,0,1,1,0.3611111111111111,17.692250029667385,1
55,1,1,0,1,1,1,1,1,0,1,0,1,1,0,0,1,0,0,1,0,1,1,0,0,1,1,1,1,1,0,1,0,1,0,1,1,0.3888888888888889,21.246443649839662,1
56,1,1,0,1,0,1,1,1,0,0,0,1,1,0,0,0,0,0,1,0,1,1,0,0,0,0,1,1,1,0,1,0,1,0,0,1,0.2777777777777778,16.497617608132177,1
57,1,1,0,1,1,1,1,1,0,1,0,1,0,0,0,1,0,0,1,0,1,1,0,0,0,1,1,1,0,0,1,0,1,0,1,1,0.3611111111111111,19.69235500816357,1
58,1,1,0,1,1,1,1,1,0,1,0,1,1,0,0,1,0,0,1,0,1,1,0,0,0,1,1,1,1,0,1,0,1,0,1,1,0.3611111111111111,20.993466228051958,1
59,1,1,0,1,0,1,1,1,0,1,0,1,0,0,0,1,0,0,1,0,1,1,0,0,0,1,1,1,1,0,1,0,1,0,1,1,0.2777777777777778,19.426643604405438,1
60,0,1,0,1,0,1,1,0,0,1,0,1,1,0,0,0,0,0,1,0,1,1,0,0,0,1,1,1,0,0,1,0,1,0,1,1,0.2222222222222222,12.157476922132686,1
61,1,1,0,1,0,1,1,1,0,0,0,1,1,0,0,0,0,0,1,0,1,1,0,0,0,1,1,1,0,0,1,0,1,0,1,1,0.3055555555555556,19.8299214332765,1
62,0,1,0,1,1,1,1,1,0,1,0,1,1,0,0,0,0,0,1,0,1,1,0,0,0,1,1,1,1,0,1,0,1,0,1,1,0.3055555555555556,18.514034701252843,1
63,0,1,0,1,1,1,1,1,0,1,0,1,0,0,0,0,0,0,1,0,1,1,0,0,0,0,1,1,1,0,1,0,1,0,1,1,0.3333333333333333,16.547572831736893,1
64,0,1,0,1,1,1,1,1,0,1,0,1,1,0,0,1,0,0,1,0,1,1,0,0,0,1,1,1,1,0,1,0,1,0,1,1,0.2777777777777778,18.94161779944011,1
65,1,1,0,1,1,1,1,1,0,1,1,1,0,0,0,1,0,0,1,0,1,1,0,0,1,1,1,1,1,0,1,0,1,0,0,1,0.3333333333333333,23.622033055853258,1
66,1,1,0,1,1,1,1,0,0,1,0,1,0,0,0,1,0,0,1,0,1,1,0,0,0,1,1,1,1,0,1,0,1,0,0,1,0.3611111111111111,13.663730844619097,1
67,1,1,0,1,0,1,1,1,0,1,0,1,0,0,0,1,0,0,1,0,1,1,0,0,0,1,1,1,1,0,0,0,1,0,1,1,0.25,17.920947357879232,1
68,0,1,0,1,1,1,1,1,0,1,0,1,1,0,0,0,0,0,1,0,1,1,0,0,0,1,1,1,0,0,1,0,1,0,1,1,0.2777777777777778,16.197250873213616,1
69,1,1,0,1,1,1,1,1,0,0,0,0,1,0,0,0,0,0,1,0,1,1,0,0,0,1,1,1,0,0,1,0,1,0,0,1,0.2777777777777778,14.037412190464767,1
70,0,1,1,1,0,1,0,0,0,1,1,1,1,0,0,1,0,0,1,0,1,1,0,0,1,1,1,1,0,0,1,0,1,0,0,1,0.16666666666666666,8.294785326905439,1
71,1,1,0,1,1,1,1,1,0,1,0,0,1,0,0,1,0,0,1,0,1,1,0,0,0,1,1,1,1,0,1,0,1,0,0,1,0.25,13.220965211667256,1
72,1,1,0,1,1,1,1,1,0,1,0,1,1,0,0,1,0,0,1,0,1,1,0,0,1,1,1,1,1,0,1,0,1,0,0,1,0.3333333333333333,20.08741800916395,1
73,1,1,0,1,1,1,1,1,0,1,0,1,1,0,0,1,0,0,1,0,1,1,0,0,0,1,1,1,1,0,0,0,1,0,1,1,0.3333333333333333,20.5089603240826,1
74,0,1,0,1,1,1,1,0,0,1,0,1,1,0,0,1,0,0,1,0,1,1,0,1,0,1,1,1,1,0,1,0,1,0,0,1,0.2222222222222222,17.381975272397703,1
75,1,0,1,0,0,0,1,0,1,0,1,0,1,0,0,1,0,0,1,0,1,1,1,0,0,0,0,1,0,0,0,0,0,0,0,0,0.0,-0.6654612485906073,1
76,0,1,0,1,1,1,1,1,1,1,0,1,1,0,0,0,0,0,1,0,1,1,0,0,0,1,1,1,0,0,1,0,1,0,1,1,0.25,15.441057964577187,1
77,1,1,0,1,1,1,1,1,1,1,0,1,0,0,0,1,0,0,1,0,1,1,0,0,1,1,1,1,1,0,1,0,1,0,1,1,0.4166666666666667,20.609203528595813,1
78,1,1,0,1,1,1,1,1,0,1,0,1,0,0,0,1,0,0,1,0,1,1,0,0,0,1,1,1,1,0,1,0,1,0,1,1,0.3611111111111111,20.960035300904313,1
79,1,1,0,1,0,1,1,0,0,0,0,1,1,0,0,1,0,0,1,0,1,1,0,0,0,1,1,1,1,0,1,0,1,0,1,1,0.25,18.42013365214565,1
80,1,1,0,1,1,1,1,0,1,1,0,1,0,0,0,1,0,0,1,0,1,1,0,0,0,1,1,1,1,0,1,0,1,0,1,1,0.3333333333333333,14.17426355799509,1
81,1,1,0,1,1,1,1,1,0,1,0,1,0,0,0,1,0,0,0,0,1,1,0,0,0,1,1,1,1,0,1,0,1,0,1,1,0.3333333333333333,21.431007732264575,1
82,1,1,0,1,0,1,1,1,0,1,0,1,1,0,0,0,0,0,1,0,1,1,0,0,0,0,1,1,1,0,1,0,1,0,1,1,0.2777777777777778,16.18838012936495,1
83,0,1,0,1,1,1,1,0,1,1,0,1,0,0,0,1,0,0,1,0,1,1,0,0,0,1,1,1,0,0,1,0,0,0,1,1,0.19444444444444445,9.777529928729189,1
84,1,1,1,1,1,1,0,0,0,1,0,1,0,0,0,1,0,0,1,0,1,1,0,0,1,1,1,1,1,0,1,0,1,0,0,1,0.19444444444444445,12.061812661966412,1
85,1,1,0,1,0,1,1,1,1,1,0,1,0,0,0,1,0,0,1,0,1,1,0,0,0,1,1,1,1,0,1,0,1,0,0,1,0.3055555555555556,17.38959606707909,1
86,1,1,0,1,1,1,1,1,0,1,0,1,1,0,0,1,0,0,1,0,1,1,0,1,1,1,1,1,0,0,1,0,1,0,0,1,0.3611111111111111,22.154480324698106,1
87,1,1,0,1,0,1,1,1,0,1,0,1,1,0,0,1,0,0,1,0,1,1,0,0,0,1,1,1,0,0,1,0,1,0,0,1,0.3611111111111111,17.539608311625834,1
88,0,1,0,1,1,1,1,0,0,1,0,1,0,0,0,1,0,0,1,0,1,1,0,0,0,1,1,1,0,0,1,0,1,0,1,1,0.3333333333333333,12.514441613801923,1
89,1,1,0,1,0,1,1,1,0,1,0,1,1,0,0,1,0,0,1,0,1,1,0,0,0,1,1,1,0,0,1,0,1,0,1,1,0.3611111111111111,17.692250029667385,1
90,0,1,1,1,1,1,1,1,1,1,0,1,0,0,0,1,0,0,1,0,1,1,0,0,0,1,1,1,0,0,1,0,1,0,1,1,0.3611111111111111,17.41297344969586,1
91,0,1,0,1,1,1,1,0,0,0,0,1,0,0,0,1,0,0,1,0,1,1,0,1,0,1,1,1,1,0,1,0,1,0,0,1,0.25,26.25642728258345,1
92,0,1,0,1,0,1,1,1,0,1,0,1,1,0,0,1,0,0,1,0,1,1,0,0,1,1,1,1,1,0,1,0,1,0,0,1,0.3055555555555556,16.495906582501302,1
93,0,1,0,1,0,1,1,1,0,1,0,1,0,0,0,0,0,0,1,0,1,1,0,0,1,0,1,1,0,0,1,0,0,0,1,1,0.25,12.519556133553236,1
94,1,1,0,1,1,1,1,1,0,1,0,1,0,0,0,0,0,0,1,0,1,1,0,1,0,1,1,1,1,0,1,0,0,0,1,1,0.3055555555555556,23.797229767005184,1
95,1,1,0,1,1,1,1,0,1,1,0,1,1,0,1,1,0,0,1,0,1,1,0,1,0,1,1,1,1,0,1,0,1,0,1,1,0.2777777777777778,19.18516000615357,1
96,1,1,0,1,0,1,1,1,0,1,0,1,1,0,0,1,0,0,1,0,1,1,0,0,1,1,1,1,0,0,0,0,1,0,0,1,0.2777777777777778,17.428653388274757,1
97,0,1,0,1,1,1,1,1,0,1,0,0,0,0,0,1,0,0,1,0,1,1,0,0,0,1,1,1,1,0,1,0,1,0,1,1,0.2777777777777778,15.292425702274043,1
98,1,1,0,1,1,1,0,0,0,1,0,1,1,0,0,1,0,0,0,0,1,1,0,0,0,1,1,1,1,0,1,0,1,0,1,1,0.3611111111111111,13.382797328873526,1
99,1,0,1,1,0,0,1,0,1,0,0,1,0,0,0,0,1,0,1,0,1,1,1,0,0,0,1,1,1,0,1,0,0,0,0,1,0.05555555555555555,8.395967714810388,1
