,0,1,2,3,4,5,6,7,8,9,10,11,12,13,14,15,16,17,18,19,20,21,22,23,24,25,26,27,28,29,30,31,32,33,34,35,chain_break_fraction,energy,num_occurrences
0,1,0,0,0,0,1,1,0,1,1,1,0,0,0,0,1,1,1,0,0,1,1,0,0,0,1,1,1,0,1,1,0,0,0,1,1,0.2777777777777778,18.029745311786264,1
1,1,0,1,1,0,0,1,0,1,1,1,0,0,0,0,1,1,1,0,0,1,0,0,0,0,1,1,1,0,1,1,0,0,0,1,1,0.3333333333333333,16.75084182790196,1
2,1,0,1,1,0,1,1,0,1,1,1,0,0,0,0,1,1,1,0,0,1,0,0,0,0,1,1,1,0,1,1,0,0,0,1,1,0.3333333333333333,19.110040210584724,1
3,1,0,1,1,0,0,1,0,1,1,1,0,0,0,0,1,1,1,0,0,1,1,0,0,0,1,1,1,0,1,1,0,0,0,1,1,0.3055555555555556,21.234768465922183,1
4,1,0,1,1,0,0,1,0,1,1,1,0,0,0,0,1,1,1,0,0,1,1,0,0,0,1,1,1,0,1,1,0,0,0,1,1,0.2777777777777778,21.234768465922183,1
5,1,0,1,1,0,1,1,0,1,0,1,0,0,0,0,1,1,1,0,0,1,1,0,0,0,1,1,1,0,1,1,0,0,0,1,1,0.2777777777777778,16.96138224461451,1
6,1,0,1,1,0,1,1,0,1,1,1,0,0,0,0,1,1,1,0,0,1,1,0,0,0,1,1,1,0,1,1,0,0,0,1,1,0.3055555555555556,20.37188016624483,1
7,1,0,1,1,0,1,1,0,1,0,1,0,0,0,0,1,0,1,0,0,1,1,0,0,0,1,1,1,0,1,1,0,0,0,1,1,0.25,16.574955863514727,1
8,1,0,1,1,0,1,1,0,1,1,1,0,0,0,0,1,0,1,0,0,1,1,0,0,0,1,1,1,0,1,1,0,0,0,1,1,0.3055555555555556,18.985453785107605,1
9,1,0,1,1,0,1,1,0,1,1,1,0,0,0,0,1,1,1,0,0,1,1,0,0,0,1,1,1,0,1,1,0,0,0,1,1,0.3333333333333333,20.37188016624483,2
10,1,0,1,1,0,1,1,0,1,1,1,0,0,0,0,1,1,1,0,0,1,1,0,0,0,1,1,1,0,1,1,0,0,0,1,1,0.2777777777777778,20.37188016624483,1
11,1,0,1,1,0,1,1,0,1,0,1,0,0,0,0,1,0,1,0,0,1,1,0,0,0,1,1,1,0,1,1,0,0,0,1,1,0.2777777777777778,16.574955863514727,1
12,1,0,0,0,0,1,1,0,1,1,1,0,0,0,0,1,0,1,0,0,1,1,0,0,0,1,1,1,0,1,1,0,0,0,1,1,0.2777777777777778,18.14331893065001,1
13,1,0,1,1,0,0,1,0,1,1,1,0,0,0,0,1,1,1,0,0,1,0,0,0,0,1,1,1,0,1,1,0,0,0,1,1,0.3055555555555556,16.75084182790196,1
14,1,0,1,1,0,1,1,0,1,1,1,0,0,0,0,1,0,1,0,0,1,0,0,0,0,1,1,1,0,1,1,0,0,0,1,1,0.2777777777777778,16.72360455805737,1
15,1,0,1,1,0,1,1,0,1,0,1,0,0,0,0,1,1,1,0,0,1,1,0,0,0,1,1,1,1,1,1,0,0,0,1,1,0.25,16.77132447277926,1
16,1,0,1,0,0,1,1,0,1,0,1,0,0,0,0,1,1,1,0,0,1,0,0,0,0,1,1,1,0,1,1,0,0,0,1,1,0.2777777777777778,10.76146522681748,1
17,1,0,1,1,0,1,1,0,1,1,1,0,0,0,0,1,1,1,0,0,1,1,0,0,0,1,1,1,0,1,1,0,0,0,1,1,0.2777777777777778,20.37188016624483,1
18,1,0,0,1,0,1,1,0,1,1,1,0,0,0,0,1,0,1,0,0,1,1,0,0,0,1,1,1,0,1,1,0,0,0,1,1,0.3055555555555556,18.038075500288382,1
19,1,0,1,1,0,1,1,0,1,0,1,0,0,0,0,1,0,1,0,0,1,1,0,0,0,1,1,1,0,1,1,0,0,0,1,1,0.2777777777777778,16.574955863514727,1
20,1,0,0,1,0,0,1,0,1,1,1,0,0,0,0,1,1,1,0,0,1,1,0,0,0,1,1,1,0,1,1,0,0,0,1,1,0.2777777777777778,20.794937201478305,1
21,1,0,0,1,0,1,1,0,1,1,1,0,0,0,0,1,1,1,0,0,1,0,0,0,0,1,1,1,0,1,1,0,0,0,1,1,0.3055555555555556,16.637526714295948,1
22,1,0,0,1,0,0,1,0,1,1,1,0,0,0,0,1,1,1,0,0,1,0,0,0,0,1,1,1,0,1,1,0,0,0,1,1,0.3055555555555556,15.285875351988869,1
23,0,1,0,0,1,0,0,1,0,0,0,1,1,1,1,0,1,1,1,1,0,1,1,1,1,0,0,0,1,1,0,0,1,1,0,0,0.3055555555555556,15.514839181432084,1
24,1,0,1,1,0,0,1,0,1,1,1,0,0,0,0,1,1,1,0,0,1,1,0,0,0,1,1,1,0,1,1,0,0,0,1,1,0.3333333333333333,21.234768465922183,1
25,1,0,0,1,0,1,1,0,1,1,1,0,0,0,0,1,1,1,0,0,1,0,0,0,0,1,1,1,0,1,1,0,0,0,1,1,0.3611111111111111,16.637526714295948,1
26,1,0,1,1,0,0,1,0,1,1,1,0,0,0,0,1,0,1,0,0,1,0,0,0,0,1,1,1,0,1,1,0,0,0,1,1,0.25,15.364413786388598,1
27,1,0,1,1,0,1,1,0,1,1,1,0,0,0,0,1,0,1,0,0,1,1,0,0,0,1,1,1,1,1,1,0,0,0,1,1,0.2777777777777778,18.45277924940759,1
28,1,0,1,1,0,0,1,0,1,1,1,0,0,0,0,1,1,1,0,0,1,0,0,0,0,1,1,1,0,1,1,0,0,0,1,1,0.3611111111111111,16.75084182790196,1
29,1,0,1,0,0,1,1,0,1,1,1,0,0,0,0,1,1,1,0,0,1,1,0,0,0,1,1,1,0,1,1,0,0,0,1,1,0.2777777777777778,17.47712359660579,1
30,1,0,1,1,0,1,1,0,1,1,1,0,0,0,0,1,0,1,0,0,1,1,0,0,0,1,1,1,0,1,1,0,0,0,1,1,0.3611111111111111,18.985453785107605,1
31,1,0,0,1,0,1,1,0,1,1,1,0,0,0,0,1,0,1,0,0,1,1,0,0,0,1,1,1,0,1,1,0,0,0,1,1,0.3055555555555556,18.038075500288382,1
32,1,0,1,1,0,1,1,0,1,1,1,0,0,0,0,1,1,1,0,0,1,0,0,0,0,1,1,1,0,1,1,1,0,0,1,1,0.3611111111111111,22.414641878181797,1
33,1,0,1,1,0,1,1,0,1,1,1,0,0,0,0,1,1,1,0,0,1,0,0,0,0,1,1,1,0,1,1,0,0,0,1,1,0.3055555555555556,19.110040210584724,1
34,1,0,1,1,0,0,1,0,1,1,1,0,0,0,0,1,1,1,0,0,1,0,0,0,0,1,1,1,0,1,1,0,0,0,1,1,0.3333333333333333,16.75084182790196,1
35,1,0,0,0,0,1,1,0,1,1,1,0,0,0,0,1,0,0,0,0,1,1,0,0,0,1,1,1,0,1,1,0,0,0,1,1,0.2777777777777778,20.370466168377494,1
36,1,0,1,1,0,1,1,0,1,1,1,0,0,0,0,1,0,1,0,0,1,0,0,0,0,1,1,1,0,1,1,0,0,0,1,1,0.2777777777777778,16.72360455805737,1
37,1,0,1,0,0,0,1,0,1,1,1,0,0,0,0,1,0,1,0,0,1,0,0,0,0,1,1,1,0,1,1,0,0,0,1,1,0.3333333333333333,13.434480834563086,1
38,1,0,1,1,0,1,1,0,1,1,1,0,0,0,0,1,0,0,0,0,1,0,0,0,0,1,1,1,0,1,1,0,0,0,1,1,0.25,13.950733253002676,1
39,1,0,1,1,0,1,1,0,1,1,1,0,0,0,0,1,0,1,0,0,1,1,0,0,0,1,1,1,0,1,1,0,0,0,1,1,0.3333333333333333,18.985453785107605,1
40,1,0,1,1,0,1,1,0,1,1,1,0,0,0,0,0,1,1,0,0,1,1,0,0,0,1,1,1,0,1,1,0,0,0,1,1,0.3055555555555556,18.281196722355688,1
41,1,0,1,0,0,1,1,1,1,0,1,0,0,0,0,1,1,1,0,0,1,0,0,0,0,1,1,0,0,1,1,0,0,0,1,1,0.2777777777777778,14.90536466933681,1
42,1,0,0,0,0,1,1,0,1,1,1,0,0,0,0,0,0,1,0,0,1,0,0,0,0,1,1,1,0,1,1,0,0,0,1,1,0.3055555555555556,12.755868039541232,1
43,1,0,1,1,0,0,1,1,1,0,1,0,0,0,0,1,1,1,0,0,1,1,0,0,0,1,1,1,0,1,1,0,0,0,1,1,0.25,21.50813048213616,1
44,1,0,1,1,0,1,1,0,1,0,1,0,0,0,0,1,1,1,0,0,1,1,0,0,0,1,1,1,1,1,1,0,0,0,1,1,0.2777777777777778,16.77132447277926,1
45,1,0,1,1,0,0,1,0,1,1,1,0,0,0,0,1,1,1,0,0,1,0,0,0,0,1,1,1,0,1,1,0,0,0,1,1,0.3055555555555556,16.75084182790196,1
46,1,0,1,1,0,1,1,0,1,1,1,0,0,0,0,1,0,1,0,0,1,1,0,0,0,1,1,1,1,1,1,0,0,0,1,1,0.2777777777777778,18.45277924940759,1
47,1,0,1,0,0,0,1,0,1,1,1,0,0,0,0,1,1,0,0,0,1,1,0,0,0,1,1,1,0,1,1,0,0,0,1,1,0.3055555555555556,21.582268396789278,1
48,1,0,1,1,0,0,1,0,1,1,1,0,0,0,0,1,1,1,0,0,1,0,0,0,0,1,1,1,0,1,1,0,0,0,1,1,0.3055555555555556,16.75084182790196,1
49,1,0,1,1,0,1,1,0,1,1,1,0,0,0,0,0,0,1,0,0,1,1,0,0,0,1,1,1,0,1,1,0,0,0,1,1,0.2777777777777778,17.9562519456956,1
50,1,0,1,0,0,1,1,1,1,0,1,0,0,0,0,1,0,1,0,0,1,1,0,0,0,1,1,0,0,1,1,0,0,0,1,1,0.25,14.572231494439867,1
51,1,0,1,1,0,0,1,0,1,1,1,0,0,0,0,1,1,1,0,0,1,0,0,0,0,1,1,1,0,1,1,0,0,0,1,1,0.3333333333333333,16.75084182790196,1
52,1,0,0,1,0,1,1,0,1,1,1,0,0,0,0,1,1,1,0,0,1,0,0,0,0,1,1,1,0,1,1,0,0,0,1,1,0.25,16.637526714295948,1
53,1,0,1,0,0,1,1,1,1,0,1,0,0,0,0,1,0,1,0,0,1,1,0,0,0,1,1,0,0,1,1,0,0,0,1,1,0.19444444444444445,14.572231494439867,1
54,1,0,0,1,0,1,1,0,1,0,1,0,0,0,0,1,0,1,0,0,1,1,0,0,0,1,1,1,0,1,1,0,0,0,1,1,0.3333333333333333,16.63223271936064,1
55,1,0,0,0,0,1,1,0,1,1,1,0,0,0,0,1,0,1,0,0,1,0,0,0,0,1,1,1,0,1,1,0,0,0,1,1,0.3055555555555556,12.806064069192072,1
56,1,0,1,1,0,1,1,1,1,0,1,0,0,0,0,0,1,1,0,0,1,1,0,0,0,1,1,0,0,1,1,0,0,0,1,1,0.25,16.922428797261283,1
57,1,0,0,1,0,1,1,0,0,1,1,0,0,0,0,0,1,1,0,0,1,1,0,0,0,1,1,1,0,1,1,0,0,0,1,1,0.3055555555555556,17.630897140433373,1
58,1,0,1,1,0,1,1,0,1,1,1,0,0,0,0,1,1,1,0,0,1,0,0,0,0,1,1,1,0,1,1,0,0,0,1,1,0.3333333333333333,19.110040210584724,1
59,1,0,0,0,0,1,1,0,0,1,1,0,0,0,0,0,1,1,0,0,1,0,0,0,0,1,1,1,0,1,1,0,0,0,1,1,0.3055555555555556,12.381375669821024,1
60,0,1,0,0,1,0,0,1,0,0,0,0,1,1,1,0,0,1,1,1,0,1,1,0,1,0,0,0,1,1,0,0,1,1,0,0,0.25,10.037656726302714,1
61,1,0,1,1,0,1,1,0,1,0,1,0,0,0,0,1,0,1,0,0,1,0,0,0,0,1,1,1,0,1,1,0,0,0,1,1,0.25,12.31074628557487,1
62,1,0,1,1,0,1,1,0,1,1,1,0,0,0,0,1,0,1,0,0,1,0,0,0,0,1,1,1,0,1,1,0,0,0,1,1,0.3055555555555556,16.72360455805737,1
63,1,0,1,1,0,1,1,0,1,0,1,0,0,0,0,1,1,1,0,0,1,1,0,0,0,1,1,0,1,1,1,0,0,0,1,1,0.3055555555555556,14.160387837213783,1
64,1,0,1,1,0,0,1,0,1,0,1,0,0,0,0,1,1,1,0,0,1,0,0,0,0,1,1,0,0,1,1,0,0,0,1,1,0.3333333333333333,11.795172742072705,1
65,1,0,1,1,0,1,1,0,1,1,1,0,0,0,0,1,0,0,0,0,1,1,0,0,0,1,1,1,1,1,1,0,0,0,1,1,0.25,18.994693062424535,1
66,1,0,1,1,0,1,1,0,1,0,1,0,0,0,0,1,1,1,0,0,1,0,0,0,0,1,1,1,0,1,1,0,0,0,1,1,0.3055555555555556,13.697181938064752,1
67,1,0,1,0,0,1,1,0,1,0,1,0,0,0,0,1,0,1,0,0,1,1,0,0,0,1,1,1,0,1,1,0,0,0,1,1,0.2777777777777778,16.68950957520658,1
68,1,0,0,0,0,0,1,0,1,1,1,0,0,0,0,1,1,1,0,0,1,1,0,0,0,1,1,1,0,1,1,0,0,0,1,1,0.3055555555555556,21.915274672590613,1
69,1,0,0,1,0,0,1,0,1,1,1,0,0,0,0,0,1,1,0,0,1,1,0,0,0,1,1,1,0,1,1,0,0,0,1,1,0.19444444444444445,21.753700552615445,1
70,1,0,0,1,0,1,1,0,1,1,0,0,0,0,0,1,0,0,0,0,1,1,0,0,0,1,1,1,0,1,1,0,0,0,1,1,0.25,19.312103465729205,1
71,1,0,1,1,0,1,1,0,1,0,1,0,0,0,0,1,0,0,0,0,1,1,0,0,0,1,1,1,1,1,1,0,0,0,1,1,0.19444444444444445,19.58419519241703,1
72,1,0,0,0,0,1,0,0,1,1,1,0,0,0,0,0,0,1,0,0,1,0,0,0,0,1,1,1,0,0,1,0,0,0,1,1,0.25,12.03689717613292,1
73,1,0,0,1,0,1,1,0,1,0,1,0,0,0,0,1,0,1,0,0,1,1,0,0,0,1,1,1,1,1,1,0,0,0,1,1,0.2777777777777778,17.59955824238382,1
74,1,0,1,0,0,1,1,0,1,0,1,0,0,0,0,1,1,1,0,0,1,0,0,0,0,1,1,1,0,1,1,0,0,0,1,1,0.3611111111111111,10.76146522681748,1
75,1,0,1,1,0,1,1,0,1,1,1,0,0,0,0,1,0,1,0,0,1,0,0,0,0,1,1,1,0,1,1,0,0,0,1,1,0.3055555555555556,16.72360455805737,1
76,1,0,1,1,0,1,1,0,1,0,1,0,0,0,0,1,1,1,0,0,1,0,0,0,0,1,1,0,1,1,1,0,0,0,1,1,0.3333333333333333,11.92342294449122,1
77,1,0,1,0,0,1,1,0,1,1,1,0,0,0,0,1,0,0,0,0,1,1,0,0,0,1,1,1,0,1,1,0,0,0,1,1,0.3055555555555556,18.31784445319604,1
78,1,0,1,1,0,1,1,0,1,0,1,0,0,0,0,0,0,1,0,0,1,1,0,0,0,1,1,1,0,1,1,0,0,0,1,1,0.25,17.545754039088393,1
79,1,0,1,1,0,1,0,1,1,0,1,0,0,0,0,1,1,1,0,0,1,1,0,0,0,1,1,1,0,1,1,0,0,0,1,1,0.25,18.8032912349274,1
80,1,0,0,0,0,1,1,0,1,0,1,0,0,0,0,1,0,1,0,0,1,0,0,0,0,1,1,0,0,1,0,0,0,0,1,1,0.2777777777777778,6.313232900745791,1
81,1,0,1,1,0,1,0,0,1,1,1,0,0,0,0,1,0,1,0,0,1,1,0,0,0,1,1,1,0,1,1,0,0,0,1,1,0.3611111111111111,18.75699848253236,1
82,0,1,0,1,1,0,0,1,0,0,0,1,1,1,1,0,0,1,1,1,0,1,1,1,1,0,0,0,0,1,0,0,1,1,0,0,0.3055555555555556,16.155042913124813,1
83,1,0,0,1,0,1,1,0,0,1,1,0,0,0,0,0,1,1,0,0,1,0,0,0,0,1,1,1,0,1,0,0,0,0,1,1,0.3333333333333333,10.645515140081056,1
84,1,0,1,1,0,1,1,1,1,0,1,0,0,0,0,1,1,1,0,0,1,1,0,0,0,1,1,0,0,1,1,0,0,0,1,1,0.3333333333333333,21.073894037900427,1
85,1,0,1,0,0,1,1,0,1,1,1,0,0,0,0,1,0,1,0,0,1,0,0,0,0,1,1,0,0,1,1,0,0,0,1,1,0.25,12.239496427397578,1
86,1,0,0,1,0,0,1,0,1,1,1,0,0,0,0,1,1,0,0,0,1,1,0,0,0,1,1,1,0,1,1,0,0,0,1,1,0.2777777777777778,21.02209966123247,1
87,1,0,1,0,0,1,1,0,1,1,1,0,0,0,0,1,0,0,0,0,1,1,0,0,0,1,1,0,0,1,1,0,0,0,0,1,0.16666666666666666,11.239071547703201,1
88,1,0,1,1,0,1,1,0,1,1,1,0,0,0,0,1,1,1,0,0,1,1,0,0,0,1,1,1,1,1,1,0,0,0,1,1,0.3611111111111111,19.181822342899103,1
89,0,1,1,0,1,0,0,1,0,1,0,0,1,1,1,0,0,1,1,1,0,1,1,0,0,0,0,0,1,1,0,0,1,1,0,0,0.2222222222222222,10.735846461652729,1
90,1,0,1,1,0,1,1,1,1,0,1,0,0,0,0,1,1,1,0,0,1,0,0,0,0,1,1,0,0,1,1,0,0,0,1,1,0.3055555555555556,21.841091653357946,1
91,1,0,1,1,0,1,1,0,1,1,1,0,0,0,0,1,1,0,0,0,1,1,0,0,0,1,1,1,0,1,1,0,0,0,1,1,0.3611111111111111,17.59902740397037,1
92,1,0,0,1,0,1,1,0,1,0,1,1,0,0,0,0,0,1,0,0,1,0,0,0,0,1,1,1,1,1,1,0,0,0,1,1,0.2222222222222222,11.306051146759792,1
93,1,0,1,1,0,1,0,0,1,0,1,0,0,0,0,1,1,1,0,0,1,0,0,0,0,1,1,1,0,1,1,0,0,0,1,1,0.25,12.855272846769305,1
94,0,1,0,0,1,1,0,1,0,0,0,0,1,1,0,0,0,1,1,1,0,1,1,0,0,0,0,0,1,1,0,0,1,1,0,0,0.25,10.842781383489028,1
95,1,0,0,1,0,1,1,0,1,0,1,0,0,0,0,1,0,1,0,0,1,1,0,0,0,1,1,1,0,1,1,0,0,0,1,1,0.3333333333333333,16.63223271936064,1
96,1,0,0,1,0,1,1,0,1,1,0,0,0,0,0,1,1,0,0,0,1,1,0,0,0,1,1,1,0,1,0,0,0,0,1,1,0.19444444444444445,14.588340820464415,1
97,0,1,1,0,1,1,0,1,0,0,1,0,1,1,0,0,0,0,1,1,0,0,1,0,0,0,0,0,1,1,0,0,1,1,0,0,0.1388888888888889,9.722404279082454,1
98,0,1,0,0,1,1,1,1,0,1,0,0,1,1,1,0,0,1,1,1,0,1,0,1,1,0,0,0,1,1,0,0,1,1,0,0,0.3611111111111111,17.07693268782637,1
