,0,1,2,3,4,5,6,7,8,9,10,11,12,13,14,15,16,17,18,19,20,21,22,23,24,25,26,27,28,29,30,31,32,33,34,35,36,37,38,39,40,41,42,43,44,45,46,47,48,49,50,51,52,53,chain_break_fraction,energy,num_occurrences
0,0,0,0,0,0,0,0,1,0,0,0,0,0,1,0,0,1,0,1,0,0,0,1,1,1,1,0,0,0,1,0,1,0,0,0,0,1,0,0,1,0,0,1,1,1,1,1,0,0,0,1,0,0,1,0.3148148148148148,307.03818294886884,1
1,0,0,0,0,0,0,0,1,0,0,0,0,0,1,0,0,1,0,1,0,0,0,1,1,1,1,0,0,0,1,0,1,0,0,0,0,1,0,0,1,0,0,1,1,1,1,1,0,1,0,1,0,0,1,0.3148148148148148,337.4631358800284,1
2,0,1,0,0,0,0,0,1,0,0,0,0,0,1,0,0,1,0,1,0,0,0,1,1,1,1,0,0,0,1,0,1,0,0,0,0,1,0,0,1,0,0,1,1,1,1,1,0,0,0,1,0,0,1,0.3148148148148148,256.0972245112184,1
3,1,1,0,0,0,0,0,1,0,0,0,0,0,1,0,0,1,0,1,0,0,0,1,1,1,1,0,0,0,1,0,0,0,0,0,0,1,0,0,1,0,0,1,1,1,1,1,0,0,0,1,0,0,1,0.35185185185185186,195.5221156675018,1
4,0,0,0,0,0,0,0,1,0,0,0,0,0,1,0,0,1,1,1,0,0,0,1,0,1,1,0,0,0,1,0,1,0,0,0,0,1,0,0,1,0,0,1,1,1,1,1,0,1,0,1,0,0,1,0.35185185185185186,355.56393911886823,1
5,0,1,0,0,0,0,0,1,0,0,0,1,0,1,0,0,1,0,1,0,0,0,1,0,1,1,0,0,0,1,0,1,0,0,0,0,1,0,0,1,0,0,1,1,1,1,1,0,1,0,1,0,0,1,0.3333333333333333,290.978691717208,1
6,0,1,0,0,0,0,0,1,0,0,0,1,0,1,0,0,1,1,1,0,0,0,1,1,1,1,0,0,0,1,0,1,0,0,0,0,1,0,0,1,0,0,1,1,1,1,1,0,1,0,1,0,0,1,0.2962962962962963,235.0055868449162,1
7,0,0,0,0,0,0,1,1,0,0,0,0,0,1,0,0,1,0,1,0,0,0,1,1,1,1,0,0,0,1,0,1,0,0,0,0,1,0,0,1,0,0,1,1,1,1,1,0,0,1,1,0,0,1,0.3333333333333333,345.0020372653067,1
8,0,1,0,0,0,0,0,1,0,0,0,0,0,1,0,0,1,1,1,0,0,0,1,0,1,1,0,0,0,1,0,1,0,0,0,0,1,0,0,0,0,0,1,1,1,1,1,0,1,0,1,0,0,1,0.3148148148148148,274.69290951108377,1
9,0,1,0,0,0,0,0,1,0,0,0,1,0,1,0,0,1,1,1,0,0,0,1,0,1,1,0,0,0,1,0,1,0,0,0,0,1,0,0,1,0,0,1,1,1,1,1,0,1,0,1,0,0,1,0.35185185185185186,251.70843586606782,1
10,0,1,0,0,0,0,1,1,0,0,0,0,0,1,0,0,1,0,1,0,0,0,1,1,1,1,0,0,0,1,0,1,0,0,0,0,1,0,0,1,0,0,1,1,1,1,1,0,1,0,1,0,0,1,0.2962962962962963,260.2246422575581,1
11,0,0,0,0,0,0,1,1,0,0,0,0,0,1,0,0,1,0,1,0,0,0,1,1,1,1,0,0,0,1,0,1,0,0,0,0,1,0,0,1,0,0,1,1,1,1,1,0,0,0,1,0,0,1,0.3148148148148148,283.6724979238755,1
12,0,1,0,0,0,0,1,1,0,1,0,1,0,1,0,0,1,0,1,0,0,0,1,1,1,1,0,0,0,1,0,1,0,0,0,0,1,0,0,1,0,0,1,1,1,1,1,0,1,0,1,0,0,1,0.25925925925925924,217.52884372074124,1
13,0,1,0,0,0,0,0,1,0,0,0,0,0,1,0,0,1,1,1,0,0,0,1,0,1,1,0,0,0,1,0,0,0,0,0,0,1,0,0,1,0,0,1,1,1,1,1,0,1,0,1,0,0,1,0.35185185185185186,250.10191405225396,1
14,0,0,0,0,0,0,0,1,0,1,0,1,0,1,0,0,1,0,1,0,0,0,1,1,1,1,0,0,0,1,0,1,0,0,0,0,1,0,0,1,0,0,1,1,1,1,1,0,0,0,1,0,0,1,0.2777777777777778,238.4023170397154,1
15,0,0,0,0,0,0,1,1,0,0,0,0,0,1,0,0,1,0,1,0,0,0,1,1,1,1,0,0,0,1,0,1,0,0,0,0,1,0,0,1,0,0,1,1,1,1,1,0,1,0,1,0,0,1,0.3333333333333333,311.3372675945911,1
16,0,1,0,0,0,0,1,1,0,0,0,1,0,1,0,0,1,0,1,0,0,0,1,0,1,1,0,0,0,1,0,1,0,0,0,0,1,0,0,1,0,0,1,1,1,1,1,0,1,0,1,0,0,1,0.3148148148148148,271.153785721645,1
17,0,1,0,0,0,0,1,1,0,0,0,0,0,1,0,0,1,0,1,0,0,0,1,1,1,1,0,0,0,1,0,1,0,0,0,0,1,0,0,1,0,0,1,1,1,1,1,0,1,0,1,0,0,1,0.2962962962962963,260.2246422575581,1
18,0,1,0,0,0,0,0,1,0,0,0,1,0,1,0,0,1,0,1,0,0,0,1,1,0,1,0,0,0,1,0,1,0,0,0,0,1,0,0,1,0,0,1,1,1,1,1,0,0,0,1,0,0,1,0.3148148148148148,227.90936098162626,1
19,0,0,0,0,0,0,1,1,0,0,0,1,0,1,0,0,1,1,1,0,0,0,1,0,1,1,0,0,0,1,0,1,0,0,0,0,1,0,0,1,0,0,1,1,1,1,1,0,1,0,1,0,0,1,0.37037037037037035,273.1398870667231,1
20,0,0,0,0,0,0,0,1,0,0,0,0,0,1,0,0,1,0,1,0,0,0,1,0,1,1,0,0,0,1,0,0,0,0,0,0,1,0,0,0,0,0,1,1,1,1,1,0,1,0,1,0,0,1,0.3148148148148148,341.2169881835804,1
21,0,1,0,0,0,0,0,1,0,0,0,0,0,1,0,0,1,1,1,0,0,0,1,0,1,1,0,0,0,1,0,0,0,0,0,0,1,0,0,1,0,0,1,1,1,1,1,0,0,0,1,0,0,1,0.37037037037037035,230.19133676820388,1
22,0,1,0,0,0,0,0,1,0,1,0,0,0,1,0,0,1,1,1,0,0,0,1,0,1,1,0,0,0,1,0,1,0,0,0,0,0,0,0,1,0,0,1,1,1,1,1,0,1,0,1,0,0,1,0.3148148148148148,257.6047557055476,1
23,0,1,0,0,0,0,1,1,0,0,0,1,0,1,0,0,1,0,1,0,0,0,1,1,1,1,0,0,0,1,0,1,0,0,0,0,1,0,0,1,0,0,1,1,1,1,1,0,1,0,1,1,0,1,0.3333333333333333,240.57662602498976,1
24,0,1,0,0,0,0,1,1,0,0,0,0,0,1,0,0,1,0,1,0,0,0,1,0,1,1,0,0,0,1,0,1,0,0,0,0,1,0,0,0,0,0,1,1,1,1,1,0,1,0,1,0,0,0,0.25925925925925924,189.62922647308417,1
25,0,0,0,0,0,0,0,1,0,0,0,1,0,1,0,0,1,0,1,0,0,0,1,0,1,1,0,0,0,1,0,1,0,1,0,0,1,0,0,1,0,0,1,1,1,1,1,0,1,0,1,0,0,1,0.3333333333333333,377.70484191013077,1
26,0,1,0,0,0,0,0,1,0,1,0,1,0,1,0,0,1,0,1,0,0,0,1,1,1,1,0,0,0,1,0,1,0,0,0,0,1,0,0,0,0,0,1,1,1,1,1,1,1,0,1,0,0,1,0.35185185185185186,292.0969976253693,1
27,0,0,0,0,0,0,0,1,0,0,0,0,0,1,0,0,1,1,1,0,0,0,1,0,1,1,0,0,0,1,0,0,0,1,0,0,1,0,0,1,0,0,1,1,1,1,1,0,1,0,1,0,0,1,0.3333333333333333,322.3952637566562,1
28,0,0,0,0,0,0,0,0,0,0,0,0,0,1,0,0,1,1,1,0,0,0,1,0,1,1,0,0,0,1,0,1,0,0,0,0,1,0,0,0,0,0,1,1,1,1,1,0,1,0,1,0,0,1,0.3333333333333333,378.9352761694253,1
29,0,1,0,0,0,0,1,1,0,1,0,1,0,1,0,0,1,0,1,0,0,0,1,1,1,1,0,0,0,1,0,1,0,0,0,0,1,0,0,1,0,0,1,1,1,1,1,0,1,0,1,0,0,1,0.3333333333333333,217.52884372074124,1
30,0,0,0,0,0,0,0,0,0,0,1,1,0,1,0,0,1,0,1,0,0,0,1,1,1,1,0,0,0,1,0,1,0,0,0,0,1,0,0,1,0,0,1,1,1,1,1,0,1,1,1,1,0,1,0.3148148148148148,354.90810162464635,1
31,0,1,0,0,0,0,0,1,0,1,0,1,0,1,0,0,1,1,1,0,0,0,1,0,1,1,0,0,0,1,0,1,0,1,0,0,1,0,0,1,0,0,1,1,1,1,1,0,1,0,1,0,0,1,0.2777777777777778,255.2939288076845,1
32,0,0,0,0,0,0,0,1,0,0,0,0,0,1,0,0,1,1,1,0,0,0,1,0,1,1,0,0,0,1,0,1,0,0,0,0,1,0,0,1,0,0,1,1,1,1,1,0,1,0,1,0,0,1,0.3888888888888889,355.56393911886823,1
33,0,1,0,0,0,0,0,1,0,1,0,0,0,1,0,0,1,0,1,0,0,0,1,0,1,1,0,0,0,1,0,1,0,0,0,0,1,0,0,1,0,0,0,1,1,1,1,0,1,0,1,0,0,1,0.2962962962962963,313.9652574626046,1
34,0,0,0,0,0,0,0,1,0,0,0,0,0,1,0,0,1,1,1,0,0,0,1,0,1,1,0,0,0,1,0,1,0,1,0,0,1,0,0,0,0,0,1,1,1,1,1,0,1,0,1,0,0,1,0.35185185185185186,354.86560338650946,1
35,0,0,0,0,0,0,0,1,0,0,0,0,0,1,0,0,1,0,1,0,0,0,1,1,1,1,0,0,0,1,0,1,0,1,0,0,1,0,0,0,0,0,1,1,1,1,1,0,1,0,1,0,0,1,0.3148148148148148,336.9390891796963,1
36,0,1,0,0,0,0,0,1,0,0,0,1,0,1,0,0,1,1,1,0,0,0,1,1,1,1,0,0,0,1,0,1,0,0,0,0,1,0,0,1,0,0,1,1,1,1,1,0,1,0,1,0,0,1,0.3333333333333333,235.0055868449162,1
37,0,0,0,0,0,0,1,1,0,1,1,1,0,1,0,0,1,0,1,0,0,0,1,0,1,1,0,0,0,1,0,1,0,0,0,0,1,0,0,1,0,0,1,1,1,1,1,0,1,1,1,0,0,1,0.2777777777777778,321.7874489343858,1
38,0,1,0,0,0,0,0,1,0,0,0,0,0,1,0,0,1,0,1,0,0,0,1,0,1,1,0,0,0,1,0,1,0,0,0,0,1,0,0,1,0,0,1,1,1,1,1,0,0,0,1,0,0,1,0.35185185185185186,343.46174096094467,1
39,0,0,0,0,0,0,1,1,0,0,0,0,0,1,0,0,1,0,1,0,0,0,1,0,1,1,0,0,0,1,0,0,0,1,0,0,1,0,0,1,0,0,1,1,1,0,1,0,1,0,1,0,0,1,0.2777777777777778,343.24358092526364,1
40,0,1,0,0,0,0,0,1,0,0,0,0,0,1,0,0,1,0,1,0,0,0,1,0,1,1,0,0,0,1,0,0,0,1,0,0,1,0,0,1,0,0,1,1,1,1,1,0,0,0,1,0,0,1,0.35185185185185186,307.3100634850986,1
41,0,0,0,0,0,0,1,1,0,1,0,1,0,1,0,0,1,1,1,0,0,0,1,0,1,1,0,0,0,1,0,1,0,1,0,0,1,0,0,1,0,0,1,1,1,1,1,0,0,0,1,0,0,1,0.2962962962962963,259.1244149178091,1
42,0,1,0,0,0,0,0,1,0,1,0,1,0,1,0,0,1,1,1,0,0,0,1,0,1,1,0,0,0,1,0,1,0,1,0,0,1,0,0,1,0,0,1,1,1,1,1,0,1,0,1,0,0,1,0.2962962962962963,255.2939288076845,1
43,0,1,0,0,0,0,0,1,0,0,0,0,0,1,0,0,1,1,1,0,0,0,1,0,1,1,0,0,0,1,0,0,0,1,0,0,1,0,0,1,0,0,1,1,1,1,1,0,1,0,1,0,0,1,0.3333333333333333,271.13449359253167,1
44,0,0,0,0,0,0,0,1,0,1,0,1,0,1,0,0,1,1,1,0,0,0,1,1,1,1,0,0,0,1,0,0,0,0,0,0,1,0,0,1,0,0,1,1,1,1,1,0,1,0,1,0,0,1,0.37037037037037035,236.3057433491286,1
45,1,0,0,0,0,0,1,1,0,0,0,1,0,1,0,0,1,1,1,0,0,0,1,0,1,1,0,0,0,1,0,0,0,0,0,0,1,0,0,1,0,0,1,1,1,1,1,0,1,0,1,0,0,1,0.3148148148148148,227.2007932691331,1
46,0,0,0,0,0,0,0,1,0,0,0,1,0,1,0,0,1,1,1,0,0,0,1,0,1,1,0,0,0,1,0,1,0,0,0,0,1,0,0,1,0,0,1,1,1,1,1,0,0,0,1,0,0,1,0.35185185185185186,267.86652569690665,1
47,0,0,0,0,0,0,0,1,0,0,0,0,0,1,0,0,1,0,1,0,0,0,1,1,1,1,0,0,0,1,0,1,0,1,0,0,1,0,0,1,0,0,1,1,1,0,1,0,1,0,1,0,0,1,0.3888888888888889,338.6198005340739,1
48,0,0,0,0,0,0,1,1,0,0,1,0,0,1,0,0,1,0,1,0,0,0,1,0,1,1,0,0,0,1,0,1,0,0,0,0,1,0,0,1,0,0,1,1,1,1,1,0,1,0,1,0,0,1,0.3333333333333333,358.7471307682678,1
49,0,1,0,0,0,0,1,1,0,1,0,0,0,1,0,0,1,1,1,0,0,0,1,0,1,1,0,0,0,1,0,1,0,0,0,0,0,0,0,0,0,0,1,1,1,1,1,0,1,0,1,0,0,1,0.3333333333333333,225.5238175026883,1
50,0,1,0,0,0,0,1,1,0,1,1,1,0,1,0,0,1,0,1,0,0,0,1,0,1,1,0,0,0,1,0,1,0,0,0,0,1,0,0,1,0,0,1,1,1,1,1,0,1,1,1,0,0,1,0.35185185185185186,275.16216071150905,1
51,0,1,0,0,0,0,1,1,0,0,0,1,0,1,0,0,1,1,1,0,0,0,1,0,1,1,0,0,0,1,0,1,0,1,0,0,1,0,0,1,0,0,1,1,1,1,1,0,0,0,1,0,0,1,0.35185185185185186,239.32309637987225,1
52,0,1,0,0,0,0,1,0,0,0,0,0,0,1,0,0,1,0,1,0,0,0,1,0,1,1,0,0,0,1,0,0,0,0,0,0,1,0,0,1,0,0,1,1,1,1,1,0,0,0,1,0,0,1,0.3333333333333333,302.1454174018309,1
53,1,0,0,0,0,0,0,1,0,0,1,0,0,1,0,0,1,0,1,0,0,0,1,1,1,1,0,0,0,1,0,1,0,0,0,0,1,0,0,1,0,0,1,1,1,1,1,0,1,0,1,0,0,1,0.2962962962962963,265.4622674494025,1
54,0,1,0,0,0,0,0,0,0,1,1,1,0,1,0,0,1,0,1,0,0,0,1,1,1,1,0,0,0,1,0,0,0,0,0,0,1,0,0,1,0,0,1,1,1,1,1,0,1,0,1,1,0,1,0.3148148148148148,217.70559300367955,1
55,0,0,0,0,0,0,0,1,0,1,0,1,0,1,0,0,1,1,1,0,0,0,1,0,1,1,0,0,0,1,0,1,0,1,0,0,1,0,0,1,0,0,1,1,1,1,1,0,0,0,1,0,0,1,0.37037037037037035,271.251985335496,1
56,0,1,0,0,0,0,1,1,0,0,0,1,0,1,0,0,1,0,0,0,0,0,1,0,1,1,0,0,0,1,0,0,0,0,0,0,1,0,0,1,0,0,1,1,1,1,1,0,1,0,1,0,0,1,0.2962962962962963,244.5388194349881,1
57,0,0,0,0,0,0,0,1,0,0,0,1,0,1,0,0,1,1,1,0,0,0,1,1,1,1,0,0,0,1,0,0,0,1,0,0,1,0,0,1,0,0,1,1,1,1,1,0,0,0,1,0,0,1,0.3333333333333333,232.13331385078675,1
58,0,0,0,0,1,0,0,1,0,0,0,1,0,1,0,0,1,1,1,0,0,0,1,0,1,1,0,0,0,1,0,1,0,0,0,0,1,0,0,1,0,0,1,1,1,1,1,0,1,0,1,0,0,1,0.37037037037037035,260.8626910890771,1
59,0,1,0,0,0,0,0,1,0,0,0,1,0,1,0,0,1,0,1,0,0,0,1,0,1,1,0,0,0,1,0,1,0,0,0,0,1,0,0,1,0,0,1,1,1,1,1,0,0,1,1,0,0,1,0.4074074074074074,321.92300723865304,1
60,0,1,0,0,0,0,0,1,0,0,0,1,0,1,0,0,1,0,1,0,0,0,1,1,1,1,0,0,0,1,0,1,0,1,0,0,0,0,0,1,0,0,1,1,0,1,1,0,0,0,1,0,0,1,0.3148148148148148,163.47867836808223,1
61,0,1,0,0,0,0,1,1,0,1,0,0,0,1,0,0,1,1,1,0,0,0,1,1,1,1,0,0,0,1,0,1,0,0,0,0,1,0,0,0,0,0,1,1,1,1,1,0,0,0,1,0,0,1,0.35185185185185186,207.69761113291105,1
62,1,0,0,0,0,0,0,1,0,1,1,1,0,1,0,0,1,1,1,0,0,0,1,0,1,1,0,0,0,0,0,1,0,0,0,0,1,0,0,0,0,0,1,1,1,1,1,0,1,0,1,0,0,1,0.25925925925925924,210.32354191758122,1
63,0,1,0,0,0,0,0,1,0,1,1,1,0,1,0,0,1,0,1,0,0,0,1,1,1,1,0,0,0,1,0,1,0,0,0,0,1,0,0,1,0,0,1,1,1,1,1,0,0,0,1,0,0,1,0.25925925925925924,211.83012898863484,1
64,0,1,0,0,0,0,0,1,0,0,0,0,0,1,0,0,1,0,1,0,0,0,1,0,1,1,0,0,0,1,0,0,0,0,0,0,1,0,0,1,0,0,1,1,1,1,1,0,1,0,1,0,0,1,0.37037037037037035,309.00426839254357,1
65,1,1,0,0,0,0,0,1,0,0,0,0,0,1,0,0,1,1,1,0,0,0,1,0,1,1,0,0,0,1,0,1,0,0,0,0,1,0,0,1,0,0,1,1,1,1,1,0,1,0,1,0,0,1,0.2962962962962963,274.14388789543614,1
66,1,1,0,0,0,0,0,1,0,0,0,1,0,1,0,0,1,0,1,0,0,0,1,0,1,1,0,0,0,1,0,1,0,0,0,0,1,0,0,1,0,0,1,1,1,1,1,0,0,0,1,0,0,1,0.3333333333333333,243.4989696247511,1
67,0,1,0,0,0,0,0,1,0,0,0,0,0,1,0,0,1,1,1,0,0,0,1,0,1,1,0,0,0,1,0,1,0,1,0,0,0,0,0,1,0,0,1,1,1,1,1,0,0,0,1,0,0,1,0.35185185185185186,274.3326636732882,1
68,1,1,0,0,0,0,1,1,0,0,0,1,0,1,0,0,1,0,1,0,0,0,1,0,1,1,0,0,0,1,0,0,0,1,0,0,1,0,0,0,0,0,1,1,1,1,1,0,0,0,1,0,0,1,0.2962962962962963,194.82520735779377,1
69,0,1,0,0,0,0,0,1,0,0,1,1,0,1,0,0,1,0,1,0,0,0,1,1,0,1,0,0,1,0,0,0,0,0,0,0,1,0,0,1,0,0,1,1,1,0,1,0,1,0,1,0,0,1,0.2962962962962963,185.79146966746237,1
70,0,1,0,0,0,0,1,1,0,0,0,1,0,1,0,0,1,0,1,0,0,0,1,1,0,1,0,0,0,1,0,1,0,1,0,0,1,0,0,0,0,0,1,1,1,1,1,0,0,0,1,0,0,1,0.2962962962962963,216.82926851386804,1
71,1,1,0,0,0,0,0,1,0,1,0,1,0,1,0,0,1,0,1,0,0,0,1,0,1,1,0,0,0,1,0,1,0,0,0,0,1,0,0,1,0,0,1,1,1,1,1,0,1,0,1,0,0,1,0.35185185185185186,249.34933311081346,1
72,0,0,0,0,0,0,1,1,0,0,1,1,0,1,0,0,1,0,1,0,0,1,1,1,1,1,0,0,0,1,0,1,0,0,0,0,1,0,0,0,0,0,1,1,1,1,1,0,1,0,1,0,0,1,0.2962962962962963,221.72175480520326,1
73,0,0,0,0,0,0,0,1,0,1,0,1,0,1,0,0,1,0,1,0,0,0,1,0,1,1,0,0,0,1,0,0,0,1,0,0,1,0,0,1,0,0,1,1,1,1,1,0,1,0,1,0,0,1,0.3148148148148148,292.14316557393244,1
74,1,1,1,1,1,1,1,0,1,1,1,1,1,0,1,1,0,0,0,1,1,1,0,1,0,0,1,1,1,0,1,0,1,1,1,1,0,1,1,0,1,1,0,0,0,0,0,1,0,1,0,1,1,0,0.35185185185185186,542.6169309071779,1
75,1,1,0,0,0,0,0,1,0,1,0,1,0,1,0,0,1,0,1,0,0,0,1,0,1,1,0,0,0,1,0,1,0,0,0,0,1,0,0,0,0,0,1,1,1,1,1,0,1,0,1,0,0,1,0.3333333333333333,230.3879532882238,1
76,1,1,1,1,1,1,0,0,1,1,1,0,1,0,1,1,0,1,0,1,1,1,0,0,0,0,1,1,1,0,1,0,1,1,1,1,0,1,1,0,1,1,0,0,0,0,0,1,1,0,0,1,1,0,0.3333333333333333,446.45052753299854,1
77,0,1,0,0,0,0,0,1,0,0,0,1,0,1,0,0,1,1,1,0,0,0,1,0,1,1,0,0,0,1,0,1,0,1,0,0,1,0,0,0,0,0,1,1,1,1,1,0,1,0,1,0,0,1,0.3148148148148148,250.40208916251754,1
78,0,0,0,0,0,0,0,0,0,0,0,1,0,1,0,0,1,1,1,0,0,0,1,0,1,1,0,0,0,1,0,1,0,0,0,0,1,0,0,1,0,0,0,1,1,1,1,0,1,0,1,0,0,1,0.35185185185185186,296.13550730697136,1
79,0,1,0,0,0,0,0,1,0,0,1,1,0,1,0,0,1,0,1,0,0,0,1,1,0,1,0,0,0,1,0,1,0,1,0,0,1,0,0,1,0,0,1,1,1,1,1,0,0,0,1,0,0,1,0.24074074074074073,225.4177694054418,1
80,0,0,0,0,0,0,0,1,0,0,1,1,1,1,0,0,1,1,1,0,0,0,1,0,1,1,0,0,0,1,0,0,0,0,0,0,1,0,0,0,1,0,1,1,1,1,1,0,1,1,1,0,0,1,0.3148148148148148,273.296428492556,1
81,1,1,1,1,1,1,0,0,1,1,1,0,1,0,1,1,0,1,0,1,1,1,0,0,0,0,1,1,1,0,1,1,1,1,1,1,0,1,1,0,1,1,0,0,0,0,0,1,0,0,0,1,1,0,0.4074074074074074,445.3994302541513,1
82,0,1,0,0,0,0,1,1,0,1,0,0,0,1,0,0,1,1,1,0,0,0,1,0,1,1,0,0,0,1,0,1,0,0,0,0,1,0,0,1,0,0,1,1,1,1,1,1,0,0,1,0,0,1,0.2962962962962963,355.15740761012256,1
83,0,0,0,0,0,0,1,1,0,1,0,0,0,1,0,0,1,0,1,0,0,0,1,1,1,1,0,0,0,0,0,1,0,0,0,0,1,0,0,1,0,0,1,1,1,1,1,0,0,0,1,0,0,1,0.35185185185185186,181.75555520667228,1
84,0,0,0,0,0,0,0,1,0,0,0,1,1,1,0,0,1,1,1,0,0,0,1,0,1,1,0,0,0,1,0,1,0,0,0,0,1,0,0,0,1,0,1,1,1,1,1,0,1,0,1,0,0,1,0.35185185185185186,292.4527392122962,1
85,1,1,1,1,1,1,1,0,1,1,1,0,1,0,1,1,0,1,0,1,1,1,0,0,0,1,1,0,1,0,1,0,1,1,1,1,0,1,1,0,1,1,0,0,1,0,0,1,1,0,0,1,1,0,0.3888888888888889,465.8828883589831,1
86,0,1,0,0,0,0,1,1,0,1,0,0,0,1,0,0,1,1,1,0,0,0,1,0,1,1,0,0,1,1,0,1,0,0,0,0,1,0,0,1,0,0,1,1,1,1,1,0,1,0,1,0,0,1,0.3333333333333333,310.8505466349038,1
87,1,1,1,1,1,1,0,0,1,0,1,0,1,0,1,1,0,0,0,1,1,1,0,0,0,0,1,1,1,0,1,1,1,1,1,1,0,1,1,0,0,1,0,0,0,0,0,1,0,0,0,1,1,0,0.2962962962962963,367.09003322296473,1
88,0,0,0,0,0,0,1,0,0,1,1,1,0,1,0,0,1,1,1,0,0,0,1,0,1,1,0,0,0,1,0,1,0,1,0,0,1,0,0,0,0,0,1,1,1,0,1,0,1,0,1,0,0,1,0.3333333333333333,249.00561342414534,1
89,0,0,0,0,0,0,0,1,0,0,0,1,0,1,0,0,1,1,1,0,0,0,1,0,0,1,0,0,0,1,0,0,0,1,0,0,1,0,0,1,0,0,1,1,1,1,1,0,1,0,1,1,0,1,0.3333333333333333,302.61600875075095,1
90,0,1,0,0,0,0,0,1,0,0,0,1,0,1,0,0,1,1,1,0,0,0,1,1,1,1,0,0,0,0,0,1,1,0,0,0,1,0,0,1,0,0,1,1,0,1,1,0,1,0,1,0,0,1,0.2962962962962963,215.9895569441727,1
91,1,1,1,1,1,1,0,0,1,1,1,1,1,0,1,1,0,0,0,1,1,0,0,1,0,0,1,1,1,0,1,0,1,0,1,1,0,1,1,1,1,1,0,0,1,0,0,1,0,0,1,1,1,0,0.37037037037037035,444.1232989920412,1
92,0,1,0,0,0,0,1,1,0,0,0,0,0,1,0,0,1,1,1,0,0,0,1,0,1,1,0,0,0,1,0,1,0,1,0,0,1,0,0,1,0,0,1,1,1,0,1,0,1,0,1,0,0,1,0.37037037037037035,277.56543846901894,1
93,0,0,1,1,1,1,1,0,1,1,1,0,1,0,1,1,0,1,0,1,1,1,0,0,0,0,1,1,1,0,1,0,1,1,1,1,0,1,1,0,1,1,0,0,0,0,0,1,0,1,0,1,1,0,0.3333333333333333,401.846733820827,1
94,0,1,0,0,0,0,0,1,0,1,0,1,0,1,0,0,1,0,1,0,0,0,1,0,1,1,0,0,0,1,0,0,0,1,0,0,1,0,0,0,0,0,1,1,1,1,1,0,1,0,1,0,0,1,0.3888888888888889,227.57210382872915,1
95,1,1,1,1,1,1,0,0,1,0,1,1,1,0,1,1,0,1,0,1,1,0,0,0,0,0,1,1,1,0,1,0,1,1,1,1,0,1,1,0,1,1,0,0,0,0,0,1,0,1,0,1,1,1,0.2962962962962963,447.39757654046866,1
96,0,1,1,1,1,1,0,0,1,0,1,0,1,0,1,1,0,0,1,1,1,1,0,1,0,0,1,1,1,0,1,0,1,1,1,1,0,1,1,1,1,1,0,0,0,0,0,1,0,0,1,1,1,0,0.3148148148148148,412.6374329211246,1
97,0,1,1,1,1,1,1,0,1,1,1,1,1,0,1,1,0,0,0,1,1,1,0,1,0,0,1,1,1,0,1,1,1,0,1,1,0,1,1,0,1,1,0,0,1,0,0,1,0,1,0,1,1,0,0.35185185185185186,448.7775982060916,1
98,1,0,1,1,1,1,0,0,1,0,1,0,1,0,1,1,0,1,0,1,1,1,0,0,0,0,1,1,1,0,1,0,1,0,1,1,0,1,1,0,1,1,0,0,0,0,0,1,0,0,0,1,1,0,0.4074074074074074,413.94568975652123,1
99,1,1,1,1,1,1,1,0,1,0,1,0,1,0,1,1,0,0,0,1,1,0,0,0,0,0,1,0,1,0,1,1,1,0,1,1,0,1,1,0,0,1,0,0,1,0,0,1,0,1,0,1,1,0,0.2777777777777778,375.21253189359527,1
