,0,1,2,3,4,5,6,7,8,9,10,11,12,13,14,15,16,17,18,19,20,21,22,23,24,25,26,27,28,29,30,31,32,33,34,35,36,37,38,39,40,41,42,43,44,45,46,47,48,49,50,51,52,53,chain_break_fraction,energy,num_occurrences
0,1,1,0,1,0,1,0,1,0,0,1,0,1,0,0,0,0,1,0,0,0,1,0,1,1,0,1,1,1,0,1,1,1,0,0,0,1,0,1,1,1,1,1,0,0,0,0,0,0,1,0,1,0,0,0.3148148148148148,278.520560544104,1
1,1,1,0,1,0,1,0,1,0,0,0,0,1,0,0,0,0,1,1,0,0,1,0,1,1,0,1,1,1,0,1,1,1,0,0,0,0,0,1,1,1,1,1,0,0,0,0,0,0,1,0,1,0,0,0.3333333333333333,260.8449229229026,1
2,1,1,0,1,0,1,0,1,0,0,0,0,1,0,0,0,0,1,1,0,0,1,0,1,1,0,1,1,1,0,1,1,1,0,0,0,0,0,1,1,1,1,1,0,0,0,0,0,0,0,0,1,0,1,0.3148148148148148,291.1029119049901,1
3,1,1,0,1,0,1,0,1,0,0,0,0,1,0,0,0,0,1,0,0,0,1,0,1,0,0,1,1,1,0,1,1,1,0,0,0,0,0,1,1,1,1,1,0,0,0,0,0,0,0,0,1,0,0,0.37037037037037035,248.52900455961262,1
4,1,1,0,1,0,1,0,1,0,0,1,0,1,0,0,0,0,1,1,0,0,1,0,1,0,0,1,1,1,0,1,1,1,0,0,0,0,0,1,1,1,1,1,1,0,0,0,0,0,1,0,1,0,0,0.3148148148148148,263.7917938320319,1
5,1,1,0,0,0,1,0,1,0,0,0,0,1,1,0,0,0,1,0,0,0,1,0,1,0,0,1,1,1,0,1,1,1,0,0,0,1,0,1,1,1,1,1,1,0,0,0,0,0,0,0,1,0,0,0.35185185185185186,259.11903935742373,1
6,1,1,0,0,0,1,0,1,0,0,0,0,1,0,0,0,0,1,1,0,0,1,0,1,0,0,1,1,1,0,1,1,1,0,0,0,1,0,1,1,1,1,1,1,0,0,0,0,0,1,0,1,0,0,0.2777777777777778,280.4104963698884,1
7,1,1,0,1,0,1,0,1,0,0,0,0,1,1,0,0,0,1,0,0,0,1,0,1,0,0,1,1,1,0,1,1,1,0,0,0,1,0,1,1,1,1,1,1,0,0,0,0,0,0,0,1,0,0,0.3888888888888889,260.407224410574,1
8,1,1,0,0,0,1,0,1,0,0,1,0,1,0,0,0,0,1,0,0,0,1,0,1,1,0,1,1,1,0,1,1,1,0,0,0,0,0,1,1,1,1,1,1,0,0,0,0,0,1,0,1,0,0,0.3333333333333333,268.4953956509096,1
9,1,1,0,1,0,1,0,1,0,0,1,0,1,1,0,0,0,1,1,0,0,1,0,1,1,0,1,1,1,0,1,1,1,0,0,0,1,0,1,1,1,1,1,1,0,0,0,0,0,1,0,1,0,0,0.35185185185185186,285.6683369926638,1
10,1,1,0,1,0,1,0,1,0,0,0,0,1,1,0,0,0,1,1,0,0,1,0,1,0,0,1,1,1,0,1,1,1,1,0,0,1,0,1,1,1,1,1,1,0,0,0,0,0,1,0,1,0,0,0.3888888888888889,281.3904852350347,1
11,1,1,0,0,0,1,0,0,0,0,1,0,1,0,0,0,0,1,1,0,0,1,0,1,0,0,1,1,1,0,1,0,1,0,0,0,1,0,1,1,1,1,1,0,0,0,0,0,0,1,0,1,0,0,0.2962962962962963,255.80044674137318,1
12,1,0,0,1,0,1,0,0,0,0,1,0,1,0,0,0,0,1,1,0,0,1,0,1,0,0,1,1,1,0,1,1,1,0,0,0,1,0,1,1,1,1,1,0,0,0,0,0,0,0,0,1,0,0,0.3888888888888889,256.3007279779051,1
13,0,1,0,1,0,1,0,1,0,0,0,0,1,0,0,0,0,1,1,0,0,1,0,1,1,0,1,1,1,0,1,1,1,1,0,0,0,0,1,1,1,1,1,0,0,0,0,0,0,1,0,1,0,0,0.3333333333333333,265.77790283224044,1
14,1,0,0,1,0,1,0,0,0,0,1,0,1,1,0,0,0,1,1,0,0,1,0,1,1,0,1,1,1,0,1,1,1,0,0,0,1,0,1,1,1,1,1,0,0,0,0,0,1,1,0,1,0,0,0.3888888888888889,284.2883718701494,1
15,1,1,0,0,0,1,0,1,0,0,0,0,0,1,0,0,0,1,0,0,0,1,0,1,0,0,1,1,1,0,1,1,1,0,0,0,0,0,1,1,1,1,1,0,0,0,0,0,0,1,0,1,0,0,0.3333333333333333,262.3678100252701,1
16,1,1,0,0,0,1,0,1,0,0,1,0,1,0,0,0,0,1,0,0,0,1,0,1,1,0,1,1,1,0,1,1,1,0,0,0,0,0,1,1,1,1,1,0,0,0,0,0,1,1,0,1,0,0,0.35185185185185186,273.3935424438088,1
17,1,1,0,0,0,1,1,1,0,0,0,0,1,1,0,0,0,1,1,0,0,1,0,1,0,0,1,1,1,0,1,1,1,0,0,0,1,0,1,1,1,1,1,1,0,0,0,0,0,1,0,1,0,0,0.37037037037037035,266.2917498372036,1
18,1,1,0,1,0,1,1,1,0,0,1,0,0,0,0,0,0,1,1,0,0,1,0,1,0,0,1,1,1,0,1,0,1,0,0,0,0,0,1,1,1,1,1,0,0,0,0,0,0,1,0,1,0,0,0.2777777777777778,268.7128495052778,1
19,1,0,0,1,0,1,0,0,0,0,1,0,1,0,0,0,0,1,0,0,0,1,0,1,1,0,1,1,1,0,1,1,1,0,0,0,0,0,1,1,1,1,1,0,0,0,0,0,0,1,0,1,0,0,0.37037037037037035,273.0697326531481,1
20,1,1,0,1,0,1,1,1,0,0,1,0,1,0,0,0,0,1,0,0,0,1,0,1,0,0,1,1,1,0,1,1,1,1,0,0,1,0,0,1,1,1,1,1,0,0,0,0,0,0,0,1,0,0,0.3148148148148148,245.23038727926522,1
21,1,1,0,1,0,1,0,1,0,0,0,0,1,0,0,0,0,1,1,0,0,1,0,1,1,0,1,1,1,0,1,1,1,0,0,0,0,0,1,1,1,1,1,1,0,0,0,0,0,1,0,1,0,0,0.37037037037037035,260.07873264206415,1
22,1,1,0,1,0,1,0,0,0,0,1,0,0,0,0,0,0,1,1,0,0,1,0,1,1,0,1,1,1,0,1,1,1,0,0,0,1,0,1,1,1,1,1,1,0,0,0,0,0,0,0,1,0,0,0.3888888888888889,263.9130435710636,1
23,1,0,0,1,0,1,0,1,0,0,1,0,1,0,0,0,0,1,0,0,0,1,0,1,0,0,1,1,1,0,1,1,1,0,0,0,0,0,1,1,1,1,1,0,0,0,0,0,0,0,0,1,0,0,0.35185185185185186,250.57076413733952,1
24,1,0,0,1,0,1,1,1,0,0,0,0,1,0,0,0,0,1,0,0,0,1,0,1,1,0,1,1,1,0,1,1,1,1,0,0,1,0,1,1,1,1,1,0,0,0,0,0,0,1,0,1,0,0,0.24074074074074073,278.5248369664379,1
25,1,1,0,1,0,1,0,1,0,0,1,0,1,0,0,0,0,1,0,0,0,1,0,1,0,0,1,1,1,0,1,0,1,0,0,0,1,0,1,1,1,1,1,1,0,0,0,0,0,1,0,1,0,0,0.2962962962962963,258.0743276745699,1
26,1,1,0,1,0,1,0,1,0,0,1,0,1,0,0,0,0,1,1,0,0,1,0,1,0,0,1,1,1,0,1,1,1,0,0,0,1,0,1,1,1,1,1,0,0,0,0,0,0,0,0,1,0,0,0.37037037037037035,270.91813007174807,1
27,1,1,0,1,0,1,0,1,0,0,0,0,1,0,0,0,0,1,0,0,0,1,0,1,0,0,1,1,1,0,1,1,1,1,0,0,1,0,1,1,1,1,1,1,0,0,0,0,1,1,0,1,0,0,0.35185185185185186,322.83948137563834,1
28,1,1,0,1,0,1,0,1,0,0,1,0,0,0,0,0,0,1,1,0,0,1,0,1,0,0,1,1,1,0,1,1,1,0,0,0,1,0,1,1,1,1,1,0,0,0,0,0,1,1,0,1,0,0,0.3333333333333333,275.64826415410107,1
29,1,1,0,1,0,1,0,1,0,0,0,0,0,0,0,1,0,1,0,0,0,1,0,1,1,0,1,1,1,0,1,0,1,0,0,0,1,0,1,1,1,1,1,0,0,0,0,0,0,0,0,1,0,0,0.2962962962962963,258.2519632258444,1
30,1,1,0,1,0,1,1,1,0,0,0,0,0,0,0,0,0,1,0,0,0,1,0,1,0,0,1,1,1,0,1,1,1,0,0,0,0,0,1,1,1,1,1,1,0,0,0,0,0,1,0,1,0,0,0.2777777777777778,265.9267869319347,1
31,1,1,0,1,0,1,0,1,0,0,0,0,1,0,0,0,0,1,0,0,0,1,0,1,1,0,1,1,1,0,1,1,1,0,0,0,1,0,1,1,1,1,1,1,0,0,0,0,0,1,0,1,0,0,0.37037037037037035,279.35263282609304,1
32,1,1,0,1,0,1,1,1,0,0,0,0,1,0,0,0,0,1,1,0,0,1,0,1,1,0,1,1,1,0,1,1,1,0,0,0,1,0,1,1,1,1,1,1,1,0,0,0,0,0,0,1,0,0,0.35185185185185186,280.55077420170744,1
33,1,1,0,1,0,1,0,1,0,0,0,0,1,0,0,0,0,1,0,0,0,1,0,1,0,0,1,1,1,0,1,1,1,0,0,0,1,0,1,1,1,1,1,1,0,0,0,0,0,1,0,1,0,0,0.2962962962962963,285.3188084612069,1
34,1,1,0,0,0,1,0,0,0,0,1,0,1,1,0,0,0,1,0,0,0,1,0,1,0,0,1,1,1,0,1,1,1,0,0,0,0,0,1,1,1,1,1,1,0,0,0,0,0,0,0,1,0,0,0.37037037037037035,261.3449190297936,1
35,0,1,0,1,0,1,0,1,0,0,1,0,1,1,0,0,0,1,1,0,0,1,0,1,0,0,1,1,1,0,1,1,1,0,0,0,0,0,1,1,1,1,1,1,0,0,0,0,1,1,0,1,0,0,0.3333333333333333,272.96975595451556,1
36,1,0,0,1,0,1,0,0,0,0,1,0,1,0,0,0,0,1,1,0,0,1,0,1,1,0,1,1,1,0,1,1,1,0,0,0,1,0,1,1,1,1,1,0,0,0,0,0,0,0,0,1,0,0,0.3333333333333333,258.8709883954052,1
37,0,1,0,1,0,1,0,0,0,0,1,0,1,0,0,0,0,1,0,0,0,1,0,1,0,0,1,1,1,0,1,1,1,0,0,0,0,0,1,1,1,1,1,1,0,0,0,0,1,1,0,1,0,0,0.3148148148148148,305.0057372996172,1
38,1,1,0,1,0,1,0,0,0,0,1,0,1,0,0,0,0,1,0,0,0,1,0,1,0,0,1,1,1,0,1,1,1,0,0,0,1,0,1,1,1,1,1,1,0,0,0,0,0,1,0,1,0,0,0.37037037037037035,297.13218209815335,1
39,1,0,0,1,0,1,0,1,0,0,0,0,1,0,0,0,0,1,0,0,0,1,0,1,0,0,1,1,1,0,1,1,1,0,0,0,0,0,1,1,1,1,1,1,0,0,0,0,0,0,0,1,0,0,0.3888888888888889,252.2347687674129,1
40,1,1,0,1,0,1,0,1,0,0,1,0,1,1,0,0,0,1,0,0,0,1,0,1,1,0,1,1,1,0,1,1,1,0,0,0,1,0,1,1,1,1,1,0,0,0,0,0,0,1,0,0,0,0,0.42592592592592593,298.9180848715973,1
41,1,0,0,1,0,1,0,1,0,0,0,0,1,0,0,0,0,1,0,0,0,1,0,1,0,0,1,1,1,0,1,1,1,0,0,0,0,0,1,1,1,1,1,0,0,0,0,0,0,1,0,1,0,0,0.3148148148148148,263.97155240311116,1
42,1,1,0,1,0,1,0,1,0,0,0,0,0,1,0,0,0,1,0,0,0,1,0,1,0,0,1,1,1,0,1,1,1,0,0,0,1,0,1,1,1,1,1,1,0,0,0,0,0,1,0,1,0,0,0.3333333333333333,281.32664081485365,1
43,1,1,0,0,0,1,1,1,0,0,1,0,1,0,0,0,0,1,0,0,0,1,0,1,0,0,1,1,1,0,1,1,1,0,0,0,1,0,1,1,1,1,1,0,0,0,0,0,0,1,0,1,0,0,0.35185185185185186,268.5096910151424,1
44,1,1,0,1,0,1,0,1,0,0,1,0,0,0,0,0,0,1,1,0,0,1,0,1,0,0,1,1,1,0,1,1,1,0,0,0,1,0,1,1,1,1,1,0,0,0,0,0,1,1,0,1,0,0,0.3333333333333333,275.64826415410107,1
45,1,1,0,1,0,1,0,1,0,0,0,0,0,0,0,0,0,1,0,0,0,1,0,1,0,0,1,1,1,0,1,1,1,0,0,0,0,0,1,1,1,1,1,1,0,0,0,0,0,0,0,1,0,0,0.3148148148148148,250.77868088435952,1
46,0,1,0,1,0,1,0,0,0,0,0,0,1,0,0,0,0,1,0,0,1,1,0,1,1,0,1,1,1,0,1,0,1,0,0,0,1,0,1,1,1,1,1,1,0,0,0,0,0,0,0,1,0,0,0.3148148148148148,259.46937034783303,1
47,0,0,0,0,0,1,0,1,0,0,0,0,1,1,0,0,0,1,1,0,0,1,0,1,0,0,1,1,1,0,1,1,1,0,0,0,0,0,1,1,1,1,1,0,0,0,0,0,0,1,0,1,0,0,0.35185185185185186,257.60665246209885,1
48,1,1,0,1,0,1,0,1,0,0,1,0,1,0,0,0,0,1,1,0,0,1,0,1,1,0,1,1,1,0,1,1,1,0,0,0,0,0,1,1,1,1,1,1,0,0,0,0,0,0,0,1,0,0,0.3888888888888889,267.7473982891487,1
49,0,1,0,1,0,1,0,1,0,0,1,0,0,0,0,0,0,1,1,0,0,0,0,1,1,0,1,1,1,0,1,1,1,1,0,0,1,0,1,1,1,1,1,1,0,0,0,0,0,0,0,1,0,0,0.2777777777777778,267.905852865613,1
50,0,1,0,1,0,1,0,1,0,0,1,0,1,0,0,0,0,1,0,0,0,1,0,1,0,0,1,1,1,0,1,1,1,1,0,0,0,0,1,1,1,1,1,1,0,0,0,0,0,0,0,1,0,0,0.3148148148148148,260.6365479587647,1
51,1,1,0,1,0,1,0,1,0,0,1,0,1,1,0,0,0,1,1,0,0,1,0,1,0,0,1,1,1,0,1,1,1,0,0,0,1,0,1,1,1,1,1,0,0,0,0,0,1,1,0,1,0,0,0.42592592592592593,287.6361319534943,1
52,1,1,0,0,0,1,1,0,0,0,0,0,1,0,0,0,0,1,1,0,0,1,0,1,0,0,1,1,1,0,1,1,1,0,0,0,0,0,1,1,1,1,1,1,0,0,0,0,0,0,0,1,0,0,0.3888888888888889,246.667189264044,1
53,1,1,0,1,0,1,0,1,0,0,1,0,1,0,0,0,0,1,0,0,0,1,0,1,0,0,1,1,1,0,1,1,1,0,0,0,0,0,1,1,1,1,1,0,0,0,0,0,0,1,0,1,0,0,0.4074074074074074,267.97606383021093,1
54,0,0,0,1,0,1,0,1,0,0,1,0,1,0,0,0,0,1,1,0,0,1,0,1,1,0,1,1,1,0,1,1,1,0,0,0,0,0,1,1,1,1,1,1,0,0,0,0,0,0,0,1,0,0,0.4444444444444444,249.56501016000868,1
55,1,1,0,1,0,1,0,0,0,0,1,0,1,0,0,0,0,1,0,0,0,1,0,1,1,0,1,1,1,0,1,1,1,0,0,0,0,0,1,1,1,1,1,0,0,0,0,0,1,0,0,1,0,0,0.35185185185185186,266.95079037516524,1
56,1,1,0,0,0,1,0,0,0,0,1,0,1,0,0,0,0,1,0,0,0,1,0,1,1,0,1,1,1,0,1,1,1,0,0,0,0,0,1,1,1,1,0,1,0,0,0,0,0,1,0,0,0,0,0.3333333333333333,268.122276598614,1
57,1,1,0,0,0,1,0,0,0,0,1,0,1,0,0,0,0,1,1,0,0,1,0,1,0,0,1,1,1,0,1,1,1,0,0,0,0,0,1,1,1,1,1,0,0,0,0,0,0,1,0,1,0,0,0.4444444444444444,265.8019150138195,1
58,1,0,0,1,0,1,0,1,0,0,1,0,1,1,0,0,0,1,0,0,0,1,0,1,0,0,1,1,1,0,1,0,1,0,0,0,1,0,1,1,1,1,1,1,0,0,0,0,1,0,0,1,0,0,0.37037037037037035,251.9914976417911,1
59,1,1,0,0,0,1,0,0,0,0,1,0,1,1,0,0,0,1,1,0,0,1,0,1,0,0,1,0,1,0,1,1,1,1,0,0,1,0,1,1,1,1,1,1,0,0,0,0,0,1,0,1,0,0,0.3333333333333333,284.1456388352749,1
60,1,1,0,0,0,1,0,1,0,0,0,0,0,0,0,0,0,1,1,0,0,1,0,1,0,0,1,1,1,0,1,1,1,0,0,0,0,0,1,1,1,1,0,1,0,0,0,0,0,1,0,1,0,0,0.37037037037037035,265.14059206614724,1
61,1,1,0,1,0,1,0,0,0,0,1,0,0,1,0,0,0,1,1,0,0,1,0,1,0,0,1,1,1,0,1,1,1,0,0,0,1,0,1,1,1,1,1,1,0,0,0,0,1,0,0,1,0,0,0.37037037037037035,271.3383300958924,1
62,1,1,0,0,0,1,1,1,0,0,0,0,1,0,0,0,0,1,1,1,0,1,0,1,1,0,1,1,1,0,0,1,1,0,0,0,0,0,1,1,1,1,1,1,0,0,0,0,0,1,0,1,0,0,0.3148148148148148,255.82169868588363,1
63,1,0,0,0,0,1,0,1,0,0,1,0,1,0,0,0,0,1,1,0,1,1,0,1,0,0,1,1,1,0,1,1,1,0,0,0,0,0,1,1,1,1,1,1,0,0,0,0,0,0,0,1,0,0,0.35185185185185186,272.3988232720158,1
64,1,0,0,1,0,1,0,1,0,0,1,0,1,0,0,0,0,1,1,0,0,1,0,1,0,0,1,1,1,0,1,0,1,0,0,0,0,0,1,1,1,1,1,1,0,0,0,0,0,1,0,1,0,0,0.2777777777777778,244.33834922183297,1
65,1,0,0,0,0,1,0,1,0,0,0,0,1,0,0,0,0,1,0,0,0,1,0,1,0,0,1,1,1,0,1,1,1,0,0,0,1,0,1,1,1,1,1,0,0,0,0,0,0,0,0,1,0,0,0.3333333333333333,256.43518308048533,1
66,1,1,0,1,0,1,0,1,0,0,1,0,1,0,0,0,0,1,0,0,0,1,0,1,0,0,1,1,1,0,1,1,1,0,0,0,0,0,1,1,1,1,1,0,0,0,0,0,1,0,0,1,0,0,0.35185185185185186,264.3228337433049,1
67,1,1,0,1,0,1,0,0,0,0,0,0,1,1,0,0,0,1,0,0,0,1,0,1,1,0,1,1,1,0,1,1,1,0,0,0,0,0,1,1,1,1,1,0,0,0,0,0,1,1,0,1,0,0,0.4444444444444444,279.2203816111426,1
68,1,1,0,1,0,1,1,1,0,0,1,0,1,1,0,0,0,1,0,0,0,1,0,1,0,0,1,1,1,0,0,1,1,1,0,0,0,0,1,1,1,1,1,0,0,0,0,0,0,1,0,0,0,0,0.2962962962962963,298.30773019884515,1
69,1,1,0,1,0,1,0,1,0,0,0,0,0,0,0,0,0,1,0,0,0,1,0,1,0,0,1,1,1,0,1,1,1,0,0,0,1,0,1,1,1,1,1,1,0,0,1,0,0,0,0,1,0,0,0.42592592592592593,300.1442675460831,1
70,1,1,0,1,0,1,1,1,0,0,1,0,1,0,0,0,0,1,1,0,1,1,0,1,1,0,1,1,1,0,1,1,1,0,0,0,1,0,1,1,1,1,1,1,0,0,0,0,0,0,0,1,0,0,0.3888888888888889,339.6249121468194,1
71,1,1,0,1,0,1,0,1,0,0,0,0,1,0,0,0,0,1,1,0,0,1,0,1,1,0,1,1,1,0,1,1,1,0,0,0,1,0,1,1,1,1,1,0,1,0,0,0,0,0,0,1,0,0,0.3888888888888889,272.57231510475464,1
72,1,1,0,1,0,1,1,0,0,0,0,1,1,0,0,0,0,1,1,0,0,1,0,1,0,1,1,1,1,0,1,1,1,0,0,0,1,0,1,1,1,1,1,1,0,0,0,0,0,0,0,1,0,0,0.37037037037037035,310.9160404842584,1
73,0,1,0,1,0,1,0,1,0,0,1,0,1,0,0,0,0,1,0,0,0,1,0,1,1,0,1,0,1,0,1,1,1,0,0,0,0,0,1,1,1,1,0,1,0,0,0,0,0,0,0,1,0,0,0.37037037037037035,263.6360596095385,1
74,1,0,0,1,0,1,0,1,0,0,1,0,1,0,0,0,0,1,1,0,0,1,0,1,0,0,1,1,1,0,1,0,1,1,0,0,1,0,1,1,1,1,1,1,0,0,0,0,0,1,0,1,0,0,0.35185185185185186,261.69454547988335,1
75,1,0,0,1,0,1,0,1,0,0,1,0,1,0,0,0,0,1,1,0,0,1,0,1,0,0,1,1,1,0,0,0,1,0,0,0,0,0,1,1,1,1,1,1,0,0,0,0,0,0,0,1,0,0,0.2777777777777778,242.96622288016482,1
76,1,1,0,1,0,1,1,1,0,0,1,0,1,0,0,0,0,1,1,0,0,1,0,1,0,0,1,1,0,0,1,1,1,0,0,0,1,0,1,1,1,1,1,1,0,0,0,0,0,0,0,1,0,0,0.4074074074074074,263.5407755944051,1
77,0,0,0,1,0,1,0,0,0,0,1,0,1,1,0,0,0,1,1,0,0,1,0,1,1,0,1,1,1,0,1,1,1,0,0,0,1,0,0,1,1,1,1,1,0,0,0,0,0,1,0,1,0,0,0.3148148148148148,232.2229404068545,1
78,0,0,0,0,0,1,0,1,0,0,0,0,1,1,0,0,0,1,0,0,0,1,0,1,1,0,1,1,1,0,1,1,1,0,0,0,0,0,1,1,1,1,1,1,0,0,0,0,0,1,0,1,0,0,0.37037037037037035,277.666525428507,1
79,0,0,0,1,0,1,0,0,0,0,0,0,1,1,0,0,0,1,0,0,0,1,0,1,0,0,1,0,1,0,1,1,1,0,0,0,1,0,1,1,1,1,1,0,0,0,0,0,1,0,0,1,0,0,0.37037037037037035,264.29215910940087,1
80,1,0,0,1,0,1,1,0,0,0,1,0,1,0,0,0,0,1,0,0,0,1,0,1,0,0,1,1,1,0,1,1,1,1,0,0,0,0,1,1,1,1,1,0,0,0,0,0,0,1,0,1,0,0,0.35185185185185186,279.08913932396047,1
81,1,1,0,1,0,1,0,1,0,0,1,0,1,0,0,0,0,1,1,0,0,1,0,1,1,0,1,1,1,0,1,0,1,0,0,0,0,0,1,1,1,1,1,0,0,1,0,0,1,0,0,1,0,0,0.37037037037037035,285.7422738184077,1
82,0,1,0,1,1,1,0,1,0,0,0,0,1,0,0,0,0,1,1,0,0,1,0,1,0,0,1,1,1,0,1,1,1,0,0,0,1,0,0,1,1,1,1,0,0,0,0,0,1,1,0,1,0,0,0.2962962962962963,243.594492845936,1
83,1,1,0,1,0,1,0,0,0,0,0,0,1,0,0,0,0,1,0,0,0,1,0,1,1,0,1,1,1,0,1,1,1,0,0,0,0,0,1,1,1,1,1,0,0,0,0,0,1,1,0,1,0,0,0.4074074074074074,282.20679211115004,1
84,1,1,0,1,0,1,0,0,0,0,1,0,1,0,0,0,0,1,0,0,0,1,0,1,0,0,1,0,1,0,1,0,1,0,0,0,0,0,1,1,1,1,1,0,1,0,0,0,0,0,0,1,0,0,0.3148148148148148,250.6683804589262,1
85,1,1,0,0,0,1,0,1,0,0,1,0,0,1,0,0,0,1,0,0,0,1,0,1,1,0,1,1,0,0,1,0,1,0,0,0,0,0,0,1,1,1,1,1,0,0,0,0,0,0,0,1,0,0,0.3148148148148148,326.6631182464565,1
86,1,1,0,1,0,1,0,1,0,0,0,0,1,0,0,0,0,1,0,0,0,1,0,1,0,0,1,0,1,0,1,1,1,0,0,0,0,0,1,1,1,1,1,0,0,0,0,0,0,0,0,1,0,0,0.4074074074074074,246.64847698952988,1
87,1,0,0,0,0,1,0,1,0,0,1,1,1,0,0,0,0,1,1,0,0,1,0,1,1,0,1,1,1,0,1,1,1,0,0,0,1,1,1,1,1,1,1,1,0,0,0,0,0,1,0,0,0,0,0.2777777777777778,311.6601090296233,1
88,1,1,0,0,0,1,0,1,0,0,1,0,1,0,0,0,0,1,0,1,0,1,0,1,1,0,1,1,1,0,1,1,1,0,0,0,0,0,1,1,1,1,1,0,0,0,0,0,1,1,0,0,0,0,0.3888888888888889,277.27655190658277,1
89,1,1,0,1,0,1,0,1,0,0,0,0,1,0,0,0,0,1,1,0,0,1,0,1,1,1,1,0,1,0,1,1,1,1,0,0,0,0,1,1,1,1,1,0,0,0,0,0,0,1,0,0,0,0,0.35185185185185186,285.9604670876086,1
90,0,1,0,1,0,1,0,1,0,0,1,0,1,0,0,0,0,1,1,0,0,1,0,1,1,0,1,1,1,0,0,1,1,0,0,0,1,0,1,1,1,1,1,1,0,0,0,0,1,1,0,1,0,0,0.3148148148148148,271.78394926531473,1
91,0,1,0,1,0,1,0,1,0,0,1,0,1,0,0,0,0,1,1,0,0,1,0,1,1,0,1,1,1,0,1,1,1,1,0,0,1,1,1,1,1,1,1,0,0,0,0,0,0,0,0,1,0,0,0.2962962962962963,285.19320179728277,1
92,1,1,0,1,0,1,0,1,0,0,1,0,0,1,0,0,0,1,0,0,0,1,0,1,0,0,1,1,1,0,1,0,1,0,0,0,1,1,1,1,1,1,0,0,0,0,0,0,0,0,0,1,0,0,0.37037037037037035,290.51935259315263,1
93,1,1,0,1,0,1,0,1,0,0,1,0,1,0,0,0,0,1,0,0,0,1,0,1,0,0,1,1,1,0,1,1,0,0,0,0,1,0,1,1,1,1,1,1,0,0,0,0,0,0,0,1,0,0,0.2777777777777778,244.70445547178366,1
94,1,1,0,1,0,1,0,1,0,0,0,0,1,0,0,0,0,1,1,0,0,1,0,1,0,0,1,1,1,0,1,1,1,0,0,0,0,0,1,1,1,1,0,1,0,0,0,0,0,1,0,1,0,0,0.3333333333333333,258.64002283244304,1
95,1,0,0,1,0,1,0,1,0,0,1,0,1,0,0,0,0,1,1,0,0,1,0,1,0,0,1,1,1,0,1,0,1,1,0,0,0,0,1,1,1,1,1,1,0,0,0,0,1,0,0,1,0,0,0.37037037037037035,244.04070384529808,1
96,1,1,0,1,1,1,0,1,0,0,1,0,1,1,0,0,0,1,1,0,0,1,0,1,0,0,1,1,1,0,0,0,1,1,0,0,0,0,1,1,1,1,1,1,0,0,0,0,0,0,0,0,0,0,0.35185185185185186,358.2049729076118,1
97,1,1,0,1,1,1,0,1,0,0,0,0,0,0,0,0,0,1,0,0,0,1,0,1,1,0,1,1,1,0,1,1,1,1,0,0,1,0,1,1,1,1,1,0,0,0,0,0,1,1,0,1,0,0,0.3888888888888889,293.3298490312163,1
98,0,1,0,1,0,1,0,1,0,0,0,0,1,0,0,0,0,1,0,0,0,1,0,1,0,0,1,1,1,0,1,0,1,1,1,0,1,0,1,1,1,1,1,1,0,0,0,0,1,0,0,1,0,0,0.4074074074074074,296.3543580347784,1
99,1,1,0,0,0,1,0,1,0,0,1,0,1,1,0,0,0,1,0,0,0,1,0,1,0,0,1,1,1,0,0,1,1,1,0,0,0,0,0,1,1,1,1,1,0,0,0,0,0,0,0,1,0,0,0.4074074074074074,267.43708494461913,1
