,0,1,2,3,4,5,6,7,8,9,10,11,12,13,14,15,16,17,18,19,20,21,22,23,24,25,26,27,28,29,30,31,32,33,34,35,chain_break_fraction,energy,num_occurrences
0,1,0,1,0,1,0,0,0,1,0,0,1,0,0,0,1,0,0,0,0,0,0,0,0,1,0,1,0,1,0,0,0,1,0,0,0,0.2222222222222222,5.3737677705851,1
1,1,0,1,0,1,0,0,1,1,0,0,1,0,0,0,1,0,0,0,0,0,0,0,0,1,0,1,0,1,0,0,0,1,0,1,0,0.2222222222222222,9.362313734768968,1
2,1,0,1,0,1,0,0,0,1,0,0,1,0,0,0,1,0,0,0,1,0,0,0,0,1,0,1,0,1,0,0,0,0,0,1,0,0.2777777777777778,3.2640801984175156,1
3,1,0,1,0,1,0,0,0,1,0,0,1,0,0,0,1,0,0,0,0,0,0,0,0,1,0,1,0,1,0,0,0,0,0,1,0,0.2222222222222222,5.148493356746397,1
4,1,0,1,0,1,0,0,0,1,0,0,1,0,1,0,1,0,0,0,0,0,0,0,0,1,0,1,0,1,1,0,0,1,0,0,0,0.19444444444444445,8.135041933488804,1
5,1,0,1,0,1,0,0,0,1,0,0,1,0,0,0,1,0,0,0,0,0,0,0,0,1,0,0,0,1,0,0,0,1,0,1,1,0.2222222222222222,4.9609954907548355,1
6,1,0,1,0,1,0,0,0,1,0,0,1,0,0,0,1,0,0,0,1,0,0,0,0,1,0,1,0,1,0,0,0,1,0,0,1,0.2777777777777778,4.301088968825171,1
7,1,0,1,0,1,0,0,0,1,0,0,1,0,0,0,1,0,0,1,0,0,0,0,0,1,0,1,0,1,0,0,0,0,0,0,1,0.2222222222222222,3.5093598197815705,1
8,0,0,1,0,1,0,0,0,1,0,0,1,0,0,0,1,0,0,0,0,0,0,0,0,1,0,1,0,1,0,0,0,1,0,0,0,0.19444444444444445,2.650270344642233,1
9,1,0,1,0,1,0,0,0,1,0,0,1,0,0,0,1,0,0,0,0,0,0,0,0,1,0,0,0,1,0,0,0,1,0,1,1,0.25,4.9609954907548355,1
10,1,0,1,0,1,0,0,0,1,0,0,1,0,0,0,1,0,0,0,0,0,0,0,0,1,0,0,0,1,0,0,0,1,0,1,0,0.25,5.610189355854947,1
11,1,0,1,0,1,0,0,0,1,0,0,1,0,0,0,1,0,0,1,0,0,0,0,0,1,0,0,0,1,0,0,0,0,0,1,1,0.25,4.311064306858826,1
12,1,0,1,0,1,0,0,0,1,0,1,1,0,0,0,1,0,0,0,1,0,0,0,0,1,0,1,0,1,0,0,0,1,0,1,0,0.25,4.333688584945878,1
13,1,0,1,0,1,0,0,0,1,0,0,1,0,0,0,1,0,0,0,0,0,0,0,0,1,0,1,0,1,0,0,0,1,0,1,0,0.2777777777777778,3.676088378103322,1
14,1,0,1,0,1,0,0,0,1,0,0,1,0,0,0,1,0,0,1,0,0,0,0,0,1,0,0,0,1,0,0,0,1,0,0,0,0.2222222222222222,5.209116220912566,1
15,1,0,1,0,1,0,0,0,1,0,0,1,0,0,0,1,0,0,0,0,0,0,0,0,1,0,0,0,1,0,0,0,1,0,1,1,0.2777777777777778,4.9609954907548355,1
16,1,0,1,0,1,0,0,0,1,0,1,1,0,0,0,1,0,0,0,0,0,0,0,0,1,0,1,0,1,0,0,0,1,0,1,0,0.25,6.215009196010681,1
17,1,0,1,0,1,0,0,0,1,0,0,1,0,0,0,1,0,0,0,0,0,0,0,0,1,0,1,0,0,0,0,0,1,0,1,1,0.2777777777777778,5.502618611298123,1
18,1,0,1,0,1,0,0,0,1,0,0,1,0,0,0,1,0,0,0,0,0,0,0,0,1,0,0,0,1,0,0,0,0,0,1,1,0.2222222222222222,5.732383765641693,1
19,1,0,1,0,1,0,0,0,1,0,0,1,0,0,0,1,0,0,0,1,0,0,0,0,1,0,0,0,1,0,0,0,1,0,0,0,0.2222222222222222,4.483446153420138,1
20,1,0,1,0,1,0,0,0,1,0,0,1,0,0,0,1,0,0,0,0,0,0,0,0,1,0,0,0,1,0,0,0,1,0,1,1,0.2777777777777778,4.9609954907548355,1
21,1,0,1,0,1,0,0,0,1,0,0,1,0,0,0,1,0,1,0,0,0,0,0,0,1,0,1,0,1,0,0,0,1,0,0,0,0.25,12.150565742758971,1
22,1,0,1,0,1,0,0,0,1,0,0,1,0,0,0,1,0,0,0,0,0,0,0,0,1,0,1,0,1,0,0,0,0,0,0,0,0.19444444444444445,7.447394609415731,1
23,1,0,1,0,1,0,0,0,1,0,0,0,0,0,0,1,0,0,0,0,0,0,0,0,1,0,0,0,1,0,0,0,1,0,0,0,0.2222222222222222,2.8351662202953265,1
24,1,0,1,0,1,0,0,0,1,0,0,1,0,1,0,1,0,0,0,1,0,0,0,0,1,0,0,0,1,0,0,0,1,0,1,0,0.25,7.749258222615076,1
25,1,0,1,0,1,0,0,0,1,0,0,1,0,1,0,1,0,0,0,0,0,0,0,0,1,0,0,0,1,0,0,0,1,0,1,1,0.25,9.197349484154387,1
26,1,0,1,0,1,0,0,0,1,0,0,1,0,0,0,1,0,0,0,0,0,0,0,0,1,0,0,0,1,0,0,0,1,0,1,1,0.19444444444444445,4.9609954907548355,1
27,1,0,1,0,1,0,0,0,1,0,0,1,0,0,0,1,0,0,0,1,0,0,0,0,1,0,1,0,1,0,0,0,1,0,1,1,0.2777777777777778,5.807358166081302,1
28,1,0,1,0,1,0,0,1,1,0,0,1,0,0,0,1,0,0,0,1,0,0,0,0,1,0,1,0,0,0,0,0,1,0,1,1,0.25,8.076183073413976,1
29,0,0,1,0,1,0,0,0,1,0,0,1,0,0,0,1,0,0,0,0,0,0,0,0,1,0,0,0,1,0,0,0,1,0,1,0,0.16666666666666666,2.886200591744334,1
30,1,0,1,0,1,0,0,0,1,0,0,1,0,1,0,1,0,0,0,1,0,0,0,0,1,0,0,0,1,1,0,0,1,0,1,0,0.2222222222222222,6.105630758419972,1
31,1,0,1,0,1,0,0,0,1,0,0,1,0,0,0,1,0,0,0,0,0,0,0,0,1,0,0,0,1,0,0,0,1,0,0,1,0.2222222222222222,5.285592423304891,1
32,1,0,1,0,1,0,0,0,1,0,0,1,0,0,0,1,0,0,0,0,0,0,0,0,1,0,1,0,0,0,0,0,0,0,1,1,0.2777777777777778,6.418440510314016,1
33,1,0,1,0,1,0,0,0,1,0,0,1,0,0,0,1,0,0,1,0,0,0,0,0,1,0,0,0,1,0,0,0,1,0,1,1,0.25,4.041248307869265,1
34,1,0,1,0,1,0,0,0,1,0,0,1,0,0,0,1,0,0,0,0,1,0,0,0,1,0,0,0,1,0,0,0,1,0,0,0,0.2222222222222222,5.607446766850906,1
35,1,0,1,0,1,0,0,0,1,0,0,1,0,0,0,1,0,0,0,0,0,0,0,0,1,0,1,0,1,0,0,0,0,0,0,1,0.25,4.849592104077062,1
36,1,0,1,0,1,0,0,0,1,0,0,1,0,0,0,1,0,0,0,1,0,0,0,0,1,0,0,0,1,0,0,0,0,0,1,1,0.19444444444444445,4.889744848075965,1
37,1,0,1,0,1,0,0,0,1,0,0,1,0,0,0,1,0,0,0,0,0,0,0,1,1,0,1,0,1,0,0,0,0,0,1,1,0.2777777777777778,7.200685144251442,1
38,1,0,1,0,1,0,0,0,1,0,0,1,0,0,0,1,0,0,0,0,0,0,0,0,1,0,0,0,0,0,0,0,1,0,1,1,0.2222222222222222,6.684576420853041,1
39,1,0,1,0,1,0,0,0,0,0,0,1,0,0,0,1,0,0,0,0,0,0,0,0,1,0,0,0,1,0,0,0,1,0,1,0,0.25,4.252799596265336,1
40,1,0,1,0,1,0,0,1,1,0,0,1,0,0,0,1,0,0,0,0,0,0,0,1,1,0,1,0,1,0,0,0,0,0,1,0,0.19444444444444445,9.187982802848888,1
41,0,0,1,0,1,0,0,0,1,0,0,1,0,0,0,1,0,0,0,1,0,0,0,0,1,0,0,0,1,0,0,0,0,0,1,1,0.25,3.668561620582616,1
42,1,0,1,0,1,0,0,0,1,0,0,1,0,0,0,1,0,0,0,0,0,0,0,0,1,0,1,0,1,0,0,0,0,0,0,0,0.25,7.447394609415731,1
43,1,0,1,0,1,0,0,0,1,0,0,1,0,0,0,1,0,0,0,1,0,0,0,0,1,0,1,0,0,0,0,0,1,0,1,0,0.2777777777777778,4.108628747557814,1
44,0,0,1,0,1,0,0,0,1,0,0,1,0,1,0,1,0,0,0,0,0,0,0,0,1,0,1,0,1,1,0,0,0,0,0,0,0.19444444444444445,6.98051677620338,1
45,0,0,1,0,1,0,0,0,1,0,0,1,0,1,0,1,0,0,0,1,0,0,0,0,1,0,1,0,1,0,0,0,0,0,1,1,0.2777777777777778,5.819895964653772,1
46,1,0,1,0,1,0,0,0,1,0,0,1,0,0,0,1,0,0,0,0,0,0,0,0,1,0,0,0,1,0,0,0,0,0,1,0,0.2222222222222222,7.584021351116918,1
47,1,0,1,0,1,0,0,1,1,0,0,1,0,0,0,1,0,0,0,1,0,0,0,0,1,0,0,0,1,0,0,0,1,0,1,0,0.19444444444444445,7.445334728866933,1
48,1,0,1,0,1,0,0,0,1,0,0,1,1,0,0,1,0,0,0,0,0,0,0,1,1,0,1,0,1,0,0,0,1,0,1,1,0.2222222222222222,8.025327557914462,1
49,1,0,1,0,1,0,0,0,1,0,0,1,0,0,0,1,0,0,0,1,0,0,0,0,1,0,0,0,1,0,0,0,1,0,0,0,0.2222222222222222,4.483446153420138,1
50,1,0,1,0,1,0,0,0,1,0,0,1,0,0,0,1,0,0,0,0,0,0,0,0,1,0,0,0,0,0,0,0,1,0,0,1,0.2777777777777778,7.555335023531404,1
51,1,0,1,0,1,0,0,0,1,0,0,1,0,0,0,1,0,0,0,0,0,0,0,0,1,0,0,0,0,0,0,0,0,0,1,1,0.25,8.101825336487833,1
52,1,0,1,0,1,0,0,0,1,0,0,1,0,0,0,1,0,0,0,0,0,0,0,0,1,0,1,0,0,0,0,0,0,0,0,0,0.2222222222222222,10.953629278706929,1
53,1,0,1,0,1,0,0,0,0,0,0,1,0,0,0,1,0,0,0,1,0,0,0,0,1,0,0,0,1,0,0,0,1,0,0,0,0.16666666666666666,3.62567944349682,1
54,1,0,1,0,1,0,0,0,1,0,0,1,0,0,0,1,0,0,0,0,0,0,0,0,1,0,0,0,1,0,0,0,1,0,1,0,0.2222222222222222,5.610189355854947,1
55,1,0,1,0,1,0,0,0,1,0,0,1,0,0,0,1,0,0,0,0,0,0,0,1,1,0,0,0,1,0,0,0,1,0,1,1,0.2777777777777778,8.131017369988992,1
56,1,0,1,0,1,0,0,0,1,0,0,1,0,1,0,1,0,0,0,1,0,0,0,1,1,0,0,0,1,0,0,0,0,0,1,1,0.2777777777777778,9.818340251976505,1
57,1,0,1,0,1,0,0,0,1,0,0,1,1,0,0,1,0,0,0,0,0,0,0,0,1,0,0,0,1,0,0,0,1,0,1,0,0.19444444444444445,7.8148300947907465,1
58,1,0,1,0,1,0,0,0,1,0,0,1,0,0,0,1,0,0,0,1,0,0,0,1,1,0,0,0,1,0,0,0,0,0,1,1,0.2777777777777778,8.540032836557245,1
59,1,0,1,0,1,0,0,0,1,0,0,1,0,0,0,1,0,0,0,0,0,0,0,1,1,0,0,0,1,0,0,0,1,0,0,0,0.25,6.1601712842249245,1
60,1,0,1,0,1,0,0,0,0,0,0,1,0,0,0,1,0,0,0,0,0,0,0,0,1,0,1,0,1,0,0,0,0,0,1,0,0.3055555555555556,3.729559770923343,1
61,1,0,1,0,1,0,0,0,0,0,0,1,0,0,0,1,0,0,0,0,0,0,0,0,1,0,0,0,1,0,0,0,0,0,0,1,0.19444444444444445,5.239646016563111,1
62,1,0,1,0,1,0,0,1,1,0,0,1,0,0,0,1,0,0,0,0,0,0,0,0,1,0,1,0,1,0,0,0,0,0,1,0,0.19444444444444445,11.834731786607609,1
63,1,0,1,0,1,0,0,1,0,0,0,1,0,0,0,1,0,0,1,0,0,0,0,1,1,0,1,0,1,0,0,0,0,0,0,0,0.19444444444444445,6.604472509090272,1
64,1,0,1,0,1,0,0,0,1,0,0,1,0,0,0,1,0,1,0,0,0,0,0,1,1,0,0,0,1,0,0,0,1,0,0,0,0.2222222222222222,11.9229996617348,1
65,1,0,1,0,1,0,0,0,1,0,0,1,0,1,0,1,0,0,0,0,0,0,0,0,1,0,0,0,1,0,0,0,1,0,0,1,0.2222222222222222,10.608410158940469,1
66,1,0,1,0,1,0,0,0,1,0,0,1,0,0,0,1,0,1,0,0,0,0,0,0,1,0,0,0,1,0,0,0,1,0,0,1,0.19444444444444445,11.061713314477988,1
67,1,0,1,0,1,0,0,0,0,0,0,1,0,0,0,1,0,0,0,0,0,0,0,0,1,0,0,0,1,0,0,0,1,0,0,1,0.2222222222222222,4.428579985976661,1
68,1,0,1,0,1,0,0,0,1,0,0,1,0,0,0,1,0,0,0,0,0,0,0,1,1,0,1,0,1,0,0,0,0,0,0,1,0.3333333333333333,5.851374102449364,1
69,1,0,1,0,1,0,0,0,1,0,0,1,0,0,0,1,0,0,0,0,0,0,0,1,1,0,0,0,0,0,0,0,1,0,1,1,0.25,8.437776025040103,1
70,0,0,1,0,1,0,0,0,1,0,0,1,0,0,0,1,0,0,0,0,0,0,0,0,1,0,0,0,1,0,0,0,0,0,1,1,0.2222222222222222,3.5111752810701766,1
71,1,0,0,0,1,0,0,1,0,0,0,1,0,0,0,1,0,0,0,0,0,0,0,0,1,0,1,0,1,0,0,0,0,0,1,1,0.2777777777777778,7.0683621752266825,1
72,1,0,1,0,1,0,0,0,0,0,0,1,0,0,0,1,0,0,0,0,0,0,0,0,1,0,0,0,0,0,0,0,0,0,1,1,0.3055555555555556,6.655699152918009,1
73,1,0,1,0,1,0,0,0,0,0,0,1,0,0,0,1,0,0,0,0,1,0,0,1,1,0,0,0,1,0,0,0,0,0,1,1,0.19444444444444445,9.63416530717124,1
74,1,0,1,0,1,0,0,0,1,0,0,1,0,0,0,1,0,0,0,0,0,0,0,1,1,0,1,0,0,0,0,0,0,0,0,1,0.25,6.848463156436861,1
75,1,0,1,0,1,0,0,0,0,0,0,1,0,1,0,1,0,0,0,0,0,0,0,0,1,0,0,0,1,1,0,0,0,0,0,1,0.25,8.02047168723756,1
76,0,0,1,0,0,0,0,1,1,0,0,1,0,1,0,1,0,0,1,0,0,0,0,0,1,0,0,0,1,0,0,0,0,0,1,1,0.19444444444444445,8.978504305399817,1
77,1,0,1,0,1,0,0,0,0,0,0,1,0,0,0,1,0,0,0,0,0,0,0,0,1,0,1,0,0,0,0,0,1,0,0,1,0.2222222222222222,4.861500550819494,1
78,0,0,1,0,1,0,0,0,1,0,0,1,0,1,0,1,0,0,0,0,0,0,0,1,1,0,0,0,0,1,0,0,1,0,1,1,0.25,9.669676319831442,1
79,1,0,1,0,1,0,0,0,1,0,0,1,0,0,0,1,0,0,0,1,0,0,0,1,1,0,0,0,0,0,0,0,0,0,1,1,0.25,8.492248749930098,1
80,1,0,1,0,1,0,0,0,1,0,0,1,0,0,0,1,0,0,0,0,1,0,0,0,1,0,0,0,0,0,0,0,1,0,1,1,0.2222222222222222,6.81245196921804,1
81,1,0,1,0,1,0,0,1,1,0,0,1,0,0,0,1,0,0,0,1,0,0,0,1,1,0,1,0,1,0,0,0,0,0,0,1,0.2777777777777778,8.273721917601602,1
82,1,0,1,0,1,0,0,1,1,0,0,0,0,0,0,1,0,0,0,0,0,0,0,0,1,0,0,0,0,1,0,0,0,0,1,1,0.2222222222222222,6.56372675846724,1
83,1,0,1,0,1,0,0,0,0,1,0,1,0,0,0,1,0,0,0,0,0,0,0,1,1,0,0,0,0,1,0,0,0,0,1,1,0.16666666666666666,9.755351216957166,1
84,1,0,1,0,1,0,0,0,1,0,0,0,0,0,0,1,0,0,0,1,1,0,0,0,1,0,0,0,0,0,0,0,1,0,0,1,0.3055555555555556,4.2396967474544605,1
85,1,0,1,0,1,0,0,0,0,0,0,1,0,0,0,1,0,0,0,0,0,0,0,0,1,0,0,0,0,1,0,0,1,0,1,1,0.2222222222222222,5.408726409604791,1
86,1,0,1,0,1,0,0,0,0,0,0,1,0,0,0,1,0,0,0,0,0,0,0,1,1,0,1,0,1,0,0,0,1,0,1,0,0.3055555555555556,4.756935988328576,1
87,1,0,1,0,1,0,0,0,1,0,0,0,0,0,0,1,0,0,1,1,0,0,0,0,1,0,0,0,1,0,0,0,1,0,0,0,0.2777777777777778,1.6583120314095874,1
88,1,0,1,0,1,0,0,0,1,0,0,1,0,0,0,1,0,0,0,0,0,0,0,1,1,0,1,0,1,0,0,0,1,0,1,0,0.25,4.600494402404725,1
89,1,0,1,0,1,0,0,0,1,0,0,1,1,1,0,1,0,0,0,1,0,0,0,1,1,0,0,0,1,1,0,0,1,0,1,1,0.25,13.749692779572795,1
90,1,0,1,0,1,0,0,0,1,0,0,1,0,1,0,1,1,0,0,1,0,0,0,1,1,0,0,0,0,1,0,0,1,0,0,1,0.2222222222222222,10.44108306446543,1
91,1,0,1,0,1,0,0,0,1,0,0,0,1,0,0,1,0,0,0,0,0,0,0,1,1,0,1,0,0,1,0,0,0,0,1,1,0.25,9.101164117265332,1
92,1,0,1,0,1,0,0,0,1,0,0,1,0,1,0,1,0,0,0,0,1,0,0,1,1,0,0,0,0,1,0,0,0,0,1,1,0.25,11.830309583722148,1
93,0,0,1,0,1,0,0,1,0,0,0,1,0,0,0,1,0,0,0,0,0,0,0,1,1,0,1,0,1,0,0,0,1,0,1,0,0.19444444444444445,5.727577712902166,1
94,1,0,1,0,1,0,0,0,1,0,1,1,0,0,0,1,0,0,0,0,0,0,0,1,1,0,0,0,1,0,0,0,0,0,0,1,0.19444444444444445,8.552990087546801,1
95,1,0,1,0,1,0,0,0,1,0,0,1,0,0,0,1,1,0,0,0,0,0,0,0,1,0,0,0,1,0,0,0,1,0,1,1,0.25,6.348886625425532,1
96,1,0,1,0,1,0,0,0,1,0,0,1,0,0,0,1,0,0,0,1,0,0,0,0,1,0,1,0,0,0,0,0,1,0,0,1,0.3333333333333333,5.068736274685643,1
97,1,0,1,0,0,0,0,1,1,0,0,0,0,0,0,1,0,0,0,1,0,0,0,1,1,0,0,0,0,0,0,0,1,0,1,1,0.25,10.062423297269127,1
98,1,0,1,0,1,0,0,1,0,0,0,1,0,0,0,1,0,1,0,0,0,0,0,0,1,0,0,0,1,0,1,0,1,0,0,1,0.3055555555555556,12.835712255583658,1
99,1,0,1,0,0,0,0,0,1,0,0,1,0,0,0,1,0,0,0,0,0,0,0,0,1,0,1,0,1,0,0,0,1,0,1,0,0.2777777777777778,2.7384797467953543,1
