,0,1,2,3,4,5,6,7,8,9,10,11,12,13,14,15,16,17,18,19,20,21,22,23,24,25,26,27,28,29,30,31,32,33,34,35,chain_break_fraction,energy,num_occurrences
0,1,1,0,0,0,0,0,1,1,1,1,1,0,0,0,1,1,1,1,0,0,0,1,1,1,0,1,1,0,1,1,0,0,1,1,0,0.3333333333333333,17.813936534363474,1
1,1,1,0,0,0,0,0,1,1,1,1,1,0,0,0,1,1,1,1,0,0,0,1,1,1,0,1,1,0,1,1,0,0,1,0,0,0.3055555555555556,19.056711399449583,1
2,1,1,0,0,0,0,0,1,1,1,1,1,1,0,0,0,1,1,1,0,0,0,1,1,1,0,1,1,0,1,1,0,0,1,0,0,0.25,13.138852938317369,1
3,1,1,0,0,0,0,0,1,1,1,1,1,0,0,0,1,1,1,1,0,0,0,1,1,1,0,1,1,0,1,1,0,0,1,1,0,0.3333333333333333,17.813936534363474,1
4,1,1,0,0,0,0,0,1,1,1,1,1,1,0,0,1,1,1,1,0,0,0,1,1,1,0,1,1,0,1,1,0,0,1,1,0,0.2777777777777778,17.394617362228715,1
5,1,1,0,0,0,0,0,1,1,1,1,1,0,0,0,1,1,1,1,0,0,0,1,1,1,0,1,0,0,1,1,0,0,1,1,1,0.3333333333333333,18.036092992110202,1
6,1,1,0,0,0,0,0,1,1,1,1,1,0,0,0,1,1,1,1,0,0,0,1,1,1,0,1,1,0,1,1,0,0,1,1,0,0.2777777777777778,17.813936534363474,1
7,1,1,0,0,0,0,0,1,1,0,1,1,1,0,0,1,1,1,1,0,0,0,1,1,1,0,1,1,0,1,1,0,0,1,1,0,0.2222222222222222,13.086575144846206,1
8,1,1,0,0,0,0,0,1,1,0,1,1,0,0,0,1,1,1,1,0,0,0,1,1,1,0,1,0,0,1,1,0,0,1,0,0,0.2222222222222222,14.45774540558589,1
9,1,1,0,0,0,0,0,1,1,1,1,1,1,0,0,1,1,1,1,0,0,0,1,1,1,0,1,1,0,1,1,0,0,1,1,0,0.2222222222222222,17.394617362228715,1
10,1,1,0,0,0,0,0,1,1,1,1,1,0,0,0,1,1,1,1,0,0,0,1,1,1,0,1,1,0,1,1,1,0,1,0,0,0.3333333333333333,20.532637626484092,1
11,1,1,0,0,0,0,0,1,1,1,1,1,1,0,0,0,1,1,1,0,0,0,1,1,1,0,1,1,0,1,1,0,0,1,1,0,0.3055555555555556,12.406627713898233,1
12,1,1,0,0,0,0,0,1,1,1,1,1,0,0,0,0,1,1,1,0,0,0,1,1,1,0,1,1,0,0,1,0,0,1,0,0,0.3333333333333333,14.4712799461126,1
13,1,0,0,0,0,0,0,1,1,1,1,1,0,0,0,1,1,1,1,0,0,0,1,1,1,0,1,1,0,1,1,0,0,1,1,0,0.3055555555555556,14.577223005310138,1
14,1,1,0,0,0,0,0,1,1,1,1,1,1,0,0,1,1,1,1,0,0,0,1,1,1,0,1,0,0,1,1,1,0,1,1,0,0.3333333333333333,19.662581205233277,1
15,1,1,0,0,0,0,0,1,1,1,1,1,0,0,0,1,1,1,1,0,0,0,1,1,1,0,1,1,0,1,1,0,0,1,1,0,0.3333333333333333,17.813936534363474,1
16,0,0,1,1,1,1,1,1,0,0,0,1,1,1,1,0,0,0,0,1,0,1,0,0,0,1,0,1,1,1,0,1,1,0,0,1,0.2222222222222222,15.143223311564912,1
17,1,1,0,0,0,0,0,1,1,0,1,1,1,0,0,1,1,1,1,0,0,0,1,1,1,0,1,0,0,1,1,1,0,1,1,0,0.3055555555555556,15.354057663474595,1
18,1,1,0,0,0,0,0,1,1,0,1,1,1,0,0,1,1,1,0,0,0,0,1,1,1,0,1,1,0,1,1,1,0,1,1,0,0.2222222222222222,14.33231752910163,1
19,1,1,0,0,0,0,0,1,1,1,1,1,0,0,0,1,1,1,1,0,0,0,1,1,1,0,1,1,0,1,1,0,0,1,0,0,0.3333333333333333,19.056711399449583,1
20,1,1,0,0,0,0,0,1,1,1,1,1,0,0,0,1,1,1,1,0,0,0,1,1,1,0,1,1,0,1,1,1,0,1,1,0,0.3611111111111111,20.676965568722284,1
21,1,0,0,0,0,0,0,1,1,0,1,1,0,0,0,1,1,1,1,0,0,0,1,1,1,0,0,1,0,1,1,0,0,1,1,0,0.2777777777777778,11.870361006568722,1
22,1,1,0,0,0,0,0,0,1,1,1,1,1,0,0,0,1,1,1,0,0,0,1,1,1,0,1,1,0,1,1,0,0,1,0,0,0.25,11.13976499343012,1
23,1,1,0,0,0,0,0,1,1,1,1,1,0,0,0,1,0,1,1,0,0,0,1,1,1,0,1,0,0,1,1,0,0,1,1,0,0.2777777777777778,16.384619461166896,1
24,1,1,0,0,0,0,0,1,1,0,1,1,1,0,0,0,1,1,1,0,0,0,1,1,1,0,1,1,0,1,1,0,0,1,0,0,0.2777777777777778,9.830810363655289,1
25,1,0,0,0,0,0,0,1,1,1,1,1,1,0,0,0,1,1,1,0,0,0,1,1,1,0,1,1,0,1,1,0,0,1,0,0,0.3055555555555556,9.895588563607271,1
26,1,1,0,0,0,0,0,1,1,0,1,1,0,0,0,0,1,1,1,0,0,0,1,1,1,0,0,1,0,1,1,0,0,1,1,0,0.16666666666666666,10.87214862184125,1
27,1,1,0,0,0,0,0,1,1,0,1,1,1,0,0,0,1,1,1,0,0,0,1,1,1,0,0,1,0,1,1,0,0,1,0,0,0.2777777777777778,9.614218608675621,1
28,1,0,0,0,0,0,0,1,1,0,1,1,0,0,0,1,1,1,1,0,0,0,1,1,1,0,1,1,0,1,1,0,0,1,1,0,0.25,13.548688917331955,1
29,1,1,0,0,0,0,0,1,1,1,1,1,0,0,0,0,1,1,1,0,0,0,1,1,1,0,1,1,0,1,1,0,0,1,0,0,0.2777777777777778,14.057623797384,1
30,1,1,0,0,0,0,0,0,1,1,1,1,1,0,0,0,1,1,1,0,0,0,1,1,1,0,1,0,0,1,1,0,0,1,0,0,0.2777777777777778,10.7070881311207,1
31,0,0,1,1,1,1,0,1,1,0,0,1,0,1,1,0,0,0,0,0,0,1,0,0,0,1,0,1,1,1,0,1,1,0,1,1,0.19444444444444445,7.935712011311928,1
32,0,0,1,1,1,1,1,1,0,0,0,1,1,1,1,0,0,0,0,0,1,1,0,0,0,1,1,0,1,1,0,1,1,0,1,1,0.25,12.151311942583874,1
33,0,0,1,1,1,1,1,1,0,0,0,1,1,1,1,0,0,0,0,1,0,1,0,0,0,1,1,0,1,1,0,1,1,0,1,1,0.3055555555555556,15.78129063792161,1
34,1,1,0,0,0,0,0,1,1,1,1,0,1,0,0,1,1,1,1,0,0,0,1,1,1,0,1,0,0,1,1,0,0,1,0,1,0.3333333333333333,18.83636962461111,1
35,1,1,0,0,0,0,0,1,1,1,1,1,0,0,0,0,1,1,1,0,0,0,1,1,1,0,1,1,0,1,1,1,0,1,1,1,0.3888888888888889,25.001636314642447,1
36,0,0,1,1,1,1,0,1,0,0,0,1,1,1,1,0,0,0,0,1,0,1,0,0,0,1,1,1,1,1,0,1,1,0,0,1,0.3055555555555556,14.614681913677865,1
37,1,1,0,0,0,0,0,1,0,1,1,1,1,0,0,1,1,1,1,0,0,0,1,1,1,0,1,0,0,1,1,0,0,1,0,0,0.25,19.050989520720258,1
38,1,1,0,0,0,0,0,1,0,1,1,1,0,0,0,1,1,1,1,0,0,0,1,1,1,0,1,0,0,1,1,0,0,1,1,0,0.3333333333333333,15.868615110104589,1
39,1,1,0,0,0,0,0,1,1,1,1,1,0,0,0,1,0,1,1,0,0,0,1,1,1,0,1,1,0,1,1,1,0,1,1,0,0.3611111111111111,20.551895973642214,1
40,1,1,0,0,0,0,0,1,1,1,1,1,0,0,0,1,1,1,1,1,0,0,1,1,1,0,1,0,0,1,1,0,0,1,1,1,0.3333333333333333,23.114266927143543,1
41,0,0,1,1,1,1,1,1,0,0,0,1,1,1,1,0,0,0,0,0,1,1,0,0,0,1,1,1,1,1,0,1,1,0,1,1,0.3333333333333333,11.156837086947126,1
42,1,1,0,0,0,0,0,1,1,0,1,1,1,0,0,1,0,1,1,0,0,0,1,1,1,0,1,0,0,1,1,1,0,1,0,0,0.25,14.570490431230974,1
43,1,1,0,0,0,0,0,1,1,1,1,1,0,0,0,1,1,1,1,0,0,0,1,1,1,0,1,0,0,1,1,0,0,1,1,1,0.2777777777777778,18.036092992110202,1
44,1,1,0,0,0,0,0,1,1,1,1,1,0,0,0,0,1,1,1,0,0,0,1,1,1,0,0,1,0,1,1,0,0,1,1,1,0.3055555555555556,15.716447148761677,1
45,0,0,1,1,1,1,1,0,0,0,0,1,1,1,1,0,0,0,0,1,0,1,0,0,0,1,0,1,1,1,0,1,1,0,1,1,0.2777777777777778,15.753664485490583,1
46,0,0,1,1,1,1,1,0,0,0,0,1,1,1,1,0,0,0,0,0,1,1,0,0,0,1,0,1,1,1,0,0,1,0,1,1,0.3055555555555556,7.246461720163246,1
47,1,1,0,0,0,0,0,1,1,1,1,1,0,0,0,0,1,1,1,0,0,0,1,1,1,0,1,1,0,1,1,0,0,1,0,0,0.3333333333333333,14.057623797384,1
48,1,0,0,0,0,0,0,0,1,1,1,1,1,0,0,1,0,1,1,0,0,0,1,1,1,0,1,0,0,1,1,0,0,1,0,1,0.2777777777777778,9.810287921628799,1
49,1,0,0,0,0,0,0,1,1,1,1,1,1,0,0,0,1,1,1,0,1,0,1,1,1,0,0,1,0,0,1,0,0,1,1,0,0.2222222222222222,9.737215149227811,1
50,1,1,0,0,0,0,0,1,1,1,1,1,0,0,0,1,1,1,1,0,0,0,1,1,1,0,0,1,0,1,1,0,0,1,1,0,0.3055555555555556,18.168406228470317,1
51,0,0,1,1,1,1,1,0,0,0,0,1,1,1,1,0,0,0,0,1,0,1,0,0,0,1,0,1,1,1,0,1,1,0,1,1,0.2777777777777778,15.753664485490583,1
52,1,1,0,0,0,0,0,1,0,1,1,1,0,0,0,1,1,1,1,0,0,0,1,1,1,0,1,0,0,1,1,0,0,1,1,0,0.3055555555555556,15.868615110104589,1
53,0,0,1,1,1,1,1,1,1,0,0,1,0,1,1,0,0,0,0,1,0,1,0,0,0,1,0,1,1,1,0,1,1,0,1,1,0.2222222222222222,14.499934763951645,1
54,0,0,1,1,1,1,1,1,1,0,0,1,1,1,1,0,0,0,0,1,1,1,0,0,0,1,1,0,1,1,0,1,1,0,1,1,0.2777777777777778,17.267786188507827,1
55,1,1,0,0,0,0,0,1,0,1,1,1,1,0,0,1,1,1,1,0,0,0,1,1,1,0,1,0,0,1,1,0,0,1,1,0,0.3611111111111111,16.807049578236807,1
56,1,1,0,0,0,0,0,1,1,1,1,1,1,0,0,0,1,1,1,0,0,0,1,1,1,0,0,1,0,1,1,0,0,1,1,0,0.2777777777777778,12.689981019663541,1
57,1,1,0,0,0,0,0,1,1,1,1,1,0,0,0,1,0,1,1,0,0,0,1,1,1,0,1,0,0,1,1,0,0,1,0,0,0.3333333333333333,18.111630046091044,1
58,1,0,0,0,0,0,0,0,1,1,1,1,1,0,0,0,1,1,1,0,0,0,1,1,1,0,1,1,0,1,1,0,0,1,1,0,0.25,11.17537424736672,1
59,0,0,1,1,1,1,1,1,0,0,0,1,0,1,1,0,0,0,0,1,0,1,0,0,0,1,0,1,1,1,0,1,1,0,1,1,0.2777777777777778,16.05966251759164,1
60,1,0,0,0,0,0,0,0,1,1,1,1,1,0,0,1,0,1,1,0,0,0,1,1,1,0,1,0,0,1,1,0,0,1,1,0,0.19444444444444445,8.02674830937693,1
61,1,0,0,0,0,0,1,1,1,1,1,1,1,0,0,0,1,1,1,0,0,0,1,1,1,0,1,1,0,1,1,0,0,1,0,0,0.19444444444444445,10.895132536050873,1
62,1,1,0,0,0,0,1,1,1,0,1,1,0,0,0,0,1,1,1,0,0,0,1,1,1,0,1,1,0,1,1,1,0,1,0,0,0.3055555555555556,16.72600774904458,1
63,0,0,1,1,1,1,1,1,0,0,0,1,0,1,1,0,0,0,0,0,1,1,0,0,0,1,0,0,1,1,0,1,1,0,1,1,0.3888888888888889,12.59537040994065,1
64,0,0,1,1,1,1,0,0,0,0,0,1,1,1,1,0,0,0,0,0,0,1,0,0,0,1,0,1,1,1,0,1,0,0,0,1,0.2222222222222222,6.280270252421282,1
65,1,1,0,0,0,0,0,1,1,1,1,1,0,0,0,1,1,1,1,0,0,0,1,1,1,0,1,0,0,1,1,1,0,1,0,1,0.3055555555555556,20.4359771105215,1
66,0,0,1,1,1,1,0,1,1,0,0,1,0,1,1,0,0,0,0,0,0,1,0,0,0,1,1,1,1,1,0,1,1,0,1,1,0.25,7.699638159865094,1
67,0,0,1,1,1,1,1,1,0,0,0,1,1,1,1,0,0,0,0,1,1,1,1,0,0,1,1,0,1,1,0,1,1,0,1,1,0.3611111111111111,22.288381107036045,1
68,1,1,0,0,0,0,0,1,1,0,1,1,0,0,0,0,1,1,1,0,0,0,1,1,1,0,1,1,0,1,1,0,0,1,0,0,0.3333333333333333,11.749608536796568,1
69,1,0,0,0,0,0,0,1,1,0,1,1,1,0,0,1,1,1,1,0,0,0,1,1,1,0,0,1,0,1,1,0,0,1,1,0,0.19444444444444445,10.37334787986378,1
70,0,0,1,1,1,1,1,0,0,0,0,1,1,1,1,0,1,0,0,0,1,1,0,0,0,1,1,0,1,1,0,1,1,0,1,0,0.3055555555555556,8.105261435206344,1
71,0,0,1,1,1,1,1,0,0,0,0,1,0,1,1,0,0,0,0,0,1,1,0,0,0,1,0,1,1,1,0,1,1,0,1,0,0.3333333333333333,8.323456509934289,1
72,1,1,0,0,0,0,0,1,1,1,1,1,1,0,0,0,1,1,0,0,0,0,1,1,1,0,1,1,0,0,1,0,0,1,1,0,0.25,13.025532654297217,1
73,0,0,1,1,1,1,1,0,0,0,0,1,1,1,1,0,0,0,0,1,1,1,0,0,0,1,0,0,1,1,0,1,1,0,0,1,0.3333333333333333,17.524497922821418,1
74,0,0,1,1,1,1,1,0,0,1,0,1,0,1,1,0,1,0,0,1,0,1,0,0,0,1,1,1,1,0,0,1,1,0,1,1,0.16666666666666666,6.979488047303481,1
75,0,0,1,1,1,1,1,0,0,0,0,1,1,1,1,0,0,0,0,1,1,1,0,0,0,1,0,0,1,1,0,1,1,0,1,1,0.25,18.668862167762413,1
76,0,0,1,1,1,1,1,1,0,1,0,0,1,1,1,0,0,0,0,1,0,1,0,0,0,1,1,1,1,1,0,1,1,0,1,1,0.2222222222222222,21.71620079654617,1
77,1,1,0,0,0,0,0,1,1,1,1,1,0,0,0,1,1,1,1,0,0,0,1,1,1,0,0,1,0,1,1,1,0,1,1,0,0.3888888888888889,19.98461566857649,1
78,1,1,0,0,0,0,0,1,1,1,1,1,1,0,0,1,1,1,1,0,0,0,1,0,1,0,1,1,0,1,1,1,0,1,1,0,0.2777777777777778,16.64559073317543,1
79,1,1,0,0,0,0,0,1,1,1,1,1,0,0,0,1,1,1,1,0,0,0,1,1,1,0,1,1,0,1,1,0,0,1,1,0,0.3888888888888889,17.813936534363474,1
80,0,0,1,1,1,1,1,1,0,0,0,1,1,1,1,0,0,0,1,1,1,1,0,0,0,1,1,0,1,1,0,1,1,0,0,0,0.25,20.892206245120857,1
81,1,1,0,0,0,0,1,0,1,1,1,1,1,0,0,1,1,1,1,0,0,0,1,1,1,0,0,1,0,1,1,1,0,1,1,0,0.2777777777777778,16.432956400984445,1
82,0,0,1,1,1,1,0,0,0,0,0,1,1,1,1,0,0,0,0,1,0,1,0,0,0,1,1,0,1,1,0,0,1,0,1,0,0.25,10.743156837849916,1
83,0,0,1,1,1,1,1,1,0,1,0,1,0,1,1,0,0,0,0,1,1,1,0,0,0,1,1,0,1,1,0,0,1,0,1,1,0.2777777777777778,14.776887097574868,1
84,0,0,1,1,1,1,1,1,0,0,0,1,1,1,1,0,0,0,0,1,0,1,1,0,0,1,1,0,1,0,0,1,1,0,1,1,0.2777777777777778,13.969992158442698,1
85,0,0,1,1,1,1,0,0,0,0,0,1,1,1,1,0,1,0,0,1,1,1,0,0,0,1,0,1,1,1,0,0,1,0,1,1,0.2222222222222222,12.090621586431592,1
86,0,0,1,1,1,1,1,0,0,0,0,0,0,1,1,0,0,0,0,1,0,1,0,0,0,1,0,1,1,1,0,1,1,0,1,1,0.25,28.155556151984904,1
87,0,0,1,1,1,1,1,1,1,0,0,1,0,1,1,0,0,0,0,1,1,1,0,0,0,1,1,1,1,1,0,1,1,0,1,1,0.2777777777777778,18.915376507560936,1
88,0,0,1,1,1,1,0,1,0,0,0,1,0,1,1,0,0,0,0,0,1,1,0,0,0,1,1,0,1,1,0,1,1,0,0,1,0.3055555555555556,9.96527088979268,1
89,0,0,1,1,1,1,1,1,0,0,0,1,0,1,1,0,0,0,0,1,1,1,0,0,0,1,0,1,1,1,0,1,1,0,1,1,0.3055555555555556,19.89771910671518,1
90,0,1,0,0,0,0,0,1,0,1,1,1,0,0,0,0,1,1,1,0,0,0,1,1,1,0,0,1,0,0,1,0,0,1,1,1,0.19444444444444445,12.330068048767007,1
91,0,0,1,1,1,1,1,1,0,0,0,1,1,1,1,0,0,0,0,0,0,1,0,0,0,0,1,0,1,1,0,1,1,0,0,1,0.2777777777777778,13.559674512030254,1
92,1,0,0,0,0,0,0,1,1,1,1,1,1,0,0,1,1,1,1,1,0,0,1,1,1,0,0,1,0,1,1,1,0,1,1,0,0.25,24.11250909981526,1
93,0,0,1,1,1,1,0,0,0,0,0,1,0,1,1,0,1,0,0,0,0,1,0,0,0,1,0,1,1,1,0,0,1,0,1,1,0.16666666666666666,3.9218340484153456,1
94,0,0,1,1,1,1,1,0,0,0,0,1,0,1,1,0,0,0,0,1,1,1,0,0,0,1,0,0,1,1,0,1,1,0,1,1,0.3333333333333333,18.730365648065785,1
95,1,1,0,0,0,0,0,1,1,0,1,1,1,0,0,1,1,1,1,0,0,0,1,1,1,1,1,1,0,1,1,1,0,1,0,1,0.3055555555555556,23.134896305154335,1
96,0,0,1,1,1,1,1,1,0,0,1,1,1,1,1,0,1,0,0,1,0,1,0,0,0,1,1,0,1,1,1,1,1,0,1,1,0.25,13.514164970120106,1
97,1,1,0,0,0,0,1,0,1,1,1,1,1,0,0,1,0,1,1,0,0,0,1,1,1,0,1,0,0,1,1,1,0,1,1,1,0.2777777777777778,18.374543647343017,1
98,0,0,1,1,1,1,1,0,1,1,0,1,1,1,1,0,0,0,0,1,1,1,0,0,0,1,0,1,1,1,0,1,1,0,1,1,0.3333333333333333,16.285752883935103,1
99,0,0,0,1,1,1,1,0,0,0,1,1,0,1,1,0,1,0,0,0,1,1,0,0,0,1,1,1,1,1,0,0,1,0,1,1,0.19444444444444445,3.1112481535139076,1
