,0,1,2,3,4,5,6,7,8,9,10,11,12,13,14,15,16,17,18,19,20,21,22,23,24,25,26,27,28,29,30,31,32,33,34,35,36,37,38,39,40,41,42,43,44,45,46,47,48,49,50,51,52,53,chain_break_fraction,energy,num_occurrences
0,0,0,0,0,1,0,1,1,1,1,0,1,0,1,1,1,0,0,0,1,0,1,1,1,0,0,1,0,0,1,1,0,0,0,0,0,0,1,1,0,0,1,1,1,0,0,1,0,1,0,0,1,0,1,0.3148148148148148,382.5701347491136,1
1,0,0,0,0,0,0,1,1,1,0,0,1,0,1,1,1,0,0,0,1,1,1,1,1,0,0,1,0,0,1,1,0,0,0,0,0,0,1,1,0,0,1,1,1,0,1,1,0,1,0,0,1,0,1,0.3148148148148148,405.83467326081245,1
2,0,0,0,0,0,0,1,1,1,1,0,1,0,1,1,1,0,0,0,1,0,1,0,1,0,0,1,1,0,1,1,0,0,0,0,0,0,1,1,0,0,0,1,1,0,1,1,0,1,0,0,1,0,1,0.3148148148148148,321.1853764308091,1
3,1,1,1,1,0,1,0,0,0,0,1,0,1,0,0,0,1,1,1,0,0,0,0,0,1,1,0,0,1,0,0,1,1,1,1,0,1,0,1,0,1,0,0,0,1,1,0,1,0,1,1,0,1,0,0.2777777777777778,436.66402445650493,1
4,0,0,0,0,1,0,1,1,1,1,0,0,0,1,1,1,0,0,0,1,0,1,1,1,0,0,1,0,0,1,1,0,0,0,0,0,0,1,1,0,0,1,1,1,0,0,1,0,1,0,0,1,0,1,0.3148148148148148,284.47347368902587,1
5,1,1,1,1,0,1,0,0,0,0,1,0,1,0,0,0,1,1,1,0,0,0,0,0,1,1,0,0,1,0,0,1,1,1,1,1,1,0,0,1,1,0,0,0,1,0,0,1,0,1,1,0,1,0,0.3333333333333333,428.00503478753035,1
6,0,0,0,0,0,0,1,1,1,1,0,1,0,0,1,1,0,0,0,1,1,1,1,1,0,0,1,0,0,1,1,0,0,0,0,0,0,1,1,0,1,0,1,1,0,0,1,0,1,0,0,1,0,1,0.3148148148148148,426.7704200393323,1
7,1,1,1,1,0,1,0,0,0,0,1,0,1,1,0,0,1,1,1,0,1,0,0,0,1,1,0,0,1,0,0,1,1,1,1,0,1,0,1,1,1,0,0,0,1,0,0,1,0,1,1,0,1,0,0.24074074074074073,368.6405047934747,1
8,0,0,0,0,0,0,1,1,1,0,0,1,0,1,1,1,0,0,0,1,0,1,1,1,0,0,1,0,0,1,1,0,0,0,0,0,0,1,1,1,0,1,1,1,0,0,1,0,1,0,0,1,0,1,0.3333333333333333,303.8303997919606,1
9,0,0,0,0,1,0,1,1,1,0,0,1,0,0,1,1,0,0,0,1,0,1,1,1,0,0,1,0,0,1,1,0,0,0,0,0,0,1,1,1,0,1,1,1,1,0,1,0,1,0,0,1,0,1,0.3148148148148148,319.826195946686,1
10,0,0,0,0,0,0,1,1,1,0,0,1,0,1,1,1,0,0,0,1,0,0,1,1,0,0,1,1,0,1,1,0,0,0,0,0,0,1,0,1,0,0,1,1,0,0,1,0,1,0,0,1,0,1,0.2962962962962963,386.9578392370535,1
11,0,0,0,0,0,0,1,1,1,0,0,1,0,1,1,1,0,0,0,1,0,1,1,1,0,0,1,0,0,1,1,0,0,0,0,0,0,1,1,1,0,0,1,1,0,0,1,0,1,0,0,1,0,1,0.3333333333333333,348.50996289981794,1
12,1,1,1,1,0,1,0,0,0,0,0,0,1,1,0,0,1,1,1,0,0,0,0,0,1,1,0,0,1,0,0,1,1,1,1,0,1,0,1,1,1,0,0,0,1,0,0,1,0,1,1,0,1,0,0.3148148148148148,432.7877538372364,1
13,0,0,0,0,0,0,1,1,1,1,0,0,0,1,1,1,0,0,0,1,0,1,1,1,0,0,1,1,0,1,1,0,0,0,0,0,0,1,1,0,0,0,1,1,0,0,1,0,1,0,0,1,0,1,0.35185185185185186,270.2233825883052,1
14,0,0,0,0,0,0,1,1,1,1,0,1,0,0,1,1,0,0,0,1,0,1,1,1,0,0,1,0,0,1,1,0,0,0,0,0,0,1,1,0,1,0,1,1,0,0,1,0,1,0,0,1,0,1,0.3333333333333333,306.6785891665774,1
15,0,0,0,0,0,0,1,1,1,1,0,1,0,0,1,1,0,0,0,1,0,1,1,1,0,0,1,1,0,1,1,0,0,0,1,0,0,1,1,1,0,0,1,1,0,0,1,0,1,0,0,1,0,1,0.35185185185185186,292.5803303315364,1
16,0,0,0,1,1,0,1,1,1,0,0,1,0,1,1,1,0,0,0,1,1,1,1,1,0,0,1,0,0,1,1,0,0,0,0,0,0,1,1,0,0,1,1,1,0,1,1,0,1,0,0,0,0,1,0.3333333333333333,526.9683524489873,1
17,1,1,1,1,0,1,0,0,0,0,1,0,1,0,0,0,1,1,1,0,0,0,0,0,1,1,0,0,1,0,0,1,1,1,0,1,1,0,1,1,1,0,0,0,1,1,0,1,0,1,1,0,1,0,0.3333333333333333,549.8577814396166,1
18,0,0,0,0,0,0,1,1,1,0,0,1,0,0,1,1,0,0,0,1,0,0,1,1,0,0,1,0,0,1,1,0,0,0,0,0,0,1,1,0,0,0,1,1,0,0,1,0,1,0,0,1,0,1,0.2962962962962963,298.69254492056956,1
19,0,0,0,0,0,0,1,1,1,0,0,1,0,1,1,1,0,0,0,1,0,1,1,1,0,0,1,0,0,1,0,0,0,0,1,0,0,1,1,0,0,0,1,1,0,0,1,0,1,0,0,1,0,1,0.37037037037037035,355.95289390778254,1
20,1,1,1,1,0,1,0,0,0,0,1,0,1,1,0,0,1,1,1,0,0,0,0,0,1,1,0,0,1,0,1,1,1,1,1,0,1,0,1,0,1,0,0,0,1,0,0,1,0,1,1,0,1,0,0.2962962962962963,391.96930496684763,1
21,0,0,0,0,0,0,1,1,1,1,0,1,0,0,1,1,0,0,0,1,0,1,1,1,0,0,1,1,0,1,1,0,0,0,0,0,0,1,1,1,0,0,1,1,0,0,1,0,1,0,0,1,0,1,0.2962962962962963,308.75633539478684,1
22,1,1,1,1,0,1,0,0,0,0,1,0,1,1,0,0,1,1,1,0,0,0,0,0,1,1,0,0,1,0,0,1,1,1,1,0,1,0,0,1,1,0,0,0,1,1,0,1,0,1,1,0,0,0,0.25925925925925924,286.1369595040435,1
23,0,0,0,0,0,0,1,1,1,0,0,1,0,0,1,1,0,0,0,1,0,1,1,1,0,0,1,1,0,1,1,0,0,0,0,0,0,1,1,1,0,0,1,1,0,0,1,0,1,0,0,0,0,1,0.3148148148148148,299.1639401229177,1
24,1,1,1,0,0,1,0,0,0,0,1,0,1,1,0,0,1,1,1,0,0,0,0,0,1,1,0,0,1,0,1,1,1,1,1,1,1,0,1,0,1,0,0,0,1,0,0,1,0,1,1,0,1,0,0.2962962962962963,553.1664213427148,1
25,1,1,1,1,0,1,0,0,0,0,1,0,1,1,0,0,1,1,1,0,0,0,1,0,1,1,0,0,1,0,0,1,1,1,1,1,1,0,0,1,1,0,0,0,1,1,0,1,0,1,1,0,1,0,0.35185185185185186,372.7708920601939,1
26,1,1,1,0,0,1,0,0,0,0,1,1,1,1,0,0,1,1,1,0,0,0,0,0,1,1,0,1,1,0,0,1,1,1,1,0,1,0,1,0,1,0,0,0,1,0,0,1,0,1,1,0,0,0,0.2962962962962963,341.3576903103491,1
27,0,0,0,1,0,0,1,1,1,1,0,1,0,0,1,1,0,0,0,1,0,0,1,1,0,0,1,0,0,1,1,0,0,0,0,0,0,1,1,1,0,0,1,1,0,0,1,0,1,0,0,1,0,1,0.3333333333333333,324.2920321643843,1
28,1,1,1,1,0,1,0,0,0,0,1,0,1,1,0,0,1,1,1,0,0,0,0,0,1,1,0,0,1,0,1,1,1,1,1,0,1,0,1,1,1,0,0,0,1,0,0,1,0,1,1,0,1,0,0.3148148148148148,418.26325579745793,1
29,1,1,1,1,0,1,0,0,0,0,1,0,1,1,0,0,1,1,1,0,0,0,0,0,1,1,0,1,1,0,0,1,1,1,1,0,1,0,0,1,1,0,0,0,1,0,0,1,0,1,1,0,1,0,0.3148148148148148,314.6596223425434,1
30,1,1,1,1,0,1,0,0,0,0,0,0,1,1,0,0,1,1,1,0,0,0,0,0,1,1,0,0,1,0,0,1,1,1,1,0,1,0,1,0,1,1,0,0,1,0,0,1,0,1,1,1,1,0,0.2962962962962963,594.6564242200169,1
31,1,1,1,0,0,1,0,0,0,0,0,0,1,0,0,0,1,1,1,0,1,0,0,0,1,1,0,0,1,0,0,1,1,1,1,0,1,0,1,0,1,0,0,0,1,1,0,1,0,1,0,0,1,0,0.25925925925925924,318.512978548829,1
32,0,0,0,0,1,0,1,1,1,0,0,1,0,0,1,1,0,0,0,1,0,1,0,1,0,0,1,0,0,1,1,0,0,0,0,0,0,1,1,1,1,0,1,1,0,0,1,0,1,0,0,1,0,1,0.35185185185185186,285.6215973588275,1
33,0,0,0,0,0,0,1,1,1,0,0,1,0,0,1,1,0,0,0,1,0,1,1,1,0,0,1,0,0,1,1,0,0,0,1,0,0,1,1,0,0,1,1,1,0,0,1,0,1,0,0,0,0,1,0.35185185185185186,281.35220359096786,1
34,1,1,1,1,0,1,0,0,0,0,1,0,1,1,0,0,1,1,1,0,0,0,0,0,1,1,0,1,1,0,0,1,1,1,1,0,1,0,1,0,0,0,0,0,0,0,0,1,0,1,1,0,1,0,0.2777777777777778,274.693314599168,1
35,1,0,1,1,0,1,0,0,0,0,1,0,1,0,0,0,1,1,1,0,0,0,0,0,1,1,0,0,1,0,0,1,1,1,1,0,1,0,1,1,1,0,0,0,1,1,0,1,0,1,0,0,1,0,0.2962962962962963,359.70978155274554,1
36,0,0,0,0,0,0,1,1,1,1,0,1,0,1,1,1,0,0,0,1,1,0,0,1,0,0,0,1,0,1,1,0,0,0,0,0,0,1,0,1,0,1,1,1,0,0,1,0,1,0,0,1,0,1,0.2962962962962963,305.11972467309135,1
37,0,0,0,0,0,0,1,1,1,1,0,1,0,1,1,1,0,0,0,1,0,1,1,1,1,0,1,0,0,1,1,0,0,0,0,0,0,1,1,1,0,1,1,1,0,0,1,0,1,0,0,1,0,1,0.3333333333333333,339.9451436245204,1
38,0,0,0,0,0,0,1,1,1,1,0,1,0,1,1,1,0,0,0,1,0,1,1,1,0,0,0,0,0,1,1,0,0,0,0,0,0,1,1,0,0,1,1,1,0,1,1,0,1,0,0,1,1,1,0.3148148148148148,268.773632666416,1
39,0,0,0,0,1,0,1,1,1,0,0,1,0,0,1,1,0,0,0,1,1,1,0,1,0,0,1,0,0,1,1,0,0,0,0,0,0,1,1,0,1,0,1,1,0,0,1,0,1,0,0,1,0,1,0.37037037037037035,410.4473807039591,1
40,1,1,1,1,0,1,0,0,0,0,1,0,1,1,0,0,1,1,1,0,0,0,1,0,1,1,0,0,1,0,0,1,1,1,1,0,1,0,1,0,1,0,0,0,1,1,0,1,0,1,1,0,1,0,0.2962962962962963,354.0185078830959,1
41,1,1,1,1,0,1,0,0,0,0,1,0,1,1,0,0,1,1,1,0,0,0,0,0,1,1,0,0,1,0,0,1,1,1,1,0,1,0,1,0,1,1,0,0,1,1,0,1,0,1,1,0,1,0,0.3148148148148148,538.178614393956,1
42,1,1,1,1,0,1,0,0,0,0,1,0,1,1,0,0,1,1,1,0,0,0,0,0,1,1,0,1,1,0,1,1,1,1,1,0,1,0,0,1,1,0,0,0,0,0,0,1,0,1,0,0,1,0,0.2222222222222222,214.42883124689993,1
43,0,0,0,0,1,0,1,1,1,1,0,1,0,1,1,1,0,0,0,1,0,1,1,1,0,0,1,0,0,1,1,0,0,0,0,0,0,1,1,1,0,1,1,1,0,1,1,0,1,0,0,1,0,1,0.3888888888888889,349.616827624719,1
44,0,0,0,0,0,0,1,1,1,1,0,1,0,1,1,1,0,0,0,1,1,0,1,0,0,0,1,0,0,1,1,0,0,0,1,0,0,1,1,1,0,0,1,1,0,0,1,0,1,0,0,1,0,1,0.37037037037037035,346.64902395671044,1
45,0,0,0,0,0,0,1,1,1,1,0,1,0,1,1,1,0,0,0,1,0,1,1,1,0,0,1,0,0,1,1,0,0,0,0,0,0,1,1,1,0,0,1,1,0,1,1,0,1,0,0,0,0,1,0.35185185185185186,373.45262765291386,1
46,0,0,0,0,1,0,1,1,0,1,0,1,0,0,1,1,0,0,0,1,1,1,1,1,0,0,1,0,0,1,1,0,0,0,1,0,0,1,1,0,0,0,1,1,0,0,1,0,1,0,0,1,0,1,0.3333333333333333,362.7695801773031,1
47,0,0,0,0,1,0,1,1,1,1,0,1,0,1,1,1,0,0,0,1,0,0,1,1,0,0,1,1,0,1,1,0,0,0,0,0,0,1,1,1,1,0,1,1,0,0,1,0,1,0,0,1,0,1,0.3888888888888889,352.4526646356738,1
48,0,0,0,0,1,0,1,1,1,0,0,1,0,0,1,1,0,0,0,1,1,1,1,1,0,0,1,1,0,1,1,0,0,0,0,0,0,1,1,0,0,1,1,1,0,1,1,0,1,0,0,0,0,1,0.2962962962962963,410.53307393719945,1
49,0,0,0,0,0,0,1,1,1,0,0,1,0,0,1,1,0,0,0,1,0,1,1,1,0,0,1,0,0,1,1,0,0,0,0,0,0,1,1,0,0,0,1,1,0,1,1,0,0,0,0,1,0,1,0.3148148148148148,314.4373355141218,1
50,1,1,1,0,1,1,0,0,0,0,0,0,1,0,0,0,1,1,1,0,0,0,0,0,1,1,0,0,1,0,0,1,1,1,1,0,1,0,0,0,1,0,0,0,1,0,0,1,0,1,1,0,1,0,0.2777777777777778,313.4921597305349,1
51,0,0,0,0,0,0,1,1,1,1,0,1,0,0,1,1,0,0,0,1,0,0,1,1,0,0,1,0,0,1,1,0,0,0,0,0,0,1,1,1,0,0,1,1,0,0,1,0,0,0,0,1,0,1,0.24074074074074073,316.27198487697706,1
52,0,0,0,0,0,0,1,1,1,0,0,1,0,0,1,1,0,0,0,1,1,1,1,1,0,0,0,0,0,1,1,0,0,0,0,0,0,1,1,1,1,1,1,1,0,0,1,0,1,0,0,1,0,1,0.2777777777777778,291.3739602367356,1
53,0,0,0,0,0,0,1,1,1,0,0,1,0,0,1,0,0,0,0,1,1,0,1,1,0,0,1,0,0,1,1,0,0,0,1,0,0,1,1,1,0,0,1,1,0,0,1,0,1,0,0,1,0,1,0.3148148148148148,347.70704859726453,1
54,1,0,1,1,1,1,0,0,0,0,1,0,1,1,0,0,1,1,1,0,0,0,0,0,1,1,0,1,1,0,0,1,1,1,1,0,1,0,0,1,0,0,0,0,1,0,0,1,0,1,1,0,1,0,0.3333333333333333,289.06653632073017,1
55,0,0,0,0,0,0,0,1,1,1,0,1,0,0,1,1,0,0,0,1,1,1,1,1,0,0,1,1,0,1,1,0,0,0,0,0,0,1,1,0,0,0,1,1,0,0,1,0,1,0,0,0,0,1,0.2962962962962963,446.1913182382429,1
56,0,0,0,0,1,0,1,1,1,1,0,1,0,0,1,1,0,0,0,1,0,1,1,1,0,0,1,0,0,1,1,0,0,1,1,0,0,1,1,0,0,1,1,1,0,0,1,0,1,1,0,0,0,1,0.3333333333333333,315.01594118363516,1
57,0,0,0,0,0,0,1,1,1,0,0,1,0,0,1,1,0,0,0,1,0,1,1,1,0,0,1,0,0,1,1,0,0,0,0,0,0,1,1,0,0,1,1,1,0,0,1,0,0,0,0,1,0,1,0.2962962962962963,287.6909925665187,1
58,1,1,1,0,0,1,0,0,0,0,1,0,1,1,0,0,1,1,0,0,0,0,0,0,1,1,0,0,1,0,0,1,1,1,1,0,1,0,1,0,1,0,0,0,1,0,0,1,0,1,1,0,1,0,0.3333333333333333,403.81978780123166,1
59,0,1,0,0,0,0,1,1,1,0,0,1,0,0,1,1,0,0,0,1,1,1,1,1,0,0,1,0,0,1,1,0,0,0,0,0,0,1,1,1,0,0,1,1,0,0,1,0,1,0,0,1,0,1,0.37037037037037035,478.3049557813825,1
60,1,0,1,0,0,1,0,0,0,0,1,0,1,0,0,0,1,1,1,0,0,0,0,0,1,1,0,0,1,0,0,1,1,1,1,1,1,0,0,0,1,1,0,0,1,1,0,1,0,1,1,0,1,0,0.35185185185185186,696.8456888765863,1
61,0,0,0,0,1,0,1,1,1,0,0,1,0,1,1,1,0,0,0,1,0,1,1,1,0,0,1,0,0,1,1,0,0,0,1,0,0,1,1,1,0,0,1,1,0,0,1,0,1,0,0,1,0,1,0.37037037037037035,370.12419030452696,1
62,0,0,0,0,0,0,1,1,1,1,0,1,0,1,1,1,0,0,0,1,0,0,1,1,0,0,1,0,0,1,1,0,0,0,0,0,0,1,1,0,0,0,1,1,0,0,1,0,1,0,0,1,0,1,0.35185185185185186,376.275594391992,1
63,0,0,0,0,0,0,1,1,1,1,0,1,0,0,1,1,0,0,0,1,0,0,1,0,0,0,1,0,0,1,1,0,0,0,0,0,0,1,0,0,0,0,1,1,0,1,1,0,1,0,0,1,0,1,0.2777777777777778,271.54440000691284,1
64,0,0,0,0,0,0,1,1,1,1,0,1,0,1,1,1,0,0,0,1,0,1,1,1,0,0,1,0,0,1,1,0,0,0,0,0,0,1,1,1,0,1,1,1,0,1,1,0,1,0,0,1,0,1,0.37037037037037035,311.57344865567393,1
65,1,1,1,0,0,1,0,0,0,0,1,0,1,1,0,0,1,1,1,0,1,0,0,0,1,1,0,1,1,0,0,1,1,1,1,0,1,0,1,1,1,0,0,0,1,0,0,1,0,1,1,0,1,0,0.3333333333333333,393.6418357133902,1
66,1,1,1,1,0,1,0,0,1,0,1,0,1,0,0,0,1,1,1,0,0,0,0,0,0,1,0,0,1,0,0,1,1,0,1,1,1,0,1,0,1,0,0,0,1,0,0,1,0,1,1,0,1,0,0.2962962962962963,467.84305373618633,1
67,0,0,0,0,1,0,1,0,0,1,0,1,0,0,1,1,0,0,0,1,0,1,1,1,0,0,1,0,0,1,1,0,0,0,0,0,0,1,1,0,0,1,1,1,0,1,1,0,1,0,0,1,0,1,0.35185185185185186,247.4781780230538,1
68,0,0,0,1,0,0,1,1,1,1,0,1,0,1,1,1,0,0,0,1,1,1,1,1,0,0,1,0,0,1,1,0,0,0,0,0,0,1,1,1,0,0,1,1,0,0,1,0,1,0,0,1,0,1,0.4074074074074074,566.9400769114753,1
69,1,1,1,1,1,1,0,0,0,0,1,0,1,0,0,0,1,1,1,0,0,1,0,0,1,1,0,0,1,0,0,1,1,1,1,0,1,0,1,0,1,1,0,0,1,0,0,1,0,1,1,0,1,0,0.3148148148148148,476.577918514943,1
70,1,0,1,1,0,1,0,0,0,0,1,0,1,0,0,0,1,1,1,0,0,0,0,0,1,1,1,0,1,0,0,1,1,1,1,0,1,0,1,1,0,0,0,0,0,0,0,1,0,1,1,0,1,0,0.2777777777777778,283.76619233368467,1
71,0,0,0,1,1,0,1,1,1,1,0,1,0,0,1,1,0,0,0,1,0,1,1,1,0,0,1,0,0,1,1,0,0,0,0,0,0,1,1,1,0,0,1,1,0,1,1,0,1,0,0,1,0,1,0.4074074074074074,380.98051915685176,1
72,0,0,0,0,0,0,1,1,1,0,1,0,0,1,1,1,0,0,0,1,0,0,1,1,0,0,1,0,0,1,1,0,0,0,0,0,0,1,1,0,0,0,1,1,0,0,1,0,1,0,0,1,0,1,0.3333333333333333,286.4890513253579,1
73,0,0,0,0,1,0,1,1,1,0,0,1,0,0,1,1,0,0,0,1,0,0,0,1,1,0,1,1,0,1,1,0,0,0,0,0,0,1,1,1,1,0,0,1,0,0,1,0,1,0,0,1,0,1,0.2777777777777778,291.52474119736274,1
74,0,0,0,1,0,0,1,1,1,1,0,1,0,1,1,1,0,0,0,1,0,0,1,1,0,0,1,0,0,1,1,0,0,0,0,0,0,1,1,1,0,0,0,1,0,1,1,0,1,0,0,1,0,1,0.37037037037037035,378.08688955397554,1
75,1,1,1,1,0,1,0,0,0,0,0,0,1,0,0,0,1,1,0,0,0,1,0,0,1,1,0,0,1,0,0,1,1,1,1,0,1,0,1,0,0,1,0,0,1,1,0,1,0,1,1,0,0,0,0.2962962962962963,496.45954110563105,1
76,1,1,1,0,0,1,0,0,0,1,1,0,1,1,0,0,1,1,1,0,0,0,0,0,1,1,0,0,1,0,1,1,1,1,1,0,1,0,0,0,1,0,0,0,0,0,0,1,0,1,0,0,1,0,0.24074074074074073,223.92842723872045,1
77,1,1,1,0,0,1,0,0,0,0,1,0,1,0,0,0,1,1,1,0,0,0,0,0,1,1,0,0,1,0,0,1,1,0,1,0,1,0,1,1,1,0,0,0,1,0,0,1,0,1,1,0,1,0,0.35185185185185186,429.21326160193917,1
78,1,1,1,1,0,1,0,0,0,1,1,0,1,0,0,0,1,1,1,0,0,0,0,0,1,1,0,0,1,0,0,1,1,1,1,0,1,0,1,0,1,0,0,0,0,0,0,1,0,1,1,0,1,0,0.2962962962962963,292.19286235780714,1
79,1,1,1,1,0,1,0,0,0,0,1,0,0,1,0,0,1,1,1,0,1,0,0,0,1,1,0,0,1,0,0,1,1,1,1,0,1,0,1,0,0,0,0,0,1,1,0,1,0,1,1,0,0,0,0.2962962962962963,329.03178204749173,1
80,0,0,1,0,0,0,1,1,0,1,0,0,0,0,1,1,0,0,0,1,0,0,1,0,0,0,1,0,0,1,1,0,0,0,0,0,0,1,1,0,0,0,1,1,0,0,1,0,1,0,0,1,0,1,0.24074074074074073,194.79428205229576,1
81,1,0,1,1,0,1,0,0,0,0,1,0,1,0,0,0,1,1,1,0,0,0,0,0,1,1,0,0,1,0,0,1,1,1,1,0,1,0,0,1,1,0,0,0,0,0,0,1,0,1,1,0,1,0,0.3333333333333333,251.18486607859916,1
82,0,0,0,0,0,0,1,1,0,1,0,0,0,1,1,1,0,0,0,1,0,0,1,1,0,0,1,0,0,1,1,0,0,0,0,0,0,1,0,1,0,0,1,1,0,0,1,0,0,0,0,1,0,1,0.2962962962962963,217.3187031607381,1
83,0,0,0,0,0,0,1,1,1,0,0,1,0,0,1,1,0,0,0,1,0,1,1,1,0,0,1,0,0,1,1,0,0,0,1,0,0,1,1,1,0,0,1,1,0,1,1,0,0,0,0,1,1,1,0.3148148148148148,277.371411305035,1
84,0,0,0,1,1,0,0,1,0,1,0,1,0,0,1,1,0,0,0,1,0,0,1,1,0,0,1,0,0,1,1,0,0,0,0,0,0,1,1,0,0,0,1,1,0,0,1,0,1,0,0,1,0,1,0.3148148148148148,267.6061304014854,1
85,0,0,0,1,0,0,1,1,1,1,0,1,0,1,1,1,0,0,0,1,0,0,1,1,0,0,1,0,0,1,1,0,0,0,0,1,0,1,1,1,0,0,1,1,0,0,1,0,1,0,0,0,0,1,0.3333333333333333,350.4459304305472,1
86,1,1,1,1,0,1,0,0,0,0,1,0,1,0,0,0,1,1,1,0,0,0,1,0,1,1,0,0,1,0,0,1,1,1,1,0,1,0,1,0,1,1,0,0,1,1,0,1,0,1,1,0,1,0,0.3888888888888889,525.9140417575892,1
87,0,0,0,0,1,0,1,0,1,1,0,1,0,0,1,0,0,0,0,1,1,0,1,1,0,0,1,0,0,1,1,0,0,0,0,0,0,1,1,1,1,0,1,1,0,0,1,0,1,0,0,0,0,1,0.25925925925925924,377.3917710598838,1
88,0,0,0,1,0,0,1,1,1,1,0,1,0,0,1,1,0,0,0,1,0,1,1,1,0,0,1,0,0,1,1,0,0,0,0,0,0,1,1,1,0,0,1,1,0,0,1,0,1,0,0,0,0,1,0.37037037037037035,362.0462669359917,1
89,1,1,1,1,0,1,0,0,0,0,1,0,1,1,0,0,1,1,0,0,0,1,0,0,1,1,0,0,1,0,0,1,1,1,1,0,1,0,1,1,1,0,0,0,1,1,0,1,1,1,1,0,1,0,0.3333333333333333,446.7703672291338,1
90,1,1,1,1,0,1,0,0,0,1,1,0,1,0,0,0,1,1,1,0,0,1,0,0,0,1,0,1,1,0,1,1,1,1,1,1,1,0,0,0,1,0,0,0,0,0,0,1,0,1,1,0,0,0,0.24074074074074073,278.2213407153765,1
91,0,0,0,0,0,0,1,1,1,0,0,1,0,0,1,1,0,0,0,1,0,0,1,1,0,0,1,0,0,1,1,0,0,0,0,0,0,1,1,1,0,0,1,1,0,0,1,0,1,0,0,1,0,1,0.37037037037037035,284.07369319491863,1
92,0,0,0,0,1,0,1,1,1,1,0,1,0,1,1,1,0,0,0,1,0,1,1,1,0,0,1,0,0,1,1,0,0,0,0,0,0,1,1,1,0,0,1,1,0,0,1,0,1,1,0,1,0,1,0.35185185185185186,399.5387557396971,1
93,0,0,0,1,0,0,1,1,1,1,0,1,0,1,1,1,0,0,0,1,1,1,1,1,0,0,0,1,0,1,1,0,0,0,0,0,0,1,1,0,0,0,1,1,0,0,1,0,1,0,0,0,0,1,0.37037037037037035,433.0944290744323,1
94,1,1,1,0,0,1,0,0,0,1,1,0,1,0,0,0,1,1,1,0,0,0,0,0,1,1,0,0,1,0,1,1,1,1,1,1,1,0,0,0,0,0,0,0,1,1,0,1,0,1,1,0,0,0,0.3148148148148148,352.0141777255842,1
95,1,1,1,0,0,1,0,0,0,0,1,1,1,0,0,0,1,1,0,0,0,0,0,0,1,1,0,0,1,0,0,1,1,1,1,0,1,0,0,1,0,0,0,0,1,0,0,1,0,1,1,0,1,0,0.2777777777777778,292.62372150365223,1
96,1,1,1,1,0,1,0,0,0,1,1,0,1,0,0,0,1,1,1,0,0,0,1,0,1,1,0,0,1,0,0,1,1,1,1,0,1,0,0,1,1,0,0,0,1,0,0,1,0,1,1,0,1,0,0.2777777777777778,280.93144581364066,1
97,1,1,1,0,0,1,1,0,0,0,1,0,1,1,0,0,1,1,1,0,1,0,0,0,1,1,0,0,1,0,0,1,1,1,1,0,1,0,1,1,1,0,0,0,1,1,0,1,0,0,0,0,1,0,0.2962962962962963,290.31724314019846,1
98,1,1,1,1,0,1,0,0,0,1,1,0,1,1,0,0,1,1,1,0,0,0,0,0,1,1,0,1,1,0,1,1,1,1,0,0,1,0,0,0,0,1,0,0,1,1,0,1,1,1,1,0,1,0,0.3333333333333333,362.23634387259153,1
99,1,1,1,1,0,1,0,0,0,0,1,0,1,1,0,0,1,1,0,0,0,0,0,0,1,1,0,1,1,0,1,1,1,1,1,0,1,0,0,0,1,0,0,0,0,0,0,1,0,1,1,0,1,0,0.3333333333333333,254.07785722395482,1
