,0,1,2,3,4,5,6,7,8,9,10,11,12,13,14,15,16,17,18,19,20,21,22,23,24,25,26,27,28,29,30,31,32,33,34,35,36,37,38,39,40,41,42,43,44,45,46,47,48,49,50,51,52,53,chain_break_fraction,energy,num_occurrences
0,0,1,1,1,0,0,0,1,1,0,1,0,1,0,1,1,0,0,0,0,1,0,0,1,1,1,1,1,0,0,1,0,1,1,1,0,0,0,0,0,0,0,0,0,0,1,1,0,0,0,1,1,1,0,0.2962962962962963,626.9145447574045,1
1,0,1,1,1,0,0,0,1,1,0,1,0,1,0,0,1,0,0,0,0,1,0,0,1,1,1,1,1,0,0,1,1,1,1,1,0,0,1,1,0,0,0,1,0,0,1,1,0,0,0,1,1,1,0,0.3148148148148148,298.2319192895539,1
2,0,1,1,1,0,0,0,1,1,1,1,0,1,0,0,1,0,0,0,0,1,0,0,1,1,1,1,1,0,0,1,1,1,1,1,0,0,1,1,0,0,0,1,0,0,1,0,0,0,0,1,1,1,0,0.2777777777777778,329.54101160239026,1
3,0,1,1,1,0,0,0,1,1,0,1,0,1,0,0,1,0,0,0,0,1,0,0,1,1,1,1,1,0,0,1,1,1,1,1,0,0,0,1,0,0,0,1,0,0,1,1,0,0,0,1,1,1,0,0.2777777777777778,314.2718329845701,1
4,0,1,1,1,0,0,0,1,1,0,1,0,1,0,1,1,0,0,0,0,1,0,0,1,1,1,1,1,0,0,1,1,1,1,1,0,0,0,0,0,0,0,0,0,0,1,1,0,1,0,1,1,1,0,0.35185185185185186,522.5677880924272,1
5,0,1,1,1,0,0,1,1,1,0,1,0,1,0,0,1,0,0,0,0,1,0,0,1,1,1,1,1,0,0,1,1,1,1,1,0,0,1,0,0,0,0,0,0,0,1,1,0,0,0,1,1,1,0,0.3148148148148148,375.9651880686408,1
6,0,1,1,1,0,0,0,1,1,0,1,0,1,0,0,1,0,0,0,0,1,1,0,1,1,1,1,1,0,0,1,0,1,1,1,0,0,0,1,0,0,0,0,0,0,1,1,0,0,0,1,1,1,0,0.3148148148148148,379.81010045412665,1
7,0,1,1,1,0,0,0,1,1,0,1,0,1,0,0,1,0,0,0,0,1,0,1,1,1,1,1,1,0,0,1,1,1,0,1,0,0,1,0,0,0,0,0,0,0,1,1,0,0,0,1,1,1,0,0.3148148148148148,434.6249878580494,1
8,0,1,1,1,0,0,0,1,1,0,1,0,1,0,0,1,0,0,0,0,1,0,0,1,1,1,1,1,0,0,1,1,1,1,1,0,0,0,0,0,0,0,0,0,0,1,1,0,0,0,1,1,1,0,0.3333333333333333,394.37403689456136,1
9,0,1,1,1,0,0,0,1,1,0,1,0,1,0,0,1,0,0,0,0,1,0,0,1,1,1,1,1,0,0,1,1,1,1,1,0,1,1,1,0,0,0,0,0,0,1,1,0,0,0,1,1,1,0,0.2962962962962963,297.18561786763604,1
10,0,1,1,1,0,0,0,1,1,0,1,0,1,0,1,1,0,0,0,0,1,0,0,1,1,1,1,1,0,0,1,0,1,1,0,0,0,0,1,0,0,0,1,0,0,1,0,0,0,0,1,1,1,1,0.2962962962962963,466.7732209898206,1
11,0,1,1,1,0,0,0,1,1,0,1,0,1,0,1,1,0,0,0,0,1,1,0,1,1,1,1,1,0,0,1,1,1,1,1,0,0,1,0,0,0,0,0,0,0,1,1,0,0,0,1,0,1,0,0.3333333333333333,567.3579339786046,1
12,0,1,1,1,0,0,0,1,1,0,1,0,1,0,0,1,0,0,0,0,1,0,0,1,1,1,1,1,0,0,1,1,1,1,1,0,0,0,0,0,0,0,0,0,0,1,1,0,0,0,1,1,1,0,0.3148148148148148,394.37403689456136,1
13,0,1,1,1,0,0,0,1,1,0,1,0,1,0,0,1,0,0,0,0,1,1,0,1,1,1,1,1,0,0,1,0,1,1,0,0,0,0,0,0,0,0,1,0,0,1,1,0,0,0,1,1,1,0,0.3148148148148148,511.62903890902044,1
14,0,1,1,1,0,0,1,1,1,1,1,0,1,0,0,1,0,0,0,0,1,0,0,1,1,1,1,1,0,0,1,0,1,1,1,0,0,1,0,0,0,0,0,0,0,1,0,0,0,0,1,1,1,0,0.2962962962962963,514.2821976365974,1
15,0,1,1,1,0,0,0,1,1,0,1,0,1,0,0,1,0,0,0,0,1,1,0,1,1,1,1,1,0,0,1,1,1,1,1,0,0,1,0,0,0,0,0,0,0,1,0,0,0,0,1,1,1,0,0.35185185185185186,418.38838406433143,1
16,0,1,1,1,0,0,0,1,1,1,1,0,1,0,1,1,0,0,0,0,1,0,0,1,1,1,1,1,0,0,1,1,1,1,1,0,0,0,1,0,0,0,1,0,0,1,0,0,0,0,1,1,1,1,0.2777777777777778,414.935773608282,1
17,0,1,1,1,0,0,0,1,1,1,1,0,1,0,0,1,0,0,0,0,1,0,1,1,1,1,1,1,0,0,1,1,1,1,1,0,0,1,0,0,0,0,0,0,0,1,1,0,0,0,1,1,1,0,0.3333333333333333,442.25770650531473,1
18,0,1,1,1,0,0,0,1,1,0,1,0,1,0,0,1,0,0,0,0,1,0,1,1,1,1,1,1,0,0,1,1,1,1,1,0,0,1,0,0,0,0,0,0,0,1,0,0,0,0,1,1,1,1,0.3148148148148148,369.01652771302366,1
19,0,1,1,1,0,0,0,1,1,0,1,0,1,0,0,1,0,0,0,0,1,0,0,1,1,1,1,1,0,0,1,0,1,1,1,0,0,0,1,0,0,0,1,0,0,1,1,0,0,0,1,1,1,0,0.3148148148148148,335.13645386780246,1
20,0,1,1,1,0,0,0,1,1,1,1,0,1,0,0,1,0,0,0,0,1,0,0,1,1,1,1,1,0,0,1,1,1,1,1,0,0,1,1,0,0,0,1,0,0,0,0,0,0,0,1,1,1,1,0.3333333333333333,306.3943535383952,1
21,0,1,1,1,0,0,0,1,1,0,1,0,1,0,1,1,0,0,0,0,1,1,0,1,1,1,1,1,0,0,1,1,1,1,0,0,0,1,0,0,0,0,1,0,0,1,1,0,0,0,1,1,1,0,0.3333333333333333,560.7051633291288,1
22,0,0,1,1,0,0,0,1,1,0,1,0,1,0,0,1,0,0,0,0,1,0,0,1,1,1,1,1,0,0,1,1,1,1,1,0,0,0,1,0,0,0,0,0,0,1,0,0,0,0,1,1,1,0,0.2777777777777778,313.24609978720133,1
23,0,1,1,1,0,0,1,1,1,0,1,0,1,0,0,1,0,0,0,0,1,0,0,1,1,1,1,1,0,0,1,1,1,1,0,0,0,0,1,0,0,0,1,0,0,1,1,0,0,0,1,1,1,0,0.35185185185185186,363.6728967528246,1
24,0,1,1,1,0,0,0,1,1,0,1,0,1,0,0,1,0,0,0,0,1,0,0,1,1,1,1,1,0,0,1,1,1,1,1,0,0,1,1,0,0,0,0,0,0,1,1,0,0,0,1,1,1,0,0.3333333333333333,305.0696777286252,1
25,0,1,1,1,0,0,0,1,1,1,1,0,1,0,0,1,0,0,0,0,1,1,0,1,1,1,1,1,0,0,1,1,1,1,1,0,1,0,0,0,0,0,1,0,0,1,0,0,0,0,1,1,1,0,0.3333333333333333,453.32181437488583,1
26,0,1,1,1,0,0,0,0,1,0,1,0,1,0,0,1,0,0,0,0,1,0,0,1,1,1,1,1,0,0,1,1,0,1,1,0,0,0,1,0,0,0,1,0,0,1,0,0,1,0,1,1,1,1,0.24074074074074073,266.2699845170899,1
27,0,1,1,1,0,0,0,1,1,0,1,0,1,0,0,1,0,0,0,0,1,1,0,1,1,1,1,1,0,0,1,1,1,1,1,0,0,1,1,0,0,0,0,0,0,1,1,0,0,0,1,1,1,1,0.3148148148148148,306.5051866109825,1
28,0,1,1,1,0,0,1,1,1,0,1,0,1,0,0,1,0,0,0,0,1,0,0,1,1,1,1,1,0,0,1,1,1,1,0,0,0,0,0,0,0,0,1,0,0,1,1,0,0,0,1,1,1,1,0.2962962962962963,367.7584184427489,1
29,0,1,1,1,0,0,0,1,1,0,1,0,1,0,0,1,0,0,0,0,1,1,0,1,1,1,1,1,0,0,1,0,1,1,1,0,0,0,0,0,0,0,1,0,0,1,0,0,0,0,1,1,1,0,0.3148148148148148,507.02432999480396,1
30,0,1,1,1,0,0,0,1,1,0,1,0,1,0,1,1,0,0,0,0,1,0,0,1,1,1,1,1,0,0,1,1,1,0,1,0,0,0,0,0,0,0,1,0,0,1,1,0,0,0,1,1,1,0,0.3333333333333333,558.9723452959961,1
31,0,1,1,1,0,0,0,1,1,0,1,0,1,0,1,1,0,0,0,0,1,1,0,1,1,1,1,1,0,0,1,1,1,1,1,0,0,1,0,0,0,0,0,0,0,1,1,0,0,0,1,1,1,0,0.37037037037037035,530.0181580543267,1
32,0,1,1,1,0,0,1,1,1,0,1,0,1,0,0,1,0,0,0,0,1,0,0,1,1,1,1,1,0,0,1,0,1,1,1,0,0,0,1,0,0,0,0,0,0,1,0,0,0,0,1,1,1,0,0.3333333333333333,424.12436393452754,1
33,0,1,1,1,0,0,0,1,1,1,1,0,1,0,0,0,0,0,0,0,1,1,0,1,1,1,1,1,0,0,1,1,1,0,1,0,0,1,0,0,0,0,0,0,0,1,1,0,0,0,1,1,1,0,0.2777777777777778,401.20594523833563,1
34,0,1,1,1,0,0,0,1,1,0,1,0,1,0,0,1,0,0,0,0,1,1,0,1,1,1,1,1,0,0,1,0,1,1,1,0,0,0,1,0,0,0,0,0,0,1,0,0,0,0,1,1,1,1,0.3148148148148148,345.67163437148537,1
35,0,1,1,1,0,0,0,1,1,0,1,0,1,0,0,0,0,0,0,0,1,0,0,1,1,1,1,1,0,0,1,0,1,1,1,0,1,1,0,0,0,0,0,0,0,1,0,0,0,0,1,1,1,0,0.3333333333333333,372.75638753957014,1
36,0,1,1,1,0,0,0,1,1,0,1,0,1,0,0,0,0,0,0,0,1,0,0,1,1,1,1,1,0,0,1,1,1,1,1,0,0,0,0,0,0,0,1,0,0,1,1,0,0,0,1,1,1,0,0.3333333333333333,343.27219865534585,1
37,0,1,1,1,0,0,0,1,1,0,1,0,1,0,0,1,0,0,0,0,1,0,0,1,1,1,1,1,0,0,1,1,1,1,0,0,0,0,0,0,0,0,0,0,0,1,0,0,0,0,1,1,1,0,0.3888888888888889,509.081813157075,1
38,1,1,1,1,0,0,0,1,1,0,1,0,1,0,1,1,0,0,0,0,1,1,0,1,1,1,1,1,0,0,1,0,1,1,1,0,0,1,1,0,0,0,1,0,0,1,1,0,0,0,1,1,1,0,0.2962962962962963,478.64623966470583,1
39,0,1,1,1,0,0,0,1,1,1,1,0,1,0,0,1,0,0,0,0,1,1,0,1,1,1,1,1,0,0,1,1,1,1,1,0,0,0,0,0,0,0,1,0,0,1,1,0,0,0,1,1,0,1,0.3148148148148148,395.9978524828531,1
40,0,1,1,1,0,0,0,1,1,0,1,0,1,0,0,1,0,0,0,0,1,1,1,1,1,1,1,1,0,0,1,1,1,1,1,0,0,0,0,0,0,0,1,0,0,1,0,0,0,0,1,1,1,0,0.2777777777777778,529.2725465796526,1
41,0,1,1,1,0,0,0,1,1,0,1,0,1,0,0,1,0,0,0,0,1,1,0,1,1,1,1,1,0,0,1,1,0,1,1,0,0,1,0,0,0,0,0,0,0,1,1,0,0,0,1,1,1,0,0.3333333333333333,459.59247388779033,1
42,0,1,1,1,0,0,1,1,1,0,1,0,1,0,0,1,0,0,0,0,1,1,0,1,1,1,1,1,0,0,1,0,1,0,1,0,0,0,0,0,0,0,0,0,0,1,1,0,0,0,1,1,1,1,0.2777777777777778,439.6466305361684,1
43,0,1,1,1,0,0,0,1,1,0,1,0,1,0,0,1,0,0,0,0,1,1,1,1,1,1,1,1,0,0,1,1,1,1,1,0,0,1,0,0,0,0,0,0,0,1,0,0,0,0,1,1,1,1,0.3148148148148148,396.8630770096409,1
44,0,1,1,1,0,0,0,1,1,0,1,0,1,0,0,1,0,0,0,0,1,0,0,1,1,1,1,1,0,0,1,0,1,1,0,0,0,0,1,0,0,0,1,0,0,1,1,0,0,0,1,1,1,1,0.37037037037037035,314.64368268591517,1
45,0,1,1,1,0,0,0,1,1,1,1,0,1,0,0,1,0,0,0,0,1,0,0,1,1,1,1,1,0,0,1,1,1,1,1,0,0,1,0,0,0,0,0,0,0,1,1,0,0,0,1,1,1,0,0.3333333333333333,377.51253864658935,1
46,0,1,1,1,0,0,0,1,1,0,1,0,1,0,1,1,0,0,0,0,1,1,0,1,1,1,1,1,0,0,1,0,1,0,1,0,0,1,1,0,0,0,0,0,0,1,1,0,0,0,1,1,1,0,0.3333333333333333,504.3061073872786,1
47,0,1,1,1,0,0,0,1,1,0,1,0,1,0,0,1,0,0,0,0,1,0,0,1,1,1,1,1,0,0,1,1,1,1,0,0,0,1,0,0,0,0,0,0,0,1,0,0,0,0,1,1,1,1,0.3148148148148148,352.411366558599,1
48,0,1,1,1,0,0,0,1,1,0,1,0,1,0,0,1,0,0,0,0,1,0,1,1,1,1,1,1,0,0,1,0,1,1,1,0,1,0,0,0,0,0,1,0,0,1,0,0,0,0,1,1,1,1,0.2962962962962963,405.81686451196487,1
49,0,0,1,1,0,0,1,1,1,0,1,0,1,0,0,1,0,0,0,0,1,0,0,1,1,1,1,1,0,0,1,1,1,1,1,0,0,1,0,0,0,0,1,0,0,1,0,0,0,0,1,1,1,0,0.2962962962962963,340.31929906480616,1
50,0,1,1,1,0,0,1,1,1,1,1,0,1,0,0,0,0,0,0,0,1,0,0,1,1,1,1,1,0,0,1,1,1,1,0,0,0,0,0,0,0,0,1,0,0,1,1,0,0,0,1,1,0,0,0.3148148148148148,522.3023623809797,1
51,0,1,1,1,0,0,0,1,1,0,1,0,1,0,0,1,0,0,0,0,1,1,0,1,1,1,1,1,0,0,1,1,1,1,1,0,0,0,0,0,0,0,0,0,0,1,1,0,0,0,1,1,1,0,0.2962962962962963,426.5054711643554,1
52,0,1,1,1,0,0,0,1,0,0,1,0,1,0,1,1,0,0,0,0,1,1,0,1,1,1,1,1,0,0,1,1,0,0,1,0,0,1,0,0,0,0,0,0,0,1,1,0,1,0,1,1,1,0,0.3148148148148148,465.7092121719112,1
53,0,0,1,1,0,0,1,1,1,0,1,0,1,0,0,1,0,0,0,0,1,0,0,1,1,1,1,1,0,0,1,1,1,1,1,0,1,0,0,0,0,0,0,0,0,1,1,0,0,0,1,1,1,0,0.2962962962962963,346.3098421257533,1
54,0,1,1,1,0,0,0,1,1,0,1,0,1,0,0,1,0,0,0,0,1,0,0,1,1,1,1,1,0,0,1,1,1,1,1,0,0,0,0,0,0,0,1,0,0,0,0,0,0,0,1,1,1,0,0.2777777777777778,441.0364858875239,1
55,0,1,1,1,0,0,1,1,1,0,1,0,1,0,0,1,0,0,0,0,1,0,0,1,1,1,1,1,0,0,1,1,1,1,0,0,1,1,0,0,0,0,1,0,0,1,0,0,0,0,1,1,1,1,0.3148148148148148,337.42695296774235,1
56,0,1,1,1,0,0,0,1,1,0,1,0,1,0,0,1,0,0,0,0,1,0,0,1,1,1,1,1,0,0,1,1,1,1,1,0,0,0,1,0,0,0,1,0,0,0,0,0,0,0,1,1,1,0,0.37037037037037035,351.80962742279405,1
57,0,1,1,1,0,0,0,1,1,0,1,0,1,0,0,1,0,0,0,0,1,1,0,1,1,1,1,1,0,0,1,1,1,1,0,0,0,1,0,0,0,0,1,0,0,1,0,0,0,0,1,1,1,0,0.3148148148148148,444.89615422096404,1
58,0,1,1,1,0,0,0,1,1,0,1,0,1,0,0,1,0,0,0,0,1,1,0,1,1,1,1,1,0,0,1,1,1,1,1,0,1,0,0,0,0,0,1,0,0,1,0,0,1,0,1,1,1,0,0.3148148148148148,388.0222337104471,1
59,0,0,1,1,0,0,0,0,1,0,1,0,1,0,0,1,0,0,0,0,1,1,1,1,1,1,1,1,0,0,1,0,1,1,1,0,0,0,1,0,0,0,0,0,0,1,1,0,0,0,1,1,1,1,0.25925925925925924,300.7896447959245,1
60,0,1,1,1,0,0,0,1,1,0,1,0,1,0,0,1,0,0,0,0,1,0,0,1,1,1,1,1,0,0,1,0,1,1,1,0,0,0,0,0,0,0,0,0,0,1,1,0,0,0,1,1,1,0,0.3333333333333333,442.083705318354,1
61,0,1,1,1,0,0,0,1,1,0,1,0,1,0,0,0,0,0,0,0,1,0,0,1,1,1,1,1,0,0,1,1,0,1,0,0,1,0,1,0,0,0,0,0,0,1,0,0,1,0,1,1,1,0,0.3333333333333333,390.5278629526215,1
62,0,1,1,1,0,0,1,1,1,0,1,0,1,0,0,1,0,0,0,0,1,0,0,1,1,1,1,1,0,0,1,1,1,1,1,0,0,0,0,0,0,0,1,0,0,1,1,0,0,0,1,1,1,0,0.2962962962962963,400.4311220938605,1
63,0,1,1,1,0,0,0,1,1,0,1,0,1,0,0,1,0,0,0,0,1,1,0,0,1,1,1,1,0,0,1,1,1,1,1,0,1,0,0,0,0,0,0,0,0,0,1,0,0,0,1,1,1,0,0.3333333333333333,294.18954382341235,1
64,0,1,1,1,0,0,1,1,1,0,1,0,1,0,0,0,0,0,0,0,1,0,0,1,1,1,1,1,0,0,1,0,1,1,0,0,0,0,0,0,0,0,0,0,0,1,0,0,0,0,1,1,1,0,0.2962962962962963,579.6903071359068,1
65,1,1,1,1,0,0,0,1,1,1,1,0,1,0,0,1,0,0,0,0,1,0,1,1,0,1,1,1,0,0,1,1,1,1,1,0,0,1,0,0,0,0,1,0,0,1,1,0,0,0,1,1,1,1,0.2777777777777778,346.1579882206964,1
66,0,1,1,1,0,0,0,1,0,0,1,0,1,0,1,1,0,0,0,0,1,0,0,1,1,1,1,1,0,0,1,1,1,1,0,0,0,1,0,0,0,0,0,0,0,1,0,0,0,0,1,1,1,0,0.37037037037037035,447.15958488469846,1
67,0,0,1,1,0,0,1,1,1,0,1,0,1,0,0,1,0,0,0,0,1,1,1,1,1,1,1,1,0,0,1,1,1,1,1,0,0,0,0,0,0,0,0,0,0,1,1,0,0,0,1,1,1,0,0.37037037037037035,469.7162764230809,1
68,0,1,1,1,0,0,0,1,1,0,1,0,1,0,0,1,0,0,0,0,1,0,0,1,1,1,1,1,0,0,1,1,1,1,1,0,0,0,1,0,0,0,1,0,0,0,1,0,0,0,1,1,1,0,0.3148148148148148,324.78443113064486,1
69,0,1,1,1,0,0,0,1,1,0,1,0,1,0,0,1,0,0,0,0,1,1,1,1,1,1,1,1,0,0,1,1,1,0,0,0,0,0,0,0,0,0,0,0,1,1,1,0,0,0,1,1,1,0,0.3148148148148148,486.8652249519203,1
70,0,1,1,1,0,0,1,1,1,0,1,0,1,0,0,1,0,0,0,0,1,1,1,1,1,1,1,1,0,0,1,1,1,1,1,0,0,1,0,0,0,0,0,0,0,1,1,0,0,0,1,0,1,0,0.2962962962962963,509.4633019648007,1
71,0,1,1,1,0,0,0,1,1,0,1,0,1,0,0,1,0,0,0,0,1,1,0,1,1,1,1,1,0,0,1,1,1,0,0,0,0,0,1,0,0,0,0,0,0,1,1,0,0,0,1,1,1,0,0.3148148148148148,407.9632094250075,1
72,0,1,1,1,0,0,0,1,1,0,1,0,1,0,1,1,0,0,0,0,1,0,0,1,1,1,1,1,0,0,1,1,1,1,1,0,0,0,1,0,0,0,0,0,0,1,1,0,1,0,1,1,1,0,0.3333333333333333,426.14912854505457,1
73,0,1,1,1,0,0,0,1,1,0,1,0,1,0,0,1,0,0,0,0,1,0,0,1,1,1,1,1,0,0,1,1,1,1,0,0,0,1,0,0,0,0,1,0,0,1,0,0,0,0,1,1,1,1,0.3148148148148148,333.22181203702394,1
74,0,0,1,1,0,0,0,1,1,0,1,0,1,0,0,1,0,0,0,0,1,0,0,1,1,1,1,1,0,0,1,1,1,1,1,0,0,0,0,0,0,0,0,0,0,0,1,0,0,0,1,1,1,1,0.35185185185185186,304.1969530558725,1
75,1,1,1,1,0,0,0,1,1,0,1,0,1,0,0,1,0,0,0,0,1,1,0,1,1,1,1,1,0,0,1,1,1,1,1,0,0,0,0,0,0,0,0,0,0,1,0,0,0,0,1,1,1,0,0.3333333333333333,517.830944720754,1
76,0,1,1,1,0,0,1,1,1,0,1,0,1,0,1,1,0,0,0,0,1,0,0,1,1,1,1,1,0,0,1,0,1,1,1,0,0,0,0,0,0,0,1,0,0,1,0,0,0,0,1,1,1,0,0.37037037037037035,712.5598660276169,1
77,0,1,1,1,0,0,0,1,0,0,1,0,1,0,1,1,0,0,0,0,1,0,0,1,1,1,1,1,0,0,1,0,1,1,0,0,0,0,1,0,0,0,1,0,0,1,1,0,0,0,1,1,1,0,0.3148148148148148,378.29329321398916,1
78,0,1,1,1,0,0,0,1,1,0,1,0,1,0,0,0,0,0,0,0,1,0,0,1,1,1,1,1,0,0,1,1,1,1,1,0,0,0,0,0,0,0,1,0,0,0,1,0,0,0,1,1,0,0,0.3148148148148148,414.30553011460387,1
79,0,1,1,1,0,0,0,1,1,0,1,0,1,0,0,1,0,0,0,0,1,0,0,1,1,1,1,1,0,0,1,1,1,1,1,0,1,0,0,0,0,0,0,0,0,1,0,0,0,0,1,1,1,0,0.3333333333333333,411.9185651839868,1
80,0,1,1,1,0,0,0,1,1,1,1,0,1,0,0,1,0,0,1,0,1,0,0,1,1,1,1,1,0,0,1,0,1,1,1,0,0,0,1,0,0,0,0,0,0,1,0,0,0,0,1,1,1,0,0.3333333333333333,459.247741482715,1
81,1,0,0,0,1,1,1,0,0,0,0,1,0,1,0,0,1,1,1,1,0,1,0,1,0,0,0,0,1,1,0,0,0,0,0,1,0,0,1,1,1,1,1,1,1,0,0,1,1,1,0,0,1,1,0.3333333333333333,613.5952350908777,1
82,0,1,1,1,0,0,0,1,1,0,1,0,1,0,0,1,0,0,0,0,1,0,0,1,1,1,1,1,0,0,1,1,1,1,0,0,0,0,0,0,0,0,0,0,0,1,0,0,0,0,1,1,1,0,0.37037037037037035,509.081813157075,1
83,1,0,0,0,1,1,1,0,0,1,0,1,0,1,0,0,1,1,1,1,0,1,0,1,0,0,0,0,1,1,0,0,0,0,0,1,0,0,1,1,1,1,1,1,1,0,0,1,0,1,0,0,1,1,0.3333333333333333,554.5750371552015,1
84,0,1,1,1,0,0,0,1,1,0,1,0,1,0,0,1,0,0,0,0,1,0,0,1,1,1,1,1,0,0,1,0,1,1,0,0,0,0,0,0,0,0,0,0,0,1,0,0,0,0,1,1,1,0,0.4074074074074074,579.690307135907,1
85,0,0,1,1,0,0,0,1,1,0,1,0,1,0,0,1,0,0,0,0,1,1,0,1,1,1,1,1,0,0,1,1,1,1,0,0,0,0,0,0,0,0,1,0,0,1,0,0,0,0,1,0,1,1,0.2777777777777778,372.7905448086422,1
86,0,1,1,1,0,0,0,1,1,0,1,0,1,0,0,0,0,0,0,0,1,1,0,1,1,1,1,1,0,0,1,0,1,1,1,0,0,0,0,0,0,0,0,0,0,1,0,0,0,0,1,0,1,0,0.37037037037037035,541.9106888473974,1
87,0,1,1,1,0,0,0,1,1,0,0,0,1,0,0,1,0,0,0,0,1,0,0,1,1,1,1,1,0,0,1,1,1,0,0,0,0,0,1,0,0,0,0,0,0,0,1,0,0,0,1,1,1,0,0.3148148148148148,338.9083955461766,1
88,0,1,1,1,0,0,0,1,1,0,1,0,1,0,0,1,0,0,0,0,1,0,1,1,1,1,1,1,0,0,1,1,1,1,0,0,0,0,0,0,0,0,1,0,0,1,0,0,0,0,1,1,1,0,0.4074074074074074,558.8415908272649,1
89,0,1,1,1,0,0,0,1,1,0,1,0,1,0,0,1,0,0,0,0,1,0,0,1,1,1,1,1,0,0,1,1,1,0,1,0,1,0,0,1,0,0,1,0,0,0,0,0,0,0,1,1,1,1,0.3333333333333333,333.1752402520436,1
90,1,1,1,1,0,0,1,1,1,0,1,0,1,0,0,1,0,0,0,0,1,0,0,0,1,1,1,1,0,0,1,1,1,0,1,0,0,0,0,0,0,0,0,0,0,1,1,0,0,0,1,1,0,1,0.3888888888888889,316.19332460416206,1
91,1,0,0,1,1,1,0,0,0,0,1,1,0,1,0,0,1,1,1,1,0,1,0,1,0,0,0,0,1,1,0,0,0,0,0,1,0,1,1,1,1,1,1,1,1,0,0,1,1,1,0,0,1,0,0.2962962962962963,500.83165140203874,1
92,0,1,1,1,0,0,0,1,1,0,0,0,0,0,0,1,0,0,0,0,1,0,0,1,1,1,1,0,0,0,1,0,1,0,0,0,0,0,0,0,0,0,1,0,0,1,0,0,0,0,1,1,1,0,0.3148148148148148,483.42724493141463,1
93,0,1,1,1,0,0,0,1,1,1,1,0,1,0,1,1,0,0,0,0,1,1,1,1,1,1,1,1,0,0,1,1,1,1,1,0,0,0,0,0,0,0,0,0,0,1,0,0,0,0,1,1,1,0,0.37037037037037035,839.1135927875794,1
94,0,1,1,1,0,0,1,1,1,1,1,0,1,0,0,1,0,0,0,0,1,0,0,1,1,1,1,1,0,0,1,1,1,1,1,0,0,0,1,0,0,0,1,0,0,1,1,0,0,0,1,1,1,0,0.3148148148148148,357.68047408990174,1
95,0,1,1,1,0,0,0,1,0,0,1,0,1,0,0,1,0,0,0,0,1,1,1,0,1,1,1,1,0,0,1,1,0,1,0,0,1,1,0,0,0,0,0,0,0,1,0,0,0,0,1,1,1,0,0.35185185185185186,303.68944983523926,1
96,0,1,1,1,0,0,1,1,1,0,0,0,0,0,0,1,0,0,0,0,1,0,0,1,1,1,1,1,0,0,1,0,1,1,1,0,0,0,0,0,0,0,1,0,0,0,1,0,0,0,1,1,1,0,0.3333333333333333,369.4610913103757,1
97,0,1,1,1,0,0,1,1,1,0,1,0,1,0,0,1,0,0,0,0,1,0,0,1,1,1,1,1,0,0,0,1,1,1,1,0,1,0,0,0,0,0,1,0,0,1,0,0,0,0,1,1,1,0,0.37037037037037035,444.2905742518134,1
98,0,1,1,1,0,0,1,1,1,0,1,0,1,0,0,1,0,0,0,0,1,0,0,1,1,1,1,1,0,0,1,1,1,1,0,0,0,0,1,0,0,0,0,0,0,1,1,0,0,0,1,1,1,1,0.42592592592592593,328.59254089607873,1
99,0,0,0,0,1,1,1,0,0,1,1,1,0,1,1,0,1,1,1,1,0,1,1,1,0,0,0,0,1,1,0,0,0,0,0,1,0,0,1,1,1,1,1,1,0,1,0,1,1,1,0,0,1,1,0.2777777777777778,426.1156545748414,1
