,0,1,2,3,4,5,6,7,8,9,10,11,12,13,14,15,16,17,18,19,20,21,22,23,24,25,26,27,28,29,30,31,32,33,34,35,36,37,38,39,40,41,42,43,44,45,46,47,48,49,50,51,52,53,chain_break_fraction,energy,num_occurrences
0,0,1,0,1,1,1,0,0,1,0,0,1,1,1,0,1,0,1,1,1,0,1,1,1,0,0,0,1,1,1,0,0,1,1,0,1,1,0,0,1,1,0,1,0,1,1,0,1,1,0,0,1,1,0,0.3148148148148148,309.42158850440904,1
1,1,0,1,0,0,0,1,0,0,1,1,0,0,1,1,0,1,0,0,0,1,0,0,0,1,1,1,0,0,1,1,0,0,0,1,0,0,1,0,0,0,1,1,1,0,0,1,0,0,1,1,0,0,1,0.2962962962962963,267.99670165889455,1
2,0,1,0,1,1,1,0,0,1,0,0,1,1,0,0,1,0,1,1,1,0,1,1,1,0,0,0,1,0,0,0,0,1,1,0,1,1,0,0,1,1,0,0,0,1,1,0,1,1,0,0,1,1,1,0.2777777777777778,332.94392231230916,1
3,1,0,1,0,0,0,1,1,0,1,1,0,0,1,1,0,1,0,0,0,1,0,0,0,1,1,1,0,0,1,1,1,0,0,1,0,0,1,1,1,0,1,1,1,1,0,1,0,0,1,1,0,0,1,0.2777777777777778,481.6469827718242,1
4,0,1,1,1,1,1,0,1,1,1,0,1,1,0,0,1,0,1,1,1,0,1,1,1,0,0,0,1,0,0,0,0,1,1,0,1,1,0,0,1,1,0,0,0,1,1,0,1,1,0,0,1,1,1,0.25925925925925924,482.41018615670555,1
5,0,1,0,1,1,1,0,1,1,0,0,1,0,0,0,1,0,1,1,1,0,1,1,1,0,0,0,1,1,0,0,0,1,1,0,1,1,0,0,1,1,0,0,0,1,1,0,1,1,0,0,1,1,0,0.2962962962962963,330.59890690147176,1
6,1,0,1,0,0,0,1,1,0,0,1,0,0,1,1,0,1,0,0,0,1,0,0,0,1,1,1,1,0,1,1,1,0,0,1,0,0,1,0,0,0,1,1,1,1,0,1,0,0,1,1,0,0,1,0.2962962962962963,385.9730664317103,1
7,0,1,0,1,1,1,0,0,1,0,0,1,1,1,0,1,0,1,1,1,0,1,1,1,0,0,0,1,1,1,0,0,1,1,0,1,1,0,0,1,1,0,1,0,1,1,0,1,1,0,0,1,1,0,0.2962962962962963,309.42158850440904,1
8,0,1,1,1,1,1,0,0,1,0,0,1,1,0,0,1,0,1,1,1,0,1,1,1,1,0,0,1,0,0,0,0,1,1,0,1,1,0,0,1,1,0,0,0,1,1,0,1,1,0,0,1,1,0,0.2962962962962963,482.92110453601305,1
9,0,1,0,1,1,1,0,0,1,0,0,1,1,1,0,1,0,1,1,1,0,1,1,1,0,0,0,1,0,0,0,0,1,1,0,1,1,0,0,1,1,0,0,0,1,1,0,1,1,0,0,1,1,1,0.2962962962962963,351.3082373298224,1
10,1,1,1,1,1,1,0,0,1,0,0,1,1,0,0,1,0,1,1,1,0,1,1,1,0,0,0,1,1,0,0,0,1,1,0,1,1,0,0,1,1,0,0,0,1,1,0,1,1,0,0,1,1,0,0.2962962962962963,425.21522290505095,1
11,1,0,1,0,0,0,1,0,0,1,1,0,0,1,1,0,1,0,0,0,1,0,0,0,1,1,1,0,0,1,1,1,0,0,1,0,0,1,1,0,0,1,1,1,0,0,1,0,0,1,0,0,0,0,0.3148148148148148,236.8976085256716,1
12,0,1,0,0,1,1,0,0,1,0,0,1,1,0,0,1,0,1,1,1,0,1,1,1,0,0,0,1,0,1,0,0,1,1,0,1,1,0,1,1,1,0,0,0,0,1,0,1,1,0,0,1,1,0,0.2962962962962963,289.9428024186276,1
13,0,1,0,1,1,1,0,0,1,0,0,1,1,1,0,1,0,1,1,1,0,1,1,1,0,0,0,1,1,0,0,0,1,1,0,1,1,0,1,1,1,0,0,0,1,1,0,1,1,0,0,1,1,1,0.3148148148148148,364.2420133076009,1
14,1,0,1,0,0,0,1,1,0,1,1,0,0,0,1,0,1,0,0,0,1,0,0,0,1,1,1,0,1,1,1,0,0,0,1,0,0,1,1,0,0,1,1,1,0,0,1,0,0,1,1,0,0,0,0.37037037037037035,273.9065197483559,1
15,1,0,1,0,0,0,1,0,0,1,1,0,0,1,1,0,1,0,0,0,1,0,0,0,1,1,1,0,0,1,1,0,0,0,1,0,0,1,1,0,0,1,0,1,1,0,1,0,0,1,0,0,0,0,0.2777777777777778,257.7062703824773,1
16,0,1,0,0,1,1,0,0,1,0,0,1,1,0,0,1,0,1,1,1,0,1,1,1,0,0,0,0,0,0,0,0,1,1,0,1,1,0,0,1,1,0,0,0,1,1,0,1,1,0,0,1,1,1,0.2962962962962963,335.3026195083763,1
17,1,0,1,0,0,0,1,1,0,1,1,0,0,0,1,0,1,0,0,0,1,0,0,0,1,1,1,0,0,1,1,1,0,0,1,0,0,1,0,0,0,1,1,1,0,0,1,0,0,1,1,1,0,1,0.37037037037037035,302.0901073349933,1
18,0,1,0,1,1,1,0,0,1,0,0,1,1,1,0,1,0,1,1,1,0,1,1,1,0,0,0,1,1,0,0,0,1,1,0,1,1,0,0,1,1,0,0,0,1,1,0,1,1,0,1,1,1,0,0.2962962962962963,339.9359522937175,1
19,0,1,0,1,1,1,0,0,1,1,0,1,1,0,0,1,0,1,1,1,0,1,1,1,1,0,0,1,0,0,0,0,1,1,0,1,1,0,0,1,1,0,0,0,0,1,0,1,1,0,0,1,1,1,0.3148148148148148,373.9548906807821,1
20,0,1,0,1,1,1,0,0,1,0,0,1,1,0,0,0,0,1,0,1,0,1,1,1,0,0,0,1,0,0,0,0,1,1,0,1,1,0,0,1,1,0,1,0,1,1,0,1,1,0,0,1,1,1,0.25925925925925924,333.3313955174577,1
21,0,1,0,1,1,1,0,0,1,0,0,1,1,1,1,0,0,1,1,1,0,1,1,1,0,0,0,1,0,0,0,1,1,1,0,1,1,0,1,1,1,0,0,0,1,1,0,1,1,0,0,1,1,0,0.2777777777777778,383.7726161273265,1
22,1,0,1,0,0,0,1,0,0,0,1,0,0,1,1,0,1,0,0,0,1,0,0,0,1,1,1,0,1,0,1,1,0,0,1,0,0,1,0,0,0,1,1,1,0,0,1,0,0,1,1,1,0,1,0.2962962962962963,279.65803538329345,1
23,1,0,1,0,0,0,1,1,0,1,1,0,0,1,1,0,1,0,0,0,1,0,0,0,1,1,1,0,0,1,1,0,0,0,1,0,0,1,1,1,0,1,0,1,0,0,1,0,0,1,0,0,0,1,0.2962962962962963,266.4117238214387,1
24,1,0,1,0,0,0,1,0,0,1,1,0,0,0,1,0,1,0,0,0,1,0,0,0,1,1,1,0,0,1,1,0,0,0,1,0,0,1,1,0,0,1,1,1,0,0,1,0,0,1,0,0,0,0,0.2962962962962963,223.7588196772041,1
25,1,0,1,0,0,0,1,0,0,0,1,0,0,1,1,0,1,0,0,0,1,0,0,0,1,1,1,0,0,0,1,0,0,0,1,0,0,1,0,0,0,1,1,1,1,0,1,0,0,1,0,0,0,1,0.2777777777777778,266.7132633457944,1
26,0,0,1,0,0,0,1,0,0,1,1,0,0,1,1,0,1,0,0,0,1,0,0,0,1,1,1,0,0,1,1,0,0,0,1,0,0,1,1,0,0,1,1,1,0,0,1,0,0,1,1,0,0,0,0.3148148148148148,263.76895812634046,1
27,0,1,0,1,1,1,0,0,1,0,0,1,1,1,0,1,0,1,1,1,0,1,1,1,0,0,0,1,1,0,0,1,1,1,0,1,1,0,1,1,1,0,0,0,1,1,0,1,1,0,0,1,1,1,0.35185185185185186,395.9577075231382,1
28,0,1,1,1,1,1,0,0,1,0,0,1,1,0,0,0,0,1,1,1,0,1,1,1,0,0,0,1,0,0,0,0,1,1,0,1,1,0,0,1,1,0,0,0,1,1,0,1,1,0,0,1,1,1,0.3148148148148148,389.64054900848214,1
29,0,0,1,0,0,0,1,1,0,1,1,0,0,1,1,0,1,0,0,0,1,0,0,0,1,1,1,0,0,1,1,0,0,0,1,0,0,1,1,0,0,1,1,1,1,0,1,0,0,1,0,1,0,1,0.3333333333333333,331.98696838618577,1
30,0,0,1,0,0,0,1,0,0,1,1,0,0,1,1,0,1,0,0,0,1,1,0,0,1,1,1,0,1,1,1,1,0,0,1,0,0,1,1,0,0,1,1,1,1,0,1,0,0,1,0,0,0,1,0.2962962962962963,397.74357557985434,1
31,0,1,0,1,1,1,0,0,1,0,0,1,0,1,0,1,0,1,1,0,0,1,1,1,0,0,0,1,0,1,0,0,1,1,0,1,1,0,0,1,1,0,0,0,1,1,0,1,1,0,0,1,1,0,0.3148148148148148,296.8073113441685,1
32,1,0,1,0,0,0,1,1,0,1,1,0,0,1,1,0,1,0,0,0,1,0,0,0,1,1,1,0,0,1,1,0,0,0,1,0,0,1,1,1,0,1,1,1,0,0,1,0,0,1,1,0,1,1,0.3333333333333333,357.1154496557002,1
33,1,0,1,0,0,0,1,0,0,1,1,0,0,0,0,0,1,0,0,0,1,0,0,0,1,1,1,0,0,1,1,1,0,0,1,0,0,1,0,0,0,1,0,1,0,0,1,0,0,1,0,0,0,0,0.3148148148148148,175.46318766309534,1
34,0,1,0,1,1,1,0,0,1,1,0,1,1,0,0,1,0,1,1,1,0,1,1,1,0,0,0,1,1,0,0,1,1,1,0,1,1,0,1,0,1,0,1,0,1,1,0,0,1,0,0,1,1,1,0.2777777777777778,359.12995547469586,1
35,1,0,1,0,0,0,0,1,0,1,1,0,0,1,1,0,1,0,0,0,1,0,0,0,1,1,1,0,0,1,1,1,0,0,1,0,0,1,0,0,0,1,1,1,0,0,1,0,0,1,1,0,0,1,0.2962962962962963,289.05761177090665,1
36,0,1,0,0,1,1,0,0,1,0,0,1,1,1,0,1,0,1,1,1,0,0,1,1,0,0,0,1,0,0,0,0,1,1,0,1,1,0,1,1,1,0,0,0,1,1,0,0,1,0,1,1,1,0,0.2777777777777778,346.12109797073083,1
37,0,0,1,0,0,0,1,1,0,1,1,0,0,1,1,1,1,0,0,0,1,0,1,0,1,1,1,0,0,1,1,1,0,0,1,0,0,1,0,1,0,1,0,1,1,0,1,0,0,1,1,0,0,1,0.3148148148148148,348.32114821527927,1
38,0,0,0,0,0,0,1,0,0,1,1,0,0,1,1,0,1,0,0,0,1,1,0,0,0,1,1,0,0,1,1,1,0,0,1,0,0,1,1,0,0,1,1,1,0,0,1,0,0,1,1,0,0,1,0.24074074074074073,449.1851845138916,1
39,0,1,1,1,1,1,0,1,1,0,0,1,1,0,0,1,0,1,1,1,0,0,1,1,0,0,0,1,0,0,0,0,1,1,0,1,1,0,0,1,1,0,1,0,1,1,0,1,1,0,0,1,1,1,0.2962962962962963,424.30213425590364,1
40,1,0,1,0,0,0,1,1,0,1,1,0,0,1,1,0,1,0,0,0,1,0,0,0,1,1,1,0,1,1,1,1,0,0,1,0,0,1,1,0,0,1,1,1,0,0,1,0,0,1,0,1,0,0,0.2962962962962963,247.0494206722522,1
41,0,1,0,1,1,1,0,0,1,0,0,1,1,1,0,1,0,1,1,1,0,1,1,1,0,0,0,1,0,0,0,1,1,1,0,1,1,0,0,0,1,0,0,0,1,1,0,1,1,0,1,1,1,1,0.2777777777777778,397.5602982606117,1
42,1,0,1,0,0,0,1,0,0,1,1,0,0,1,0,1,1,0,0,0,1,0,0,0,1,1,1,0,0,1,1,0,0,0,1,0,0,1,1,0,0,1,1,1,0,0,1,0,0,1,1,0,0,0,0.3148148148148148,254.75214162447273,1
43,0,1,1,1,1,1,0,1,1,0,0,1,1,0,0,1,0,1,1,1,0,1,1,1,0,0,0,1,0,0,0,1,1,1,0,1,1,0,0,0,1,0,1,0,1,1,0,1,1,0,0,1,1,1,0.3148148148148148,445.4255980464077,1
44,0,1,1,1,1,1,0,0,1,0,0,1,1,0,1,1,0,1,1,0,0,1,1,1,0,0,0,1,1,0,0,0,1,1,0,1,1,0,0,1,1,0,1,0,1,1,0,1,1,0,0,1,1,1,0.2962962962962963,414.2267432079658,1
45,0,1,1,1,1,1,0,0,1,0,0,1,1,1,0,0,0,1,1,1,0,1,1,1,0,0,0,1,1,0,0,0,1,1,0,1,1,0,0,1,1,0,0,0,1,1,0,1,1,0,0,1,1,1,0.2962962962962963,387.55812417684626,1
46,0,1,0,1,1,1,0,1,1,1,0,1,1,0,0,1,0,1,1,1,0,0,1,1,1,0,0,1,0,0,0,0,1,1,0,1,1,0,0,1,1,0,0,0,1,1,0,1,1,0,1,1,1,1,0.2777777777777778,394.3018916565968,1
47,1,0,1,0,0,0,0,1,0,1,1,0,0,0,1,0,1,0,0,0,1,0,0,0,0,1,1,0,1,1,1,1,0,0,1,0,0,1,0,0,0,1,1,1,0,0,1,0,0,1,1,0,0,1,0.35185185185185186,325.40202719690717,1
48,1,0,1,0,0,0,1,0,0,0,1,0,0,1,1,0,1,0,1,0,1,0,0,0,1,1,1,0,0,1,1,0,0,0,1,0,0,1,1,0,0,1,1,1,0,0,1,0,1,1,1,0,0,0,0.3333333333333333,268.83110370586934,1
49,0,1,0,1,1,1,0,0,1,1,0,1,1,0,0,1,0,1,1,1,0,1,1,1,1,0,0,0,1,0,0,0,1,1,0,1,1,0,0,1,1,0,1,0,1,1,0,1,1,0,1,1,1,0,0.25925925925925924,353.3952352009518,1
50,0,1,0,1,1,1,0,1,1,0,0,1,0,1,1,1,0,1,1,1,0,1,1,1,1,0,0,1,0,0,0,0,1,1,0,1,1,0,1,1,1,0,0,0,1,1,0,1,1,0,0,1,1,0,0.2962962962962963,483.19896253711147,1
51,0,1,0,0,1,1,0,0,1,0,0,1,1,1,0,1,0,1,1,1,0,1,1,1,0,0,0,1,0,0,0,1,1,1,0,1,1,0,1,1,1,0,0,0,1,1,0,1,1,0,0,1,1,1,0.3148148148148148,387.7070319603765,1
52,0,1,0,1,1,1,0,0,1,0,0,1,1,1,0,1,0,1,1,1,0,1,1,1,0,0,0,1,1,0,0,1,1,1,0,1,1,0,1,1,1,0,0,0,1,1,0,1,1,0,0,0,1,1,0.3333333333333333,380.09986041536945,1
53,0,1,1,1,1,1,0,0,1,0,0,1,1,0,0,0,0,1,1,1,0,1,1,1,0,0,0,1,0,0,0,0,1,1,0,1,1,0,1,1,1,0,0,1,0,1,0,1,1,0,1,1,1,1,0.24074074074074073,404.8790189634249,1
54,0,1,1,0,1,1,0,1,1,0,0,1,1,1,0,1,0,1,1,1,0,1,1,1,0,0,0,0,1,0,0,0,1,1,0,1,1,0,1,1,1,0,0,0,1,1,0,1,1,0,0,1,1,1,0.3333333333333333,423.40771724999786,1
55,1,0,1,0,0,0,1,0,0,1,1,0,0,1,1,0,1,0,0,0,1,0,0,0,1,1,1,0,0,1,1,1,0,0,1,0,0,1,1,0,0,1,0,1,0,1,1,0,0,1,1,0,1,0,0.3333333333333333,301.0877012037981,1
56,0,0,1,1,0,0,1,1,0,1,1,0,0,1,1,0,1,0,0,0,1,0,0,0,1,1,1,1,1,1,1,1,0,0,1,0,0,1,1,1,0,1,1,1,1,0,1,0,0,1,1,0,0,0,0.3148148148148148,422.7001532655115,1
57,0,1,0,1,1,1,0,0,1,0,0,1,0,1,0,1,0,1,1,1,0,1,1,1,0,0,0,1,0,1,0,0,1,1,0,1,1,0,1,1,1,0,0,0,1,1,0,0,1,0,0,1,1,0,0.35185185185185186,319.2682635809838,1
58,0,1,0,1,1,1,0,0,1,0,0,1,1,1,0,1,0,1,0,1,0,1,1,1,0,0,0,1,0,0,0,0,1,1,0,1,1,0,1,1,1,0,1,0,1,1,0,0,1,0,0,1,1,1,0.2777777777777778,353.10851367926057,1
59,0,1,0,1,1,1,0,0,1,0,0,1,1,1,0,1,0,1,1,1,0,1,1,1,1,0,1,1,0,0,0,0,1,1,0,1,1,0,1,1,1,0,0,0,1,1,0,1,1,0,0,1,1,1,0.2962962962962963,433.3798367969291,1
60,0,1,0,1,1,1,0,0,1,0,0,1,0,0,0,1,0,1,1,1,0,0,1,1,0,0,0,1,1,0,0,0,1,1,0,1,1,0,0,1,1,0,0,0,1,1,0,0,1,0,0,0,1,0,0.2777777777777778,323.7523740865325,1
61,1,0,0,0,0,0,1,0,0,1,1,0,0,1,1,0,1,0,0,0,1,0,0,0,1,1,1,0,1,1,1,0,0,0,1,0,0,1,1,0,0,1,1,1,1,0,1,0,0,1,0,1,0,1,0.35185185185185186,448.99723465159366,1
62,0,1,1,1,1,1,0,0,1,0,0,1,1,1,0,0,0,1,1,1,0,1,1,1,0,0,0,1,0,0,0,1,1,1,0,1,1,0,0,0,1,0,0,0,1,1,0,1,1,0,0,1,1,1,0.3333333333333333,422.13018993491585,1
63,0,1,0,1,1,1,0,1,1,0,0,1,1,0,0,1,0,1,1,1,0,1,1,1,0,0,0,1,0,1,0,1,1,1,0,1,1,0,0,0,1,0,0,0,1,1,0,1,1,0,0,0,1,1,0.3148148148148148,353.237073953449,1
64,0,1,0,1,1,1,0,0,1,0,0,1,1,1,0,1,0,1,1,1,0,1,1,1,0,0,0,1,1,0,0,0,1,1,0,1,1,0,0,1,1,0,0,0,1,1,0,1,1,0,0,0,1,0,0.3333333333333333,347.60976975986614,1
65,1,0,1,0,0,0,1,1,0,1,1,0,0,1,1,0,1,0,0,0,1,1,1,0,1,1,1,0,0,1,1,1,0,0,1,0,0,1,1,0,0,1,0,1,1,0,1,0,0,1,0,0,0,1,0.2962962962962963,321.79913148281247,1
66,0,1,0,1,1,1,0,1,1,0,0,1,1,0,0,0,0,1,0,1,0,1,1,1,0,0,0,1,1,1,0,0,1,1,0,1,1,0,0,1,1,0,1,0,1,1,0,1,1,0,0,1,1,0,0.3333333333333333,313.69727478805777,1
67,0,1,0,1,1,1,0,0,1,0,0,1,0,1,0,1,0,1,1,1,0,0,1,1,0,0,0,1,0,1,0,0,1,1,0,1,1,0,0,1,1,0,0,0,1,1,0,1,1,0,0,1,1,0,0.2962962962962963,303.970163372417,1
68,1,0,1,0,0,0,1,0,0,1,1,0,0,0,1,0,1,0,0,0,1,0,0,0,0,1,1,0,0,1,0,0,0,0,1,0,0,1,0,0,0,1,0,1,0,0,1,0,0,1,1,0,0,0,0.35185185185185186,226.44606797849997,1
69,1,0,1,0,0,0,1,0,0,1,1,0,0,0,1,0,1,0,0,0,1,1,0,0,1,1,1,0,1,1,1,0,0,0,1,0,0,1,1,1,0,1,1,1,0,0,1,0,0,1,1,0,0,0,0.35185185185185186,286.26907327716907,1
70,0,1,0,1,1,1,0,0,1,0,0,1,1,1,1,1,0,1,1,1,0,0,1,1,0,0,0,1,0,0,0,0,1,1,0,1,1,0,0,1,1,0,1,1,1,1,0,1,1,0,0,1,1,1,0.2222222222222222,397.81508619156807,1
71,1,0,1,0,0,0,1,0,0,1,1,0,0,1,1,1,1,0,0,0,1,0,0,0,1,1,1,0,0,1,1,1,0,0,1,0,0,1,0,1,0,1,0,1,0,0,1,0,0,1,1,0,0,0,0.35185185185185186,252.2666699809535,1
72,0,0,1,0,0,0,1,0,0,1,1,0,0,1,1,0,1,0,0,0,1,0,0,0,1,1,1,0,0,1,1,0,0,0,1,0,0,1,1,0,0,1,1,1,1,0,1,0,0,1,1,0,0,0,0.3333333333333333,341.3028376242227,1
73,0,1,0,0,1,1,0,0,1,0,0,1,1,0,1,1,0,1,1,1,0,1,1,1,0,0,0,1,0,0,0,0,1,1,0,1,1,0,0,1,1,0,0,0,1,1,0,1,1,0,0,1,1,1,0.3333333333333333,378.5928884070861,1
74,0,1,1,1,1,1,0,0,1,0,0,1,1,1,0,0,0,1,1,1,0,1,1,1,0,0,0,1,1,0,0,0,1,1,0,1,1,0,1,1,1,0,0,0,1,1,0,1,1,0,0,1,1,0,0.3888888888888889,375.82086136411385,1
75,0,1,0,1,1,1,0,1,1,0,0,1,1,1,0,0,0,1,1,1,0,1,1,1,0,0,0,0,0,0,0,1,1,0,0,1,1,0,0,1,1,0,0,0,1,1,0,1,1,0,0,1,1,1,0.35185185185185186,385.0064027318724,1
76,0,0,0,0,0,0,1,0,0,0,1,0,1,1,1,0,1,0,0,0,1,0,0,0,1,1,1,0,0,1,1,0,0,0,1,0,0,1,0,0,0,1,1,1,1,0,1,0,0,1,0,0,0,0,0.2962962962962963,216.2473869360811,1
77,0,1,0,0,1,1,0,0,1,1,0,1,1,1,0,1,0,1,1,1,0,1,1,1,0,0,0,1,0,0,0,0,1,1,0,1,1,0,1,1,1,0,1,0,1,1,0,1,1,0,0,1,1,0,0.25925925925925924,339.2180068274993,1
78,1,0,1,0,0,0,1,1,0,0,1,0,0,0,1,0,1,0,0,0,1,0,0,0,1,1,1,0,0,1,1,0,0,0,1,0,0,1,0,0,0,1,1,1,0,0,1,0,0,1,1,0,0,1,0.3888888888888889,269.8053977525671,1
79,0,1,0,1,1,1,0,1,1,0,0,1,1,1,0,1,0,1,1,1,0,1,1,1,0,0,0,1,1,0,0,1,1,1,0,1,1,0,1,1,1,0,1,0,0,1,0,0,1,0,0,1,1,1,0.35185185185185186,358.41800144892886,1
80,0,1,1,1,1,1,0,0,1,0,0,1,1,0,1,0,0,1,0,1,0,0,1,1,1,0,0,1,1,0,0,0,1,0,0,1,1,0,0,1,1,0,0,0,1,1,0,1,1,0,0,1,1,1,0.2777777777777778,428.9271586839932,1
81,1,0,1,0,0,0,1,1,0,1,1,0,0,1,1,0,1,0,0,0,1,0,0,0,1,1,1,1,0,1,1,0,0,0,1,0,0,1,1,0,0,1,0,1,1,0,1,0,0,1,1,0,0,1,0.3148148148148148,394.01767216613763,1
82,0,1,0,1,1,1,0,0,1,0,0,1,1,1,0,0,0,1,1,1,0,1,1,1,0,0,0,1,0,0,0,1,1,0,0,1,1,0,0,1,1,0,1,0,1,1,0,1,1,0,0,1,1,1,0.3148148148148148,345.33074227282856,1
83,0,1,0,1,1,1,0,0,1,0,0,1,0,0,0,1,0,1,0,1,0,1,1,1,0,0,0,1,0,0,0,0,1,1,0,1,1,0,0,1,1,0,0,0,0,1,0,1,1,0,0,1,1,1,0.3333333333333333,307.00447919296266,1
84,0,1,1,1,1,1,0,0,1,0,0,1,0,0,0,1,0,1,0,1,0,1,1,1,1,0,1,1,0,0,0,0,1,1,0,1,1,0,0,1,1,0,0,0,1,1,0,1,1,0,0,1,1,1,0.2222222222222222,516.2949477783242,1
85,0,0,1,0,0,0,1,0,0,0,1,0,0,0,0,0,1,0,0,1,1,0,0,0,1,1,1,0,1,1,1,0,0,0,1,0,0,1,0,0,0,1,0,1,0,0,1,0,0,1,0,0,0,0,0.2777777777777778,173.87012631954545,1
86,1,0,1,0,0,0,1,1,0,1,1,0,0,1,1,0,1,0,0,0,1,0,0,0,1,1,1,0,0,1,1,1,0,0,1,0,0,1,0,1,0,1,1,1,0,0,1,0,0,1,1,1,0,1,0.3888888888888889,304.710147122178,1
87,0,0,1,1,0,0,1,1,0,1,1,0,0,1,0,0,1,0,0,0,1,1,0,0,1,1,1,0,1,1,1,1,0,0,1,0,0,1,0,0,0,1,1,1,1,1,1,0,0,1,0,0,0,1,0.3148148148148148,316.17326459507933,1
88,0,0,0,0,0,0,0,1,0,1,1,0,0,0,1,0,1,0,0,0,1,1,0,0,1,1,1,0,0,1,1,0,0,0,1,0,0,1,0,1,0,1,1,1,0,0,1,0,0,1,1,0,0,1,0.3888888888888889,296.818052195094,1
89,0,1,0,1,1,1,0,0,1,0,0,1,0,1,0,0,0,1,0,1,0,1,1,1,0,0,0,1,1,0,0,0,1,0,0,1,1,0,0,1,1,0,0,0,1,0,0,0,1,0,0,1,1,1,0.3333333333333333,334.1452341401397,1
90,1,1,0,1,1,1,0,0,1,0,0,1,1,1,0,0,0,1,1,0,0,1,0,1,0,0,0,1,1,0,0,0,1,1,0,1,1,0,0,1,1,0,0,0,1,1,0,0,1,0,0,1,1,1,0.3148148148148148,305.00634000946616,1
91,0,1,0,0,1,1,0,0,1,1,0,1,0,1,0,1,0,1,1,1,0,1,1,1,0,0,0,1,0,0,0,0,1,1,0,1,1,0,0,1,1,0,0,0,1,1,0,1,1,0,0,1,1,0,0.35185185185185186,354.4197738856588,1
92,1,0,1,0,0,0,1,0,0,1,1,0,0,1,1,0,1,0,0,0,1,0,0,0,1,1,1,0,0,1,1,0,0,0,1,0,0,1,1,0,0,1,1,1,0,0,1,0,0,1,1,0,0,0,0.35185185185185186,262.4740223965077,1
93,0,1,1,1,1,1,0,1,1,0,0,1,1,0,0,0,0,1,0,1,0,1,1,1,1,0,0,1,0,0,0,0,1,1,0,1,1,0,1,1,1,0,0,0,1,1,0,1,1,0,0,1,1,1,0.3148148148148148,416.813308895658,1
94,0,0,1,0,0,0,1,1,0,0,1,0,0,1,1,0,1,0,0,1,1,0,0,0,1,1,1,0,1,1,1,0,0,0,1,0,0,1,1,0,0,1,1,1,0,0,1,0,0,1,1,0,0,1,0.3888888888888889,330.35928719671017,1
95,0,1,0,1,1,1,0,0,1,0,0,1,1,1,0,1,0,1,1,1,0,1,1,1,0,0,0,1,0,0,0,0,1,1,0,1,1,0,0,0,1,0,1,0,1,1,0,1,1,0,0,1,1,1,0.3333333333333333,356.5644547210669,1
96,0,0,1,0,0,0,1,0,0,1,1,0,0,1,1,0,1,0,0,0,1,0,0,0,1,1,1,0,0,1,0,0,0,0,1,0,0,1,1,1,0,1,0,1,0,0,1,0,0,1,1,0,0,0,0.3148148148148148,257.5656493499433,1
97,0,1,1,1,1,1,0,1,1,0,0,1,1,1,0,1,0,1,0,1,0,1,1,0,0,0,0,1,0,0,1,0,1,1,0,1,1,0,0,1,1,0,1,0,1,1,0,0,1,0,1,1,1,1,0.2962962962962963,407.34550665588205,1
98,0,1,1,1,1,1,0,0,1,1,0,1,0,0,0,0,0,1,1,0,0,0,1,1,0,0,0,1,0,1,0,0,1,1,0,1,1,0,0,1,1,0,1,0,1,1,0,1,1,0,0,1,1,0,0.2962962962962963,325.4495161286128,1
99,0,1,1,1,1,1,0,0,1,0,0,1,0,0,0,1,0,1,1,1,0,1,1,1,0,0,0,1,0,0,0,0,1,1,0,1,1,0,0,1,1,0,0,0,1,1,0,1,1,0,1,1,1,1,0.3333333333333333,412.11018312469633,1
