,0,1,2,3,4,5,6,7,8,9,10,11,12,13,14,15,16,17,18,19,20,21,22,23,24,25,26,27,28,29,30,31,32,33,34,35,36,37,38,39,40,41,42,43,44,45,46,47,48,49,50,51,52,53,chain_break_fraction,energy,num_occurrences
0,1,1,0,0,0,1,1,0,0,0,1,1,0,1,1,0,1,1,0,1,1,0,0,1,0,0,1,1,0,0,1,0,1,0,0,1,0,1,0,1,1,1,1,1,0,0,1,1,0,0,0,1,1,0,0.3333333333333333,407.6990672353002,1
1,0,0,1,1,1,0,0,1,1,1,0,0,1,0,1,1,0,1,0,0,0,1,1,1,1,1,0,0,0,1,0,1,1,1,1,0,0,1,1,0,0,0,0,0,1,1,1,1,1,1,1,0,0,1,0.3333333333333333,409.86515204962495,1
2,1,0,0,0,0,1,1,0,0,0,1,1,0,1,1,0,1,1,0,1,1,0,0,1,0,0,1,1,1,0,1,0,0,0,0,1,0,1,0,1,1,1,1,1,0,0,1,1,0,0,0,1,1,0,0.3148148148148148,388.70107094709397,1
3,1,1,0,0,0,1,1,0,0,0,1,1,0,1,1,0,1,1,0,1,1,0,0,0,0,0,1,1,0,0,1,0,0,0,0,1,0,1,0,1,1,1,1,1,0,0,0,1,0,0,0,1,1,0,0.3148148148148148,406.92299179206145,1
4,0,1,1,1,1,0,0,1,1,1,0,0,1,0,1,1,0,1,1,0,0,1,1,1,1,1,0,0,0,1,0,1,0,1,1,0,1,1,1,0,0,0,0,0,1,1,1,1,1,1,1,0,0,1,0.3333333333333333,326.99663248883064,1
5,1,1,0,0,0,1,1,0,0,0,1,1,0,1,1,0,1,1,0,1,1,0,0,0,0,0,1,1,0,0,1,0,1,0,0,1,1,1,0,1,1,1,1,1,0,0,0,1,0,0,0,1,1,0,0.4074074074074074,325.59049894626787,1
6,1,0,0,0,0,1,1,0,0,0,1,1,0,1,1,0,1,1,1,1,1,0,0,0,0,0,1,1,0,0,1,0,1,0,0,1,1,1,0,1,1,1,0,1,0,0,0,1,0,0,0,1,1,0,0.37037037037037035,323.3994064833419,1
7,0,1,1,1,1,0,0,0,1,1,0,0,1,0,1,1,0,1,0,0,0,1,1,1,1,1,0,0,0,1,0,1,0,1,1,0,0,1,1,0,0,0,1,0,1,1,1,1,1,1,1,0,0,1,0.35185185185185186,336.4423641916542,1
8,1,1,0,0,0,1,1,0,0,0,1,1,0,1,1,0,1,1,0,1,1,0,0,1,0,0,0,1,0,0,1,0,0,0,0,1,1,1,0,1,1,1,0,1,0,0,1,1,0,0,0,1,1,0,0.35185185185185186,368.64593511631307,1
9,1,1,0,0,0,1,1,0,0,0,1,1,0,1,1,0,1,1,0,1,1,0,0,0,0,0,1,1,0,0,1,0,0,0,0,1,0,1,0,1,1,1,1,1,0,0,1,1,0,0,0,1,1,0,0.3333333333333333,365.2455887249101,1
10,1,1,0,0,0,1,1,0,0,0,1,1,0,1,1,0,1,1,1,1,1,0,0,1,0,0,1,1,1,0,1,0,1,0,0,1,0,1,0,1,0,1,1,1,0,0,0,1,0,0,0,1,1,0,0.3888888888888889,487.95102435342557,1
11,0,1,1,1,1,0,0,1,1,1,0,0,1,0,1,1,0,1,0,0,0,1,1,1,1,1,0,0,0,1,0,1,0,1,1,0,1,1,1,0,0,1,0,0,1,1,1,1,1,1,1,0,0,1,0.3888888888888889,391.8395608740765,1
12,0,0,1,1,1,0,0,1,1,1,0,0,1,0,1,1,0,1,1,0,0,1,1,1,1,1,0,0,0,1,0,1,0,1,1,0,0,0,1,0,0,0,0,0,1,1,1,1,1,1,1,0,0,1,0.3148148148148148,302.68623074485384,1
13,0,1,0,1,1,0,0,0,1,1,0,0,1,0,1,1,0,1,1,0,0,1,1,1,1,1,0,0,0,1,0,1,0,1,1,0,0,0,0,0,0,1,0,0,1,1,1,1,0,1,1,0,0,1,0.25925925925925924,287.7704696166946,1
14,0,1,1,1,1,0,0,1,1,1,0,0,1,0,1,1,0,1,1,0,0,1,1,1,1,1,0,0,1,1,0,1,0,0,1,0,1,1,1,0,0,1,0,0,1,1,1,1,1,1,1,0,0,1,0.37037037037037035,407.98029225517155,1
15,1,1,0,0,0,1,1,0,0,0,1,1,0,1,1,0,1,1,0,1,1,0,0,1,0,0,1,1,1,0,0,0,1,0,0,1,1,1,0,1,1,1,1,1,0,0,0,1,0,0,0,1,1,0,0.3333333333333333,408.67798761216164,1
16,0,1,1,1,1,0,0,1,1,1,0,0,1,0,1,1,0,1,1,0,0,1,1,1,1,1,0,0,0,1,0,1,0,1,1,0,0,0,1,0,0,1,0,0,1,1,1,1,1,1,1,0,0,1,0.37037037037037035,339.5291485508932,1
17,1,1,0,0,0,1,1,0,0,0,1,1,0,1,1,0,1,1,0,1,1,0,0,1,0,0,1,1,0,0,1,0,1,0,0,1,1,1,0,1,1,1,1,1,0,0,1,1,0,0,0,1,1,0,0.42592592592592593,388.7831376753473,1
18,0,0,1,1,1,0,0,0,1,1,0,0,1,0,1,1,0,1,1,0,0,1,1,1,1,1,0,0,0,1,1,1,0,1,1,0,0,1,1,0,0,0,0,0,1,1,1,1,1,1,1,0,0,1,0.3333333333333333,340.23341702313985,1
19,1,1,0,0,0,1,1,1,0,0,1,1,0,1,1,0,1,1,1,1,1,0,0,1,0,0,1,1,1,0,1,0,1,0,0,1,1,1,0,1,1,1,1,1,0,0,0,1,0,0,0,1,1,0,0.35185185185185186,476.6137016648252,1
20,0,0,1,1,1,0,0,1,1,1,0,0,1,0,1,1,0,1,1,0,0,1,1,1,1,1,0,0,1,1,0,1,0,1,1,0,0,1,1,0,0,1,1,0,1,1,1,0,1,1,1,0,0,1,0.35185185185185186,349.4885007240397,1
21,0,1,1,1,1,0,0,0,1,1,0,0,1,0,1,1,0,1,1,0,0,1,1,1,1,1,0,0,0,1,0,1,0,0,1,0,1,1,1,0,0,1,0,0,1,1,1,1,1,1,1,0,0,1,0.3333333333333333,383.511015063213,1
22,1,1,0,0,0,1,1,0,0,0,1,1,0,1,1,0,1,1,0,1,1,0,0,1,0,0,1,1,0,0,1,0,1,0,0,1,1,1,0,1,1,1,1,1,0,0,0,1,0,0,0,1,1,0,0.42592592592592593,426.6246941428829,1
23,1,1,0,0,0,1,1,1,0,0,1,1,0,1,1,0,1,1,0,1,1,0,0,1,0,0,1,1,0,0,1,0,1,0,0,1,0,1,0,1,1,1,0,1,0,0,1,1,0,0,0,1,1,0,0.3888888888888889,495.2034929420264,1
24,1,1,0,0,0,1,1,1,0,1,1,1,0,1,1,0,1,1,1,1,1,0,0,1,0,0,1,1,1,1,1,0,1,0,0,1,0,1,0,1,1,1,1,1,0,0,0,1,0,0,0,1,1,0,0.3333333333333333,459.78548539558807,1
25,1,1,0,0,0,1,1,0,0,0,1,1,0,1,1,0,1,1,1,1,1,0,0,1,0,0,1,1,0,0,1,0,1,0,0,1,0,1,0,1,1,1,1,1,0,0,0,1,0,0,0,1,1,0,0.37037037037037035,484.563444048853,1
26,1,1,0,0,0,1,1,0,0,0,1,1,0,1,1,0,1,1,0,1,1,0,0,1,0,0,1,1,0,0,1,0,1,0,0,1,1,1,0,1,1,1,1,1,0,0,1,1,0,0,0,1,1,0,0.37037037037037035,388.7831376753473,1
27,1,1,0,0,0,1,1,0,0,0,1,1,0,1,1,0,1,1,0,1,1,0,0,1,0,0,1,1,0,0,1,0,0,0,0,1,0,1,0,1,1,1,1,0,0,0,0,1,0,1,0,1,1,0,0.3148148148148148,555.4399388369341,1
28,1,1,0,0,0,1,1,0,0,0,1,1,0,1,1,0,1,1,1,1,1,0,0,1,0,0,1,1,0,0,1,0,1,0,0,1,1,1,0,1,1,1,1,1,0,0,0,1,0,0,0,1,1,0,0.37037037037037035,457.9831167955887,1
29,1,1,0,0,0,1,1,0,0,1,1,1,0,1,1,0,1,1,1,1,1,0,0,1,0,0,1,1,0,0,1,0,1,0,0,1,1,1,0,1,1,1,1,1,0,0,0,1,0,1,0,1,1,0,0.3333333333333333,435.2512490905733,1
30,1,1,0,0,0,1,1,0,0,0,1,1,0,1,1,0,1,1,1,1,1,0,0,1,0,0,1,1,1,0,0,0,0,0,0,1,1,1,0,1,1,1,1,1,0,0,1,1,0,0,0,1,1,0,0.4074074074074074,476.75031686217915,1
31,1,1,0,0,0,1,1,0,0,0,1,1,0,1,1,0,1,1,1,1,1,0,0,1,0,0,1,1,0,0,1,0,1,0,0,1,1,1,0,1,1,1,1,1,0,0,0,1,0,0,0,1,1,0,0.3888888888888889,457.9831167955887,1
32,1,1,0,0,0,1,1,0,0,0,1,1,0,1,1,0,1,1,0,1,1,0,0,1,0,0,1,1,1,0,1,0,0,0,0,1,1,1,0,1,1,1,1,1,0,0,0,1,0,0,0,1,1,0,0.35185185185185186,464.5362035065132,1
33,1,1,0,0,0,1,1,0,0,0,1,1,0,1,1,0,1,1,1,1,1,0,0,1,0,0,1,1,0,0,1,0,1,0,0,1,1,1,0,1,1,1,1,1,0,0,1,1,0,0,0,1,1,0,0.4074074074074074,415.03083925090067,1
34,0,1,1,1,1,0,0,1,1,1,0,0,1,0,1,1,0,1,1,0,0,1,1,1,1,1,1,0,1,1,0,1,0,1,1,0,1,1,0,0,0,1,0,0,1,1,1,0,1,1,1,0,0,1,0.37037037037037035,339.15865298764885,1
35,1,1,0,0,0,1,1,1,0,0,1,1,0,1,1,0,1,1,0,1,1,0,0,1,0,0,1,1,0,0,1,0,1,0,0,1,1,1,0,1,1,1,1,1,0,0,0,1,0,0,0,1,1,0,0.4444444444444444,491.7883363921076,1
36,0,0,1,1,1,0,0,0,1,0,0,0,1,0,1,1,0,1,0,0,0,1,1,1,1,1,0,0,0,1,0,1,0,1,1,0,0,0,1,0,0,1,0,0,1,1,1,1,1,1,1,0,0,1,0.3148148148148148,399.8355496467269,1
37,1,1,0,0,0,1,1,1,0,0,1,1,0,1,1,0,1,1,1,1,1,0,0,1,0,0,1,1,1,0,1,0,1,0,0,1,0,0,0,1,1,1,1,1,0,0,1,1,0,0,0,1,1,0,0.37037037037037035,503.7243925608415,1
38,0,1,1,1,1,0,0,1,1,1,0,0,1,0,1,1,0,1,1,0,0,1,1,1,1,1,0,0,1,1,0,1,0,1,1,0,0,0,1,0,0,1,0,0,1,1,1,0,1,1,1,0,0,1,0.3888888888888889,310.48257441271016,1
39,1,1,0,0,0,1,1,0,0,0,1,1,0,1,1,0,1,1,1,1,1,0,0,0,0,0,1,1,1,0,1,0,1,0,0,1,0,1,0,1,1,1,1,1,0,0,1,1,0,0,0,1,1,0,0.37037037037037035,322.7413831725329,1
40,1,1,0,0,0,1,1,1,0,0,1,1,0,1,1,0,1,1,0,1,1,0,0,1,0,0,0,1,0,0,1,0,1,0,0,1,1,1,0,1,1,1,0,1,0,0,1,1,0,0,0,1,1,0,0.35185185185185186,363.13048814325214,1
41,1,1,0,0,0,1,1,1,0,1,1,1,0,1,1,0,1,1,0,1,1,0,0,1,0,0,1,1,0,0,1,0,0,0,0,1,1,1,0,1,1,1,1,1,0,0,0,1,0,0,0,1,1,0,0.37037037037037035,652.0326878040767,1
42,1,1,0,0,0,1,1,0,0,0,1,1,0,1,1,0,1,1,0,1,0,0,0,0,0,0,1,1,0,0,1,0,0,0,0,1,0,1,0,1,1,1,1,1,0,0,1,1,0,0,0,1,1,0,0.37037037037037035,262.838428043298,1
43,0,1,1,1,1,0,0,0,1,1,0,0,1,0,1,1,0,1,1,0,0,1,1,1,1,1,0,1,0,1,0,1,0,1,1,0,0,1,1,0,0,1,1,0,1,1,1,0,1,1,1,0,0,1,0.3888888888888889,327.78694121748623,1
44,0,1,1,1,1,0,0,1,1,1,0,0,1,0,1,1,0,1,1,0,0,1,1,1,1,1,0,0,1,1,1,1,0,1,1,0,1,0,1,0,0,1,0,0,1,1,1,1,1,1,1,0,0,1,0.37037037037037035,403.23031222912994,1
45,0,0,1,1,1,0,0,0,1,1,0,0,1,0,1,1,0,1,1,0,0,1,1,1,1,1,0,0,0,1,0,1,0,1,1,0,0,0,1,1,0,1,1,0,1,1,1,0,0,1,1,0,0,1,0.25925925925925924,298.6494468611529,1
46,1,1,0,0,0,1,1,1,0,0,1,1,0,1,1,0,1,1,0,1,1,0,0,1,0,0,1,1,1,0,1,0,1,0,0,1,0,1,0,1,1,1,1,1,0,0,1,1,0,0,0,1,1,0,0.4074074074074074,426.9017384035305,1
47,1,1,0,0,0,1,1,0,0,1,1,1,0,1,1,0,1,1,1,1,1,0,0,1,0,0,1,1,0,0,1,0,0,0,0,1,1,1,0,1,1,1,1,1,0,0,0,1,0,0,0,1,1,0,0.3148148148148148,605.6926505650636,1
48,0,0,1,1,1,0,0,0,1,1,0,0,1,0,1,1,0,1,1,0,0,1,1,1,1,1,0,0,0,1,0,1,0,1,1,0,1,1,1,0,0,1,0,0,1,1,1,1,1,1,1,0,0,1,0.35185185185185186,436.12051488215377,1
49,1,1,0,0,0,1,1,0,0,0,1,1,0,1,1,0,1,1,1,1,1,0,0,1,0,0,1,1,0,0,1,0,0,0,0,1,0,1,0,1,1,1,1,1,0,0,1,1,0,0,0,1,1,0,0.35185185185185186,534.1114295101261,1
50,1,1,0,0,0,1,1,0,0,0,1,1,0,1,1,0,1,1,1,1,1,0,0,1,0,0,1,1,1,0,1,0,1,0,0,1,1,1,0,1,0,1,0,1,0,0,1,1,0,0,0,1,1,0,0.4074074074074074,441.2972577600493,1
51,1,1,0,0,0,1,1,1,0,1,1,1,0,1,1,0,1,1,1,1,1,0,0,0,0,0,1,1,1,0,1,0,1,0,0,1,1,1,0,1,1,1,1,1,0,0,0,1,0,0,0,1,1,0,0.37037037037037035,385.2723693265923,1
52,0,1,1,1,1,0,0,1,1,1,0,0,1,0,1,1,0,1,0,0,0,1,1,1,1,1,0,0,0,1,0,1,0,1,1,0,0,1,0,0,0,1,1,0,1,1,0,1,1,1,1,0,0,1,0.3333333333333333,303.1357425543248,1
53,1,1,0,0,0,1,1,0,0,0,1,1,0,1,1,0,1,1,1,1,1,0,0,1,0,0,1,1,0,0,1,0,1,1,0,1,0,1,0,1,1,1,1,1,0,0,1,1,0,0,0,1,1,0,0.4074074074074074,413.15900708852655,1
54,0,0,1,1,1,0,0,1,1,1,0,0,1,0,1,1,0,1,0,0,0,1,1,1,1,1,0,0,1,1,1,1,0,1,1,0,0,0,1,0,0,1,0,0,1,1,1,1,1,1,1,0,0,1,0.35185185185185186,426.1053357182369,1
55,0,1,1,1,1,0,0,0,1,1,0,0,1,0,1,1,0,1,0,0,0,1,1,1,1,1,0,0,0,1,1,1,0,1,1,0,0,1,1,0,0,0,0,0,1,1,1,1,1,1,1,0,0,1,0.35185185185185186,335.6384494699357,1
56,0,0,1,1,1,0,0,1,1,1,0,0,1,0,1,1,0,1,0,0,0,1,1,1,1,1,0,0,0,1,0,1,0,1,1,0,0,1,0,0,0,1,0,1,1,1,1,0,1,1,1,0,0,1,0.3148148148148148,280.46423464026094,1
57,1,1,0,0,0,1,1,0,0,0,1,1,0,1,1,0,1,1,1,1,1,0,0,0,0,0,1,1,1,0,1,0,0,0,0,1,1,1,0,1,1,1,1,1,0,0,0,1,1,0,0,1,1,0,0.35185185185185186,349.54867591627806,1
58,1,0,0,0,0,1,1,0,0,0,1,1,0,1,1,0,1,1,1,1,1,0,0,0,0,0,1,1,0,0,1,0,1,1,0,1,1,1,0,1,1,1,1,1,0,0,0,1,0,0,0,1,1,0,0.37037037037037035,301.3155087920549,1
59,1,1,0,0,0,1,1,0,0,0,1,1,0,1,1,0,1,1,0,1,1,0,0,1,0,0,1,1,1,0,1,0,1,0,0,1,0,1,0,0,1,1,0,1,0,0,1,1,0,0,0,1,1,0,0.3888888888888889,413.6923642957436,1
60,0,1,1,1,1,0,0,1,1,1,0,0,1,0,1,1,0,1,1,0,0,1,1,1,1,1,0,0,1,1,0,1,0,1,1,0,0,0,1,0,0,0,1,0,1,1,1,0,1,1,1,0,0,1,0.3333333333333333,304.66374666811845,1
61,0,0,1,1,1,0,0,0,1,1,0,0,1,0,1,1,0,1,1,0,0,1,1,1,1,1,0,0,1,1,1,1,0,1,1,0,0,1,1,0,0,0,1,1,1,1,1,0,1,1,1,0,0,1,0.4074074074074074,348.5652610685357,1
62,1,0,0,0,0,1,1,0,0,0,1,1,0,1,1,0,1,1,0,1,1,0,0,1,0,0,1,1,1,0,1,0,0,0,0,1,1,1,0,1,1,1,1,1,0,0,1,1,0,0,0,1,1,0,0.4074074074074074,368.2472182767964,1
63,0,1,1,1,1,0,0,1,1,1,0,0,1,0,1,1,0,1,1,0,0,1,1,0,1,1,0,0,0,1,0,1,0,1,1,0,0,0,1,0,0,1,0,1,1,1,0,1,1,1,1,0,0,1,0.35185185185185186,366.03667560632846,1
64,1,1,0,0,0,1,1,1,0,1,1,1,0,1,1,0,1,1,1,1,1,0,0,1,0,0,1,1,0,0,1,0,1,0,0,1,1,1,0,1,1,1,1,1,0,0,0,1,0,0,0,0,1,0,0.3333333333333333,602.1161478535734,1
65,0,1,1,1,1,0,0,1,1,1,0,0,1,0,1,1,0,1,1,0,0,1,1,1,1,1,0,0,1,1,0,1,0,0,1,0,1,1,0,0,0,1,0,0,1,1,1,0,1,1,1,0,0,1,0.3888888888888889,296.093702439984,1
66,0,1,0,1,1,0,0,0,1,1,0,0,1,0,1,1,0,1,1,0,1,1,1,1,1,1,0,0,1,1,0,1,0,0,1,0,1,0,0,0,0,1,0,0,1,1,1,1,1,1,1,0,0,1,0.2962962962962963,326.4959712822691,1
67,0,1,1,1,1,0,0,1,1,0,0,0,1,0,1,1,0,1,1,0,0,1,1,1,1,1,0,0,0,1,0,1,0,1,1,0,0,1,1,0,0,0,1,0,1,1,1,1,1,1,1,0,0,1,0.4074074074074074,331.3041919872626,1
68,1,1,0,0,0,1,1,0,0,0,1,1,0,1,1,0,1,1,1,1,1,1,0,1,0,0,0,1,0,0,1,0,1,0,0,1,1,1,0,1,1,1,0,1,0,0,1,1,0,0,0,1,1,0,0.37037037037037035,359.8836998603304,1
69,1,1,0,0,0,1,1,0,0,1,1,1,0,1,1,0,1,1,1,1,1,0,0,1,0,0,1,1,0,0,1,0,1,0,0,1,0,1,0,1,1,1,1,1,0,0,1,1,0,0,0,1,1,0,0.4444444444444444,465.18837042956926,1
70,0,1,1,1,1,0,0,0,1,0,0,0,1,0,1,1,0,1,0,0,0,1,1,1,1,1,0,0,0,1,0,1,0,1,1,0,1,0,0,0,0,0,0,0,1,1,1,1,1,1,1,0,0,1,0.35185185185185186,277.8915490980018,1
71,1,1,0,0,0,1,1,0,0,1,1,1,0,1,1,0,1,1,0,1,1,0,0,1,0,0,1,1,0,0,1,0,0,1,0,1,1,1,0,1,1,1,1,1,0,0,0,1,0,0,0,1,1,0,0.4074074074074074,524.8814226034233,1
72,1,1,0,0,0,1,1,0,0,0,1,1,0,1,1,0,1,1,1,1,1,0,0,1,0,0,1,1,0,0,1,0,1,0,0,1,1,1,0,1,0,1,1,1,0,0,1,1,0,0,0,1,1,0,0.42592592592592593,460.10717351159275,1
73,1,1,0,0,0,1,1,1,0,0,1,1,0,1,1,0,1,1,0,1,1,0,0,1,0,0,1,1,1,0,0,0,1,0,0,1,1,1,0,1,1,1,0,1,0,0,0,1,0,0,0,1,1,0,0.4074074074074074,496.6389086124109,1
74,0,1,1,1,1,0,0,1,1,1,0,0,1,0,1,1,0,1,0,0,0,1,1,1,1,1,0,0,0,1,0,1,0,0,1,0,1,1,1,0,1,0,1,0,1,1,1,1,1,1,1,0,0,1,0.3333333333333333,350.69050073207904,1
75,1,1,0,0,0,1,1,0,0,0,1,1,0,1,1,0,1,1,1,1,1,0,0,1,0,0,1,1,0,0,1,0,1,0,0,1,0,1,0,1,1,1,1,1,0,0,0,1,0,0,0,0,1,0,0.35185185185185186,516.5922452639297,1
76,0,1,1,1,1,0,0,0,1,1,0,0,1,0,1,1,0,1,1,0,0,1,1,1,1,1,0,0,0,1,0,1,0,0,1,0,1,1,1,0,0,1,0,0,1,1,1,1,1,1,1,0,0,1,0.37037037037037035,383.511015063213,1
77,0,0,1,1,1,0,0,0,1,0,0,0,1,0,1,1,0,1,1,0,1,1,1,1,1,1,0,0,0,1,0,1,0,1,1,0,0,0,1,0,0,0,1,0,1,1,1,1,1,1,1,0,0,1,0.3148148148148148,330.25772194234867,1
78,1,1,0,0,0,1,1,0,0,0,1,1,0,1,1,0,1,1,0,1,1,0,0,0,0,0,0,1,0,0,1,0,1,0,0,1,1,1,0,1,1,1,0,1,0,0,1,1,0,0,0,1,1,0,0.4074074074074074,272.64680313121664,1
79,0,0,1,1,1,0,0,0,1,1,0,0,1,0,1,1,0,1,1,0,0,1,1,1,1,1,0,0,1,1,0,1,0,1,1,0,1,0,0,0,0,1,0,0,1,0,1,0,1,1,1,0,0,1,0.3333333333333333,265.7141001385106,1
80,0,1,0,1,1,0,0,1,0,1,0,0,1,0,1,1,0,1,1,0,1,1,1,1,1,1,0,0,1,1,0,1,0,1,1,0,1,0,0,0,0,1,1,0,1,1,1,0,1,1,1,0,0,1,0.35185185185185186,272.84200977220706,1
81,0,1,1,1,1,0,0,1,1,0,0,0,1,0,1,1,0,1,0,0,0,1,1,1,1,1,0,0,1,1,0,1,0,1,1,0,1,0,1,0,0,1,1,0,1,1,1,0,1,1,1,0,0,1,0.3333333333333333,336.48680755469024,1
82,0,1,1,1,1,0,0,0,1,1,0,0,1,0,1,1,0,1,1,0,1,1,1,1,1,1,0,0,0,1,0,1,0,1,1,0,1,1,1,0,0,1,0,0,1,1,1,1,1,1,1,0,0,1,0.3888888888888889,382.8822648314982,1
83,0,0,1,1,1,0,0,0,1,0,0,0,1,0,1,1,0,1,1,0,0,1,1,1,1,1,0,0,1,1,0,1,0,1,1,0,0,0,1,0,0,1,1,0,1,1,0,0,1,1,1,0,0,1,0.4074074074074074,308.0072641206371,1
84,0,1,1,1,1,0,0,1,1,1,0,0,1,0,1,1,0,1,0,0,0,1,1,1,1,1,0,0,0,1,0,1,0,0,1,0,1,1,1,0,0,1,0,0,1,0,1,1,0,1,1,0,0,1,0.3148148148148148,349.16095168490807,1
85,1,1,0,0,0,1,1,0,0,0,1,1,0,1,0,0,1,1,1,1,1,0,0,1,0,0,1,1,0,0,1,0,1,0,0,1,0,1,0,0,1,1,1,1,0,0,0,1,0,0,0,1,1,0,0.4074074074074074,375.8798511307113,1
86,0,1,1,0,1,0,0,1,1,0,0,0,1,0,1,1,0,1,1,0,0,1,1,1,1,1,0,0,1,1,0,1,0,1,1,0,1,0,1,1,0,0,0,0,1,1,1,0,1,1,1,0,0,1,0.3333333333333333,295.7075743299417,1
87,0,0,0,1,1,0,0,0,1,1,0,0,1,0,1,1,0,1,1,0,0,1,1,1,1,1,0,0,1,1,0,1,0,1,1,0,0,0,1,0,0,0,0,0,1,1,1,1,1,1,1,0,0,1,0.3333333333333333,366.0408866308094,1
88,0,1,1,1,1,0,0,1,1,1,0,0,1,0,1,1,0,1,1,0,0,1,1,1,1,1,0,0,0,1,0,1,0,1,1,0,0,1,1,1,0,0,0,0,1,1,1,0,1,1,1,0,0,1,0.35185185185185186,298.75983789530187,1
89,0,1,1,0,1,0,0,1,1,1,0,0,1,0,1,1,0,1,1,0,0,1,1,1,1,1,0,0,1,1,0,1,0,1,1,0,1,1,1,0,0,0,0,0,1,1,1,1,1,1,1,0,0,1,0.3888888888888889,364.8807582788344,1
90,0,0,1,1,1,0,0,0,1,0,0,0,1,0,1,1,0,1,1,0,1,1,1,1,1,1,0,0,0,1,0,1,0,1,1,0,1,0,1,0,0,1,0,0,1,1,1,0,1,1,1,0,0,1,0.2962962962962963,316.7884635976094,1
91,0,1,1,1,1,0,0,1,1,1,0,0,1,0,1,1,0,1,1,0,0,1,1,1,1,1,0,0,0,1,0,1,0,1,1,0,0,0,1,0,0,0,0,0,1,1,1,1,1,1,1,1,0,1,0.3333333333333333,314.12980441318626,1
92,0,1,1,1,1,0,0,0,1,1,0,0,1,0,1,0,0,1,1,0,0,1,1,1,1,1,0,0,0,1,0,1,0,1,1,0,1,0,1,0,0,0,0,1,1,1,1,0,0,1,1,0,0,1,0.3333333333333333,284.51919002331283,1
93,1,1,0,0,1,1,1,0,0,0,1,1,0,1,1,0,1,0,0,1,1,0,0,1,0,0,1,0,1,0,1,0,0,0,0,1,1,1,0,1,1,1,1,1,0,0,1,1,0,0,0,1,1,0,0.3888888888888889,374.9107129393097,1
94,1,1,1,0,1,0,0,0,1,1,0,0,1,0,1,1,0,1,0,0,0,1,1,1,1,1,0,0,1,1,0,1,0,0,1,0,1,0,0,0,0,0,0,1,1,1,1,1,1,1,1,0,0,1,0.3148148148148148,307.9255557145274,1
95,0,1,0,0,1,0,0,0,1,1,0,0,1,0,1,1,0,1,1,0,0,1,1,1,1,1,0,0,1,1,0,1,0,0,1,0,1,0,0,0,0,0,0,0,1,1,1,1,0,1,1,0,0,1,0.2962962962962963,267.33679577139594,1
96,0,0,1,1,1,0,0,1,1,1,0,0,1,0,1,1,0,1,1,0,0,1,1,1,1,1,1,0,1,1,0,1,0,0,1,0,1,1,1,0,0,1,1,1,1,1,1,0,1,1,1,0,0,1,0.42592592592592593,357.18008964188346,1
97,0,0,1,1,1,0,0,0,1,1,0,0,1,0,0,1,0,1,1,0,0,1,1,1,1,1,0,1,1,1,0,1,1,0,1,0,1,0,1,0,0,1,0,0,1,1,1,0,1,1,1,0,0,1,0.35185185185185186,534.9872258314888,1
98,1,1,0,0,0,1,1,1,0,1,1,1,0,1,1,0,1,1,0,1,1,0,0,1,0,0,1,1,0,0,1,0,1,0,0,1,1,0,0,1,1,1,1,1,0,0,0,1,0,1,0,1,1,0,0.3888888888888889,518.3804108811183,1
99,0,1,0,1,1,0,0,1,1,0,0,0,1,0,1,1,0,1,1,0,0,1,1,1,1,1,0,0,0,1,0,1,0,1,1,0,0,0,1,0,0,0,0,0,1,1,1,1,1,1,1,0,1,1,0.37037037037037035,323.6168004686951,1
