,0,1,2,3,4,5,6,7,8,9,10,11,12,13,14,15,16,17,18,19,20,21,22,23,24,25,26,27,28,29,30,31,32,33,34,35,chain_break_fraction,energy,num_occurrences
0,1,1,0,0,0,0,1,0,0,1,0,1,0,1,0,1,1,1,1,1,1,0,1,0,1,0,1,0,0,0,1,0,0,0,1,0,0.3055555555555556,21.093129903334475,1
1,1,1,0,0,0,0,1,0,0,1,0,1,0,1,0,1,1,1,1,1,1,0,1,0,1,0,1,0,0,0,1,0,0,0,1,0,0.3611111111111111,21.093129903334475,1
2,1,1,0,0,0,0,1,0,0,1,0,1,0,1,0,1,1,1,1,1,1,0,1,0,1,0,1,0,0,0,1,0,0,0,1,0,0.3055555555555556,21.093129903334475,1
3,1,1,0,0,0,0,1,0,0,1,0,1,0,1,0,1,1,1,1,1,1,0,1,0,1,0,1,0,0,0,1,0,0,0,1,0,0.3611111111111111,21.093129903334475,1
4,1,1,0,0,0,0,1,0,0,1,0,1,0,1,0,1,1,1,1,1,1,0,1,0,1,0,1,0,0,0,1,0,0,0,1,0,0.3333333333333333,21.093129903334475,1
5,1,1,0,0,0,0,1,0,0,1,0,1,0,1,0,1,1,1,1,1,1,0,1,0,1,0,1,0,0,0,1,0,0,0,1,0,0.3333333333333333,21.093129903334475,1
6,1,1,0,0,0,0,1,0,0,1,0,1,0,1,0,1,1,1,1,1,1,0,1,0,1,0,1,0,0,0,1,0,0,0,1,0,0.3055555555555556,21.093129903334475,1
7,1,1,0,0,0,0,1,0,0,1,0,1,0,1,0,1,1,1,1,1,1,0,1,0,1,0,1,0,0,0,1,0,0,0,1,0,0.3055555555555556,21.093129903334475,1
8,1,1,0,1,0,0,1,0,0,1,0,1,0,1,0,1,1,1,1,1,1,0,1,0,1,0,1,0,0,0,1,0,0,0,1,0,0.3055555555555556,31.121000060438146,1
9,1,1,0,1,0,0,1,0,0,1,0,1,0,1,0,1,1,1,1,1,1,0,1,0,1,0,1,0,0,0,1,0,0,0,1,0,0.3333333333333333,31.121000060438146,1
10,1,1,0,0,0,0,1,0,0,1,0,1,0,1,0,1,1,1,1,1,1,0,1,0,1,0,1,0,0,0,1,0,0,0,1,0,0.3888888888888889,21.093129903334475,1
11,1,1,0,0,0,0,1,0,0,1,0,1,0,1,0,1,1,1,1,1,1,0,1,0,1,0,1,0,0,0,1,0,0,0,1,0,0.3888888888888889,21.093129903334475,1
12,1,1,0,1,0,0,1,0,0,1,0,1,0,1,0,1,1,1,1,1,1,0,1,0,1,0,1,0,0,0,1,0,0,0,1,0,0.3888888888888889,31.121000060438146,1
13,1,1,0,0,0,0,1,0,0,1,0,1,0,1,0,1,1,1,1,1,1,0,1,0,1,0,1,0,0,0,1,0,0,0,1,0,0.3611111111111111,21.093129903334475,2
14,1,1,0,0,0,0,1,0,1,1,0,1,0,1,0,1,1,1,1,1,1,0,1,0,1,0,1,0,0,0,1,0,0,0,1,0,0.3055555555555556,25.775656073237034,1
15,1,1,0,0,0,0,1,0,0,1,0,1,0,1,0,1,1,1,1,1,1,0,1,0,1,0,1,0,0,0,1,0,0,0,1,0,0.3333333333333333,21.093129903334475,1
16,1,1,0,0,0,0,1,0,0,1,0,1,0,1,0,1,1,1,1,1,1,0,1,0,1,0,1,0,0,0,1,0,0,0,1,0,0.3333333333333333,21.093129903334475,1
17,1,1,0,0,0,0,1,0,0,1,0,1,0,1,0,1,1,1,1,1,1,0,1,0,1,0,1,0,0,0,1,0,0,0,1,0,0.3611111111111111,21.093129903334475,1
18,1,1,0,0,0,0,1,0,0,1,0,1,0,1,0,1,1,1,1,1,1,0,1,0,1,0,1,0,0,0,1,0,0,0,1,0,0.3888888888888889,21.093129903334475,1
19,1,1,0,1,0,0,1,0,0,1,0,1,0,1,0,1,1,1,1,1,1,0,1,0,1,0,1,0,0,0,1,0,0,0,1,0,0.3888888888888889,31.121000060438146,1
20,1,1,0,0,0,0,1,0,0,1,0,1,0,1,0,1,1,1,1,1,1,0,1,0,1,0,1,0,0,0,1,0,0,0,1,0,0.3055555555555556,21.093129903334475,1
21,1,1,0,0,0,0,1,0,0,1,0,1,0,1,0,1,1,1,1,1,1,0,1,0,1,0,1,0,0,0,1,0,0,0,1,0,0.3611111111111111,21.093129903334475,1
22,1,1,0,1,0,0,1,0,1,0,0,1,0,1,0,1,1,1,1,1,1,0,1,0,1,0,1,0,0,0,1,0,0,0,1,0,0.3611111111111111,25.38191605620013,1
23,1,1,0,1,0,0,1,0,1,1,0,1,0,1,0,1,1,1,1,1,1,0,1,0,1,0,1,0,0,0,1,0,0,0,1,0,0.3333333333333333,36.86008406467615,1
24,1,1,0,0,0,0,1,0,0,1,0,1,0,1,0,1,1,1,1,1,1,0,1,0,1,0,1,0,0,0,1,0,0,0,1,0,0.3888888888888889,21.093129903334475,1
25,1,1,0,0,0,0,1,0,0,1,0,1,0,1,0,1,1,1,1,1,1,0,1,0,1,0,1,0,0,0,1,0,0,0,1,0,0.3611111111111111,21.093129903334475,1
26,1,1,0,0,0,0,1,0,0,1,0,1,0,1,0,1,1,1,1,1,1,0,1,0,0,0,1,0,0,0,1,0,0,0,1,0,0.25,23.338473937883403,1
27,1,1,0,0,0,0,1,0,0,1,0,1,0,1,0,1,0,1,1,1,1,0,1,0,1,0,1,0,0,0,1,0,0,0,1,0,0.3611111111111111,17.114238167366008,1
28,1,1,0,0,0,0,1,0,0,1,0,1,0,1,0,1,1,1,1,1,1,0,1,0,1,0,1,0,0,0,1,0,0,0,1,0,0.3333333333333333,21.093129903334475,1
29,1,1,0,0,0,0,1,0,0,1,0,1,0,1,0,1,1,1,1,1,1,0,1,0,1,0,1,0,0,0,1,0,0,0,1,0,0.4166666666666667,21.093129903334475,1
30,1,1,0,0,0,0,1,0,1,1,0,1,0,1,0,1,1,1,1,1,1,0,1,0,1,0,1,0,0,0,1,0,0,0,1,0,0.3333333333333333,25.775656073237034,1
31,1,1,0,0,0,0,1,0,0,1,0,1,0,1,0,1,1,1,1,1,1,0,1,0,0,0,1,0,0,0,1,0,0,0,1,0,0.3333333333333333,23.338473937883403,1
32,1,1,0,0,0,0,1,0,0,1,0,1,0,1,0,1,1,1,1,1,1,0,1,0,1,0,1,0,0,0,1,0,0,0,1,0,0.3611111111111111,21.093129903334475,1
33,1,1,0,0,0,0,1,0,0,1,0,1,0,1,0,1,1,1,1,1,1,0,1,0,1,0,1,0,0,0,1,0,0,0,1,0,0.3611111111111111,21.093129903334475,1
34,1,1,0,0,0,0,1,0,1,1,0,1,0,1,0,1,1,1,1,1,1,0,1,0,1,0,1,0,0,0,1,0,0,0,1,0,0.3055555555555556,25.775656073237034,1
35,1,1,0,0,0,0,1,0,0,1,0,1,0,1,0,1,1,1,1,1,1,0,1,0,1,0,1,0,0,0,1,0,0,0,1,0,0.3888888888888889,21.093129903334475,1
36,1,1,0,0,0,0,1,0,0,1,0,1,0,1,0,1,1,1,1,1,1,0,1,0,1,0,1,0,0,0,1,0,0,0,1,0,0.3888888888888889,21.093129903334475,1
37,1,1,0,0,0,0,1,0,0,1,0,1,0,1,0,1,1,1,1,1,1,0,1,0,1,0,1,0,0,0,1,0,0,0,1,0,0.4166666666666667,21.093129903334475,1
38,1,1,0,1,0,0,1,0,0,0,0,1,0,1,0,1,1,1,1,1,1,0,1,0,1,0,1,0,0,0,1,0,0,0,1,0,0.3333333333333333,21.642832051962056,1
39,1,1,0,0,0,0,1,0,0,1,0,1,0,1,0,1,0,1,1,1,1,0,1,0,1,0,1,0,0,0,1,0,0,0,1,0,0.2777777777777778,17.114238167366008,1
40,1,1,0,0,0,0,1,0,1,1,0,1,0,1,0,1,1,1,1,1,1,0,0,0,1,0,1,0,0,0,1,0,0,0,1,0,0.3611111111111111,28.882204911371577,1
41,1,1,0,1,0,0,1,0,0,0,0,1,0,1,0,1,1,1,1,1,1,0,0,0,1,0,1,0,0,0,1,0,0,0,1,0,0.3888888888888889,24.256314338399175,1
42,1,1,0,0,0,0,1,0,1,1,0,1,0,1,0,1,0,1,1,1,1,0,1,0,1,0,1,0,0,0,1,0,0,0,1,0,0.3055555555555556,21.296764330022672,1
43,1,1,0,0,0,1,1,0,0,1,0,1,0,1,0,1,1,1,1,1,1,0,1,0,1,0,1,0,0,0,1,0,0,0,1,0,0.3055555555555556,29.16388310965009,1
44,1,1,0,0,0,0,1,0,0,1,0,1,0,1,0,1,1,1,1,1,1,0,1,0,1,0,1,0,0,0,1,0,0,0,1,0,0.3611111111111111,21.093129903334475,1
45,1,1,0,0,0,0,1,0,1,1,0,1,0,1,0,1,1,1,1,1,1,0,1,0,1,0,1,0,0,0,1,0,0,0,1,0,0.3611111111111111,25.775656073237034,1
46,1,1,0,1,0,0,1,0,0,1,0,1,0,1,0,1,1,1,1,1,1,0,1,0,1,0,1,0,0,0,1,0,0,0,1,0,0.3055555555555556,31.121000060438146,1
47,1,1,0,0,0,0,1,0,1,1,0,1,0,1,0,1,1,1,1,1,1,0,1,0,1,0,0,0,0,0,1,0,0,0,1,0,0.3611111111111111,31.1124074102743,1
48,0,1,0,0,0,0,1,0,0,1,0,1,0,1,0,1,1,1,1,1,1,0,1,0,1,0,1,0,0,0,1,0,0,0,1,0,0.3888888888888889,17.851053365083335,1
49,1,1,0,1,0,0,1,0,0,1,0,1,0,1,0,1,1,1,1,1,1,0,1,0,1,0,0,0,0,0,1,0,0,0,1,0,0.3333333333333333,37.386744068687584,1
50,1,1,0,0,0,0,1,0,0,1,0,1,0,1,0,1,1,1,1,1,1,0,1,0,1,0,1,0,0,0,1,0,0,0,1,0,0.3888888888888889,21.093129903334475,1
51,1,1,0,0,0,0,1,0,0,1,0,1,0,1,0,1,1,1,1,1,1,0,1,0,1,0,1,0,0,0,1,0,0,0,1,0,0.4722222222222222,21.093129903334475,1
52,1,0,0,0,0,0,1,0,0,1,0,1,0,1,0,1,1,1,1,1,1,0,1,0,1,0,1,0,0,0,1,0,0,0,1,0,0.3611111111111111,14.608976826832208,1
53,1,1,0,0,0,0,1,0,0,1,0,1,0,1,0,1,1,1,1,1,1,0,1,0,1,0,0,0,0,0,1,0,0,0,1,0,0.3888888888888889,25.77249795272605,1
54,1,1,0,1,0,0,1,0,1,1,0,1,0,1,0,1,1,1,1,1,1,0,1,0,1,0,1,0,0,0,1,0,0,0,1,0,0.3333333333333333,36.86008406467615,1
55,1,1,0,0,0,0,1,0,0,1,0,1,0,1,0,1,1,1,1,1,1,0,1,0,1,0,1,0,0,0,1,0,0,0,1,0,0.3888888888888889,21.093129903334475,1
56,1,1,0,0,0,0,1,0,0,1,0,1,0,1,0,1,0,1,1,1,1,0,1,0,1,0,1,0,0,0,1,0,0,0,1,0,0.3055555555555556,17.114238167366008,1
57,1,1,0,0,0,0,1,0,0,1,0,1,0,1,0,1,1,1,1,1,1,0,1,0,1,0,1,0,0,0,1,0,0,0,1,0,0.3611111111111111,21.093129903334475,1
58,1,1,0,0,0,0,1,0,0,1,0,1,0,1,0,1,1,1,1,1,1,0,1,0,1,0,1,0,0,0,1,0,0,0,1,0,0.3333333333333333,21.093129903334475,1
59,1,1,0,0,0,0,1,0,0,1,0,1,0,1,0,1,1,1,1,1,1,0,1,0,1,0,1,0,0,0,1,0,0,0,1,0,0.3611111111111111,21.093129903334475,1
60,1,1,0,1,0,0,1,0,0,0,0,1,0,1,0,1,0,1,1,1,1,0,1,0,0,0,1,0,0,0,1,0,0,0,1,0,0.25,19.513926069340844,1
61,1,1,0,0,0,0,1,0,1,1,0,1,0,1,0,1,1,1,1,1,1,0,1,0,1,0,1,0,0,0,1,0,0,0,1,0,0.3333333333333333,25.775656073237034,1
62,1,1,0,0,0,0,1,0,0,1,0,1,0,1,0,1,1,1,1,1,1,0,1,0,1,0,1,0,0,0,1,0,0,0,1,0,0.3055555555555556,21.093129903334475,1
63,1,1,0,0,0,0,1,0,0,1,0,1,0,1,0,1,0,1,1,1,1,0,1,0,1,0,0,0,0,0,1,0,0,0,1,0,0.3333333333333333,21.293603918402198,1
64,1,1,0,0,0,0,1,0,0,1,0,1,0,1,0,1,0,1,1,1,1,0,1,0,1,0,0,0,0,0,1,0,0,0,1,0,0.2777777777777778,21.293603918402198,1
65,1,1,0,0,0,0,1,0,0,1,0,1,0,1,0,1,1,1,1,1,1,0,1,0,0,0,1,0,0,0,1,0,0,0,1,0,0.3611111111111111,23.338473937883403,1
66,1,0,0,0,0,0,1,0,0,1,0,1,0,1,0,1,1,1,1,1,1,0,0,0,1,0,1,0,0,0,1,0,0,0,1,0,0.3333333333333333,16.212660704145627,1
67,1,1,0,0,0,0,1,0,0,1,0,1,0,1,0,1,0,1,1,1,1,0,1,0,1,0,0,0,0,0,1,0,0,0,1,0,0.3333333333333333,21.293603918402198,1
68,1,1,0,0,0,0,1,0,0,1,0,1,0,1,0,1,0,1,1,1,1,0,1,0,1,0,1,0,0,0,1,0,0,0,1,0,0.3055555555555556,17.114238167366008,1
69,1,1,0,1,0,0,1,0,0,1,0,1,0,1,0,1,1,1,1,1,1,0,0,0,1,0,1,0,0,0,1,0,0,0,1,0,0.4444444444444444,34.73454376890172,1
70,1,1,0,0,0,0,1,0,0,1,0,1,0,1,0,1,1,1,1,1,1,0,1,0,1,0,1,0,0,0,1,0,0,0,1,0,0.3333333333333333,21.093129903334475,1
71,1,1,0,0,0,0,1,0,0,1,0,1,0,1,0,1,1,1,1,1,1,0,0,0,1,0,1,0,0,0,1,0,0,0,1,0,0.4166666666666667,23.69964803045578,1
72,1,1,0,0,0,0,1,0,0,1,0,1,0,1,0,1,1,1,1,1,1,0,1,0,1,0,1,0,0,0,1,0,0,0,1,0,0.3611111111111111,21.093129903334475,1
73,1,1,0,0,0,0,1,0,1,1,0,1,0,1,0,1,1,1,1,1,1,0,0,0,1,0,1,0,0,0,1,0,0,0,1,0,0.3611111111111111,28.882204911371577,1
74,1,1,0,0,0,0,1,0,1,1,0,1,0,1,0,1,1,1,1,1,1,0,1,0,1,0,1,0,0,0,1,0,0,0,1,0,0.3888888888888889,25.775656073237034,1
75,1,1,0,0,0,0,1,0,0,1,0,1,0,1,0,1,0,1,1,1,1,0,0,0,1,0,1,0,0,0,0,0,0,0,1,0,0.3055555555555556,21.7244966642379,1
76,1,1,0,1,0,0,1,0,0,1,0,1,0,1,0,1,0,1,1,1,1,0,0,0,1,0,1,0,0,0,1,0,0,0,1,0,0.2777777777777778,29.18867982679723,1
77,1,1,0,0,0,1,1,0,0,1,0,1,0,1,0,1,1,1,1,1,1,0,1,0,1,0,1,0,0,0,1,0,0,0,1,0,0.3888888888888889,29.16388310965009,1
78,1,0,0,1,0,0,1,0,0,1,0,1,0,1,0,1,1,1,1,1,1,0,0,0,1,0,1,0,0,0,1,0,0,0,1,0,0.3333333333333333,23.322675671894782,1
79,1,1,0,0,0,0,1,0,0,1,0,1,0,1,0,1,0,1,1,1,1,0,1,0,1,0,1,0,0,0,1,0,0,0,1,0,0.4444444444444444,17.114238167366008,1
80,0,1,0,0,0,0,1,0,0,1,0,1,0,1,0,1,0,1,1,1,1,0,1,0,1,0,0,0,0,0,1,0,0,0,1,0,0.3333333333333333,17.788335675933986,1
81,1,0,0,0,1,0,1,0,0,1,0,1,0,1,0,1,1,1,1,1,1,0,1,0,1,0,1,0,0,0,1,0,0,0,1,0,0.2777777777777778,16.644071036547395,1
82,1,1,0,0,1,0,1,0,0,1,0,1,0,1,0,1,0,1,1,1,1,0,1,0,1,0,1,0,0,0,0,0,0,0,1,0,0.3055555555555556,21.980860537171804,1
83,1,1,0,1,0,0,1,0,0,1,0,1,0,0,0,1,0,1,1,1,1,0,1,0,1,0,0,0,0,0,1,0,0,0,1,0,0.3055555555555556,22.732037846770815,1
84,1,0,0,0,0,0,1,0,1,1,0,1,0,1,0,1,1,1,1,1,1,0,1,0,1,0,1,0,0,0,1,0,0,0,1,0,0.3055555555555556,18.230021392257594,1
85,1,1,0,0,0,0,1,0,0,0,0,1,0,1,0,1,1,1,1,1,1,0,0,0,1,0,1,0,0,0,1,0,0,0,1,0,0.3333333333333333,15.334534268624232,1
86,1,1,0,0,0,0,1,0,0,1,0,1,0,1,0,1,0,1,1,1,1,0,1,0,1,0,1,0,0,0,1,0,0,0,1,0,0.4444444444444444,17.114238167366008,1
87,1,1,0,1,0,0,1,0,0,1,0,1,0,1,0,1,0,1,1,1,1,0,1,0,1,0,1,0,0,0,1,0,0,0,1,0,0.3055555555555556,26.142106356569318,1
88,0,1,1,1,1,1,0,1,0,1,1,0,1,0,1,0,0,0,0,0,0,1,0,1,0,1,1,1,1,1,0,1,0,1,0,1,0.3333333333333333,29.45323773209125,1
89,1,0,0,0,0,1,1,0,0,1,0,1,0,1,0,1,0,1,1,1,1,0,1,0,1,0,1,0,0,0,0,0,0,0,1,0,0.3055555555555556,18.49790745148287,1
90,1,1,0,1,0,0,1,0,1,1,0,1,0,1,0,1,0,1,0,1,1,0,1,0,1,0,1,0,0,0,1,0,0,0,1,0,0.3055555555555556,34.59162885291512,1
91,1,1,0,0,1,0,1,0,0,1,0,1,0,1,0,1,1,1,1,1,1,0,1,0,1,0,1,0,0,0,1,0,0,0,1,0,0.3333333333333333,24.128506506492304,1
92,1,1,0,0,0,0,1,0,0,1,0,1,0,1,0,1,0,1,1,1,1,0,1,0,1,0,0,0,0,0,1,0,0,0,1,0,0.3611111111111111,21.293603918402198,1
93,1,1,0,0,0,0,1,0,0,1,0,1,0,0,0,1,1,1,1,1,1,0,1,0,1,0,1,0,0,0,1,0,0,0,1,0,0.25,13.312225937175132,1
94,1,0,1,0,0,0,1,0,0,1,0,1,0,1,0,1,0,1,1,1,1,0,1,0,1,0,1,0,0,0,1,0,0,0,1,0,0.3333333333333333,13.181579258744769,1
95,1,1,0,0,0,0,1,0,1,1,0,1,0,1,0,1,1,1,1,1,1,0,1,0,1,0,1,0,0,0,1,0,0,0,1,0,0.3611111111111111,25.775656073237034,1
96,1,1,0,0,0,1,1,0,0,0,0,1,0,1,0,1,0,1,1,1,1,0,1,0,1,0,1,0,0,0,0,0,0,0,1,0,0.3611111111111111,17.514868479720942,1
97,1,1,1,0,0,0,1,0,0,1,0,1,0,1,0,1,0,1,1,1,1,0,1,0,0,0,1,0,0,0,1,0,0,0,1,0,0.3611111111111111,22.924728862445473,1
98,1,1,0,1,0,0,1,0,0,0,0,1,0,1,0,1,1,1,1,1,1,0,0,0,1,0,1,0,0,0,1,0,0,0,1,0,0.4166666666666667,24.256314338399175,1
