,0,1,2,3,4,5,6,7,8,9,10,11,12,13,14,15,16,17,18,19,20,21,22,23,24,25,26,27,28,29,30,31,32,33,34,35,36,37,38,39,40,41,42,43,44,45,46,47,48,49,50,51,52,53,chain_break_fraction,energy,num_occurrences
0,1,1,1,1,0,1,1,1,1,0,1,1,0,0,1,0,0,1,1,0,0,0,0,0,0,0,1,1,1,0,0,1,0,1,0,1,1,1,0,0,1,1,0,1,0,0,1,0,0,0,0,1,0,0,0.24074074074074073,516.6420494455376,1
1,1,0,1,1,0,1,1,1,1,0,1,1,0,0,0,0,0,1,1,0,0,0,0,1,0,0,1,1,1,0,0,0,0,0,0,1,1,1,0,0,1,1,1,1,0,0,1,0,0,0,0,1,0,0,0.24074074074074073,513.0495265704752,1
2,1,1,1,1,0,1,1,0,1,0,1,0,0,0,0,0,0,1,1,0,0,0,0,0,0,0,1,1,1,0,0,1,0,0,0,1,1,1,0,0,1,1,0,0,0,0,1,0,0,0,0,1,0,0,0.24074074074074073,268.24168590459476,1
3,1,0,1,1,0,1,1,1,1,0,1,1,0,0,1,0,0,1,1,0,0,0,0,0,0,0,1,1,1,0,0,1,0,0,0,1,1,1,0,0,1,1,0,1,0,0,1,0,0,0,0,1,0,0,0.2777777777777778,472.0772714865383,1
4,1,0,1,1,0,1,1,0,1,1,1,0,0,0,1,0,0,1,1,0,0,0,0,0,0,0,1,1,1,0,0,0,0,1,0,1,1,1,0,0,1,1,0,1,0,0,1,0,0,0,0,1,0,0,0.24074074074074073,320.8143056231238,1
5,1,1,1,1,0,1,1,1,1,0,1,0,0,0,0,0,0,1,1,0,0,0,0,1,0,0,1,1,1,0,1,1,0,1,0,1,1,1,0,0,1,1,0,1,0,0,1,0,0,0,0,1,0,0,0.24074074074074073,362.5928828710973,1
6,1,0,1,1,0,1,1,1,1,0,1,0,0,0,1,0,0,1,1,0,0,0,0,0,0,0,1,1,1,0,0,1,0,0,0,1,1,1,0,0,1,1,0,0,0,0,1,0,0,0,0,1,0,0,0.25925925925925924,381.5305249729581,1
7,1,1,1,1,0,1,1,1,1,0,1,0,0,0,1,0,1,1,1,0,0,1,0,0,0,0,1,1,1,0,0,1,0,1,0,1,1,1,0,0,1,1,0,1,0,0,1,0,0,0,0,1,0,0,0.3148148148148148,471.25805546448333,1
8,1,0,1,1,0,1,1,0,1,0,1,0,0,1,0,0,0,1,1,0,1,0,0,1,0,0,1,1,1,0,0,1,0,0,0,1,1,1,0,0,1,1,1,1,0,0,1,0,0,0,0,1,0,0,0.2222222222222222,448.94894038606117,1
9,1,1,1,1,0,1,1,0,1,0,1,0,0,0,1,0,0,1,1,0,0,0,0,0,1,0,1,1,1,0,1,1,0,1,0,1,1,1,0,0,1,1,0,1,0,0,1,0,0,0,0,1,0,0,0.2222222222222222,316.1429084229005,1
10,1,0,1,1,0,1,1,0,1,1,1,0,0,0,1,0,0,1,1,0,0,0,0,0,0,0,1,1,1,0,0,1,0,0,0,1,1,1,0,0,1,1,0,0,0,0,1,0,0,0,0,1,0,0,0.2777777777777778,347.2895089211739,1
11,1,0,1,1,0,1,1,1,1,0,1,1,0,0,1,0,0,1,1,0,0,0,0,0,0,0,1,1,1,0,0,1,1,0,0,1,1,1,0,0,1,1,0,0,0,0,1,0,0,0,0,1,0,0,0.24074074074074073,436.7291178526153,1
12,1,1,1,1,0,1,1,1,1,0,1,0,0,0,0,0,0,1,1,0,0,1,0,1,0,0,1,1,1,0,1,1,0,1,0,1,1,0,0,0,1,1,0,1,0,0,1,0,0,0,0,1,0,0,0.24074074074074073,438.30791755815665,1
13,1,0,1,1,0,1,1,1,1,0,1,0,0,0,1,0,0,1,1,0,0,1,0,0,0,0,1,0,1,0,0,1,0,1,0,1,1,1,0,0,1,1,0,1,0,0,1,0,0,0,0,1,0,0,0.2777777777777778,359.47696227972784,1
14,1,1,1,1,0,1,1,1,1,0,1,0,0,0,0,0,0,1,1,0,0,0,0,1,0,0,1,0,1,0,1,1,0,1,0,1,1,1,0,0,1,1,0,0,0,0,1,0,0,0,0,1,0,0,0.25925925925925924,434.77096369316143,1
15,1,1,1,1,0,1,1,1,1,1,1,1,0,0,1,0,0,1,1,0,0,0,0,0,0,0,1,1,1,0,1,1,1,0,0,1,0,1,0,0,1,1,0,1,0,0,1,0,0,0,0,1,0,0,0.24074074074074073,482.7418250149623,1
16,1,1,1,1,0,1,1,0,1,1,1,0,0,0,0,0,0,1,1,0,0,0,0,0,0,0,1,1,1,0,1,1,0,0,0,1,1,0,0,0,0,1,0,1,0,0,1,0,0,0,0,1,0,0,0.2037037037037037,304.6136433031708,1
17,1,0,1,1,0,1,1,1,1,0,1,0,0,0,1,0,1,1,1,0,0,0,0,0,0,0,1,0,1,0,0,1,1,1,0,1,1,1,0,0,1,1,0,1,0,0,1,0,0,0,0,1,0,0,0.2777777777777778,330.95322827274293,1
18,1,0,1,1,0,1,1,1,1,0,1,1,0,0,1,0,0,1,1,0,0,0,0,0,0,0,1,1,1,0,0,1,0,0,0,1,1,0,0,0,1,1,1,0,0,0,1,0,0,0,0,1,0,0,0.2962962962962963,570.8692757639993,1
19,1,1,1,1,0,1,1,0,1,1,1,0,0,0,1,0,0,1,1,1,0,0,0,0,0,0,1,1,1,0,1,1,1,0,0,1,1,1,0,0,1,1,0,1,0,0,1,0,0,0,0,1,0,0,0.2777777777777778,337.35167009285846,1
20,1,1,1,1,0,1,1,0,1,1,1,1,0,0,1,0,0,1,1,1,0,0,0,0,0,0,1,1,1,0,1,1,0,0,0,1,1,1,0,0,1,1,1,1,0,0,1,0,0,0,0,1,0,0,0.25925925925925924,519.5125215669837,1
21,1,1,1,1,0,1,1,0,1,1,1,0,0,0,1,0,0,1,1,0,0,0,0,0,0,0,1,1,1,0,0,1,0,0,0,1,1,1,0,0,1,1,0,1,0,0,1,0,0,0,0,0,0,0,0.25925925925925924,383.748019845771,1
22,1,1,1,1,0,1,1,1,1,0,1,1,0,0,1,0,0,1,1,0,0,0,0,0,0,0,1,1,1,0,0,1,1,1,0,1,1,1,0,0,1,1,0,1,0,0,1,0,0,0,0,1,0,0,0.2777777777777778,426.42845881784285,1
23,1,0,1,1,0,1,1,0,1,1,1,0,0,0,1,0,0,1,1,1,0,0,0,0,0,0,1,0,1,0,0,1,0,1,0,1,1,1,0,0,1,1,1,1,0,0,1,0,0,0,0,1,0,0,0.24074074074074073,334.0454326838969,1
24,1,1,1,1,0,1,1,0,1,0,1,1,0,0,1,0,0,1,1,0,0,0,0,0,1,0,1,1,1,0,0,1,1,0,0,1,1,1,0,0,1,1,1,1,0,0,1,0,0,0,0,1,0,0,0.24074074074074073,394.58632049304595,1
25,1,0,1,1,0,1,1,0,1,0,1,0,0,0,0,0,0,1,1,1,0,0,0,0,0,0,1,0,1,0,0,0,0,0,0,1,1,0,0,0,1,1,1,1,0,0,1,0,0,0,0,1,0,0,0.2962962962962963,294.95835960909966,1
26,1,0,1,1,0,1,1,1,1,1,1,0,0,0,1,0,0,1,0,0,0,0,0,0,0,0,1,1,1,0,0,1,0,0,0,1,1,1,0,0,1,1,0,1,0,0,1,0,0,0,1,1,0,0,0.2962962962962963,284.0190283128941,1
27,1,1,1,1,0,1,1,1,1,0,1,1,0,0,1,0,0,1,1,1,0,0,0,0,0,0,1,1,1,0,0,0,1,0,0,1,1,1,0,0,1,1,0,1,0,0,1,0,0,0,0,1,0,0,0.2962962962962963,578.3139422739335,1
28,1,1,1,1,0,1,1,1,1,0,1,0,1,0,0,0,0,1,0,1,0,0,0,0,0,0,1,1,1,0,1,1,0,0,0,1,1,1,0,0,1,1,0,1,0,0,1,0,0,0,0,1,0,0,0.2222222222222222,308.1153737591562,1
29,1,1,1,1,0,1,1,1,1,0,1,0,0,1,1,0,0,1,1,0,0,0,0,0,0,0,1,1,1,0,0,0,0,0,0,1,1,1,0,0,1,1,0,0,0,0,1,0,0,0,0,1,0,0,0.35185185185185186,609.4231865568377,1
30,1,0,1,1,0,1,1,0,1,0,1,0,0,0,1,0,1,1,1,0,0,1,0,0,0,0,1,1,1,0,0,1,0,1,0,1,1,1,0,0,1,1,1,1,0,0,1,0,0,0,0,0,0,0,0.2037037037037037,337.2545460035351,1
31,1,1,1,1,0,1,1,1,1,0,1,0,0,0,1,0,0,1,1,0,0,0,0,0,0,0,1,1,1,0,0,0,0,1,0,1,0,1,0,0,1,1,0,1,0,0,1,0,0,0,0,0,0,0,0.2777777777777778,480.0761341848237,1
32,1,0,1,1,0,1,1,1,1,0,1,0,0,0,1,0,0,1,1,1,0,0,0,0,0,0,1,1,1,0,1,1,1,1,0,1,1,1,0,0,1,1,0,1,0,0,1,0,0,0,0,1,0,0,0.2962962962962963,309.07448342265445,1
33,1,0,1,1,0,1,1,0,1,1,1,0,0,0,1,0,0,1,0,0,0,0,0,0,0,0,1,1,1,0,0,1,1,0,0,1,1,1,0,0,1,1,0,1,0,0,1,0,0,0,0,1,0,0,0.3148148148148148,269.14347102291634,1
34,1,1,1,1,0,1,1,1,1,0,1,0,0,0,1,0,0,1,1,1,0,0,0,0,0,0,1,0,1,0,0,1,1,1,0,1,1,1,0,0,1,1,1,1,0,0,1,0,0,0,0,1,0,0,0.3333333333333333,357.5861486971483,1
35,1,1,1,1,0,1,1,1,1,0,1,0,0,0,1,0,0,1,1,0,0,0,0,0,0,0,1,1,1,0,1,1,1,0,0,1,1,1,0,0,1,1,0,1,0,0,1,0,0,0,0,1,0,0,0.3333333333333333,320.1345983162435,1
36,1,1,1,1,0,1,1,0,1,0,1,1,0,0,1,0,0,1,1,0,0,0,0,0,0,0,1,1,1,0,1,1,0,0,0,1,1,1,0,0,1,1,0,1,0,0,1,0,0,0,0,0,0,0,0.2962962962962963,472.077271486538,1
37,1,1,1,1,0,1,1,0,1,1,1,0,0,0,1,0,0,1,1,0,0,1,0,0,0,0,1,1,1,0,0,1,1,1,0,1,1,1,0,0,1,1,0,0,0,0,1,0,0,0,0,1,0,0,0.3148148148148148,345.05690669242506,1
38,1,0,1,1,0,1,1,0,1,1,1,1,0,0,1,0,0,1,1,1,0,0,0,0,0,0,1,0,1,0,0,1,1,0,0,1,1,1,0,0,1,1,0,0,0,0,1,0,0,0,0,1,0,0,0.2777777777777778,495.90552152292236,1
39,1,1,1,1,0,1,1,0,1,0,1,0,0,0,1,0,0,1,1,0,0,0,0,0,0,0,0,1,1,0,0,0,1,0,0,1,1,1,0,0,1,1,0,0,0,0,1,0,0,0,0,1,0,0,0.2962962962962963,268.3467530587231,1
40,1,1,1,1,0,1,1,1,1,0,1,0,0,0,0,0,0,1,1,0,1,1,0,0,0,0,1,1,1,0,0,0,0,0,0,1,1,1,0,0,1,1,1,1,0,0,1,0,0,0,0,1,0,0,0.3333333333333333,457.4685436824493,1
41,1,1,1,1,0,1,1,1,1,1,1,0,0,0,1,0,0,1,1,0,0,0,0,0,0,0,1,1,1,0,0,1,0,0,0,1,1,1,0,0,1,1,0,1,0,0,1,0,0,0,0,0,0,0,0.3148148148148148,454.79355368454634,1
42,0,1,1,1,0,1,1,1,1,1,1,0,0,0,1,0,0,1,1,0,0,1,0,0,0,0,1,0,1,0,0,1,1,0,0,1,1,1,0,0,1,1,0,1,0,0,1,0,0,0,0,1,0,0,0.2777777777777778,371.23088996362117,1
43,1,0,1,1,0,1,1,1,1,0,1,1,0,0,1,1,0,1,1,0,0,0,0,0,0,0,1,1,1,0,1,1,1,1,0,1,1,0,0,0,1,1,0,1,0,0,1,0,0,0,0,1,0,0,0.2962962962962963,414.13920423214273,1
44,1,1,1,1,0,1,1,0,1,1,1,1,0,0,1,0,0,1,1,1,0,0,0,0,0,0,1,0,1,0,0,1,1,0,0,1,1,1,0,0,1,1,0,0,0,0,1,0,0,0,0,1,0,0,0.2962962962962963,573.6385729215122,1
45,1,1,1,1,0,1,1,0,1,1,1,0,0,0,1,0,0,1,1,1,0,0,0,0,0,0,1,0,1,0,0,0,1,0,0,1,1,1,0,0,1,1,0,1,0,0,1,0,0,0,0,1,0,0,0.24074074074074073,409.31028200057364,1
46,1,1,1,1,0,1,1,1,1,1,1,0,0,0,0,0,0,1,1,0,1,0,0,0,0,0,1,1,1,0,0,1,1,1,0,1,1,1,0,0,1,1,0,0,0,0,1,0,0,0,0,1,0,0,0.2777777777777778,377.14714598819893,1
47,1,1,1,1,0,1,1,1,1,0,1,1,0,0,1,0,0,1,1,0,0,0,0,0,0,0,1,1,1,0,0,1,1,1,0,1,1,1,0,0,1,1,0,0,0,0,1,0,0,0,0,1,0,0,0.2962962962962963,476.26981971147774,1
48,1,1,1,1,0,1,1,0,1,1,1,0,0,0,1,0,0,1,0,0,0,0,0,0,0,0,1,1,1,0,0,1,1,1,0,1,0,1,0,0,1,1,0,1,0,0,1,0,0,0,0,1,0,0,0.24074074074074073,293.76284021740923,1
49,1,0,1,1,0,1,1,1,1,0,1,0,0,0,1,0,0,1,0,0,0,1,0,1,1,0,1,1,1,0,1,1,0,1,0,1,1,1,0,0,1,1,0,1,0,0,1,0,0,0,0,1,0,0,0.2777777777777778,455.90781499270423,1
50,1,0,1,1,0,1,1,0,1,1,1,0,1,0,1,0,0,1,1,0,0,0,0,0,0,0,1,1,1,0,0,1,1,0,0,1,1,1,0,0,1,1,0,0,0,0,1,0,0,0,0,0,0,0,0.2962962962962963,330.19775947665664,1
51,1,1,1,1,0,1,1,0,1,1,1,0,1,0,0,1,0,1,1,0,0,0,0,1,0,0,1,0,1,0,1,0,0,1,0,1,1,1,0,0,1,1,0,1,0,0,1,0,0,0,0,1,0,0,0.18518518518518517,456.85121151912784,1
52,1,1,1,1,0,1,1,1,1,0,1,1,0,0,1,0,0,1,1,0,0,0,0,0,0,0,1,1,1,0,0,1,1,0,0,1,1,1,0,0,1,1,0,1,0,0,1,0,0,0,0,1,0,0,0.25925925925925924,450.6073482972473,1
53,1,1,1,1,0,1,1,1,1,0,1,0,0,0,1,0,0,1,1,0,0,0,0,0,0,0,1,1,1,0,0,0,1,1,0,1,1,1,0,0,1,1,0,1,0,0,1,0,0,0,0,0,0,0,0.3148148148148148,361.96615918728673,1
54,1,1,1,1,0,1,1,1,1,0,1,1,0,0,1,0,0,1,1,0,0,0,0,0,0,0,1,1,1,0,0,1,1,1,0,1,1,1,0,0,1,1,0,1,0,0,1,0,0,0,0,0,0,0,0.2777777777777778,448.9818564747666,1
55,1,0,1,1,0,1,1,1,1,0,1,1,1,0,1,0,0,1,1,0,0,0,0,0,0,0,1,1,1,0,0,0,1,0,0,1,1,1,0,0,1,1,1,1,0,0,0,0,0,0,0,1,0,0,0.2962962962962963,493.1978487705361,1
56,1,1,1,1,0,1,1,1,1,0,1,0,0,0,1,0,0,1,1,1,0,0,0,0,0,0,1,1,1,0,1,0,1,0,0,1,1,1,0,0,1,1,1,1,0,0,1,0,0,0,0,1,0,0,0.3333333333333333,373.9629918019159,1
57,1,0,1,1,0,1,1,1,1,1,1,0,0,0,1,0,0,1,1,1,0,1,0,0,0,0,1,1,1,0,0,1,0,0,0,1,1,0,0,0,1,1,1,1,0,0,1,0,0,0,0,1,0,0,0.2777777777777778,482.1349651693409,1
58,1,1,1,1,0,1,1,0,1,0,1,0,0,0,1,0,0,1,1,0,0,0,0,0,0,0,1,0,1,0,0,1,0,0,0,1,1,1,0,0,1,1,1,0,0,0,1,0,0,0,0,1,0,0,0.2777777777777778,378.4785102878097,1
59,1,1,1,1,0,1,1,0,1,1,1,1,0,0,1,0,0,1,0,1,0,0,0,0,0,0,1,1,1,0,0,1,1,1,0,1,1,0,0,0,1,1,0,1,0,0,1,0,0,0,0,1,0,0,0.2777777777777778,471.49571480109415,1
60,1,0,1,1,0,1,1,0,1,0,1,1,1,0,1,0,0,1,1,0,0,0,0,0,1,0,1,1,1,0,0,1,1,0,0,1,1,1,0,0,1,1,0,1,0,0,1,0,0,0,0,0,0,0,0.2777777777777778,407.19749204024225,1
61,1,1,1,1,0,1,1,1,1,0,1,1,0,0,1,0,0,1,1,0,0,0,0,0,0,0,1,1,1,0,0,1,1,0,0,1,1,1,0,0,1,1,0,1,0,0,1,0,0,0,0,0,0,0,0.3148148148148148,476.10347696294326,1
62,1,1,1,1,0,1,1,1,1,0,1,1,0,0,1,0,0,1,1,0,0,0,0,0,0,0,1,1,1,0,1,1,0,0,0,1,1,1,0,0,1,1,1,0,0,0,1,0,0,0,0,1,0,0,0.3888888888888889,551.7025756928283,1
63,1,0,1,1,0,1,1,0,1,1,1,0,0,0,0,0,0,1,1,0,1,0,0,0,0,0,1,1,1,0,0,1,0,1,0,1,0,1,0,0,1,1,0,1,0,0,1,0,0,0,0,1,0,0,0.24074074074074073,311.814575287567,1
64,1,1,1,1,0,1,1,1,1,0,1,1,0,0,1,0,0,1,1,0,0,0,0,0,0,0,1,1,1,0,0,1,1,1,0,1,1,1,0,0,1,1,0,0,0,0,1,0,0,0,0,0,0,0,0.2962962962962963,504.69496475376104,1
65,1,0,1,1,0,1,1,1,1,1,1,0,0,0,1,0,0,1,1,0,0,0,0,0,0,0,1,1,1,0,0,1,1,1,0,1,1,1,0,0,1,1,0,1,0,0,1,0,0,0,0,1,0,0,0.3148148148148148,299.2506237981384,1
66,1,1,1,1,0,1,1,1,1,1,1,0,0,0,1,0,0,1,1,0,0,1,0,0,0,0,1,0,1,0,0,1,1,0,0,1,1,1,0,0,1,1,0,1,0,0,1,0,0,0,0,1,0,0,0.25925925925925924,398.12803340678965,1
67,1,1,1,1,0,1,1,1,1,0,1,0,1,0,0,0,0,1,1,0,0,0,0,0,0,0,1,1,1,0,0,0,1,1,0,1,1,0,0,0,1,1,0,0,0,0,1,0,0,0,0,1,0,0,0.3148148148148148,330.3357210965097,1
68,1,1,1,1,0,1,1,0,1,1,1,0,1,0,1,0,0,1,1,0,0,0,0,0,0,0,1,0,1,0,0,1,1,1,0,1,1,1,0,0,1,1,0,1,0,0,1,0,0,0,0,0,0,0,0.3148148148148148,341.21624473142253,1
69,1,1,1,1,1,1,1,1,1,1,1,0,0,0,1,0,0,1,1,0,0,0,0,0,0,0,0,0,1,0,0,1,1,0,0,1,0,1,0,0,1,1,0,1,0,0,1,0,0,0,0,1,0,0,0.2962962962962963,338.4885872674053,1
70,1,0,1,1,1,1,1,0,1,0,1,1,0,0,1,1,0,1,1,1,0,1,0,0,0,0,1,1,1,0,0,1,1,0,0,1,1,1,0,0,1,1,0,0,0,0,1,0,0,0,0,1,0,0,0.2777777777777778,578.0378627393861,1
71,1,0,1,1,0,1,1,1,1,0,1,0,0,0,0,0,0,1,1,0,0,0,0,1,0,0,1,1,1,0,1,0,1,1,0,1,1,1,0,0,1,1,0,1,0,0,1,0,0,0,0,0,0,0,0.25925925925925924,314.59004205302483,1
72,1,1,1,1,0,1,1,0,1,0,1,0,0,0,0,0,1,1,0,0,1,0,0,0,1,0,1,0,1,0,0,1,0,0,0,1,1,1,1,0,1,1,1,1,0,0,1,0,0,0,0,1,0,0,0.25925925925925924,335.201595698871,1
73,1,1,1,1,0,1,1,0,1,0,1,0,1,0,1,0,0,1,1,0,0,0,0,0,0,0,1,1,1,0,1,1,1,1,0,1,1,1,0,0,1,1,0,0,0,0,1,0,0,0,0,1,0,0,0.2962962962962963,310.5512675039446,1
74,1,0,1,1,0,1,1,0,1,0,1,1,0,0,0,0,0,1,1,1,0,1,0,0,0,0,1,1,1,0,1,1,1,0,0,1,1,1,0,0,1,1,0,0,0,0,1,0,0,0,0,1,0,0,0.25925925925925924,333.03279145508776,1
75,1,0,1,1,0,1,1,1,1,0,1,1,0,0,0,0,0,1,1,1,0,0,0,0,0,0,1,0,1,0,0,1,0,1,0,1,1,0,0,0,1,1,0,0,0,0,1,0,0,0,0,0,0,0,0.2777777777777778,552.7677862101522,1
76,1,0,1,1,0,1,1,1,1,0,1,0,0,0,1,0,0,1,0,0,1,0,0,0,0,0,0,1,1,0,0,0,1,1,0,1,0,1,0,0,1,1,0,1,0,0,1,0,0,0,0,0,0,0,0.25925925925925924,322.3668238053244,1
77,0,1,0,0,1,0,0,0,0,0,0,0,0,1,1,1,1,0,0,1,1,1,1,1,1,1,1,0,0,1,0,0,0,1,1,0,0,0,1,1,0,0,0,0,1,1,0,1,1,1,1,0,1,1,0.2962962962962963,356.3981927323273,1
78,1,0,1,0,0,1,1,0,1,0,1,0,1,0,1,0,0,1,1,0,0,0,0,0,0,0,1,0,1,0,0,1,0,0,0,1,1,1,0,0,1,1,0,1,0,0,1,0,0,0,0,0,0,0,0.24074074074074073,321.18915642515105,1
79,1,1,1,1,0,1,1,0,1,1,1,0,0,0,1,0,0,1,0,1,0,0,0,0,0,0,1,1,1,0,0,1,1,1,0,1,0,0,0,0,1,1,1,0,0,0,1,0,0,0,0,1,0,0,0.2962962962962963,378.7609350398833,1
80,0,1,0,0,1,0,0,1,0,0,0,1,1,1,1,1,1,0,0,1,1,1,1,1,0,1,1,0,0,1,0,0,0,0,1,0,0,0,1,1,0,0,1,0,1,1,0,1,1,1,1,0,1,1,0.3333333333333333,413.6402414482015,1
81,1,0,1,0,0,1,1,0,1,1,0,0,0,0,1,0,0,1,1,0,0,1,0,0,0,0,1,0,1,0,0,1,0,0,0,1,1,1,0,0,1,1,0,0,0,0,1,0,0,0,0,1,0,0,0.24074074074074073,317.1625959323013,1
82,1,0,1,1,0,1,1,0,1,1,1,1,0,0,1,0,0,1,1,0,0,0,0,0,0,0,1,0,1,0,0,1,0,0,0,1,1,0,0,0,1,1,0,1,0,0,1,0,0,0,0,1,0,0,0.3148148148148148,527.6335835250568,1
83,1,1,1,0,0,1,1,0,1,0,1,0,0,0,1,0,0,1,0,0,0,0,0,0,0,0,1,0,1,0,1,0,1,0,0,1,0,1,0,0,1,1,0,0,0,0,1,0,0,0,0,1,0,0,0.3148148148148148,322.96547234879324,1
84,1,1,1,0,0,1,1,1,1,0,1,0,0,0,1,0,1,1,1,0,0,0,0,0,0,0,1,1,1,0,1,1,1,0,0,1,1,1,0,0,1,1,1,0,0,0,1,0,0,0,0,1,0,0,0.2777777777777778,360.60145764587196,1
85,1,1,1,1,0,1,1,0,1,0,0,0,1,0,1,0,0,1,1,0,0,1,0,0,0,0,1,1,1,0,0,1,1,1,0,1,0,0,0,0,1,1,0,1,0,0,1,0,0,0,0,1,0,0,0.3148148148148148,312.8484253601152,1
86,1,1,1,1,0,1,1,0,1,1,1,0,0,0,0,0,0,1,1,0,1,0,0,0,0,0,1,1,1,0,1,1,0,1,0,1,1,1,0,0,1,1,0,1,0,0,1,0,0,0,0,1,0,0,0.2962962962962963,325.35562155601417,1
87,1,1,1,1,0,1,1,0,1,0,1,0,0,0,1,0,0,1,1,0,0,1,0,0,0,0,1,1,1,0,1,0,1,0,0,1,1,1,0,0,1,1,0,1,0,0,1,0,0,0,0,1,0,0,0.3333333333333333,321.1669108726062,1
88,1,0,1,1,0,1,1,1,1,0,1,0,0,0,1,0,0,1,1,0,0,0,0,0,0,0,1,1,0,0,1,1,1,1,0,1,1,0,0,0,0,1,0,1,0,0,1,0,0,0,0,0,0,0,0.2222222222222222,365.0516314164571,1
89,1,0,1,1,0,1,1,1,1,0,1,1,0,0,1,0,0,1,1,1,0,0,0,0,1,0,1,1,1,0,0,1,1,0,0,1,1,0,0,0,1,1,0,1,0,0,1,0,0,0,0,0,0,0,0.3333333333333333,566.438056208377,1
90,1,0,1,1,0,1,1,1,1,0,1,0,0,0,1,0,0,1,1,0,0,1,0,0,0,0,1,0,1,0,0,1,0,1,0,1,0,1,0,0,1,1,0,1,0,0,1,0,0,0,0,1,0,0,0.3148148148148148,383.32199705741516,1
91,1,0,1,1,0,1,1,0,1,1,1,0,0,0,1,0,0,1,1,0,0,0,0,0,0,0,1,1,1,0,1,1,1,0,0,1,1,1,0,0,1,1,0,0,0,0,1,0,0,0,0,1,0,0,0.3888888888888889,287.21242247464437,1
92,1,1,1,1,0,1,1,1,1,0,1,0,0,0,0,0,0,1,1,0,0,0,0,0,0,0,1,0,1,0,0,0,1,0,0,1,1,1,0,0,1,1,0,0,0,0,1,0,0,0,0,0,0,0,0.3333333333333333,333.2491591673481,1
93,1,1,1,1,0,1,1,0,1,0,1,0,0,0,0,0,0,1,1,1,0,1,0,0,0,0,1,0,1,0,0,1,1,0,0,1,0,0,0,0,1,1,0,1,0,0,1,0,0,0,0,0,0,0,0.2962962962962963,335.27866209506885,1
94,1,1,1,1,0,1,1,1,1,0,1,0,0,0,1,0,0,1,1,0,0,1,0,0,1,0,1,0,1,0,0,1,1,0,0,1,1,1,0,0,1,1,0,1,0,0,1,0,0,0,0,1,0,0,0.4074074074074074,395.9346839778797,1
95,1,0,1,1,0,1,1,0,1,1,1,0,0,0,1,0,0,1,1,0,0,1,0,0,0,0,1,1,1,0,0,0,0,0,0,1,1,1,0,0,1,1,0,1,0,0,1,0,0,0,0,1,0,0,0.3148148148148148,373.006131974309,1
96,1,1,1,1,0,1,1,1,1,0,1,0,0,1,1,0,0,1,0,0,0,0,0,0,0,0,1,1,1,0,0,0,1,1,0,1,1,1,0,0,1,1,1,0,0,0,1,0,0,0,0,0,0,0,0.35185185185185186,415.85724199349124,1
97,1,0,1,1,0,1,1,1,1,0,1,0,1,0,1,0,0,1,1,1,0,0,0,0,0,0,1,0,1,0,1,1,1,0,0,1,1,1,0,0,1,1,1,1,0,0,1,0,1,0,0,0,0,0,0.3148148148148148,330.9719681313344,1
98,0,0,0,0,1,0,1,0,0,0,0,1,1,1,1,1,1,0,0,1,1,1,1,1,0,1,1,0,0,1,1,0,1,1,1,0,0,0,1,1,0,0,1,1,1,1,0,1,1,1,1,0,1,1,0.2777777777777778,532.898460536491,1
99,1,1,1,1,0,1,1,1,1,0,1,0,1,0,1,0,0,1,1,0,0,1,0,0,1,0,1,0,1,0,1,1,0,0,0,1,1,1,0,0,1,1,1,1,0,0,1,0,0,1,0,1,0,0,0.3148148148148148,401.2881725586029,1
