,0,1,2,3,4,5,6,7,8,9,10,11,12,13,14,15,16,17,18,19,20,21,22,23,24,25,26,27,28,29,30,31,32,33,34,35,chain_break_fraction,energy,num_occurrences
0,0,0,1,0,0,1,0,1,1,0,1,1,1,0,1,0,1,1,0,1,0,1,1,0,0,1,1,1,1,0,0,1,0,0,0,1,0.2777777777777778,32.45906153215454,1
1,0,0,1,0,0,1,0,1,1,0,1,1,1,0,1,0,1,0,0,0,0,1,1,0,0,1,1,1,1,0,0,1,0,0,0,1,0.25,24.016989679671102,1
2,0,0,1,0,0,1,0,1,1,0,1,1,1,0,1,0,1,0,0,1,0,1,1,0,0,1,1,1,1,0,0,1,0,0,0,1,0.25,32.36660183085417,2
3,0,0,1,0,0,1,0,1,1,0,1,1,1,0,1,0,1,0,0,1,0,1,1,0,0,1,1,1,1,0,0,1,0,0,0,1,0.2777777777777778,32.36660183085417,2
4,0,0,1,0,0,1,0,1,1,0,1,1,1,0,1,0,1,0,0,1,0,1,0,0,0,1,1,1,1,0,0,1,0,0,0,1,0.3055555555555556,27.886094524988753,1
5,0,0,1,0,0,1,0,1,1,0,1,1,1,0,1,0,1,1,0,1,0,1,0,0,0,1,1,1,1,0,0,1,0,0,0,1,0.3055555555555556,28.97855648485194,1
6,0,0,1,0,0,1,0,1,1,0,1,1,1,0,1,0,1,0,0,0,0,1,1,0,0,1,1,1,1,0,0,1,0,0,0,1,0.2777777777777778,24.016989679671102,1
7,0,0,1,0,0,1,0,1,1,0,1,1,1,0,1,0,1,0,0,1,0,1,0,0,0,1,1,1,1,0,0,1,0,0,0,1,0.25,27.886094524988753,1
8,0,0,1,0,0,1,0,1,1,0,1,1,1,0,1,0,1,0,0,1,1,1,1,0,0,1,1,1,1,0,0,1,0,0,0,1,0.3055555555555556,35.47182372565747,1
9,0,0,1,0,0,1,0,1,1,0,1,1,1,0,1,0,1,1,0,1,0,1,1,0,0,1,1,1,1,0,0,1,0,0,0,1,0.3055555555555556,32.45906153215454,1
10,0,0,1,0,0,1,0,1,1,0,1,1,1,0,1,0,1,1,0,1,0,1,1,0,0,1,1,1,1,0,0,1,0,0,0,1,0.25,32.45906153215454,1
11,0,0,1,0,0,1,0,1,1,0,1,1,1,0,1,0,0,1,0,1,0,1,1,0,0,1,1,1,1,0,0,1,0,0,0,1,0.3055555555555556,32.41283168150435,1
12,0,0,1,0,0,1,0,1,0,0,1,1,1,0,1,0,1,0,0,1,0,1,1,0,0,1,1,1,1,0,0,1,0,0,0,1,0.2777777777777778,32.76886084722856,1
13,0,0,1,0,0,1,0,1,1,0,1,1,1,0,1,0,1,1,0,1,0,1,1,0,0,1,1,1,1,0,0,1,0,1,0,1,0.3611111111111111,44.54428435582202,1
14,0,0,1,0,0,1,0,1,1,0,1,1,1,0,1,0,1,0,0,1,0,1,1,0,0,1,1,1,1,0,0,1,0,1,0,1,0.2777777777777778,46.451875054253605,1
15,0,0,1,0,0,1,0,1,1,0,1,1,1,0,1,0,1,1,0,1,1,1,1,0,0,1,1,1,1,0,0,1,0,0,0,1,0.3333333333333333,34.5641958319524,1
16,0,0,1,0,0,1,0,1,1,0,1,0,1,0,1,0,1,0,0,0,0,1,0,0,0,1,1,1,1,0,0,1,0,0,0,1,0.2777777777777778,21.94646135177287,1
17,0,0,1,0,0,1,0,1,1,0,0,1,1,0,1,0,1,1,0,1,0,1,1,0,0,1,1,1,1,0,0,1,0,0,0,1,0.2777777777777778,33.91940017273627,1
18,0,0,1,0,0,1,0,1,1,0,1,1,1,0,1,0,0,1,0,1,0,1,0,0,0,1,1,1,1,0,0,1,0,0,0,1,0.3055555555555556,28.432325504920346,1
19,0,0,1,0,0,1,0,1,1,0,1,1,1,0,1,0,0,1,0,1,0,1,1,0,0,1,1,1,1,0,0,1,0,0,0,1,0.3333333333333333,32.41283168150435,1
20,0,0,1,0,0,1,0,1,1,0,1,1,1,0,1,0,1,0,0,1,0,1,1,0,0,1,1,1,1,0,0,1,0,1,0,1,0.3055555555555556,46.451875054253605,1
21,0,0,1,0,0,1,0,1,1,0,1,1,1,0,1,0,1,1,0,1,0,1,1,0,0,1,1,1,1,0,0,1,0,0,0,1,0.3055555555555556,32.45906153215454,1
22,0,0,1,0,0,1,0,1,1,0,1,1,1,0,1,0,1,0,0,1,0,1,0,0,0,1,1,1,1,0,0,1,0,0,0,1,0.2777777777777778,27.886094524988753,1
23,0,0,1,0,0,1,0,1,1,0,1,1,1,0,1,0,1,0,0,1,1,1,1,0,0,1,1,1,1,0,0,1,0,0,0,1,0.3055555555555556,35.47182372565747,1
24,0,0,1,0,0,1,0,1,1,0,1,1,1,0,1,0,1,0,0,0,0,1,1,0,0,1,1,1,1,0,0,1,0,1,0,1,0.3055555555555556,34.23936353592029,1
25,0,0,1,0,0,1,0,1,1,0,1,1,1,0,0,0,1,0,0,0,1,1,1,0,0,1,1,1,1,0,0,1,0,0,0,1,0.3055555555555556,26.65732622861724,1
26,0,1,1,0,0,1,0,1,1,0,1,1,1,0,1,0,1,0,0,1,0,1,0,0,0,1,1,1,1,0,0,1,0,0,0,1,0.3055555555555556,31.550538732723684,1
27,0,0,0,0,0,1,0,1,1,0,1,1,1,0,1,0,1,1,0,1,0,1,1,0,0,1,1,1,1,0,0,1,0,0,0,1,0.3055555555555556,32.359737211369726,1
28,0,0,1,0,0,1,0,1,1,0,1,1,1,0,1,0,1,1,0,1,0,1,0,0,0,1,1,1,1,0,0,1,0,1,0,1,0.3611111111111111,39.246142649810594,1
29,0,0,1,0,0,1,0,1,1,0,1,1,1,0,0,0,1,1,0,1,0,1,1,0,0,1,1,1,1,0,0,1,0,0,0,1,0.2777777777777778,32.50712504449869,1
30,0,0,1,0,0,1,0,1,1,0,1,1,1,0,0,0,1,0,0,0,0,1,1,0,0,1,1,1,1,0,0,1,0,0,0,1,0.25,24.06542198682993,1
31,0,0,1,1,0,1,0,1,0,0,1,0,1,0,1,0,1,0,0,1,0,1,1,0,0,1,1,1,1,0,0,1,0,0,0,1,0.3055555555555556,37.66864275024763,1
32,0,0,1,1,0,1,0,1,1,0,1,1,1,0,1,0,1,0,0,0,1,0,1,0,0,1,1,1,1,0,0,1,0,1,0,1,0.2222222222222222,34.33245588597494,1
33,0,0,1,0,0,1,0,1,1,0,1,1,1,0,1,0,1,1,0,1,0,1,1,0,0,1,1,1,1,0,0,1,0,0,0,1,0.3333333333333333,32.45906153215454,1
34,0,0,1,1,0,1,0,1,1,0,1,0,1,0,1,0,0,1,0,1,0,1,1,0,0,1,1,1,1,0,0,1,0,0,0,1,0.2777777777777778,37.312639940571,1
35,0,0,0,0,0,1,0,1,1,0,1,1,1,0,1,0,1,0,0,1,0,1,1,0,0,1,1,1,1,0,0,1,0,0,0,1,0.3055555555555556,33.26730435612272,1
36,0,0,1,0,0,1,0,1,1,0,1,1,1,0,1,0,1,0,0,0,1,1,0,0,0,1,1,1,1,0,0,1,0,0,0,1,0.2777777777777778,22.789762594078844,1
37,0,0,1,0,0,1,0,1,1,0,1,1,1,0,1,0,0,1,0,1,0,1,1,0,0,1,1,1,1,0,0,1,0,0,0,1,0.3055555555555556,32.41283168150435,1
38,0,1,1,0,0,1,0,1,1,0,1,1,1,0,1,0,1,0,0,1,0,1,1,0,0,1,1,1,1,0,0,1,0,1,0,1,0.3055555555555556,47.11526353816008,1
39,0,0,1,0,0,1,0,1,1,0,1,1,1,0,1,0,1,0,0,0,1,1,1,0,0,1,1,1,1,0,0,1,0,1,0,1,0.25,37.37652736343931,1
40,0,0,1,0,0,1,0,1,0,0,1,1,1,0,1,0,1,0,0,0,1,1,0,0,0,1,1,1,1,0,0,1,0,0,0,1,0.3333333333333333,22.218961916215584,1
41,0,0,1,0,0,1,0,1,1,0,1,1,1,0,1,0,1,1,0,1,0,1,1,0,0,1,1,0,1,0,0,1,0,0,0,1,0.2777777777777778,23.911214093072175,1
42,0,0,1,1,0,1,0,1,1,0,1,1,1,0,1,0,0,1,0,1,0,1,0,0,0,1,1,1,1,0,0,1,0,0,0,1,0.3055555555555556,32.633117127418416,1
43,0,0,0,1,0,1,0,1,0,0,1,0,1,0,1,0,1,0,0,0,0,1,1,0,0,1,1,1,1,0,0,1,0,0,0,1,0.2777777777777778,26.83755987055673,1
44,0,0,1,0,0,1,0,1,1,0,1,1,1,0,1,0,1,0,0,0,1,1,1,0,1,1,1,1,1,0,0,1,0,0,0,1,0.3055555555555556,31.133857654427494,1
45,0,0,1,0,0,1,0,1,1,0,1,1,1,0,0,0,1,1,0,1,0,1,1,0,0,1,1,1,1,0,0,1,0,0,0,1,0.3611111111111111,32.50712504449869,1
46,0,0,1,1,0,1,0,1,1,0,1,1,1,0,1,0,1,0,0,1,1,1,1,0,0,1,1,1,1,0,0,1,0,1,0,1,0.3055555555555556,49.77992617554247,1
47,0,0,1,0,0,1,0,1,1,0,1,1,1,0,1,0,0,1,0,1,0,1,0,0,0,1,1,1,1,0,0,1,0,0,0,1,0.3333333333333333,28.432325504920346,1
48,0,0,1,0,0,1,0,1,1,0,1,1,1,0,0,0,1,0,0,1,0,1,1,0,0,1,1,1,1,0,0,1,0,0,0,1,0.2777777777777778,33.41503438089989,1
49,0,0,1,0,0,1,0,1,1,0,1,1,0,0,1,0,1,1,0,1,0,1,0,0,0,1,1,1,1,0,0,1,0,0,0,1,0.3055555555555556,28.174546118036165,1
50,0,0,1,0,0,1,0,1,1,0,1,1,1,0,0,0,1,0,0,1,1,1,0,0,0,1,1,1,1,0,0,1,0,0,0,1,0.3055555555555556,31.511165821487158,1
51,0,1,1,0,0,1,0,1,1,0,1,1,0,0,1,0,1,0,0,1,0,1,0,0,0,1,1,1,1,0,0,1,0,0,0,1,0.3055555555555556,30.09827286321654,1
52,0,0,0,0,0,1,0,1,1,0,1,1,1,0,1,0,1,0,0,0,1,1,1,0,0,1,1,1,1,0,0,1,0,0,0,1,0.3055555555555556,26.474933957709084,1
53,0,0,1,0,0,1,0,1,1,0,1,1,1,0,1,0,1,0,0,1,0,1,1,0,0,1,1,1,1,0,0,1,0,0,0,1,0.2777777777777778,32.36660183085417,1
54,0,0,1,0,0,1,0,1,1,0,1,1,1,0,1,0,1,0,0,0,1,0,1,0,0,1,1,1,1,0,0,1,0,1,0,1,0.25,31.102199708401262,1
55,0,0,0,1,0,1,0,1,1,0,1,1,1,0,1,0,1,0,0,1,0,1,0,0,0,1,1,1,1,0,0,1,0,1,0,1,0.3055555555555556,40.7408277500112,1
56,0,0,1,0,0,1,0,1,0,0,1,1,1,0,1,0,0,1,0,1,0,1,0,0,0,1,1,1,1,0,0,1,0,0,0,1,0.3611111111111111,27.830045371270632,1
57,0,0,1,0,0,1,0,1,0,0,1,1,1,0,0,0,1,0,0,1,0,1,0,0,0,1,1,1,1,0,0,1,0,0,0,1,0.3333333333333333,29.11996745953463,1
58,0,0,1,1,0,1,0,1,1,0,1,1,1,0,1,0,0,1,0,1,0,1,1,0,0,1,1,1,1,0,0,1,0,1,0,1,0.3055555555555556,46.670130044773046,1
59,0,0,1,0,0,1,0,1,1,0,1,1,1,0,1,0,1,1,0,1,0,1,0,0,0,1,1,1,1,0,0,1,0,0,0,1,0.3333333333333333,28.97855648485194,1
60,0,0,1,1,0,1,0,1,0,0,1,1,1,0,1,0,1,1,0,1,0,1,1,0,0,1,1,1,1,0,0,1,0,0,0,1,0.3055555555555556,35.05094388048386,1
61,0,0,0,1,0,1,0,1,1,0,1,1,1,0,1,0,1,0,0,1,0,1,0,0,0,1,1,1,1,0,0,1,0,1,0,1,0.3055555555555556,40.7408277500112,1
62,0,0,1,1,0,1,0,1,1,0,1,0,1,0,0,0,0,1,0,0,0,1,1,0,0,1,1,1,1,0,0,1,0,0,0,1,0.2777777777777778,28.548506903742634,1
63,0,0,0,1,0,1,0,1,1,0,1,0,1,0,1,0,1,1,0,1,0,1,1,0,0,1,1,1,1,0,0,1,0,0,0,1,0.3333333333333333,36.369317513442134,1
64,0,0,1,1,0,1,0,1,1,0,1,1,1,0,0,0,1,0,0,1,0,1,1,0,0,1,1,1,1,0,0,1,0,0,0,1,0.25,34.6136293303484,1
65,0,0,1,1,0,1,0,1,0,0,1,1,1,0,1,0,0,1,0,1,0,1,1,0,0,1,1,1,1,0,0,1,0,1,0,1,0.3055555555555556,46.56797583931384,1
66,0,0,0,1,0,1,0,1,1,0,1,1,1,0,1,0,1,1,0,1,0,1,1,0,0,1,1,1,1,0,0,1,0,1,0,1,0.3611111111111111,45.63032294871629,1
67,0,0,1,0,0,1,0,1,0,0,1,1,1,0,0,0,1,1,0,1,0,1,1,0,0,1,1,1,1,0,0,1,0,0,0,1,0.3611111111111111,32.68356722753516,1
68,0,0,0,1,0,1,0,1,0,0,1,1,1,0,1,0,1,0,0,1,0,1,1,0,0,1,1,1,1,0,0,1,0,0,0,1,0.2777777777777778,33.368158315161935,1
69,0,0,1,0,0,1,0,1,1,0,1,1,1,0,1,0,1,0,0,1,0,1,1,0,0,1,1,1,1,0,0,1,0,0,0,1,0.2777777777777778,32.36660183085417,1
70,0,0,0,1,0,1,0,1,0,0,1,1,1,0,1,0,1,1,0,1,0,1,1,0,0,1,1,1,1,0,0,1,0,1,0,1,0.3888888888888889,45.52365610204592,1
71,0,0,1,0,0,1,0,1,0,0,1,1,1,0,1,0,1,0,0,1,1,1,0,0,0,1,1,1,1,0,0,1,0,1,0,1,0.3333333333333333,45.20495136646377,1
72,0,0,1,0,0,1,0,1,0,0,1,1,1,0,1,0,1,0,0,1,1,1,1,0,0,1,1,1,1,0,0,1,0,0,0,1,0.3611111111111111,36.401072139960505,1
73,0,0,1,0,0,1,0,1,1,0,1,1,1,0,1,0,1,1,0,1,1,1,1,0,0,1,1,1,1,0,0,1,0,1,0,1,0.3888888888888889,47.700227389629944,1
74,0,0,1,1,0,1,0,1,1,0,1,1,1,0,0,0,0,1,0,1,0,1,0,0,0,1,1,1,1,0,0,1,0,0,0,1,0.3333333333333333,31.681364566058992,1
75,0,0,0,0,0,1,0,1,1,0,1,1,1,0,1,0,1,0,0,1,0,1,1,0,0,1,1,1,1,0,0,1,0,1,0,1,0.3055555555555556,48.36586330741267,1
76,1,0,0,0,1,0,1,1,0,1,0,1,0,0,0,1,0,1,1,0,0,0,0,1,1,0,0,1,0,1,1,0,1,0,1,0,0.2222222222222222,25.322430014047008,1
77,0,0,1,1,0,1,0,1,0,0,1,1,1,0,1,0,0,1,0,1,1,1,1,0,0,1,1,1,1,0,0,1,0,0,0,1,0.3611111111111111,36.64136432581245,1
78,0,0,0,1,0,1,0,1,1,0,1,1,1,0,1,0,1,0,0,0,0,1,0,0,0,1,1,1,1,0,0,1,0,0,0,1,0.2222222222222222,23.86703643422399,1
79,0,0,1,0,0,1,0,1,0,0,1,1,1,0,0,0,1,0,0,1,1,0,0,0,0,1,1,1,1,0,0,1,0,0,0,1,0.3611111111111111,25.516338722613302,1
80,1,0,0,0,1,0,1,1,0,1,0,0,0,0,0,1,0,1,0,0,0,0,0,1,1,0,0,1,0,1,1,0,1,0,1,0,0.25,22.79860516913251,1
81,1,0,0,0,1,0,1,1,0,1,0,0,0,0,0,1,0,1,1,0,1,0,0,1,1,0,0,1,0,1,1,0,1,0,1,0,0.25,25.929859165325595,1
82,1,0,0,0,1,0,1,1,0,1,0,0,0,0,0,1,0,1,1,0,0,0,0,1,1,0,0,1,0,1,1,0,1,0,1,0,0.2777777777777778,25.338952448283443,1
83,0,0,1,0,0,1,0,1,0,0,0,1,1,0,0,0,1,0,0,0,0,1,1,0,0,1,1,1,1,0,0,1,0,1,0,1,0.3333333333333333,39.73084342381915,1
84,0,0,1,1,0,1,0,1,0,0,1,0,1,0,1,0,0,0,0,0,0,0,1,0,0,1,1,1,1,0,0,1,0,0,0,1,0.2777777777777778,24.586960957914254,1
85,1,0,0,0,1,0,1,1,0,1,0,0,0,0,0,1,1,1,0,0,1,0,0,1,1,0,0,1,0,1,1,0,1,0,1,0,0.25,23.896495833280643,1
86,0,0,1,1,0,1,0,1,0,0,1,1,1,0,0,0,0,1,0,1,0,1,0,0,0,1,1,1,1,0,0,1,0,1,0,1,0.3611111111111111,42.10343381945741,1
87,0,0,1,1,0,1,0,1,1,0,1,1,1,0,0,0,1,0,0,1,0,1,0,0,0,1,1,1,1,0,0,1,0,0,0,1,0.3333333333333333,30.63529125892482,1
88,0,0,1,1,0,1,0,1,0,0,1,1,1,0,1,0,0,1,0,1,0,0,0,0,0,1,1,1,1,0,0,1,0,0,0,1,0.3055555555555556,29.834771400304778,1
89,1,0,1,0,1,0,1,1,0,1,0,0,0,0,0,1,0,1,0,0,0,0,0,1,0,0,0,1,0,1,1,0,1,0,1,0,0.2777777777777778,23.37929818196737,1
90,1,0,0,0,1,0,1,1,0,1,0,0,0,0,0,1,0,1,1,0,1,0,0,1,1,0,0,1,0,1,1,0,1,0,1,0,0.2777777777777778,25.929859165325595,1
91,1,0,0,0,1,0,1,1,0,1,1,0,0,0,0,1,0,1,1,0,1,0,0,1,0,0,0,0,0,0,1,0,1,0,1,0,0.2777777777777778,18.495534039478414,1
92,1,0,0,0,1,0,0,1,0,1,1,0,0,0,0,1,0,1,0,0,0,0,0,1,0,0,0,1,0,1,1,0,1,0,1,0,0.2222222222222222,19.154703142668417,1
93,1,0,0,0,0,0,1,1,0,1,0,0,0,1,0,1,0,1,0,0,1,0,0,1,1,0,0,1,0,1,1,0,1,0,1,0,0.25,25.119384687801634,1
94,1,0,0,0,1,0,1,1,0,1,1,1,0,0,0,1,0,1,1,0,0,0,0,1,1,0,0,1,0,1,1,0,1,0,1,0,0.3333333333333333,26.314168796928783,1
95,1,0,0,0,1,0,1,1,0,1,0,0,0,1,0,1,0,0,1,0,0,0,0,1,1,0,0,1,0,0,1,0,0,0,1,0,0.25,23.65208679912557,1
96,1,0,0,0,1,0,1,1,0,1,0,0,0,0,0,1,0,1,1,0,0,0,0,1,1,0,0,1,0,1,1,0,1,0,1,0,0.3055555555555556,25.338952448283443,1
97,1,0,0,0,1,0,1,1,0,1,0,0,0,0,0,1,1,1,0,0,1,0,0,1,0,0,0,1,0,1,1,0,1,0,1,0,0.3055555555555556,21.881726736719976,1
