,0,1,2,3,4,5,6,7,8,9,10,11,12,13,14,15,16,17,18,19,20,21,22,23,24,25,26,27,28,29,30,31,32,33,34,35,36,37,38,39,40,41,42,43,44,45,46,47,48,49,50,51,52,53,chain_break_fraction,energy,num_occurrences
0,1,0,1,0,0,0,0,1,1,0,0,1,0,1,1,0,0,1,1,1,1,0,0,0,1,0,1,1,0,1,1,1,0,1,0,0,1,1,1,0,0,1,0,0,0,1,1,0,0,0,1,1,0,0,0.3148148148148148,466.0473316022726,1
1,0,0,1,0,0,0,0,1,1,0,1,1,0,1,1,0,0,1,1,1,1,0,0,0,1,0,1,1,0,1,0,1,0,1,0,0,1,1,1,0,0,1,0,0,1,1,1,0,0,0,1,1,0,0,0.2777777777777778,456.0114355854593,1
2,1,0,1,0,0,0,0,1,1,0,1,1,0,1,0,0,0,1,1,1,1,0,0,0,1,0,1,0,0,1,1,1,0,1,0,0,1,1,1,0,0,1,0,0,1,1,1,0,0,0,1,1,0,0,0.3148148148148148,391.78141692929734,1
3,1,0,1,0,0,0,0,1,1,0,0,1,0,1,0,0,0,1,1,1,1,0,0,0,1,0,1,1,0,1,1,1,0,1,0,0,1,1,1,0,0,1,0,0,1,1,1,0,0,0,1,1,0,0,0.3148148148148148,375.1585175418559,1
4,1,0,1,0,0,0,0,1,1,0,1,1,0,1,1,0,0,1,0,1,1,0,0,0,1,1,1,1,0,1,0,1,0,1,0,0,1,1,1,0,0,1,0,0,0,1,1,0,0,0,1,1,0,0,0.3148148148148148,578.0177854704149,1
5,0,0,1,0,0,0,0,1,1,0,1,1,0,1,0,0,0,1,0,1,1,0,0,0,1,0,1,1,0,1,1,1,0,1,0,0,1,1,1,0,0,1,0,0,1,1,1,0,0,0,1,1,0,0,0.2962962962962963,375.2773898162445,1
6,0,0,1,0,0,0,0,1,1,0,0,1,0,1,1,0,0,1,1,1,1,0,0,0,1,0,1,1,0,1,1,1,0,1,0,0,1,1,1,0,0,1,0,0,1,1,1,0,0,0,1,1,0,0,0.3148148148148148,415.13152067457963,1
7,0,0,1,0,0,0,0,1,0,0,0,1,0,1,0,0,0,1,1,1,1,0,0,0,1,0,1,1,0,1,1,1,0,1,0,0,1,1,1,0,0,1,0,0,0,1,1,0,0,0,1,1,0,0,0.3333333333333333,325.59327641581723,1
8,1,0,1,0,0,0,0,1,1,0,0,1,0,1,1,0,0,1,1,1,1,0,0,0,1,1,1,1,0,1,1,1,0,1,0,0,1,1,1,0,0,1,0,0,1,1,1,0,0,0,1,1,0,0,0.3333333333333333,463.77117263491175,1
9,0,0,1,0,0,0,0,1,1,0,1,1,0,1,0,0,0,1,0,1,1,0,1,0,1,1,1,1,0,0,1,1,0,1,0,0,1,1,1,0,0,1,0,0,1,1,1,0,0,0,1,1,0,0,0.2777777777777778,438.9378571470172,1
10,1,0,1,0,0,0,0,1,1,0,0,1,0,1,0,0,0,1,1,1,1,0,0,0,1,1,1,1,0,1,1,1,0,1,0,0,1,1,1,0,0,1,0,0,1,1,1,0,0,0,1,1,0,0,0.3148148148148148,386.5532206551568,1
11,0,0,1,0,0,0,0,1,1,0,1,1,0,1,1,0,0,1,1,1,1,0,0,0,1,0,1,1,0,0,1,1,0,1,0,0,1,1,1,0,0,1,0,0,1,1,1,0,0,0,1,1,0,0,0.2962962962962963,479.5562744915777,1
12,0,0,1,0,0,0,0,1,1,0,0,1,1,1,0,0,0,1,1,1,1,0,1,0,1,1,1,1,0,1,0,1,0,1,0,0,1,1,1,0,0,1,0,0,0,1,1,0,0,0,1,1,0,0,0.2962962962962963,457.51054921402437,1
13,0,0,1,0,0,0,0,1,0,0,0,1,0,1,0,0,0,1,1,1,1,0,1,0,0,0,1,1,0,0,1,1,0,1,0,0,1,1,1,0,0,1,0,0,1,1,1,0,0,0,1,1,0,0,0.2962962962962963,317.7246279035917,1
14,0,0,1,0,0,0,0,1,0,0,1,1,0,1,0,0,0,1,1,1,0,0,0,0,1,0,1,1,0,1,1,1,0,1,0,0,1,1,1,0,0,1,0,0,0,1,1,0,0,0,1,1,0,0,0.3148148148148148,312.7460991837397,1
15,0,0,1,0,0,0,0,1,1,0,1,1,0,1,1,1,0,1,0,1,1,0,0,0,1,0,1,1,0,1,1,1,0,1,0,0,1,1,0,0,0,1,0,0,1,1,1,0,0,0,1,1,0,0,0.2962962962962963,493.3691277742229,1
16,0,0,1,0,0,0,0,1,1,0,1,1,0,1,0,0,0,1,1,1,1,0,0,0,1,0,1,0,0,1,0,1,0,1,0,0,1,1,1,0,0,1,0,0,1,1,1,0,1,0,1,1,0,0,0.3148148148148148,379.7682763867164,1
17,0,0,1,0,0,0,0,1,1,1,1,1,0,1,0,0,0,1,1,1,1,0,0,0,0,0,1,1,0,1,1,1,0,1,0,0,1,1,1,0,0,1,0,0,0,1,1,0,0,0,1,1,0,0,0.25925925925925924,385.28903717177536,1
18,0,0,1,0,0,0,0,1,1,0,0,1,0,1,1,0,0,1,0,1,1,0,0,0,0,1,1,1,0,0,1,1,0,1,0,0,1,1,1,0,0,1,0,0,1,1,1,0,0,0,1,1,0,0,0.3148148148148148,428.6974871904516,1
19,1,0,1,0,0,0,0,1,1,0,0,1,0,1,0,0,0,1,1,1,1,0,1,0,1,1,1,1,1,1,0,1,0,1,0,0,1,1,1,0,0,1,0,0,0,1,1,0,0,0,1,1,0,0,0.37037037037037035,431.64282341129467,1
20,0,0,1,0,0,0,0,1,1,0,0,1,0,1,0,0,0,1,1,1,0,0,0,0,1,1,1,1,0,1,1,1,0,1,0,0,1,1,1,0,0,1,0,0,1,1,1,0,0,0,1,1,0,0,0.3148148148148148,355.926343155318,1
21,1,0,1,0,0,0,0,1,0,1,1,1,0,1,1,0,0,1,1,1,1,0,0,0,0,1,1,1,0,0,0,1,0,1,0,0,1,1,1,0,0,1,0,0,1,1,1,0,0,0,1,1,0,0,0.2962962962962963,474.72229744110217,1
22,1,0,1,0,0,0,0,1,0,0,0,1,0,1,0,0,0,1,1,1,1,0,0,0,1,1,1,1,0,1,1,1,0,1,0,0,1,1,1,0,0,1,0,0,1,1,1,0,0,0,1,1,0,0,0.3148148148148148,372.19787695553316,1
23,1,0,1,0,0,0,0,1,1,0,0,1,0,1,1,0,0,1,1,1,1,0,0,0,1,0,1,1,1,0,0,1,0,1,0,0,1,1,1,0,0,1,0,0,1,1,1,0,0,0,1,1,0,0,0.35185185185185186,444.4007863710174,1
24,0,0,1,0,0,0,0,1,1,0,0,1,0,1,0,0,0,1,0,1,1,0,0,0,1,1,1,0,0,1,0,1,0,1,0,0,1,1,0,0,0,1,0,0,0,1,1,0,0,0,1,1,0,0,0.3148148148148148,433.8683571399805,1
25,0,0,1,0,0,0,0,1,1,0,0,1,0,1,0,0,0,1,1,1,1,0,0,0,1,1,1,1,0,1,0,1,0,1,0,0,0,1,1,0,0,1,0,0,1,1,1,0,0,0,1,1,0,0,0.3148148148148148,377.6258793661902,1
26,0,0,1,0,0,0,0,1,1,0,1,1,1,1,0,0,0,1,0,1,1,0,1,0,1,1,1,0,0,1,1,1,0,1,0,0,1,1,1,0,0,1,0,0,1,1,1,0,0,0,1,1,0,0,0.3148148148148148,436.5004711907772,1
27,0,0,1,0,0,0,0,1,0,0,1,1,0,1,0,0,0,1,0,1,0,0,0,0,1,0,1,1,0,1,1,1,0,1,0,0,1,1,1,0,0,1,0,0,0,1,1,0,0,0,1,1,0,0,0.2777777777777778,318.61791704326725,1
28,1,0,1,0,0,0,0,1,1,1,1,1,0,1,1,0,0,1,0,1,0,0,0,0,1,0,1,1,1,1,1,1,0,1,0,0,1,1,1,0,0,1,0,0,1,1,1,0,0,0,1,1,0,0,0.2962962962962963,411.11615278526,1
29,1,0,1,0,0,0,0,1,1,0,0,1,0,1,0,0,0,1,0,1,0,0,0,0,0,1,1,1,1,1,1,1,0,1,0,0,1,1,1,0,0,1,0,0,0,1,1,0,0,0,1,1,0,0,0.3148148148148148,333.64241971541134,1
30,0,0,1,0,0,0,0,1,1,0,0,1,0,1,1,0,0,1,0,1,1,0,0,0,0,1,1,1,0,1,1,1,0,1,0,0,1,1,0,0,0,1,1,0,0,1,1,0,0,0,1,1,0,0,0.3333333333333333,478.7221286375283,1
31,0,0,1,0,0,0,0,1,1,0,0,1,0,1,1,0,0,1,0,1,1,0,0,0,1,0,1,1,0,1,1,1,0,1,0,0,1,1,1,0,0,1,0,0,0,0,1,0,0,0,1,1,0,0,0.3333333333333333,430.8376785230003,1
32,1,0,1,0,0,0,0,1,1,1,0,1,0,1,0,0,0,1,0,1,1,0,0,0,0,1,1,1,0,1,0,1,0,1,0,0,1,1,1,0,0,1,0,0,0,1,1,0,0,0,1,1,0,0,0.25925925925925924,392.08912809145335,1
33,0,0,1,0,0,0,0,1,1,1,0,1,0,1,1,0,0,1,1,1,1,0,0,0,0,1,1,1,0,1,1,1,0,1,0,0,1,1,1,0,0,1,1,0,1,1,1,0,0,0,1,1,0,0,0.37037037037037035,435.61618792740546,1
34,1,0,1,0,0,0,0,1,1,0,1,1,0,1,0,0,0,1,0,1,0,0,0,0,1,1,1,1,0,1,1,1,0,1,0,0,1,1,1,0,0,1,0,0,1,1,1,0,0,0,1,1,0,0,0.2777777777777778,362.9991531055815,1
35,1,0,1,0,0,0,0,1,0,1,0,1,0,1,0,0,0,1,1,1,1,0,0,0,1,1,1,1,0,0,1,1,0,1,0,0,1,1,1,0,0,1,0,0,0,1,1,0,0,0,1,1,0,0,0.2962962962962963,368.1811354191102,1
36,1,0,1,0,0,0,0,1,0,0,1,1,0,1,1,0,0,1,1,1,1,0,0,0,1,0,1,1,0,0,1,1,0,1,0,0,1,1,1,0,0,1,1,0,0,1,1,0,0,0,1,1,0,0,0.3148148148148148,444.44110761893614,1
37,1,0,1,0,0,0,0,1,0,0,1,1,0,1,0,0,0,1,0,1,1,0,0,0,1,0,1,0,0,0,1,1,0,1,0,0,1,1,0,0,0,1,1,0,1,0,1,0,0,0,1,1,0,0,0.25925925925925924,336.60370216975946,1
38,1,0,1,0,0,0,0,1,1,0,0,1,1,1,0,0,0,1,0,1,1,0,0,0,1,1,1,1,0,1,0,1,0,1,0,0,1,1,1,0,0,1,0,0,0,1,1,0,0,0,1,1,0,0,0.3333333333333333,411.07325358616635,1
39,1,0,1,0,0,0,0,1,1,0,0,1,0,1,0,0,0,1,1,1,1,0,0,0,1,1,1,0,1,1,1,1,0,1,0,0,1,1,1,0,0,1,0,0,1,1,1,0,0,0,1,1,0,0,0.2962962962962963,391.7387420134239,1
40,0,0,1,0,0,0,0,1,1,0,1,1,0,1,0,0,0,1,1,1,1,0,0,0,1,1,1,0,0,1,1,1,0,1,0,0,1,1,1,0,0,1,0,0,1,0,1,0,0,0,1,1,0,0,0.3333333333333333,410.694611100751,1
41,1,0,1,0,0,0,0,1,1,0,1,1,0,1,0,0,0,1,1,1,1,0,1,0,1,0,1,1,1,1,1,1,0,1,0,0,1,1,1,0,0,1,0,0,0,1,1,0,0,0,1,1,0,0,0.3333333333333333,423.8556454960482,1
42,0,0,1,0,0,0,0,1,1,0,0,1,0,1,0,0,0,1,1,1,1,0,0,0,0,1,1,1,0,1,0,1,0,1,0,0,1,1,1,0,0,1,0,0,1,1,1,0,0,0,1,1,0,0,0.3148148148148148,369.1645391862102,1
43,1,0,1,0,0,0,0,1,1,0,0,1,0,1,1,0,0,1,1,1,0,0,0,0,1,0,1,1,0,1,1,1,0,1,0,0,1,1,1,0,0,1,0,0,0,1,1,0,0,0,1,1,0,0,0.35185185185185186,371.39093423193617,1
44,0,0,1,0,0,0,0,1,1,0,1,1,1,1,1,0,0,1,1,1,1,0,0,0,1,0,1,1,0,0,1,1,0,1,0,0,1,1,1,0,0,1,0,0,1,1,1,0,0,0,1,1,0,0,0.35185185185185186,509.3283578511273,1
45,1,0,1,0,0,0,0,1,1,0,0,1,0,1,0,0,0,1,1,1,1,0,0,0,1,0,1,1,1,1,0,1,0,1,0,0,1,1,1,0,0,1,0,0,1,0,1,0,0,0,1,1,0,0,0.37037037037037035,382.12672520564587,1
46,0,0,1,0,0,0,0,1,0,1,1,1,0,1,0,0,0,1,0,1,1,0,0,0,1,0,1,1,0,0,1,1,0,1,0,0,1,1,1,0,0,1,0,0,1,1,1,0,0,0,1,1,0,0,0.2962962962962963,327.2660385082895,1
47,1,0,1,0,0,0,0,1,1,0,0,1,0,1,1,0,0,1,1,1,1,0,0,0,1,1,1,1,0,1,0,1,0,1,0,0,1,1,1,0,0,1,1,0,1,0,1,0,0,0,1,1,0,0,0.3148148148148148,476.77321047221267,1
48,0,0,1,0,0,0,0,1,0,0,1,1,0,1,0,0,0,1,0,1,1,0,0,0,1,1,1,0,0,0,1,1,0,1,0,0,1,1,1,0,0,1,0,0,1,1,1,0,1,0,1,1,0,0,0.2777777777777778,336.2020237691503,1
49,1,0,1,0,0,0,0,1,0,0,1,1,0,1,1,0,0,1,1,1,1,0,0,0,0,0,0,1,0,1,1,1,0,1,0,0,1,1,1,0,0,1,0,0,1,1,1,0,0,0,1,1,0,0,0.2962962962962963,397.247279449058,1
50,0,0,1,0,0,0,0,1,1,0,0,1,0,1,0,1,0,1,0,1,1,0,0,0,1,0,1,1,0,1,0,1,0,1,0,0,1,1,1,0,0,1,0,0,0,1,1,0,0,0,1,1,0,0,0.2962962962962963,357.843219962267,1
51,0,0,1,0,0,0,0,1,0,0,0,1,0,1,1,0,0,1,0,1,0,0,0,0,1,0,1,1,0,0,1,1,0,1,0,0,1,1,1,0,0,1,0,0,0,1,1,0,0,0,1,1,0,0,0.2962962962962963,288.0606319248932,1
52,0,1,0,1,1,1,1,0,1,1,1,0,0,0,1,1,1,0,0,0,0,0,1,1,0,0,1,0,1,0,0,0,1,0,1,1,0,0,0,1,1,0,0,1,0,0,0,1,1,1,0,0,1,1,0.2962962962962963,376.1096254354848,1
53,0,0,1,0,0,0,0,1,0,0,1,1,1,1,0,0,0,1,1,1,1,0,0,0,1,0,1,1,0,1,1,1,0,1,0,0,1,1,1,0,0,1,0,0,1,1,1,0,0,0,1,1,0,0,0.2962962962962963,373.67384160774304,1
54,1,0,1,0,0,0,0,1,1,0,0,1,0,1,0,0,0,1,1,1,1,0,0,0,0,1,1,0,0,1,0,1,0,1,0,0,1,1,1,0,0,1,0,0,1,1,1,0,0,0,1,1,0,0,0.3148148148148148,381.06519796997804,1
55,1,0,1,0,0,0,0,1,1,0,0,1,0,1,0,0,0,1,0,1,1,0,0,0,0,0,1,1,0,0,1,1,0,1,0,0,1,1,1,0,0,1,0,0,1,1,1,0,0,0,1,1,0,0,0.3148148148148148,334.98656598649666,1
56,0,0,1,0,0,0,0,1,1,0,0,1,0,1,0,0,0,1,0,1,1,0,1,0,1,0,1,1,0,1,0,1,0,1,0,0,1,1,1,0,0,1,0,0,0,1,1,0,0,0,1,1,0,0,0.35185185185185186,368.92320905429216,1
57,0,0,1,0,0,0,0,1,0,0,0,1,0,1,0,0,0,1,1,1,1,0,0,0,0,1,1,0,0,0,0,1,0,1,0,0,1,1,1,0,0,1,0,0,1,1,1,0,0,0,1,1,0,0,0.35185185185185186,313.6755148118447,1
58,1,0,1,0,0,0,0,1,1,0,1,1,1,1,1,0,0,1,1,1,1,0,0,0,0,1,1,1,0,0,0,1,0,1,0,0,1,1,1,0,0,1,0,0,1,1,1,0,0,0,1,1,0,0,0.2962962962962963,608.5768623972149,1
59,1,0,1,0,0,0,0,1,0,0,0,1,0,1,0,0,0,1,1,1,0,0,1,0,1,1,1,1,0,0,1,1,0,1,0,0,1,1,1,0,0,1,0,0,1,0,1,0,0,0,1,1,0,0,0.3333333333333333,306.8313767608471,1
60,0,1,0,1,1,1,1,0,0,1,1,0,1,0,1,0,1,0,0,0,0,1,1,1,0,0,1,0,1,0,0,0,1,0,1,1,0,0,0,1,1,0,0,1,0,0,0,1,1,1,0,0,1,1,0.25925925925925924,332.9492301568771,1
61,0,1,0,1,1,1,1,0,1,1,0,0,0,0,1,1,1,0,0,0,0,1,1,1,0,1,1,0,0,0,0,0,1,0,0,1,0,0,0,1,1,0,0,1,0,0,0,1,1,1,0,0,1,1,0.37037037037037035,428.2850221721005,1
62,0,0,1,0,0,0,0,1,0,0,1,1,0,1,0,1,0,1,0,1,1,0,1,0,1,1,1,0,0,1,1,1,0,1,0,0,0,1,1,0,0,1,0,0,0,1,1,0,0,0,1,1,0,0,0.2962962962962963,407.46311256803614,1
63,1,0,1,0,0,0,0,1,1,0,1,1,0,1,0,0,0,1,0,1,1,0,0,0,0,0,1,1,0,0,1,1,0,1,0,0,1,1,1,0,0,1,0,0,1,0,1,0,0,0,1,1,0,0,0.2962962962962963,371.0397144342356,1
64,1,0,1,0,0,0,0,1,1,0,1,1,0,1,0,0,0,1,0,1,1,0,0,0,1,0,1,1,0,0,1,1,0,1,0,0,1,1,1,0,0,1,0,0,1,0,1,0,0,0,1,1,0,0,0.3148148148148148,387.89878824722285,1
65,1,0,1,0,0,0,0,1,1,1,0,1,0,1,1,0,0,1,1,1,1,0,0,0,0,1,1,1,0,1,1,1,0,1,0,0,1,1,1,0,0,1,0,0,0,1,1,0,0,0,1,1,0,0,0.35185185185185186,520.2252379984305,1
66,0,0,1,0,0,0,0,1,0,0,1,1,1,1,0,0,0,1,0,1,1,0,0,0,1,1,1,1,0,0,1,1,0,1,0,0,1,1,1,0,0,1,0,0,1,1,1,0,0,0,1,1,0,0,0.2962962962962963,344.42201796354243,1
67,0,1,0,1,1,1,1,0,1,0,0,0,1,0,1,1,1,0,0,0,0,1,1,1,0,0,1,0,0,0,0,0,1,0,1,1,0,0,1,1,1,0,0,1,0,0,0,1,1,1,0,0,1,1,0.35185185185185186,372.416741010078,1
68,1,0,1,0,0,0,0,1,1,1,1,1,1,1,1,0,0,1,1,1,1,0,0,0,1,0,1,1,1,1,1,1,0,1,0,0,1,1,0,0,0,1,0,0,0,1,1,0,0,0,1,1,0,0,0.3148148148148148,642.0362249346057,1
69,0,1,0,1,1,1,1,0,0,1,1,0,1,0,1,1,1,0,1,0,0,1,1,1,0,0,1,0,1,0,0,0,1,0,1,1,0,0,0,1,1,0,1,1,0,0,0,1,1,1,0,0,1,1,0.35185185185185186,348.13165934560925,1
70,1,0,0,0,0,0,0,1,0,0,1,1,0,1,1,0,0,1,1,1,1,0,0,0,1,0,1,1,0,1,1,1,0,1,0,0,0,1,1,0,0,1,0,0,1,1,1,0,0,0,1,1,0,0,0.3333333333333333,356.0570220749121,1
71,0,0,1,0,0,0,0,1,1,1,1,1,0,1,0,0,0,1,0,1,1,0,0,0,1,0,1,1,0,1,1,1,0,1,0,0,1,1,1,0,0,1,0,0,1,1,1,0,0,0,1,1,0,0,0.3148148148148148,381.24355575578704,1
72,0,0,1,1,0,0,0,1,1,0,0,1,0,1,1,0,0,1,1,1,1,0,0,0,1,0,1,1,0,1,1,1,0,1,0,0,1,1,1,0,0,1,0,0,0,0,1,0,0,0,1,1,0,0,0.3148148148148148,482.5195665935949,1
73,1,0,1,0,0,0,0,1,1,0,1,1,0,1,0,0,0,1,0,1,1,0,0,0,1,1,1,1,0,1,1,1,0,1,0,0,1,1,1,0,0,1,0,0,0,1,1,0,0,0,1,1,0,0,0.35185185185185186,422.6803561060534,1
74,1,0,1,0,0,0,0,1,1,0,1,1,0,1,0,0,0,1,1,1,1,0,0,0,1,0,1,1,0,1,1,1,0,1,0,0,1,1,1,0,0,1,1,0,0,0,1,0,0,0,1,1,0,0,0.3333333333333333,402.1888998021237,1
75,1,0,1,0,0,0,0,1,0,0,0,1,0,1,0,0,0,1,1,1,1,0,1,0,0,0,1,1,1,0,0,1,0,1,0,0,1,1,1,0,0,1,0,0,0,1,1,0,0,0,1,1,0,0,0.3148148148148148,325.09849188209944,1
76,0,0,1,0,0,0,0,1,1,0,0,1,0,1,0,0,0,1,0,1,1,0,0,0,0,0,1,0,1,0,1,1,0,1,0,0,1,1,1,0,0,1,0,0,1,1,1,0,0,0,1,1,0,0,0.3333333333333333,330.65134670518023,1
77,0,0,1,0,0,0,0,1,1,0,0,1,0,1,0,1,0,1,0,1,1,0,0,0,1,1,1,1,0,0,1,1,0,1,0,0,1,1,1,0,0,1,0,0,1,0,1,0,0,0,1,1,0,0,0.2962962962962963,384.74216492689794,1
78,1,0,1,1,0,0,0,1,0,0,1,1,0,1,1,0,0,1,0,1,0,0,0,0,1,1,1,1,0,0,0,1,0,1,0,0,1,1,0,0,0,1,0,0,1,1,1,0,0,0,1,1,0,0,0.24074074074074073,418.18578027171367,1
79,1,0,1,0,0,0,0,1,1,0,0,1,0,1,0,0,0,1,1,1,1,0,1,0,0,1,1,0,0,0,0,1,0,1,0,0,1,1,1,0,0,1,0,0,1,0,1,0,0,0,1,1,0,0,0.2777777777777778,471.0843592119698,1
80,0,1,0,1,1,1,1,0,0,1,0,0,0,0,1,1,1,0,1,0,1,1,1,1,0,1,1,0,0,0,0,0,1,0,1,1,0,0,0,1,1,0,1,1,0,0,0,1,1,1,0,0,1,1,0.3148148148148148,397.1231343049979,1
81,1,0,0,1,0,0,0,1,1,0,1,1,0,1,0,0,0,1,0,1,1,0,0,0,0,1,1,1,0,1,1,1,0,1,0,0,1,1,0,0,0,1,0,0,1,1,1,0,0,0,1,1,0,0,0.24074074074074073,327.15123721247,1
82,0,0,1,0,0,0,0,1,1,0,0,1,0,1,1,0,0,1,0,1,1,0,0,0,1,0,1,1,0,0,1,1,0,1,0,1,1,1,1,0,0,1,0,0,1,1,1,0,0,0,1,1,0,0,0.3148148148148148,392.72085177525776,1
83,1,0,1,0,0,0,0,1,1,0,0,1,0,1,0,0,0,1,1,1,1,0,0,0,1,1,1,1,1,1,1,1,0,1,0,0,1,1,1,0,0,1,0,0,0,0,1,0,0,0,1,1,0,0,0.2962962962962963,394.7447817096644,1
84,1,0,1,0,0,0,0,1,1,0,0,1,0,1,1,0,0,1,1,1,1,0,0,0,0,1,1,1,0,0,1,1,0,1,0,0,1,1,1,0,0,1,0,0,1,1,1,0,0,0,1,1,0,0,0.3333333333333333,481.2920661886109,1
85,1,0,1,0,0,0,0,1,1,0,0,1,0,1,1,1,0,1,1,1,1,0,0,0,0,1,1,1,0,0,1,1,0,1,0,0,1,1,1,0,0,1,0,0,1,1,1,0,0,0,1,1,0,0,0.3148148148148148,514.0777528542743,1
86,0,1,0,1,1,1,1,0,1,1,0,0,1,0,1,1,1,0,0,0,0,0,0,1,0,0,1,0,0,0,0,0,1,0,1,1,0,0,0,1,1,0,0,1,0,0,0,1,1,1,0,0,1,1,0.37037037037037035,351.80708802643295,1
87,0,1,0,1,1,1,1,0,0,1,1,0,1,0,1,1,1,0,1,0,0,1,1,1,0,0,1,0,1,0,1,0,1,0,1,1,0,0,1,1,1,0,1,1,0,0,0,1,1,1,0,0,1,1,0.3148148148148148,403.70000420223727,1
88,0,1,0,1,1,1,1,0,1,1,0,0,1,0,1,0,1,0,0,0,0,1,0,1,0,0,1,0,0,0,0,0,1,0,1,1,0,0,0,1,1,0,0,1,0,0,0,1,0,1,0,0,1,1,0.35185185185185186,344.5927436294506,1
89,1,0,1,0,0,0,0,1,0,0,1,1,0,1,1,1,0,1,0,1,1,0,1,0,1,1,1,1,0,0,1,1,0,1,0,0,1,1,1,0,0,1,0,0,1,1,1,1,0,0,1,1,0,0,0.3333333333333333,460.2043554125952,1
90,0,0,1,0,0,0,0,1,1,0,0,1,0,1,1,1,0,1,0,1,1,0,0,0,0,0,1,1,0,0,0,1,0,0,0,0,1,1,1,0,0,1,1,0,1,1,1,0,0,0,1,1,0,0,0.2962962962962963,428.08000602886113,1
91,1,0,1,0,0,0,0,1,0,0,1,1,0,1,0,1,0,1,1,1,0,0,0,0,1,0,1,1,0,1,0,1,0,1,0,0,1,1,1,0,0,1,0,0,0,1,1,0,0,0,1,1,0,0,0.25925925925925924,309.3273880137583,1
92,0,1,0,1,1,1,1,0,0,1,1,0,1,0,1,0,1,0,0,0,0,0,1,1,0,1,1,0,1,0,0,0,1,0,1,1,0,0,0,1,1,0,1,1,0,0,0,1,1,1,0,0,1,1,0.37037037037037035,342.14816993711315,1
93,1,0,1,0,0,0,0,1,0,1,1,1,0,1,0,0,0,1,0,1,1,0,1,0,0,0,1,1,0,1,1,1,0,1,0,0,1,1,1,0,0,1,0,0,0,1,1,0,0,0,1,1,0,1,0.35185185185185186,387.8173909362256,1
94,1,0,1,0,0,0,0,1,0,0,1,1,0,1,1,0,0,1,0,1,1,0,0,0,1,0,1,1,0,0,1,1,0,1,0,0,1,1,1,0,0,1,0,0,1,1,1,0,0,0,1,1,0,0,0.3333333333333333,392.81072837870215,1
95,1,0,0,0,0,0,0,1,1,0,1,1,1,1,0,0,0,1,0,1,0,0,1,0,1,1,1,1,0,1,1,1,0,1,0,0,1,1,0,0,0,1,0,0,1,0,1,0,0,0,1,1,0,0,0.24074074074074073,308.6009937172872,1
96,1,0,1,0,0,0,0,1,1,0,1,1,0,1,0,0,0,1,1,1,1,0,0,0,1,1,1,1,0,1,0,1,0,0,0,0,1,1,1,0,0,1,1,0,1,1,1,0,0,0,1,1,0,0,0.3148148148148148,423.2966641154287,1
97,1,0,1,1,0,0,0,1,0,0,1,1,0,1,0,0,0,1,0,1,1,0,0,0,1,1,1,1,0,1,1,1,0,1,0,0,1,1,1,0,0,1,0,0,0,1,1,0,0,0,1,0,0,0,0.3148148148148148,377.86684991174656,1
98,1,0,1,0,0,0,0,1,1,0,0,1,0,1,0,1,0,1,0,1,1,0,0,0,1,1,1,0,1,1,1,1,0,1,1,0,1,1,1,0,0,1,0,0,1,1,1,0,0,0,1,1,0,0,0.2962962962962963,404.4193966639785,1
99,0,1,0,1,1,1,1,0,1,1,0,0,1,0,1,1,1,0,0,0,0,1,1,1,0,0,1,0,1,0,0,0,1,0,1,1,0,0,0,1,1,0,1,1,0,0,0,1,0,1,0,0,1,1,0.3888888888888889,375.9618737306448,1
