,0,1,2,3,4,5,6,7,8,9,10,11,12,13,14,15,16,17,18,19,20,21,22,23,24,25,26,27,28,29,30,31,32,33,34,35,chain_break_fraction,energy,num_occurrences
0,1,0,0,1,0,0,0,0,1,0,0,0,0,1,1,0,0,1,1,1,1,0,0,0,1,0,0,1,0,0,0,0,0,1,0,1,0.2777777777777778,17.670658468261745,1
1,1,1,0,1,0,0,0,0,1,1,0,0,0,1,0,1,0,1,1,1,1,0,0,0,0,0,1,1,0,0,0,0,0,1,0,1,0.25,23.841082276900934,1
2,1,1,0,1,0,0,0,0,0,1,0,0,0,1,1,0,0,1,1,1,1,0,0,0,1,0,1,1,0,0,1,0,0,1,0,0,0.2222222222222222,17.544157926918764,1
3,1,1,0,1,0,0,0,0,1,0,0,0,0,1,1,0,0,1,1,1,1,0,0,0,1,0,0,1,0,0,0,0,0,1,0,1,0.2777777777777778,18.67267336767887,1
4,1,1,0,1,0,0,0,0,1,0,0,0,0,1,1,0,0,1,1,1,1,0,0,0,1,0,1,1,0,0,0,0,0,1,0,1,0.3611111111111111,20.808081418793645,1
5,1,1,0,1,0,0,0,0,1,0,0,0,0,1,1,0,0,1,1,1,1,0,0,0,1,0,1,1,0,0,0,0,0,1,0,0,0.2222222222222222,14.304891291945347,1
6,1,0,0,1,0,0,0,0,1,0,0,0,0,1,1,0,0,1,1,1,1,0,0,0,0,0,0,1,0,0,0,0,0,1,0,1,0.25,14.285545696040426,1
7,1,1,0,1,0,0,0,0,0,0,0,0,0,1,1,0,0,1,1,1,1,0,0,0,1,0,0,1,0,0,0,0,0,1,0,1,0.3055555555555556,19.748932639453667,1
8,1,1,0,1,0,0,0,0,1,0,0,0,0,1,0,1,0,1,1,1,1,0,0,0,0,0,1,1,0,0,0,0,0,1,0,1,0.25,20.720537599456133,1
9,1,1,0,1,0,0,0,0,1,0,0,0,0,1,1,0,0,1,1,1,1,0,0,0,1,0,1,1,0,0,0,0,0,1,0,1,0.2222222222222222,20.808081418793645,1
10,1,0,0,1,0,0,0,0,1,0,0,0,0,1,1,0,0,1,1,1,1,0,0,0,1,0,0,1,0,0,0,0,0,1,0,0,0.2222222222222222,10.58912468031647,1
11,1,1,0,1,0,0,0,0,1,0,0,0,0,1,1,0,0,1,1,1,1,0,0,0,1,1,1,1,0,0,0,0,0,1,0,1,0.25,31.060177552087815,1
12,1,1,0,1,0,0,0,0,1,1,0,0,0,1,0,1,0,1,1,1,1,0,0,0,1,0,1,1,0,0,0,0,0,1,0,1,0.25,25.159582570385894,1
13,1,0,0,1,0,0,0,0,1,0,0,0,0,1,1,0,0,1,1,1,1,0,0,0,1,0,0,1,0,0,0,0,0,1,0,1,0.2777777777777778,17.670658468261745,1
14,1,0,0,1,0,0,0,0,1,0,0,0,0,1,0,0,0,1,1,1,1,0,0,0,1,0,1,1,0,0,0,0,0,1,0,0,0.2222222222222222,11.764624149741763,1
15,1,1,0,1,0,0,0,0,1,0,0,0,0,1,0,0,0,1,1,1,1,0,0,0,0,0,1,1,0,0,0,0,0,1,0,1,0.3611111111111111,16.643529104836954,1
16,1,1,0,1,0,0,0,0,0,0,0,0,0,1,1,0,0,1,1,1,1,0,0,0,1,0,0,1,0,0,0,0,0,1,0,1,0.2777777777777778,19.748932639453667,1
17,1,1,0,1,0,0,0,0,1,0,0,0,0,1,0,1,0,1,1,1,1,0,1,0,0,0,0,1,0,0,0,0,0,1,0,1,0.2777777777777778,19.57213357468869,1
18,1,1,0,1,0,0,0,0,1,0,0,0,0,1,1,0,0,1,1,1,1,0,0,0,1,0,1,1,0,0,0,0,0,1,0,1,0.3055555555555556,20.808081418793645,1
19,1,1,0,1,0,0,0,0,0,0,0,0,0,1,1,0,0,1,0,1,1,0,0,0,0,0,1,1,0,0,0,0,0,1,0,1,0.19444444444444445,17.15454493300704,1
20,1,1,0,1,0,0,0,0,1,0,0,0,0,1,1,0,0,1,1,1,1,0,0,0,1,0,1,1,0,0,1,0,0,1,0,1,0.3055555555555556,25.054367229916657,1
21,1,1,0,1,0,0,0,0,1,0,0,0,0,1,0,0,0,1,0,1,1,0,0,0,1,0,1,1,0,0,0,0,0,1,0,1,0.2222222222222222,18.30357746032992,1
22,1,1,0,1,0,0,0,0,1,0,0,0,0,1,0,1,0,1,1,1,1,0,0,0,1,0,1,1,0,0,0,0,0,1,0,1,0.3055555555555556,23.341026378181283,1
23,1,1,0,1,0,0,0,0,0,1,0,0,0,1,1,1,0,1,1,1,1,0,0,0,0,0,1,1,0,0,0,0,0,1,0,1,0.2777777777777778,25.819381268820827,1
24,1,1,0,1,0,0,0,0,1,0,0,0,0,1,0,0,0,1,1,1,1,0,0,0,1,0,0,1,0,0,0,0,0,1,0,1,0.3611111111111111,17.587186022253505,1
25,1,1,0,1,0,0,0,0,1,0,0,0,0,1,0,0,0,1,1,1,1,0,0,0,1,1,1,1,0,0,0,0,0,1,0,1,0.19444444444444445,31.538351168544025,1
26,1,1,0,1,0,0,0,0,0,1,0,0,0,1,1,0,0,1,0,1,1,0,0,0,0,0,1,1,0,0,1,0,0,1,0,1,0.2222222222222222,21.00903166031184,1
27,1,1,0,1,0,0,0,0,1,0,0,0,0,1,1,0,0,1,1,1,1,0,0,0,1,1,1,1,0,0,0,0,0,1,0,1,0.3055555555555556,31.060177552087815,1
28,1,1,0,1,0,0,0,0,0,1,0,0,0,1,0,1,0,1,1,1,1,0,0,0,1,0,0,1,0,0,0,0,0,1,0,0,0.25,20.290090237477823,1
29,1,1,0,1,0,0,0,0,0,0,0,0,0,1,1,0,0,1,1,1,1,0,0,0,1,0,1,1,0,0,0,0,0,1,0,1,0.2222222222222222,22.39887040602404,1
30,1,1,0,1,0,0,0,0,1,0,0,0,0,1,1,0,0,1,1,1,1,0,0,0,1,0,1,1,0,0,0,0,0,1,0,1,0.3611111111111111,20.808081418793645,1
31,1,1,0,1,0,0,0,0,0,1,0,0,0,1,1,0,0,1,1,1,1,0,0,0,0,0,1,1,0,0,0,0,0,1,0,1,0.2222222222222222,18.742238607536247,1
32,1,1,0,1,0,0,0,0,0,1,0,0,0,1,0,1,0,1,1,1,1,0,0,0,1,0,1,1,0,0,1,0,0,1,0,1,0.2777777777777778,27.39769087112689,1
33,1,0,0,1,0,0,0,0,0,0,0,0,0,1,1,0,0,1,1,1,1,0,0,0,0,0,0,1,0,0,0,0,0,1,0,1,0.3055555555555556,15.803372026900412,1
34,1,1,0,1,0,0,0,0,1,0,0,0,0,1,0,0,0,1,1,1,1,0,0,0,1,0,0,1,0,0,0,0,0,1,0,1,0.3611111111111111,17.587186022253505,1
35,1,1,0,1,0,0,0,0,0,1,0,0,0,1,1,0,0,1,1,1,1,0,0,0,1,0,1,1,0,0,0,0,0,1,0,1,0.3333333333333333,21.217292431563234,1
36,1,0,0,1,0,0,0,0,0,1,0,0,0,1,1,0,0,1,0,1,1,0,0,0,1,0,0,1,0,0,1,0,0,1,0,1,0.3333333333333333,19.605641906728593,1
37,1,1,0,1,1,0,0,0,0,0,0,0,0,1,1,0,0,1,1,1,1,0,0,0,1,0,1,1,0,0,0,0,0,1,0,1,0.2777777777777778,22.851927890819187,1
38,1,1,0,1,0,0,0,0,1,0,0,0,0,1,1,0,0,1,1,1,1,0,0,0,1,0,0,1,0,0,0,0,0,1,0,1,0.3611111111111111,18.67267336767887,1
39,1,0,0,1,0,0,0,0,1,0,0,0,0,1,1,0,0,1,1,1,1,0,0,0,1,0,0,1,0,0,0,0,0,1,0,1,0.2777777777777778,17.670658468261745,1
40,1,1,0,1,0,0,0,0,0,0,0,0,0,1,1,0,0,1,1,1,1,0,0,0,1,0,1,1,0,0,0,0,0,1,0,1,0.3055555555555556,22.39887040602404,1
41,1,1,0,1,0,0,0,0,0,1,0,0,0,1,1,0,0,1,0,1,1,0,0,0,1,1,1,1,0,0,0,0,0,1,0,1,0.25,27.824307471811977,1
42,1,1,0,1,0,0,0,0,0,1,0,0,0,1,0,0,0,1,1,1,1,0,0,0,1,0,0,1,0,0,0,0,0,1,0,1,0.2777777777777778,18.010859667146008,1
43,1,1,0,1,0,0,0,0,1,1,0,0,0,1,0,1,0,1,1,1,1,0,0,0,1,0,1,1,0,0,0,0,0,1,0,1,0.3611111111111111,25.159582570385894,1
44,1,0,0,1,0,0,0,0,1,1,0,0,0,1,1,0,0,1,0,1,1,0,0,0,1,0,1,1,0,0,1,0,0,1,0,0,0.25,15.256932941528149,1
45,1,1,0,1,0,0,0,0,1,1,0,0,0,1,0,0,0,1,1,1,1,0,0,0,1,0,1,1,0,0,0,0,0,1,0,1,0.3333333333333333,20.093424318279784,1
46,1,1,0,1,0,0,0,0,1,1,0,0,0,1,0,1,0,1,1,1,1,0,0,0,1,0,0,1,0,0,0,0,0,1,0,1,0.3333333333333333,24.605776336220003,1
47,1,1,0,1,0,0,1,0,0,1,0,0,0,1,1,0,0,1,1,1,1,0,0,0,1,1,1,1,0,0,0,0,0,1,0,1,0.25,31.08291014590015,1
48,1,1,0,1,0,0,0,0,1,0,0,0,0,1,0,0,0,1,1,1,1,0,0,0,1,0,1,1,0,0,0,0,0,1,0,1,0.25,20.275136459405974,1
49,1,0,0,1,1,0,0,0,1,0,0,0,0,1,1,0,0,1,1,1,1,0,0,0,1,1,0,1,0,0,0,0,0,1,0,1,0.2777777777777778,26.91966110273536,1
50,1,0,0,1,0,0,0,0,1,0,0,0,0,1,1,0,0,1,1,1,1,0,0,0,0,0,0,1,0,0,1,0,0,1,0,0,0.19444444444444445,10.642313522799716,1
51,1,1,0,1,0,0,1,0,0,1,0,0,0,1,1,0,0,1,1,1,1,0,0,0,0,0,0,1,0,0,0,0,0,1,0,1,0.3333333333333333,20.83203401481607,1
52,1,1,0,1,1,0,0,0,1,1,0,0,0,1,0,0,0,1,1,1,1,0,0,0,1,0,1,1,0,0,1,0,0,1,0,1,0.3333333333333333,24.736136780446575,1
53,1,1,0,1,0,0,0,0,0,1,0,0,0,1,0,1,0,1,1,1,0,0,0,0,0,1,1,1,0,0,0,0,0,1,0,1,0.2777777777777778,27.12970845923418,1
54,1,1,0,1,0,0,0,0,0,1,0,0,0,1,1,0,0,1,0,1,1,0,0,0,1,1,1,1,0,0,1,0,0,1,0,1,0.3333333333333333,32.53061867310746,1
55,1,1,0,1,0,0,0,0,1,1,0,0,0,1,0,1,0,1,1,1,1,0,0,0,1,1,1,1,0,0,0,0,0,1,0,1,0.3333333333333333,31.796583157355776,1
56,1,1,0,1,0,0,0,0,1,1,0,0,0,1,1,0,0,1,1,1,1,0,0,0,1,1,1,1,0,0,1,0,0,1,0,0,0.25,24.39687493184218,1
57,1,1,0,1,0,0,0,0,1,0,0,0,0,1,1,0,0,1,0,1,1,0,0,0,1,0,1,1,0,0,0,0,0,1,0,0,0.2222222222222222,14.304563010653546,1
58,1,1,0,1,1,0,0,0,0,1,0,0,0,1,0,0,0,1,1,1,1,0,0,0,0,0,0,1,0,0,0,0,0,1,0,1,0.25,17.851415177619764,1
59,1,0,0,1,0,0,0,0,1,1,0,0,0,1,1,0,0,1,1,1,1,0,0,0,0,0,0,1,0,0,0,0,0,1,0,1,0.3611111111111111,15.249893034320447,1
60,1,0,0,1,0,0,0,0,1,0,0,0,0,1,0,0,0,1,1,1,1,0,0,0,0,0,0,1,0,0,0,0,0,1,0,1,0.2777777777777778,13.695299686854419,1
61,1,1,0,1,0,0,1,0,1,1,0,0,0,1,0,0,0,1,1,1,1,0,0,0,1,0,1,1,0,0,0,0,0,1,0,1,0.4166666666666667,21.569906136738265,1
62,1,1,0,1,1,0,0,0,1,0,0,0,0,1,1,0,0,1,1,1,1,0,0,0,1,0,1,1,0,0,0,0,0,1,0,1,0.19444444444444445,21.807419554441427,1
63,1,1,0,1,1,0,0,0,0,0,0,0,0,1,0,0,0,1,1,1,1,0,0,0,0,0,1,1,0,0,0,0,0,1,0,1,0.3611111111111111,18.54716328533325,1
64,1,1,0,1,0,0,0,0,1,1,0,0,0,1,0,1,0,1,1,1,1,0,1,0,1,0,1,1,0,0,0,0,0,1,0,1,0.2777777777777778,24.87327426704799,1
65,1,1,0,1,0,1,0,0,1,0,0,0,0,1,0,1,0,1,1,1,1,0,0,0,1,0,1,1,0,0,0,0,0,1,0,0,0.2222222222222222,24.846759682471497,1
66,1,1,0,1,0,0,0,0,1,0,0,0,0,1,1,0,0,1,0,1,1,0,0,0,1,0,0,1,0,0,1,0,0,1,0,1,0.25,20.583277294293335,1
67,1,1,0,1,0,0,0,0,0,1,0,0,0,1,1,1,0,1,1,1,1,0,0,0,1,0,1,1,0,0,0,0,0,1,0,1,0.3055555555555556,27.28331651700394,1
68,1,1,0,1,0,0,0,0,0,1,0,0,0,1,1,0,0,1,1,1,0,0,0,0,0,0,1,1,0,0,0,0,0,1,0,1,0.19444444444444445,18.421965261058077,1
69,1,1,0,1,0,0,0,0,1,1,0,0,0,1,1,0,0,1,1,1,0,0,0,0,1,0,1,1,0,0,1,0,0,1,0,1,0.25,23.491120816229067,1
70,1,1,0,1,1,0,0,0,0,1,0,0,0,1,1,0,0,1,0,1,1,0,0,0,1,0,1,1,0,0,0,0,0,1,0,1,0.3055555555555556,22.698201083551997,1
71,1,0,0,1,0,0,0,0,0,0,1,0,0,1,1,0,0,1,1,1,0,0,0,0,1,0,0,1,0,0,0,0,0,1,0,1,0.16666666666666666,16.5121560512066,1
72,1,0,0,1,0,0,0,0,1,1,0,0,0,1,0,0,0,1,0,1,1,0,0,0,0,0,1,1,0,0,0,0,0,1,0,1,0.2222222222222222,15.109864252087885,1
73,1,1,0,1,0,0,1,0,1,1,0,0,0,1,0,0,0,1,1,1,1,0,0,0,1,0,0,1,0,0,0,0,0,1,0,1,0.4166666666666667,20.434878725888197,1
74,1,1,0,1,0,0,0,0,0,1,0,0,0,1,1,0,0,1,1,1,0,0,0,0,1,0,1,1,0,0,1,0,0,1,0,1,0.2777777777777778,23.117838212035405,1
75,1,1,0,1,0,0,0,0,1,1,0,0,0,1,0,0,0,1,0,1,1,0,0,0,1,0,1,1,0,0,1,0,0,1,0,1,0.3611111111111111,22.661574447245453,1
76,1,1,0,1,0,0,0,0,1,0,0,0,0,1,1,0,0,1,1,1,1,0,0,0,1,0,0,1,0,0,0,0,0,1,0,1,0.3611111111111111,18.67267336767887,1
77,1,1,0,1,0,0,0,0,1,0,0,0,0,1,0,0,0,1,1,1,0,0,0,0,1,0,1,0,0,0,0,0,0,1,0,0,0.1388888888888889,10.877372991133102,1
78,1,1,0,1,0,0,0,0,1,1,0,0,0,1,1,0,0,1,1,1,1,0,0,0,1,1,1,1,0,0,0,0,0,1,0,1,0.3888888888888889,29.274622607146597,1
79,1,1,0,1,0,0,0,0,1,0,0,0,0,1,0,1,0,1,1,1,1,0,0,0,1,0,1,1,0,0,0,0,0,1,0,1,0.3333333333333333,23.341026378181283,1
80,1,0,0,1,0,0,0,0,0,1,0,0,0,1,1,1,0,1,1,1,1,0,1,0,1,0,1,1,0,0,0,0,0,1,0,0,0.3611111111111111,18.370894704189652,1
81,1,1,0,1,0,0,0,0,0,1,0,0,0,1,0,0,0,1,1,1,1,0,0,0,0,0,1,1,1,0,1,0,0,1,0,0,0.19444444444444445,14.603343736849377,1
82,1,1,0,1,0,0,0,0,0,0,1,0,0,1,1,0,0,1,0,1,1,0,0,0,0,0,1,1,0,0,0,0,0,1,0,1,0.25,17.480153340733505,1
83,1,1,0,1,0,0,0,0,0,0,0,0,0,1,1,0,0,1,1,1,1,0,0,0,1,0,1,1,0,0,0,0,0,1,0,1,0.3333333333333333,22.39887040602404,1
84,1,1,0,1,0,0,0,0,0,0,0,0,0,1,1,0,0,1,1,1,1,0,0,0,1,0,0,1,0,0,0,0,0,1,0,1,0.19444444444444445,19.748932639453667,1
85,1,1,0,1,1,0,0,0,0,1,0,0,0,1,1,0,0,1,1,1,0,0,0,0,1,0,1,1,0,0,1,0,0,1,0,1,0.2777777777777778,24.661884774321916,1
86,1,1,0,1,0,0,0,0,0,1,0,0,0,1,0,0,0,1,1,1,0,0,0,0,1,1,1,1,0,0,1,0,0,1,0,0,0.2777777777777778,22.24254796556796,1
87,1,1,0,1,1,0,0,0,0,1,0,0,0,1,1,0,0,1,1,1,1,0,0,0,1,1,0,1,0,0,0,0,0,1,0,1,0.3888888888888889,28.045248176634963,1
88,1,0,0,1,0,0,0,0,0,1,0,0,0,1,1,0,1,1,1,1,1,0,0,0,0,1,1,1,0,0,0,0,0,1,0,1,0.3611111111111111,24.288994510711113,1
89,1,1,1,1,0,0,0,0,1,0,0,0,0,1,0,1,0,1,0,1,1,0,0,0,1,0,0,1,0,0,0,0,0,1,0,1,0.25,24.765250278589917,1
90,1,1,0,1,1,0,0,0,1,0,0,0,0,1,1,0,0,1,1,1,1,0,0,0,1,1,0,1,0,0,0,0,0,1,0,1,0.3333333333333333,27.87721528279732,1
91,1,1,0,1,0,0,0,0,0,1,0,0,0,1,1,0,1,1,1,1,1,0,0,0,1,0,0,1,0,0,0,0,0,1,0,1,0.3055555555555556,20.520154824129246,1
92,1,1,0,1,0,0,0,0,0,0,0,0,0,1,0,0,0,1,1,1,1,0,1,0,0,0,0,1,0,0,0,0,0,1,0,0,0.25,10.141607451312703,1
93,0,0,0,0,0,1,1,0,0,0,1,1,1,0,0,1,1,0,0,0,0,1,0,1,0,0,0,0,1,1,0,1,1,0,1,0,0.25,16.305055248810405,1
94,0,0,0,1,0,0,0,0,1,0,0,0,0,1,1,0,0,1,1,1,1,0,0,0,1,0,0,1,0,0,0,0,0,1,0,1,0.16666666666666666,19.169651018553175,1
95,0,0,1,0,1,1,0,0,1,0,1,1,1,0,0,0,1,0,0,0,0,1,0,1,0,0,0,0,0,1,0,1,1,0,1,0,0.2777777777777778,14.255733178358643,1
96,0,0,0,0,0,1,1,0,0,0,0,1,1,0,0,0,1,0,0,0,0,1,0,1,0,0,0,0,1,1,0,1,1,0,0,0,0.19444444444444445,12.911126708481902,1
97,1,1,0,1,1,0,0,1,0,1,0,0,0,1,1,0,0,1,1,1,1,0,0,0,1,0,1,1,0,0,1,0,0,1,0,1,0.3888888888888889,31.75228654292067,1
98,0,0,0,0,0,1,1,0,0,0,1,1,1,0,0,1,1,0,0,0,0,1,0,1,0,0,0,0,1,1,0,1,0,0,1,0,0.2777777777777778,13.862973672881267,1
99,0,0,1,0,1,1,0,0,0,0,1,0,1,0,0,0,1,0,0,0,0,1,0,1,0,0,0,0,1,1,0,0,0,0,1,0,0.1388888888888889,6.236468964901248,1
