,0,1,2,3,4,5,6,7,8,9,10,11,12,13,14,15,16,17,18,19,20,21,22,23,24,25,26,27,28,29,30,31,32,33,34,35,chain_break_fraction,energy,num_occurrences
0,1,0,0,0,0,1,1,1,1,1,0,1,0,0,1,1,1,0,0,0,1,1,0,0,0,1,0,0,0,1,1,1,1,1,1,1,0.2222222222222222,18.317804196210908,1
1,1,0,0,0,0,1,1,1,1,1,0,1,0,0,1,1,1,0,0,0,1,1,0,0,0,1,0,0,0,1,1,1,1,1,1,1,0.2222222222222222,18.317804196210908,1
2,1,0,0,0,0,1,1,1,1,1,0,1,0,0,1,1,1,0,0,0,1,1,0,0,0,1,0,0,0,1,1,1,1,1,1,1,0.25,18.317804196210908,1
3,1,0,0,0,0,1,1,1,1,1,0,1,0,0,1,1,1,0,0,0,1,1,0,0,0,1,0,0,0,1,1,1,1,1,1,1,0.2222222222222222,18.317804196210908,1
4,1,0,0,0,0,1,1,1,1,1,0,1,0,0,1,1,1,0,0,0,1,1,0,0,0,1,0,0,0,1,1,1,1,1,1,1,0.25,18.317804196210908,1
5,1,0,0,0,0,1,1,1,1,1,0,1,0,0,1,1,1,0,0,0,1,1,0,0,0,1,0,0,0,1,1,1,1,1,1,1,0.25,18.317804196210908,1
6,1,0,0,0,0,1,1,1,1,1,0,1,0,0,1,1,1,0,0,0,1,1,0,0,0,1,0,0,0,1,1,1,1,1,1,1,0.25,18.317804196210908,1
7,0,0,0,0,0,1,1,1,1,1,0,1,0,0,1,1,1,0,0,0,1,1,0,0,0,1,0,0,0,1,1,1,1,1,1,1,0.2222222222222222,19.34606797326587,1
8,1,0,0,0,0,1,1,1,1,1,0,1,0,0,1,1,0,0,0,0,1,1,0,0,0,0,0,0,0,1,1,1,1,1,1,1,0.19444444444444445,13.399881233878672,1
9,1,0,0,0,0,1,1,1,1,1,0,1,0,0,1,1,1,0,0,0,1,1,0,0,0,1,0,0,0,1,1,1,1,1,1,1,0.2777777777777778,18.317804196210908,1
10,1,0,0,0,0,1,1,1,1,1,0,1,0,0,0,1,1,0,0,0,1,1,0,0,0,1,0,0,0,1,1,1,1,1,1,1,0.2222222222222222,17.736000721480234,1
11,1,0,0,0,0,1,1,1,1,1,0,1,0,0,1,1,1,0,0,0,1,1,0,0,0,0,0,0,0,1,1,1,1,1,1,1,0.19444444444444445,12.928816463348856,1
12,1,0,0,0,0,1,1,1,1,1,0,1,0,0,1,1,1,0,0,0,1,1,0,0,0,1,0,0,0,1,1,1,1,1,1,1,0.19444444444444445,18.317804196210908,1
13,1,0,0,0,0,1,1,1,1,1,0,1,0,0,1,1,0,0,0,0,1,1,0,0,0,1,0,0,0,1,1,1,1,1,1,1,0.25,19.808197344500787,1
14,1,0,0,0,0,1,1,1,1,1,0,1,0,0,1,1,1,0,0,0,1,0,0,0,0,1,0,0,0,1,1,1,1,1,1,1,0.25,15.898045171182462,1
15,1,0,0,0,0,1,1,1,1,1,0,1,0,0,1,1,1,0,0,0,1,1,0,0,0,1,0,0,0,1,1,1,1,1,1,0,0.16666666666666666,16.49626050373209,1
16,1,0,0,0,0,1,1,1,1,1,0,1,0,0,1,1,1,0,0,0,1,1,0,0,0,1,0,0,0,1,1,1,1,1,1,1,0.2777777777777778,18.317804196210908,1
17,1,0,0,0,0,1,1,1,1,1,0,1,0,0,1,1,0,0,0,0,1,1,0,0,0,0,0,0,0,1,0,1,1,1,1,1,0.19444444444444445,12.57741306869693,1
18,1,0,0,0,0,1,1,1,1,1,0,1,0,0,1,1,1,0,0,0,1,1,0,0,0,1,0,0,0,1,1,1,1,1,1,1,0.25,18.317804196210908,1
19,1,0,0,0,0,1,1,1,1,1,0,1,0,0,0,1,0,0,0,0,1,1,0,0,0,1,0,0,0,1,1,1,1,1,1,1,0.2222222222222222,19.784265211177072,1
20,1,0,0,0,0,1,1,1,1,1,0,1,0,0,1,1,1,0,0,0,1,1,0,0,0,1,0,0,0,1,1,1,1,1,1,1,0.3333333333333333,18.317804196210908,1
21,1,0,0,0,0,1,1,1,0,1,0,1,0,0,0,1,1,0,0,0,1,1,0,0,0,0,0,0,0,1,1,1,1,1,1,0,0.19444444444444445,9.735688317689023,1
22,1,0,0,0,0,1,1,1,1,1,0,1,0,0,1,1,1,0,0,0,1,1,0,0,0,1,0,0,0,1,1,1,1,1,1,1,0.3055555555555556,18.317804196210908,1
23,1,0,0,0,0,1,1,1,1,1,0,1,0,0,1,1,1,0,0,0,1,1,0,0,0,1,0,0,0,1,1,1,1,1,1,1,0.2222222222222222,18.317804196210908,1
24,1,0,0,0,0,1,1,1,1,1,0,1,0,0,1,1,1,0,0,0,1,1,0,0,1,1,0,0,0,1,1,1,1,1,1,1,0.3055555555555556,22.012298062641932,1
25,1,1,0,0,0,1,1,1,1,1,0,1,0,0,1,1,0,0,0,0,1,1,0,0,0,1,0,0,0,1,1,1,1,1,1,1,0.25,20.751236330270245,1
26,1,0,0,0,0,1,1,1,1,1,0,1,0,0,1,0,1,0,0,0,1,1,0,0,0,1,0,0,0,1,1,1,1,1,1,1,0.16666666666666666,17.15419724674959,1
27,1,0,0,0,0,1,1,1,1,1,0,1,0,0,1,0,1,0,0,0,1,1,0,0,0,1,0,0,0,1,1,1,1,1,1,1,0.2222222222222222,17.15419724674959,1
28,1,1,0,0,0,1,1,1,1,1,0,1,0,0,1,1,1,0,0,0,1,1,0,0,0,1,0,0,0,1,0,1,1,1,1,1,0.2777777777777778,19.759958187465504,1
29,1,0,0,0,0,1,1,1,1,1,0,1,0,0,1,1,0,0,0,0,1,1,0,0,0,1,0,0,0,1,0,1,1,1,1,1,0.25,17.78495205711634,1
30,0,0,1,1,1,0,0,0,0,0,1,0,1,1,0,1,1,1,1,1,0,0,1,1,0,0,1,1,1,1,0,0,0,0,0,0,0.3333333333333333,27.052056588093755,1
31,1,0,0,0,0,1,1,1,1,1,0,1,0,0,1,1,1,0,0,0,1,0,0,0,0,1,0,0,0,1,1,1,1,1,1,1,0.3055555555555556,15.898045171182462,1
32,1,0,0,0,0,1,1,1,1,1,0,1,0,0,0,1,1,0,0,0,1,1,0,0,0,1,0,0,0,1,0,1,1,1,1,1,0.19444444444444445,15.716591149167622,1
33,1,0,0,0,0,1,1,1,1,1,0,1,0,0,1,1,1,0,0,0,1,1,0,0,0,1,0,0,0,1,1,1,1,1,1,1,0.2777777777777778,18.317804196210908,1
34,1,1,0,0,0,1,1,1,1,1,0,1,0,0,1,1,1,0,0,0,1,1,0,0,0,1,0,0,0,0,1,1,1,1,1,0,0.2222222222222222,19.687349283161378,1
35,1,0,0,0,0,1,1,1,1,1,0,1,0,0,1,1,0,0,0,0,1,1,0,0,0,1,0,0,0,1,1,1,1,1,1,1,0.25,19.808197344500787,1
36,1,0,0,0,0,1,1,1,0,1,0,1,0,0,1,1,1,0,0,0,1,1,0,0,0,1,0,0,0,1,1,1,1,1,1,1,0.1388888888888889,18.719064554467696,1
37,1,0,0,0,1,1,1,1,1,1,0,1,0,0,0,1,1,0,0,0,1,1,0,0,0,1,0,0,0,1,1,1,1,1,1,1,0.25,18.318199648840228,1
38,1,0,0,0,0,1,1,1,1,1,0,1,0,0,1,1,1,0,0,0,1,1,0,0,0,1,0,0,0,1,1,1,1,1,1,1,0.3055555555555556,18.317804196210908,1
39,0,1,1,1,0,0,0,0,0,0,1,0,1,0,0,1,0,1,1,1,0,0,1,1,0,0,0,1,1,1,0,0,0,0,0,0,0.25,21.657129041515137,1
40,0,0,0,0,1,1,1,1,1,1,0,1,0,0,0,1,0,0,0,0,1,1,0,0,0,0,0,0,0,0,0,1,1,1,1,0,0.16666666666666666,12.558391288593098,1
41,1,0,0,0,0,1,1,1,1,1,0,1,0,0,1,1,1,0,0,0,1,0,0,0,0,1,0,0,0,1,1,1,1,1,1,1,0.3055555555555556,15.898045171182462,1
42,1,0,0,0,0,1,1,1,1,1,0,1,0,0,1,1,1,0,0,0,1,1,0,0,0,1,0,0,0,1,1,1,1,1,1,1,0.25,18.317804196210908,1
43,1,0,0,0,0,1,1,1,1,1,0,1,0,0,1,1,1,0,0,0,1,1,0,0,0,1,0,0,0,1,1,1,1,1,1,1,0.3055555555555556,18.317804196210908,1
44,0,0,0,0,0,1,1,1,0,1,0,1,0,0,1,1,1,0,0,0,1,1,0,0,0,0,0,0,0,1,1,1,1,1,1,0,0.2222222222222222,11.432118006553308,1
45,1,0,0,0,0,1,1,1,1,1,0,1,0,0,0,1,1,0,0,0,1,1,0,0,0,0,0,0,0,1,1,1,1,1,1,1,0.25,11.345728648454278,1
46,0,0,1,1,1,0,1,0,0,0,1,0,1,0,0,0,1,1,1,1,0,0,1,1,1,0,0,1,1,1,0,0,0,0,0,0,0.25,19.272817100938113,1
47,0,0,0,0,0,1,1,1,0,1,0,1,0,0,1,1,1,0,0,0,1,1,0,0,0,0,0,0,0,1,1,1,1,1,1,1,0.25,12.779231341949826,1
48,1,0,0,0,0,1,0,1,1,1,0,1,0,0,1,1,1,0,0,0,1,0,0,0,0,1,0,0,0,1,1,1,1,1,1,1,0.2777777777777778,16.793792282829735,1
49,1,0,0,0,0,1,1,1,1,1,0,1,0,0,1,1,1,0,0,0,1,1,0,0,0,1,0,0,0,1,1,1,1,1,1,1,0.3055555555555556,18.317804196210908,1
50,1,0,0,0,1,1,1,1,1,1,0,1,0,0,1,1,0,0,0,0,1,1,0,0,0,1,1,0,0,1,0,1,1,1,1,1,0.2222222222222222,21.76433165427645,1
51,1,0,0,0,1,1,1,1,1,1,0,1,0,0,1,1,1,0,0,0,1,1,0,0,0,1,0,0,0,1,1,1,1,1,1,1,0.2777777777777778,19.676281833662948,1
52,0,0,0,1,0,1,1,1,0,1,0,1,0,0,0,1,1,0,0,0,1,1,0,0,0,0,0,0,0,1,0,1,1,1,1,0,0.19444444444444445,15.283260657025268,1
53,1,0,0,0,0,1,1,1,1,1,0,1,0,0,1,1,1,0,0,0,1,1,0,0,0,1,0,0,0,1,1,1,1,1,1,1,0.25,18.317804196210908,1
54,1,0,0,0,0,1,1,1,1,1,0,1,0,0,1,1,1,0,0,0,1,1,0,0,0,1,0,0,0,1,1,1,1,1,1,1,0.3055555555555556,18.317804196210908,1
55,0,0,0,0,0,1,1,1,1,1,0,1,0,0,0,1,1,0,0,0,1,1,0,0,0,0,0,0,0,1,1,1,1,1,1,1,0.25,11.873937720962784,1
56,1,0,0,0,1,1,1,1,0,1,0,1,0,0,1,1,1,0,0,0,1,1,0,0,0,1,0,0,0,1,1,1,1,1,1,1,0.2777777777777778,19.577492194259104,1
57,1,0,0,0,0,1,1,1,0,1,0,1,0,1,1,1,0,0,0,0,1,1,0,0,0,1,0,0,0,0,1,1,1,1,1,1,0.2222222222222222,14.74786704286516,1
58,0,1,1,1,1,0,0,0,0,0,1,0,1,1,0,1,1,1,1,1,0,0,1,1,1,0,1,1,1,1,0,0,0,0,0,0,0.2777777777777778,34.006207682597484,1
59,0,0,1,1,1,0,1,0,0,0,1,0,1,1,0,0,0,1,1,1,0,0,1,1,0,0,1,1,1,1,0,0,0,0,0,0,0.19444444444444445,20.374492216866447,1
60,1,0,0,0,1,1,1,1,0,1,0,1,0,0,0,1,1,0,0,0,1,1,0,0,0,1,0,0,0,0,1,1,1,1,1,1,0.2222222222222222,12.25177348990682,1
61,1,0,0,0,0,1,1,1,1,1,0,1,0,0,1,1,1,0,0,0,1,0,0,0,1,1,0,0,0,1,1,1,1,1,1,1,0.2222222222222222,18.41936152737875,1
62,1,0,0,0,0,1,1,1,0,1,0,1,0,0,0,0,1,0,0,0,1,0,0,0,0,1,0,0,0,1,1,1,1,1,1,1,0.19444444444444445,13.909492908116725,1
63,1,0,0,0,1,1,1,1,0,1,0,1,0,0,0,1,1,0,0,0,1,1,0,0,0,1,0,0,0,0,1,1,1,1,1,1,0.16666666666666666,12.25177348990682,1
64,1,0,0,0,1,1,1,1,1,1,0,1,0,0,1,1,1,0,0,0,1,1,0,0,0,1,0,0,0,1,1,1,1,1,1,1,0.3333333333333333,19.676281833662948,1
65,0,1,1,1,1,0,0,0,0,0,1,0,1,0,0,1,0,1,1,1,0,0,1,1,0,0,0,1,1,1,0,0,0,0,0,0,0.3055555555555556,23.278911654807256,1
66,1,0,0,0,0,1,1,1,1,0,1,1,0,0,1,1,1,0,0,0,1,1,0,0,0,1,0,0,0,1,0,1,1,1,1,1,0.16666666666666666,15.38429459920556,1
67,1,1,0,0,0,1,1,1,1,1,0,1,0,0,1,1,1,0,0,0,1,1,0,0,0,0,0,0,0,1,1,1,1,1,1,1,0.3055555555555556,16.872398332823586,1
68,1,0,0,0,1,1,1,1,1,1,0,1,0,0,1,1,0,0,0,0,1,1,0,0,1,1,0,0,0,1,1,1,1,1,1,1,0.2777777777777778,24.167529125343552,1
69,0,0,0,0,1,1,1,1,1,1,0,1,0,0,1,1,1,0,0,0,1,1,0,0,0,1,0,0,0,0,0,1,1,1,1,1,0.3055555555555556,14.48885073940515,1
70,1,0,0,0,0,1,1,1,1,1,0,1,0,1,1,1,1,0,0,0,1,1,0,0,1,1,0,0,0,1,1,1,1,1,1,1,0.2222222222222222,22.537422402799717,1
71,1,0,0,0,0,1,1,1,0,1,0,1,1,0,1,1,0,0,0,0,1,1,0,0,0,1,0,0,0,1,0,1,1,1,1,0,0.16666666666666666,15.406926810397232,1
72,0,0,1,1,1,0,0,0,0,0,1,0,1,0,0,1,1,1,1,1,0,0,1,1,0,0,0,1,1,1,0,0,0,0,0,0,0.25,21.806778766765444,1
73,1,0,0,0,1,1,1,1,1,1,0,1,0,0,1,1,0,0,0,0,1,1,0,0,0,0,1,0,0,1,1,1,1,1,1,0,0.16666666666666666,16.103908749187013,1
74,1,0,0,0,0,1,0,1,0,1,0,1,0,0,1,1,0,0,0,0,1,1,0,0,0,0,0,0,0,1,1,1,1,1,1,0,0.2222222222222222,11.868252496936112,1
75,0,0,0,0,1,1,1,1,1,1,0,1,0,0,0,1,1,0,0,0,1,1,0,0,1,0,0,0,0,1,0,1,1,1,1,0,0.2222222222222222,13.18363575116743,1
76,0,0,1,1,0,0,0,0,0,0,1,0,1,1,0,1,0,1,1,1,0,0,1,1,0,0,1,1,1,1,0,0,0,0,0,0,0.2222222222222222,25.338173211357244,1
77,1,0,0,0,1,1,1,1,1,1,0,1,0,0,1,1,1,0,0,0,1,1,0,0,0,1,0,0,0,1,1,1,1,1,1,1,0.3055555555555556,19.676281833662948,1
78,1,0,0,0,0,1,1,1,1,1,0,1,0,0,1,1,1,0,0,0,1,1,0,0,0,1,1,0,0,1,1,1,1,1,0,1,0.2222222222222222,19.899459863605802,1
79,0,1,1,1,1,0,1,0,0,0,0,0,1,0,0,1,1,1,1,1,0,0,1,1,0,0,1,1,1,1,0,0,0,0,0,0,0.2777777777777778,25.741894468655644,1
80,1,0,0,0,1,1,1,1,1,1,0,1,0,0,1,1,1,0,0,0,1,1,0,0,0,1,0,0,0,1,1,1,1,1,1,1,0.3333333333333333,19.676281833662948,1
81,1,1,0,0,0,1,1,1,1,1,0,1,0,0,1,0,1,0,0,0,1,1,0,0,0,0,0,0,0,1,1,1,1,1,1,1,0.2777777777777778,11.706222674050982,1
82,0,0,1,1,1,0,0,0,0,0,1,0,1,0,0,0,0,1,1,1,0,0,0,1,0,0,0,1,1,1,0,0,0,0,0,0,0.16666666666666666,16.201218979461956,1
83,1,0,0,0,1,1,1,1,1,1,0,1,0,0,1,1,1,0,0,0,1,1,0,0,0,1,0,0,0,1,0,1,1,1,1,1,0.3333333333333333,18.65691102615581,1
84,1,0,0,1,0,1,1,1,0,1,0,1,0,0,0,1,1,0,0,0,1,1,0,0,0,0,0,0,1,1,1,1,1,1,1,0,0.2222222222222222,16.487266457897164,1
85,1,0,0,0,1,1,1,1,1,1,0,1,0,0,1,1,1,0,0,0,1,1,0,0,0,0,0,0,0,1,1,1,1,1,1,1,0.3055555555555556,15.288278198232666,1
86,1,1,1,1,0,0,0,0,0,0,1,0,0,0,0,1,1,1,1,1,0,0,1,1,0,0,0,1,1,1,0,0,0,0,0,0,0.25,22.47964162363142,1
87,0,0,1,1,0,0,0,0,0,0,0,0,1,0,0,1,1,1,1,1,0,0,1,1,1,0,0,1,1,1,0,0,0,0,0,0,0.25,26.20102055414156,1
88,1,0,0,0,0,1,1,1,1,1,0,1,0,0,0,1,1,0,0,0,1,0,0,0,0,1,0,0,0,1,1,1,1,1,1,1,0.3333333333333333,14.268514505669403,1
89,1,0,0,0,0,1,1,1,0,1,0,1,0,0,0,1,1,0,0,0,1,1,0,0,0,0,1,0,0,1,0,1,1,1,1,0,0.1388888888888889,10.080140419391618,1
90,1,1,0,0,0,1,1,1,1,1,1,1,0,0,1,0,1,0,0,0,1,1,0,0,0,1,0,0,0,1,1,1,1,1,1,1,0.2777777777777778,16.80126496291676,1
91,1,0,0,0,0,1,1,1,1,1,0,1,0,0,1,1,1,0,0,0,1,1,0,0,0,0,1,0,0,1,0,1,1,1,1,0,0.2222222222222222,14.063805985568113,1
92,0,0,1,1,0,0,0,0,0,0,1,0,1,1,0,1,0,1,1,1,0,0,1,1,1,0,1,1,1,1,1,0,0,0,0,0,0.3333333333333333,31.604698413294567,1
93,1,0,0,1,0,1,1,1,0,1,0,1,0,0,1,0,0,0,0,0,0,1,0,0,0,0,0,0,0,1,1,1,1,1,1,1,0.2222222222222222,11.864938332384307,1
94,0,1,1,1,0,0,0,0,0,0,1,0,1,0,0,1,0,1,1,1,0,0,0,1,1,0,0,1,1,1,0,0,0,0,0,0,0.2222222222222222,22.662675657603476,1
95,1,0,0,0,0,1,1,1,0,1,0,1,0,0,0,0,1,0,0,0,1,0,0,0,0,1,0,0,1,0,1,1,1,1,1,1,0.19444444444444445,9.346722769150547,1
96,1,0,0,0,0,1,1,1,1,1,0,1,0,0,0,1,1,0,0,0,1,1,0,0,0,0,0,0,0,1,1,1,1,1,1,1,0.2222222222222222,11.345728648454278,1
97,0,1,1,1,1,0,0,0,0,0,1,0,1,0,0,1,0,1,1,1,0,0,1,1,0,0,0,1,1,1,0,0,0,0,0,0,0.3333333333333333,23.278911654807256,1
98,1,0,0,0,0,0,1,1,1,1,1,1,0,0,1,0,0,0,1,0,1,0,0,0,0,1,0,0,0,1,1,1,1,1,1,0,0.1388888888888889,12.63486201375818,1
99,0,0,0,0,0,1,1,1,0,1,0,1,1,0,1,1,1,0,0,0,1,1,0,0,0,0,0,0,0,1,0,1,1,1,1,0,0.3055555555555556,12.051094968150663,1
