,0,1,2,3,4,5,6,7,8,9,10,11,12,13,14,15,16,17,18,19,20,21,22,23,24,25,26,27,28,29,30,31,32,33,34,35,36,37,38,39,40,41,42,43,44,45,46,47,48,49,50,51,52,53,chain_break_fraction,energy,num_occurrences
0,1,1,0,1,0,1,1,1,0,0,1,0,0,0,0,1,0,0,1,1,1,0,1,0,1,0,1,0,1,0,0,0,0,1,1,1,1,1,1,0,1,0,1,0,1,1,0,1,0,0,0,0,0,1,0.2777777777777778,340.21430258487965,1
1,1,1,0,1,0,1,1,1,0,0,1,0,0,0,0,0,0,0,1,1,1,0,1,0,1,0,1,0,1,0,0,0,0,0,1,1,1,1,1,0,1,0,1,0,1,1,0,1,0,0,0,0,0,1,0.2777777777777778,333.29415568004373,1
2,1,1,0,1,0,1,0,1,0,0,1,0,0,0,0,1,0,0,1,1,1,0,1,0,1,0,1,0,1,0,0,0,0,0,1,1,1,1,1,0,1,1,1,0,1,1,0,1,0,0,0,0,0,1,0.3148148148148148,445.9000578630206,1
3,1,1,0,1,0,1,0,1,0,0,1,0,0,0,0,1,0,0,1,1,1,0,1,0,1,0,1,0,1,0,0,0,0,0,1,1,1,1,1,0,1,0,1,0,1,1,0,1,0,0,1,0,0,1,0.2962962962962963,438.6420441233152,1
4,1,1,0,1,0,1,1,1,0,0,1,0,0,0,0,1,0,0,1,1,1,0,1,0,1,0,1,0,1,0,0,0,1,0,1,1,1,1,1,0,1,1,1,0,1,1,0,1,0,0,0,0,0,1,0.24074074074074073,577.3113546194912,1
5,1,1,0,1,0,1,0,1,0,0,1,0,1,0,0,1,0,0,1,1,1,0,1,0,1,0,1,0,1,0,0,1,0,0,1,1,1,1,1,0,1,0,1,0,1,1,0,1,0,0,0,0,0,1,0.3333333333333333,360.4400595691353,1
6,1,1,0,1,0,1,1,1,0,0,1,0,0,0,0,1,0,0,1,1,1,0,1,0,1,0,1,0,1,0,0,0,0,1,1,1,0,1,1,0,1,0,1,0,1,1,0,1,0,0,0,0,0,1,0.3333333333333333,324.470874458412,1
7,1,1,0,1,0,1,1,1,0,0,1,0,0,0,0,1,0,0,1,1,1,0,1,0,1,0,1,0,1,0,0,0,0,1,1,1,1,1,1,0,1,0,1,0,1,1,0,1,0,0,0,0,0,1,0.2777777777777778,340.21430258487965,1
8,1,1,0,1,0,1,1,1,0,0,1,0,0,0,0,1,0,0,1,1,1,0,1,0,1,0,1,0,1,0,0,0,0,1,1,1,1,1,1,0,1,0,1,0,1,0,0,1,0,0,1,0,0,1,0.35185185185185186,418.9625168890789,1
9,1,1,0,1,0,1,0,1,0,0,1,0,0,0,0,1,0,0,1,1,1,0,1,0,1,0,1,0,1,0,0,0,0,0,1,1,1,1,1,0,1,0,1,0,1,1,0,1,0,0,1,0,0,1,0.3333333333333333,438.6420441233152,1
10,1,1,0,1,0,1,1,1,0,0,1,0,1,0,0,1,0,0,1,1,1,0,1,0,1,0,1,0,1,0,0,0,0,0,1,1,1,1,1,0,1,0,1,0,1,0,0,0,0,0,0,0,0,1,0.3333333333333333,275.69841606764635,1
11,1,1,0,1,0,1,1,1,0,0,1,0,0,1,0,1,0,0,1,1,1,0,1,0,1,0,1,0,1,0,0,0,0,0,1,1,0,1,1,0,1,0,1,0,1,1,0,1,0,0,0,0,0,1,0.3148148148148148,304.4384898295333,1
12,1,1,0,1,0,1,0,1,0,0,1,0,0,0,0,1,0,0,1,1,1,0,1,0,1,0,1,0,1,0,0,1,0,0,1,1,1,1,1,0,1,0,1,0,1,1,0,1,0,0,1,0,0,1,0.3333333333333333,505.0185730597387,1
13,1,1,0,1,0,1,0,1,0,0,1,0,0,0,0,1,0,0,1,1,1,0,1,0,1,0,1,0,1,0,0,0,1,1,1,1,1,1,1,0,1,1,1,0,1,1,0,1,0,0,0,0,0,1,0.3148148148148148,643.6010157458501,1
14,1,1,0,1,0,1,1,1,0,0,1,0,1,0,0,1,0,0,1,1,1,0,1,0,1,0,1,0,1,0,0,0,0,1,1,1,1,1,1,0,1,0,1,0,1,1,0,0,0,0,1,0,0,1,0.25925925925925924,322.71070716948645,1
15,1,1,0,1,0,1,1,1,0,0,1,0,0,0,0,1,0,0,1,1,1,0,1,0,1,0,1,0,1,0,0,0,0,1,1,1,1,1,1,0,1,1,1,0,1,0,0,0,0,0,1,0,0,1,0.3148148148148148,421.9660872426386,1
16,1,1,0,1,0,1,1,1,0,0,1,0,0,0,0,1,0,0,1,1,1,0,1,0,1,0,1,0,1,0,0,1,0,0,1,1,1,1,1,0,1,0,1,0,1,1,0,1,0,0,1,0,0,1,0.35185185185185186,482.5747338950759,1
17,0,0,1,0,1,0,0,0,1,1,0,1,1,1,1,1,1,1,0,0,0,1,0,1,0,1,0,1,0,1,1,0,0,0,0,0,0,0,0,1,0,1,0,1,1,0,1,0,1,1,0,1,1,0,0.3148148148148148,453.23479462781944,1
18,0,1,0,1,0,1,1,1,0,0,1,0,0,0,0,1,0,0,1,1,1,0,1,0,1,0,1,0,1,0,0,1,0,0,1,1,1,1,1,0,1,0,1,0,1,1,0,0,0,0,1,0,0,1,0.2777777777777778,371.2450161379157,1
19,1,1,0,1,0,1,0,1,0,0,1,0,0,0,0,1,0,0,1,1,1,0,1,1,1,0,1,0,1,0,0,1,1,1,1,1,1,1,1,0,1,0,0,0,0,1,0,1,0,0,1,0,0,1,0.24074074074074073,436.5678237885412,1
20,1,1,0,1,0,1,0,1,0,0,1,0,0,0,0,1,0,0,0,1,1,0,1,0,1,0,1,0,1,0,0,0,0,1,1,1,1,1,1,0,1,1,1,0,0,0,0,1,0,0,1,0,0,1,0.2962962962962963,454.20050706556293,1
21,1,1,0,1,0,1,0,1,0,0,1,0,1,0,0,1,0,0,1,1,1,0,1,0,1,0,1,0,1,0,0,0,0,0,1,1,1,1,1,0,1,0,0,0,1,1,0,1,0,0,0,0,0,1,0.3333333333333333,307.4771683030512,1
22,1,1,0,1,0,1,1,1,0,0,1,0,0,0,0,0,0,0,1,1,1,0,1,0,1,0,1,0,1,0,0,1,1,1,1,1,0,1,1,0,1,1,1,0,0,1,0,1,0,0,0,0,0,1,0.24074074074074073,513.7038130414744,1
23,1,1,0,1,0,1,0,1,0,0,1,0,0,0,0,1,0,0,1,1,1,0,1,0,1,0,1,0,1,0,0,0,0,0,1,1,1,1,1,0,1,0,1,0,0,0,0,0,0,0,0,0,0,1,0.3333333333333333,260.2278030970725,1
24,1,1,0,1,0,1,0,1,0,0,1,0,0,0,0,1,0,0,1,1,1,0,1,0,1,0,1,0,1,0,0,1,0,0,1,1,1,1,1,0,1,0,0,0,1,1,0,0,0,0,0,0,0,1,0.3148148148148148,282.7705470177075,1
25,1,1,0,1,0,1,1,1,0,0,1,0,0,0,0,1,0,0,1,1,1,0,1,0,1,0,1,0,1,0,0,0,0,0,1,1,1,1,1,0,1,0,1,0,1,1,0,1,0,0,0,0,1,1,0.35185185185185186,362.015019392302,1
26,1,1,0,1,0,1,1,1,0,0,1,0,0,0,0,1,0,0,1,1,1,0,1,0,1,0,1,0,1,0,0,0,0,0,1,1,1,1,1,1,1,1,1,0,1,1,0,1,0,0,0,0,0,1,0.3148148148148148,457.2130153459337,1
27,1,1,0,1,0,1,0,1,0,0,1,0,1,0,0,1,0,0,1,1,1,0,1,0,1,0,1,0,1,0,0,1,0,1,1,1,1,1,1,0,1,0,1,0,1,0,0,1,0,0,0,0,1,1,0.35185185185185186,405.020382647612,1
28,1,1,0,1,0,1,1,1,0,0,1,0,0,0,0,0,0,0,1,1,1,0,1,1,1,0,1,0,1,0,0,0,0,1,1,1,1,1,1,1,1,0,1,0,1,1,0,1,0,0,0,0,0,1,0.2962962962962963,345.73911072003705,1
29,1,1,0,1,0,1,1,1,0,0,1,0,1,0,0,0,0,0,1,1,1,0,1,0,1,0,1,0,1,0,0,0,1,0,1,1,1,0,1,0,1,0,1,0,1,1,0,0,0,0,0,0,0,1,0.2222222222222222,299.48909350244537,1
30,1,1,0,1,0,1,1,1,0,0,1,0,0,0,0,1,0,0,1,1,1,0,1,0,1,0,1,0,1,0,0,1,0,1,1,1,1,1,1,0,1,1,1,0,1,1,0,1,0,0,0,0,0,1,0.35185185185185186,521.8659327892351,1
31,1,1,0,1,0,1,1,1,0,0,1,0,1,0,0,1,0,0,1,1,1,0,1,0,1,0,1,0,1,0,0,0,0,0,1,1,1,1,1,0,1,0,1,0,1,0,0,1,0,0,1,0,0,1,0.3148148148148148,377.8663008234369,1
32,0,1,0,1,0,1,0,1,0,0,1,0,1,0,0,1,0,0,1,1,1,0,1,0,1,0,1,0,1,0,0,0,0,1,1,1,1,1,1,0,1,0,1,0,1,1,0,0,0,0,1,0,0,1,0.25925925925925924,337.3122430322907,1
33,1,1,0,1,0,1,0,1,0,0,1,0,0,0,0,1,0,0,1,1,1,0,1,0,1,0,1,0,1,0,0,0,0,1,1,1,1,1,1,0,1,0,1,0,1,0,0,0,0,0,1,0,0,1,0.25925925925925924,326.9665471911537,1
34,1,1,0,1,0,1,0,1,0,0,1,0,1,0,0,1,0,0,1,1,1,0,1,0,1,0,0,0,1,0,0,0,0,0,1,1,1,1,1,0,1,0,1,0,0,1,0,1,0,0,1,0,0,1,0.3888888888888889,362.4182995890906,1
35,0,1,0,1,0,1,0,1,0,0,1,0,0,0,0,1,0,0,1,1,1,0,1,0,1,0,1,0,1,0,0,1,0,0,1,1,1,1,1,0,1,0,1,0,1,1,0,1,0,0,0,0,0,1,0.3148148148148148,390.7481648358853,1
36,1,1,0,1,0,1,1,1,0,0,1,0,0,0,0,1,0,0,1,1,1,0,1,0,1,0,1,0,1,0,0,0,0,0,1,1,1,1,1,0,1,0,1,0,1,1,0,0,0,0,1,0,0,1,0.2962962962962963,321.9209242674808,1
37,1,1,0,1,0,1,0,1,0,0,1,0,0,0,0,1,0,0,1,1,1,0,1,0,1,0,0,0,1,0,0,0,1,0,1,1,1,1,1,0,1,0,1,0,0,1,0,1,0,0,0,0,0,1,0.3148148148148148,393.2314712384974,1
38,1,1,0,1,0,1,1,1,0,0,1,0,0,0,0,1,0,0,1,1,1,0,1,0,0,0,1,0,1,0,0,1,0,1,1,1,1,1,1,0,1,0,1,0,1,1,0,1,0,0,0,0,0,1,0.35185185185185186,405.6452313314345,1
39,1,1,0,1,0,1,1,1,0,0,1,0,1,0,0,1,0,0,1,1,1,0,1,0,1,0,1,0,1,0,0,1,0,1,1,1,0,1,1,0,1,0,1,0,1,0,0,1,0,0,0,0,0,1,0.3333333333333333,332.39305193162494,1
40,1,1,0,1,0,1,0,1,0,0,1,0,0,0,0,1,0,0,1,1,1,0,1,0,1,0,1,0,1,0,0,0,0,0,1,1,0,1,1,0,1,0,0,0,1,1,0,1,0,0,0,0,0,1,0.3333333333333333,303.9506132001125,1
41,1,1,0,1,0,1,0,1,0,0,1,0,0,0,0,1,0,0,1,1,1,0,1,0,1,0,1,0,1,0,0,0,0,1,1,1,1,1,1,0,1,0,1,0,1,1,0,0,0,0,0,0,0,1,0.3148148148148148,274.74726311849054,1
42,1,1,0,1,0,1,0,1,0,0,1,0,0,0,0,1,0,0,1,1,1,0,1,0,1,0,1,0,1,0,0,1,0,0,1,1,1,1,1,0,1,0,0,0,1,0,0,0,0,0,1,0,0,1,0.3148148148148148,333.3788735376276,1
43,1,1,0,1,0,1,1,1,1,0,1,0,0,0,0,1,0,0,1,1,1,0,1,0,1,0,1,0,1,0,0,0,1,1,1,1,1,1,1,0,1,0,1,0,0,1,0,1,0,0,1,0,0,1,0.2962962962962963,414.7764865356798,1
44,1,1,0,1,0,1,0,1,0,0,1,0,0,0,0,0,0,0,1,1,1,0,1,0,0,0,1,0,1,0,0,0,0,0,1,1,1,1,1,0,1,0,0,0,1,1,0,1,0,0,1,0,0,1,0.2777777777777778,453.39448709605256,1
45,0,1,0,1,0,1,1,1,0,0,1,0,0,0,0,1,0,0,1,1,1,0,1,0,1,0,1,0,1,0,0,0,0,0,1,1,1,1,1,0,1,0,0,0,1,1,0,0,0,0,0,0,0,1,0.2777777777777778,263.3891377424358,1
46,0,1,0,1,0,1,1,1,0,0,1,0,0,0,0,1,0,0,1,1,1,0,1,0,1,0,1,0,1,0,0,0,0,1,1,1,1,1,1,0,1,0,0,0,1,1,0,0,0,0,0,0,0,1,0.25925925925925924,265.3358000323217,1
47,1,1,0,1,0,1,0,1,0,0,1,0,1,0,0,1,0,0,1,1,1,0,1,0,1,0,1,0,1,0,0,0,0,0,1,1,1,1,1,0,1,0,1,0,1,1,0,0,0,0,1,0,0,1,0.2777777777777778,316.2027651816687,1
48,1,1,0,1,0,1,0,1,0,0,1,0,0,0,0,1,0,0,1,1,1,0,1,0,1,0,1,0,1,0,0,1,0,0,1,1,1,1,1,0,1,0,1,0,1,1,0,1,0,0,0,0,0,1,0.37037037037037035,378.3221809067455,1
49,1,1,0,1,0,1,0,1,0,0,1,0,0,0,0,1,0,0,1,1,1,0,1,0,1,0,1,0,1,0,0,0,0,0,1,1,1,1,1,1,1,0,1,0,0,1,0,1,0,0,0,0,0,1,0.35185185185185186,275.64388916418307,1
50,1,1,0,1,0,1,1,1,0,0,1,0,0,0,0,1,0,0,1,1,1,0,1,0,1,0,1,0,1,0,0,1,0,1,1,1,1,1,1,0,1,0,1,0,1,1,0,0,0,0,0,0,0,1,0.37037037037037035,298.61355516108085,1
51,0,1,0,1,0,1,1,1,0,0,1,0,1,0,0,0,0,0,1,1,1,0,1,0,0,0,1,0,1,0,0,0,0,1,1,1,1,1,1,0,1,0,1,0,1,1,0,1,0,0,0,0,0,1,0.2962962962962963,359.1289599515933,1
52,1,1,0,1,0,1,0,1,0,0,1,0,0,0,0,1,0,0,1,1,1,0,1,0,1,0,1,0,1,0,0,0,0,1,1,1,1,1,1,0,1,0,1,0,1,0,0,0,0,0,0,0,1,1,0.2962962962962963,288.40417810734573,1
53,1,1,0,1,0,1,0,1,0,0,1,0,0,0,0,1,0,0,1,1,1,0,1,0,1,0,0,0,1,0,0,0,1,0,1,1,1,1,1,0,1,0,0,0,0,1,0,1,0,0,1,0,0,1,0.3333333333333333,500.88584248639575,1
54,1,1,0,1,0,1,0,1,0,0,1,0,1,0,0,1,0,0,1,1,1,0,1,1,1,0,1,0,1,0,0,1,0,1,1,1,1,1,1,0,1,0,1,0,1,1,0,1,0,0,0,0,0,1,0.3333333333333333,353.0158558095541,1
55,1,1,0,1,0,1,1,1,0,0,1,0,1,0,0,1,0,0,1,1,1,0,1,0,1,0,1,0,1,0,0,1,0,1,1,1,1,1,1,0,1,0,1,1,0,1,0,1,0,0,1,0,0,1,0.2777777777777778,410.10935177063357,1
56,1,1,0,1,0,1,0,1,0,0,1,0,1,0,0,1,0,0,1,1,1,0,1,0,1,0,1,0,1,0,0,0,0,0,1,1,1,1,1,0,1,1,1,0,1,1,0,1,0,0,0,0,1,1,0.35185185185185186,478.18504984102265,1
57,0,1,0,1,0,1,1,1,0,0,1,0,0,0,0,1,0,0,0,1,1,0,1,0,1,0,1,0,1,0,0,0,0,0,1,1,1,1,1,0,1,0,0,0,1,1,0,0,0,0,0,0,0,1,0.2777777777777778,258.5364340636455,1
58,1,1,0,1,0,1,0,1,0,0,1,0,1,0,0,1,0,0,1,1,1,0,1,1,1,0,1,0,1,0,0,0,0,0,1,1,1,1,1,0,1,0,1,0,1,1,0,1,0,0,0,0,0,1,0.2777777777777778,326.4499773587068,1
59,1,1,0,1,0,1,1,1,0,0,1,0,1,0,0,0,0,0,1,1,1,0,1,0,1,0,1,0,1,0,0,0,0,0,1,1,1,1,1,0,1,0,1,0,1,0,0,1,0,0,1,0,0,1,0.2777777777777778,390.0713560759576,1
60,0,1,0,1,1,1,0,1,0,0,1,0,0,0,0,1,0,0,1,1,1,0,1,1,1,0,1,0,1,0,0,0,0,1,1,1,1,1,1,0,1,0,1,0,1,1,0,1,0,0,0,0,0,1,0.37037037037037035,337.381413970806,1
61,1,1,0,1,0,1,0,1,0,0,1,0,1,0,0,1,0,0,1,1,1,0,1,0,1,0,1,0,1,0,0,1,0,0,1,1,1,1,1,0,1,0,0,0,1,1,0,0,0,0,0,0,0,1,0.2777777777777778,278.8197779942183,1
62,1,1,0,1,0,1,1,1,0,0,1,0,0,0,0,1,0,0,1,1,1,0,1,0,1,0,1,0,1,0,0,0,0,0,1,1,1,1,1,0,1,0,0,0,1,0,0,0,0,0,0,0,0,1,0.2962962962962963,272.93632667742605,1
63,1,1,0,1,0,1,0,1,0,1,1,0,0,0,0,0,0,0,1,1,1,0,1,0,1,0,1,0,1,0,0,0,0,0,1,1,1,1,1,0,1,0,1,0,1,1,0,1,0,0,0,0,0,1,0.2962962962962963,333.35007961472303,1
64,1,1,0,1,0,1,1,1,0,0,1,0,1,0,0,1,0,0,1,1,1,0,1,0,1,0,1,0,1,0,0,0,0,1,1,1,1,1,1,0,1,0,1,0,1,1,0,0,0,0,1,0,0,1,0.35185185185185186,322.71070716948645,1
65,1,1,0,1,0,1,0,1,0,0,1,0,1,0,0,0,0,0,1,1,1,0,1,0,1,0,0,0,1,0,0,0,0,0,1,1,1,1,1,0,1,0,1,0,0,1,0,0,0,0,1,0,0,1,0.3148148148148148,271.788972653941,1
66,1,1,0,1,0,1,0,1,0,0,1,0,0,0,0,1,0,0,1,1,1,0,1,0,1,0,1,0,1,0,0,0,0,0,1,1,1,1,1,0,1,0,1,0,1,1,0,1,0,1,0,0,1,1,0.3333333333333333,424.9551567584697,1
67,1,1,0,1,0,1,1,1,0,0,1,0,0,0,0,1,0,0,1,1,1,0,1,0,1,0,0,0,1,0,0,0,1,1,1,1,1,1,1,0,1,1,1,0,0,1,0,1,0,0,0,0,0,1,0.25925925925925924,555.9083729032118,1
68,1,1,0,1,0,1,1,1,0,0,1,0,0,0,0,1,0,0,1,1,1,0,1,0,1,0,1,0,1,0,0,0,0,0,1,1,0,1,1,0,1,0,1,0,1,1,0,0,0,0,0,0,0,1,0.3333333333333333,270.3166758774836,1
69,0,0,1,0,1,0,0,0,1,0,0,1,1,1,1,0,1,0,0,0,1,1,0,1,0,1,1,1,0,1,1,0,0,1,1,0,0,0,0,1,0,0,0,1,0,0,1,0,1,1,0,1,1,0,0.2962962962962963,664.2555942478368,1
70,1,1,0,1,0,1,0,1,0,0,1,0,0,0,0,1,0,0,0,1,1,0,1,0,1,0,1,0,1,0,0,1,0,1,1,1,1,1,1,0,1,0,1,0,1,0,0,1,0,0,0,0,1,1,0.37037037037037035,445.50777578812495,1
71,1,1,0,1,0,1,0,1,0,0,1,0,1,0,0,1,0,0,1,1,1,0,1,0,1,0,1,0,1,0,0,1,1,0,1,1,1,1,1,0,1,0,0,0,1,1,0,0,0,0,0,0,0,1,0.25925925925925924,350.64456741677594,1
72,1,1,0,1,0,1,1,1,0,0,1,0,0,0,0,1,0,0,1,1,1,0,1,1,1,0,1,0,1,0,0,0,0,1,1,1,1,1,1,0,1,0,0,0,1,1,0,1,0,0,0,0,0,1,0.42592592592592593,329.25680587409005,1
73,1,1,0,1,0,1,1,1,0,0,1,0,0,0,0,1,0,0,1,1,1,0,1,0,1,0,1,0,1,0,0,0,0,0,1,1,1,1,1,0,1,0,0,0,1,1,0,0,0,0,0,0,0,1,0.3148148148148148,271.24184142122584,1
74,1,1,0,1,0,1,0,1,0,0,1,0,0,0,0,0,0,0,1,1,1,0,1,1,1,0,1,0,1,0,0,0,0,0,1,1,0,1,1,0,1,0,0,0,1,1,0,0,0,0,0,1,0,1,0.2962962962962963,303.53478176939655,1
75,1,1,0,1,0,1,0,1,0,0,1,0,0,0,0,1,0,0,1,1,1,0,1,0,0,0,1,0,1,0,0,0,0,0,1,1,1,1,1,0,0,0,1,0,1,1,0,1,0,0,1,0,0,1,0.3148148148148148,402.89955716080317,1
76,0,1,0,1,0,1,1,1,0,0,1,0,0,0,0,0,0,0,1,1,1,0,1,0,0,0,1,0,1,0,0,1,0,1,1,1,1,1,1,1,1,0,1,0,1,1,0,1,0,0,0,0,0,1,0.3333333333333333,473.25390793855416,1
77,1,0,0,1,0,1,0,1,0,0,1,0,0,0,0,1,0,0,1,1,1,0,1,0,1,0,1,0,1,0,0,0,1,0,1,1,1,1,1,0,1,0,1,0,0,1,0,0,0,0,1,0,0,1,0.3333333333333333,346.9064169013986,1
78,1,1,0,1,0,1,1,1,0,0,1,0,0,0,0,1,0,0,0,1,1,0,1,0,1,0,1,0,1,0,0,1,0,0,1,1,1,1,1,0,1,0,1,0,1,1,0,0,0,0,1,0,0,1,0.3333333333333333,371.2450161379157,1
79,1,1,0,1,0,1,0,1,0,0,1,0,0,0,0,1,0,0,1,1,1,0,1,0,0,0,1,0,1,0,0,0,0,1,1,1,1,1,1,0,1,0,1,0,1,0,0,0,0,0,0,0,0,1,0.2962962962962963,270.9329030110134,1
80,1,0,0,1,0,1,1,1,0,0,1,0,0,0,0,1,0,0,1,1,1,0,1,0,1,0,1,0,1,0,0,0,1,1,1,1,1,1,1,1,1,0,0,0,0,1,0,0,0,0,1,0,1,1,0.2962962962962963,405.4791245315925,1
81,1,1,0,1,0,1,1,1,0,1,1,0,1,0,0,1,0,0,1,1,1,0,1,0,1,0,1,0,1,0,0,0,0,1,1,1,1,1,1,0,1,0,1,0,1,1,0,1,0,0,0,0,1,1,0.37037037037037035,353.82801529941344,1
82,0,0,1,0,1,0,0,0,1,1,0,1,1,1,1,1,1,1,0,0,1,1,0,1,0,1,1,0,0,1,1,1,0,0,0,0,0,0,0,1,0,0,0,1,0,0,1,0,1,1,1,0,1,0,0.3148148148148148,985.2642553345065,1
83,1,1,0,1,0,1,0,1,0,0,1,0,0,0,0,0,0,0,1,1,1,0,1,0,1,0,1,0,1,0,0,0,0,1,1,1,1,1,1,0,1,0,0,0,1,1,0,1,0,0,0,0,0,1,0.3888888888888889,340.65914413901606,1
84,0,1,0,1,0,1,0,1,0,0,1,0,0,0,0,1,0,0,1,1,1,0,1,0,0,0,1,0,1,0,0,1,0,1,1,1,1,1,1,0,1,0,1,0,1,1,0,1,0,0,0,0,0,1,0.3148148148148148,440.65605274973177,1
85,1,1,0,1,0,1,0,1,0,0,1,0,0,0,0,1,0,0,1,1,1,0,1,0,1,0,1,1,1,0,0,0,0,1,1,1,1,1,1,0,1,0,1,0,1,1,0,1,1,0,0,0,0,1,0.37037037037037035,395.4496887454732,1
86,1,1,0,1,0,1,1,1,0,0,1,0,1,0,0,1,0,0,1,1,1,0,1,0,1,0,1,0,1,0,0,0,0,1,1,1,1,1,1,0,1,0,1,0,1,1,0,0,0,1,0,1,0,1,0.25925925925925924,295.9952556216485,1
87,1,1,0,1,0,1,1,1,0,0,1,0,1,1,0,1,0,0,1,1,1,0,1,1,1,0,1,0,1,0,0,0,0,0,1,1,1,1,1,0,1,0,0,0,1,1,0,1,0,1,0,0,0,1,0.3148148148148148,342.49613059898894,1
88,1,1,0,1,0,1,0,1,0,0,1,0,0,0,0,1,0,0,1,1,1,0,1,0,1,0,1,0,1,0,0,1,0,0,1,1,1,1,1,1,1,0,1,0,0,1,0,1,0,1,0,0,1,1,0.37037037037037035,384.421806031726,1
89,1,1,0,1,0,1,0,1,0,0,1,0,0,0,0,1,0,0,0,1,1,0,1,1,1,0,1,0,1,0,0,0,0,0,1,1,1,1,1,0,1,0,1,0,1,1,0,0,0,0,1,0,0,1,0.3148148148148148,324.2423092168203,1
90,0,1,0,1,0,1,0,1,0,0,1,0,0,0,0,0,0,0,1,1,1,0,1,0,1,0,1,0,1,0,0,1,0,0,1,1,1,1,1,0,1,0,1,0,1,1,0,1,0,0,0,0,0,1,0.4074074074074074,407.9651486378922,1
91,1,1,0,1,0,1,1,1,0,0,1,0,1,0,0,1,0,0,0,1,1,0,1,0,1,0,0,0,1,0,0,0,0,0,1,1,1,1,1,0,1,0,1,0,1,1,0,1,0,0,1,0,0,1,0.35185185185185186,504.29129017732504,1
92,1,1,0,1,0,1,1,1,0,0,1,0,0,0,0,0,0,0,1,1,1,0,1,0,0,0,1,0,1,0,0,1,1,0,1,1,1,1,1,0,1,0,1,0,0,0,0,0,0,0,0,0,0,1,0.2962962962962963,298.6711868564014,1
93,1,1,0,1,1,1,1,1,0,0,1,0,1,0,0,0,0,0,0,1,1,0,1,0,1,0,1,0,1,0,0,0,0,0,1,1,1,1,1,0,1,0,1,0,1,1,0,1,0,0,0,0,0,1,0.35185185185185186,318.88176856591707,1
94,1,0,0,1,0,1,1,1,0,0,1,0,0,0,0,1,0,0,1,1,1,0,1,1,1,0,1,0,1,0,0,0,0,0,1,1,0,1,1,1,1,0,0,0,0,1,0,0,0,0,1,0,0,1,0.2962962962962963,291.6212046021069,1
95,1,1,0,1,0,1,1,1,0,1,1,0,1,0,0,0,0,0,1,1,1,0,1,0,1,0,0,0,1,0,0,0,1,1,1,1,1,1,1,0,1,0,1,0,0,1,0,0,0,0,0,0,0,1,0.2777777777777778,280.7548857976155,1
96,1,1,0,1,0,1,0,1,0,0,1,0,0,0,0,1,0,0,1,1,1,0,1,0,1,0,1,0,1,0,0,0,0,1,1,1,1,1,1,1,1,1,1,0,0,0,0,1,0,0,1,0,1,1,0.37037037037037035,533.6153359205734,1
97,1,1,0,1,0,1,1,1,0,0,1,0,0,0,0,1,0,0,1,1,1,0,1,0,1,0,1,0,1,0,1,0,0,0,1,1,1,1,1,0,1,0,1,0,1,1,0,0,0,0,0,0,1,1,0.3148148148148148,300.07890971988917,1
98,1,0,0,1,0,1,1,1,0,0,1,0,1,0,0,0,0,0,0,1,1,0,1,0,1,0,1,0,1,0,0,0,1,1,1,1,1,1,1,0,1,0,1,0,0,1,0,0,0,1,0,0,1,1,0.2962962962962963,353.3204323620686,1
99,0,1,0,1,0,1,1,1,0,0,1,0,0,0,0,1,0,0,0,1,1,0,1,0,1,0,1,0,1,0,0,0,0,0,1,1,1,1,1,0,1,1,0,0,0,1,0,0,0,0,0,0,1,1,0.3148148148148148,279.0494684086857,1
