,0,1,2,3,4,5,6,7,8,9,10,11,12,13,14,15,16,17,18,19,20,21,22,23,24,25,26,27,28,29,30,31,32,33,34,35,chain_break_fraction,energy,num_occurrences
0,0,0,1,1,1,1,0,1,1,0,0,0,0,1,1,1,0,0,0,1,0,0,1,1,0,1,0,0,1,0,1,1,0,0,1,0,0.19444444444444445,10.238421960456972,1
1,0,0,1,1,0,1,0,1,1,0,1,0,0,1,1,1,0,0,0,1,0,0,0,1,1,1,0,0,1,0,1,1,0,0,1,0,0.2222222222222222,9.79556106122376,1
2,1,0,1,1,0,1,0,1,1,0,0,0,0,1,1,1,0,0,0,1,0,0,1,1,1,1,0,0,1,0,0,0,0,1,1,0,0.19444444444444445,9.88546986137754,1
3,1,0,1,1,0,1,1,1,1,0,0,0,0,1,1,1,0,0,0,1,0,0,1,1,0,1,0,0,1,0,1,1,0,1,1,0,0.19444444444444445,14.102387946139174,1
4,1,0,1,1,0,1,0,1,1,0,1,0,0,1,1,1,0,0,0,1,0,0,0,1,1,1,0,0,1,0,1,0,0,1,1,0,0.19444444444444445,10.992459752769491,1
5,1,0,1,1,0,1,0,1,1,0,1,0,0,1,1,1,0,0,0,0,0,0,1,1,1,1,0,0,1,0,1,1,0,0,1,0,0.2777777777777778,11.420432902864883,1
6,1,0,1,1,0,1,0,1,1,0,1,0,0,1,1,1,0,0,0,0,0,0,1,1,1,1,0,0,1,0,1,1,0,0,1,0,0.2222222222222222,11.420432902864883,1
7,0,1,0,0,1,0,1,0,0,1,0,1,1,0,0,0,0,1,1,0,1,1,0,0,1,0,0,1,0,1,0,0,1,0,0,1,0.2222222222222222,10.555765544808832,1
8,1,0,1,1,0,1,1,1,1,0,1,0,0,1,1,1,0,0,0,1,0,0,1,1,1,1,0,0,1,0,1,0,0,1,1,0,0.19444444444444445,12.35846239634656,1
9,0,0,1,1,0,1,0,1,1,0,0,0,0,1,1,1,0,0,0,1,0,0,1,1,1,1,0,0,1,0,0,1,0,0,1,0,0.25,8.931241435981843,1
10,0,0,1,1,0,1,0,1,1,0,1,0,0,1,1,1,0,0,0,1,0,0,1,1,1,1,0,0,1,0,1,0,0,1,0,0,0.19444444444444445,9.303456541169652,1
11,1,0,1,1,1,1,1,1,1,0,1,0,0,1,1,1,0,0,0,1,0,0,1,1,1,1,0,0,1,0,0,1,0,1,1,0,0.19444444444444445,14.951886654448241,1
12,0,0,1,1,0,1,0,1,1,0,0,0,0,1,1,1,0,0,0,1,0,0,0,1,1,1,0,0,1,0,0,1,0,0,1,0,0.2222222222222222,8.716929836290639,1
13,0,0,1,1,0,1,0,1,1,0,0,0,0,1,1,1,0,0,0,1,0,0,1,1,1,1,0,0,1,0,1,0,0,1,0,0,0.16666666666666666,8.949726966147136,1
14,0,1,0,0,1,0,1,0,0,1,0,1,1,0,0,0,1,1,1,0,1,1,0,0,1,0,1,1,0,1,0,0,1,0,0,1,0.3055555555555556,14.061750284894774,1
15,0,0,1,1,0,1,1,1,1,0,0,0,0,1,1,1,0,0,0,0,0,0,1,1,1,1,1,0,1,0,1,1,0,0,1,0,0.2222222222222222,11.010583426950138,1
16,1,0,1,1,0,1,0,1,1,0,1,0,0,1,1,1,0,0,0,1,0,0,1,1,1,1,0,0,1,0,1,1,0,0,1,0,0.2777777777777778,10.33046903432643,1
17,0,1,0,0,1,0,1,0,0,1,1,1,1,0,0,0,1,1,1,0,1,1,1,0,1,0,0,1,0,1,0,0,1,0,0,1,0.19444444444444445,10.805602664710722,1
18,0,1,0,0,1,0,1,0,0,1,0,1,1,0,0,0,1,0,1,0,1,1,0,0,0,0,0,1,0,1,0,0,1,0,0,1,0.25,9.740696178696968,1
19,1,0,1,1,0,1,1,1,1,0,1,0,0,1,1,1,0,0,0,1,0,0,0,1,1,1,0,0,1,0,1,0,0,1,1,0,0.16666666666666666,13.466210440149144,1
20,1,0,1,1,0,1,1,1,1,0,1,0,0,1,1,1,0,0,0,0,0,0,1,1,1,1,0,0,1,0,1,0,0,1,1,0,0.2222222222222222,13.93806961537934,1
21,0,1,0,0,1,0,1,0,0,1,1,1,1,0,0,0,1,1,1,0,1,1,1,0,1,0,0,1,0,1,0,0,1,0,0,1,0.2222222222222222,10.805602664710722,1
22,1,0,1,1,0,1,0,1,1,0,1,0,0,1,1,1,0,0,0,1,0,0,1,1,1,1,0,0,1,0,1,1,0,0,1,0,0.2222222222222222,10.33046903432643,1
23,0,0,1,1,0,1,0,1,1,0,1,0,0,1,1,1,1,0,0,1,0,0,0,1,1,1,0,0,1,0,1,0,0,1,1,0,0.19444444444444445,12.490670650234804,1
24,0,0,0,1,0,1,0,1,1,0,1,0,0,1,1,1,1,0,0,1,0,0,1,1,1,1,0,0,1,0,0,1,0,0,1,0,0.19444444444444445,9.129028254097797,1
25,1,0,0,1,0,1,0,1,1,0,1,0,0,1,1,1,1,0,0,1,0,0,0,1,1,1,0,0,1,0,1,0,0,1,1,0,0.16666666666666666,10.880606042650456,1
26,0,1,0,0,1,0,0,0,0,1,0,1,1,0,0,0,1,0,1,0,1,1,0,0,0,0,0,1,0,1,0,0,1,0,0,1,0.3055555555555556,10.73645617867297,1
27,0,1,0,0,1,0,1,0,0,1,0,1,1,0,0,0,0,1,1,0,1,1,1,0,0,0,1,1,0,1,0,0,1,0,0,1,0.3055555555555556,13.775558291557456,1
28,0,1,0,0,1,0,1,0,0,1,0,1,1,0,0,0,1,0,1,0,1,1,0,0,1,0,0,1,0,1,0,0,1,0,0,1,0.2777777777777778,9.760087277998093,1
29,0,0,1,1,0,1,1,1,1,0,0,0,0,1,1,1,0,0,0,1,0,0,1,1,1,1,1,0,1,0,1,1,0,0,1,0,0.19444444444444445,12.476520498983547,1
30,1,0,1,1,0,1,0,1,1,0,1,0,0,1,1,1,0,0,0,1,0,0,1,1,0,1,0,0,1,0,1,1,0,1,1,0,0.25,13.15803219657479,1
31,0,1,0,0,1,0,0,0,0,1,0,1,1,0,0,0,1,1,1,0,1,1,0,0,0,0,1,1,1,1,0,0,1,0,0,1,0.2222222222222222,16.48466412440248,1
32,1,0,1,1,0,1,0,1,1,0,1,0,0,1,1,1,0,0,0,1,0,0,1,1,1,1,0,0,1,0,0,1,0,1,1,0,0.19444444444444445,12.000733958961856,1
33,0,1,0,0,1,0,1,0,0,1,0,1,1,0,0,0,1,0,1,0,1,1,0,0,0,0,1,1,1,1,0,0,1,0,0,1,0.2777777777777778,14.916522285913668,1
34,0,1,0,0,1,0,0,0,0,1,0,1,1,0,0,0,1,0,1,0,1,1,0,0,1,0,0,1,0,1,0,0,1,0,0,1,0.2222222222222222,11.263078660029453,1
35,1,0,1,1,0,1,0,1,1,0,1,0,0,1,1,1,0,0,0,1,0,0,1,1,1,1,0,0,1,0,1,0,0,0,1,1,0.25,11.245810098687153,1
36,0,1,0,0,1,0,0,0,0,1,1,1,1,0,0,0,1,1,1,0,1,1,1,0,0,0,0,1,0,1,0,0,1,0,0,1,0.16666666666666666,11.582171143241407,1
37,1,1,0,0,1,0,1,0,0,1,0,1,1,0,0,0,0,0,1,0,1,1,0,0,1,0,0,1,0,1,0,0,1,0,0,1,0.25,9.536825546542715,1
38,1,1,0,0,1,0,0,0,0,1,0,1,1,0,0,0,1,1,1,0,1,1,0,0,0,0,1,1,0,1,0,0,1,0,0,1,0.2777777777777778,14.907920975784865,1
39,0,0,0,1,0,1,0,1,1,0,0,0,0,1,1,1,0,0,0,0,0,0,0,1,1,1,0,0,1,0,1,1,0,0,1,0,0.2222222222222222,7.260578614694916,1
40,0,1,0,0,1,0,1,0,0,1,1,1,1,0,0,0,1,0,1,0,1,1,0,0,0,0,0,1,0,1,0,0,1,0,0,1,0.2777777777777778,9.76184252015527,1
41,1,0,1,1,0,1,0,1,1,0,1,0,0,1,1,1,0,0,0,1,0,0,0,1,0,1,0,0,1,0,1,0,0,1,0,0,0.16666666666666666,13.403064503607528,1
42,1,0,1,1,0,1,0,1,1,0,1,0,0,1,1,1,0,0,0,1,0,0,1,1,1,1,0,0,1,0,0,1,0,0,1,0,0.25,10.410372874405805,1
43,0,1,0,0,1,0,1,0,0,1,1,1,1,0,0,0,1,0,1,0,1,1,1,0,1,0,0,1,0,1,0,0,1,0,0,0,0.19444444444444445,3.6707554960800524,1
44,1,0,1,1,0,1,0,1,1,0,1,0,0,1,1,1,0,0,0,1,0,0,1,1,1,1,0,0,1,0,0,0,0,1,1,0,0.25,10.783152223082723,1
45,0,0,1,1,0,1,0,1,1,0,1,0,0,1,1,1,0,0,0,0,0,0,1,1,1,1,0,0,0,0,1,1,0,0,1,0,0.25,12.493960276070688,1
46,0,1,0,0,1,0,0,0,0,1,1,1,1,0,0,0,1,1,1,0,1,1,0,0,0,0,0,1,0,1,0,0,1,0,0,1,0.2777777777777778,12.848741238024626,1
47,1,0,0,1,0,1,0,1,1,0,1,0,0,1,1,1,0,0,0,1,0,0,1,1,1,1,0,0,1,0,0,1,0,1,0,0,0.16666666666666666,9.36023758568513,1
48,0,0,1,1,0,1,0,1,1,0,0,0,0,1,1,1,0,0,0,1,0,0,1,1,1,1,0,0,1,0,0,1,0,1,1,0,0.16666666666666666,12.995982492758255,1
49,0,1,0,0,1,0,0,0,0,1,0,1,1,0,0,0,1,1,1,0,1,1,0,0,1,0,0,1,0,1,0,0,1,0,0,1,0.2777777777777778,11.854432616135174,1
50,0,1,0,0,1,0,1,0,0,1,0,1,0,0,0,0,1,1,1,0,1,1,0,0,0,0,0,1,0,1,0,0,1,0,0,1,0.2777777777777778,12.163419882262009,1
51,0,1,0,0,1,0,0,0,0,1,0,1,1,0,0,0,1,1,1,0,1,1,0,0,0,0,1,1,0,1,0,0,1,0,0,1,0.3055555555555556,15.033072710114787,1
52,0,1,0,0,1,0,1,0,0,1,0,1,1,0,0,0,1,1,1,0,1,1,0,0,0,0,1,1,0,1,0,0,1,0,0,1,0.3055555555555556,14.53730889988329,1
53,0,1,0,0,1,0,0,0,0,1,1,1,1,0,0,0,1,1,1,0,1,1,0,0,1,0,0,1,0,1,0,0,1,0,0,0,0.25,8.050571362715434,1
54,1,0,1,1,0,1,0,1,1,0,1,0,0,1,1,1,0,0,0,1,0,0,1,1,1,1,1,0,0,0,0,0,0,1,1,0,0.25,12.70348146251693,1
55,0,0,1,1,1,1,0,1,1,0,1,0,0,1,1,1,0,0,0,1,0,0,1,1,0,1,0,0,1,1,1,0,0,0,0,0,0.2222222222222222,9.29596739152307,1
56,0,1,0,0,1,0,0,0,0,1,1,1,1,0,0,0,0,1,1,0,1,1,0,0,0,0,1,1,0,1,0,0,1,0,0,1,0.3055555555555556,14.255399539541052,1
57,1,0,1,1,0,1,0,1,1,0,0,0,0,1,1,1,0,0,0,1,0,0,1,1,1,1,1,0,1,0,1,1,0,0,0,0,0.2777777777777778,9.98951682991758,1
58,0,1,0,0,1,0,0,0,0,1,0,1,1,0,0,0,1,1,1,0,1,1,0,0,0,0,1,1,0,1,0,0,1,0,0,1,0.3333333333333333,15.033072710114787,1
59,0,0,1,1,0,1,0,1,1,0,0,0,0,1,1,1,0,0,0,0,0,0,1,1,0,1,0,0,1,0,1,1,0,1,1,0,0.25,10.929563341523405,1
60,0,0,1,1,0,1,0,1,1,0,1,0,0,1,1,1,1,0,0,1,0,0,1,1,1,1,0,0,1,0,1,1,0,0,1,0,0.19444444444444445,11.564571597727452,1
61,0,0,1,1,0,1,0,1,1,0,1,0,0,1,1,1,0,0,0,0,0,0,1,1,1,1,0,0,1,0,0,1,0,0,1,0,0.2777777777777778,10.499830064401458,1
62,1,1,0,0,1,0,1,0,0,1,0,1,1,0,0,0,0,0,1,0,1,1,0,0,0,0,0,1,0,1,0,0,1,0,0,1,0.2222222222222222,9.517625110326087,1
63,0,0,1,1,0,1,0,1,1,0,1,0,0,1,1,0,0,0,0,1,0,0,0,1,0,1,0,0,1,0,1,1,0,0,1,0,0.2222222222222222,8.178993629701967,1
64,1,1,0,0,1,0,1,0,0,1,1,1,0,0,0,0,1,0,1,0,1,1,0,0,0,0,0,1,0,1,0,0,1,0,0,1,0.25,9.742214351135448,1
65,1,0,1,1,0,1,0,1,1,0,0,0,0,1,1,1,0,0,0,0,0,0,0,1,1,1,1,0,1,0,0,1,0,1,1,1,0.25,15.402369795766935,1
66,1,1,0,0,0,0,0,0,0,1,1,1,1,0,0,1,1,1,1,0,1,1,1,0,1,0,0,1,0,1,0,0,1,0,0,0,0.16666666666666666,12.074335911166425,1
67,0,0,0,1,1,1,0,1,1,0,0,0,0,1,1,1,1,0,0,1,0,0,0,1,1,1,1,0,1,0,1,1,0,0,1,0,0.16666666666666666,11.13825746308174,1
68,0,0,1,1,0,1,0,1,1,0,0,0,0,1,1,1,0,0,0,0,0,0,1,1,1,1,1,0,0,0,0,0,0,1,1,0,0.25,11.315403524462639,1
69,1,1,0,0,1,0,1,0,0,1,0,1,1,0,0,0,1,1,1,0,1,1,0,0,1,0,1,1,0,1,0,0,1,0,0,1,0.3333333333333333,13.936408626724806,1
70,1,0,0,1,0,1,0,1,1,0,1,0,0,1,1,1,0,0,0,1,0,0,1,1,1,1,1,0,0,0,1,0,0,0,1,0,0.2222222222222222,9.244490453096287,1
71,1,0,1,1,0,1,0,1,1,0,0,0,0,1,1,1,0,0,0,1,0,0,1,0,0,1,0,0,1,0,1,0,0,1,0,0,0.19444444444444445,12.272126022865844,1
72,0,1,0,0,1,0,1,0,0,1,0,1,1,0,1,0,1,0,1,0,1,1,0,0,1,0,0,1,0,1,0,0,1,0,0,1,0.3611111111111111,8.988045640027476,1
73,1,0,1,1,0,1,0,1,1,0,1,0,0,1,1,1,0,0,0,1,0,0,0,1,1,1,1,0,1,0,1,1,1,0,1,0,0.25,12.305969403993306,1
74,0,1,0,0,1,0,0,0,0,1,0,1,1,0,0,0,1,1,1,0,1,1,0,0,0,0,1,1,0,1,0,0,1,0,0,1,0.2777777777777778,15.033072710114787,1
75,1,0,1,1,0,1,0,1,1,0,1,0,0,1,1,1,0,0,0,0,0,0,1,1,1,1,1,0,1,0,0,0,0,1,1,0,0.3055555555555556,11.219057662305215,1
76,0,0,1,1,0,1,0,1,1,0,1,0,0,1,1,1,0,0,0,0,0,0,1,1,1,1,0,0,0,0,0,0,0,1,1,0,0.2222222222222222,13.999164268615505,1
77,1,0,1,1,0,1,1,1,1,0,1,0,0,1,1,1,0,0,0,0,0,0,1,1,1,1,1,0,1,0,0,1,0,1,1,0,0.25,13.68004691464888,1
78,0,1,0,0,1,0,0,0,1,1,0,1,0,0,0,0,1,1,1,0,1,1,1,0,0,0,0,1,0,1,0,0,1,0,0,1,0.16666666666666666,11.673483014559391,1
79,1,0,0,1,0,1,1,1,1,0,1,0,0,1,1,1,0,0,0,1,0,0,1,1,0,1,1,0,1,0,1,1,0,0,1,0,0.19444444444444445,11.013622494757211,1
80,0,1,0,0,1,0,1,0,0,1,1,1,1,0,0,0,1,1,1,0,1,1,0,0,1,0,0,1,0,1,0,0,1,0,0,1,0.2222222222222222,11.579404141549311,1
81,0,1,0,0,1,0,0,0,0,1,0,1,1,0,0,0,1,1,1,0,1,1,0,0,0,0,1,1,0,1,0,0,1,0,0,1,0.4166666666666667,15.033072710114787,1
82,1,0,0,1,0,1,0,1,1,0,1,0,0,1,1,1,0,0,0,0,0,0,1,1,1,1,1,0,1,0,0,0,0,1,0,0,0.25,9.623776039610135,1
83,1,1,0,0,1,0,0,0,0,1,0,1,1,0,0,0,1,0,0,0,1,1,0,0,1,0,1,1,1,1,0,0,1,0,0,1,0.25,12.895824321995455,1
84,1,0,1,1,0,1,0,1,1,0,1,0,0,1,0,1,0,0,0,0,0,0,1,1,1,1,1,0,0,0,0,0,0,1,0,0,0.25,14.311221665654204,1
85,1,0,1,1,0,1,0,1,1,0,1,0,0,1,1,1,0,0,0,1,0,0,1,1,0,1,0,0,1,0,0,1,0,1,1,0,0.25,12.075245974672146,1
86,0,0,0,1,0,1,0,1,1,0,1,0,0,1,0,1,0,0,0,1,0,0,1,1,0,1,0,0,0,0,1,1,0,0,1,0,0.2222222222222222,9.113040107664787,1
87,0,0,1,1,0,1,1,1,1,0,1,0,0,1,1,0,0,0,0,1,0,0,1,1,1,1,1,0,0,1,1,0,0,0,0,0,0.19444444444444445,8.218582134170706,1
88,0,1,0,0,1,0,1,0,0,1,1,1,1,0,0,0,1,1,1,0,1,1,0,0,0,0,1,1,1,1,1,0,1,0,0,1,0.2777777777777778,18.80161427256674,1
89,0,0,1,1,0,1,0,1,1,0,1,0,0,1,0,1,0,0,0,0,0,0,0,1,1,1,0,0,1,0,1,1,0,0,0,0,0.2222222222222222,10.454941126911784,1
90,1,0,1,1,0,1,1,1,1,0,1,0,0,0,1,1,0,0,0,0,0,0,1,1,1,1,0,0,1,0,1,0,0,1,1,0,0.16666666666666666,10.867190735448442,1
91,1,0,1,1,1,1,0,1,1,0,1,0,0,1,1,1,0,0,0,0,0,0,1,1,1,1,1,0,1,0,0,0,0,1,1,0,0.2777777777777778,13.895251177931385,1
92,1,0,1,1,0,1,0,1,1,0,1,0,0,1,0,1,0,0,0,0,0,0,1,1,1,1,0,0,1,0,0,1,0,1,1,0,0.3333333333333333,10.51090399879871,1
93,1,0,1,1,0,1,0,1,1,0,0,0,0,1,0,1,0,0,0,1,0,0,1,1,1,1,0,0,0,0,1,0,0,1,0,0,0.19444444444444445,11.013258303745175,1
94,0,1,0,0,1,0,0,0,0,1,1,1,1,0,0,0,1,1,1,0,1,1,0,0,1,0,0,1,0,1,0,0,1,0,0,1,0.2222222222222222,11.582171143241407,1
95,0,1,0,0,1,0,1,0,0,1,1,1,1,0,0,0,1,0,1,0,1,1,0,0,0,0,0,1,0,1,0,0,1,0,0,1,0.3055555555555556,9.76184252015527,1
96,1,0,1,1,0,1,1,1,1,0,1,0,0,1,0,1,0,0,0,0,0,0,1,1,1,1,0,0,0,0,0,1,0,1,1,0,0.2222222222222222,15.18137413878436,1
97,0,0,1,1,1,1,1,1,1,0,1,0,0,1,0,1,0,0,0,0,0,0,1,1,1,1,1,0,1,0,1,1,0,0,0,0,0.16666666666666666,13.521542223252471,1
98,0,0,0,1,0,1,1,1,1,0,0,0,0,1,0,1,1,0,0,0,0,0,0,1,1,1,0,0,0,0,0,0,0,1,1,0,0.19444444444444445,14.581581161770817,1
99,0,0,1,1,0,1,0,1,1,0,1,0,1,1,1,1,1,0,0,1,0,0,1,1,0,1,0,0,1,0,1,0,0,1,1,0,0.2222222222222222,14.244818057735639,1
