,0,1,2,3,4,5,6,7,8,9,10,11,12,13,14,15,16,17,18,19,20,21,22,23,24,25,26,27,28,29,30,31,32,33,34,35,36,37,38,39,40,41,42,43,44,45,46,47,48,49,50,51,52,53,chain_break_fraction,energy,num_occurrences
0,0,1,1,0,1,0,1,1,0,1,0,0,1,1,1,0,0,0,0,0,0,1,0,0,1,0,1,1,1,0,1,0,0,0,0,0,0,0,1,0,0,0,0,1,1,1,1,0,0,1,0,1,1,0,0.3148148148148148,275.0795596371778,1
1,0,1,1,0,1,0,1,0,0,1,0,0,1,1,1,0,0,0,0,1,0,1,0,0,1,0,1,1,1,0,1,0,0,0,1,0,0,0,1,0,0,0,0,1,1,1,1,0,0,1,0,1,1,0,0.3333333333333333,276.7516635580459,1
2,0,1,1,0,1,0,1,1,0,1,0,0,1,1,1,0,0,0,0,1,0,1,0,0,1,0,1,1,1,1,1,0,0,0,1,0,0,0,1,0,0,0,0,1,1,1,1,0,0,1,0,1,0,0,0.3148148148148148,331.0034571674927,1
3,0,1,1,0,1,0,0,0,0,1,0,0,1,1,1,0,0,0,0,1,0,1,0,0,1,0,1,1,1,0,1,0,0,0,0,0,0,0,1,0,0,0,0,1,1,1,1,0,0,1,0,1,1,0,0.37037037037037035,260.59512603492306,1
4,0,1,1,0,1,0,1,1,0,1,0,1,1,1,1,0,0,0,0,1,0,0,0,0,1,0,1,1,1,0,1,0,0,0,1,0,0,0,1,0,0,0,0,1,1,1,1,0,0,1,0,1,1,0,0.3333333333333333,362.58834291586646,1
5,0,1,1,0,1,0,1,0,0,1,0,1,1,1,1,0,0,0,0,0,0,0,0,0,1,0,1,1,1,0,1,0,0,0,1,0,0,0,1,0,0,0,0,1,1,1,1,0,0,1,0,1,0,0,0.2962962962962963,314.5951696353348,1
6,0,1,1,0,1,0,1,0,0,0,0,1,1,1,1,0,0,0,0,1,0,1,0,0,1,0,1,1,1,0,1,0,0,0,1,0,0,0,1,0,1,0,0,1,1,1,1,0,0,1,0,1,0,0,0.2777777777777778,330.0647306454378,1
7,1,0,0,1,0,1,0,0,1,0,1,1,0,0,0,1,1,1,1,0,1,0,1,1,0,1,0,0,0,0,0,1,1,1,0,1,1,1,0,1,1,1,1,0,0,0,0,1,1,0,0,0,0,1,0.3148148148148148,426.26432891649705,1
8,0,1,1,0,1,0,0,0,0,1,0,1,1,1,1,0,0,0,0,0,0,1,0,0,1,0,1,1,1,0,1,0,0,0,0,0,0,0,1,0,0,0,0,1,1,1,1,0,0,1,0,1,0,0,0.3333333333333333,320.8347198161518,1
9,0,1,1,0,1,0,0,0,0,1,0,1,1,1,1,0,0,0,0,1,0,1,0,0,1,0,1,1,1,0,1,0,0,0,0,0,0,0,1,0,0,0,0,1,1,1,1,0,0,1,1,1,1,0,0.3148148148148148,344.5075463621947,1
10,0,1,1,0,1,0,1,0,0,1,0,1,1,1,1,0,0,0,0,0,0,0,0,0,1,0,1,0,1,0,1,0,0,0,0,0,0,0,1,0,1,0,0,1,1,1,1,0,0,1,0,1,1,0,0.2777777777777778,305.88024976276216,1
11,0,1,1,0,1,0,1,1,0,1,0,1,1,1,1,0,0,0,0,1,0,0,0,0,1,0,1,1,1,0,1,0,0,0,1,0,0,0,1,0,0,0,0,1,1,1,1,0,0,1,0,1,0,0,0.3333333333333333,386.59022678092714,1
12,0,1,1,0,1,0,1,0,0,1,0,1,0,1,1,0,0,0,0,0,0,1,0,0,1,0,1,1,1,1,1,0,0,0,1,0,0,0,1,0,1,0,0,1,1,1,1,0,0,1,0,1,1,0,0.25925925925925924,406.47646284666797,1
13,0,1,1,0,1,0,0,0,0,1,0,0,1,1,1,0,0,0,0,1,0,1,0,0,0,0,1,1,1,0,1,0,0,0,1,0,0,0,1,0,0,0,0,1,1,1,1,0,0,1,0,1,0,0,0.3148148148148148,258.9746648753053,1
14,0,1,1,0,1,0,0,0,0,1,0,1,1,1,1,0,0,0,0,0,0,1,0,0,1,0,1,1,1,1,1,0,0,0,1,0,0,1,1,0,0,0,0,1,1,1,1,0,0,1,0,1,1,0,0.3333333333333333,411.24082248378664,1
15,0,1,1,0,1,0,0,0,0,1,0,1,1,1,1,0,0,0,0,1,0,1,1,0,1,0,1,1,1,0,1,0,0,0,1,0,0,0,1,0,0,0,0,1,1,1,1,1,0,1,1,1,0,0,0.2962962962962963,416.56001241416993,1
16,0,1,1,0,1,0,1,0,0,1,0,0,1,1,1,0,0,0,0,1,0,0,0,1,1,0,1,1,1,0,1,0,0,0,0,0,0,0,1,0,0,0,0,1,1,1,1,1,0,1,0,1,0,0,0.2962962962962963,345.8718387568258,1
17,0,1,1,0,1,0,0,1,0,1,0,0,1,1,1,0,0,0,1,0,0,1,0,0,1,0,1,1,1,0,1,0,0,0,1,0,0,0,1,0,0,0,0,1,1,1,1,0,0,1,0,1,0,0,0.3333333333333333,277.30099991705146,1
18,1,0,0,1,0,1,0,0,1,0,1,1,0,0,0,1,1,1,1,1,1,0,1,0,0,1,0,0,0,0,0,1,1,1,0,1,1,1,0,1,1,1,1,0,0,0,0,0,0,0,1,0,1,1,0.2962962962962963,374.16711260871483,1
19,0,1,1,0,1,0,1,1,0,1,0,1,1,1,1,0,0,0,0,0,0,0,0,0,0,0,1,1,1,0,1,0,0,0,1,0,0,0,1,0,0,0,0,1,1,1,1,0,0,1,0,1,1,0,0.3333333333333333,325.38570047384536,1
20,0,1,1,0,1,0,0,1,0,1,0,1,1,1,1,0,0,0,0,1,0,1,1,0,0,0,1,1,1,0,1,0,0,0,0,0,0,0,1,0,0,0,0,1,1,1,1,1,0,1,0,1,1,0,0.3333333333333333,388.69832070338555,1
21,0,1,1,0,1,0,1,1,0,1,0,0,1,1,1,0,0,0,0,0,0,0,0,0,1,0,1,1,1,0,1,0,0,0,1,0,0,0,1,0,1,0,0,1,1,1,1,0,0,1,0,1,1,0,0.3333333333333333,302.19322176862414,1
22,1,0,0,1,0,1,0,0,1,0,1,1,0,0,0,1,1,1,1,0,1,0,0,1,0,1,0,0,0,0,0,1,1,1,0,1,1,1,0,1,1,1,1,0,0,0,0,0,1,0,1,0,0,1,0.37037037037037035,393.8243868573423,1
23,0,1,1,0,1,0,1,1,0,0,0,0,1,1,1,0,0,0,0,0,0,1,0,0,1,0,1,1,1,0,1,0,0,1,1,0,0,0,1,0,0,0,0,1,1,1,1,0,0,1,0,1,0,0,0.2962962962962963,275.89201050545944,1
24,1,0,0,1,0,1,0,1,1,0,1,1,0,0,0,1,1,1,1,0,0,0,0,1,0,1,0,0,0,0,0,1,1,1,0,1,1,0,0,1,1,1,1,0,0,0,0,1,1,0,0,0,0,1,0.3148148148148148,375.71195467681554,1
25,0,1,1,0,1,0,0,0,0,1,0,0,1,1,1,0,0,0,0,0,0,1,0,0,1,0,1,1,1,0,1,0,0,0,1,0,0,0,1,0,0,0,0,1,1,1,1,1,0,1,0,1,0,0,0.35185185185185186,335.1960671622583,1
26,0,1,1,0,1,0,1,1,0,1,0,1,0,1,1,0,0,0,0,0,0,1,0,0,0,0,1,1,1,0,1,0,0,0,0,0,0,0,1,0,0,0,0,1,1,1,1,0,0,1,0,1,1,0,0.2777777777777778,324.7199121502345,1
27,0,1,1,0,1,0,0,0,0,1,0,1,0,1,1,0,0,0,0,1,0,1,0,0,1,0,1,1,1,1,1,0,0,0,1,0,0,0,1,0,0,0,0,1,1,0,1,0,0,1,0,1,0,0,0.2962962962962963,345.2607425009432,1
28,0,1,1,0,1,0,1,1,0,0,0,0,1,1,1,0,0,0,0,0,0,1,0,0,1,0,1,1,1,0,0,0,0,0,1,0,0,0,1,0,0,0,0,1,1,1,1,0,0,1,0,1,1,0,0.3148148148148148,271.9070604494197,1
29,0,1,1,0,1,0,0,1,0,0,0,1,1,1,1,0,0,0,0,1,0,0,0,0,1,0,1,1,1,0,1,0,0,1,0,0,0,0,1,0,0,0,0,1,1,1,1,0,0,1,0,1,0,0,0.3148148148148148,347.2751358677513,1
30,0,1,1,0,1,0,0,0,0,1,0,1,1,1,1,0,0,0,0,1,0,1,0,0,1,0,1,1,1,0,0,0,0,0,1,0,0,0,1,0,0,0,0,1,1,1,1,0,0,1,1,1,0,0,0.3148148148148148,352.18435929523633,1
31,0,1,1,0,1,0,1,1,0,1,0,0,1,1,1,0,0,0,0,1,0,0,0,0,1,0,1,1,1,0,1,0,0,0,1,0,0,0,1,0,0,0,0,1,1,1,1,0,0,1,0,1,0,0,0.2962962962962963,288.37734981248826,1
32,0,1,1,0,1,0,1,0,0,1,0,0,1,1,1,0,0,0,0,1,0,1,1,0,1,0,1,1,1,0,1,0,0,0,1,0,0,0,1,0,0,0,0,1,1,1,1,0,0,1,0,0,1,0,0.3333333333333333,300.3627633736118,1
33,0,1,1,0,1,0,0,1,0,1,0,1,1,1,1,0,0,0,0,0,0,1,0,0,1,0,1,1,1,0,0,0,0,0,0,0,0,0,1,0,0,0,0,1,1,0,1,0,0,1,0,1,1,0,0.3148148148148148,362.1535999357991,1
34,0,1,1,0,1,0,1,1,0,1,0,0,1,1,1,0,0,0,0,0,0,1,1,0,1,0,1,1,1,0,0,0,0,0,0,0,0,0,1,0,1,0,0,1,1,1,1,0,0,1,0,1,1,0,0.25925925925925924,301.12541173889844,1
35,0,1,1,0,1,0,1,1,0,1,0,0,1,1,1,0,0,0,0,0,0,1,0,0,1,0,1,0,1,0,1,0,0,0,1,0,0,0,1,0,0,0,0,1,1,1,1,0,0,1,0,1,1,0,0.3148148148148148,278.020008861904,1
36,0,1,1,0,1,0,0,1,0,1,0,1,0,1,1,0,0,0,0,1,0,1,1,0,1,0,1,1,1,0,1,0,0,0,1,0,0,0,1,0,1,0,0,1,1,1,1,0,0,1,0,1,1,0,0.3148148148148148,369.942848323766,1
37,1,0,0,1,0,1,1,1,1,0,1,1,0,0,0,1,1,1,1,0,1,0,0,1,0,1,0,0,0,0,0,1,1,1,0,1,1,1,0,1,1,1,1,0,0,0,0,1,1,0,0,0,0,1,0.3148148148148148,448.0434774825813,1
38,1,0,0,0,0,1,1,0,1,1,1,1,0,0,0,1,1,1,1,1,1,0,0,1,0,1,0,0,0,0,0,1,1,1,1,1,1,1,0,1,1,1,1,0,0,0,0,1,1,0,0,0,0,0,0.25925925925925924,460.0577482191307,1
39,1,0,0,1,0,1,0,1,1,0,1,0,0,0,0,1,1,1,1,0,1,0,1,1,0,1,0,0,0,0,0,1,1,1,0,1,1,0,0,1,1,1,1,0,0,0,0,1,1,0,0,0,0,1,0.35185185185185186,379.2754901888819,1
40,0,1,1,0,1,0,1,1,0,1,0,1,1,1,1,0,0,0,0,1,0,0,0,0,1,0,1,1,1,0,1,0,0,0,1,0,0,0,1,0,1,0,0,1,1,1,1,0,0,1,0,1,0,0,0.2962962962962963,368.6692085658477,1
41,0,1,1,0,1,0,1,1,0,0,0,1,1,1,1,0,0,0,1,1,0,1,0,1,1,0,1,1,1,1,1,0,0,0,1,0,0,0,1,0,0,0,0,1,1,0,1,1,0,1,0,1,1,0,0.2962962962962963,477.02068970192505,1
42,0,1,1,0,1,0,0,0,0,1,0,1,1,1,1,0,0,0,0,1,0,1,1,0,1,0,1,1,1,0,1,0,0,0,1,0,0,0,1,0,0,0,0,1,1,1,1,0,0,1,0,1,0,0,0.37037037037037035,384.78792688426006,1
43,1,0,0,0,0,1,0,1,1,0,1,1,0,0,0,1,1,1,1,0,1,0,1,1,0,1,0,0,0,0,0,1,1,1,1,1,1,1,0,1,1,1,1,0,0,0,0,1,1,0,0,0,0,1,0.3148148148148148,442.03995067866526,1
44,0,1,1,0,1,0,0,1,0,1,0,0,1,1,1,0,0,1,0,1,0,1,1,0,1,0,1,1,1,0,1,0,0,1,0,0,0,0,1,0,0,0,0,1,1,1,1,0,0,1,0,1,1,0,0.2962962962962963,391.1701182907281,1
45,0,1,1,0,1,0,1,0,0,1,0,1,1,1,1,0,0,0,1,1,0,1,0,0,1,0,1,1,1,0,1,0,0,0,1,0,0,0,1,0,0,0,0,1,1,1,1,0,0,0,0,1,1,0,0.3333333333333333,370.9814993903697,1
46,0,1,1,0,1,0,1,0,0,0,0,0,1,1,1,0,0,0,1,0,0,1,0,0,1,0,1,1,1,0,1,0,0,0,1,0,0,0,1,0,1,0,0,1,1,1,1,0,0,1,0,1,1,0,0.3333333333333333,299.19546465890465,1
47,0,1,1,0,1,0,0,0,0,1,0,1,1,1,1,0,0,0,1,1,0,1,1,0,1,0,1,0,1,0,1,0,0,0,1,0,0,0,1,0,1,0,0,1,1,1,1,0,0,1,0,1,1,0,0.37037037037037035,368.1193197068217,1
48,0,1,1,0,1,0,1,0,0,1,0,1,1,1,1,0,0,0,0,0,0,1,0,0,1,0,1,1,1,0,1,0,0,0,1,0,1,0,1,0,0,0,0,1,1,1,1,0,0,1,0,1,1,0,0.3148148148148148,323.3760592285426,1
49,0,1,1,0,1,0,1,0,0,1,0,0,1,1,1,0,0,0,0,1,0,1,0,0,1,0,1,1,1,0,1,0,0,0,1,0,0,0,1,0,0,0,0,1,1,1,1,0,0,1,0,1,1,0,0.3148148148148148,276.7516635580459,1
50,0,1,1,0,1,0,1,1,0,1,0,1,1,1,1,0,0,0,0,0,0,0,0,0,1,0,1,1,1,0,1,0,0,0,1,0,0,0,1,0,0,0,0,1,1,1,1,0,0,1,0,0,1,0,0.35185185185185186,343.8637116536136,1
51,0,1,1,0,1,0,1,0,0,0,0,1,1,1,1,0,0,0,1,0,0,1,1,0,1,0,1,1,1,0,0,0,0,1,0,0,0,0,1,0,0,0,0,1,1,1,1,0,0,1,0,1,0,0,0.3333333333333333,384.26393566745725,1
52,0,1,1,0,1,0,0,1,0,1,0,1,1,1,1,0,0,0,0,1,0,0,1,0,1,0,1,1,1,0,1,0,0,1,0,0,0,0,1,0,0,0,0,1,1,1,1,0,0,1,0,1,1,0,0.35185185185185186,391.6399003766209,1
53,0,1,1,0,1,0,0,1,0,1,0,0,1,1,1,0,0,0,1,0,0,0,0,0,1,0,1,1,1,0,1,0,0,1,0,0,0,0,1,0,0,0,0,1,1,1,1,0,0,1,1,1,0,0,0.3148148148148148,306.26523542152273,1
54,0,1,1,0,1,0,0,1,0,1,0,0,1,1,1,0,0,0,0,0,1,1,0,0,1,0,1,1,1,1,1,0,0,1,1,0,0,0,1,0,0,0,0,1,1,0,1,0,0,0,0,1,1,0,0.2777777777777778,337.0730003998584,1
55,0,1,1,0,1,0,1,1,0,1,0,1,1,1,1,0,0,0,0,0,0,1,0,0,1,0,1,1,1,0,1,0,0,0,1,0,0,0,1,0,1,0,0,1,1,0,1,0,1,1,0,1,1,0,0.2962962962962963,348.7005736093902,1
56,0,1,1,0,1,0,0,0,1,1,0,0,1,1,1,0,0,0,0,1,0,1,0,0,1,0,1,1,1,0,1,0,0,1,0,0,0,0,1,0,1,0,0,1,1,1,1,0,0,1,0,1,0,0,0.3148148148148148,325.90855319564827,1
57,1,0,0,1,0,0,0,1,1,1,1,0,0,0,0,1,1,1,1,1,1,0,0,0,0,1,0,0,1,0,0,1,1,0,0,1,1,1,0,1,1,1,1,0,0,0,0,0,1,0,0,0,0,1,0.3333333333333333,271.42268267840643,1
58,0,1,1,0,1,0,1,0,1,1,0,0,1,1,1,0,0,0,1,0,0,1,1,0,1,0,1,1,1,0,1,0,0,0,1,0,0,0,1,0,1,0,0,1,1,1,1,0,0,1,0,1,0,0,0.35185185185185186,362.4327837718876,1
59,0,1,1,0,1,0,1,0,0,1,0,0,1,1,1,0,0,0,1,0,0,1,0,0,1,0,1,1,1,0,1,0,0,0,1,0,0,0,1,0,0,0,0,1,1,0,1,0,0,1,0,0,1,0,0.3333333333333333,265.2413234254907,1
60,0,1,1,0,1,0,1,1,0,1,0,1,1,1,1,0,0,0,0,0,0,0,0,0,1,0,1,0,1,1,1,0,0,0,0,0,0,0,1,0,1,0,0,1,1,1,1,0,0,1,0,1,0,0,0.2962962962962963,361.89288735447457,1
61,1,0,0,0,0,0,1,1,1,0,1,1,0,0,0,1,1,1,1,1,1,0,0,1,0,1,0,0,0,0,0,1,1,1,0,1,1,0,0,1,1,1,1,0,0,0,0,1,1,0,0,0,0,1,0.35185185185185186,382.9799937574258,1
62,1,0,0,1,0,1,1,0,1,0,1,0,0,0,0,1,1,1,1,1,1,0,0,0,0,1,0,0,0,0,0,1,1,1,0,1,1,1,0,1,1,1,1,0,0,0,0,1,1,0,0,0,0,1,0.3148148148148148,330.19073140198213,1
63,1,0,0,1,0,1,0,0,1,0,1,1,0,0,0,1,1,1,1,0,0,0,1,1,1,1,0,0,0,0,0,1,1,1,0,1,1,0,0,1,1,1,1,0,0,1,0,0,1,0,1,0,0,0,0.2962962962962963,403.62921267657657,1
64,0,1,1,0,1,0,1,0,0,1,0,0,0,1,1,0,0,0,0,0,0,1,0,0,1,0,1,0,1,0,1,0,0,0,1,0,0,0,1,0,0,0,0,1,1,1,1,0,0,1,0,0,1,0,0.2777777777777778,256.34027439139305,1
65,0,1,1,0,1,0,1,0,0,1,0,1,1,1,1,0,0,0,1,1,0,1,0,1,1,0,1,1,1,0,1,0,0,0,0,0,0,0,1,0,0,0,0,1,1,1,1,0,0,1,0,1,0,0,0.37037037037037035,559.2012783810137,1
66,0,1,1,0,1,0,1,1,0,1,0,0,1,1,1,0,0,0,1,0,0,0,0,0,1,0,1,1,1,0,1,0,0,0,0,0,0,0,1,0,0,0,0,1,1,1,1,0,0,1,0,1,1,0,0.3148148148148148,270.7856548712722,1
67,0,1,1,0,1,0,1,0,0,1,0,1,1,1,1,0,0,0,1,1,0,0,0,0,0,0,1,1,1,0,1,0,0,0,0,0,0,0,1,0,1,0,0,1,1,1,1,0,0,1,0,1,1,0,0.3333333333333333,320.6473297163221,1
68,0,1,1,0,1,0,1,1,0,1,0,0,1,1,1,0,0,0,0,1,0,0,0,0,1,0,1,1,1,0,1,0,0,1,1,0,0,0,1,0,0,0,0,1,1,1,1,0,0,0,0,1,0,0,0.37037037037037035,288.78094313066305,1
69,0,1,1,0,1,0,1,1,0,1,0,0,1,1,1,0,0,0,0,0,0,1,0,0,1,0,1,1,1,0,1,0,0,0,1,0,0,0,1,0,1,0,0,1,1,1,1,1,0,1,0,1,1,0,0.35185185185185186,389.5628393574815,1
70,0,1,1,0,1,0,0,1,0,0,0,0,1,1,1,0,0,0,0,0,0,1,0,0,1,1,1,1,1,0,1,0,0,0,0,0,0,0,1,0,0,0,0,1,1,1,1,1,0,1,0,1,0,0,0.3148148148148148,310.8261452037651,1
71,1,0,0,0,0,1,0,0,1,0,1,1,0,0,0,1,1,1,1,1,0,0,1,0,1,1,0,0,0,0,0,1,1,1,0,1,1,0,0,1,1,1,1,0,0,0,0,1,1,0,0,0,1,0,0.3148148148148148,316.88161773444153,1
72,0,1,1,0,1,0,0,0,0,1,0,1,1,1,1,0,0,0,1,1,0,0,1,0,1,0,1,1,1,0,1,0,0,0,1,0,0,0,1,0,0,0,0,1,1,1,1,0,0,1,0,1,1,0,0.2777777777777778,357.62793816130005,1
73,0,1,1,0,1,0,0,0,0,1,0,0,1,1,1,0,0,0,1,1,0,1,0,0,1,0,1,1,1,0,1,0,0,0,1,0,0,0,0,0,1,0,0,1,1,0,1,0,0,1,0,1,0,0,0.3148148148148148,271.8430781120108,1
74,0,1,1,0,1,0,1,0,0,1,0,1,1,1,1,1,0,1,0,1,0,0,0,0,1,0,1,1,1,1,1,0,0,0,1,0,0,0,1,0,1,0,0,1,1,1,1,0,0,1,0,1,1,0,0.2777777777777778,394.2643977128168,1
75,1,0,0,0,0,1,1,0,1,0,1,1,0,0,0,1,1,1,1,1,1,0,0,1,0,1,0,0,0,0,0,1,1,1,0,1,1,0,0,1,1,1,1,0,0,0,0,1,1,0,0,0,0,0,0.3148148148148148,491.93304359751573,1
76,0,1,1,0,1,0,0,1,0,1,0,0,1,1,1,0,0,0,0,1,0,0,0,0,1,0,1,0,1,0,1,0,0,0,1,0,0,0,1,0,0,0,0,1,1,1,1,1,0,1,0,1,0,0,0.3148148148148148,308.80882276825906,1
77,0,1,1,0,1,0,0,0,0,0,0,1,1,1,1,0,0,0,0,1,0,1,0,1,1,0,1,1,1,0,1,0,0,0,1,0,0,0,1,0,0,0,0,1,1,0,1,0,0,1,0,1,1,0,0.3333333333333333,407.88688992040727,1
78,0,1,1,0,1,0,1,1,0,1,0,0,0,1,1,0,0,0,1,1,0,1,0,0,1,0,1,1,1,0,1,0,0,1,0,0,0,0,1,0,0,0,0,1,1,1,1,0,0,0,0,1,1,0,0.2962962962962963,294.6290728711925,1
79,0,1,1,0,1,0,1,1,0,1,0,0,1,1,1,0,0,0,0,1,0,0,0,1,1,0,1,1,1,0,1,0,0,1,1,0,0,1,1,0,1,0,0,1,1,1,1,1,0,1,0,1,0,0,0.3333333333333333,406.1082048749594,1
80,1,1,1,0,0,0,1,0,0,0,0,0,1,1,1,0,0,0,1,0,0,1,1,0,1,0,1,1,1,0,1,0,0,0,1,0,0,0,1,0,0,0,0,1,1,0,1,0,0,1,0,1,1,0,0.3148148148148148,267.16788819491535,1
81,0,1,1,0,1,0,1,1,0,0,0,0,1,1,1,0,0,0,0,1,0,1,0,0,1,0,1,1,1,0,1,0,0,0,1,0,0,0,1,0,0,0,0,1,1,1,1,0,0,1,0,1,1,0,0.3888888888888889,284.23832045613767,1
82,0,1,1,0,1,0,0,1,0,1,0,0,1,1,1,0,0,0,0,1,0,1,1,0,1,0,1,1,1,0,0,0,0,1,1,0,0,0,1,0,1,0,0,1,1,1,1,0,0,1,0,1,1,0,0.2962962962962963,312.9534492886401,1
83,0,1,1,0,1,0,0,1,0,1,0,0,1,1,1,0,0,0,0,0,0,1,0,0,1,0,1,1,1,0,1,0,0,0,0,0,0,0,1,0,1,0,0,0,1,0,1,0,0,1,0,1,1,0,0.3333333333333333,259.69597888554836,1
84,1,0,0,1,0,1,0,0,1,0,1,1,0,0,0,1,1,1,1,1,1,0,0,1,0,1,0,0,0,0,0,1,1,0,0,1,1,1,0,1,0,1,1,0,0,0,0,1,1,0,1,0,0,1,0.3333333333333333,434.04073865297033,1
85,1,0,0,1,0,1,0,0,1,0,1,1,0,0,0,1,1,1,1,1,1,0,0,1,0,1,0,1,0,0,1,1,1,1,1,1,1,0,0,1,0,1,1,0,0,0,0,1,1,0,0,0,1,0,0.3333333333333333,427.37529094518345,1
86,0,1,1,0,1,0,1,1,0,1,0,0,1,1,1,0,0,0,1,0,0,1,1,0,1,0,1,1,1,0,0,0,0,0,1,0,0,0,1,0,1,0,0,1,1,1,1,0,0,1,0,1,1,0,0.37037037037037035,310.55662226315945,1
87,1,0,0,1,0,1,0,0,1,0,1,0,0,0,0,1,1,1,1,1,1,0,1,1,0,1,0,0,0,0,0,1,1,1,1,1,0,1,0,1,1,1,1,0,0,0,0,1,1,0,0,0,0,1,0.2962962962962963,375.0486835434658,1
88,0,1,1,0,1,0,1,1,0,1,0,0,1,1,1,0,0,0,0,1,0,1,0,0,1,0,1,1,1,0,1,0,0,0,1,0,0,0,1,0,1,0,0,1,1,1,1,1,0,1,0,1,0,0,0.35185185185185186,344.0477266355524,1
89,1,1,1,0,1,0,1,0,0,1,0,0,1,1,1,0,0,0,1,1,0,0,0,1,1,0,1,1,1,0,0,0,0,0,1,0,0,0,0,0,1,0,0,1,1,1,1,1,0,1,0,1,1,0,0.25925925925925924,350.3564505671736,1
90,1,1,1,0,1,0,1,0,0,1,0,0,1,1,1,0,0,0,1,0,0,1,0,0,1,0,1,1,1,0,0,0,0,0,0,0,0,0,1,0,0,0,0,1,1,1,1,0,0,1,0,0,0,0,0.2962962962962963,297.6052004856285,1
91,1,0,0,0,0,1,0,1,1,0,1,1,0,0,0,1,1,1,1,1,1,0,0,1,0,1,0,0,0,1,0,1,1,1,0,1,0,1,0,1,0,1,1,0,0,0,0,1,1,0,0,0,0,1,0.3148148148148148,459.8180339693009,1
92,0,1,1,0,1,0,1,1,0,1,0,1,1,1,1,0,0,0,1,0,0,0,0,0,1,0,1,0,1,0,1,0,0,0,1,0,0,0,1,0,1,0,0,1,1,0,1,0,0,1,0,1,0,0,0.35185185185185186,365.385453635634,1
93,0,1,1,0,1,0,0,1,0,1,0,0,1,1,1,0,0,0,1,1,0,0,0,1,0,0,1,0,1,1,1,0,0,1,1,0,0,0,1,0,0,0,0,1,1,1,1,0,0,1,0,1,1,0,0.2962962962962963,363.56571112558396,1
94,0,1,1,0,1,0,1,0,0,1,0,1,1,1,1,0,0,0,1,1,0,0,1,0,1,0,1,0,1,1,1,0,0,0,1,0,0,0,1,0,0,0,1,1,1,1,1,0,0,1,1,1,1,0,0.35185185185185186,438.4522634692073,1
95,0,1,1,0,1,0,0,1,0,1,0,0,0,1,1,0,0,0,1,1,0,1,0,0,1,0,1,1,1,0,1,0,0,1,1,0,0,0,1,0,1,0,0,1,1,0,1,0,0,1,0,1,1,0,0.2777777777777778,293.01166094432233,1
96,1,0,0,0,0,1,0,0,1,1,1,1,0,0,0,1,1,1,1,1,1,0,1,1,0,1,0,0,0,0,0,1,1,0,0,1,1,1,0,1,1,1,1,0,0,0,0,1,1,0,0,0,0,1,0.4074074074074074,473.37930621288706,1
97,0,1,1,0,1,0,1,0,0,0,0,1,1,1,1,0,0,0,0,0,0,1,0,0,1,0,1,1,1,0,1,0,0,0,0,0,0,0,1,0,1,0,0,1,1,0,1,1,0,1,0,1,0,0,0.37037037037037035,334.4325914054261,1
98,0,1,1,0,1,0,0,0,0,1,0,0,1,1,1,0,0,0,0,1,0,0,0,0,1,0,1,0,1,0,0,0,0,0,1,0,0,0,1,0,1,0,0,1,1,1,1,0,0,0,0,1,1,0,0.3148148148148148,253.1191932706006,1
99,0,1,1,0,1,0,1,1,0,1,0,0,0,1,1,0,0,0,0,1,0,1,0,0,1,0,1,1,1,0,1,0,0,0,1,0,0,0,1,0,1,0,0,1,1,1,1,0,0,1,0,1,1,0,0.35185185185185186,295.7158414333732,1
