,0,1,2,3,4,5,6,7,8,9,10,11,12,13,14,15,16,17,18,19,20,21,22,23,24,25,26,27,28,29,30,31,32,33,34,35,chain_break_fraction,energy,num_occurrences
0,1,1,0,0,0,0,1,0,1,0,1,0,0,0,0,1,0,0,0,1,0,0,0,0,0,0,1,1,0,0,0,0,0,1,1,0,0.1111111111111111,10.641357820514251,1
1,1,1,0,0,0,1,1,0,1,0,1,0,0,1,1,1,0,0,1,1,0,0,0,0,1,1,1,1,0,0,0,0,0,1,1,0,0.19444444444444445,23.62383344442665,2
2,1,1,0,0,0,0,1,0,1,0,1,0,1,0,1,1,0,0,0,1,0,0,0,0,1,0,1,1,0,0,0,0,0,1,1,0,0.16666666666666666,13.027500702971546,1
3,1,1,0,0,0,1,1,0,1,0,1,0,1,0,1,1,0,0,0,1,0,0,0,0,1,0,1,1,0,0,0,0,0,1,1,0,0.19444444444444445,16.05190729829002,1
4,1,1,0,0,0,1,1,0,1,0,1,0,0,1,1,1,0,0,1,1,0,0,0,0,1,1,1,1,0,0,0,0,0,1,1,0,0.2222222222222222,23.62383344442665,1
5,1,1,0,0,0,0,1,0,1,0,1,0,1,0,1,1,0,0,0,1,0,0,0,0,0,0,1,1,0,0,0,0,0,1,1,0,0.16666666666666666,11.842548876327523,1
6,1,1,0,0,0,1,1,0,0,0,1,0,0,1,1,1,0,0,0,1,0,0,0,0,1,1,1,1,0,0,0,0,0,1,1,0,0.25,19.841730555638843,1
7,1,1,0,0,0,1,1,0,1,0,1,0,1,1,1,1,0,0,1,1,0,0,0,0,1,1,1,1,0,0,0,0,0,1,1,1,0.25,29.931591852516284,1
8,1,1,0,0,0,0,1,0,1,0,1,0,0,1,1,1,0,0,0,1,0,0,0,0,1,0,1,1,0,0,0,0,0,1,1,0,0.16666666666666666,15.189498292601051,1
9,1,1,0,0,0,1,1,0,1,0,1,0,1,1,1,1,0,0,0,1,0,0,0,0,1,1,1,1,0,0,0,0,0,1,1,0,0.2222222222222222,24.515586182446505,1
10,1,1,0,0,0,1,1,0,1,0,1,0,1,1,1,1,0,0,1,1,0,0,0,0,1,1,1,1,0,0,0,0,0,1,1,1,0.3055555555555556,29.931591852516284,1
11,1,1,0,0,0,1,1,0,1,0,1,0,0,1,1,1,1,0,1,1,0,0,0,0,1,1,1,1,0,0,0,0,0,1,1,0,0.19444444444444445,24.4535530915675,1
12,1,1,0,0,0,1,1,0,1,0,1,0,0,1,1,1,0,0,1,1,0,0,0,0,0,1,1,1,0,0,0,0,1,1,1,0,0.2222222222222222,23.25008122620214,1
13,1,1,0,0,0,0,1,0,1,0,1,0,1,0,1,1,0,0,0,1,0,0,0,0,1,0,1,1,0,0,0,0,0,1,1,0,0.16666666666666666,13.027500702971546,1
14,1,1,0,0,0,1,1,0,1,0,1,0,1,1,1,1,0,0,1,1,0,0,0,0,1,1,1,1,0,0,0,0,0,1,1,1,0.2777777777777778,29.931591852516284,1
15,1,1,0,0,0,1,1,0,1,0,1,0,0,1,1,1,0,0,1,1,0,0,0,0,1,1,0,1,0,0,0,0,0,1,1,1,0.25,27.291975707461987,1
16,1,1,0,0,0,1,1,0,1,0,1,0,1,1,1,1,0,0,1,1,0,0,1,0,1,1,1,1,0,0,0,0,0,1,1,0,0.19444444444444445,25.208059702230763,1
17,1,1,0,0,0,1,1,0,1,0,1,0,1,1,1,1,0,0,1,1,0,0,0,0,1,1,1,1,0,0,0,0,0,1,1,0,0.25,25.127547777354245,1
18,1,1,0,0,0,0,1,0,0,0,0,0,0,1,1,1,0,0,0,1,0,0,0,0,0,0,1,1,0,0,0,0,0,1,1,0,0.08333333333333333,9.730490733074545,1
19,1,1,0,0,0,1,1,0,0,0,1,0,1,1,1,1,0,0,1,1,0,0,0,0,1,1,1,1,0,0,0,0,1,1,1,0,0.25,25.160427838570733,1
20,1,1,0,0,0,1,1,0,1,0,1,0,1,1,1,1,0,0,1,1,0,0,0,0,1,1,1,1,0,0,0,0,0,1,1,0,0.2222222222222222,25.127547777354245,1
21,0,0,1,1,1,0,0,1,0,1,0,1,1,0,0,0,0,1,1,0,1,0,1,1,0,1,0,0,1,0,1,0,0,0,0,0,0.1388888888888889,18.150859715051677,1
22,1,1,0,0,0,1,1,0,1,0,0,0,0,1,1,1,0,0,1,1,0,0,0,0,0,1,1,1,0,0,0,0,0,1,1,0,0.2222222222222222,18.912668758024385,1
23,1,1,0,0,0,1,1,0,1,0,1,0,1,0,1,1,0,0,1,1,0,0,0,0,1,1,1,1,0,0,0,0,0,1,1,0,0.19444444444444445,22.1201191114991,1
24,1,1,0,0,0,1,1,0,0,0,1,0,1,1,1,1,0,0,1,1,0,0,0,0,1,1,1,1,0,0,0,0,1,1,1,1,0.3055555555555556,32.53899400979097,1
25,1,1,0,0,0,1,1,0,0,0,1,0,1,1,1,1,0,0,0,1,0,0,0,0,1,1,1,1,0,0,0,0,0,1,1,1,0.25,25.33657614231371,1
26,1,1,0,0,0,1,1,0,1,0,0,0,0,1,1,1,0,0,0,1,0,0,0,0,0,1,1,1,0,1,0,0,0,1,1,0,0.19444444444444445,24.380729498051128,1
27,1,1,0,0,0,1,1,0,1,0,1,0,0,1,1,1,0,0,0,1,0,0,0,0,1,1,1,1,0,0,0,0,0,1,1,0,0.19444444444444445,22.461720401612652,1
28,0,0,1,1,1,0,0,1,0,0,0,1,0,0,0,0,0,1,0,0,1,0,1,1,0,1,0,0,1,0,1,0,0,0,0,0,0.1111111111111111,13.645771941129683,1
29,1,1,0,0,0,0,1,0,1,0,0,0,1,1,1,1,0,0,0,1,0,0,0,1,0,0,1,1,0,0,0,1,0,1,1,0,0.19444444444444445,19.742052520536596,1
30,1,1,0,0,0,1,1,0,1,0,1,0,1,1,1,1,0,0,1,1,0,0,0,0,1,1,1,1,0,0,0,0,0,1,1,1,0.3055555555555556,29.931591852516284,1
31,1,1,0,0,0,1,1,0,1,0,1,0,1,1,1,1,0,0,1,1,0,0,0,0,1,1,1,1,0,0,0,0,0,1,1,1,0.3055555555555556,29.931591852516284,1
32,0,1,0,0,0,0,1,0,1,0,0,0,0,1,1,1,0,0,0,1,0,0,0,1,0,0,1,0,0,0,0,0,0,1,0,0,0.1388888888888889,8.661132195590667,1
33,1,1,0,0,0,1,1,0,0,0,1,0,1,1,1,1,0,0,1,1,0,0,0,0,1,1,1,1,0,0,0,0,0,1,1,1,0.2222222222222222,28.37912362127775,1
34,1,1,0,0,0,1,1,0,1,0,1,0,1,0,1,1,0,0,1,1,0,0,0,0,1,1,1,1,0,0,0,0,0,1,1,1,0.2777777777777778,29.429156119547727,1
35,1,1,0,0,0,1,1,0,1,0,1,0,0,0,1,1,0,0,0,1,0,0,0,0,1,1,1,1,0,0,0,0,0,1,1,0,0.2222222222222222,20.353988839944993,1
36,1,1,0,0,0,1,1,0,0,0,1,0,1,1,1,1,0,0,0,1,0,0,0,0,1,1,1,1,0,0,0,0,0,1,1,0,0.2222222222222222,21.26200003070217,1
37,1,1,0,0,0,1,1,0,1,0,0,0,0,1,1,1,0,0,1,1,0,0,0,0,0,1,1,1,0,0,0,0,1,1,1,0,0.16666666666666666,21.349248965249867,1
38,0,1,0,0,0,0,1,0,1,0,1,0,1,0,1,1,0,0,0,1,0,0,0,0,1,0,0,1,0,0,0,0,0,1,1,0,0.1388888888888889,10.269224987318703,1
39,1,1,0,0,1,1,1,0,1,0,1,0,1,1,1,1,0,0,1,1,0,0,0,0,1,1,1,1,0,0,0,0,1,1,1,1,0.25,33.857503897915755,1
40,1,1,0,0,0,1,1,0,0,0,1,0,1,0,1,1,0,0,0,1,0,0,0,0,0,1,1,1,0,0,0,0,0,1,1,0,0.16666666666666666,15.737928131409138,1
41,1,1,0,0,0,1,1,0,1,0,1,0,1,1,1,1,1,0,0,1,0,0,0,0,1,1,1,1,0,0,0,0,0,1,1,1,0.2222222222222222,28.26612503442119,1
42,0,0,1,1,1,0,0,1,0,1,0,1,0,0,1,0,0,0,0,0,1,0,1,1,0,1,0,0,0,0,1,0,0,0,0,0,0.1388888888888889,14.88027407270676,1
43,1,1,0,0,0,0,1,0,1,0,1,0,1,0,1,1,0,0,0,1,0,0,0,0,1,0,0,1,0,0,0,0,0,1,1,0,0.19444444444444445,12.662117727204127,1
44,0,0,1,1,0,0,0,1,0,1,0,1,0,0,0,0,0,1,1,0,1,0,1,1,0,1,0,0,0,0,1,1,0,0,0,0,0.16666666666666666,18.42609343492146,1
45,1,1,0,0,0,0,1,0,1,0,1,0,1,0,0,1,0,0,0,1,0,1,0,0,0,0,1,1,0,0,0,0,0,1,1,0,0.1388888888888889,16.04248629874647,1
46,1,1,0,0,0,1,1,0,1,0,1,0,1,1,1,1,0,0,0,1,0,0,0,0,1,1,1,1,0,0,0,0,0,1,1,0,0.2222222222222222,24.515586182446505,1
47,0,0,1,1,1,0,0,1,0,1,0,1,0,0,0,0,1,0,1,0,1,0,1,0,0,1,0,0,1,0,1,1,0,0,0,0,0.1111111111111111,16.181122528938396,1
48,1,1,0,0,0,1,1,0,1,0,1,0,1,1,1,1,0,0,0,1,0,0,0,0,1,1,1,1,0,0,0,0,0,1,1,1,0.2222222222222222,27.436284538318326,1
49,1,1,0,0,0,1,1,0,0,0,1,0,1,1,1,1,0,0,1,1,0,0,0,0,1,1,1,1,0,0,0,0,0,1,1,0,0.19444444444444445,22.42120179037599,1
50,1,1,0,0,0,1,1,0,1,0,1,0,1,1,1,1,0,0,1,1,0,0,0,0,1,1,1,1,0,0,0,0,0,1,1,0,0.2222222222222222,25.127547777354245,1
51,1,1,0,0,0,1,1,0,1,0,0,0,0,1,1,1,0,0,1,1,0,0,1,0,1,1,1,1,0,0,0,0,0,1,1,0,0.25,23.147068481518403,1
52,0,0,1,1,1,0,0,1,0,1,0,1,1,0,0,0,1,0,0,0,0,0,1,1,0,1,0,0,1,0,1,0,0,0,0,0,0.16666666666666666,18.15872444846121,1
53,1,1,0,0,0,0,1,0,1,0,1,0,1,1,1,1,0,0,0,1,0,0,0,0,1,1,1,1,0,0,0,0,0,1,1,1,0.2222222222222222,26.65891011345557,1
54,1,1,0,0,0,1,1,0,1,0,1,0,1,1,1,1,0,0,0,1,0,0,1,0,0,1,0,1,0,0,0,0,0,1,1,0,0.19444444444444445,22.230116811384043,1
55,1,1,1,0,0,1,1,0,1,0,1,0,1,1,1,1,0,0,0,1,0,0,0,0,1,1,1,1,0,0,0,0,1,1,1,1,0.2777777777777778,28.09252601240729,1
56,0,1,0,0,0,1,1,0,1,0,1,0,1,1,1,1,0,0,1,1,0,0,0,0,0,1,1,1,0,0,0,0,0,1,1,0,0.19444444444444445,20.164584103211723,1
57,1,1,0,0,0,1,1,0,1,0,1,0,1,0,1,1,0,0,0,1,0,0,0,0,1,0,1,1,0,0,0,0,0,1,1,1,0.2777777777777778,18.506500795074775,1
58,1,1,0,0,0,1,1,0,1,0,1,0,1,1,1,1,0,0,1,1,0,0,0,0,1,1,1,1,0,0,0,0,1,1,1,1,0.3055555555555556,33.58882605796544,1
59,1,1,0,0,1,1,1,0,1,0,1,0,0,1,1,1,0,0,1,1,0,0,0,0,1,1,1,1,0,0,0,0,0,1,1,1,0.2777777777777778,29.958197411515737,1
60,1,1,0,0,0,1,1,0,1,0,1,0,0,1,1,1,0,0,1,1,0,0,0,0,1,1,0,1,0,0,0,0,0,1,1,1,0.3333333333333333,27.291975707461987,1
61,1,1,1,0,0,1,1,0,1,0,0,0,0,1,1,1,0,0,1,1,0,0,0,0,1,1,1,1,0,0,0,0,0,1,1,0,0.1388888888888889,19.849529751407722,1
62,1,1,0,0,0,0,1,0,1,0,0,0,1,1,1,1,0,0,1,1,0,0,0,0,0,1,1,1,0,0,0,0,0,1,1,0,0.19444444444444445,18.80628526105711,1
63,1,1,0,0,1,1,1,0,0,0,1,0,1,1,1,1,0,0,0,1,0,0,1,0,1,1,1,1,0,0,0,0,0,1,1,0,0.19444444444444445,22.694557911183573,1
64,1,1,0,0,0,1,1,0,1,0,0,0,0,1,1,1,0,0,0,1,0,1,0,0,1,1,1,1,0,1,0,0,0,1,0,0,0.2222222222222222,35.35288192106714,1
65,1,1,0,0,0,1,1,0,0,0,1,0,1,1,1,1,0,0,1,1,0,0,0,0,1,1,1,1,0,0,0,0,0,1,1,1,0.3055555555555556,28.37912362127775,1
66,1,1,0,0,1,1,1,0,0,0,1,0,0,1,1,1,0,0,1,1,0,0,1,0,1,0,1,1,0,0,0,0,0,1,1,0,0.16666666666666666,17.19810953854135,1
67,0,1,0,0,0,1,1,0,1,0,1,0,1,0,1,1,0,0,0,1,0,0,0,0,1,0,0,1,0,0,0,0,0,1,1,0,0.2222222222222222,13.188285411744932,1
68,1,1,0,0,0,1,1,0,0,0,0,0,0,1,1,1,0,0,0,1,0,0,0,0,1,1,1,1,0,0,0,0,1,1,1,0,0.2777777777777778,21.33187503252977,1
69,1,1,0,0,0,1,1,0,1,0,0,0,1,1,1,1,0,0,1,1,0,0,0,0,1,1,0,1,0,1,0,0,0,1,1,0,0.25,28.73274311367485,1
70,1,1,0,0,0,1,1,0,0,0,1,0,1,1,1,1,0,0,0,1,0,0,0,0,1,1,1,1,0,0,0,0,0,1,1,1,0.3888888888888889,25.33657614231371,1
71,1,1,0,0,0,1,1,0,1,0,0,0,1,1,1,1,0,0,1,1,0,0,0,0,0,1,0,1,0,0,0,0,1,1,1,1,0.2777777777777778,26.098104567380723,1
72,1,1,0,0,1,0,1,0,1,0,1,0,0,0,1,1,0,0,1,1,0,0,0,0,1,0,0,1,0,0,0,0,0,1,1,0,0.25,13.399245447432149,1
73,1,1,0,0,0,1,1,0,1,0,0,0,1,1,1,1,0,0,1,1,0,0,0,0,1,1,0,1,0,0,0,0,0,1,1,1,0.2777777777777778,26.242201626283457,1
74,1,1,0,0,0,1,1,0,0,0,1,0,1,1,1,1,0,0,1,1,0,0,0,0,1,1,0,1,0,0,0,0,0,1,1,1,0.3055555555555556,26.03247577457258,1
75,1,1,0,0,0,1,1,0,0,0,1,0,0,1,1,1,0,1,0,1,0,0,1,0,1,0,1,1,0,0,0,0,0,1,1,0,0.16666666666666666,19.53112503510796,1
76,0,0,1,1,0,0,0,1,0,1,0,1,1,0,0,0,0,1,1,0,1,0,1,1,1,1,0,0,1,0,1,0,0,0,0,0,0.19444444444444445,17.242010102783883,1
77,0,0,1,1,1,0,0,0,0,1,0,1,0,0,0,0,1,1,0,0,1,0,1,1,0,1,0,0,0,1,0,0,0,0,0,0,0.16666666666666666,17.27254843716261,1
78,0,0,1,1,0,0,0,1,0,1,0,1,0,0,0,0,1,1,0,0,1,0,1,1,0,1,0,0,1,0,1,0,0,0,0,0,0.2222222222222222,20.371658051201525,1
79,1,1,0,0,0,1,1,0,1,0,1,0,1,0,1,1,0,0,0,1,0,0,0,0,1,0,0,1,0,0,0,0,0,1,1,1,0.3055555555555556,17.93942874345501,1
80,1,1,0,0,0,1,1,0,1,0,1,0,1,1,1,1,0,0,1,1,0,0,0,0,0,1,1,1,0,0,0,0,0,1,1,1,0.25,26.69498455728713,1
81,1,1,0,0,1,0,1,0,1,0,0,0,1,1,1,1,0,0,0,1,0,0,0,0,1,1,1,1,0,0,0,0,0,1,1,0,0.19444444444444445,19.605857471023032,1
82,0,0,1,1,1,0,0,1,0,1,1,1,0,0,0,0,1,0,1,0,1,0,1,1,0,1,0,0,1,0,0,0,0,0,0,0,0.16666666666666666,16.971872678836792,1
83,0,1,0,0,0,1,1,0,1,0,1,0,1,1,1,1,0,0,1,1,0,0,0,0,0,1,1,1,0,0,0,0,0,1,1,0,0.2222222222222222,20.164584103211723,1
84,0,0,1,1,1,0,0,1,0,1,0,1,0,0,0,0,0,0,1,0,1,0,1,1,0,0,0,0,1,0,1,0,0,0,0,0,0.1388888888888889,10.211985369946609,1
85,0,0,1,1,1,0,1,1,0,1,0,0,0,0,0,0,0,0,0,0,1,0,1,1,0,1,0,0,0,0,0,1,0,0,0,0,0.1111111111111111,11.75226470956284,1
86,1,1,0,0,0,1,1,0,1,0,1,0,1,0,1,1,0,0,1,1,0,0,0,0,1,0,1,0,0,0,0,0,0,1,1,1,0.25,18.469594822985183,1
87,1,1,0,0,0,1,1,0,0,0,0,0,0,1,1,1,0,0,0,1,0,0,0,0,1,1,1,1,0,1,0,0,0,1,1,0,0.19444444444444445,27.803563830040567,1
88,1,1,0,0,0,1,1,0,1,0,1,0,1,1,1,1,0,0,1,1,0,0,0,0,1,1,0,1,0,1,0,0,0,1,1,0,0.25,30.68378703777517,1
89,1,1,0,0,0,1,1,0,1,0,1,0,1,1,1,1,0,0,1,1,0,0,0,0,1,1,1,1,0,0,0,0,0,1,1,0,0.3333333333333333,25.127547777354245,1
90,1,1,1,0,0,0,1,0,1,0,1,0,1,1,0,1,1,0,1,1,0,0,0,0,1,0,0,1,0,0,0,0,0,1,1,0,0.1111111111111111,17.273304276047703,1
91,0,1,0,0,1,1,1,0,1,0,1,0,1,1,1,1,0,0,1,1,0,0,0,0,1,1,1,1,0,0,0,0,0,1,1,1,0.2777777777777778,28.607171783627848,1
92,1,1,0,0,0,1,1,0,0,0,1,0,1,1,1,1,0,0,0,1,1,0,0,0,1,0,1,1,0,1,0,0,0,1,1,1,0.25,29.351347299405692,1
93,1,1,0,0,0,1,1,0,1,0,1,0,1,1,1,1,0,0,1,1,0,0,0,0,1,1,1,1,0,0,0,0,0,1,1,0,0.3333333333333333,25.127547777354245,1
94,1,1,0,0,0,1,1,0,1,0,1,0,1,1,1,1,0,0,1,1,0,0,0,0,1,1,1,1,0,0,0,0,0,1,1,0,0.3333333333333333,25.127547777354245,1
95,0,1,0,0,0,1,1,0,1,0,1,0,0,1,1,1,0,0,0,1,0,0,0,0,1,0,0,1,0,1,0,0,0,1,1,1,0.25,23.442965782481988,1
96,1,1,0,0,1,1,1,0,1,0,1,0,0,1,1,1,0,0,0,1,0,0,0,0,1,1,1,1,0,1,0,0,0,1,1,1,0.2777777777777778,37.08778858569729,1
97,1,1,0,0,0,1,1,0,1,0,0,0,1,1,1,1,0,0,1,1,0,0,0,0,0,1,1,1,0,0,0,0,1,1,1,1,0.3611111111111111,28.195013801425613,1
98,1,1,0,0,0,1,1,0,1,0,1,0,0,1,1,1,0,0,1,1,0,0,0,0,1,0,1,0,0,0,0,0,0,1,1,0,0.2222222222222222,20.24140322076741,1
