,0,1,2,3,4,5,6,7,8,9,10,11,12,13,14,15,16,17,18,19,20,21,22,23,24,25,26,27,28,29,30,31,32,33,34,35,36,37,38,39,40,41,42,43,44,45,46,47,48,49,50,51,52,53,chain_break_fraction,energy,num_occurrences
0,0,1,0,1,0,0,0,1,1,0,0,0,1,0,0,1,0,0,0,0,1,1,1,0,0,0,1,0,0,1,0,1,1,1,0,0,0,0,0,0,1,1,1,1,1,0,1,1,0,0,0,0,0,1,0.2777777777777778,569.9796972518367,1
1,1,1,0,1,1,0,0,1,1,0,0,0,1,0,0,0,0,0,1,0,0,1,1,0,0,0,1,0,0,0,1,1,1,1,0,0,0,0,0,0,1,1,1,1,1,0,1,1,0,0,0,0,0,1,0.24074074074074073,510.19892260620225,1
2,1,1,0,1,0,0,0,1,1,0,0,0,1,0,0,1,0,0,0,0,1,1,1,0,0,0,1,0,0,0,1,1,1,0,0,0,0,0,0,0,1,1,0,1,1,0,1,1,0,0,0,0,0,1,0.2777777777777778,418.42742059433385,1
3,0,1,0,1,0,0,0,1,1,1,0,0,1,0,0,1,0,0,0,0,0,1,1,0,0,0,1,0,0,1,1,1,1,0,0,0,0,0,0,0,1,1,1,1,1,0,1,1,0,0,0,1,0,1,0.2962962962962963,728.2747660639225,1
4,1,1,0,1,0,0,0,1,1,0,0,0,1,0,0,1,0,0,0,0,0,1,1,0,0,0,1,0,1,0,1,0,1,0,0,0,1,0,0,0,1,1,0,1,1,0,1,1,0,0,0,0,0,1,0.25925925925925924,515.0372378094518,1
5,0,1,0,1,0,0,0,1,1,0,1,0,1,0,0,1,0,0,0,0,0,1,1,0,0,0,1,0,0,0,1,1,1,0,0,0,0,0,0,0,1,1,1,0,1,0,1,0,0,1,0,0,0,1,0.25925925925925924,352.66314980802895,1
6,1,1,0,1,0,0,0,1,1,0,0,0,1,0,0,1,0,0,0,0,1,1,1,0,0,0,1,0,0,1,1,1,1,1,0,0,0,0,1,0,1,1,1,1,1,1,1,1,0,0,0,0,0,1,0.25925925925925924,839.1562512919672,1
7,1,1,0,1,0,0,0,1,1,0,0,0,1,0,0,1,0,0,0,0,0,1,1,0,0,0,1,0,1,0,1,0,1,0,0,0,0,0,0,0,1,1,1,1,1,1,1,1,0,0,0,0,0,1,0.2222222222222222,561.4385577433643,1
8,1,1,0,1,0,0,0,1,1,0,1,0,1,0,0,1,0,0,0,0,1,1,1,0,0,0,1,0,0,0,1,1,1,1,0,0,1,0,0,0,1,1,1,1,1,0,1,1,0,0,0,0,0,1,0.2962962962962963,452.1766304992481,1
9,1,1,0,1,0,0,0,1,1,0,0,0,1,0,0,1,0,0,1,0,0,1,1,0,0,0,1,0,0,0,1,0,1,1,0,0,0,0,0,0,1,1,1,1,1,0,1,0,1,0,0,1,0,1,0.24074074074074073,382.0950399852836,1
10,1,1,0,1,0,0,0,1,1,1,0,0,1,0,0,1,0,0,0,0,1,1,1,0,0,0,1,0,0,1,1,1,1,1,0,0,0,0,0,0,1,1,0,1,1,1,1,1,0,0,0,1,0,1,0.3333333333333333,591.6343237154068,1
11,1,1,0,1,0,0,0,1,1,0,1,0,1,0,0,1,0,0,0,0,1,1,1,0,0,0,1,0,0,0,1,1,1,0,0,0,0,0,0,0,1,1,1,1,1,0,1,1,0,0,0,0,0,1,0.3148148148148148,409.87767781448565,1
12,0,1,0,1,0,0,0,1,1,0,1,0,1,0,0,1,0,0,0,0,0,0,1,0,0,0,1,0,0,0,1,1,1,0,0,0,0,0,0,0,1,1,1,1,1,0,1,1,0,0,0,1,0,1,0.24074074074074073,568.5295732372392,1
13,1,0,0,1,0,0,0,1,1,0,1,0,1,0,0,1,0,0,0,0,1,1,1,0,0,0,1,0,0,1,1,1,1,1,0,0,0,0,0,0,1,1,1,1,1,0,1,1,0,0,0,0,0,1,0.25925925925925924,567.0500310149877,1
14,0,1,0,1,1,0,0,1,1,0,0,0,1,0,0,1,0,0,0,0,1,1,1,0,0,0,1,0,0,0,1,1,1,0,0,0,0,0,0,0,1,1,1,1,1,0,1,1,0,1,0,0,0,1,0.3333333333333333,480.32254540245924,1
15,0,1,0,1,0,0,0,1,1,1,0,0,1,0,0,1,0,0,0,0,1,0,1,0,0,0,1,0,0,0,1,1,1,1,1,0,0,0,0,0,1,1,0,1,1,1,1,1,0,0,0,0,0,1,0.25925925925925924,544.0761178897997,1
16,1,1,0,1,0,0,0,1,1,0,0,0,1,0,0,1,0,0,0,0,0,1,1,0,0,0,1,0,0,1,1,1,1,0,0,0,0,0,0,0,1,1,0,0,1,1,1,1,0,0,0,0,0,1,0.2777777777777778,590.879626519657,1
17,1,1,0,1,0,0,0,1,1,0,1,0,1,0,0,1,0,0,0,0,0,1,1,0,1,0,1,0,0,0,1,1,1,1,0,0,0,0,0,0,1,1,0,1,1,0,1,1,0,0,0,0,0,1,0.2962962962962963,459.7822868494674,1
18,1,1,0,1,0,0,0,1,1,0,0,0,1,0,0,0,0,0,0,0,0,0,1,0,0,0,1,0,0,0,0,1,1,0,0,0,0,0,0,0,1,1,1,1,1,0,1,1,0,1,0,0,0,1,0.3148148148148148,654.9870450916557,1
19,1,1,0,1,0,0,0,1,1,0,0,0,1,0,0,1,0,0,1,0,1,1,1,0,0,0,1,0,0,0,1,1,0,1,0,0,1,0,0,0,1,1,1,0,1,0,1,1,0,1,0,0,0,1,0.2222222222222222,351.02963166703415,1
20,0,1,0,1,1,0,0,1,1,0,0,0,1,0,0,1,0,0,1,0,1,1,1,0,0,0,1,0,0,0,1,1,1,1,0,0,0,0,0,0,1,1,0,1,1,0,1,0,0,1,0,1,0,1,0.2962962962962963,352.49300763478976,1
21,1,1,0,1,1,0,0,1,1,0,1,0,1,0,0,1,0,0,0,0,0,1,1,0,0,0,1,0,0,1,1,0,1,1,0,0,0,0,0,0,1,1,1,1,1,0,1,1,0,1,0,0,0,1,0.3148148148148148,578.7641323651748,1
22,1,0,0,1,0,0,0,1,1,0,0,0,1,0,0,1,0,0,1,0,1,0,1,0,0,0,1,0,1,0,1,1,1,1,0,0,0,0,0,0,1,1,1,0,1,0,1,1,0,0,0,0,0,1,0.3148148148148148,472.1202814300196,1
23,0,1,0,1,0,0,0,1,1,0,0,0,1,0,0,0,0,0,0,0,0,1,1,0,0,0,1,0,1,0,1,0,1,1,0,0,0,0,0,0,1,1,0,0,1,0,1,0,0,0,0,0,0,1,0.2962962962962963,327.6641593966159,1
24,1,1,0,1,0,0,0,1,1,0,1,0,1,0,0,1,0,0,0,0,1,1,1,0,0,0,1,0,0,0,1,0,1,1,0,0,0,0,0,0,1,1,1,1,1,0,1,1,0,0,0,1,0,1,0.2962962962962963,399.9893874897142,1
25,0,1,0,1,0,0,0,1,1,0,1,0,1,0,0,0,0,0,0,0,1,1,1,0,0,0,1,0,0,1,1,1,1,1,0,0,0,0,0,0,1,1,1,1,1,0,1,1,0,1,0,1,0,1,0.2962962962962963,709.8191971078542,1
26,0,1,0,1,0,0,0,1,1,0,0,0,1,0,0,0,0,0,0,0,1,1,1,0,1,0,1,0,1,0,1,1,1,1,1,0,0,0,0,0,1,1,0,1,1,0,1,0,0,0,0,0,0,1,0.2777777777777778,406.8580654690235,1
27,1,1,0,1,0,0,0,1,1,0,0,0,1,0,0,1,0,0,0,0,0,1,1,0,1,0,1,0,0,0,1,1,1,0,0,0,1,0,0,0,1,1,1,1,1,0,1,1,0,1,0,0,0,1,0.2777777777777778,647.4712258742786,1
28,1,1,0,1,0,0,1,1,1,1,0,0,1,0,0,1,0,0,1,0,0,1,1,0,0,0,1,0,0,0,0,1,1,0,0,0,0,0,0,0,1,1,1,1,1,0,1,1,0,1,0,0,0,1,0.2777777777777778,502.72110320878625,1
29,1,1,0,1,0,0,0,1,1,0,0,0,1,0,0,1,0,0,0,0,1,0,1,0,0,0,1,0,1,0,1,1,1,0,0,0,0,0,0,0,0,1,1,1,1,0,1,1,0,1,0,1,0,1,0.2962962962962963,546.0616165470428,1
30,1,1,0,1,0,0,0,1,1,0,0,0,1,0,0,0,0,0,1,0,0,1,1,0,0,0,1,0,0,0,1,0,1,1,0,0,0,0,0,0,1,1,1,0,1,0,1,1,0,1,0,0,0,1,0.2222222222222222,487.138689797937,1
31,1,1,0,1,0,0,0,1,1,0,0,0,1,0,0,1,0,0,0,0,1,1,1,0,0,0,1,0,1,0,1,1,1,1,0,0,0,0,0,1,1,1,1,0,1,0,1,1,0,1,0,0,0,1,0.2962962962962963,551.566065455056,1
32,0,1,0,1,0,0,0,1,1,0,0,0,1,0,0,0,0,0,1,0,1,1,1,0,1,0,1,0,0,0,1,1,1,1,0,0,0,0,0,0,1,1,1,1,1,0,1,1,0,1,0,0,0,1,0.3333333333333333,532.2586835449224,1
33,1,1,0,1,0,0,0,0,1,0,0,0,1,0,1,1,0,0,0,0,0,1,1,0,0,0,1,0,0,1,1,1,1,0,0,0,0,0,0,0,1,1,1,1,1,0,1,0,0,0,0,0,0,1,0.25925925925925924,467.22934946489204,1
34,1,1,0,1,0,0,0,1,1,1,0,0,1,0,0,0,0,0,1,0,1,1,1,0,0,0,1,0,0,1,0,1,1,1,0,0,0,0,0,0,1,1,0,0,1,0,1,1,0,1,0,0,0,1,0.2777777777777778,470.2831490140616,1
35,1,1,0,1,1,0,0,1,1,1,0,0,1,0,0,1,0,0,0,0,1,1,1,0,0,0,1,0,0,0,1,1,1,1,0,0,0,0,0,0,1,1,0,1,1,1,1,1,0,1,0,0,0,1,0.2962962962962963,466.9118951286895,1
36,1,1,0,1,0,0,0,0,1,0,0,0,1,0,0,1,0,0,0,0,0,1,1,0,1,0,1,0,1,0,1,1,1,0,0,0,0,0,0,0,1,1,1,1,1,1,1,1,0,0,0,0,0,1,0.2962962962962963,679.8807806299125,1
37,1,1,0,1,0,0,0,1,1,0,0,0,1,0,0,1,0,0,0,0,1,1,1,0,0,0,1,0,0,1,1,1,1,0,0,0,0,0,0,1,1,1,0,1,1,1,1,0,0,1,0,0,0,1,0.2777777777777778,494.69768751320646,1
38,0,1,0,1,0,0,0,1,1,1,0,0,1,0,0,1,0,0,0,0,1,0,1,0,1,0,1,0,1,0,1,1,1,0,0,0,0,0,0,0,1,1,1,1,1,0,1,0,0,0,0,0,0,1,0.2777777777777778,349.7387417843473,1
39,1,1,0,1,0,0,0,1,1,0,0,0,1,0,0,1,0,0,0,0,1,1,1,0,1,0,1,0,0,0,1,1,1,0,0,0,0,0,0,0,1,1,0,0,1,0,1,1,0,1,0,1,0,1,0.2962962962962963,431.9449891759849,1
40,1,1,0,1,0,0,0,1,1,1,0,0,1,0,0,1,0,0,0,0,1,1,1,0,0,0,1,0,0,0,1,0,1,0,0,0,0,0,0,0,1,1,0,0,1,0,1,0,0,1,0,1,0,1,0.24074074074074073,294.64565687187195,1
41,1,1,0,1,0,0,0,1,1,1,1,0,1,0,0,1,0,0,0,0,1,1,1,0,0,0,1,1,0,0,1,1,1,1,0,0,0,0,0,0,1,1,1,0,1,0,1,1,0,1,0,1,0,1,0.2962962962962963,443.65904941695055,1
42,0,1,0,1,0,0,0,1,1,1,0,0,1,0,0,0,0,0,0,0,1,1,1,0,0,0,1,0,0,1,1,1,1,0,0,0,0,0,0,0,1,1,0,1,1,0,1,1,0,1,0,0,0,1,0.2777777777777778,612.639753458215,1
43,1,1,0,1,0,0,0,1,1,0,1,0,1,0,0,1,0,0,0,0,0,1,1,0,1,0,1,0,1,1,1,1,1,1,0,0,0,0,0,0,1,1,0,1,1,0,1,1,1,0,0,1,0,1,0.2777777777777778,743.6225249517706,1
44,0,1,0,1,0,0,0,1,1,0,0,0,1,0,0,1,0,0,0,0,1,1,1,0,0,0,1,0,0,1,1,1,1,1,0,0,1,0,0,0,1,1,0,1,1,0,1,1,0,0,0,1,0,1,0.3333333333333333,653.1317080848374,1
45,1,1,0,1,0,0,0,1,1,0,1,0,1,0,0,1,0,0,1,0,0,0,1,0,1,0,1,0,0,0,1,1,1,1,0,0,0,0,0,1,1,1,1,1,1,0,1,1,0,1,0,0,0,1,0.3148148148148148,607.7160824210863,1
46,1,1,0,1,1,0,0,1,1,0,0,0,1,0,0,0,0,0,0,0,0,1,1,0,0,0,1,0,0,1,0,1,1,0,0,0,0,0,0,0,1,1,1,1,1,0,1,0,1,0,0,0,0,1,0.25925925925925924,460.1974356025756,1
47,1,1,0,1,0,0,0,1,1,0,0,0,1,0,0,0,0,0,0,0,0,1,1,0,0,0,1,0,0,1,1,1,1,1,0,0,0,0,0,1,1,1,1,1,1,0,1,1,0,1,0,0,0,1,0.35185185185185186,957.8488339050447,1
48,1,0,0,1,0,0,0,1,1,0,0,0,1,0,0,0,0,0,1,0,0,1,1,0,0,0,1,0,0,0,1,0,1,1,0,0,0,0,0,0,1,1,1,1,1,0,1,1,1,0,0,1,0,1,0.2222222222222222,617.0876809894881,1
49,0,1,0,1,1,0,0,1,1,1,1,0,1,0,0,0,0,0,1,0,0,1,1,0,0,0,1,0,0,1,1,0,1,1,0,0,0,0,0,0,1,1,1,1,1,0,1,1,1,0,0,1,0,1,0.25925925925925924,558.4167308885263,1
50,0,1,0,1,0,0,0,1,1,0,1,0,1,0,0,1,0,0,0,0,1,1,1,0,0,0,1,0,0,0,0,1,1,1,0,0,0,0,0,0,1,1,1,1,1,0,1,0,0,0,0,0,0,1,0.3333333333333333,311.03884647239505,1
51,1,1,0,1,0,0,0,1,1,1,0,0,1,0,0,0,0,0,1,0,0,1,1,0,0,0,1,0,0,0,1,1,1,0,0,0,0,0,0,0,1,1,1,1,1,0,1,0,0,1,0,0,0,1,0.3148148148148148,415.9658019209014,1
52,1,1,0,1,0,0,0,1,1,0,0,0,1,0,0,1,1,0,0,0,1,0,1,0,1,0,1,0,0,0,1,1,1,0,0,0,0,0,0,0,1,1,1,1,1,0,1,1,0,1,0,1,0,1,0.3333333333333333,515.0551383655643,1
53,1,1,0,1,0,0,0,1,1,0,0,0,1,0,0,1,0,0,0,0,1,1,1,0,1,0,1,0,0,0,1,0,1,1,0,0,0,0,0,0,1,1,1,1,1,0,1,1,0,1,0,0,0,1,0.3148148148148148,456.90912146669916,1
54,0,1,0,1,0,0,0,1,1,0,0,0,1,0,0,0,0,0,0,0,1,0,1,0,1,0,1,0,0,0,0,1,1,0,0,0,0,0,0,0,1,1,0,1,1,0,1,0,0,1,0,1,0,1,0.25925925925925924,376.58259150359555,1
55,1,1,0,1,0,0,0,1,1,1,0,0,1,0,0,1,0,0,1,0,1,0,1,0,0,0,1,0,0,1,0,1,1,1,0,0,0,0,0,0,1,1,0,0,1,0,1,1,0,1,0,1,0,1,0.2962962962962963,506.19147871198317,1
56,1,0,1,0,1,1,1,0,0,1,1,1,0,1,1,0,1,1,1,1,0,0,0,1,1,1,0,1,1,0,0,0,0,0,1,1,1,1,1,0,0,1,0,0,0,1,0,0,1,1,1,1,1,0,0.2962962962962963,495.2035411834994,1
57,0,1,0,1,1,0,1,1,1,0,1,0,1,0,0,0,0,0,0,0,1,1,1,0,1,0,1,0,0,1,1,1,1,1,0,0,0,0,0,0,1,1,1,1,1,1,1,1,0,1,0,0,0,1,0.25925925925925924,589.7570998319958,1
58,0,1,0,1,0,0,1,1,1,0,0,0,1,0,0,1,0,0,0,0,0,0,1,0,1,0,1,0,0,0,1,0,1,1,0,0,1,0,0,0,1,1,0,1,1,1,1,1,0,0,0,1,0,1,0.3148148148148148,579.249185367291,1
59,1,1,0,1,0,0,0,0,1,0,0,0,1,0,0,1,0,0,0,0,0,1,1,0,1,0,1,0,1,0,1,1,1,1,0,0,0,0,0,0,1,1,0,1,1,1,1,0,0,0,0,0,0,1,0.3333333333333333,471.6121143551572,1
60,1,1,0,1,1,0,0,1,1,1,0,0,1,0,0,1,0,0,0,0,1,1,1,0,0,0,1,0,0,1,0,1,1,0,0,0,0,0,0,0,1,1,1,1,1,0,1,1,0,1,0,0,0,1,0.2962962962962963,507.0707560404,1
61,1,1,0,1,0,0,0,1,1,0,0,0,1,0,0,1,0,0,0,0,0,1,1,0,0,0,1,0,0,0,1,0,1,0,1,0,0,0,0,0,1,1,0,1,1,0,1,1,0,1,0,1,0,1,0.3148148148148148,616.3349868717827,1
62,1,1,0,1,0,0,0,1,1,1,1,0,1,0,0,0,0,0,0,0,0,1,1,0,0,0,1,0,0,0,1,1,1,0,0,0,0,0,0,0,1,1,1,1,1,1,1,1,0,0,0,1,0,1,0.35185185185185186,550.8601623289967,1
63,0,1,0,1,0,0,0,1,1,0,0,0,1,0,0,0,0,0,0,0,0,0,1,0,0,0,1,0,0,0,0,0,1,1,0,0,0,0,0,0,1,1,1,0,1,1,1,0,0,1,0,0,0,1,0.2777777777777778,401.07820027718566,1
64,1,1,0,1,0,0,0,1,1,0,0,0,1,0,0,1,0,0,1,0,1,1,1,0,0,0,1,0,1,0,1,0,1,1,0,0,1,0,0,1,1,1,1,0,1,0,1,1,1,1,0,0,0,1,0.25925925925925924,513.1502393648694,1
65,1,1,0,1,0,0,0,1,1,0,0,0,1,0,0,1,0,0,0,0,0,0,1,0,0,0,1,0,0,0,1,1,1,0,0,0,0,0,0,0,1,1,1,0,1,1,1,1,0,1,0,0,0,1,0.3148148148148148,617.4723380303922,1
66,1,1,0,1,0,0,0,1,1,0,0,0,1,0,0,1,0,0,0,0,1,1,1,0,0,0,1,0,0,1,1,1,1,0,0,0,0,0,0,1,0,1,1,1,1,0,1,1,0,1,0,1,0,1,0.3333333333333333,632.1993788699401,1
67,1,1,0,1,0,0,0,1,1,1,0,0,1,0,0,1,0,0,0,0,1,1,1,0,1,0,1,0,0,0,1,1,1,1,0,0,0,0,0,0,1,1,1,1,1,0,1,1,1,0,1,0,0,1,0.2962962962962963,616.5248111699941,1
68,1,1,0,1,0,0,0,1,1,0,0,0,1,0,0,1,0,0,1,0,1,1,1,0,0,0,1,0,0,1,0,1,1,0,1,0,0,0,0,0,1,1,1,0,1,0,1,1,0,0,0,0,0,1,0.3148148148148148,473.25105910723545,1
69,1,1,0,1,0,0,0,1,1,0,0,0,1,0,0,1,0,0,0,0,0,1,1,0,0,0,1,0,0,0,1,1,1,0,1,0,0,0,0,0,1,1,0,1,1,0,1,1,1,1,0,0,0,1,0.3333333333333333,713.6498303533062,1
70,0,0,1,0,1,1,1,0,0,1,1,1,0,1,0,0,1,1,1,1,1,1,0,1,0,1,1,1,1,1,0,0,0,0,1,1,1,1,1,1,0,1,0,0,0,1,0,1,1,1,1,1,1,0,0.3333333333333333,479.2271227187162,1
71,1,0,0,1,0,0,0,1,1,0,0,0,1,0,0,1,0,0,0,0,0,0,1,0,1,0,1,0,0,1,1,1,1,0,0,0,1,0,0,0,1,1,1,1,1,1,1,1,0,0,0,1,0,1,0.2777777777777778,940.0523724914306,1
72,1,1,0,1,0,0,0,1,1,0,0,0,1,0,0,0,0,0,0,0,0,1,1,0,0,0,1,0,1,0,1,1,1,1,0,0,0,0,0,0,1,1,0,1,1,0,1,1,1,0,0,0,0,1,0.3333333333333333,678.1083446703793,1
73,1,1,0,1,0,0,0,1,1,0,0,0,1,0,0,1,0,0,0,0,1,1,1,0,0,0,1,0,1,0,1,1,1,0,0,0,1,0,0,1,1,1,0,1,1,0,1,1,1,0,0,1,0,1,0.2962962962962963,596.8448429086222,1
74,0,1,0,1,0,0,1,1,1,0,0,0,1,0,0,0,0,0,0,0,0,1,1,0,0,0,1,0,1,0,1,0,1,1,0,0,0,0,0,0,1,1,1,1,1,0,1,0,0,0,0,1,0,1,0.2962962962962963,441.21554799518265,1
75,1,1,0,1,1,0,0,1,1,0,1,0,1,0,0,1,0,0,0,0,1,0,1,0,0,0,1,0,0,0,0,0,1,1,0,0,0,0,0,0,1,1,1,0,1,0,1,1,1,1,0,1,0,1,0.2962962962962963,383.557614339295,1
76,0,0,1,0,1,1,1,0,0,0,1,1,0,1,1,0,1,1,1,1,1,0,0,1,0,1,0,1,1,0,1,1,0,0,1,1,1,1,1,1,0,0,0,0,0,1,0,0,1,1,1,1,1,0,0.25925925925925924,520.9342999815369,1
77,0,1,0,1,0,0,0,1,1,0,0,0,1,0,0,1,0,0,1,0,1,1,1,0,0,0,1,0,0,0,1,1,1,1,0,0,0,0,0,1,1,1,1,1,1,0,1,1,0,1,0,0,0,1,0.3333333333333333,566.7861911377107,1
78,1,1,0,1,0,0,0,1,1,0,1,0,1,0,0,1,0,0,1,0,1,1,1,0,1,0,1,0,1,1,1,0,1,1,0,0,0,0,0,0,1,1,1,1,1,1,1,1,1,0,0,1,0,1,0.3148148148148148,562.5532158301461,1
79,1,1,0,1,0,0,0,1,1,0,0,0,0,0,0,0,0,0,1,0,0,0,1,0,1,0,1,0,0,0,0,1,1,1,0,0,0,0,0,0,1,1,1,0,1,0,1,1,0,1,0,1,0,1,0.25925925925925924,599.2801834748332,1
80,0,0,1,0,1,1,1,0,0,1,1,1,0,1,0,0,1,1,1,1,0,0,0,1,1,1,0,1,0,1,0,0,0,1,1,1,1,1,1,1,0,0,0,0,0,1,0,1,0,1,1,1,1,0,0.3148148148148148,362.1535206498437,1
81,1,1,0,1,0,0,0,1,1,0,0,0,1,0,0,1,0,0,1,0,1,1,1,0,0,0,1,0,1,0,1,0,1,1,0,0,0,0,0,0,1,1,1,1,1,0,1,1,1,1,0,1,0,1,0.3148148148148148,557.6370034125258,1
82,1,1,0,1,0,0,0,0,1,1,0,0,1,0,0,1,0,0,0,0,1,1,1,0,0,0,1,1,1,0,1,1,1,1,0,0,0,0,0,0,1,1,1,1,1,1,1,0,1,0,0,0,0,1,0.2777777777777778,453.3817154663208,1
83,1,0,1,0,1,1,1,0,0,1,1,1,0,1,0,0,1,1,1,1,0,0,0,1,1,1,0,1,1,1,1,0,0,0,1,1,1,1,1,0,0,1,0,0,0,0,0,1,1,1,1,1,1,0,0.2777777777777778,409.8183650648229,1
84,0,1,0,1,1,0,0,1,1,1,0,0,1,0,0,0,1,0,0,0,0,1,1,0,0,0,1,0,0,0,1,1,1,0,0,0,0,0,0,0,1,1,0,1,1,0,1,1,0,0,0,0,0,1,0.2777777777777778,428.1868480620962,1
85,1,1,0,1,0,0,0,0,1,0,0,0,1,0,0,1,0,0,0,0,1,0,1,0,1,0,1,0,1,0,1,0,1,0,0,0,0,0,0,1,1,1,1,1,1,0,1,1,0,1,0,1,0,1,0.25925925925925924,613.7238216287109,1
86,1,1,0,1,0,0,0,0,1,0,0,0,1,0,0,1,0,0,0,0,1,0,1,0,0,0,1,0,1,0,1,0,1,1,0,0,0,0,0,0,1,1,0,0,1,0,1,1,1,0,0,0,0,1,0.2777777777777778,427.6180400959256,1
87,1,1,0,1,0,0,0,0,0,0,0,0,1,0,0,1,1,0,1,0,1,1,1,0,0,0,1,0,0,0,1,1,1,0,0,0,0,0,0,0,1,1,0,1,1,0,1,0,0,1,0,0,0,1,0.2962962962962963,341.9452413663604,1
88,0,0,0,1,0,0,0,1,1,0,0,0,1,0,0,1,0,0,1,0,1,1,1,0,0,0,1,0,0,1,0,0,1,1,0,0,0,0,0,0,1,1,1,1,1,0,1,1,1,0,0,1,0,1,0.3148148148148148,579.6321437582828,1
89,1,1,0,1,0,0,0,1,1,0,1,0,1,0,0,0,0,0,0,0,1,1,1,0,0,0,1,1,0,0,1,1,1,1,0,0,0,0,0,0,1,1,0,1,1,0,1,1,1,1,0,1,0,1,0.2962962962962963,564.5021559777892,1
90,1,1,0,1,0,0,0,1,1,0,0,0,1,0,0,1,1,0,1,0,1,1,1,0,0,0,1,0,0,1,0,1,1,0,0,0,0,0,0,0,1,1,1,1,1,1,1,0,0,1,0,1,0,1,0.2777777777777778,430.78367368598975,1
91,0,1,0,1,0,0,0,1,1,0,1,0,1,0,0,1,0,0,0,0,0,1,1,0,0,0,1,0,0,1,0,0,1,1,0,0,1,0,0,0,1,1,1,1,1,1,1,1,1,0,0,1,0,1,0.3148148148148148,725.5368354954066,1
92,0,1,0,1,1,0,0,1,1,1,0,0,1,0,0,1,0,0,0,0,0,1,1,0,0,0,1,0,1,0,1,1,1,0,0,0,0,0,0,1,1,1,1,1,1,0,1,1,1,0,0,0,0,1,0.35185185185185186,612.9801538007687,1
93,1,1,0,1,0,0,0,1,1,1,0,0,1,0,0,1,0,0,0,0,0,1,1,0,1,0,1,0,0,0,1,1,1,0,0,0,0,0,0,0,1,1,1,0,1,1,1,1,0,0,0,0,0,1,0.3333333333333333,456.57859539059154,1
94,1,1,0,1,0,0,0,1,1,0,0,0,1,0,0,1,0,0,0,0,1,1,1,0,1,0,1,0,1,0,1,1,1,1,0,0,1,0,0,0,1,1,0,1,1,1,1,1,0,0,0,1,0,1,0.3148148148148148,567.4761638924844,1
95,0,0,1,0,1,1,1,0,0,1,1,1,0,1,1,0,1,1,0,1,1,1,0,1,1,1,0,1,1,0,0,0,0,1,1,1,1,1,1,1,0,0,0,1,0,0,0,0,0,1,1,0,1,0,0.3333333333333333,694.1766590044795,1
96,0,0,1,0,0,1,1,0,0,1,0,1,0,1,1,0,1,1,0,1,1,0,0,1,1,1,0,0,1,1,1,0,0,1,1,1,1,1,1,0,0,1,0,0,0,1,0,1,1,1,1,1,1,0,0.2777777777777778,456.38217867733226,1
97,0,1,0,1,0,0,0,1,1,0,0,0,1,0,0,0,0,0,0,0,1,0,1,0,1,0,1,0,0,0,1,0,1,1,0,0,0,0,0,0,1,1,0,1,1,0,1,1,1,1,0,0,0,1,0.3148148148148148,512.450324388522,1
98,1,1,0,1,0,0,0,1,1,0,0,0,1,0,0,1,0,0,0,0,1,0,1,0,1,0,1,0,0,0,0,1,1,1,0,0,0,0,0,0,1,1,1,1,1,1,1,1,0,0,0,1,0,1,0.3888888888888889,510.32347314788836,1
99,0,1,0,1,0,0,0,0,1,0,0,0,1,0,0,0,0,0,1,0,1,1,1,0,1,0,1,1,0,0,1,1,1,0,0,0,0,0,0,1,1,1,1,0,1,1,1,1,1,1,0,1,0,1,0.2777777777777778,652.5408019694955,1
