,0,1,2,3,4,5,6,7,8,9,10,11,12,13,14,15,16,17,18,19,20,21,22,23,24,25,26,27,28,29,30,31,32,33,34,35,chain_break_fraction,energy,num_occurrences
0,1,0,1,1,0,0,0,1,0,0,1,0,0,1,0,0,0,1,1,1,0,1,0,0,1,1,1,0,0,1,1,1,1,1,0,0,0.2777777777777778,29.08419703480935,1
1,1,0,1,1,0,0,1,1,0,0,1,0,0,1,0,0,0,1,1,1,0,1,0,0,1,1,1,0,0,1,1,1,1,1,0,0,0.3333333333333333,27.12258036157155,1
2,1,0,1,1,0,0,0,1,0,0,1,0,0,1,0,0,0,1,1,1,0,1,0,0,1,1,1,0,0,0,1,0,1,1,0,0,0.2777777777777778,11.111514745843527,1
3,1,0,1,1,0,0,1,1,0,0,1,0,0,1,0,0,0,1,1,1,0,1,0,0,1,1,1,0,0,1,1,1,1,1,0,0,0.2777777777777778,27.12258036157155,1
4,1,0,1,1,0,0,0,1,0,0,1,0,0,1,0,0,0,1,1,1,0,0,0,0,1,1,1,0,0,0,1,1,1,1,0,0,0.2222222222222222,12.121443813407645,1
5,1,0,1,1,0,0,0,1,0,0,1,0,0,1,0,0,0,1,1,1,0,1,0,0,1,1,1,0,0,1,1,1,1,1,0,0,0.3055555555555556,29.08419703480935,2
6,1,0,1,1,0,0,1,1,0,0,1,0,0,1,0,0,0,1,1,1,0,1,0,0,1,1,1,0,0,1,1,1,1,1,0,0,0.2777777777777778,27.12258036157155,1
7,1,0,1,1,0,0,0,1,0,0,1,0,0,1,0,0,1,1,1,1,0,1,0,0,1,1,1,0,0,1,1,1,1,1,0,0,0.3055555555555556,25.294523010610973,1
8,1,0,1,1,1,0,0,1,0,0,1,0,0,1,0,0,0,1,1,1,0,1,0,0,1,1,1,0,0,0,1,0,1,1,0,0,0.3055555555555556,10.059866936396427,1
9,1,0,1,1,0,0,1,1,0,0,1,0,0,1,0,0,0,1,1,1,0,1,0,0,1,1,1,0,0,1,1,1,1,1,1,0,0.2777777777777778,29.10831967285552,1
10,1,0,1,1,0,0,1,1,0,0,1,0,0,1,0,0,0,1,1,1,0,1,0,0,1,1,1,0,0,1,1,1,1,1,0,0,0.3888888888888889,27.12258036157155,1
11,1,0,1,1,0,0,0,1,0,0,1,0,0,1,0,0,0,1,1,1,0,1,0,0,1,1,1,0,0,1,1,1,1,1,0,0,0.2777777777777778,29.08419703480935,1
12,1,0,1,1,0,0,0,1,0,0,1,0,0,1,0,0,0,1,1,1,0,1,0,0,1,1,1,0,0,0,1,0,1,0,0,0,0.2222222222222222,5.726965961071812,1
13,1,0,1,1,0,0,0,1,0,0,1,0,0,1,0,0,1,1,1,1,0,1,0,0,1,1,1,0,0,1,1,1,1,1,0,0,0.2777777777777778,25.294523010610973,1
14,1,0,1,1,0,0,1,1,0,0,1,0,0,1,0,0,0,1,1,1,0,1,0,0,1,1,1,0,0,1,1,1,1,1,0,0,0.3055555555555556,27.12258036157155,1
15,1,0,1,1,1,0,1,1,0,0,1,0,0,1,0,0,0,1,1,1,0,1,0,0,1,1,1,0,0,1,1,1,1,1,0,0,0.3611111111111111,24.566750169644934,1
16,1,0,1,1,0,0,0,1,0,0,1,0,0,1,0,0,0,1,1,1,0,1,0,0,1,1,0,0,0,0,1,0,1,1,0,0,0.2777777777777778,9.102092002398035,1
17,1,0,1,1,0,0,0,1,0,0,1,0,0,1,0,0,0,1,1,1,0,0,0,0,1,1,1,0,0,1,1,1,1,1,0,0,0.2777777777777778,20.786370137116023,1
18,0,1,0,0,1,1,0,0,1,0,0,1,1,0,1,1,1,1,0,1,1,0,1,1,0,1,0,1,1,0,0,0,0,1,1,1,0.3055555555555556,15.583914812047182,1
19,0,1,0,0,0,1,1,0,1,0,0,1,1,0,1,1,1,1,0,1,1,0,1,1,0,1,0,1,1,0,0,0,0,1,1,1,0.25,14.098516726687182,1
20,1,0,1,1,0,0,0,1,0,0,1,0,0,1,1,0,0,1,1,1,0,1,0,0,1,1,1,0,0,1,1,0,1,1,1,0,0.3333333333333333,19.57486118643133,1
21,1,0,1,1,0,0,0,1,0,0,1,0,0,1,0,0,0,1,1,1,0,1,0,0,1,1,1,0,0,0,1,0,1,1,0,0,0.2777777777777778,11.111514745843527,1
22,1,0,1,1,1,0,1,1,0,1,1,0,0,1,0,0,0,1,1,1,0,1,0,0,1,1,1,0,0,1,1,1,1,1,1,0,0.2777777777777778,22.839782297929116,1
23,1,0,1,1,0,0,1,1,0,0,1,0,0,1,0,0,0,1,1,1,0,1,0,0,1,1,1,0,0,1,1,1,1,1,1,0,0.3055555555555556,29.10831967285552,1
24,1,0,1,1,0,0,0,1,0,0,1,0,0,1,0,0,0,1,1,1,0,0,0,0,1,1,1,0,0,1,1,1,1,1,0,0,0.3055555555555556,20.786370137116023,1
25,0,1,0,0,1,1,1,0,1,0,0,1,1,0,1,1,1,1,0,1,1,0,1,1,0,1,0,1,1,0,0,0,0,1,1,1,0.3055555555555556,15.134489638436117,1
26,1,0,1,1,0,0,1,1,0,0,1,0,0,1,0,0,0,1,1,1,0,1,0,0,1,1,1,0,0,1,1,1,1,1,1,0,0.4166666666666667,29.10831967285552,1
27,1,0,1,1,0,0,0,1,0,1,1,0,0,1,0,0,0,1,1,1,0,1,0,0,1,1,1,0,0,1,1,0,1,1,1,0,0.25,17.80979224381004,1
28,1,0,1,1,0,0,1,1,0,0,1,0,0,1,0,0,0,1,1,1,0,1,0,0,1,1,1,0,0,1,1,1,1,1,0,0,0.3055555555555556,27.12258036157155,1
29,1,0,1,1,0,0,0,1,0,0,1,0,0,1,0,0,0,1,1,1,0,1,0,0,1,1,1,0,0,0,0,1,1,1,0,0,0.25,14.322972239079727,1
30,0,1,0,0,1,1,1,0,1,0,0,1,1,0,1,1,1,1,0,1,1,0,1,1,0,1,0,1,1,0,0,0,0,1,1,1,0.3611111111111111,15.134489638436117,2
31,1,0,1,1,0,0,0,1,0,1,1,0,0,1,0,0,0,1,1,1,0,1,0,0,1,1,1,0,0,0,1,1,1,1,0,0,0.2777777777777778,14.641052151863974,1
32,0,1,0,0,1,1,0,0,1,0,0,1,1,0,1,1,1,1,0,1,1,0,1,1,0,1,0,1,1,0,0,0,0,1,1,1,0.25,15.583914812047182,1
33,0,1,0,0,1,1,0,0,1,0,0,1,1,0,1,1,1,1,0,1,1,0,1,1,0,1,0,1,1,0,0,0,0,1,1,1,0.3333333333333333,15.583914812047182,1
34,0,1,0,0,0,1,0,0,1,0,0,1,1,0,1,1,1,1,0,1,1,0,1,1,0,1,0,1,1,0,0,0,0,1,0,1,0.3055555555555556,13.99657426978777,1
35,0,1,0,0,1,1,1,0,1,0,0,1,1,0,1,1,1,1,0,1,1,0,1,1,0,1,0,1,1,0,0,0,0,1,1,1,0.3611111111111111,15.134489638436117,1
36,1,0,1,1,0,0,0,1,0,0,1,0,0,1,0,0,0,1,1,1,0,1,0,0,1,1,0,0,0,0,0,1,1,1,0,0,0.25,11.487332431973796,1
37,0,1,0,0,1,1,0,0,1,0,0,1,1,0,1,1,1,1,0,1,1,0,1,1,0,1,0,1,1,0,0,0,0,1,1,1,0.3611111111111111,15.583914812047182,1
38,0,1,0,0,1,1,1,0,1,0,0,1,1,0,1,1,1,1,0,1,1,0,1,1,1,1,0,1,1,0,0,0,0,1,1,1,0.3055555555555556,16.95951350814454,1
39,1,0,1,1,0,0,1,1,0,0,1,0,0,1,0,0,0,1,1,1,0,1,0,0,1,1,1,0,0,0,1,1,1,1,0,0,0.3055555555555556,16.57282583462065,1
40,1,0,0,1,0,0,0,1,0,0,1,0,0,1,0,0,0,1,1,1,0,1,0,0,1,1,1,0,0,1,1,1,1,1,0,0,0.3333333333333333,33.44717905008728,1
41,1,0,1,1,0,0,0,1,0,1,1,0,0,1,0,0,0,1,1,1,0,0,0,0,1,1,1,0,0,1,1,0,1,0,1,0,0.25,7.400066093280753,1
42,0,1,0,0,0,1,1,0,1,0,0,1,1,0,1,1,1,1,0,1,1,0,1,1,0,1,0,1,1,0,0,0,0,1,1,1,0.3055555555555556,14.098516726687182,1
43,1,0,1,1,0,0,0,1,1,0,1,0,0,1,0,0,0,1,1,1,0,1,0,0,1,1,1,0,0,1,1,1,1,0,0,0,0.3333333333333333,15.662141405769194,1
44,1,0,1,1,1,0,0,1,0,1,1,0,0,1,0,0,0,1,1,1,0,1,0,0,1,1,1,0,0,1,1,0,1,1,0,0,0.3333333333333333,17.004840310092987,1
45,0,1,0,0,1,1,1,0,1,0,0,1,1,0,1,1,1,1,0,1,1,0,1,1,0,1,0,1,1,0,0,0,0,1,1,1,0.3333333333333333,15.134489638436117,1
46,0,1,0,0,1,1,1,0,1,0,0,1,1,0,1,1,1,1,0,1,1,0,1,1,0,1,0,1,1,0,0,0,0,1,0,1,0.2777777777777778,15.090366018518717,1
47,0,1,0,0,1,1,1,0,1,0,0,1,1,0,1,1,1,1,0,1,1,0,1,1,0,1,0,1,1,0,0,0,0,1,0,1,0.3055555555555556,15.090366018518717,1
48,1,0,1,1,0,0,1,1,0,0,1,0,0,1,0,0,0,1,1,1,0,1,0,0,1,1,1,0,0,1,1,1,1,1,1,0,0.2777777777777778,29.10831967285552,1
49,0,1,0,0,1,1,1,0,1,0,0,1,1,0,1,1,1,1,0,1,1,0,1,1,0,1,0,1,1,0,0,0,0,1,1,1,0.2777777777777778,15.134489638436117,1
50,0,1,0,0,0,1,0,0,1,0,0,1,1,0,1,1,1,1,0,1,1,0,1,1,0,1,0,1,1,0,0,0,0,1,1,1,0.3333333333333333,15.047941900299618,1
51,0,1,0,0,0,1,1,0,1,0,0,1,1,0,1,1,1,1,0,1,1,0,1,1,0,1,0,1,1,1,0,0,0,1,0,1,0.25,20.691559994778533,1
52,1,0,1,1,0,0,0,1,0,0,1,0,0,1,0,0,0,1,1,1,0,1,0,0,1,1,0,0,0,1,1,0,1,0,0,0,0.2777777777777778,8.986332661132899,1
53,0,1,0,0,0,1,0,0,1,0,0,1,1,0,1,1,1,1,0,1,1,0,1,1,0,1,0,1,1,0,0,0,0,1,1,1,0.3055555555555556,15.047941900299618,1
54,1,0,0,1,0,0,1,1,0,0,1,0,0,1,0,0,0,1,1,1,0,1,0,0,1,1,1,0,0,0,1,1,1,1,0,0,0.3333333333333333,19.404767076689108,1
55,0,1,0,0,0,1,0,0,1,0,0,1,1,0,1,1,1,1,0,1,1,0,1,1,0,1,0,1,1,0,0,0,0,1,0,1,0.3333333333333333,13.99657426978777,1
56,1,0,1,1,0,0,1,1,0,0,1,0,0,1,0,0,0,1,1,1,0,1,0,0,1,1,1,0,0,1,1,1,1,0,1,0,0.2222222222222222,18.037941691855018,1
57,0,1,0,0,0,1,1,0,1,0,0,1,1,0,1,1,1,1,0,1,1,0,1,1,0,1,0,1,1,0,0,0,0,1,1,1,0.3333333333333333,14.098516726687182,1
58,1,0,1,1,0,0,0,1,0,1,1,0,0,1,0,0,0,1,1,1,0,0,0,0,1,1,1,0,0,0,0,1,1,1,0,0,0.25,10.15647489975175,1
59,0,1,1,0,0,1,1,0,1,0,0,1,1,0,1,1,1,1,0,1,1,0,1,1,0,1,0,1,1,0,0,0,0,1,1,1,0.3333333333333333,13.805354473491166,1
60,1,0,1,1,0,0,0,1,0,0,1,0,0,1,0,0,0,1,1,1,0,1,0,0,1,1,1,0,0,1,1,1,1,1,1,0,0.3055555555555556,31.577167728148677,1
61,0,1,0,0,1,1,0,0,1,0,0,1,1,0,1,1,1,1,0,1,1,0,1,1,0,1,0,1,1,0,0,0,0,1,0,1,0.3055555555555556,15.032559810074416,1
62,1,0,1,1,0,0,0,1,0,0,1,0,0,1,0,0,0,1,1,1,0,1,0,0,1,1,0,0,0,1,1,0,1,1,1,0,0.2222222222222222,17.759453930640536,1
63,1,0,1,1,0,0,0,1,0,1,1,0,0,1,0,0,0,1,1,1,0,0,0,0,1,1,1,0,0,0,1,0,1,1,1,0,0.2777777777777778,7.298550597455337,1
64,0,1,0,0,1,1,0,0,1,0,0,1,1,0,1,1,1,1,0,1,1,0,1,1,0,1,0,1,1,0,0,0,0,1,1,1,0.2777777777777778,15.583914812047182,1
65,1,0,1,1,0,0,1,1,0,0,1,0,0,1,0,0,0,1,1,1,0,1,0,0,1,1,1,0,0,1,1,1,1,1,0,0,0.3611111111111111,27.12258036157155,1
66,0,1,0,0,1,1,1,0,1,0,0,1,1,0,1,1,1,1,0,1,1,0,1,1,0,1,0,1,1,0,0,0,0,1,1,1,0.2777777777777778,15.134489638436117,1
67,1,0,1,1,0,0,1,1,0,1,1,0,0,1,0,0,0,1,1,1,0,1,0,0,1,1,1,0,0,1,1,1,1,1,0,0,0.3333333333333333,23.171219982017945,1
68,1,0,1,1,1,0,1,1,0,0,1,0,0,1,0,0,0,0,1,1,0,1,0,0,1,1,1,0,0,0,1,0,1,1,0,0,0.25,13.715724942643977,1
69,0,0,0,0,0,1,1,0,1,1,0,1,1,0,1,1,1,1,0,1,1,0,1,1,0,1,0,1,1,0,0,0,0,1,1,1,0.2777777777777778,17.32978517978094,1
70,1,0,1,1,1,0,1,1,0,0,1,0,0,1,0,0,0,1,1,1,0,1,0,0,1,1,1,0,0,1,1,0,1,1,1,0,0.4444444444444444,18.237891055568372,1
71,1,0,1,1,0,0,1,1,0,0,1,0,0,1,1,0,0,1,1,1,0,1,0,0,1,1,1,0,0,0,1,1,1,1,0,0,0.2777777777777778,14.74088459255218,1
72,0,1,0,0,0,1,1,0,1,0,0,1,1,0,1,1,1,1,0,1,1,0,1,1,1,1,0,1,1,0,0,0,0,1,1,1,0.3611111111111111,16.423541629843193,1
73,0,1,0,0,0,1,1,0,1,0,0,1,1,0,1,1,1,1,0,1,1,0,1,1,0,1,0,1,1,0,0,0,0,1,0,1,0.2777777777777778,13.554380478230696,1
74,1,0,1,1,0,0,0,1,1,0,1,0,0,1,0,0,0,1,1,1,0,1,0,0,1,1,1,0,0,0,1,1,1,1,0,0,0.3055555555555556,15.08774094208996,1
75,0,0,1,1,0,0,0,1,0,0,1,0,0,1,0,0,0,1,1,1,0,1,0,0,1,1,0,0,0,1,1,0,1,1,0,0,0.2777777777777778,18.670684821214618,1
76,0,1,0,0,1,1,0,0,1,0,0,1,1,0,1,1,1,1,0,1,1,0,1,1,0,1,0,1,1,1,0,0,0,1,0,1,0.3055555555555556,22.165571786579097,1
77,1,0,1,1,1,0,0,1,0,0,1,0,0,1,1,0,0,1,1,1,0,0,0,0,1,1,0,0,0,1,1,0,1,0,1,0,0.2777777777777778,6.577627288909139,1
78,1,0,1,1,0,0,0,1,0,0,1,0,0,1,0,0,1,1,1,1,0,0,0,0,1,1,1,0,0,1,1,1,1,1,1,0,0.3611111111111111,18.80558788876294,1
79,1,0,1,1,0,0,0,1,0,0,1,0,0,1,0,0,0,1,1,1,0,1,0,0,1,1,1,0,0,1,1,1,1,1,0,0,0.3333333333333333,29.08419703480935,1
80,1,0,1,1,0,0,1,1,0,1,1,0,0,1,0,0,0,1,1,1,0,1,0,0,1,1,0,0,0,1,1,1,1,0,1,0,0.3055555555555556,12.342196861788704,1
81,0,0,0,0,0,1,0,0,1,0,0,1,1,0,1,1,1,1,0,1,1,0,1,1,0,1,0,1,1,0,0,1,0,1,0,1,0.3055555555555556,24.223193573009755,1
82,1,0,1,1,0,0,1,1,0,0,1,0,0,1,0,0,0,1,1,1,0,0,0,0,1,1,0,0,0,1,1,1,1,0,1,0,0.2222222222222222,9.575317179423324,1
83,0,1,0,0,1,1,1,0,0,1,0,1,1,0,1,1,1,1,0,1,1,0,1,1,0,1,0,1,1,0,0,0,0,1,0,1,0.3055555555555556,18.16287755042118,1
84,0,1,1,0,0,1,1,0,1,0,0,1,1,0,1,1,1,1,0,1,1,0,1,1,0,1,0,1,1,0,0,0,0,1,1,1,0.3333333333333333,13.805354473491166,1
85,1,0,1,1,0,0,1,1,0,0,1,0,0,1,0,0,0,1,1,1,0,1,0,0,1,1,0,0,0,1,0,1,1,1,0,0,0.3055555555555556,19.409712323857015,1
86,1,0,1,1,0,0,1,1,0,0,1,0,0,1,0,0,0,1,1,1,0,1,0,0,1,1,0,0,0,1,1,1,1,1,0,0,0.3333333333333333,22.488818961143952,1
87,0,1,0,0,1,1,1,0,1,0,0,1,1,0,1,1,1,1,0,1,1,0,1,1,0,1,0,1,1,0,0,0,0,1,0,1,0.3333333333333333,15.090366018518717,1
88,1,0,1,1,0,0,1,1,1,0,1,0,0,1,0,0,0,1,1,1,0,1,0,0,1,1,1,0,0,1,0,1,1,1,1,0,0.4166666666666667,21.725061008424905,1
89,1,0,1,1,0,0,0,1,0,0,1,0,0,1,0,0,0,1,1,1,0,0,0,0,1,1,1,0,0,1,1,1,1,1,1,0,0.3055555555555556,22.075392240717438,1
90,0,1,0,0,1,1,0,0,1,0,0,1,1,0,1,1,0,1,0,1,1,0,1,1,0,1,0,1,1,0,0,0,0,1,0,1,0.3333333333333333,15.177658475570398,1
91,0,1,0,0,1,1,0,0,1,0,0,1,1,0,1,1,1,1,0,1,1,0,1,1,0,1,0,1,1,0,0,0,0,1,0,1,0.3333333333333333,15.032559810074416,1
92,0,1,0,0,0,1,0,0,1,0,0,1,0,0,1,1,1,1,0,1,1,0,1,1,0,1,0,1,1,0,0,0,0,1,1,1,0.3333333333333333,17.60358460803561,1
93,0,1,0,0,1,1,0,0,1,0,0,1,1,0,1,1,1,1,0,1,1,0,1,1,0,1,0,1,1,0,0,0,0,1,1,1,0.4166666666666667,15.583914812047182,1
94,0,0,0,0,1,1,1,0,1,0,0,1,1,0,1,1,0,1,0,1,1,0,1,1,0,1,1,1,1,0,0,0,0,1,0,1,0.3055555555555556,19.011971723495925,1
95,0,1,0,0,0,1,1,0,1,1,0,1,1,0,1,1,1,1,0,1,1,0,0,1,0,1,0,1,1,0,0,1,0,1,1,1,0.3055555555555556,19.82860705753582,1
96,0,0,0,0,1,1,1,0,1,0,0,1,1,0,1,1,1,1,0,1,1,0,1,1,0,1,0,1,1,0,0,0,0,1,0,1,0.2777777777777778,14.601752970218405,1
97,1,0,1,1,0,0,1,1,0,0,1,0,0,1,0,0,0,1,1,1,0,1,1,0,1,1,1,0,0,1,1,1,1,0,0,0,0.3333333333333333,20.915359965980088,1
