,0,1,2,3,4,5,6,7,8,9,10,11,12,13,14,15,16,17,18,19,20,21,22,23,24,25,26,27,28,29,30,31,32,33,34,35,36,37,38,39,40,41,42,43,44,45,46,47,48,49,50,51,52,53,chain_break_fraction,energy,num_occurrences
0,1,1,1,0,0,1,0,0,1,1,1,0,1,0,1,1,0,0,0,0,0,0,1,0,0,1,0,1,0,1,0,1,0,0,1,1,0,0,1,1,0,1,0,1,1,1,0,1,0,1,0,0,1,0,0.3333333333333333,473.8293696946001,1
1,1,1,1,0,0,1,0,0,1,1,1,0,1,0,1,1,0,0,0,1,0,0,1,0,0,1,0,1,0,1,0,1,0,0,1,1,0,0,1,1,0,1,0,1,1,1,0,1,0,1,0,0,1,0,0.35185185185185186,438.84553533460536,1
2,1,1,1,0,0,1,0,0,1,1,1,0,1,0,1,1,0,0,0,1,0,0,1,0,0,1,0,1,0,1,0,1,0,0,1,1,0,0,1,1,0,0,0,1,1,1,0,1,0,1,0,0,1,0,0.35185185185185186,353.67588464686054,1
3,1,1,1,0,0,1,1,0,1,1,1,0,1,0,1,1,0,0,0,1,0,0,1,0,0,1,0,1,0,1,0,1,0,0,1,1,0,0,1,1,0,1,0,1,1,1,0,1,0,1,0,0,0,0,0.3333333333333333,380.9399943380369,1
4,1,1,1,0,0,1,1,0,1,1,1,0,1,0,1,1,0,0,0,1,0,0,1,0,0,1,0,1,0,1,0,1,0,0,1,1,0,0,1,1,0,1,0,1,1,1,0,1,1,1,0,0,0,0,0.3148148148148148,391.69903393126464,1
5,1,1,1,0,0,1,0,0,1,1,1,0,1,0,1,1,0,0,0,0,0,0,1,0,0,1,0,1,0,1,0,1,0,0,1,1,0,0,1,1,0,1,0,1,1,1,0,1,0,1,0,0,0,0,0.35185185185185186,413.2203930570124,1
6,1,1,1,0,0,1,0,0,1,1,1,0,1,1,1,1,0,0,0,0,0,0,1,0,0,1,0,1,0,1,0,1,0,0,1,1,0,0,1,1,0,1,0,1,1,1,0,1,0,1,0,0,0,0,0.3333333333333333,384.6640951890347,1
7,1,1,1,0,0,1,0,0,1,1,1,0,1,1,1,1,0,0,0,0,0,0,1,0,0,1,0,1,0,1,0,1,0,0,1,1,0,0,1,1,0,1,0,1,1,1,0,1,0,1,0,0,1,0,0.35185185185185186,434.9321352875938,1
8,1,1,1,0,0,1,1,0,1,1,1,0,1,0,1,1,0,0,0,0,0,0,1,0,0,1,0,1,0,1,0,1,0,0,1,1,0,0,1,1,0,0,0,1,1,1,0,1,0,1,0,0,0,0,0.35185185185185186,327.350264778849,1
9,1,1,1,0,0,1,0,1,1,1,1,0,1,0,1,1,0,0,0,0,0,0,1,0,0,1,0,1,0,1,0,1,0,0,1,1,0,0,1,1,0,1,0,1,1,1,0,1,0,1,0,0,0,0,0.3148148148148148,394.473387566275,1
10,1,1,1,0,0,1,0,0,1,1,1,0,1,0,1,1,0,0,0,0,0,0,1,0,0,1,0,1,0,1,0,1,0,0,1,1,0,0,1,1,0,0,0,1,1,1,0,1,1,1,0,0,0,0,0.3148148148148148,336.34210410510593,1
11,1,1,1,0,0,1,0,0,1,1,1,0,1,0,0,1,0,0,0,1,0,0,1,0,0,1,0,1,0,1,0,1,0,0,1,1,0,0,0,1,0,1,0,1,1,1,0,1,0,1,0,0,0,0,0.2962962962962963,330.46560253740097,1
12,1,1,1,0,0,1,0,0,1,1,1,0,1,0,1,1,0,0,0,0,0,0,1,0,0,1,0,1,0,1,0,1,0,0,1,1,0,0,1,1,0,1,0,1,1,1,0,1,0,1,0,0,0,0,0.2962962962962963,413.2203930570124,1
13,1,1,1,0,0,1,0,0,1,1,1,0,1,0,1,1,0,0,0,1,0,0,1,0,0,1,0,1,0,1,0,1,0,0,1,1,0,0,0,1,0,1,0,1,1,1,0,1,0,1,0,0,0,0,0.3333333333333333,311.5094137640239,1
14,1,1,1,0,0,0,1,0,1,1,1,0,1,0,1,1,0,0,0,0,0,0,1,0,0,1,0,1,0,1,0,1,0,0,1,1,0,0,1,1,0,0,0,1,1,1,0,1,0,1,0,0,0,0,0.3333333333333333,331.5491958226422,1
15,1,1,1,0,0,1,0,1,1,1,1,0,1,1,1,1,0,0,0,0,0,0,1,0,0,1,0,1,0,1,0,1,0,0,1,1,0,0,1,1,0,1,0,1,1,1,0,1,0,1,0,0,0,0,0.3333333333333333,377.4155870457342,1
16,1,1,1,0,0,1,0,0,1,1,1,0,1,0,1,1,0,0,0,0,0,0,1,0,0,1,0,1,0,1,0,1,0,0,1,1,0,0,1,1,0,0,0,1,1,1,0,1,0,1,0,0,0,0,0.3148148148148148,328.90621764421104,1
17,1,1,1,0,0,1,0,1,1,1,1,0,1,1,1,1,0,0,0,0,0,0,1,0,0,1,0,1,0,1,0,1,0,0,1,1,0,0,1,1,0,1,0,1,1,1,0,1,0,1,0,0,0,0,0.3333333333333333,377.4155870457342,1
18,1,1,1,0,0,1,0,0,1,1,1,0,1,1,1,1,0,0,0,0,0,0,1,0,0,1,0,1,0,1,0,1,0,0,1,1,0,0,1,1,0,1,0,1,1,1,0,1,0,1,0,0,1,0,0.35185185185185186,434.9321352875938,1
19,1,1,1,0,0,1,0,0,1,1,1,0,1,0,1,1,0,0,0,1,0,0,1,0,0,1,0,1,0,1,0,1,0,0,1,1,0,0,1,1,0,0,0,1,1,1,0,1,0,1,0,0,1,0,0.37037037037037035,353.67588464686054,1
20,1,1,1,0,0,0,1,1,1,1,1,0,1,1,1,1,0,0,0,0,0,0,1,0,0,1,0,1,0,1,0,1,0,0,1,1,0,0,1,1,0,0,0,1,1,1,0,1,0,1,0,0,1,0,0.3333333333333333,341.2840945195904,1
21,1,1,1,0,0,1,0,0,1,1,1,0,1,0,1,1,0,0,0,0,0,0,1,0,0,1,0,1,0,1,0,1,0,0,1,1,0,0,1,1,0,1,0,1,1,1,0,1,0,1,0,0,0,0,0.35185185185185186,413.2203930570124,1
22,1,1,1,0,0,1,1,0,1,1,1,0,1,0,1,1,0,0,0,0,0,0,1,0,0,1,0,1,0,1,0,1,0,0,1,1,0,0,1,1,0,0,0,1,1,1,0,1,0,1,0,0,1,0,0.3333333333333333,362.0693407499378,1
23,1,1,1,0,0,1,0,1,1,1,1,0,1,0,1,1,0,0,0,1,0,0,1,0,0,1,0,1,0,1,0,1,0,0,1,1,0,0,1,1,0,1,0,1,1,1,0,1,0,1,0,0,1,0,0.35185185185185186,420.0308602938081,1
24,1,1,1,0,0,1,1,0,1,1,1,0,1,0,1,1,0,0,0,1,0,0,1,0,0,1,0,1,0,1,0,1,0,0,1,1,0,0,0,1,0,1,0,1,1,1,0,1,1,1,0,0,1,0,0.3333333333333333,342.27139473371096,1
25,1,1,1,0,0,0,1,0,1,1,1,0,1,1,1,1,0,0,0,0,0,0,1,0,0,1,0,1,0,1,0,1,0,0,1,1,0,0,1,1,0,1,0,1,1,1,0,1,0,1,0,0,1,0,0.3888888888888889,467.65027069399076,1
26,1,1,1,0,0,1,0,0,1,1,1,0,1,0,1,1,0,0,0,0,0,0,1,0,0,1,0,1,0,1,0,1,0,0,1,1,0,0,1,1,0,0,0,1,1,0,0,1,0,1,0,0,0,0,0.3148148148148148,317.4523728843708,1
27,1,1,1,0,0,1,1,0,1,1,1,0,1,0,1,1,0,0,0,0,0,0,1,0,0,1,0,1,0,1,0,1,0,0,1,1,0,0,1,1,0,1,0,1,1,1,0,1,0,1,0,0,1,0,0.3888888888888889,456.42200814223787,1
28,1,0,1,0,0,1,0,0,1,1,1,0,1,0,1,1,0,0,0,0,0,0,1,0,0,1,0,1,0,1,0,1,0,0,1,1,0,0,1,1,0,0,0,1,1,1,0,1,0,1,0,0,0,0,0.35185185185185186,342.72153323755157,1
29,1,1,1,0,0,0,1,0,1,1,1,0,1,0,1,1,0,0,0,0,0,0,1,0,0,1,0,1,0,1,0,1,0,0,1,1,0,0,1,1,0,0,0,1,1,1,0,1,0,1,0,0,0,0,0.37037037037037035,331.5491958226422,1
30,1,1,1,0,0,1,0,1,1,1,1,0,1,0,1,1,0,0,0,1,0,0,1,0,0,1,0,1,0,1,0,1,0,0,1,1,0,0,1,1,0,0,0,1,1,1,0,1,1,1,1,0,0,0,0.3148148148148148,367.50220270670076,1
31,1,1,1,0,0,1,0,0,1,1,1,0,1,1,1,1,0,0,0,0,0,0,1,0,0,1,0,1,0,1,0,1,0,0,1,1,0,0,1,1,0,1,0,1,1,1,0,1,0,1,0,0,0,0,0.35185185185185186,384.6640951890347,1
32,1,1,1,0,0,1,0,0,1,1,1,0,1,1,1,1,0,0,0,0,0,0,1,0,0,1,0,1,0,1,0,1,0,0,1,1,0,0,1,1,0,1,0,1,1,1,0,1,0,1,0,0,0,0,0.37037037037037035,384.6640951890347,1
33,1,1,1,0,0,1,0,1,1,1,1,0,1,0,1,1,0,0,0,0,0,0,1,0,0,1,0,1,0,1,0,1,0,0,1,1,0,0,1,1,0,1,0,1,1,1,0,1,0,1,0,0,1,0,0.3333333333333333,445.01464658987635,1
34,1,1,1,0,0,1,0,0,1,1,1,0,1,1,1,1,0,0,0,1,0,0,1,0,0,1,0,1,0,1,0,1,0,0,1,1,0,0,1,1,0,1,0,1,1,1,0,1,1,1,0,0,1,0,0.3888888888888889,422.8071854449504,1
35,1,1,1,0,0,1,0,0,1,1,1,0,1,0,1,1,0,0,0,0,0,0,1,0,0,1,0,1,0,1,1,1,0,0,1,1,0,0,0,1,0,1,0,1,1,1,0,1,0,1,0,0,1,0,0.3333333333333333,375.94218787373626,1
36,1,1,1,0,0,1,0,0,1,1,1,0,1,1,1,1,0,0,0,0,0,0,1,0,0,1,0,1,0,1,0,1,0,0,1,1,0,0,1,1,0,1,0,1,1,1,0,1,0,1,0,0,1,0,0.37037037037037035,434.9321352875938,1
37,1,1,1,0,0,1,0,0,1,1,1,0,1,0,1,0,0,0,0,1,0,0,1,0,0,1,0,1,0,1,0,1,0,0,1,1,0,0,1,1,0,1,0,1,1,1,0,1,1,1,0,0,0,0,0.3148148148148148,416.9824962628725,1
38,1,1,1,0,0,1,0,0,1,1,1,0,1,1,0,1,0,0,0,0,0,0,1,0,0,1,0,1,0,1,0,1,0,0,1,1,0,0,0,1,0,1,0,1,1,1,0,1,0,1,0,0,1,0,0.3148148148148148,371.79563788884224,1
39,1,1,1,0,1,1,1,0,1,1,1,0,1,0,1,1,0,0,0,1,0,0,1,0,0,1,0,1,0,1,0,1,0,0,1,1,0,0,1,1,0,0,0,1,1,1,0,1,0,1,0,0,1,0,0.3333333333333333,361.97064825800663,1
40,1,1,1,0,0,1,0,0,1,1,1,0,1,1,1,1,0,0,0,0,0,0,1,0,0,1,0,1,0,1,0,1,0,0,1,1,0,0,1,1,0,1,0,1,1,1,0,1,0,1,0,0,0,0,0.3333333333333333,384.6640951890347,1
41,1,1,1,0,0,1,0,0,1,1,1,0,1,0,1,1,0,0,0,0,0,0,1,0,0,1,0,1,0,1,0,1,0,0,1,1,0,0,1,1,0,0,0,1,1,1,0,1,0,1,0,0,1,0,0.3333333333333333,368.65915242229295,1
42,1,1,1,0,0,1,0,0,1,1,1,0,1,1,1,1,0,0,0,1,0,0,1,0,0,1,0,1,0,1,0,1,0,0,1,1,0,0,1,1,0,1,0,1,1,1,0,1,0,1,0,0,0,0,0.37037037037037035,369.75766647547914,1
43,1,1,1,0,0,1,0,0,1,1,1,0,1,0,1,1,0,0,0,1,0,0,1,0,0,1,0,1,0,1,0,1,0,0,1,1,0,0,1,1,0,1,0,1,1,1,0,1,0,1,0,0,0,0,0.3333333333333333,388.3134730514426,1
44,1,1,1,0,0,1,1,1,0,1,1,0,1,1,1,1,0,0,0,1,0,0,1,0,0,1,0,1,0,1,0,1,0,0,1,1,0,0,0,1,0,1,0,1,1,1,0,1,0,1,0,0,1,0,0.3333333333333333,315.73145371242606,1
45,1,1,1,0,0,1,1,0,1,1,1,0,1,0,1,1,0,0,0,0,0,0,1,0,0,1,0,1,0,1,0,1,0,0,1,1,0,0,1,1,1,1,0,1,1,1,0,1,0,1,0,0,0,0,0.35185185185185186,449.59520307804036,1
46,1,1,1,0,0,0,0,1,0,1,1,0,1,0,1,1,0,0,0,1,0,0,1,0,0,1,0,1,0,1,0,1,0,0,1,1,0,0,1,0,0,0,0,1,1,1,0,1,0,1,0,0,1,0,0.3333333333333333,365.0379745745514,1
47,1,1,1,0,0,1,0,0,1,1,1,0,1,0,1,1,0,1,0,0,0,0,1,0,0,1,0,1,0,1,0,1,0,0,1,1,0,0,1,1,0,0,0,1,1,1,0,1,0,1,0,0,0,0,0.3888888888888889,343.09351080219676,1
48,1,0,1,0,0,1,1,0,1,1,1,0,1,0,1,1,0,0,0,1,0,0,1,0,0,1,0,1,0,1,0,1,0,0,1,1,0,0,1,1,0,0,0,1,1,1,0,1,0,1,0,0,1,0,0.3888888888888889,361.3344298109832,1
49,1,1,1,0,0,1,0,0,1,1,1,0,1,1,1,1,0,0,0,1,0,0,1,0,0,1,0,1,0,1,0,1,0,1,1,1,0,0,1,1,0,1,0,1,1,1,0,1,0,1,0,0,1,0,0.37037037037037035,431.01786336952074,1
50,1,1,1,0,0,1,0,0,1,1,1,0,1,0,1,1,0,0,0,0,0,0,1,0,0,1,0,1,0,1,0,1,0,0,1,1,0,0,1,1,0,1,0,1,1,1,0,1,0,1,0,0,0,0,0.37037037037037035,413.2203930570124,1
51,1,1,1,0,0,1,1,1,0,1,1,0,1,0,1,1,0,0,0,1,0,0,1,0,0,1,0,1,0,1,0,1,0,0,1,1,0,0,1,1,0,1,0,1,1,1,0,1,0,1,0,0,1,0,0.35185185185185186,439.25287285500434,1
52,1,1,1,0,0,1,1,0,0,1,1,0,1,0,1,1,0,1,0,0,0,0,1,0,0,1,0,1,0,1,0,1,0,0,1,1,0,0,1,1,0,1,0,1,1,1,0,1,0,1,0,0,0,0,0.3148148148148148,394.5269170902015,1
53,1,1,1,0,0,1,0,0,1,1,1,0,1,0,1,1,0,0,0,1,0,0,1,0,0,1,0,1,0,1,0,1,0,0,1,1,0,0,1,1,0,0,0,1,1,1,0,1,0,1,0,0,0,0,0.35185185185185186,323.9998642232037,1
54,1,1,1,0,0,1,0,1,0,1,1,0,1,1,1,1,0,0,0,0,0,0,1,0,0,1,0,1,0,1,0,1,0,0,1,1,0,0,1,1,0,0,0,1,1,1,0,1,0,1,0,0,0,0,0.3148148148148148,309.0946161748709,1
55,1,1,1,0,0,1,0,0,1,1,1,0,1,0,1,1,0,0,0,1,0,0,1,0,0,1,0,1,0,1,0,1,0,0,1,1,0,0,1,1,0,1,0,1,1,1,0,1,1,1,0,0,0,0,0.3333333333333333,402.0289923391147,1
56,1,1,1,0,0,1,0,0,1,1,1,0,1,1,1,1,0,0,0,0,0,0,1,0,0,1,0,1,0,1,0,1,0,0,1,1,0,0,1,1,0,1,0,1,1,1,0,1,0,1,0,0,1,0,0.3888888888888889,434.9321352875938,1
57,1,1,1,0,0,1,1,0,1,1,1,0,1,1,1,1,0,0,0,0,0,0,1,0,0,1,0,1,0,1,0,1,0,0,1,1,0,0,1,1,0,0,0,1,1,1,0,1,0,1,0,0,0,0,0.37037037037037035,327.67450359994103,1
58,1,1,1,0,0,1,1,0,1,1,1,0,1,0,1,1,0,0,0,0,0,0,1,0,0,1,0,1,0,1,0,1,0,0,0,1,0,0,1,1,0,1,0,1,1,1,0,1,1,1,0,0,1,0,0.35185185185185186,420.0263187399768,1
59,1,1,1,0,0,1,0,1,1,1,1,0,1,1,1,1,0,0,0,0,0,0,1,0,0,1,0,1,0,1,0,1,0,0,1,1,0,0,1,1,0,1,0,1,1,1,0,1,0,1,0,0,1,0,0.35185185185185186,417.61590953030696,1
60,1,1,1,0,0,0,0,1,1,1,1,0,1,0,1,1,0,0,0,0,0,0,1,0,0,1,0,1,0,1,0,1,0,0,1,1,0,0,1,0,0,0,0,1,1,1,0,1,0,1,0,0,0,0,0.3333333333333333,310.09773884947236,1
61,1,1,1,0,0,1,1,0,1,1,1,0,1,0,1,1,0,0,0,0,0,0,1,0,0,1,0,1,0,1,0,1,0,0,1,1,0,0,1,0,0,1,0,1,1,1,0,1,0,1,0,0,1,0,0.3888888888888889,432.8338412941628,1
62,1,1,1,0,0,1,1,0,1,1,1,0,0,0,1,1,0,0,0,0,0,0,1,0,0,1,0,1,0,1,0,1,0,0,1,1,0,0,1,0,0,1,0,1,1,1,0,1,0,1,0,0,0,0,0.3333333333333333,396.9848475236557,1
63,1,0,1,0,0,1,0,0,1,1,1,0,1,0,1,1,0,0,0,1,0,0,1,0,0,1,0,1,0,1,0,1,0,0,1,1,0,0,1,1,0,0,0,1,1,1,0,1,0,1,0,0,1,0,0.3888888888888889,367.92492038518134,1
64,1,1,1,0,0,1,1,0,1,1,1,0,1,0,1,1,0,0,0,1,0,0,1,0,0,1,0,1,0,1,0,1,0,0,1,1,0,0,1,1,0,0,0,1,1,1,0,1,0,1,0,0,1,0,0.37037037037037035,352.08609700646883,1
65,0,0,0,1,1,1,0,0,0,0,0,1,0,1,0,0,1,1,1,1,1,1,0,1,1,0,1,0,1,1,1,0,1,1,0,1,1,1,1,0,1,0,1,0,1,0,1,1,1,0,1,1,0,1,0.35185185185185186,698.9048264567506,1
66,1,0,1,0,0,1,1,0,1,1,1,0,1,1,1,1,0,0,0,0,0,0,1,0,0,1,0,1,0,1,0,1,0,0,1,1,0,0,1,1,0,0,0,1,1,1,0,1,0,1,0,0,1,0,0.3333333333333333,361.28559731180457,1
67,1,1,1,0,0,0,0,0,1,1,1,0,0,1,1,1,0,0,0,0,0,0,1,0,0,1,0,1,0,1,0,1,0,0,1,1,0,0,1,1,0,0,0,1,1,1,0,1,0,1,0,0,0,0,0.35185185185185186,331.17275045695084,1
68,1,1,1,0,0,1,1,0,1,1,1,0,1,0,1,1,0,0,0,0,0,0,1,0,0,1,0,1,0,1,0,1,0,0,1,1,0,0,0,1,0,1,0,1,1,1,0,1,0,1,0,0,1,0,0.3333333333333333,346.68673013947017,1
69,1,1,1,0,1,0,0,0,1,1,1,0,1,0,1,1,0,0,0,1,0,0,1,0,0,1,0,1,0,1,0,1,0,0,1,1,0,0,0,1,0,0,1,1,1,1,0,1,0,1,0,0,1,0,0.37037037037037035,283.5011684041715,1
70,1,1,1,0,0,1,1,0,1,1,1,0,1,0,1,1,0,0,0,1,0,0,1,0,0,1,0,1,0,1,0,1,0,0,1,1,0,0,1,1,0,1,0,1,1,1,0,1,0,1,0,0,1,0,0.3888888888888889,426.4381978142065,1
71,1,1,1,0,0,1,1,0,1,1,1,0,1,1,1,1,0,0,0,0,0,0,1,0,0,1,0,1,0,1,0,1,0,0,1,1,0,0,1,1,0,1,0,1,1,1,0,1,0,1,0,0,0,0,0.3888888888888889,378.03984111738436,1
72,1,1,1,0,0,1,0,0,1,1,1,0,1,0,1,1,0,0,0,0,0,0,1,0,0,1,0,1,0,1,0,1,0,0,1,1,0,0,1,1,0,0,0,1,1,1,0,1,0,1,0,0,0,0,0.37037037037037035,328.90621764421104,1
73,1,1,1,0,0,1,0,0,1,1,1,0,1,1,1,1,0,0,0,0,0,0,1,0,0,1,0,1,0,1,0,1,0,0,1,1,0,1,1,1,0,0,0,1,1,1,0,1,0,1,0,0,1,0,0.4074074074074074,392.42513883262626,1
74,1,1,1,0,0,1,0,0,1,1,1,0,1,0,1,1,0,0,0,1,0,0,1,0,0,1,0,1,0,1,0,1,0,0,1,1,0,0,0,1,0,0,0,1,1,1,0,1,0,1,0,0,1,0,0.3888888888888889,297.5523973546754,1
75,1,1,1,0,0,1,0,1,1,1,1,0,1,0,1,1,0,0,0,0,0,0,1,0,0,1,0,1,0,1,0,1,0,0,1,1,0,0,0,1,0,1,0,1,1,1,0,1,0,1,0,0,1,0,0.35185185185185186,345.39734460782967,1
76,0,0,0,1,1,1,0,1,0,0,0,1,0,1,0,0,1,1,1,0,1,1,0,1,1,0,1,0,1,0,1,0,1,1,0,1,1,1,1,0,1,0,1,0,1,0,1,1,1,0,1,1,0,1,0.37037037037037035,578.0167998033896,1
77,1,1,1,0,1,1,0,1,1,1,1,0,1,0,1,0,0,0,0,0,0,0,1,0,0,1,0,1,0,1,0,1,0,0,1,1,0,0,1,1,1,0,0,1,1,1,0,1,0,1,0,0,1,0,0.35185185185185186,394.97710296078685,1
78,1,1,1,0,0,1,0,0,1,1,1,0,1,1,1,1,0,1,0,0,0,0,1,0,0,1,0,1,0,1,0,1,0,0,1,1,0,0,1,1,0,1,0,1,1,0,0,1,0,1,0,0,0,0,0.3888888888888889,372.6433812671704,1
79,0,0,0,1,1,1,0,0,0,0,0,1,0,1,0,0,1,1,1,0,1,1,0,1,1,0,1,0,1,1,1,0,1,1,0,1,1,1,1,0,1,1,0,0,1,0,0,1,1,0,1,1,0,1,0.35185185185185186,787.8962927688889,1
80,1,1,1,0,0,1,0,1,1,1,1,0,1,0,1,1,0,0,0,1,0,0,1,0,0,1,0,1,0,1,0,1,0,0,1,1,0,0,1,1,0,0,0,1,1,1,0,1,1,1,0,0,1,0,0.37037037037037035,358.1075196310902,1
81,0,0,0,1,1,1,1,0,0,0,0,1,0,1,0,0,1,1,1,1,1,1,0,1,1,0,1,0,1,0,1,0,1,1,0,1,1,1,1,0,1,0,1,0,1,0,1,1,1,0,1,1,0,1,0.3888888888888889,572.2243513651716,1
82,1,1,1,0,0,1,1,0,1,1,1,0,1,0,1,1,0,0,0,0,0,0,1,0,0,1,0,1,0,1,1,1,0,0,1,1,0,0,0,1,0,1,0,1,1,1,0,1,0,1,0,0,0,0,0.3333333333333333,327.8361633452101,1
83,0,0,0,1,0,1,0,1,0,0,0,1,0,1,0,0,1,1,1,1,1,1,0,1,1,0,1,0,1,0,1,0,1,1,0,1,1,1,1,0,1,0,1,0,1,0,1,1,0,0,1,1,0,1,0.3888888888888889,566.054717044591,1
84,0,0,0,1,1,1,0,0,0,0,0,1,0,1,1,0,1,1,1,0,1,1,0,1,1,0,1,0,1,1,1,0,1,1,0,1,1,1,1,0,1,0,1,0,1,0,0,1,1,0,1,1,0,1,0.35185185185185186,590.8978658692102,1
85,0,0,0,1,1,1,0,1,0,0,0,1,0,0,1,0,1,1,1,1,1,1,0,1,1,0,1,0,1,0,1,0,1,1,0,1,1,1,1,0,1,0,1,0,1,0,1,1,1,0,1,1,0,1,0.4074074074074074,565.8181954713663,1
86,0,0,0,1,1,1,0,1,0,0,0,1,0,1,1,0,1,1,1,0,1,1,0,1,1,0,1,0,1,1,1,0,1,1,0,1,1,1,1,0,1,0,1,0,1,0,1,1,0,0,1,1,1,1,0.35185185185185186,667.1364796696521,1
87,1,1,1,0,1,1,0,0,1,1,1,0,1,1,1,1,0,0,0,1,0,0,1,0,0,1,0,0,0,1,0,1,0,0,1,1,0,0,1,0,0,1,0,1,1,1,0,1,1,1,0,0,1,0,0.3888888888888889,389.9364071768187,1
88,0,0,0,1,1,1,1,0,0,0,0,1,0,1,0,0,1,1,1,1,1,1,0,1,1,0,1,0,1,0,1,0,1,1,0,1,1,1,1,0,1,0,1,0,1,0,1,1,1,0,1,1,1,1,0.3888888888888889,631.8710070818358,1
89,0,0,0,1,1,1,0,1,0,0,0,1,0,1,0,0,1,1,1,1,1,1,0,1,1,0,1,1,1,1,1,0,1,1,0,1,1,1,1,0,1,0,1,0,0,0,1,1,1,0,1,1,1,1,0.35185185185185186,608.9085554217177,1
90,1,1,1,0,0,1,0,0,1,1,1,0,1,1,1,1,0,0,0,0,0,0,1,0,0,1,0,1,0,1,0,1,0,0,1,1,0,0,1,1,0,1,0,1,1,1,0,1,1,1,0,0,0,0,0.4074074074074074,397.4342052213649,1
91,0,0,0,1,1,0,0,0,0,0,0,1,0,1,0,0,1,1,1,0,1,1,0,1,1,0,1,0,1,0,1,0,1,1,0,1,1,1,1,0,1,0,1,0,1,0,1,1,1,0,1,1,0,1,0.35185185185185186,670.3537637284247,1
92,1,1,1,0,0,1,1,0,1,1,1,0,1,0,1,1,0,0,0,1,0,0,1,0,0,1,0,1,0,1,0,1,0,1,1,1,0,0,1,1,0,1,0,1,1,1,0,1,0,1,0,0,1,0,0.37037037037037035,450.37673810873406,1
93,0,0,0,1,1,1,1,0,0,0,0,1,0,1,0,0,1,1,1,0,1,1,0,1,1,0,1,1,1,0,1,0,1,1,0,1,1,1,1,1,1,0,1,0,1,0,1,1,1,0,1,1,0,1,0.3888888888888889,636.6267804069017,1
94,0,0,0,1,0,1,0,1,0,0,0,1,0,1,0,0,1,1,1,0,1,1,0,1,1,0,1,0,1,0,0,0,1,1,0,1,1,1,1,0,1,0,1,0,1,0,1,1,1,0,1,1,0,1,0.3888888888888889,569.3187457130415,1
95,1,1,1,0,0,1,0,1,1,1,1,0,0,0,1,0,0,0,0,0,0,0,1,0,0,1,0,1,0,1,0,1,0,0,1,1,0,0,1,1,0,1,0,1,1,1,0,1,0,1,0,0,0,0,0.3333333333333333,424.9558466203702,1
96,0,1,0,1,1,1,0,0,0,0,0,1,0,1,0,0,1,1,0,1,1,1,0,1,1,0,1,0,1,0,1,0,1,1,0,1,1,1,1,0,1,0,0,0,1,0,0,1,1,0,1,1,0,1,0.4074074074074074,507.20362761367846,1
97,0,0,0,1,1,1,1,1,0,0,0,1,0,1,0,0,1,1,1,1,1,1,0,1,1,0,1,0,1,1,1,0,1,1,0,1,1,1,1,0,1,0,1,0,1,0,1,1,1,0,1,1,0,1,0.4074074074074074,645.7539912504841,1
98,0,0,0,1,1,1,0,0,0,0,0,1,0,0,0,0,1,1,1,1,1,1,0,1,1,0,1,0,1,0,1,0,1,1,0,1,1,1,1,0,1,0,0,0,1,0,0,1,1,0,1,1,0,1,0.4074074074074074,540.7440692185896,1
99,0,0,0,1,1,1,1,0,0,0,0,1,0,1,1,0,1,1,1,0,1,0,0,1,1,0,1,1,1,1,1,0,1,1,0,1,1,1,1,1,1,0,0,0,0,0,1,1,1,0,1,1,0,1,0.3333333333333333,532.362944173756,1
