,0,1,2,3,4,5,6,7,8,9,10,11,12,13,14,15,16,17,18,19,20,21,22,23,24,25,26,27,28,29,30,31,32,33,34,35,36,37,38,39,40,41,42,43,44,45,46,47,48,49,50,51,52,53,chain_break_fraction,energy,num_occurrences
0,0,1,0,1,0,1,1,0,0,0,0,0,0,0,0,1,0,1,1,1,1,0,1,0,0,0,0,1,1,1,0,1,1,0,1,0,1,0,0,0,0,0,0,0,0,0,0,1,0,0,1,0,1,1,0.37037037037037035,397.29536901953384,1
1,0,1,0,1,0,1,1,0,0,0,0,0,0,0,1,1,0,1,1,1,1,0,1,0,0,0,0,1,1,1,0,1,1,1,1,0,1,0,0,1,0,0,0,0,0,0,0,1,0,0,1,0,1,1,0.3148148148148148,400.8776035313974,1
2,0,1,0,1,0,1,1,0,0,1,0,0,0,0,0,1,0,1,1,1,1,0,1,0,0,0,0,1,1,1,0,1,1,0,1,0,1,0,0,1,0,0,0,0,0,0,0,1,0,0,1,0,1,1,0.35185185185185186,406.2889341202393,1
3,0,1,0,1,0,1,1,0,0,0,0,0,0,0,0,1,0,1,1,1,1,0,1,0,0,0,0,1,1,0,0,1,1,1,1,0,1,0,0,0,0,0,0,0,0,0,0,1,0,0,1,0,1,1,0.35185185185185186,304.21085072266806,1
4,0,1,0,1,0,1,1,0,0,0,0,0,0,0,0,1,0,1,1,1,1,0,1,0,0,0,0,1,1,1,0,1,1,1,1,0,1,0,0,0,0,0,0,0,0,0,0,1,0,0,1,0,1,1,0.37037037037037035,427.588942425153,1
5,0,1,0,1,0,1,1,0,0,1,0,0,0,0,0,1,0,1,1,1,1,0,1,0,0,0,0,1,1,0,0,1,1,1,1,0,1,0,0,0,0,0,0,0,0,0,0,1,0,0,1,0,1,1,0.2962962962962963,293.72974016889157,1
6,0,1,0,1,0,1,1,0,0,0,0,0,0,0,0,1,0,1,1,1,1,0,1,0,0,0,0,1,1,0,0,1,1,1,1,0,1,0,0,1,0,0,0,0,0,0,0,1,0,0,1,0,1,1,0.37037037037037035,325.1643840720679,1
7,0,1,0,1,0,1,1,0,0,1,0,0,0,0,0,1,0,0,1,1,1,0,1,0,0,0,0,1,1,0,0,1,1,1,1,0,1,0,0,0,0,0,0,0,0,0,0,1,1,0,1,0,1,0,0.3148148148148148,228.03640980922538,1
8,0,1,0,1,0,1,1,0,0,0,0,0,0,1,0,1,0,1,1,1,0,0,1,0,0,0,0,1,1,1,0,1,1,1,1,0,1,0,0,0,0,0,0,0,0,0,0,1,0,0,1,0,1,1,0.2962962962962963,467.07340677924685,1
9,0,1,0,1,0,1,1,0,0,0,0,0,0,0,1,1,0,1,1,1,1,0,1,0,0,0,0,1,1,1,0,1,1,0,1,0,1,0,0,0,0,0,0,0,0,0,0,1,0,0,1,0,1,1,0.35185185185185186,358.8863133545507,1
10,0,1,0,1,0,1,1,0,0,1,0,0,0,0,0,1,0,0,1,1,1,0,1,0,0,0,0,1,1,0,0,1,1,1,0,0,1,0,0,1,0,0,0,0,0,0,0,1,0,0,1,0,1,0,0.2777777777777778,196.43650069148723,1
11,0,1,0,1,0,1,1,0,0,0,0,0,0,0,0,1,0,1,1,1,1,0,1,0,0,0,0,1,1,0,0,1,1,0,1,0,1,0,0,0,0,0,0,0,0,0,0,1,0,0,1,0,1,1,0.35185185185185186,285.88567059983177,1
12,0,1,0,1,0,1,1,0,0,0,0,0,0,0,0,1,0,1,1,1,1,0,1,0,0,0,0,1,1,0,0,1,1,0,1,0,1,0,0,1,1,0,0,0,0,0,0,1,0,0,1,0,1,1,0.3888888888888889,352.4204359418515,1
13,0,1,0,1,0,1,1,0,0,0,0,0,0,0,0,1,0,1,1,1,0,0,1,0,0,0,0,1,1,0,0,1,1,1,1,0,1,0,0,0,0,0,0,0,0,0,0,1,0,0,1,0,1,1,0.3148148148148148,356.05937885187126,1
14,0,1,0,1,1,1,1,0,0,1,0,0,0,0,0,1,0,1,1,1,1,0,1,0,0,0,0,1,1,0,0,1,1,0,1,0,1,0,0,0,0,0,0,0,0,0,0,1,0,0,1,0,1,1,0.2962962962962963,274.5018688856494,1
15,0,1,0,1,0,1,1,0,0,0,0,0,0,1,0,1,0,1,1,1,1,0,1,0,0,0,0,1,1,1,0,1,1,0,1,0,1,0,0,0,0,0,0,0,0,0,0,1,0,0,1,0,1,1,0.4074074074074074,366.0908411870421,1
16,0,1,0,1,0,1,1,0,0,1,1,0,0,0,1,1,0,1,1,1,1,0,1,0,0,0,0,1,1,1,0,1,1,1,1,0,1,0,0,1,0,0,0,0,1,0,0,1,0,0,1,0,1,1,0.35185185185185186,484.97969893422965,1
17,0,1,0,1,0,1,1,0,0,0,0,0,0,1,0,1,0,1,1,1,1,0,1,0,0,0,0,1,1,1,0,1,1,1,1,0,1,0,0,0,0,0,0,0,0,0,0,1,1,0,1,0,1,1,0.2962962962962963,413.6017399248992,1
18,0,1,0,1,0,1,1,0,0,0,1,0,0,0,0,1,0,1,1,1,1,0,1,0,0,0,0,1,1,1,0,1,1,0,1,0,1,0,0,0,0,0,0,0,0,0,0,1,0,0,1,0,1,1,0.3333333333333333,367.3209992643506,1
19,0,1,0,1,0,1,1,0,0,1,0,0,0,1,0,1,0,1,1,1,1,0,1,0,0,0,0,1,1,0,0,1,1,1,1,0,1,0,0,1,0,0,0,0,0,0,0,1,0,0,1,0,1,1,0.35185185185185186,296.47383162155717,1
20,0,1,0,1,0,1,1,0,0,0,0,0,0,0,0,1,0,1,1,1,1,0,1,0,0,0,0,1,1,0,0,1,1,1,0,0,1,0,0,0,1,0,0,0,0,0,1,1,0,0,1,0,1,1,0.3148148148148148,355.00423241156767,1
21,0,1,0,1,0,1,1,0,0,0,0,0,0,0,0,1,0,1,1,1,1,0,1,0,0,0,0,1,1,1,0,1,1,1,0,0,1,0,0,0,0,0,0,0,0,0,0,1,0,0,1,0,1,1,0.3888888888888889,367.0017956139146,1
22,0,1,0,1,0,1,1,0,0,1,1,0,0,0,0,1,0,1,1,1,1,0,1,0,0,0,0,1,1,0,0,1,1,0,1,0,1,0,0,0,0,0,0,0,0,0,0,1,0,0,1,0,1,1,0.35185185185185186,273.9455617016177,1
23,0,1,0,1,0,1,1,0,0,0,0,0,0,0,1,1,0,1,1,1,1,0,1,0,0,0,0,1,1,1,0,1,1,1,0,0,1,0,0,0,0,0,0,0,0,0,0,1,0,0,1,0,1,0,0.3148148148148148,279.8141590707117,1
24,0,1,0,1,0,1,1,0,0,1,0,0,0,1,0,1,0,1,1,1,1,0,1,0,0,0,0,1,1,0,0,1,1,0,0,0,1,0,0,0,0,0,0,0,0,0,0,1,0,0,1,0,1,1,0.35185185185185186,257.35619150567396,1
25,0,1,0,1,0,1,1,0,0,0,0,0,0,0,0,1,0,1,1,1,1,0,1,0,0,0,0,1,1,0,0,1,1,1,1,0,1,0,0,0,0,0,0,0,0,0,0,1,0,0,1,0,1,0,0.37037037037037035,228.20445298924076,1
26,0,1,0,1,0,1,1,0,0,0,0,0,0,0,0,1,0,1,1,1,1,0,1,0,0,1,0,1,1,0,0,1,1,0,1,0,1,0,0,0,0,0,0,0,0,0,0,1,0,0,1,0,1,1,0.3148148148148148,274.7820964504904,1
27,1,0,1,0,0,0,0,1,1,0,1,1,1,1,0,0,1,1,0,0,0,1,0,1,1,1,1,0,0,0,1,0,0,0,0,1,0,1,1,0,1,1,1,1,0,1,0,1,1,1,0,1,0,0,0.3148148148148148,515.2974637779001,1
28,0,1,0,1,0,1,1,0,0,1,0,0,0,1,0,1,0,1,1,1,1,0,1,0,0,0,0,1,1,1,0,1,1,1,0,0,1,0,0,1,0,0,0,0,0,0,0,1,0,0,1,0,1,1,0.4074074074074074,349.74892505780207,1
29,0,1,0,1,0,1,1,0,0,0,0,0,0,1,1,1,0,1,1,1,1,0,1,0,0,0,0,1,1,0,0,1,1,1,1,0,1,0,0,1,0,0,0,0,0,0,0,1,0,0,1,0,1,1,0.3333333333333333,311.06240231971265,1
30,1,0,1,0,1,0,0,1,1,1,1,1,1,1,0,0,1,1,0,0,0,1,0,1,1,1,1,0,0,1,1,0,0,0,0,1,0,1,1,0,1,1,1,1,1,1,1,1,1,1,0,1,0,0,0.37037037037037035,569.9734580462376,1
31,0,1,0,1,0,1,1,0,0,0,0,0,0,0,0,1,0,1,1,1,1,0,1,0,0,0,0,1,1,0,0,1,1,1,1,0,1,0,0,0,0,0,0,0,0,0,0,1,0,0,1,1,1,1,0.37037037037037035,326.21245015602494,1
32,0,1,0,1,0,1,1,0,0,0,0,0,0,0,0,1,0,1,1,1,1,0,1,0,0,0,0,1,1,0,0,1,1,0,1,0,1,0,0,1,0,0,0,0,0,0,0,1,0,0,1,0,1,1,0.3888888888888889,304.06392571383844,1
33,0,1,0,1,0,1,1,0,0,0,0,0,0,0,0,1,0,1,1,1,1,0,1,0,0,0,0,1,1,0,0,1,1,1,0,0,0,0,0,0,0,0,0,0,0,0,1,1,0,0,1,0,1,0,0.35185185185185186,228.406278163645,1
34,0,1,0,1,0,1,1,0,0,0,0,0,0,0,1,1,0,1,1,1,1,0,1,0,0,0,0,1,1,1,0,1,1,0,1,0,1,0,0,1,0,0,0,0,0,0,0,1,0,0,1,0,1,1,0.35185185185185186,378.324574117359,1
35,0,1,0,1,0,1,1,0,0,1,0,0,0,0,0,1,0,1,1,1,1,0,1,0,0,0,0,1,1,0,0,1,1,0,1,0,1,0,0,1,0,0,0,0,0,0,0,1,0,0,1,0,1,1,0.37037037037037035,293.5750674872968,1
36,0,1,0,1,0,1,1,0,0,1,0,0,0,0,0,1,0,1,1,1,1,0,1,0,0,0,0,1,1,1,0,1,1,0,1,0,1,0,0,1,0,0,0,0,0,0,0,1,0,0,1,0,1,1,0.3888888888888889,406.2889341202393,1
37,1,0,1,0,1,0,0,1,1,0,1,1,1,0,0,0,1,1,0,0,0,1,0,1,1,1,1,0,0,0,1,0,0,1,0,1,0,1,1,0,1,1,1,1,0,1,0,1,1,1,0,1,0,1,0.3333333333333333,490.57688329838976,1
38,0,1,0,1,0,1,1,0,0,0,0,0,0,1,0,1,0,0,1,1,1,0,1,0,0,0,0,1,1,0,0,0,1,1,1,0,1,0,0,0,0,0,0,0,0,0,0,1,1,0,1,0,1,0,0.3148148148148148,191.69004732174272,1
39,0,1,0,1,0,1,1,0,0,0,0,0,0,0,0,1,0,1,1,1,1,0,1,0,0,0,0,1,1,1,0,1,1,1,1,0,0,0,0,0,0,0,0,0,0,0,0,1,0,0,1,0,1,1,0.35185185185185186,403.0638940929436,1
40,0,1,0,1,0,1,1,0,0,1,0,0,0,0,0,1,0,1,1,1,1,0,1,0,0,0,0,1,1,0,1,1,1,0,1,0,1,0,0,1,0,0,0,0,0,0,0,1,0,0,1,0,1,1,0.3333333333333333,312.8005983130596,1
41,0,1,0,1,1,1,1,0,0,1,0,0,0,0,0,1,0,1,1,1,1,0,1,0,0,0,0,1,1,1,0,1,1,1,1,0,1,0,0,1,0,0,0,0,0,0,0,1,0,0,1,0,1,1,0.3333333333333333,400.3395033777483,1
42,0,1,0,1,0,1,1,0,0,0,0,0,0,0,1,1,0,1,1,1,1,0,1,0,0,0,0,1,1,1,0,1,1,1,1,0,0,0,0,0,1,0,0,0,0,0,0,1,0,0,1,0,1,1,0.37037037037037035,409.5875554542754,1
43,0,1,0,1,0,1,1,0,0,1,1,0,0,1,0,1,0,1,1,1,1,0,1,0,0,0,0,1,1,0,0,1,1,1,0,0,1,0,0,1,0,0,0,0,0,0,0,1,0,0,1,0,1,1,0.2962962962962963,275.81539892551706,1
44,1,0,1,0,1,0,0,1,1,0,1,1,1,0,0,0,1,1,0,0,0,1,0,1,1,1,1,0,0,0,1,0,0,0,0,1,0,1,1,0,1,1,1,1,1,1,0,1,1,1,0,1,0,0,0.35185185185185186,489.72258079526654,1
45,0,1,0,1,0,1,1,0,0,1,0,0,0,0,1,1,0,1,1,1,1,0,1,0,0,0,0,1,1,1,0,1,1,0,1,0,1,0,0,1,0,0,0,0,0,0,0,1,1,0,1,0,1,1,0.3333333333333333,383.0134254507039,1
46,0,1,0,1,0,1,1,0,0,1,0,0,0,0,1,1,0,1,1,1,1,0,1,0,0,0,0,1,1,1,0,1,1,0,1,0,0,0,0,1,0,0,0,0,0,0,0,1,0,0,1,0,1,1,0.37037037037037035,356.3510466866227,1
47,0,1,0,1,0,1,1,0,0,0,0,0,0,0,0,1,0,1,1,1,1,0,1,0,0,0,0,1,1,0,0,1,1,0,1,0,1,0,0,1,1,0,0,0,0,0,0,1,0,0,1,0,1,1,0.3888888888888889,352.4204359418515,1
48,1,1,0,1,0,1,1,0,0,1,1,0,0,1,0,1,0,1,1,1,1,0,1,0,0,0,0,1,1,0,0,1,1,1,1,0,1,0,0,1,0,0,0,0,0,0,0,1,0,0,1,0,1,1,0.3333333333333333,291.81602171757555,1
49,1,0,1,0,0,0,0,1,1,0,1,1,1,1,0,0,1,1,0,0,0,1,0,1,1,1,1,0,0,0,1,0,0,1,0,1,0,1,1,0,1,1,1,1,0,1,1,1,1,1,0,1,0,0,0.35185185185185186,491.0170642659703,1
50,0,1,0,1,0,1,1,0,0,1,0,0,0,0,1,1,0,1,1,1,1,0,1,0,0,0,0,1,1,1,0,1,1,1,1,0,1,0,0,0,0,0,0,0,0,0,0,1,0,0,1,0,1,1,0.3888888888888889,368.17588663027504,1
51,0,1,0,1,0,1,1,0,0,1,0,0,0,0,0,1,0,0,1,1,1,0,1,0,0,0,0,1,1,1,0,1,1,1,1,0,1,0,0,1,0,0,0,0,0,0,0,1,0,0,1,0,1,0,0.3888888888888889,348.50234668034005,1
52,0,0,1,0,1,0,0,1,1,0,1,1,1,1,0,0,1,1,0,0,0,1,0,1,1,1,1,0,0,0,1,0,0,0,0,1,0,1,1,1,1,1,1,1,1,1,0,1,1,1,0,1,0,0,0.37037037037037035,502.9001112124749,1
53,1,0,1,0,1,0,0,1,1,0,1,1,1,1,0,0,1,1,0,0,0,1,0,1,1,1,1,0,0,0,1,0,0,1,0,1,0,1,1,1,1,1,1,1,1,1,0,1,1,1,0,1,0,0,0.37037037037037035,518.0731285291934,1
54,0,1,0,1,0,1,1,0,0,1,1,0,0,0,1,1,0,1,1,1,1,1,1,0,0,0,0,1,1,1,0,1,1,1,1,0,1,0,0,0,0,0,0,0,0,0,1,1,0,0,1,0,1,1,0.37037037037037035,391.86965192584677,1
55,1,0,1,0,1,0,0,1,1,1,1,1,1,0,0,0,1,1,0,0,0,1,0,1,1,1,1,0,0,0,1,0,0,0,0,1,0,1,1,0,1,1,1,1,1,1,0,1,1,1,0,1,0,0,0.3148148148148148,507.83019576677367,1
56,0,0,0,1,0,1,1,0,0,1,0,0,0,0,0,1,0,1,1,1,1,0,1,0,0,1,0,1,1,0,0,1,1,0,1,0,1,0,0,1,0,0,0,0,0,0,0,1,0,0,1,0,1,1,0.35185185185185186,294.990235191721,1
57,0,1,0,1,1,1,1,0,0,1,0,0,0,0,0,1,0,1,0,1,1,0,1,0,0,0,0,1,1,0,0,1,1,0,1,0,0,0,0,0,0,0,0,0,0,0,0,1,0,0,1,0,1,1,0.3333333333333333,271.2798811646617,1
58,0,1,0,1,0,1,1,0,0,0,0,0,0,0,0,1,0,1,1,1,1,1,1,0,0,0,0,1,1,0,0,0,1,1,1,0,1,0,0,0,0,0,0,0,0,0,0,1,0,0,1,0,1,0,0.3333333333333333,219.29408540742548,1
59,0,1,0,1,0,1,1,0,0,0,0,0,0,0,0,1,0,0,1,1,1,0,1,0,0,0,0,1,1,0,1,1,1,1,1,0,0,0,0,1,1,0,0,0,0,0,0,1,0,0,1,0,1,0,0.37037037037037035,299.39532466444626,1
60,1,0,1,0,1,0,0,1,1,0,1,1,1,1,0,0,1,1,1,0,0,1,0,1,1,1,1,0,0,0,1,0,0,0,0,1,0,1,1,0,1,1,1,1,1,1,1,1,1,1,0,1,0,0,0.4074074074074074,529.8178243974385,1
61,0,1,0,1,0,1,1,0,0,0,0,0,0,0,1,1,0,1,1,1,1,0,1,0,0,0,0,1,1,1,0,1,1,0,1,0,1,0,0,1,0,0,0,0,0,0,0,1,0,0,1,1,1,1,0.42592592592592593,402.0079872894336,1
62,1,0,1,0,1,0,0,1,1,0,1,1,1,1,0,0,1,1,1,0,0,1,0,1,1,0,1,0,0,0,1,0,0,0,0,1,0,1,1,0,1,1,1,1,1,1,1,1,1,1,0,1,0,0,0.35185185185185186,495.4079250392769,1
63,1,0,1,0,1,0,0,1,1,0,1,1,1,1,0,0,1,1,0,0,0,1,0,1,1,1,1,0,0,0,1,0,0,0,0,1,0,1,1,0,1,1,1,1,1,1,1,1,1,1,0,1,0,0,0.42592592592592593,521.6646041466706,1
64,0,1,0,1,0,1,1,0,0,0,0,0,0,0,1,1,0,1,1,1,1,0,1,0,0,0,0,1,1,1,0,1,1,1,1,0,1,0,0,0,1,0,0,0,0,0,0,1,0,0,1,0,1,1,0.37037037037037035,429.0911425295987,1
65,0,1,0,1,0,1,1,0,0,0,0,0,0,0,1,1,0,1,1,1,1,0,1,0,0,0,0,1,1,0,0,1,1,0,1,0,1,0,0,1,1,0,0,0,0,0,0,1,0,0,1,0,1,1,0.4444444444444444,325.43231471533767,1
66,1,1,0,1,0,1,1,0,0,1,0,0,0,0,0,1,0,1,1,1,1,0,1,0,0,0,0,1,1,1,0,1,1,1,1,0,0,0,0,1,0,0,0,0,0,0,0,1,1,0,1,0,1,1,0.4074074074074074,416.21848209774197,1
67,1,0,1,0,0,0,0,1,1,0,1,1,1,1,0,0,1,0,0,0,0,1,0,1,0,1,1,0,0,0,1,0,0,0,0,1,0,1,1,0,1,1,1,1,1,1,0,1,1,1,0,1,0,0,0.35185185185185186,449.3636202170514,1
68,0,1,0,1,0,1,1,0,0,1,0,0,0,1,0,1,0,1,1,1,1,0,1,0,0,0,0,1,1,0,0,1,1,1,1,0,1,0,0,1,0,0,0,0,0,0,0,1,0,0,1,0,1,1,0.3888888888888889,296.47383162155717,1
69,0,1,0,1,0,1,0,0,0,1,0,0,0,0,0,1,0,1,1,1,1,0,1,0,0,0,0,1,1,0,0,1,1,1,1,0,1,0,0,0,0,0,0,0,0,0,0,1,0,0,1,0,1,0,0.3333333333333333,228.69497101393455,1
70,1,0,1,0,1,0,0,1,1,0,1,1,1,0,0,1,1,1,0,0,0,1,0,1,1,1,1,0,0,1,1,0,0,0,0,1,0,1,1,1,1,1,1,1,0,1,0,1,1,1,0,1,0,1,0.37037037037037035,541.8859133631564,1
71,1,0,1,0,1,0,0,1,1,0,1,1,1,1,0,1,1,1,0,0,0,1,0,1,1,1,1,0,0,0,1,0,0,0,1,1,0,1,1,1,1,1,1,1,1,1,0,1,1,1,0,0,0,0,0.3333333333333333,536.6208870987789,1
72,1,0,0,1,0,1,1,0,0,1,0,0,0,1,0,1,0,1,1,1,1,0,1,0,0,0,0,1,1,0,0,1,1,0,1,0,1,0,0,1,0,0,0,0,0,0,0,1,1,0,1,0,1,1,0.3888888888888889,298.7204813563827,1
73,1,0,1,0,0,0,0,1,1,0,1,1,1,1,0,0,1,1,0,0,0,1,0,1,1,1,1,0,0,0,1,0,0,0,0,1,0,1,1,1,1,1,1,1,1,1,1,1,1,1,0,1,0,0,0.3888888888888889,516.3269734029246,1
74,0,1,0,1,0,1,1,0,0,0,0,0,0,0,0,1,0,1,1,1,1,0,1,0,0,0,0,1,1,1,0,1,1,1,1,0,1,0,0,0,0,0,0,0,0,0,1,1,0,0,1,0,1,0,0.3888888888888889,355.25468300044093,1
75,1,0,1,0,1,0,0,1,1,0,1,1,1,0,1,0,1,1,0,0,0,1,0,0,1,1,1,0,0,0,1,0,0,0,1,1,0,1,1,0,1,1,1,1,1,1,0,1,1,1,0,1,0,0,0.37037037037037035,492.73963496428024,1
76,0,1,0,1,1,1,1,0,0,1,1,0,0,1,1,0,0,1,1,1,1,0,1,0,0,0,0,1,1,1,0,1,1,1,1,0,1,0,0,1,0,0,0,0,0,0,0,1,0,0,1,0,1,1,0.35185185185185186,368.9500060573337,1
77,0,0,1,0,1,0,0,1,1,1,1,1,1,0,0,0,1,1,0,0,0,1,0,1,1,1,1,0,0,1,1,0,0,1,0,1,0,1,1,1,1,1,1,1,1,1,0,1,1,1,0,1,0,0,0.37037037037037035,552.3365087296352,1
78,0,1,0,1,1,1,1,0,0,0,0,0,0,1,1,1,0,1,1,1,1,0,1,0,0,0,0,1,1,0,1,1,1,1,1,0,1,0,0,0,0,0,0,0,0,0,0,1,0,0,1,0,1,1,0.3148148148148148,322.3248845470031,1
79,0,0,1,0,1,0,0,1,1,0,1,1,1,0,0,0,1,1,0,0,0,1,0,1,1,1,1,0,0,1,1,0,0,0,0,1,0,1,1,0,1,1,1,1,1,1,0,1,1,1,0,1,0,1,0.37037037037037035,617.4172031795255,1
80,0,1,0,1,0,1,1,0,0,0,0,0,0,0,1,1,0,1,1,1,1,0,1,0,0,0,0,1,1,1,0,1,1,1,1,0,1,0,0,0,0,0,0,0,0,0,0,1,0,0,1,0,1,1,0.3148148148148148,378.6640645331958,1
81,0,1,0,1,0,1,1,0,0,1,0,0,0,1,0,1,0,0,1,1,1,0,1,0,0,0,0,0,1,1,0,1,1,0,1,0,1,0,0,0,0,0,0,0,0,0,0,1,0,0,1,0,1,1,0.3148148148148148,359.7966808949402,1
82,1,0,1,0,1,0,0,1,1,0,1,1,1,1,0,0,1,1,0,0,0,1,0,1,1,1,1,0,0,1,1,0,0,1,0,1,0,1,1,0,1,1,1,1,0,1,0,1,1,1,0,1,0,0,0.37037037037037035,521.5364066250988,1
83,1,0,1,0,0,0,0,1,1,1,1,1,0,1,0,0,1,1,0,0,0,1,0,0,1,1,1,0,0,1,1,0,0,0,0,1,0,1,1,0,1,1,1,1,0,1,0,1,1,1,0,1,0,0,0.3148148148148148,453.002736933424,1
84,0,0,1,0,1,0,0,1,1,0,1,1,1,1,0,1,1,1,0,0,0,1,0,1,1,1,1,0,0,1,1,0,0,0,1,1,0,1,1,0,1,1,1,1,0,1,0,1,1,1,0,1,0,0,0.3148148148148148,520.7266949772497,1
85,0,1,0,1,0,1,1,0,0,1,0,0,0,0,0,1,0,1,1,1,1,0,1,0,0,0,0,1,1,0,0,1,1,0,1,0,1,0,0,1,0,0,0,0,0,0,0,1,1,0,1,0,1,1,0.4444444444444444,308.486623436506,1
86,0,1,0,1,0,1,1,0,0,0,0,0,0,0,1,0,0,1,1,1,1,0,1,0,0,0,0,1,1,0,1,1,1,1,0,0,1,0,0,1,0,0,0,0,0,0,1,1,0,0,1,0,1,0,0.3148148148148148,259.9192251838765,1
87,0,0,1,0,0,0,0,1,1,0,1,1,1,1,0,0,1,0,0,0,0,1,0,1,1,1,1,0,0,0,1,0,0,0,0,1,0,1,1,0,1,1,1,1,1,1,0,1,1,1,0,1,0,0,0.37037037037037035,448.7000880977288,1
88,0,0,1,0,0,0,0,1,1,0,1,1,0,1,0,0,1,1,0,0,0,1,0,1,0,1,1,0,0,0,1,0,0,1,0,1,0,1,1,1,1,1,1,1,0,1,0,1,1,1,0,1,0,0,0.2962962962962963,442.54250337296116,1
89,0,1,0,1,0,1,1,0,0,0,0,0,0,1,0,1,0,1,1,1,1,1,1,0,0,0,0,1,1,0,0,1,1,1,1,0,1,0,0,1,0,0,0,0,0,0,0,1,0,0,1,1,1,1,0.3333333333333333,314.8022312529855,1
90,1,0,1,0,1,0,0,1,1,0,1,1,1,0,0,0,1,1,0,0,0,1,0,1,1,1,1,0,0,0,1,0,0,1,0,1,0,1,1,0,1,1,1,1,1,1,0,1,1,1,0,1,0,0,0.4444444444444444,489.54856749617,1
91,1,0,1,0,0,0,0,1,1,1,1,1,1,1,0,1,1,1,0,0,0,1,0,0,1,1,1,0,0,1,1,0,0,0,0,1,0,1,1,0,1,1,1,1,1,1,1,1,1,1,0,0,1,0,0.3333333333333333,591.5973852203549,1
92,1,0,1,0,1,0,0,1,1,0,1,1,1,1,1,0,1,1,0,0,0,1,0,0,1,1,1,0,0,0,1,0,0,1,0,1,0,1,1,0,1,1,1,1,1,1,0,1,1,1,0,1,1,0,0.3333333333333333,521.5950438659745,1
93,1,0,1,0,1,0,0,1,1,0,1,1,0,1,0,0,1,1,0,0,0,0,0,1,1,1,1,0,0,1,1,0,0,0,0,0,0,1,1,0,1,1,1,1,1,1,0,1,1,1,0,1,0,0,0.2962962962962963,494.18210861403526,1
94,1,0,1,0,1,0,0,1,1,0,0,1,1,1,0,0,1,0,0,0,0,1,0,1,1,1,1,0,0,1,1,0,0,1,0,1,0,1,1,1,1,1,1,1,0,1,0,1,1,1,0,1,0,0,0.3888888888888889,454.4534012910509,1
95,1,0,1,0,1,0,0,1,1,1,1,1,0,1,0,0,1,1,0,0,0,1,0,0,1,1,1,0,0,1,1,0,0,1,0,1,0,1,1,1,1,1,1,1,0,1,0,1,1,1,0,1,0,0,0.42592592592592593,465.6236432062344,1
96,1,0,0,1,0,1,1,0,0,1,0,0,0,1,1,1,0,1,1,1,1,0,1,0,0,0,0,1,1,1,0,1,1,0,1,0,1,0,0,0,0,0,0,0,0,0,0,0,0,0,1,0,1,1,0.4074074074074074,297.12471632064137,1
97,1,0,1,0,1,0,0,1,1,0,1,1,1,1,0,0,1,1,1,0,0,1,0,1,1,1,1,0,0,0,1,0,0,1,0,1,0,1,1,0,1,1,0,1,1,1,0,1,1,1,0,1,0,0,0.4074074074074074,539.9859128091871,1
98,1,0,1,0,1,0,0,1,1,0,1,1,1,1,1,0,1,1,0,0,0,1,0,0,1,0,1,0,0,0,1,0,0,1,0,1,1,1,1,0,1,1,1,1,1,1,0,1,1,1,0,1,0,0,0.42592592592592593,484.3565356328623,1
99,1,0,1,0,1,0,0,1,1,0,1,1,0,0,0,1,1,1,0,0,1,1,0,1,1,1,1,0,0,0,1,0,0,0,0,1,0,1,1,1,1,1,1,1,0,1,1,1,1,1,0,1,0,0,0.35185185185185186,558.6864149676474,1
