,0,1,2,3,4,5,6,7,8,9,10,11,12,13,14,15,16,17,18,19,20,21,22,23,24,25,26,27,28,29,30,31,32,33,34,35,36,37,38,39,40,41,42,43,44,45,46,47,48,49,50,51,52,53,chain_break_fraction,energy,num_occurrences
0,0,1,1,0,1,0,0,1,0,0,1,1,1,0,1,0,1,0,0,0,0,1,0,1,0,0,0,0,0,0,0,0,0,0,0,0,1,1,0,1,1,0,1,1,1,0,1,0,1,0,1,1,1,0,0.2777777777777778,251.22190793519204,1
1,0,0,0,1,0,0,1,1,1,1,0,0,0,1,0,1,0,0,0,1,1,0,0,0,1,1,1,1,1,1,1,1,1,0,1,1,0,0,0,0,0,0,0,0,0,1,0,1,0,1,0,0,0,1,0.3148148148148148,389.97935704814256,1
2,1,1,1,0,1,0,0,1,0,1,1,1,1,0,1,0,1,0,0,0,0,1,0,1,0,0,0,0,0,0,0,0,0,0,0,0,1,1,0,1,1,0,1,1,1,0,1,0,1,0,1,1,1,0,0.24074074074074073,285.0932963053243,1
3,0,1,1,0,1,0,0,1,0,0,1,1,1,0,1,0,0,0,0,0,0,1,0,1,0,0,0,0,0,0,0,0,0,0,0,0,1,1,0,1,1,1,1,1,1,0,1,0,1,0,1,1,1,0,0.2777777777777778,228.0863219100607,1
4,0,0,0,1,0,1,1,1,1,1,0,0,0,1,0,1,0,0,0,1,1,0,0,0,1,1,1,1,1,1,1,1,1,1,1,1,0,0,0,0,0,0,0,0,0,1,0,1,0,1,0,0,0,1,0.2962962962962963,381.10708779054687,1
5,0,1,1,0,1,0,0,1,0,0,1,1,1,0,1,0,1,0,0,0,0,0,0,1,0,0,0,0,0,0,0,0,0,0,0,0,1,1,0,1,1,1,1,1,1,0,1,0,1,0,1,1,1,0,0.2777777777777778,234.93734454413857,1
6,0,0,0,1,0,1,1,1,1,1,0,0,0,1,0,1,0,1,1,1,1,0,0,0,1,1,1,1,1,1,1,1,1,1,1,1,0,0,0,0,0,0,0,0,0,1,0,1,0,1,0,0,0,1,0.3333333333333333,413.21752614947445,1
7,0,0,0,1,0,1,1,0,1,1,0,0,0,1,0,1,0,1,1,1,1,0,0,0,1,1,1,1,1,1,1,1,1,1,1,1,0,0,0,0,0,0,0,0,0,0,0,1,0,1,0,0,0,1,0.2962962962962963,390.21235052935714,1
8,0,1,1,0,1,0,0,1,0,0,1,1,1,0,1,0,1,0,1,0,0,1,0,1,0,0,0,0,0,0,0,0,0,1,0,0,1,1,0,1,1,0,1,1,1,0,1,0,1,0,1,1,1,0,0.2222222222222222,256.0570759679082,1
9,0,1,1,0,1,0,0,1,0,0,1,1,1,0,1,0,1,0,1,0,0,1,0,1,0,0,0,0,0,0,0,0,0,0,0,0,1,1,0,1,1,0,1,1,1,0,1,0,1,0,1,1,1,0,0.25925925925925924,265.4614192128216,1
10,0,0,0,1,0,1,1,1,1,0,0,0,0,1,0,0,0,1,1,1,1,0,0,0,1,1,1,1,1,1,1,1,1,1,0,1,0,0,0,0,0,0,0,0,0,1,0,1,0,1,0,0,0,1,0.2777777777777778,394.9721341091207,1
11,1,0,0,1,0,1,1,0,1,1,0,0,0,1,0,1,0,1,1,1,1,0,0,0,1,1,0,1,1,1,1,1,1,0,1,1,0,0,0,0,0,0,0,0,0,1,0,1,0,1,0,1,0,1,0.2962962962962963,378.71395420106796,1
12,0,0,0,1,0,1,1,0,1,1,0,0,0,1,0,1,1,1,1,1,1,0,0,0,1,1,1,1,1,1,1,1,1,1,1,1,0,0,0,0,0,0,0,0,0,1,0,1,0,1,0,0,0,1,0.2962962962962963,416.5876842852276,1
13,0,0,0,1,0,1,1,0,1,0,0,0,0,1,0,1,0,1,1,1,1,0,0,0,1,1,1,1,1,1,1,1,1,1,0,1,0,0,0,0,0,0,0,0,0,1,0,1,0,1,0,0,0,1,0.3148148148148148,385.79845692261995,1
14,1,1,1,0,1,0,0,1,0,1,1,1,1,0,1,0,1,0,0,0,0,1,0,1,0,0,0,0,0,0,0,0,0,0,0,0,1,1,0,1,1,1,1,1,1,0,1,0,1,0,1,1,1,0,0.2962962962962963,248.71776118334887,1
15,0,0,0,1,0,1,1,0,1,0,0,0,0,1,0,1,0,1,1,1,1,0,1,0,1,1,0,1,1,1,1,1,1,0,0,1,0,0,0,0,0,0,0,0,0,0,0,1,0,1,0,1,0,1,0.25925925925925924,337.03973445034126,1
16,0,0,0,1,0,1,1,1,1,0,0,0,0,1,0,1,0,0,0,1,1,0,1,0,1,1,0,1,1,1,1,1,1,0,1,1,0,0,0,0,0,0,0,0,0,1,0,1,0,1,0,1,0,1,0.3148148148148148,382.66032927378035,1
17,0,0,0,1,0,1,1,1,1,1,0,0,0,1,0,1,0,0,1,1,1,0,0,0,1,1,0,1,1,1,1,1,1,1,1,1,0,0,0,0,0,0,0,0,0,1,0,1,0,1,0,1,0,1,0.2962962962962963,412.4188926405941,1
18,1,1,1,0,1,1,0,1,0,1,1,1,1,0,1,0,1,1,0,0,0,1,1,1,0,0,0,0,0,0,0,0,0,0,0,0,1,1,0,1,1,1,1,1,1,0,1,0,1,0,1,1,1,0,0.3148148148148148,519.5796676590493,1
19,0,1,1,0,1,0,0,1,0,1,1,1,1,0,1,0,1,1,1,0,0,1,0,1,0,0,0,0,0,0,0,0,0,1,0,0,1,1,0,1,1,1,1,1,1,0,1,0,1,0,1,1,1,0,0.2962962962962963,320.0907140808852,1
20,1,0,0,1,0,1,1,1,1,1,0,0,0,1,0,1,0,0,0,0,1,0,0,0,1,1,1,1,1,1,1,1,1,0,0,1,0,0,1,0,0,0,0,0,0,1,0,1,0,1,0,1,0,1,0.2962962962962963,441.47834721389034,1
21,0,1,1,0,1,0,0,1,0,1,1,1,1,0,1,0,1,1,0,0,0,1,0,1,0,0,0,0,0,0,0,0,0,0,0,0,1,1,0,1,1,1,1,1,1,0,1,0,1,0,1,1,1,0,0.3148148148148148,315.13773676305226,1
22,0,0,0,1,0,1,1,1,1,1,0,0,0,1,0,1,0,1,1,1,1,0,0,0,1,1,0,1,1,1,1,1,1,0,1,1,0,0,0,0,0,0,0,0,0,1,0,1,0,1,0,0,0,1,0.2962962962962963,369.6819529799153,1
23,0,1,1,0,1,1,0,1,0,0,1,1,1,0,1,0,0,0,1,0,0,1,1,1,0,0,0,0,0,0,0,0,0,0,0,0,1,1,0,1,1,0,1,1,1,0,1,0,1,0,1,1,1,0,0.25925925925925924,370.3700640955762,1
24,0,1,1,0,1,0,0,1,0,1,1,1,1,0,1,0,1,0,1,0,0,1,0,1,0,0,0,0,0,0,0,0,0,0,0,0,1,1,0,1,1,1,1,1,1,0,1,0,1,0,1,1,1,0,0.2777777777777778,247.428952629481,1
25,0,1,1,0,1,0,0,1,0,0,1,1,1,0,1,0,1,0,0,0,0,1,1,1,0,0,0,0,0,0,0,0,0,0,0,0,1,1,0,1,1,1,1,1,1,0,1,0,1,0,1,0,1,0,0.2962962962962963,255.71408838680776,1
26,1,1,1,0,1,1,0,1,0,0,1,1,1,0,1,0,1,1,1,0,0,1,1,1,0,0,0,0,0,0,0,0,0,0,0,0,1,1,0,1,1,1,1,1,1,0,1,0,1,0,1,1,1,0,0.2962962962962963,518.3720780682205,1
27,1,1,1,0,1,0,0,1,0,0,1,1,1,0,1,0,1,0,0,0,0,1,0,1,0,0,0,0,0,0,0,0,0,0,1,0,1,1,0,1,1,1,1,1,1,0,1,0,1,0,1,1,1,0,0.2962962962962963,249.47459972079164,1
28,1,1,1,0,1,1,0,1,0,1,1,1,1,0,1,0,1,0,0,0,0,1,0,1,0,0,0,0,0,0,0,0,0,1,0,0,1,1,0,1,1,0,1,1,1,0,1,0,0,0,1,1,1,0,0.24074074074074073,409.3504309542985,1
29,1,1,1,0,1,1,0,1,0,0,1,1,1,0,1,0,1,1,1,0,0,1,1,1,0,0,0,0,0,0,0,0,0,1,0,0,1,1,0,1,1,1,1,1,1,0,1,0,1,0,1,1,1,0,0.25925925925925924,491.33876379567704,1
30,1,1,1,0,1,0,0,1,0,1,1,1,1,0,1,1,0,0,0,0,0,1,1,1,0,0,0,0,0,0,0,0,0,0,0,0,1,1,1,1,1,1,1,1,1,0,1,0,1,0,1,1,1,0,0.3148148148148148,280.298028328068,1
31,0,1,1,0,1,0,0,1,0,0,1,1,1,0,1,0,0,1,1,0,0,1,0,1,0,0,0,0,0,0,0,0,0,1,1,0,1,1,0,1,1,0,1,1,1,0,1,0,1,0,1,1,1,0,0.2777777777777778,293.57106252826304,1
32,0,0,0,1,0,1,1,1,1,1,0,0,0,1,0,1,0,1,0,1,1,0,0,0,1,1,1,1,1,1,1,1,1,1,1,1,0,0,0,0,0,0,0,0,0,1,0,1,0,1,0,1,0,1,0.3148148148148148,409.67356309016805,1
33,1,1,1,0,1,0,0,1,0,1,1,1,0,0,1,0,1,0,0,0,0,1,1,1,0,0,0,0,0,0,0,0,0,0,0,0,1,1,1,1,1,1,1,1,1,0,1,0,1,0,1,1,1,0,0.2222222222222222,283.4674448676876,1
34,0,0,0,1,0,1,1,1,1,1,0,0,0,1,0,1,0,0,1,1,1,0,1,0,1,1,0,1,1,1,1,1,1,0,1,1,0,0,0,0,0,0,0,0,0,1,0,1,0,1,0,1,0,1,0.2777777777777778,358.40706195499683,1
35,0,1,1,0,1,0,0,1,0,1,1,1,1,0,1,0,1,0,0,0,0,1,0,1,0,0,0,0,0,0,0,0,0,0,0,0,1,1,0,1,1,1,1,1,1,0,1,0,1,0,1,1,1,0,0.35185185185185186,240.68633942034134,1
36,1,1,1,0,1,0,0,1,0,0,1,1,1,0,1,0,0,0,0,0,0,1,0,1,0,0,0,0,0,0,0,0,0,1,0,0,1,1,0,0,1,0,1,1,1,0,1,0,1,0,1,0,1,0,0.3148148148148148,246.7704805642864,1
37,1,0,0,1,0,0,1,1,1,1,0,0,0,1,0,1,0,0,1,1,1,0,1,0,1,1,0,1,1,1,1,1,1,1,1,1,0,0,0,0,0,0,0,0,0,1,0,1,0,1,0,0,0,1,0.3148148148148148,383.9280650283288,1
38,0,0,0,1,0,1,1,1,1,1,0,0,0,1,0,1,0,0,0,1,1,0,0,0,0,1,0,1,1,1,1,1,1,0,1,1,0,0,0,0,0,0,0,0,0,1,0,1,0,1,0,1,0,1,0.3148148148148148,416.58874817081187,1
39,0,0,0,1,0,1,0,0,1,1,0,0,0,1,0,1,0,1,1,1,1,0,0,0,1,1,0,1,1,1,1,1,1,0,1,1,0,0,0,0,0,0,0,0,0,1,0,1,0,1,0,1,0,1,0.3148148148148148,393.94404923197305,1
40,1,0,0,1,0,1,1,1,1,0,0,0,0,1,0,0,0,0,1,1,1,0,0,0,1,1,0,1,1,1,1,1,1,0,1,1,0,0,0,0,0,0,0,0,0,1,0,1,0,1,0,0,0,1,0.3333333333333333,383.8150304010337,1
41,1,0,0,1,0,1,1,1,1,0,0,0,0,1,0,1,0,1,0,1,1,0,1,0,1,1,1,1,1,1,1,1,1,0,1,1,0,0,1,0,0,0,0,0,0,1,0,1,0,1,0,1,0,1,0.3148148148148148,462.8548572563454,1
42,0,1,1,0,1,0,0,1,0,0,1,1,1,0,1,0,1,1,1,0,0,1,0,1,0,0,0,0,0,0,0,0,0,0,0,0,1,1,0,1,1,1,1,1,1,0,1,0,1,0,1,0,1,0,0.25925925925925924,327.12809608226956,1
43,0,0,0,1,0,1,0,1,1,1,0,0,0,1,0,0,0,0,1,1,1,0,0,0,1,1,0,1,1,1,1,1,1,0,1,1,0,0,0,0,0,1,0,0,0,1,0,1,0,1,0,0,0,1,0.3148148148148148,502.9433114107245,1
44,1,1,1,0,1,0,0,1,1,0,1,1,1,0,1,0,1,1,1,0,0,0,0,1,0,0,0,0,0,0,0,0,0,0,1,0,1,1,0,1,1,0,1,1,1,0,1,0,1,0,1,1,1,0,0.2777777777777778,486.2120358973515,1
45,1,1,1,0,1,0,0,1,0,0,1,1,1,0,1,0,1,0,1,0,0,1,1,1,0,0,0,0,0,0,0,0,0,0,1,0,1,1,0,1,1,1,1,1,1,0,1,0,1,0,1,1,1,0,0.3333333333333333,265.6351711068195,1
46,0,0,0,1,0,1,1,1,1,0,0,0,0,1,0,1,0,1,1,0,1,0,0,0,1,1,1,1,1,1,1,1,1,1,0,1,0,0,0,0,0,0,0,0,0,1,0,1,0,1,0,1,0,1,0.3148148148148148,387.1871068634016,1
47,1,1,1,0,1,0,0,1,0,1,1,1,1,0,1,0,1,0,0,0,0,1,0,1,0,0,0,0,0,0,0,0,0,0,0,0,1,1,0,1,1,1,1,1,1,0,1,0,0,0,1,1,1,0,0.2962962962962963,254.02065201555652,1
48,0,0,0,1,0,1,1,0,1,1,0,0,0,1,0,0,0,1,1,0,1,0,1,0,1,1,0,1,1,1,1,1,1,0,1,1,0,0,0,0,0,0,0,0,0,1,0,1,0,1,0,0,0,1,0.25925925925925924,359.676807095183,1
49,0,0,0,1,0,1,1,0,1,1,0,0,0,1,0,1,0,1,1,0,1,0,1,0,1,1,0,1,1,1,1,1,1,0,0,1,0,0,0,0,0,0,0,0,0,1,0,1,0,1,0,0,0,1,0.3148148148148148,326.7535356061954,1
50,0,0,0,1,0,1,1,1,1,1,0,0,1,1,0,1,0,1,1,0,1,0,1,0,1,1,1,1,1,1,1,1,1,1,1,1,0,0,1,0,0,0,0,0,0,1,0,1,0,1,0,1,0,1,0.2777777777777778,467.481099928065,1
51,1,0,0,1,0,1,1,1,1,1,0,0,0,1,0,1,1,1,1,0,1,0,1,0,1,1,1,1,1,1,1,1,1,0,1,1,0,0,0,0,0,0,0,0,0,1,0,1,0,1,0,0,0,1,0.2777777777777778,444.0563199666366,1
52,1,1,1,0,1,0,0,1,0,1,1,1,1,0,1,0,1,0,0,0,0,1,1,1,1,0,0,0,0,0,0,0,0,0,0,0,1,1,0,1,1,1,1,1,1,0,1,0,1,0,1,0,1,0,0.35185185185185186,301.00417524894755,1
53,0,0,0,1,0,1,1,1,1,1,0,0,0,1,0,1,0,1,1,1,1,0,1,0,1,1,1,1,1,1,1,1,1,1,1,1,0,0,0,0,0,0,0,0,0,0,0,1,0,1,0,1,0,1,0.2962962962962963,421.5705866880865,1
54,0,1,1,0,1,0,0,1,0,1,1,1,1,0,1,0,1,0,0,0,0,1,0,1,0,0,0,0,0,0,0,0,0,0,0,0,1,1,0,1,1,0,1,1,1,0,1,0,1,0,1,1,1,0,0.3888888888888889,265.61082820665183,1
55,0,0,0,1,0,1,1,0,1,0,0,0,0,1,0,1,0,1,0,1,1,0,1,0,1,1,1,1,1,1,1,1,1,1,0,0,0,0,0,0,0,0,0,0,0,1,0,1,0,1,0,1,0,1,0.2777777777777778,368.8282223088965,1
56,0,0,0,1,0,1,1,0,1,0,0,0,0,1,0,1,0,1,0,0,1,0,0,0,1,1,1,1,1,1,1,1,1,0,1,0,0,0,0,0,0,0,0,0,0,1,0,1,0,1,0,1,0,1,0.2962962962962963,337.4066535617988,1
57,1,1,1,0,1,0,0,1,0,1,1,1,1,0,1,0,1,0,0,0,0,1,1,1,0,0,0,0,0,0,0,0,0,1,0,0,1,1,1,1,1,1,1,1,1,0,1,0,0,0,1,0,1,0,0.3148148148148148,287.50564515134806,1
58,0,0,0,1,0,1,1,1,0,1,0,0,0,1,0,1,0,0,1,1,1,0,0,0,1,1,1,1,1,1,1,1,1,0,1,1,0,0,1,0,0,1,0,0,0,1,0,1,0,1,0,0,0,1,0.3333333333333333,631.3802462305091,1
59,0,0,0,1,0,1,1,1,1,1,0,0,0,1,0,1,0,1,1,1,1,0,1,0,1,1,0,1,1,1,1,1,1,0,0,1,0,0,0,0,0,0,0,0,0,1,0,1,0,1,0,1,0,1,0.35185185185185186,357.49303451595176,1
60,0,0,0,1,0,1,1,1,1,1,0,0,0,1,0,1,1,0,1,1,1,0,1,0,1,1,1,1,1,1,1,1,1,1,0,1,0,0,0,0,0,0,0,0,0,1,0,1,0,1,0,1,0,1,0.3333333333333333,380.725092746811,1
61,0,0,0,1,0,1,1,0,1,0,0,0,0,1,0,1,0,1,1,1,1,0,0,0,1,1,1,1,1,1,1,1,1,0,1,1,0,0,0,0,0,0,0,0,0,1,0,1,1,1,0,1,0,1,0.2777777777777778,415.0148596685283,1
62,1,1,1,0,1,0,0,1,0,0,1,1,1,0,1,0,1,0,1,0,0,1,0,1,0,0,0,0,0,0,0,0,0,0,0,0,1,1,0,1,1,0,1,1,1,0,1,0,1,0,1,1,1,0,0.25925925925925924,284.9315852017376,1
63,0,1,1,0,1,1,0,1,0,0,1,1,1,0,1,0,0,0,1,0,0,1,0,1,0,0,0,0,0,0,0,0,0,0,0,0,1,1,1,1,1,0,1,1,1,0,1,0,1,0,1,1,1,0,0.25925925925925924,301.0566894210593,1
64,1,1,1,0,1,0,0,1,1,0,1,1,1,0,1,0,1,1,1,1,0,1,0,1,0,0,0,0,0,0,0,0,0,0,0,0,1,1,0,1,1,0,1,1,1,0,1,0,1,0,1,0,1,0,0.3148148148148148,701.7352626794005,1
65,0,1,1,0,1,1,0,1,0,1,1,1,1,0,1,0,1,0,0,0,0,1,1,1,0,0,0,0,0,0,0,0,0,0,0,0,1,1,0,1,1,0,1,1,1,0,1,0,1,0,1,1,1,0,0.2962962962962963,438.1120446364158,1
66,0,0,0,1,0,1,1,1,1,1,0,0,1,1,0,1,0,0,0,1,1,0,0,0,1,1,0,1,1,1,1,1,1,0,1,1,0,0,0,0,0,0,1,0,0,1,0,1,0,1,0,1,0,1,0.2962962962962963,410.96628020604874,1
67,1,1,1,0,1,0,0,1,0,1,1,1,1,0,1,0,1,0,0,0,0,1,0,1,0,0,0,0,0,0,0,0,0,1,0,0,1,1,0,1,1,1,1,1,1,0,1,0,1,0,1,0,1,0,0.25925925925925924,249.08099020274375,1
68,1,1,1,0,1,0,0,1,0,1,1,1,1,0,1,0,1,0,1,0,0,0,0,1,0,0,0,0,0,0,0,0,0,1,0,0,1,1,0,1,1,0,1,1,1,0,1,0,1,0,1,1,1,0,0.3148148148148148,273.0006231204117,1
69,0,1,1,0,1,0,0,1,0,0,1,1,1,0,1,1,0,0,0,0,0,1,1,1,0,0,0,0,0,0,0,0,0,0,0,0,1,1,0,1,1,1,1,1,1,0,1,0,1,0,1,1,1,0,0.3148148148148148,238.9478982231768,1
70,0,0,0,1,0,0,1,1,1,1,0,0,0,1,0,1,0,1,1,1,1,1,0,0,1,1,0,1,1,1,1,1,1,1,1,1,0,0,0,0,0,0,0,0,0,1,0,1,0,1,0,0,0,1,0.3148148148148148,385.0039149457606,1
71,0,1,1,0,1,1,0,1,0,1,1,1,1,0,1,0,1,0,0,0,0,0,0,1,0,0,0,0,0,0,0,0,0,1,0,0,1,1,0,1,1,1,1,1,1,0,1,0,1,0,1,1,1,0,0.3333333333333333,284.88902800238407,1
72,0,1,1,0,1,0,0,1,0,1,1,1,1,0,1,0,1,1,0,0,0,1,0,1,0,0,0,0,0,0,0,0,0,0,0,0,1,1,0,1,1,1,1,1,0,0,1,0,1,0,1,1,1,0,0.2777777777777778,368.10503853063466,1
73,1,1,1,0,1,0,0,0,1,0,1,1,1,0,1,0,1,0,0,0,0,1,0,1,0,0,0,0,0,0,0,0,0,0,0,0,1,1,0,1,1,1,1,1,1,0,1,0,1,0,1,1,1,0,0.25925925925925924,276.55287802004386,1
74,1,1,1,0,1,0,0,0,0,1,1,1,1,0,1,0,1,1,1,0,0,1,0,1,0,0,0,0,0,0,0,0,0,0,0,0,1,1,0,1,1,1,1,1,1,0,1,0,1,0,1,1,1,0,0.24074074074074073,311.98987429355964,1
75,0,1,1,1,1,0,0,0,0,0,1,1,1,0,1,0,1,1,0,0,0,0,0,1,0,0,0,0,0,0,0,0,0,0,0,0,1,1,0,1,1,0,1,1,1,0,1,0,1,0,1,1,1,0,0.24074074074074073,316.37725926962906,1
76,0,1,1,0,1,0,0,1,0,1,1,1,1,0,1,0,1,0,0,0,0,1,1,1,0,0,0,0,0,0,0,0,0,1,0,0,0,1,0,1,1,1,1,1,1,0,1,0,0,0,1,1,1,0,0.3333333333333333,269.03459597741204,1
77,0,0,0,1,0,1,1,0,1,0,0,0,0,1,0,1,0,0,1,1,1,0,0,0,1,1,1,1,1,1,1,1,1,0,0,1,0,0,0,0,0,0,0,0,0,1,0,1,0,1,0,1,0,1,0.3333333333333333,363.01802944788585,1
78,0,1,1,0,1,1,0,1,0,1,1,1,1,0,1,0,0,1,0,0,0,1,0,1,0,0,0,0,0,0,0,0,0,1,0,0,1,1,0,1,1,0,1,1,1,0,1,0,1,0,1,1,1,0,0.3333333333333333,433.1886027499702,1
79,1,1,1,0,1,0,0,1,0,1,1,1,1,0,1,0,1,0,1,0,0,1,1,1,0,0,0,0,0,0,0,0,0,0,0,0,0,1,0,1,1,1,1,1,1,0,1,0,1,0,1,1,1,0,0.24074074074074073,299.9907702000837,1
80,0,1,1,0,1,0,0,1,0,1,1,1,1,0,1,0,1,0,1,0,0,1,0,1,0,0,0,0,0,0,0,0,0,0,0,0,1,1,0,1,1,1,1,1,1,0,1,0,1,0,1,1,1,0,0.25925925925925924,247.428952629481,1
81,0,0,0,1,0,1,0,1,1,1,0,0,0,1,0,1,0,0,0,1,1,0,0,0,1,1,1,1,1,1,1,1,1,0,0,1,0,0,1,0,0,0,0,0,0,1,0,1,0,1,0,1,0,1,0.3333333333333333,449.89269555699315,1
82,0,1,1,0,1,0,1,1,0,0,1,1,1,0,1,0,1,0,0,0,0,1,0,1,0,0,0,0,0,0,0,0,0,0,0,0,1,1,0,1,1,0,1,1,1,0,1,0,1,0,1,1,1,0,0.3148148148148148,267.31500795026807,1
83,0,0,0,1,0,1,0,1,1,0,0,0,0,1,0,0,0,1,0,1,1,0,1,0,1,1,0,1,1,1,1,1,1,0,1,1,1,0,0,0,0,0,0,0,0,1,0,1,0,1,0,0,0,1,0.2962962962962963,384.8155348384865,1
84,0,0,0,1,0,1,1,1,1,1,0,0,0,1,0,0,0,0,0,0,1,0,1,0,1,1,1,1,1,1,1,1,1,0,0,0,0,0,0,0,0,0,0,0,0,1,0,1,0,1,0,1,0,1,0.3148148148148148,295.6537739862206,1
85,0,0,0,1,0,1,1,1,1,0,0,0,1,1,0,1,1,1,1,1,1,0,1,0,1,1,1,1,1,1,1,1,1,1,1,1,0,0,1,0,0,0,0,0,0,1,0,1,0,1,0,0,0,1,0.3148148148148148,490.3141145847903,1
86,0,0,0,1,0,1,1,1,0,0,0,0,0,1,0,1,0,1,0,1,1,1,1,0,1,1,0,1,1,1,1,1,1,0,1,1,0,0,0,0,0,0,0,0,0,0,0,1,0,1,0,0,0,1,0.25925925925925924,333.04933959376825,1
87,1,1,1,0,1,0,0,0,1,1,1,1,1,0,1,0,1,0,0,0,0,0,0,1,1,0,0,0,0,0,0,0,0,0,0,0,1,1,1,1,1,1,1,1,1,0,1,0,1,0,1,1,1,0,0.25925925925925924,302.4388180088236,1
88,0,0,0,1,0,0,1,0,1,1,0,0,0,1,0,1,1,1,0,1,1,0,1,0,1,1,1,1,1,1,1,1,1,0,0,1,0,0,0,0,0,0,1,0,0,1,0,1,0,1,0,0,0,1,0.2962962962962963,364.39627583550885,1
89,0,0,0,0,0,1,0,1,1,0,0,0,0,1,0,1,0,0,1,1,1,0,0,0,1,1,1,1,1,1,1,1,1,0,1,1,0,0,0,0,0,0,0,0,0,1,0,1,0,1,0,1,0,1,0.3333333333333333,406.3405989981791,1
90,0,1,1,0,1,0,0,1,1,1,1,1,1,0,1,0,1,1,0,0,0,1,0,1,0,0,0,0,1,0,0,0,0,1,0,0,1,1,0,1,1,1,1,1,1,0,1,0,1,0,1,1,1,0,0.3148148148148148,374.25015652539014,1
91,1,1,1,0,1,1,0,1,0,0,1,1,1,0,1,0,0,1,0,0,0,1,0,1,0,0,0,0,0,0,0,0,0,0,0,0,1,1,1,1,1,0,1,0,1,0,1,0,0,0,1,1,1,0,0.3888888888888889,459.03869740469014,1
92,0,0,0,1,0,1,1,0,1,1,0,0,0,1,0,1,0,1,0,1,1,0,0,0,1,1,0,1,1,1,1,1,1,0,0,1,0,0,0,0,0,0,0,0,0,1,0,1,0,1,0,1,0,1,0.2962962962962963,353.5509556636865,1
93,0,1,1,0,1,0,0,1,0,1,1,1,1,0,1,0,0,0,1,0,0,1,0,1,0,0,0,0,0,0,0,0,0,0,0,0,1,1,0,1,1,1,1,1,1,0,1,0,0,0,1,1,1,0,0.3148148148148148,229.5094334841374,1
94,0,0,0,1,0,1,1,0,1,1,0,0,0,1,0,1,0,1,1,0,1,1,0,0,1,1,0,1,1,1,1,1,1,0,0,0,0,0,0,0,0,1,0,0,0,1,0,1,0,1,0,1,0,1,0.3333333333333333,315.81085592025613,1
95,0,0,0,1,0,1,1,1,1,1,0,0,0,1,0,1,0,0,0,1,1,0,0,0,1,1,0,1,1,1,1,1,1,0,1,1,0,0,0,0,0,0,0,0,0,1,0,1,0,1,0,1,0,1,0.35185185185185186,399.703376921746,1
96,1,1,1,0,1,1,0,0,0,0,1,1,1,0,1,0,1,0,0,0,0,1,0,1,0,0,0,0,0,0,0,0,0,0,0,0,1,1,1,1,1,1,1,1,1,0,1,0,0,0,1,1,1,0,0.2962962962962963,296.8162978487517,1
97,0,0,0,1,0,1,1,0,1,1,0,0,0,1,0,1,0,0,1,1,1,1,1,0,0,1,0,1,1,1,1,1,1,0,0,1,0,0,0,0,0,0,0,0,0,1,0,1,0,1,0,1,0,1,0.3148148148148148,324.919736046471,1
98,0,0,0,1,0,1,1,1,1,1,0,0,0,1,0,1,0,1,0,1,1,1,1,0,0,1,1,1,1,1,1,1,1,0,0,1,0,0,1,0,0,1,1,0,0,0,0,1,0,1,0,0,0,1,0.2777777777777778,440.7397341152513,1
99,1,1,1,0,1,0,0,1,0,0,1,1,1,0,1,0,1,0,0,0,0,0,1,1,0,0,0,0,0,0,0,0,0,0,0,0,1,1,1,1,1,1,1,1,1,0,1,0,0,0,1,0,1,0,0.3333333333333333,275.70697762817974,1
