,0,1,2,3,4,5,6,7,8,9,10,11,12,13,14,15,16,17,18,19,20,21,22,23,24,25,26,27,28,29,30,31,32,33,34,35,chain_break_fraction,energy,num_occurrences
0,0,1,0,1,0,0,0,1,1,1,0,1,0,0,0,0,0,1,1,0,1,1,0,0,0,1,1,0,0,0,1,1,0,0,0,0,0.25,13.452873331922536,1
1,0,1,0,1,0,0,0,1,1,1,0,1,0,0,0,0,0,1,0,0,1,1,0,0,0,1,1,0,0,0,1,1,0,0,1,0,0.3055555555555556,13.154156886137184,1
2,0,1,0,1,0,0,0,1,1,1,0,1,0,0,0,0,0,1,0,0,1,1,0,0,0,1,1,0,0,0,1,1,0,1,1,0,0.2777777777777778,13.259671752500537,1
3,0,1,1,1,0,0,1,1,1,1,0,1,0,0,0,0,0,1,1,0,1,1,0,0,0,1,1,0,0,0,1,1,0,0,1,0,0.3333333333333333,17.143899811665968,1
4,1,0,1,0,1,1,1,0,0,0,1,0,1,1,1,1,1,0,0,1,0,0,0,1,1,0,0,1,1,1,0,0,1,1,0,1,0.3888888888888889,12.932375324791488,1
5,0,1,0,1,0,0,0,1,1,1,0,1,0,0,0,0,0,1,1,0,1,1,0,0,0,1,1,0,0,0,0,1,0,0,1,0,0.3333333333333333,13.927076557530755,1
6,0,1,0,1,0,0,0,1,1,1,0,1,0,0,0,0,0,1,0,0,1,1,0,0,0,1,1,0,0,0,1,1,0,0,1,0,0.3611111111111111,13.154156886137184,1
7,0,1,0,1,0,0,0,1,1,1,0,1,0,0,0,0,0,1,1,0,1,1,0,0,0,1,1,0,0,0,1,1,0,1,0,0,0.3333333333333333,13.975590137086888,1
8,0,1,1,1,0,0,0,1,1,1,0,1,0,0,0,0,0,1,1,0,1,1,0,0,0,1,1,0,0,0,1,1,0,0,0,0,0.2777777777777778,16.976918643413143,1
9,0,1,0,1,0,0,0,1,1,1,0,1,0,0,0,0,0,1,1,0,1,1,0,0,0,1,1,0,0,0,1,1,0,0,1,0,0.3055555555555556,12.913624631352349,1
10,0,1,0,1,0,0,0,1,1,1,0,1,0,0,0,0,0,1,1,0,1,1,0,0,0,1,1,0,0,0,1,1,0,0,0,0,0.3333333333333333,13.452873331922536,1
11,0,1,0,1,0,0,0,1,1,1,0,1,0,0,0,0,0,1,0,0,1,1,0,0,0,1,1,0,0,0,1,1,0,0,1,0,0.2777777777777778,13.154156886137184,1
12,0,1,1,1,0,0,0,1,1,1,1,1,0,0,0,0,0,1,1,0,1,1,0,0,0,1,1,0,0,0,1,1,0,0,1,0,0.3333333333333333,20.0678417352606,1
13,0,1,0,1,0,0,0,1,1,1,0,1,0,0,0,0,0,1,1,0,1,1,0,0,0,1,1,0,0,0,0,1,0,0,1,0,0.3611111111111111,13.927076557530755,1
14,1,1,0,1,0,0,0,1,1,1,0,1,0,0,0,0,0,1,0,0,1,1,0,0,0,1,1,0,0,0,1,1,0,1,1,0,0.3055555555555556,14.991367763606636,1
15,0,1,1,1,0,0,0,1,1,1,0,0,0,0,1,0,0,1,1,0,1,1,0,0,0,1,1,0,0,0,1,1,0,0,0,0,0.25,9.789416406982072,1
16,0,1,0,1,0,0,0,1,1,1,0,1,0,0,0,0,1,1,1,0,1,1,0,0,0,1,1,0,0,0,1,1,0,1,1,0,0.2777777777777778,16.503165372976976,1
17,1,0,1,0,1,1,1,0,0,0,0,0,1,1,1,1,1,0,0,1,0,0,1,1,1,0,0,1,1,1,0,0,1,1,0,1,0.3611111111111111,18.49905376764808,1
18,0,1,0,1,0,0,0,1,1,1,0,1,0,0,1,0,0,1,1,0,0,1,0,0,0,1,1,0,0,0,1,1,0,1,1,0,0.25,12.93069553967369,1
19,0,1,0,1,0,0,0,1,1,1,0,1,0,0,0,0,0,1,0,0,1,1,0,0,0,1,1,0,0,0,1,1,0,0,1,0,0.25,13.154156886137184,1
20,0,1,0,1,0,0,0,1,1,1,0,1,0,0,1,0,0,0,1,0,1,1,0,0,0,1,1,0,0,0,1,1,0,0,1,0,0.25,8.11662764458313,1
21,0,1,0,1,0,0,0,1,1,1,0,1,0,0,1,0,0,1,1,0,1,1,0,0,0,1,1,0,0,0,1,1,0,0,1,0,0.2777777777777778,13.07840959779412,1
22,0,1,1,1,0,0,0,1,1,1,0,1,0,0,0,0,0,1,0,0,1,1,0,0,0,1,1,0,0,0,1,1,0,1,1,0,0.3611111111111111,15.790201004717236,1
23,0,1,0,1,0,0,0,1,1,1,1,1,0,0,0,0,0,1,1,0,1,1,0,0,0,1,1,0,0,0,1,1,0,0,1,0,0.3611111111111111,16.188767810849445,1
24,0,1,0,1,0,0,1,1,1,1,1,1,0,0,0,0,0,1,1,0,1,1,0,0,0,1,1,0,0,0,1,1,0,1,1,0,0.3055555555555556,16.600389312711886,1
25,0,1,1,1,0,0,0,1,1,1,0,1,0,0,0,0,0,1,1,0,1,1,0,0,0,1,1,0,0,0,1,1,0,0,1,0,0.4444444444444444,15.894438071724942,1
26,0,1,1,1,0,0,0,1,1,1,0,1,0,0,0,0,0,1,0,0,1,1,0,0,0,1,1,0,0,0,1,1,0,0,1,0,0.3611111111111111,16.690998982522814,1
27,0,1,0,1,0,0,0,1,1,1,0,1,0,0,0,0,0,1,0,0,1,1,0,0,0,1,1,0,0,0,1,1,0,0,0,0,0.3055555555555556,14.414615831403633,1
28,1,0,1,0,1,1,1,0,0,0,1,0,1,1,1,1,1,1,0,1,0,0,0,1,1,0,0,1,1,1,0,0,1,0,1,1,0.3888888888888889,15.25292315916321,1
29,1,0,1,0,1,1,1,0,0,0,1,0,1,1,1,1,1,0,0,1,0,0,1,1,1,0,0,1,1,1,0,0,1,1,1,1,0.3611111111111111,20.905533806859523,1
30,0,1,1,1,0,0,0,1,1,1,0,1,0,0,0,0,0,1,1,0,1,1,0,0,1,1,1,0,0,0,0,1,0,0,1,0,0.3333333333333333,16.822848363250657,1
31,0,1,1,1,0,0,0,1,1,1,0,1,0,0,0,0,0,1,1,0,1,1,0,0,0,1,1,0,0,0,1,1,0,0,1,0,0.3611111111111111,15.894438071724942,1
32,0,1,1,1,0,0,0,1,1,1,0,1,0,0,0,0,0,1,1,0,1,1,0,0,0,1,1,0,0,0,1,1,0,0,0,0,0.3055555555555556,16.976918643413143,1
33,1,0,1,0,1,1,1,0,0,0,1,0,1,1,0,1,1,0,0,1,0,0,1,1,1,0,0,1,1,1,0,0,1,1,0,1,0.3611111111111111,18.58643767742591,1
34,0,1,0,1,0,0,0,1,1,1,0,1,0,0,0,0,0,1,0,0,1,0,0,0,0,1,1,0,0,0,1,1,0,0,1,0,0.2777777777777778,14.943556670255324,1
35,0,1,0,1,0,0,0,1,1,1,0,0,0,0,0,0,0,1,1,0,1,1,0,0,0,1,1,0,0,0,1,1,0,0,1,0,0.2777777777777778,8.363338272358178,1
36,1,0,1,0,1,1,1,0,0,0,1,0,1,1,1,1,1,1,0,1,0,0,1,1,1,0,0,1,1,1,0,0,1,0,0,1,0.3611111111111111,15.958566995529193,1
37,0,1,0,1,0,0,0,1,1,1,0,1,0,0,1,0,0,1,0,0,1,1,0,0,0,1,1,0,0,0,1,1,0,0,0,0,0.3611111111111111,15.643940108953732,1
38,0,1,1,1,0,0,0,1,1,1,0,0,0,0,0,0,0,1,1,0,1,0,0,0,0,1,1,0,0,0,1,1,0,0,1,0,0.2777777777777778,9.21807636960258,1
39,1,0,1,0,1,1,1,0,0,0,1,0,1,1,0,1,1,1,1,1,0,0,1,1,1,0,0,1,1,1,0,0,1,0,1,1,0.3888888888888889,20.637601843491407,1
40,1,0,1,0,1,1,1,0,0,0,1,0,1,1,1,1,1,0,0,1,0,0,0,1,1,0,0,1,1,1,0,0,1,1,1,1,0.3611111111111111,15.988131483107646,1
41,0,1,0,1,1,0,0,1,1,1,0,1,0,0,0,0,0,1,0,0,1,1,0,0,0,1,1,0,0,0,1,1,0,0,1,0,0.2777777777777778,14.626725584362209,1
42,0,1,0,1,1,0,0,1,1,1,0,1,0,0,0,0,0,1,0,0,1,1,0,0,0,1,1,0,0,0,1,1,0,0,1,0,0.3055555555555556,14.626725584362209,1
43,0,1,0,1,0,0,0,1,1,1,0,1,0,0,0,0,0,1,1,0,0,1,0,0,0,1,1,0,0,0,0,1,0,0,1,0,0.3055555555555556,14.773211868666634,1
44,0,1,0,1,1,0,0,1,1,1,0,1,0,0,0,0,0,1,0,0,1,1,0,0,0,1,1,0,0,0,1,1,0,1,0,0,0.2777777777777778,13.994370429405329,1
45,1,0,1,0,1,1,1,0,0,0,1,0,1,1,0,1,1,1,0,1,0,0,1,1,1,0,0,1,1,1,0,0,1,0,0,1,0.3611111111111111,14.948625735194838,1
46,0,1,0,1,0,0,0,1,1,1,0,1,0,0,0,0,0,1,0,0,1,1,0,0,0,1,1,0,0,0,1,1,0,1,1,0,0.2777777777777778,13.259671752500537,1
47,0,1,1,1,0,0,0,0,1,1,0,1,0,0,0,0,0,0,1,0,1,1,0,0,0,1,1,0,0,0,1,1,0,0,0,0,0.3333333333333333,10.504545417301863,1
48,1,0,1,0,0,1,1,0,0,0,1,0,1,0,1,1,1,1,0,1,0,0,1,1,1,0,0,1,1,1,0,0,1,0,0,1,0.2777777777777778,14.97738037766544,1
49,1,0,1,0,1,1,1,0,0,0,0,0,1,1,1,1,1,1,0,1,0,0,1,1,1,0,0,1,1,1,0,0,1,1,1,1,0.3888888888888889,19.913477787504085,1
50,1,0,1,0,1,1,1,0,0,0,0,0,1,1,1,1,1,1,0,1,0,0,1,0,1,0,0,1,1,1,0,1,1,0,0,1,0.19444444444444445,12.2113283827425,1
51,1,0,1,0,1,1,1,0,0,0,1,0,1,0,1,1,1,0,0,1,0,0,1,1,1,0,0,1,1,1,0,0,1,0,0,1,0.3333333333333333,13.808265811705585,1
52,1,0,1,0,1,1,1,0,0,0,1,0,0,1,1,1,1,0,0,1,0,0,0,1,1,0,0,1,1,1,0,0,1,0,0,1,0.3611111111111111,10.728917454313468,1
53,1,0,1,0,1,1,1,0,0,0,1,0,1,1,1,1,1,0,0,1,1,0,1,0,1,0,0,1,1,1,0,1,1,1,0,1,0.3333333333333333,15.566639464197726,1
54,0,1,1,1,0,0,0,1,1,1,0,1,0,0,1,0,0,1,0,0,1,1,0,0,1,1,1,0,0,0,1,1,0,1,1,0,0.4166666666666667,15.189592564884986,1
55,0,1,0,1,1,0,0,1,1,1,0,1,0,0,1,0,0,1,0,0,1,1,0,0,0,1,1,0,0,0,1,1,0,1,0,0,0.3611111111111111,14.18688822118252,1
56,1,0,1,0,0,1,1,0,0,0,1,0,1,1,1,1,1,1,0,1,0,0,1,1,1,0,0,1,1,1,0,0,1,0,1,1,0.3611111111111111,18.435667779242475,1
57,0,1,0,1,0,0,1,1,1,1,0,1,0,0,0,0,0,1,0,0,0,1,0,0,0,1,1,0,0,0,0,1,0,1,1,0,0.19444444444444445,15.400629180012105,1
58,0,1,0,1,0,0,0,1,1,1,0,1,0,0,1,0,0,1,0,0,1,1,1,0,0,1,1,0,0,0,1,1,0,0,1,0,0.3611111111111111,13.344967878730651,1
59,0,1,0,1,1,0,0,1,1,1,0,1,0,0,0,0,1,1,1,0,1,1,0,0,1,1,1,0,0,0,1,1,0,0,1,0,0.25,16.507871388803995,1
60,0,1,1,1,0,0,0,1,1,1,0,1,0,0,0,0,0,1,1,0,0,1,0,0,0,1,1,0,0,0,1,1,0,0,0,0,0.3055555555555556,18.359380865384537,1
61,0,1,1,1,0,0,0,1,1,1,0,1,0,0,0,0,0,1,1,0,1,1,0,0,0,1,0,0,0,0,1,1,0,0,1,0,0.4444444444444444,20.247131592602322,1
62,1,0,1,0,1,1,1,1,0,0,0,0,0,1,1,1,1,1,0,1,0,0,0,1,1,0,0,1,1,1,0,0,1,0,1,1,0.3333333333333333,15.130920985091358,1
63,1,0,1,0,1,1,1,0,0,0,0,0,0,1,0,1,1,1,0,1,0,0,1,1,1,0,0,1,1,1,0,0,1,0,0,1,0.3333333333333333,14.009533673275886,1
64,1,0,1,0,1,1,1,0,0,0,1,0,1,1,1,1,1,1,0,1,0,0,1,1,1,0,0,1,1,1,0,0,1,1,1,1,0.3611111111111111,19.728870876693247,1
65,1,0,1,0,0,1,1,1,0,0,0,0,0,1,1,1,1,1,0,1,0,0,1,0,0,0,0,1,1,1,0,0,1,1,0,1,0.2222222222222222,8.845995498583452,1
66,0,1,0,1,0,0,0,1,0,1,0,1,0,0,0,0,0,1,1,0,1,1,0,0,0,1,1,0,0,0,1,1,0,1,0,0,0.3055555555555556,13.364202036548589,1
67,1,0,0,0,1,1,1,0,0,0,0,0,1,1,1,1,1,1,1,1,0,0,1,1,1,0,0,1,1,1,0,1,1,0,0,1,0.3055555555555556,25.764335100157556,1
68,0,1,1,1,1,0,0,1,1,1,0,1,0,0,0,0,0,1,1,0,1,1,0,0,0,1,1,1,0,0,1,0,1,0,1,0,0.2222222222222222,11.659590922757715,1
69,1,0,0,0,1,1,1,1,0,0,1,0,1,1,1,1,1,0,0,1,0,0,0,1,1,0,0,1,1,1,0,0,1,1,0,1,0.3333333333333333,13.181275225975961,1
70,0,1,0,1,0,0,0,1,1,1,0,1,0,0,0,0,0,1,1,0,1,1,0,0,1,1,1,0,0,0,0,1,0,0,0,0,0.3333333333333333,13.903419004459742,1
71,1,0,1,0,1,1,1,0,0,0,1,0,0,1,1,1,0,1,0,1,0,0,1,1,1,0,0,1,1,1,0,1,1,1,1,1,0.3333333333333333,31.15134637150219,1
72,0,1,0,1,1,0,0,1,1,1,0,1,0,0,1,0,0,1,1,0,1,1,0,0,0,1,1,0,0,0,1,1,0,0,0,0,0.3333333333333333,15.905639140220446,1
73,1,0,1,0,0,1,1,0,0,0,0,0,0,1,1,1,1,1,0,1,0,0,1,1,0,0,0,1,1,1,0,0,1,0,1,1,0.3055555555555556,15.309773995662816,1
74,1,0,1,0,1,1,1,0,0,0,0,0,1,1,1,1,0,0,0,1,0,0,0,1,0,0,0,1,1,1,0,0,1,0,0,1,0.2222222222222222,10.708016179656575,1
75,0,1,1,1,0,0,0,1,1,1,0,1,0,0,0,0,0,1,0,0,1,1,0,0,1,1,1,0,0,0,1,1,0,0,0,0,0.2777777777777778,16.667958186385867,1
76,0,1,1,1,0,0,1,1,0,1,0,0,0,0,0,0,0,1,1,0,1,1,0,0,0,1,1,0,0,0,0,1,0,0,1,0,0.2777777777777778,9.7208281207386,1
77,1,0,0,0,1,1,1,0,0,0,1,0,1,1,0,1,1,1,0,1,0,0,1,1,1,0,0,1,1,1,0,0,1,0,0,1,0.4166666666666667,14.487490021223927,1
78,1,0,1,0,1,1,1,1,0,0,0,0,1,1,1,1,1,1,0,1,0,0,1,0,0,0,0,1,1,1,0,0,1,1,0,1,0.25,12.239034708278306,1
79,0,1,1,1,0,0,0,1,1,1,0,1,0,0,0,0,0,1,1,0,1,1,0,0,0,1,1,0,0,0,1,0,0,1,1,0,0.3055555555555556,17.19912312878535,1
80,1,0,1,0,1,1,1,0,0,0,1,0,1,1,1,1,1,0,1,1,0,0,1,1,1,0,0,1,1,1,0,0,1,1,0,1,0.4166666666666667,21.849405421824095,1
81,0,1,0,1,1,0,0,1,1,1,0,0,1,0,1,0,0,0,1,0,1,1,0,0,0,1,1,0,0,0,1,1,0,0,1,0,0.2222222222222222,6.405819042507741,1
82,1,0,1,0,1,1,1,0,0,0,1,0,1,1,1,1,1,0,0,1,0,0,0,1,1,0,0,1,1,1,0,0,1,0,1,1,0.3888888888888889,13.323099411712064,1
83,1,0,1,0,1,1,0,0,0,0,1,0,0,1,1,1,1,1,0,1,0,0,0,0,1,0,0,1,1,1,0,0,1,1,1,1,0.2777777777777778,9.94935499225599,1
84,1,1,0,0,0,1,1,1,0,0,1,0,0,1,1,1,1,1,0,1,0,0,1,0,1,0,0,1,1,1,0,0,1,0,1,1,0.2222222222222222,17.00147794689413,1
85,0,1,0,1,0,0,0,1,1,1,0,1,1,0,0,0,0,0,1,0,1,1,0,0,1,1,1,0,0,0,1,1,0,0,0,0,0.3611111111111111,10.022838128135803,1
86,0,1,1,1,0,0,0,1,1,1,0,1,0,0,0,0,0,1,0,0,1,1,0,0,0,1,1,0,0,0,0,1,0,0,1,0,0.5,19.212756251248596,1
87,1,0,1,0,1,1,1,1,0,0,1,0,1,1,1,1,0,1,0,1,0,0,0,1,1,0,0,1,1,1,1,0,1,0,1,1,0.3888888888888889,16.58733091792167,1
88,1,0,1,0,1,1,1,0,0,0,1,0,0,1,1,1,1,0,0,1,0,0,1,1,0,0,0,1,1,1,0,0,1,0,1,1,0.3055555555555556,13.943817618474093,1
89,1,0,1,0,1,1,1,0,0,0,1,0,1,1,0,1,1,1,0,1,0,1,1,1,1,0,0,1,1,1,0,1,1,0,0,1,0.2777777777777778,23.025635863405885,1
90,1,0,1,0,0,1,1,1,0,0,0,0,1,1,1,1,1,1,0,1,0,0,1,1,1,0,0,1,1,1,0,0,1,0,0,1,0.3055555555555556,15.871935507491077,1
91,0,1,1,1,1,0,0,1,1,1,0,1,1,0,0,0,0,1,1,0,0,1,0,0,0,1,1,0,0,0,0,1,0,1,1,0,0.3055555555555556,21.202960133682037,1
92,1,0,0,0,1,1,1,0,0,0,1,0,1,1,1,1,1,0,0,1,0,1,1,0,1,0,1,1,0,1,0,0,1,0,0,1,0.19444444444444445,8.341618643271138,1
93,1,0,1,0,1,1,1,0,0,0,1,0,1,1,1,1,1,1,0,1,0,0,1,1,0,0,0,1,1,1,0,0,1,1,1,1,0.4166666666666667,16.968673259319928,1
94,0,0,1,0,1,1,1,0,0,0,1,1,0,1,0,1,1,0,0,1,0,0,0,0,1,0,1,1,1,1,0,0,1,0,0,1,0.25,6.894164649945719,1
95,0,1,1,1,1,0,0,1,1,1,0,1,1,0,0,0,0,1,1,0,0,1,0,0,0,1,1,0,0,0,1,1,0,0,0,0,0.3055555555555556,24.851299128154608,1
96,1,0,1,0,1,0,1,0,0,0,0,0,1,1,1,1,1,1,0,1,0,0,1,0,1,0,0,1,1,1,1,0,1,0,1,0,0.1388888888888889,8.757577943047284,1
97,0,1,0,1,0,0,0,1,1,1,0,1,0,0,1,0,0,1,1,0,1,1,0,0,0,1,1,0,0,0,1,1,0,0,0,0,0.4722222222222222,14.127606135618878,1
98,1,1,0,1,0,0,0,1,1,1,0,0,0,0,1,0,1,1,0,0,1,1,0,0,0,1,1,0,0,0,1,1,0,1,1,0,0.3611111111111111,10.665973775933217,1
99,0,1,1,1,1,0,0,1,1,1,0,0,0,0,0,0,0,1,1,0,1,1,0,0,1,1,1,1,0,0,1,1,0,0,0,0,0.2777777777777778,7.217425696320323,1
