,0,1,2,3,4,5,6,7,8,9,10,11,12,13,14,15,16,17,18,19,20,21,22,23,24,25,26,27,28,29,30,31,32,33,34,35,chain_break_fraction,energy,num_occurrences
0,1,0,1,0,0,1,1,1,0,0,1,1,1,0,0,0,1,0,0,1,0,1,0,0,0,1,1,1,1,0,1,0,0,1,1,1,0.3611111111111111,23.83153067825404,1
1,1,0,1,0,0,1,1,1,0,0,1,1,1,0,0,0,1,0,0,1,0,1,0,0,0,1,1,1,1,0,1,0,0,1,1,1,0.3611111111111111,23.83153067825404,1
2,1,0,1,0,0,1,1,1,0,0,1,1,1,0,0,0,1,0,0,0,0,1,0,0,0,1,1,1,1,1,1,0,0,1,1,1,0.3888888888888889,23.725048779567473,1
3,1,0,1,0,0,1,1,1,0,0,1,1,1,0,0,0,1,0,0,1,0,1,0,0,0,1,1,1,1,0,1,0,0,1,1,1,0.3888888888888889,23.83153067825404,1
4,1,0,1,0,0,1,0,1,0,0,1,1,1,0,0,0,1,0,0,0,0,1,0,0,0,1,1,1,1,1,1,0,0,1,1,1,0.3611111111111111,27.434925545574586,1
5,1,0,1,0,0,1,0,1,0,0,1,1,1,0,0,0,1,1,0,0,0,1,0,0,0,1,1,1,1,1,1,0,0,1,1,1,0.3333333333333333,25.4389843353483,1
6,1,0,1,0,0,1,1,1,0,0,1,1,1,0,0,0,1,0,0,1,0,1,0,0,0,1,1,1,0,0,1,0,0,1,1,1,0.3333333333333333,20.99140427873811,1
7,1,0,1,0,0,1,1,1,0,0,1,1,1,0,0,0,1,0,0,0,0,1,0,0,0,1,1,1,0,1,1,0,0,1,1,1,0.3611111111111111,20.192300415203313,1
8,1,0,1,0,0,1,1,1,0,0,1,1,1,0,0,0,1,0,0,1,0,1,0,0,0,1,1,1,0,0,1,0,0,1,1,1,0.3611111111111111,20.99140427873811,1
9,1,0,1,0,0,1,1,1,0,0,1,1,1,0,0,0,1,0,0,0,0,1,0,0,0,1,1,1,0,0,1,0,0,1,1,1,0.3055555555555556,15.126803686474993,1
10,1,0,1,0,0,1,0,1,0,0,1,1,1,0,0,0,1,0,0,0,0,1,0,0,0,1,1,1,0,1,1,0,0,1,1,1,0.3333333333333333,23.023535495473638,1
11,1,0,1,0,0,1,1,1,0,0,1,1,1,0,0,0,1,0,0,0,0,1,0,0,0,1,1,1,1,0,1,0,0,1,1,1,0.3055555555555556,16.659552050839157,1
12,1,0,1,0,0,1,1,1,0,0,1,1,1,0,0,0,1,1,0,0,0,1,0,0,0,1,1,1,0,1,1,0,0,1,1,1,0.3611111111111111,20.19636201083067,2
13,1,0,1,0,0,1,0,1,0,0,1,1,1,0,0,0,1,1,0,0,0,1,0,0,0,1,1,1,0,1,1,0,0,1,1,1,0.3055555555555556,22.027596033847125,1
14,1,0,1,0,0,1,1,1,0,0,1,1,1,0,0,0,1,1,0,0,0,1,0,0,0,1,1,1,1,1,1,0,0,1,1,1,0.3333333333333333,22.729108626595057,1
15,1,0,1,0,0,1,1,1,0,0,1,1,1,0,0,0,1,0,0,0,0,1,0,0,0,1,1,1,0,0,1,0,0,1,1,1,0.3611111111111111,15.126803686474993,1
16,1,0,1,0,0,1,1,1,0,0,1,1,1,0,0,0,1,0,0,0,0,1,0,0,0,1,1,1,1,1,1,0,0,1,1,1,0.3888888888888889,23.725048779567473,1
17,1,0,1,0,0,1,0,1,0,0,1,1,1,0,0,0,1,0,0,0,0,1,0,0,0,1,1,1,0,0,1,0,0,1,1,1,0.3333333333333333,16.200755395271738,1
18,1,0,1,0,0,1,0,1,0,0,1,1,1,0,0,0,1,0,0,1,0,1,0,0,0,1,1,1,1,0,1,0,0,1,1,1,0.3611111111111111,27.11884050296871,1
19,1,0,1,0,0,1,1,1,0,0,1,1,1,0,0,0,1,0,0,1,0,1,0,0,0,1,1,1,0,0,1,0,0,1,1,1,0.3333333333333333,20.99140427873811,1
20,1,0,1,0,0,1,0,1,0,0,1,1,1,0,0,0,1,0,0,0,0,1,0,0,0,1,1,1,0,0,1,0,0,1,1,1,0.3611111111111111,16.200755395271738,1
21,1,0,1,0,0,1,1,1,0,0,1,1,1,0,0,0,1,0,0,1,0,1,0,0,0,1,1,1,1,0,1,0,0,1,1,1,0.3888888888888889,23.83153067825404,1
22,1,0,1,0,0,1,1,1,0,0,1,1,1,0,0,0,1,0,0,0,0,1,0,0,0,1,0,1,1,1,1,0,0,1,1,1,0.3888888888888889,19.564702762053663,1
23,1,0,1,0,0,1,1,1,0,0,1,1,1,0,0,0,1,1,0,1,0,1,0,0,0,1,1,1,1,0,1,0,0,0,1,1,0.3333333333333333,15.473800144029825,1
24,1,0,1,0,0,1,1,1,0,0,1,1,1,0,0,0,1,1,0,0,0,1,0,0,0,1,1,1,1,0,1,0,0,1,1,1,0.3611111111111111,17.663615395066298,1
25,1,0,1,0,0,1,1,1,0,0,1,1,1,0,0,0,1,0,0,0,0,1,0,0,0,1,1,1,1,0,1,0,0,1,1,1,0.3611111111111111,16.659552050839157,1
26,1,0,1,0,0,1,1,1,0,0,1,1,1,0,0,1,1,0,0,1,0,1,0,0,0,1,1,1,1,0,1,0,0,1,1,1,0.3333333333333333,22.329422515173917,1
27,1,0,1,0,0,1,0,1,0,0,1,1,1,0,0,0,1,1,0,0,0,1,0,0,0,1,1,1,0,0,1,0,0,1,1,1,0.3333333333333333,17.204819430844793,1
28,1,0,1,0,0,1,1,1,0,0,1,1,0,0,0,0,1,1,0,0,0,1,0,0,0,1,1,1,1,1,1,0,0,1,1,1,0.3333333333333333,25.591285187771305,1
29,1,0,1,0,0,1,0,1,0,0,1,1,1,0,0,0,1,1,0,0,0,1,0,0,0,1,1,1,1,1,1,0,0,1,1,1,0.3055555555555556,25.4389843353483,1
30,1,0,1,0,0,1,1,1,0,0,1,1,1,0,0,0,1,0,0,0,0,1,0,0,0,1,1,1,0,0,1,0,0,0,1,1,0.3611111111111111,10.439087295367603,1
31,1,0,1,0,0,1,1,1,0,0,1,1,1,0,0,0,1,0,0,0,0,1,0,0,0,1,0,1,1,0,1,0,0,1,1,1,0.3888888888888889,13.61427740389806,1
32,1,0,1,0,0,1,0,1,0,0,1,1,0,0,0,0,1,0,0,0,0,1,0,0,0,1,1,1,1,0,1,0,0,1,1,1,0.3611111111111111,22.02901017741084,1
33,1,0,1,0,0,1,0,1,0,0,1,1,1,0,0,0,1,0,0,0,0,1,0,0,0,1,0,1,1,0,1,0,0,1,1,1,0.3055555555555556,15.04382884768605,1
34,1,0,1,0,0,1,1,1,0,0,1,1,1,0,0,0,1,1,0,1,0,1,1,0,0,1,1,1,1,0,1,0,0,1,1,1,0.3611111111111111,27.244047313945657,1
35,1,0,1,0,0,1,1,1,0,0,1,1,1,0,0,0,1,0,0,0,0,1,0,0,0,1,1,1,1,0,1,0,0,1,1,1,0.4166666666666667,16.659552050839157,1
36,1,0,1,0,0,1,1,1,0,0,1,1,1,0,0,0,1,1,0,0,0,1,0,0,0,1,0,1,1,1,1,0,0,0,1,1,0.3055555555555556,13.133810760861815,1
37,1,1,1,0,0,1,1,1,0,0,1,1,1,0,0,0,1,0,0,0,0,1,0,0,0,1,1,1,1,1,1,0,0,1,1,1,0.4166666666666667,25.00136839432505,1
38,1,0,1,0,0,1,1,1,0,0,1,1,1,0,0,0,1,0,0,0,0,1,0,0,0,1,1,1,0,0,1,0,0,1,1,1,0.2777777777777778,15.126803686474993,1
39,1,0,1,0,0,1,1,1,0,0,1,1,1,0,0,0,1,1,0,0,0,1,1,0,0,1,0,1,1,1,1,0,0,1,1,1,0.3333333333333333,22.729108626595064,1
40,1,0,1,0,0,1,1,1,0,0,1,1,1,0,0,0,1,0,0,0,0,1,0,0,0,1,1,1,0,0,1,0,0,1,1,1,0.3888888888888889,15.126803686474993,1
41,1,0,1,0,0,1,1,1,0,0,1,1,1,0,0,0,1,0,0,0,0,1,0,0,0,1,0,1,0,0,1,0,0,1,1,1,0.3333333333333333,12.639064724820257,1
42,1,0,1,0,0,1,0,1,0,0,1,1,1,0,0,0,1,1,0,0,0,1,0,0,0,1,1,1,1,0,1,0,0,1,1,1,0.3888888888888889,18.616207732345956,1
43,1,0,1,0,0,1,1,1,0,0,1,1,1,0,0,0,1,0,0,0,0,1,1,0,0,1,1,1,1,1,1,0,0,1,1,1,0.3888888888888889,28.885394797081283,1
44,1,0,1,0,0,1,1,1,0,0,1,1,1,0,0,0,1,1,0,0,0,1,0,0,0,1,1,1,1,0,1,0,0,1,1,1,0.3888888888888889,17.663615395066298,1
45,1,0,1,0,0,1,1,1,0,0,1,1,1,0,0,0,1,1,0,0,0,1,0,0,0,1,1,1,1,0,1,0,0,1,1,1,0.4166666666666667,17.663615395066298,1
46,1,0,1,0,0,1,1,1,0,0,1,1,0,0,0,0,1,0,0,1,0,1,0,0,0,1,1,1,0,0,1,0,0,1,1,1,0.3611111111111111,24.435220080076846,1
47,1,0,1,0,0,1,1,1,0,0,1,1,1,0,0,0,1,0,0,1,0,1,0,0,0,1,1,1,1,0,1,0,0,0,1,1,0.3055555555555556,14.471306832182405,1
48,1,1,1,0,0,1,1,1,0,0,1,1,1,0,0,0,1,0,0,0,0,1,0,0,0,1,1,1,0,0,1,0,0,1,1,1,0.3333333333333333,19.642093281850823,1
49,1,0,1,0,0,1,0,1,0,0,1,1,1,0,0,1,1,0,0,1,0,1,1,0,0,1,0,1,1,0,1,0,0,1,1,1,0.3333333333333333,24.30411115915566,1
50,1,0,1,0,0,1,1,1,0,0,1,1,1,0,0,0,1,1,0,0,0,1,1,0,0,1,1,1,0,0,1,0,0,1,1,1,0.3333333333333333,19.614160547255903,1
51,1,0,1,0,0,1,1,1,0,0,1,1,1,0,0,0,1,0,0,1,0,1,1,0,0,1,1,1,1,0,1,0,0,1,1,1,0.3611111111111111,29.246088936604387,1
52,0,1,0,1,1,1,1,0,1,1,0,1,0,1,1,1,0,0,1,1,1,0,0,1,1,0,0,0,0,0,0,1,1,0,0,0,0.3333333333333333,33.707174122173846,1
53,1,0,1,0,0,1,1,1,0,0,1,1,1,0,0,0,1,1,0,1,0,1,0,0,0,1,1,1,1,0,1,0,0,1,1,1,0.3611111111111111,22.833936249296066,1
54,1,0,1,0,0,1,1,1,0,0,1,1,1,0,0,0,1,0,0,0,0,1,1,0,0,1,1,0,0,0,1,0,0,1,1,1,0.3055555555555556,11.63906472482025,1
55,0,1,0,1,1,1,1,0,1,1,0,1,0,1,1,1,0,0,1,1,1,0,1,1,1,0,0,0,0,0,0,1,1,0,0,0,0.3333333333333333,31.33985604692014,1
56,1,0,1,0,0,1,1,1,0,0,1,1,1,0,0,0,1,1,0,0,0,1,0,0,0,1,1,1,0,1,1,0,0,1,1,1,0.2777777777777778,20.19636201083067,1
57,0,1,0,1,1,1,1,0,1,1,0,1,0,0,1,1,0,0,1,1,1,0,0,1,1,0,0,0,0,0,0,1,1,0,0,0,0.3055555555555556,27.050553763464695,1
58,0,1,0,1,1,1,1,0,1,1,0,1,0,1,1,1,0,0,1,1,1,0,1,1,1,0,0,0,0,0,0,1,1,0,0,0,0.3611111111111111,31.33985604692014,1
59,0,1,0,1,1,1,1,0,1,1,0,1,0,0,1,0,0,1,1,1,1,0,0,1,1,0,0,0,0,0,0,1,1,0,0,0,0.3611111111111111,28.04443194726686,1
60,0,1,0,1,1,1,0,0,1,1,0,1,0,1,1,1,0,0,1,1,1,0,0,1,1,0,0,0,0,0,0,1,1,0,0,0,0.3333333333333333,30.59772010452372,1
61,1,0,1,0,0,1,1,1,0,0,1,1,1,0,0,0,1,0,0,1,0,1,0,0,0,1,1,1,0,0,1,0,0,1,1,1,0.3611111111111111,20.99140427873811,1
62,0,1,0,1,1,1,1,0,1,1,0,1,0,1,1,1,0,0,1,1,1,0,0,1,1,0,0,0,0,0,0,1,1,0,0,0,0.3611111111111111,33.707174122173846,1
63,0,1,0,1,1,1,1,0,1,1,0,1,0,1,1,1,0,0,1,1,1,0,0,1,1,0,0,0,0,0,0,1,1,0,0,0,0.2777777777777778,33.707174122173846,1
64,0,1,0,1,1,1,1,0,1,1,0,1,0,1,1,1,0,0,1,1,1,0,0,0,1,0,0,0,0,0,0,1,1,0,0,0,0.3611111111111111,40.44181027268121,1
65,0,1,0,1,1,1,1,0,1,1,0,1,0,1,1,1,0,0,1,1,1,0,0,1,1,0,0,0,1,0,0,1,1,0,0,0,0.2777777777777778,30.00844348759545,1
66,0,1,0,1,1,1,1,0,1,1,0,1,0,0,1,1,0,0,1,1,1,0,0,1,1,0,0,0,0,0,0,1,1,0,0,0,0.2777777777777778,27.050553763464695,1
67,1,0,1,0,0,1,1,1,0,0,1,1,1,0,0,0,1,0,0,1,0,1,0,1,0,1,1,1,0,0,1,0,0,1,1,1,0.3333333333333333,32.70544942486608,1
68,0,1,0,1,1,1,1,0,1,1,0,1,0,1,1,0,0,1,1,1,1,0,0,1,1,0,0,0,0,0,0,1,1,0,0,0,0.3055555555555556,34.81416602574954,1
69,1,0,1,0,0,1,1,1,0,0,1,1,0,0,0,0,1,0,0,0,0,1,1,0,0,1,1,0,1,0,1,0,0,1,1,1,0.3055555555555556,14.852762115245536,1
70,0,1,0,1,1,1,1,0,1,1,0,1,0,1,1,1,0,0,1,1,1,0,1,1,1,0,0,0,0,0,0,1,1,0,0,0,0.3333333333333333,31.33985604692014,1
71,0,1,0,1,1,1,1,0,1,1,0,1,0,1,1,1,0,0,1,1,1,0,0,1,1,0,0,0,0,0,0,1,1,0,0,0,0.3055555555555556,33.707174122173846,1
72,0,1,0,1,1,1,1,0,1,1,0,1,0,1,1,1,0,0,1,1,1,0,0,1,1,0,0,0,1,0,0,1,1,0,0,0,0.3888888888888889,30.00844348759545,1
73,0,1,0,1,1,1,1,0,1,1,0,1,0,1,1,1,0,0,1,1,1,0,1,1,1,0,0,0,0,0,0,1,1,0,0,0,0.3333333333333333,31.33985604692014,1
74,1,0,0,0,0,1,1,1,0,0,1,1,1,0,0,0,1,1,0,0,0,1,0,0,0,1,0,1,0,0,1,0,0,1,1,1,0.3333333333333333,15.319028593778722,1
75,1,1,1,0,0,1,1,1,0,0,1,1,1,0,0,0,1,0,0,0,0,1,0,0,0,1,1,1,0,0,1,0,0,1,1,1,0.3333333333333333,19.642093281850823,1
76,0,1,0,1,1,1,1,0,1,1,0,1,0,1,1,1,0,0,1,1,1,0,1,1,1,0,0,0,0,0,0,1,1,0,0,0,0.3055555555555556,31.33985604692014,1
77,0,1,0,1,1,1,0,0,1,1,0,1,0,1,1,1,0,0,1,1,1,0,0,1,1,0,0,0,1,0,0,1,1,0,0,0,0.3333333333333333,27.777631155682126,1
78,0,0,0,1,1,1,0,0,1,1,0,1,0,0,1,0,0,1,1,1,1,0,0,1,1,0,0,0,0,0,0,1,1,0,0,0,0.3055555555555556,17.937796496076622,1
79,0,1,0,1,1,1,1,0,1,1,0,1,0,0,1,0,0,1,1,1,1,0,0,1,1,0,0,0,0,0,0,1,1,0,0,0,0.2777777777777778,28.04443194726686,1
80,0,1,0,1,1,1,1,0,1,1,0,1,0,0,1,0,0,1,1,1,1,0,1,1,1,0,0,0,0,0,0,1,1,0,0,0,0.3888888888888889,27.02959936345903,1
81,0,1,0,1,1,1,1,0,1,1,0,1,0,0,1,0,0,1,1,1,1,0,0,1,1,0,0,0,0,0,0,1,1,0,0,0,0.3333333333333333,28.04443194726686,1
82,0,1,0,1,1,1,1,0,1,1,0,1,0,1,1,1,0,1,1,1,1,0,1,1,1,0,0,0,0,0,0,1,1,0,0,0,0.4166666666666667,42.67712793421388,1
83,1,1,1,0,0,1,1,1,0,0,1,1,1,0,0,0,0,1,0,0,0,1,0,0,0,1,1,0,0,1,1,0,0,1,1,1,0.2777777777777778,19.394120621287797,1
84,0,0,0,1,1,1,1,0,1,1,0,1,0,1,1,1,0,0,1,1,1,0,0,1,1,0,0,0,0,0,0,1,1,0,0,0,0.3333333333333333,22.371824299106567,1
85,0,1,0,1,1,1,1,0,1,1,0,1,0,1,1,0,0,0,1,1,1,0,0,1,1,0,0,0,1,1,0,1,1,0,0,0,0.3055555555555556,21.021786895496994,1
86,0,1,0,1,1,1,1,0,1,1,0,1,0,1,1,1,0,0,1,1,1,0,1,1,1,0,0,0,0,0,0,1,1,0,0,0,0.4444444444444444,31.33985604692014,1
87,1,1,1,0,0,1,1,1,0,0,1,1,1,1,0,0,1,0,0,0,0,1,1,0,0,1,0,1,1,0,1,0,0,0,1,1,0.3055555555555556,18.117238338512884,1
88,1,0,1,0,0,1,0,1,0,0,1,1,1,0,0,0,1,0,0,0,0,1,1,0,0,1,0,1,0,0,1,0,0,1,1,1,0.2777777777777778,16.200755395271738,1
89,0,1,0,1,1,0,1,0,1,1,0,1,0,1,1,1,0,0,1,1,1,0,1,1,1,0,0,0,0,0,0,1,1,0,0,0,0.25,22.55509762803509,1
90,0,0,1,0,0,1,1,1,0,0,1,1,1,0,0,0,1,1,0,0,0,1,0,0,0,1,0,1,1,1,1,0,0,0,1,1,0.3055555555555556,11.875221340306862,1
91,0,1,0,1,1,1,1,0,1,1,0,1,0,1,1,0,0,1,1,1,1,0,1,1,1,0,0,0,0,0,0,1,1,0,0,0,0.2777777777777778,32.443058965134476,1
92,0,1,0,1,1,1,1,0,1,1,0,1,0,1,1,0,0,0,1,1,1,0,0,1,1,0,0,0,0,0,0,1,1,0,0,0,0.3333333333333333,24.472446944989304,1
93,0,1,0,1,1,1,1,0,1,1,0,1,0,1,1,0,0,0,1,1,1,0,1,1,1,0,0,0,0,0,0,1,1,0,0,0,0.3333333333333333,23.105787078074993,1
94,0,1,0,1,1,1,1,0,1,1,0,1,0,1,1,1,0,0,1,1,1,0,1,0,1,0,0,0,0,0,0,1,1,0,0,0,0.3333333333333333,36.07449219742752,1
95,0,0,0,1,1,1,0,0,1,1,0,1,0,1,1,0,0,0,1,1,1,0,0,1,1,0,0,0,0,0,0,1,1,0,0,0,0.3888888888888889,14.363082597055353,1
96,1,0,1,0,0,1,1,1,0,0,1,1,1,0,0,0,1,0,0,0,0,1,0,0,0,1,1,1,1,0,1,0,0,1,1,1,0.4166666666666667,16.659552050839157,1
97,0,1,0,1,1,1,0,0,1,1,0,1,0,1,1,1,0,0,1,1,1,0,0,1,1,0,0,0,0,0,0,1,1,0,0,0,0.4166666666666667,30.59772010452372,1
98,1,0,1,0,0,0,1,1,0,0,1,1,1,0,0,0,0,1,0,0,0,1,0,0,0,1,0,0,0,0,1,0,0,0,1,1,0.2777777777777778,8.214149601979205,1
