,0,1,2,3,4,5,6,7,8,9,10,11,12,13,14,15,16,17,18,19,20,21,22,23,24,25,26,27,28,29,30,31,32,33,34,35,36,37,38,39,40,41,42,43,44,45,46,47,48,49,50,51,52,53,chain_break_fraction,energy,num_occurrences
0,0,0,0,1,0,0,1,0,1,0,0,0,1,0,1,0,0,0,1,0,0,1,1,0,1,0,0,1,1,1,1,1,1,0,0,0,1,0,0,0,0,0,0,0,1,0,0,1,1,1,0,0,1,0,0.3148148148148148,423.708310820914,1
1,0,1,0,0,1,0,0,1,0,1,1,1,0,1,1,1,1,1,0,1,1,0,0,1,0,1,1,0,1,0,0,0,0,1,1,1,0,1,1,0,0,1,1,1,0,1,1,0,0,0,1,1,0,1,0.2962962962962963,457.6125997050983,1
2,1,0,1,0,0,0,1,0,1,0,0,0,1,1,1,0,0,0,1,0,1,1,1,0,1,0,0,1,1,1,1,1,1,0,0,0,1,0,0,1,0,0,0,0,1,0,0,1,1,1,0,0,1,0,0.37037037037037035,317.68903053369854,1
3,1,0,1,0,0,0,1,1,1,0,0,0,0,1,1,0,0,0,1,0,0,1,0,0,1,0,0,1,0,1,1,1,1,0,0,0,1,0,0,1,1,0,0,0,1,0,0,1,1,0,0,0,1,0,0.37037037037037035,286.74818993009103,1
4,0,0,0,1,1,0,1,0,1,0,0,0,1,1,1,0,0,0,1,0,0,1,0,0,1,0,0,1,1,1,1,1,1,0,1,0,1,0,0,1,1,0,0,0,1,0,0,1,1,1,0,0,1,0,0.3888888888888889,570.8697376147848,1
5,1,0,1,0,0,0,1,0,1,0,0,0,0,1,1,0,0,0,1,0,0,1,1,0,1,0,0,1,1,1,1,1,1,0,0,0,1,0,0,1,1,0,0,0,1,0,0,1,1,1,0,0,1,1,0.3888888888888889,581.9331004179331,1
6,1,0,1,0,0,0,1,0,1,1,0,0,1,1,0,0,0,0,1,0,0,1,1,0,0,0,0,1,0,1,1,1,1,0,0,0,1,0,0,1,1,0,0,0,1,0,0,1,1,1,0,0,1,1,0.4074074074074074,577.3356598854818,1
7,1,0,1,0,0,0,1,0,1,1,1,0,1,1,1,0,0,0,1,0,0,1,0,0,0,0,0,1,1,1,1,1,1,0,0,0,1,0,0,1,0,0,0,0,1,0,0,1,1,1,0,0,1,1,0.35185185185185186,488.54783343847805,1
8,0,1,0,0,0,0,0,1,0,1,1,1,0,1,1,1,1,1,0,1,1,0,1,1,0,1,1,1,0,0,0,0,0,1,1,1,1,1,1,0,0,1,1,1,0,1,1,0,0,0,1,1,0,1,0.35185185185185186,448.8385021107315,1
9,0,0,1,0,0,0,1,0,1,1,0,0,1,0,1,0,0,0,1,0,0,1,0,0,1,1,0,0,0,1,1,1,1,0,0,0,1,0,0,1,1,0,0,1,1,0,0,1,1,1,0,0,1,0,0.37037037037037035,388.6057568221977,1
10,1,0,1,0,1,0,1,0,1,0,0,0,1,0,1,0,0,0,1,0,0,1,1,0,1,0,0,1,0,1,1,1,1,0,1,0,1,0,0,1,1,0,0,0,1,0,0,1,1,1,0,0,1,0,0.4444444444444444,380.54900062998195,1
11,1,0,0,0,1,0,1,0,1,0,0,0,1,0,1,1,0,0,1,0,0,1,1,0,0,0,0,1,1,1,1,1,1,0,0,0,0,0,0,0,1,0,0,0,1,0,0,1,1,1,0,0,1,1,0.3148148148148148,586.2787945938865,1
12,1,0,1,0,0,0,1,1,1,1,0,0,1,1,1,0,0,0,1,0,0,1,0,0,1,0,0,1,1,1,1,1,1,0,0,0,1,0,0,0,1,0,0,0,1,1,0,1,0,0,0,0,1,0,0.3148148148148148,293.1505641287506,1
13,1,0,1,0,0,0,1,0,1,1,0,0,1,1,1,0,0,0,1,0,0,1,1,0,1,0,0,0,0,1,1,1,1,0,0,0,1,0,0,1,1,0,1,0,1,0,0,1,1,1,0,0,1,0,0.35185185185185186,319.3191289019573,1
14,1,0,1,1,0,0,1,0,1,0,0,0,1,0,1,0,0,0,1,0,0,1,1,0,1,0,0,1,1,1,1,1,1,0,0,0,1,0,0,1,1,0,0,0,1,0,0,1,1,1,0,0,1,1,0.46296296296296297,577.1374556783201,1
15,1,0,0,1,0,0,1,0,1,1,0,0,0,0,1,0,0,0,1,0,0,1,1,0,1,0,0,1,0,0,1,1,1,0,0,0,1,0,0,1,0,0,0,1,1,0,0,1,1,1,0,0,1,1,0.37037037037037035,433.40709499164956,1
16,1,0,1,0,0,1,1,0,1,1,0,0,0,0,1,0,0,0,1,0,0,1,1,0,1,0,0,1,0,0,1,1,1,0,0,0,1,0,0,1,1,0,0,0,1,0,0,1,1,0,0,0,1,0,0.3888888888888889,231.20239782481772,1
17,1,0,1,0,0,0,1,0,1,0,0,0,1,1,1,0,0,0,1,0,0,1,1,0,0,0,0,1,0,1,1,0,1,0,0,0,1,0,0,1,1,0,0,0,1,0,0,1,1,1,0,0,1,0,0.4074074074074074,303.54176697531403,1
18,0,0,1,1,1,1,1,0,1,1,0,0,1,1,1,0,0,0,1,0,0,1,0,0,1,0,0,1,0,0,1,1,1,1,0,0,1,0,0,1,1,0,0,0,1,0,0,1,1,1,0,0,1,0,0.37037037037037035,279.86757051582515,1
19,1,0,1,1,0,0,1,0,1,1,1,0,0,1,1,0,0,0,1,0,0,0,1,0,1,0,0,1,0,1,1,1,1,0,0,0,0,0,0,1,1,0,0,0,1,0,0,1,1,1,0,0,0,0,0.37037037037037035,265.55627761668853,1
20,0,0,1,1,1,0,1,0,1,0,0,0,0,1,1,0,0,0,1,0,0,1,1,0,1,0,0,1,0,1,0,1,1,0,0,0,0,0,0,1,0,0,0,0,1,0,0,1,1,1,0,0,1,0,0.35185185185185186,261.7655198971706,1
21,1,0,1,0,0,0,1,0,1,0,1,0,0,0,1,0,0,0,1,1,0,1,1,0,0,0,0,0,1,1,1,1,1,0,0,0,1,0,0,0,1,0,0,0,1,0,0,1,1,1,0,0,1,0,0.3148148148148148,343.3367489840755,1
22,0,1,1,0,1,1,0,1,0,0,1,1,0,1,1,1,1,1,1,1,1,0,0,1,0,1,1,0,0,0,0,0,0,1,1,1,0,1,1,0,0,1,1,1,0,1,1,0,0,0,1,1,0,1,0.4074074074074074,842.1924345263413,1
23,1,0,1,1,0,0,1,0,1,1,0,0,1,0,1,0,0,0,1,0,0,1,1,0,1,0,0,1,0,1,1,1,1,0,0,0,1,0,0,1,1,0,0,0,1,0,0,1,1,0,0,0,1,0,0.4444444444444444,278.78248666297407,1
24,1,0,1,1,0,0,1,0,1,0,0,0,1,1,1,0,0,0,1,0,0,1,1,0,1,0,0,1,1,1,1,1,1,0,0,0,0,0,0,1,0,0,0,0,1,1,0,1,1,1,0,0,1,1,0.4074074074074074,461.2264642787493,1
25,1,0,0,0,0,0,1,0,1,0,0,0,1,1,1,0,0,0,1,0,0,1,1,0,1,0,0,1,1,0,1,1,1,0,0,0,0,0,0,1,1,0,0,0,1,0,0,1,1,0,0,0,1,1,0.3148148148148148,367.1840281067227,1
26,1,0,1,0,0,0,0,0,1,0,0,0,1,1,1,0,0,0,1,0,0,1,0,0,1,0,0,1,1,1,1,1,1,0,0,0,1,0,0,0,1,0,0,0,1,0,0,1,1,0,0,0,1,0,0.3888888888888889,365.51960130601674,1
27,0,0,1,0,1,1,0,0,1,1,0,0,1,0,1,0,0,0,1,0,0,1,0,0,1,0,0,0,1,0,1,1,1,0,0,0,1,0,0,0,1,0,0,0,1,0,0,1,1,1,0,0,1,0,0.37037037037037035,267.8851610681743,1
28,1,1,1,0,1,0,0,0,0,0,1,1,0,0,1,1,1,1,0,1,1,0,1,1,0,1,1,0,1,0,0,0,0,1,1,1,0,1,1,0,0,1,1,1,1,1,1,0,0,0,1,1,0,1,0.3888888888888889,491.8639845743016,1
29,1,0,1,0,0,0,1,0,1,1,0,0,1,1,1,0,0,0,1,0,0,1,1,0,1,0,0,1,1,0,1,1,1,0,0,0,1,0,0,1,1,0,1,0,1,1,0,1,1,0,0,0,1,1,0.35185185185185186,367.0147659800487,1
30,0,1,0,0,0,1,1,1,0,0,1,1,0,1,1,1,1,1,0,1,1,0,1,1,1,1,1,0,0,0,0,0,0,1,1,1,0,1,1,0,0,1,1,1,0,1,1,0,0,0,1,1,0,1,0.37037037037037035,677.9247610693834,1
31,1,0,1,1,0,0,1,0,1,0,0,0,1,1,0,1,0,0,1,0,0,1,0,0,1,0,0,1,1,1,1,1,1,0,0,0,1,0,0,1,1,0,0,0,1,0,0,1,1,1,0,0,1,0,0.37037037037037035,465.32267235383114,1
32,1,0,1,0,0,0,1,1,1,1,0,0,1,0,1,0,0,0,1,0,0,0,1,1,0,0,0,1,0,1,1,1,1,0,1,0,1,0,0,1,1,0,0,0,1,0,0,1,1,1,0,0,1,1,0.42592592592592593,472.7082282268885,1
33,1,0,1,1,0,0,1,0,1,0,0,0,1,0,1,0,0,0,1,1,0,1,1,0,0,0,0,1,0,1,1,1,1,1,0,0,1,0,0,1,1,0,0,0,1,0,0,1,1,1,0,0,1,0,0.4444444444444444,356.1745195693184,1
34,1,0,1,1,1,0,1,0,1,1,0,0,1,0,1,0,0,0,1,0,0,1,1,0,1,0,0,0,1,1,0,1,1,0,0,0,1,0,0,0,1,0,0,0,1,0,0,1,1,1,0,0,1,1,0.3333333333333333,400.92586683142054,1
35,1,0,1,0,0,0,1,0,1,1,0,0,1,1,1,0,0,0,1,0,0,1,1,0,1,0,0,1,1,0,1,0,1,0,0,0,1,0,0,0,1,0,0,0,1,0,0,1,1,1,0,0,1,1,0.3333333333333333,302.5420141511066,1
36,1,0,1,0,1,0,1,0,1,0,0,0,1,1,1,0,0,0,1,0,0,1,1,0,1,0,0,0,0,0,1,1,1,0,0,1,0,0,0,1,1,0,0,0,1,0,0,1,1,1,0,1,1,1,0.3333333333333333,397.4082594459543,1
37,1,0,1,0,1,0,1,0,1,0,0,0,1,0,1,0,0,0,1,0,0,1,1,0,1,0,0,0,1,1,0,1,1,0,0,0,1,0,0,1,1,0,0,0,1,0,0,1,1,1,0,0,0,1,0.4074074074074074,402.6080109816541,1
38,0,1,0,0,1,0,1,0,0,0,1,1,1,1,1,1,1,1,0,1,1,0,0,1,0,1,1,0,0,0,0,0,0,1,1,0,0,1,1,0,0,1,1,1,0,1,1,0,0,0,1,1,0,1,0.35185185185185186,550.6859803438876,1
39,0,0,0,0,0,0,1,0,1,1,0,0,0,0,1,0,0,0,1,0,0,1,1,0,1,0,0,0,1,1,1,1,1,0,0,0,1,0,0,1,0,0,0,0,1,0,0,1,1,0,0,0,1,0,0.37037037037037035,368.3160472356792,1
40,1,0,1,0,1,0,1,1,1,1,0,0,1,1,1,0,0,0,1,0,0,1,1,0,1,0,0,1,1,1,1,1,1,0,0,0,0,0,0,0,0,0,0,0,1,0,0,1,1,1,0,0,1,0,0.4444444444444444,283.33245763226785,1
41,0,1,0,0,0,0,0,0,0,0,1,1,0,1,1,0,1,1,0,1,1,0,0,1,1,1,1,0,1,0,0,0,0,1,1,1,0,1,1,1,0,1,1,1,0,1,1,0,0,0,1,1,0,1,0.3333333333333333,368.8160075970989,1
42,0,0,1,0,1,0,1,0,1,1,0,0,1,1,1,0,0,0,1,0,0,1,1,0,1,0,0,0,1,1,1,1,1,0,0,0,1,0,0,1,1,0,0,0,1,0,0,1,1,1,0,0,1,1,0.2962962962962963,465.31587327190465,1
43,1,0,1,0,1,1,1,0,1,0,1,0,1,0,1,0,0,0,1,0,0,1,1,0,1,0,0,1,0,1,1,1,1,0,1,0,1,0,0,0,1,0,0,0,1,0,0,1,1,0,0,0,1,1,0.4444444444444444,363.8047606158665,1
44,1,0,1,1,0,0,1,1,1,0,1,0,1,1,1,0,0,0,0,0,0,1,0,0,1,0,0,1,0,1,1,0,1,0,0,0,1,0,0,0,1,0,0,0,1,1,0,1,1,1,0,0,1,0,0.3333333333333333,273.7152121143366,1
45,0,0,1,1,1,0,1,1,1,0,0,0,1,0,1,0,0,0,1,0,0,1,1,0,0,0,0,1,0,1,1,1,1,0,0,0,0,0,0,1,1,0,0,0,1,0,0,1,1,1,0,0,1,0,0.37037037037037035,297.80225519114555,1
46,0,1,0,0,0,1,0,1,0,0,1,1,0,1,1,0,1,1,0,1,1,0,0,1,1,1,1,0,1,0,0,0,0,1,1,1,0,1,1,0,0,1,1,1,1,1,1,0,0,0,1,1,0,1,0.46296296296296297,477.60653042156224,1
47,1,0,0,1,1,0,1,0,1,1,0,0,1,0,1,0,0,0,1,1,0,1,1,0,1,0,1,1,0,1,1,0,1,0,0,0,1,0,0,1,0,0,0,0,1,0,0,1,0,1,0,0,1,0,0.2777777777777778,239.69461422185927,1
48,0,0,1,0,1,0,1,0,1,0,0,0,1,1,1,0,0,0,1,0,0,1,1,0,1,0,0,1,1,1,1,1,1,1,0,0,1,0,1,1,1,0,0,0,1,0,0,1,1,1,0,0,0,1,0.3888888888888889,654.5231125028816,1
49,0,0,1,1,0,0,1,0,1,1,0,0,1,0,1,0,0,0,1,0,0,1,1,0,1,0,0,0,0,1,1,1,1,0,0,0,1,0,0,1,1,0,0,0,1,0,0,1,1,0,0,0,1,1,0.3888888888888889,384.06273010468226,1
50,1,0,1,1,1,0,1,0,1,1,0,0,1,0,1,1,0,0,0,0,0,1,0,0,1,0,0,1,0,1,1,1,1,0,0,0,1,0,0,0,0,0,0,0,1,0,0,1,0,0,0,0,1,1,0.3333333333333333,304.2307341742567,1
51,0,1,0,0,0,0,0,1,0,0,1,1,0,0,1,1,1,1,0,1,1,1,1,1,1,1,1,0,1,0,0,0,0,1,1,0,0,1,1,1,0,1,1,1,0,1,1,0,0,0,1,1,0,1,0.3888888888888889,459.57935886485984,1
52,1,0,0,0,0,0,1,0,1,1,0,0,1,1,1,0,0,0,1,0,0,1,1,0,1,0,0,1,1,1,1,1,1,0,0,0,0,0,0,0,1,0,0,0,1,0,0,1,1,1,0,0,0,1,0.3888888888888889,470.3085427364895,1
53,0,0,1,0,0,0,1,0,1,1,0,0,1,1,1,0,0,0,1,0,0,1,0,0,1,0,0,0,1,1,0,0,1,0,0,0,1,0,0,0,1,0,0,0,1,0,0,1,1,1,0,0,0,0,0.37037037037037035,255.06615091200058,1
54,1,1,0,0,0,0,0,1,0,0,1,1,0,1,1,1,1,1,0,1,1,0,0,1,1,1,1,0,1,0,0,0,0,1,1,1,0,1,1,0,0,1,1,1,0,1,1,0,0,1,1,1,0,1,0.3148148148148148,407.81292990362874,1
55,0,1,0,1,0,0,0,0,0,1,1,1,0,1,1,1,1,1,0,0,1,0,1,1,0,1,1,0,1,0,0,0,0,1,1,1,0,1,1,0,0,1,1,1,0,1,1,0,0,1,1,1,0,1,0.3888888888888889,401.2968308210978,1
56,1,0,1,0,0,0,1,0,1,1,0,0,1,1,1,0,0,0,1,0,0,1,0,0,0,0,0,1,1,1,1,1,1,0,0,0,1,0,0,1,1,0,0,0,1,0,0,1,0,0,0,0,1,0,0.42592592592592593,341.45275015695285,1
57,1,0,1,0,0,1,1,0,1,0,0,0,1,0,1,0,0,0,1,0,0,1,1,0,1,0,0,1,1,0,1,1,1,0,0,1,1,0,0,1,1,0,0,1,1,0,0,1,1,1,0,0,1,0,0.3888888888888889,413.87638245738236,1
58,0,1,0,1,0,1,0,1,0,0,1,1,0,1,1,1,1,1,0,1,1,0,1,1,0,1,1,0,1,0,0,0,0,1,1,0,0,1,1,1,0,1,1,1,0,1,1,0,1,1,1,1,0,1,0.4074074074074074,594.1334830181781,1
59,0,0,1,1,0,0,1,0,1,1,0,0,1,0,1,0,0,0,1,0,0,1,1,0,1,0,1,1,1,0,1,1,1,0,0,0,1,0,0,0,1,0,0,0,1,0,1,1,1,0,0,0,1,0,0.3888888888888889,243.97261428367705,1
60,1,1,0,0,1,0,1,0,0,0,1,1,0,1,1,1,1,1,0,1,1,0,1,1,1,1,1,0,1,0,0,0,0,1,1,1,0,1,1,1,1,1,1,1,0,1,1,0,0,1,1,1,0,1,0.4444444444444444,442.8704642943607,1
61,0,1,0,0,1,0,0,0,0,0,1,1,0,1,1,1,1,1,0,1,1,1,0,1,0,1,1,0,1,0,0,0,0,1,1,1,0,1,1,0,0,1,1,1,0,1,1,0,0,0,1,1,0,1,0.42592592592592593,420.5168816139846,1
62,1,0,0,0,0,1,1,0,1,0,0,0,0,0,1,0,0,0,1,0,0,1,0,0,1,1,0,1,0,1,1,1,1,0,0,0,1,0,0,1,0,0,0,0,1,0,0,1,1,1,0,0,1,1,0.3888888888888889,473.23953677190514,1
63,0,1,1,0,1,0,0,1,0,0,1,1,0,0,1,1,1,1,0,1,1,0,1,1,0,1,1,0,1,0,0,0,0,1,1,1,1,0,1,0,0,1,1,1,0,1,1,0,0,1,1,1,0,1,0.3333333333333333,533.0102198514018,1
64,1,1,0,1,0,1,0,1,0,0,1,1,0,1,1,1,1,1,0,1,1,0,1,1,0,1,1,0,1,0,0,0,0,1,1,1,0,1,1,0,0,1,1,1,0,1,1,0,1,1,1,1,0,1,0.3888888888888889,567.5342568976561,1
65,1,0,1,0,1,0,1,0,1,1,0,0,1,0,1,0,0,0,1,0,0,1,1,0,1,0,0,1,0,1,1,1,1,0,0,0,0,0,0,0,0,0,0,0,1,0,0,1,1,1,0,0,1,0,0.5,261.4220106359233,1
66,0,1,0,1,0,0,0,1,0,0,1,1,0,0,1,0,1,1,0,1,1,0,0,1,1,1,1,0,1,0,0,0,0,1,1,1,0,1,1,0,0,1,0,1,0,1,1,0,0,0,1,1,0,1,0.4074074074074074,377.6136985934908,1
67,1,0,1,0,0,0,1,0,1,0,0,0,1,0,1,1,0,0,1,0,0,1,0,0,1,0,0,0,1,1,1,1,1,0,0,0,1,0,0,1,1,0,0,0,1,0,0,1,0,0,0,0,1,1,0.4074074074074074,461.5683923150574,1
68,1,0,1,0,0,1,1,1,1,0,0,0,1,0,1,0,0,0,1,0,0,1,1,0,1,0,0,1,0,1,1,1,1,0,0,0,1,0,0,0,1,0,0,0,1,0,0,1,1,0,0,0,1,1,0.4444444444444444,329.73551211132974,1
69,1,0,0,0,0,0,1,0,1,0,0,0,1,1,1,0,0,0,1,0,0,1,1,0,1,0,0,1,1,1,1,1,1,0,0,0,1,0,0,0,1,0,0,0,1,0,0,1,1,1,0,0,1,0,0.4074074074074074,443.6670177814537,1
70,1,0,1,0,0,0,1,0,1,1,0,0,1,1,1,0,0,0,0,0,0,1,1,0,0,0,0,0,0,1,1,1,1,0,0,0,1,0,0,1,0,0,0,0,1,0,0,1,1,1,0,0,1,0,0.37037037037037035,293.02573743894766,1
71,0,1,0,1,1,0,1,1,0,1,1,0,0,1,0,1,1,1,0,1,1,0,0,1,0,1,1,0,0,0,0,0,0,1,1,1,0,1,1,0,1,1,1,1,0,1,1,0,0,0,1,1,0,1,0.3888888888888889,313.2072267669436,1
72,0,0,1,0,1,0,0,0,1,0,0,0,1,1,1,1,0,0,1,0,0,1,1,1,1,1,0,1,0,1,1,1,1,0,0,0,1,0,0,1,1,0,0,0,1,0,0,1,1,0,0,0,1,1,0.4074074074074074,336.64029659099504,1
73,0,1,1,0,0,1,1,0,0,1,1,1,0,1,1,1,1,1,0,0,1,0,1,1,0,1,1,0,1,0,0,0,0,1,1,1,0,0,1,0,0,1,1,1,0,0,1,0,0,0,1,1,0,1,0.4074074074074074,740.1979358117175,1
74,1,0,1,1,0,0,1,0,1,1,0,0,1,0,1,1,0,0,1,0,0,0,1,0,1,0,0,0,0,0,1,1,1,0,0,0,1,0,0,1,0,0,0,0,1,1,0,1,1,1,0,0,0,0,0.35185185185185186,201.62254978642852,1
75,0,0,0,0,0,0,1,1,1,0,0,0,1,1,1,0,0,0,1,0,0,1,1,0,1,0,0,1,0,0,1,0,1,0,0,0,0,0,0,1,1,0,0,0,1,0,0,1,1,1,0,0,1,0,0.42592592592592593,198.99185198514243,1
76,0,0,1,0,0,0,1,1,1,1,0,0,1,1,1,0,0,0,1,1,0,1,0,0,1,0,0,1,1,1,0,1,1,0,0,0,1,0,0,1,1,0,0,0,1,0,0,1,1,1,0,0,1,0,0.4444444444444444,324.41456033988294,1
77,0,1,0,0,0,0,0,1,0,1,1,1,0,0,1,1,1,1,0,1,1,0,1,1,1,1,1,0,0,0,0,0,0,1,1,1,0,1,1,0,0,1,1,1,0,1,1,0,0,1,1,1,0,1,0.4444444444444444,426.6377165750821,1
78,0,1,0,1,0,0,0,1,0,0,1,1,0,1,1,0,1,1,0,0,1,0,1,1,1,1,1,0,1,0,0,0,0,1,1,1,0,1,1,0,0,1,1,1,0,1,1,0,0,0,1,1,0,1,0.3333333333333333,410.0423501824857,1
79,0,1,0,1,0,0,1,1,0,0,1,1,0,1,1,1,0,1,0,1,1,0,1,1,0,1,1,0,1,0,0,0,0,1,1,0,1,1,1,0,1,1,1,1,0,1,1,0,0,0,1,1,0,1,0.3888888888888889,434.4859636227933,1
80,1,1,0,0,0,0,0,1,0,1,0,1,0,1,1,1,1,1,0,1,1,0,0,1,1,1,1,0,1,0,0,0,0,1,1,1,0,1,1,0,0,1,1,1,0,1,1,0,0,0,1,1,0,1,0.5185185185185185,396.56387029174147,1
81,1,1,0,0,0,0,1,1,0,0,1,1,0,0,1,0,1,1,0,0,1,0,1,1,0,1,1,0,1,0,0,0,0,1,1,1,0,1,1,0,0,1,1,1,0,1,1,0,0,0,1,1,0,1,0.48148148148148145,370.18928195443704,1
82,0,1,0,1,0,0,0,0,0,1,1,1,0,1,1,1,1,1,0,1,1,0,1,1,0,1,1,0,0,0,0,0,0,1,1,1,1,1,1,0,0,1,1,1,0,1,1,0,0,0,1,1,0,1,0.37037037037037035,452.45941637900626,1
83,0,1,0,0,0,0,0,1,0,1,1,1,0,1,1,1,1,1,0,1,1,1,1,1,0,0,1,0,1,0,0,0,0,1,1,1,0,1,1,0,1,1,1,1,0,1,1,0,0,1,1,1,0,1,0.42592592592592593,417.1416418741098,1
84,1,0,1,0,1,0,0,0,1,0,0,0,1,0,1,0,0,0,1,0,0,1,0,0,0,0,0,0,0,0,1,1,1,0,0,0,1,0,0,1,0,0,0,0,1,0,0,1,1,0,0,0,1,0,0.37037037037037035,200.10215187971892,1
85,0,1,0,0,1,0,0,0,0,1,1,1,0,0,1,1,1,1,0,1,1,0,1,1,0,1,1,0,0,0,0,0,0,1,1,1,0,1,1,1,0,1,1,1,1,1,1,0,0,0,1,1,0,1,0.42592592592592593,423.62641511591534,1
86,0,1,1,0,0,0,0,1,0,0,0,1,0,1,0,1,1,1,0,1,1,0,1,1,1,1,1,0,1,0,0,0,0,1,1,1,0,1,1,0,0,1,1,1,0,1,1,0,0,1,1,1,0,1,0.4074074074074074,389.94261446962633,1
87,0,1,0,1,0,0,0,0,0,1,1,1,0,0,1,1,1,1,0,1,1,1,0,1,0,1,1,0,1,0,0,0,0,1,1,1,0,1,1,0,0,1,0,1,0,1,1,0,0,0,1,1,0,1,0.37037037037037035,384.85405593073864,1
88,0,1,1,0,1,0,0,1,0,1,0,1,0,1,1,1,1,1,0,0,1,0,1,1,0,1,1,0,1,0,1,0,0,1,1,0,1,1,1,1,0,1,1,1,0,1,1,0,0,1,1,1,0,1,0.3888888888888889,501.60177120986896,1
89,1,0,0,1,1,0,1,0,1,0,0,0,1,0,1,1,0,0,1,0,0,0,0,0,1,0,1,1,0,1,1,1,1,0,0,0,1,0,0,1,0,0,0,0,1,0,0,1,1,0,0,0,1,1,0.4444444444444444,346.8477050215838,1
90,1,0,1,0,1,0,1,0,1,0,0,0,1,1,1,0,0,0,1,0,0,1,0,0,1,0,0,1,0,0,1,1,1,0,0,0,0,0,0,1,1,0,0,0,1,1,0,1,1,1,0,0,1,1,0.3888888888888889,341.890350790043,1
91,1,1,1,0,0,1,0,1,0,0,1,1,0,1,1,1,1,1,0,1,1,0,1,1,1,1,1,0,1,0,0,0,0,1,1,1,0,1,1,0,0,1,1,1,0,1,1,0,0,0,1,1,0,1,0.4444444444444444,801.4893720415571,1
92,0,1,0,0,1,0,1,0,0,0,0,1,0,1,1,1,1,1,0,1,1,0,0,1,0,1,1,0,1,0,0,0,0,1,1,1,0,1,1,0,1,1,1,1,1,0,1,0,0,0,1,0,0,1,0.4074074074074074,401.82569611625155,1
93,1,0,1,1,1,0,1,0,1,0,0,0,1,1,1,1,0,0,1,0,0,0,1,0,0,0,0,1,0,1,1,1,1,0,0,0,1,0,0,0,1,0,0,0,1,1,0,1,1,0,0,0,1,0,0.2962962962962963,280.6058733183526,1
94,0,1,0,1,1,0,1,1,0,1,1,1,0,1,1,1,1,1,0,1,1,0,1,1,0,1,1,0,0,0,0,0,0,1,1,0,0,1,1,0,0,1,1,1,0,1,1,0,0,1,1,1,0,1,0.42592592592592593,691.9508658037236,1
95,1,1,0,1,0,0,0,1,0,0,1,1,0,1,1,1,1,1,0,1,1,0,1,1,0,1,1,0,0,0,0,1,0,1,1,1,0,1,1,1,0,1,1,1,0,1,1,0,0,1,1,1,0,1,0.46296296296296297,444.50827194771506,1
96,1,1,0,0,0,0,1,1,0,1,0,1,0,0,1,1,1,1,0,1,1,0,0,1,0,1,1,0,1,0,0,0,0,1,1,1,1,1,1,0,0,1,1,0,0,1,1,0,0,0,1,1,1,1,0.4074074074074074,354.6252819952021,1
97,1,1,0,0,1,0,1,1,0,0,1,1,1,0,1,1,1,1,0,1,1,1,1,1,1,1,1,0,1,0,0,0,0,0,1,1,0,1,1,0,1,1,1,1,0,1,1,0,1,0,1,1,0,1,0.4074074074074074,514.0861723452344,1
98,0,1,0,0,0,0,1,0,0,1,1,1,1,1,1,1,1,1,1,1,1,0,1,1,0,1,1,0,0,0,0,0,0,1,1,1,0,1,1,0,0,1,0,1,0,1,1,0,0,0,1,1,0,1,0.5370370370370371,543.9051931507482,1
99,0,1,1,1,0,0,0,1,0,0,1,1,0,1,1,1,1,1,0,1,1,1,0,1,1,1,1,0,1,0,0,0,0,1,1,1,1,1,1,0,0,1,1,1,0,1,1,0,0,0,1,1,0,1,0.48148148148148145,547.4137493611292,1
