,0,1,2,3,4,5,6,7,8,9,10,11,12,13,14,15,16,17,18,19,20,21,22,23,24,25,26,27,28,29,30,31,32,33,34,35,chain_break_fraction,energy,num_occurrences
0,0,0,0,1,0,0,1,1,1,0,1,0,0,1,0,1,0,1,1,1,1,0,0,1,1,0,0,1,0,0,0,0,0,1,0,0,0.2777777777777778,22.643518560559027,1
1,1,0,0,1,0,0,1,1,1,0,1,0,0,1,0,1,0,1,1,1,0,0,0,1,1,0,0,1,1,0,0,0,0,1,0,0,0.2777777777777778,24.149452776503097,1
2,1,0,0,1,0,0,1,1,1,0,1,0,0,1,0,1,0,1,1,1,1,0,0,1,1,0,0,1,1,0,0,0,0,1,0,0,0.25,23.546071980037453,1
3,1,0,0,1,0,0,0,1,1,0,1,0,0,1,0,1,1,1,1,1,1,0,0,1,1,0,0,1,1,0,0,0,0,1,0,0,0.25,23.72571140076078,1
4,0,0,0,1,0,0,1,1,1,0,1,0,0,1,0,1,0,1,1,1,1,0,0,1,1,0,0,1,1,0,0,0,0,1,0,0,0.2222222222222222,22.90580461321365,1
5,1,0,0,1,0,0,1,1,1,0,1,0,0,1,0,1,0,1,1,1,1,0,0,1,1,0,0,1,1,0,0,0,0,1,0,0,0.3055555555555556,23.546071980037453,1
6,0,0,0,1,0,0,1,1,1,0,1,0,0,1,0,1,1,1,1,1,1,0,0,1,1,0,0,1,0,0,0,0,0,1,0,0,0.3055555555555556,26.715747453560876,1
7,0,1,0,1,0,0,1,1,1,0,1,0,0,1,0,1,1,1,1,1,1,0,0,1,1,0,0,1,1,0,0,0,0,1,0,0,0.2777777777777778,30.755228343405506,1
8,1,1,0,1,0,0,0,1,1,0,1,0,0,1,0,1,1,1,1,1,1,0,0,1,1,0,0,1,0,0,0,0,1,1,0,0,0.2777777777777778,29.049601655472127,1
9,1,0,0,1,0,0,1,1,1,0,1,0,0,1,0,1,1,1,1,1,0,0,0,0,1,0,0,1,1,0,0,0,0,1,0,0,0.19444444444444445,28.06508895890242,1
10,1,1,0,1,0,0,1,1,1,0,1,0,0,1,0,1,0,1,1,1,0,0,0,1,1,0,0,1,0,0,0,0,1,1,0,0,0.25,29.978921920840587,1
11,1,1,0,1,0,0,0,1,1,0,1,0,0,1,0,1,1,1,1,1,1,0,0,1,1,0,0,1,0,0,0,0,0,1,0,0,0.25,30.24197536923155,1
12,1,1,0,1,0,0,1,1,0,0,1,0,0,1,0,1,1,1,1,1,1,0,0,0,1,0,0,1,1,0,0,0,0,1,0,0,0.25,30.44212533093768,1
13,1,0,0,1,0,0,0,1,1,0,1,0,0,1,0,1,1,1,1,1,1,0,0,1,1,0,0,1,0,0,0,0,0,1,0,0,0.25,23.961104208219357,1
14,1,1,0,1,0,0,1,1,1,0,1,0,0,1,0,1,0,1,1,1,1,0,0,0,1,0,0,1,1,0,0,0,0,1,0,0,0.25,27.82199426590388,1
15,1,0,0,1,0,0,1,1,1,0,1,0,0,1,0,1,0,1,1,1,1,0,0,1,1,0,0,1,0,0,0,0,0,1,0,0,0.2222222222222222,23.783957949485636,1
16,0,0,0,1,0,0,1,1,1,0,1,0,0,1,0,1,1,1,1,1,1,0,0,1,1,0,0,1,0,0,0,0,0,1,0,0,0.2777777777777778,26.715747453560876,1
17,1,0,0,1,0,0,1,1,1,0,1,0,0,1,0,1,0,1,1,1,1,0,0,1,1,0,0,1,0,0,0,0,0,1,0,0,0.2222222222222222,23.783957949485636,1
18,1,0,0,1,0,0,1,1,1,0,1,0,0,1,0,1,0,1,1,1,1,0,0,1,0,0,0,1,0,0,0,0,0,1,0,0,0.2222222222222222,23.21323873028638,1
19,1,0,0,1,0,0,1,1,1,0,0,0,0,1,0,1,1,1,1,1,1,0,0,1,1,0,0,1,1,0,0,0,0,1,0,0,0.3055555555555556,27.910656343655454,1
20,1,0,0,1,0,0,1,1,1,0,1,0,0,1,0,1,1,1,1,1,1,0,0,0,1,0,0,1,0,0,0,0,0,1,0,0,0.2777777777777778,27.653373121666874,1
21,1,0,0,1,0,0,1,1,1,0,1,0,0,1,0,1,1,1,1,1,1,0,0,1,1,0,0,1,0,0,0,0,0,1,0,0,0.3333333333333333,28.35618815856642,1
22,1,0,0,1,0,0,1,1,1,0,1,0,0,1,0,1,1,1,1,1,1,0,0,1,1,0,0,1,0,0,0,0,0,1,0,0,0.3333333333333333,28.35618815856642,1
23,1,0,0,1,0,0,1,1,1,0,1,0,0,1,0,1,1,1,1,1,1,0,0,1,1,0,0,1,0,0,0,0,0,1,0,0,0.25,28.35618815856642,1
24,1,1,0,1,0,0,1,1,1,0,1,0,0,1,0,1,1,1,1,1,1,0,0,1,1,0,0,1,1,0,0,0,0,1,0,0,0.25,33.89549702630823,1
25,0,0,0,1,0,0,1,1,1,0,1,0,0,1,0,1,1,1,1,1,1,0,0,1,1,0,0,1,0,0,0,0,0,1,0,0,0.2777777777777778,26.715747453560876,1
26,1,0,0,1,0,0,1,1,1,0,1,0,0,1,0,1,0,1,1,1,1,0,0,0,1,0,0,1,1,0,0,0,0,1,0,0,0.2222222222222222,20.474497374646937,1
27,1,1,0,1,0,0,1,1,1,0,1,0,0,1,0,1,1,1,1,1,0,0,0,1,1,0,0,1,1,0,0,0,0,1,0,0,0.3055555555555556,36.10881564332463,1
28,0,0,0,1,0,0,1,1,1,0,1,0,0,1,0,1,1,1,1,1,1,0,0,1,1,0,0,1,1,0,0,0,0,1,0,0,0.3055555555555556,26.474690977600048,1
29,1,0,0,1,0,0,1,1,1,0,1,0,0,1,0,1,1,1,1,1,1,0,0,1,1,0,0,1,0,0,0,0,0,1,0,1,0.2777777777777778,33.14877441379755,1
30,0,1,0,1,0,0,1,1,1,0,1,0,0,1,0,1,1,1,1,1,1,0,0,1,1,0,0,1,1,0,0,0,1,1,0,0,0.2777777777777778,29.95370601980001,1
31,1,0,0,1,0,0,1,1,1,0,1,0,0,1,0,1,0,1,1,1,1,0,0,1,1,0,0,1,0,0,0,0,0,1,0,0,0.2222222222222222,23.783957949485636,1
32,1,1,0,1,0,0,1,1,1,0,1,0,0,1,0,1,1,1,1,1,1,0,0,0,1,0,0,1,1,0,0,0,0,1,0,0,0.2777777777777778,33.89664136614982,1
33,0,1,0,1,0,0,1,1,0,0,1,0,0,1,0,1,1,1,1,1,1,0,0,0,1,0,0,1,1,0,0,0,0,1,0,0,0.2222222222222222,26.933916614242843,1
34,1,0,0,1,0,0,1,1,1,0,1,0,0,1,0,1,1,1,1,1,1,0,0,1,1,0,0,1,1,0,0,0,1,1,0,0,0.3333333333333333,27.314590401056734,1
35,1,0,0,1,0,0,1,1,1,0,1,0,0,1,0,1,0,1,1,1,1,0,0,1,1,0,0,1,0,0,0,0,0,1,0,0,0.3055555555555556,23.783957949485636,1
36,0,0,0,1,0,0,1,1,1,0,1,0,0,1,0,1,0,1,1,1,1,0,0,0,1,0,0,1,0,0,0,0,0,1,0,0,0.3055555555555556,19.90146565723202,1
37,1,0,0,1,0,0,1,1,1,0,1,0,0,1,0,1,1,1,0,1,1,0,0,0,1,0,0,1,1,0,0,0,0,1,0,0,0.19444444444444445,26.989440084290617,1
38,0,0,0,1,0,0,1,1,1,0,1,0,0,1,0,1,1,1,1,1,1,0,0,0,1,0,0,1,0,0,0,0,1,1,0,0,0.25,23.309287150647123,1
39,0,0,0,1,0,0,1,1,0,0,1,0,0,1,0,1,1,1,1,1,1,0,0,1,1,0,0,1,0,0,0,0,0,1,0,0,0.2777777777777778,25.76510502833413,1
40,1,0,0,1,0,0,0,1,1,0,0,0,0,1,0,1,1,1,1,1,0,0,0,1,1,0,0,1,0,0,0,0,1,1,0,0,0.16666666666666666,23.799165400253575,1
41,1,0,0,1,0,0,1,1,1,0,1,0,0,1,0,1,1,1,1,1,0,0,0,1,1,0,0,1,0,0,0,0,0,1,0,0,0.3055555555555556,30.123518046291128,1
42,1,0,0,1,0,0,1,1,1,0,1,0,0,1,0,1,1,1,1,1,1,0,0,1,1,0,0,1,0,0,0,0,0,1,0,0,0.3055555555555556,28.35618815856642,1
43,0,0,0,1,0,0,1,1,1,0,1,0,0,1,0,1,1,1,1,1,1,0,0,1,1,0,0,1,0,0,0,0,1,1,0,0,0.3333333333333333,26.34869569387615,1
44,1,0,0,1,0,0,1,1,1,0,1,0,0,1,0,1,1,1,1,1,1,0,0,0,1,0,0,1,1,0,0,0,0,1,0,0,0.2777777777777778,25.549141842735075,1
45,1,1,0,1,0,0,1,1,0,0,1,0,0,1,0,1,1,1,1,1,1,0,0,0,1,0,0,1,1,0,0,0,0,1,0,1,0.25,31.58077250682023,1
46,1,0,0,1,0,0,1,1,1,0,1,0,0,1,0,1,1,1,1,1,0,0,0,1,1,0,0,1,0,0,0,0,1,1,0,0,0.2777777777777778,28.259269376986776,1
47,1,0,0,1,0,0,1,1,1,0,1,0,0,1,0,1,1,1,1,1,1,0,0,1,1,0,0,1,1,0,0,0,0,1,0,0,0.3611111111111111,27.614959660502798,1
48,1,0,0,1,1,0,1,1,1,0,1,0,0,1,0,1,0,1,1,1,1,0,0,0,1,0,0,1,1,0,0,0,0,1,0,0,0.2222222222222222,23.196737459406677,1
49,1,0,0,1,0,0,1,1,1,0,1,0,0,1,0,1,1,1,1,1,1,0,0,1,1,0,0,1,1,0,0,0,0,1,0,0,0.3333333333333333,27.614959660502798,1
50,0,0,0,1,0,0,1,1,1,0,1,0,0,1,0,1,1,1,1,1,1,0,0,1,1,0,1,1,0,0,0,0,0,1,0,0,0.3055555555555556,26.968287119523144,1
51,1,0,0,1,0,0,0,1,1,0,0,0,0,1,0,1,1,1,1,1,1,0,0,0,1,0,0,1,0,0,0,0,1,1,0,0,0.25,20.046196784053766,1
52,1,0,0,1,0,0,1,1,1,0,1,0,0,1,0,1,1,1,1,1,1,0,0,1,1,0,0,1,1,0,0,0,0,1,0,0,0.2777777777777778,27.614959660502798,1
53,1,1,0,1,0,0,1,1,1,0,1,0,0,1,0,1,1,1,1,1,1,0,0,0,1,0,1,1,1,0,0,0,0,1,0,0,0.3333333333333333,32.0519102728595,1
54,1,0,0,1,0,0,0,1,1,0,1,0,0,1,0,1,1,1,1,1,1,0,0,1,1,0,0,1,0,0,0,0,1,1,0,0,0.2222222222222222,23.77103662277882,1
55,1,0,0,1,0,0,1,1,0,0,1,0,0,1,0,1,0,0,1,1,1,0,0,0,1,0,0,1,1,0,0,0,0,1,0,0,0.2222222222222222,11.70177450452287,1
56,1,0,0,1,0,0,1,1,1,0,1,0,0,1,0,1,1,1,1,1,1,0,0,0,1,0,1,1,0,0,0,0,0,1,0,0,0.3055555555555556,25.87480716553296,1
57,1,1,0,1,0,0,1,1,1,0,1,0,0,1,0,1,1,0,1,1,1,0,0,0,1,0,0,1,1,0,0,0,0,1,0,1,0.2222222222222222,23.905348624354154,1
58,1,0,0,1,0,0,1,1,1,0,1,0,0,1,0,1,0,1,1,1,0,0,0,1,1,0,1,1,1,0,0,0,1,1,0,0,0.3611111111111111,24.66438578967483,1
59,1,0,0,1,0,0,1,1,1,0,1,0,0,1,0,1,0,1,1,1,1,0,0,0,0,0,0,1,1,0,0,0,1,1,0,0,0.2222222222222222,19.343744894873947,1
60,1,0,0,1,0,0,0,1,1,0,1,0,0,1,0,1,1,1,1,1,0,0,0,1,1,0,0,1,0,0,0,0,1,1,0,0,0.2777777777777778,23.876278049680447,1
61,1,0,0,1,0,0,1,1,0,0,1,0,0,1,0,1,1,1,1,1,0,0,0,1,1,0,0,1,1,0,0,0,0,1,0,0,0.2222222222222222,27.208924713805068,1
62,0,1,0,1,0,0,1,1,1,0,1,0,0,1,0,1,0,1,1,1,1,0,0,1,1,0,0,1,0,0,0,0,0,1,0,0,0.25,26.924397338412273,1
63,1,1,0,1,0,0,0,1,0,0,1,0,0,1,0,1,1,0,1,1,1,0,0,0,1,0,0,1,1,0,0,0,0,1,0,0,0.25,15.853336864672215,1
64,1,1,0,1,0,0,1,1,1,0,1,0,0,1,0,1,0,1,1,1,1,0,0,0,1,0,0,1,1,0,0,0,0,1,0,0,0.2222222222222222,27.82199426590388,1
65,1,0,0,1,0,0,1,1,1,0,1,0,0,1,0,1,1,1,1,1,1,0,0,1,1,0,0,1,1,0,0,0,0,1,0,0,0.3055555555555556,27.614959660502798,1
66,0,1,0,1,0,0,1,1,1,0,1,0,0,1,0,1,0,1,1,1,0,0,0,1,1,0,0,1,1,0,0,0,0,1,0,0,0.3611111111111111,27.29131389029611,1
67,0,0,0,1,0,0,1,1,1,0,1,0,0,1,0,1,1,1,1,1,1,0,0,0,1,0,0,1,1,0,0,0,0,1,0,0,0.2777777777777778,23.375392081027677,1
68,1,0,0,1,0,0,0,1,1,0,1,0,0,1,0,1,1,1,1,1,1,0,0,0,1,0,0,1,0,0,0,0,0,1,0,0,0.2777777777777778,22.245613002036354,1
69,1,1,0,1,0,0,1,1,1,0,1,0,0,1,0,1,0,1,1,1,1,0,0,1,1,0,0,1,0,0,0,0,0,1,0,0,0.3611111111111111,30.06483672733889,1
70,1,0,0,1,0,0,1,1,1,0,1,0,0,1,0,1,1,1,0,1,1,0,0,0,1,0,0,1,0,0,0,0,1,1,0,0,0.2222222222222222,26.885104161215466,1
71,1,0,0,1,0,0,1,1,1,0,1,0,0,1,0,1,0,1,1,1,1,0,0,1,1,0,1,1,1,0,0,0,0,1,0,0,0.3055555555555556,24.734383131305236,1
72,0,0,0,1,0,0,1,1,1,0,1,0,0,1,0,1,1,1,1,1,1,0,0,0,1,0,0,1,1,0,0,0,0,1,0,0,0.25,23.375392081027677,1
73,1,0,0,1,0,0,1,1,1,0,1,0,0,1,0,1,1,1,1,1,1,0,1,0,0,0,0,1,1,0,0,0,0,1,0,0,0.25,25.831027492530247,1
74,1,0,0,1,0,0,1,1,1,0,1,0,0,1,0,1,1,1,1,1,1,0,0,1,0,0,1,1,1,0,0,0,0,1,0,0,0.3333333333333333,27.048206340388653,1
75,0,0,0,1,0,0,1,1,1,0,1,0,0,1,0,1,0,1,1,1,1,0,0,1,1,0,0,1,1,0,0,0,0,1,0,1,0.3055555555555556,31.076576065415367,1
76,1,0,0,1,0,0,1,1,1,0,1,0,0,1,0,1,0,1,1,1,1,0,0,1,0,0,1,1,0,0,0,0,0,1,0,0,0.2777777777777778,22.855167107960465,1
77,1,0,0,1,0,0,1,1,1,0,1,0,0,1,0,1,1,1,1,1,0,0,0,0,1,0,0,1,1,0,0,0,0,1,0,0,0.3055555555555556,28.06508895890242,1
78,1,1,0,1,0,0,1,1,0,0,1,0,0,1,0,1,1,1,1,1,1,0,0,1,1,0,1,1,1,0,0,0,0,1,0,0,0.3611111111111111,31.634249040179718,1
79,1,0,1,1,0,0,1,1,1,0,1,0,0,1,0,1,1,1,1,1,1,0,0,1,1,0,0,1,0,0,0,0,0,1,0,0,0.2777777777777778,31.432421100491748,1
80,1,1,0,1,0,0,1,1,1,0,1,0,0,1,0,1,1,1,1,1,1,0,0,1,1,0,0,1,0,0,0,0,1,1,0,1,0.3055555555555556,37.93080312082984,1
81,1,0,0,1,0,0,1,1,1,0,1,0,0,1,0,1,1,0,1,1,1,0,0,0,0,0,1,1,1,0,0,0,1,1,0,0,0.19444444444444445,14.476506946381551,1
82,1,0,0,1,0,0,0,1,0,0,1,0,0,1,0,1,0,1,1,1,1,0,0,0,1,0,0,1,0,0,0,0,0,1,0,0,0.3055555555555556,16.025358181870125,1
83,1,0,0,1,0,0,1,1,1,0,1,0,0,1,1,1,0,0,1,1,1,0,0,0,0,0,0,1,1,0,0,0,1,1,0,0,0.16666666666666666,14.208911576297258,1
84,1,1,0,1,0,0,1,1,1,0,1,0,0,1,0,1,0,1,1,1,1,0,0,1,1,0,0,1,1,0,0,0,0,1,0,0,0.2777777777777778,28.826606713685095,1
85,1,0,0,1,0,0,1,1,1,0,1,0,0,1,0,1,1,1,1,1,0,0,0,1,1,0,0,1,1,0,0,0,0,1,0,0,0.3888888888888889,28.825090783580862,1
86,1,0,0,1,0,0,1,1,1,0,1,0,0,1,0,1,0,1,1,1,1,0,0,0,1,0,0,1,1,0,0,0,1,1,0,0,0.3055555555555556,19.487888623750365,1
87,1,1,0,1,0,0,1,1,0,0,1,0,0,1,0,1,1,1,1,1,1,0,0,1,1,0,0,1,0,0,0,0,0,1,0,1,0.3611111111111111,36.42852747479578,1
88,0,1,0,1,0,0,0,1,1,0,1,0,0,1,0,1,1,1,1,1,0,0,0,1,1,0,0,1,0,0,0,0,1,1,0,0,0.25,27.0171543129963,1
89,0,0,0,1,0,0,1,1,0,0,1,0,0,1,0,1,1,1,1,1,0,0,0,1,1,0,0,1,0,0,0,0,0,1,0,0,0.2777777777777778,26.53080447544755,1
90,1,0,1,1,0,0,1,1,1,0,1,0,0,1,0,1,0,1,1,1,1,0,0,0,1,0,0,1,1,0,0,0,0,1,0,0,0.3055555555555556,23.5377530207912,1
91,1,0,0,1,0,0,1,1,1,0,1,0,0,1,0,1,0,1,1,1,1,0,0,1,1,0,1,1,0,0,0,0,0,1,0,1,0.2777777777777778,31.29389304712035,1
92,0,1,0,1,0,0,1,1,1,0,1,0,0,1,0,1,1,1,1,1,0,0,0,1,1,0,1,1,0,0,0,0,0,1,0,0,0.25,32.970245138376264,1
93,1,0,0,1,1,0,1,1,1,0,0,0,0,1,0,1,0,1,1,1,0,0,0,1,1,0,0,1,0,0,0,0,1,1,0,0,0.25,25.32732849249837,1
94,0,0,1,0,1,1,0,0,0,0,0,1,1,0,1,1,1,1,0,0,0,1,1,0,0,1,1,0,0,0,1,1,0,0,1,0,0.2222222222222222,24.205102119794248,1
95,1,1,0,1,0,0,1,1,0,0,1,0,0,1,0,1,0,1,1,1,1,0,0,0,1,0,0,1,1,0,0,0,1,1,0,0,0.3055555555555556,23.378590821134296,1
96,1,1,0,1,0,0,1,1,1,0,1,0,0,1,0,1,0,0,1,1,1,0,0,0,1,0,1,1,1,0,0,0,0,1,0,0,0.2777777777777778,17.33131402633172,1
97,1,1,0,1,0,0,1,1,0,0,1,0,0,1,0,1,1,1,1,1,1,0,0,0,1,0,1,1,1,0,0,0,0,1,0,0,0.3888888888888889,29.097804793263602,1
98,1,0,0,1,0,0,1,1,0,0,1,0,0,1,0,1,0,1,1,1,1,0,0,1,1,0,0,1,0,0,0,0,0,1,0,0,0.3333333333333333,22.6677744829928,1
99,0,0,0,0,1,1,0,0,0,1,0,1,1,0,1,1,0,1,0,0,0,1,1,0,0,1,1,0,1,1,1,1,0,0,1,0,0.3055555555555556,25.808025480326187,1
