,0,1,2,3,4,5,6,7,8,9,10,11,12,13,14,15,16,17,18,19,20,21,22,23,24,25,26,27,28,29,30,31,32,33,34,35,36,37,38,39,40,41,42,43,44,45,46,47,48,49,50,51,52,53,chain_break_fraction,energy,num_occurrences
0,0,1,0,0,0,0,0,0,0,1,1,0,0,1,0,0,1,1,0,1,1,1,1,1,0,0,0,0,0,1,1,1,1,0,0,0,0,1,1,0,0,1,1,0,0,1,0,0,0,1,0,1,0,0,0.3333333333333333,279.5179788805869,1
1,0,1,1,0,0,0,0,0,0,1,1,0,0,1,0,0,1,1,0,1,1,1,1,1,0,0,0,0,0,1,1,1,1,0,0,0,0,1,1,0,0,1,1,0,0,1,0,0,0,1,0,1,0,0,0.3333333333333333,340.89367660450523,1
2,0,1,0,0,0,0,0,0,0,1,1,0,0,1,0,0,1,1,0,1,1,1,1,1,0,1,0,0,0,1,1,1,1,0,0,0,0,1,1,0,0,1,1,0,0,0,0,0,0,1,0,1,0,1,0.35185185185185186,341.4205795064725,1
3,0,1,1,0,0,0,0,0,0,0,1,0,0,1,0,0,1,1,0,1,1,1,1,1,0,0,0,0,0,1,1,1,1,0,0,0,0,1,1,0,0,1,1,0,0,0,0,0,0,1,0,1,0,0,0.3888888888888889,333.6540154389064,1
4,0,1,0,0,0,0,0,0,0,1,1,0,0,1,0,0,1,1,0,1,1,1,1,1,0,0,0,1,0,1,1,1,1,0,0,0,0,1,1,0,0,1,1,0,0,0,0,0,0,1,0,1,0,0,0.3888888888888889,285.46032655584844,1
5,0,1,1,0,0,0,0,0,0,1,1,0,0,1,0,0,1,1,0,1,1,1,1,1,0,0,0,0,0,1,1,1,1,1,0,0,0,1,1,0,0,1,1,0,0,1,0,0,0,1,0,1,0,1,0.37037037037037035,377.69878289905915,1
6,0,1,1,0,0,0,0,0,0,1,1,0,0,1,0,0,1,1,0,1,1,1,0,1,0,0,0,0,0,1,1,1,1,0,0,0,0,1,1,0,0,1,1,0,0,0,0,0,0,1,0,1,0,0,0.4074074074074074,324.89038797917004,1
7,1,0,0,0,1,1,1,1,1,0,1,1,1,0,1,1,0,0,1,0,0,0,0,0,1,0,0,1,1,0,0,0,0,0,1,1,1,0,0,1,1,0,0,1,1,0,1,1,1,0,1,0,1,0,0.3333333333333333,310.8767516875292,1
8,0,1,0,1,0,0,0,0,0,1,1,0,0,1,0,0,1,1,0,1,1,1,1,1,0,0,0,1,0,1,1,1,1,1,0,0,0,1,1,0,0,1,1,0,0,0,0,0,0,1,0,1,0,1,0.3888888888888889,361.562327624886,1
9,0,1,0,0,0,0,0,0,0,1,1,0,0,1,0,0,1,1,0,1,1,1,1,1,0,0,0,0,0,1,1,1,1,0,0,0,0,1,1,0,0,1,1,0,0,0,0,0,0,1,0,1,0,1,0.3888888888888889,339.8333350766507,1
10,0,1,0,0,0,0,0,0,0,1,1,0,0,1,0,0,1,1,0,1,1,1,0,1,0,0,0,0,0,1,1,1,1,1,0,0,0,1,1,0,0,1,0,0,0,1,0,0,0,1,0,1,0,0,0.3333333333333333,279.29346370399503,1
11,1,1,0,0,0,0,0,0,0,1,1,0,0,1,0,0,1,1,0,1,1,1,1,1,0,1,0,1,0,1,1,1,1,0,0,0,0,1,1,0,0,1,1,0,0,1,0,0,0,1,0,1,0,0,0.35185185185185186,310.4713012780152,1
12,0,1,1,1,0,0,0,0,0,1,1,0,0,1,0,0,0,1,0,0,1,1,1,1,0,0,0,0,0,1,1,1,1,0,0,0,0,1,1,0,0,1,0,0,0,1,0,0,0,1,0,1,0,1,0.3333333333333333,355.9500023436053,1
13,0,1,1,0,0,0,0,0,0,1,1,0,0,1,0,0,1,1,0,1,1,1,0,1,0,0,0,1,0,1,1,1,0,0,0,0,0,1,1,0,0,1,1,0,0,0,0,0,0,1,0,1,0,0,0.3333333333333333,322.0312609825074,1
14,1,1,1,1,0,0,0,0,0,1,1,0,0,1,0,0,1,1,0,1,1,1,1,1,0,1,0,0,0,1,1,1,1,0,0,0,0,1,1,0,0,1,1,0,0,0,0,0,0,1,0,1,0,0,0.3333333333333333,443.93968700086793,1
15,0,1,1,0,0,0,0,0,0,0,0,0,0,1,0,0,1,1,0,0,1,1,0,1,0,0,0,0,0,1,1,1,1,0,0,0,0,1,1,0,0,1,1,0,0,0,0,0,0,1,0,1,0,0,0.25925925925925924,297.7278500835642,1
16,0,1,0,0,0,0,0,0,0,1,1,0,0,1,0,0,0,1,0,0,1,1,1,1,0,0,0,1,0,1,1,1,1,0,0,0,0,1,1,0,0,1,1,0,0,0,0,0,0,1,0,1,0,0,0.37037037037037035,293.23947739865537,1
17,0,1,0,0,0,0,0,0,0,1,1,0,0,1,0,0,1,1,0,1,1,1,1,1,0,0,0,0,0,1,1,1,1,1,0,0,0,1,1,0,0,1,1,0,0,0,0,0,0,1,0,1,0,0,0.3888888888888889,282.21819336576414,1
18,1,1,0,0,0,0,0,0,0,1,1,0,0,1,0,0,0,1,0,1,1,1,1,1,0,0,0,1,0,1,1,1,1,0,0,0,0,1,1,0,0,1,1,0,0,0,0,0,0,1,0,1,0,1,0.4074074074074074,363.0066508547768,1
19,1,1,0,0,0,0,0,0,0,1,1,0,0,1,0,0,1,1,0,0,1,1,1,1,0,1,0,0,0,1,1,1,1,0,0,0,0,1,1,0,0,1,1,0,0,1,0,0,0,1,0,1,0,0,0.3333333333333333,297.56953862001023,1
20,1,1,0,0,0,0,0,0,0,0,1,0,0,1,0,0,1,1,0,1,1,1,1,1,0,0,0,0,0,1,1,1,1,0,0,0,0,1,1,0,0,1,1,0,0,0,0,0,0,1,0,1,0,0,0.37037037037037035,279.9735618243571,1
21,0,1,0,0,0,0,0,0,0,1,1,0,1,1,0,0,1,1,0,1,1,1,1,1,0,0,0,0,0,1,1,1,1,0,0,0,0,1,1,0,0,1,1,0,0,1,0,0,0,1,0,1,0,0,0.37037037037037035,283.00019479134613,1
22,1,1,1,0,0,0,0,0,0,1,0,0,0,1,0,0,1,1,1,1,1,1,0,1,0,0,0,0,0,1,1,1,1,1,0,0,0,1,1,0,0,1,1,0,0,0,0,0,0,1,0,1,0,0,0.3333333333333333,316.3831973623246,1
23,0,1,1,1,0,0,0,0,0,1,0,0,0,1,0,0,1,1,0,0,1,1,1,1,0,1,0,0,0,1,1,1,1,0,0,0,0,1,1,0,0,1,1,0,0,0,0,0,0,1,0,1,0,1,0.3148148148148148,365.7451335272098,1
24,0,1,1,0,0,0,0,0,0,1,1,0,0,1,0,0,1,1,0,0,1,1,1,1,0,1,0,0,0,1,0,1,1,0,0,0,0,1,1,0,0,1,1,0,0,1,0,0,0,1,0,1,0,1,0.3148148148148148,377.54762120783573,1
25,0,1,1,1,0,0,0,0,0,1,1,0,0,1,0,0,1,1,0,1,1,0,1,1,0,0,0,0,0,1,1,1,1,0,0,0,0,1,1,0,0,1,1,0,0,1,0,0,0,1,0,1,0,0,0.35185185185185186,338.4042875034229,1
26,0,1,0,0,0,0,0,0,0,1,1,0,1,1,0,0,1,1,0,1,1,1,1,1,0,0,0,0,0,1,1,1,1,0,0,0,0,1,1,0,0,1,1,0,0,0,0,0,0,1,0,1,0,0,0.35185185185185186,285.2137396927633,1
27,0,1,0,0,0,0,0,0,0,0,1,0,0,1,0,0,1,1,0,1,1,1,0,1,0,0,0,0,0,1,1,1,1,1,0,0,0,1,1,0,0,1,1,0,0,0,0,0,0,1,0,1,0,0,0.3333333333333333,284.6792447898045,1
28,0,1,0,0,0,0,0,0,0,1,1,0,0,1,0,0,1,1,0,1,1,1,1,1,0,0,0,0,0,1,1,1,1,0,0,0,0,1,1,0,0,1,1,0,0,0,0,0,0,1,0,1,0,0,0.4444444444444444,279.2149609336716,1
29,0,1,1,0,0,0,0,0,0,1,1,0,0,1,0,0,1,1,0,1,1,1,0,1,1,0,0,0,0,1,1,1,1,1,0,0,0,1,1,0,0,1,1,0,0,0,0,0,0,1,0,1,0,0,0.37037037037037035,335.9176164497864,1
30,0,1,0,0,0,0,0,0,0,1,1,0,0,1,0,0,1,1,0,0,1,1,1,1,0,1,0,1,0,1,1,1,1,1,0,0,0,1,1,0,0,1,1,0,0,0,0,0,0,1,0,1,0,0,0.37037037037037035,301.36928685118596,1
31,0,1,1,1,0,0,0,0,0,1,1,0,0,1,0,0,1,1,0,1,1,1,1,1,0,1,0,0,0,1,1,1,1,0,0,0,0,1,1,0,0,1,0,0,0,1,0,0,0,1,0,1,0,0,0.37037037037037035,412.5416891497244,1
32,0,1,1,0,0,0,0,0,0,1,1,0,0,1,0,0,1,1,0,1,1,1,1,1,0,1,0,0,0,1,1,1,1,1,0,0,0,1,1,0,0,1,1,0,0,0,0,0,0,1,0,1,0,1,0.42592592592592593,394.7347591830325,1
33,0,1,0,0,0,0,0,0,0,0,1,0,0,1,0,0,1,1,0,1,1,1,1,1,0,0,0,1,0,1,1,1,1,1,0,0,0,1,1,0,0,0,1,0,0,0,0,0,0,1,0,1,0,0,0.3888888888888889,252.84352329116632,1
34,0,1,0,0,0,0,0,0,0,1,0,0,0,1,0,0,0,1,0,1,1,1,1,1,0,0,1,0,0,1,1,1,1,0,0,0,0,1,1,0,0,1,1,0,0,0,0,0,0,1,0,1,0,0,0.37037037037037035,291.8012829563768,1
35,0,1,1,0,0,0,0,0,0,1,1,0,0,1,0,1,1,1,0,1,1,1,1,1,0,0,0,1,0,1,1,1,1,1,0,0,0,1,1,0,0,1,1,0,0,0,0,0,0,1,0,1,0,0,0.35185185185185186,357.1506934314386,1
36,0,1,0,1,0,0,0,0,0,1,1,0,0,1,0,0,0,1,0,0,1,1,1,1,0,1,0,1,0,1,1,1,1,1,0,0,0,1,1,0,0,0,1,0,0,1,0,0,0,1,0,1,0,0,0.3333333333333333,249.6169507369671,1
37,1,1,0,0,0,0,0,0,0,1,1,0,0,1,0,0,1,1,0,1,1,1,0,1,0,0,0,1,0,1,1,1,1,1,0,0,0,1,1,0,0,0,1,0,0,0,0,0,0,1,0,1,0,0,0.3333333333333333,256.870988980196,1
38,1,0,0,1,1,1,1,1,1,0,1,1,1,0,1,1,0,0,1,0,0,0,0,0,1,0,0,1,1,0,0,0,0,0,1,1,0,0,0,0,1,1,0,1,1,0,1,1,1,0,1,0,1,0,0.3148148148148148,354.57365806034,1
39,0,1,1,0,0,0,0,0,0,1,1,0,0,1,0,0,1,1,0,0,1,0,0,1,0,1,0,1,0,1,1,1,1,0,0,0,0,1,1,0,0,1,0,0,0,0,0,0,0,1,0,1,0,0,0.3148148148148148,334.7378847294744,1
40,0,1,1,1,0,0,0,0,0,1,1,0,0,1,0,0,1,1,0,1,1,1,1,1,0,1,0,1,0,1,1,1,1,0,0,0,0,1,1,0,0,1,1,0,0,0,0,0,0,1,0,1,0,1,0.42592592592592593,402.817896549189,1
41,1,1,1,0,0,0,0,0,0,1,1,0,0,1,0,0,1,1,0,1,1,1,1,1,0,0,1,0,0,1,1,1,1,0,0,0,0,1,1,0,0,1,1,0,0,1,0,0,0,1,0,1,0,1,0.37037037037037035,455.0958972925699,1
42,0,1,0,0,0,0,0,0,0,1,1,0,0,1,0,0,1,1,0,1,1,1,0,1,0,1,0,0,0,1,1,1,1,0,0,0,1,1,1,0,0,1,1,0,0,1,0,0,0,1,0,1,0,0,0.3333333333333333,295.69919368418067,1
43,0,1,1,0,0,0,0,0,0,1,0,0,0,1,0,0,1,1,0,1,1,1,0,1,0,0,1,0,0,1,1,1,1,0,0,0,0,1,1,0,0,1,1,0,0,0,0,0,0,1,0,1,0,0,0.42592592592592593,372.71504177563514,1
44,0,1,0,0,0,0,0,0,0,1,1,0,0,1,0,0,1,1,0,1,1,0,0,1,0,1,0,0,0,1,1,1,1,0,0,0,0,1,1,0,0,1,0,0,0,0,0,0,0,1,0,1,0,0,0.3148148148148148,280.85961978562665,1
45,1,0,0,0,1,1,0,1,1,0,1,1,1,0,1,1,0,0,1,0,0,0,0,0,1,1,1,1,1,0,0,0,0,0,1,1,1,0,0,1,1,0,0,1,1,0,1,1,1,0,1,0,1,0,0.3333333333333333,347.78578554953566,1
46,0,1,0,0,0,0,0,0,0,1,0,0,0,1,0,0,1,1,0,1,1,1,1,1,0,0,0,0,0,1,1,1,0,1,0,0,0,1,1,0,0,0,1,0,0,1,0,0,0,1,0,1,0,0,0.35185185185185186,225.8102786953575,1
47,0,0,0,0,1,1,0,1,1,0,1,1,1,0,1,1,1,0,1,0,0,0,0,0,1,0,0,1,1,0,0,0,0,0,1,1,1,0,0,1,1,0,0,1,1,0,1,1,1,0,1,0,1,0,0.3333333333333333,312.86751245265833,1
48,1,0,0,1,1,1,1,1,1,0,1,1,1,0,1,1,0,0,1,0,0,0,0,0,1,0,0,0,1,0,0,0,0,0,1,1,0,0,0,1,1,1,0,1,1,0,1,1,1,0,1,0,1,0,0.35185185185185186,354.3484234490574,1
49,1,1,0,0,0,0,0,0,0,1,0,0,0,1,0,0,1,1,0,0,1,1,1,1,0,0,0,0,0,1,1,1,1,1,0,0,0,1,1,1,0,0,1,0,0,1,0,0,0,1,0,1,0,0,0.2962962962962963,242.31485488501949,1
50,0,1,0,0,0,0,0,0,0,1,1,0,0,1,0,0,1,1,0,0,1,1,1,1,0,1,0,0,0,1,1,1,1,0,0,0,0,1,1,0,0,1,1,0,0,1,0,0,0,1,0,1,0,0,0.3888888888888889,290.324823609776,1
51,1,0,0,1,1,1,1,1,1,0,1,1,1,0,1,1,1,0,1,0,0,0,0,0,1,0,0,0,1,0,0,0,0,1,1,1,0,0,0,1,1,1,0,1,1,0,1,1,1,0,1,0,1,0,0.37037037037037035,356.4387617327755,1
52,0,1,1,1,0,0,0,0,0,1,1,0,0,1,0,0,0,1,0,0,1,1,0,1,0,0,0,0,0,1,1,1,1,0,0,0,0,1,1,0,0,1,0,0,0,0,0,0,0,1,0,1,0,0,0.35185185185185186,293.5587800678605,1
53,0,0,0,0,1,1,0,1,1,0,0,1,1,0,1,1,0,0,1,0,0,0,0,0,1,1,1,0,1,0,0,0,0,0,1,1,0,0,0,1,1,0,0,1,1,0,1,1,1,0,1,0,1,0,0.3333333333333333,309.92111611665916,1
54,0,1,0,1,0,0,0,0,0,1,0,0,1,1,0,0,1,1,0,1,1,1,1,1,0,0,0,1,0,1,1,1,1,0,0,0,0,1,1,0,0,1,1,0,0,0,0,0,0,1,0,1,0,0,0.4074074074074074,276.2106423715934,1
55,1,0,0,1,1,1,0,1,1,0,1,1,1,0,1,1,0,0,1,0,0,0,0,0,1,0,0,1,1,0,0,0,0,1,1,1,1,0,0,1,1,0,0,1,1,0,1,1,1,0,1,0,1,0,0.37037037037037035,321.3538486155752,1
56,0,0,0,0,1,1,0,1,1,0,1,1,1,0,1,1,0,0,1,0,0,0,0,0,1,1,0,0,1,0,0,0,0,0,1,1,0,0,0,1,1,1,0,1,1,1,1,1,1,0,1,0,1,0,0.3148148148148148,396.51843323733567,1
57,0,1,1,0,0,0,0,0,0,1,0,0,0,1,0,0,1,1,1,1,1,1,1,1,0,1,0,0,0,1,1,1,1,1,0,0,0,1,1,0,0,1,1,0,0,0,0,0,0,1,0,1,0,0,0.35185185185185186,355.23717005182993,1
58,0,1,1,1,0,0,0,0,0,0,1,0,0,1,0,0,1,1,0,1,1,1,1,1,0,0,0,0,0,1,1,1,1,0,0,0,0,1,1,0,0,1,1,0,0,0,0,0,0,1,0,1,0,0,0.42592592592592593,344.356810814289,1
59,1,0,0,1,1,1,1,1,1,0,1,1,1,0,1,1,0,0,0,0,0,0,0,0,1,0,0,1,1,0,0,0,0,1,1,1,1,0,0,1,0,0,0,1,1,0,1,1,1,0,1,0,1,0,0.3148148148148148,293.3964028517849,1
60,1,0,0,1,1,1,1,1,1,0,1,1,1,0,1,1,0,0,1,0,0,0,0,0,1,0,0,1,1,0,0,0,0,1,1,1,1,0,0,1,1,0,0,1,1,0,1,1,1,0,1,0,1,0,0.37037037037037035,313.43829147300227,1
61,0,1,1,1,0,0,0,0,0,1,0,0,0,1,0,0,1,1,0,0,1,1,0,1,0,1,0,0,0,1,1,1,1,1,0,0,0,1,1,0,0,1,1,0,0,0,0,0,0,1,0,1,0,0,0.3888888888888889,315.79634740801873,1
62,1,0,0,0,1,1,0,1,1,0,1,1,1,0,1,1,0,0,1,0,0,0,1,0,1,0,0,1,1,0,0,0,0,0,1,1,0,0,0,0,0,0,0,1,1,1,1,1,1,0,1,0,1,0,0.3148148148148148,273.9128932208619,1
63,0,1,0,1,0,0,0,0,0,1,0,0,0,1,0,0,1,1,0,1,1,1,1,1,0,0,0,1,0,1,0,1,1,0,0,0,1,1,1,0,0,0,1,0,0,1,0,0,0,1,0,1,0,0,0.3333333333333333,242.8437380634412,1
64,0,1,0,1,0,0,0,0,0,1,1,0,0,1,0,0,0,1,0,1,1,1,0,1,0,0,0,0,0,1,1,1,1,0,0,0,0,1,1,0,0,1,1,0,0,0,0,0,0,1,0,1,0,1,0.3148148148148148,357.4671149491495,1
65,1,1,0,0,0,0,0,0,0,1,0,0,0,1,0,0,1,1,0,0,1,1,1,1,0,0,1,0,0,1,1,1,1,1,0,0,0,1,1,0,0,1,1,0,0,0,0,0,0,1,0,1,0,0,0.3333333333333333,311.26452772521134,1
66,0,1,1,0,0,0,0,0,0,1,0,0,0,1,0,0,1,1,0,0,1,1,1,1,0,0,0,0,0,1,1,1,1,1,0,0,0,1,1,0,0,1,1,0,0,0,0,0,0,1,0,1,0,0,0.3888888888888889,307.32023888325836,1
67,0,0,0,0,1,1,0,1,1,0,1,1,1,0,1,1,0,0,1,0,0,0,0,0,1,0,0,1,1,0,0,0,0,0,1,1,1,0,0,1,1,0,0,1,1,0,1,1,1,0,1,0,1,0,0.2962962962962963,328.0484882540774,1
68,0,1,0,1,0,0,0,0,0,1,1,0,0,1,0,0,0,1,0,0,1,1,1,1,0,0,0,0,0,1,1,1,1,0,0,0,0,1,1,0,0,0,1,0,0,0,0,0,0,1,0,1,0,1,0.3333333333333333,278.3097763083389,1
69,1,0,0,0,1,1,0,1,1,0,1,1,1,0,1,1,0,0,1,0,0,0,0,0,1,0,0,1,1,0,0,0,0,1,1,1,0,0,0,1,1,0,0,1,1,0,1,1,1,0,1,0,1,0,0.3888888888888889,315.7972761202901,1
70,0,0,0,0,1,1,1,1,1,0,1,1,1,0,1,1,0,0,1,0,0,0,0,0,1,0,0,1,1,0,0,0,0,1,1,1,0,0,0,1,1,0,0,1,1,0,1,1,1,0,1,0,1,0,0.3888888888888889,314.54598020959406,1
71,1,0,0,1,1,1,0,1,1,0,1,1,1,0,1,1,0,0,1,0,0,0,0,0,1,1,0,1,1,0,0,0,0,0,1,1,1,0,0,1,1,0,0,1,1,0,1,1,1,0,1,0,1,0,0.35185185185185186,305.4268204111599,1
72,0,1,0,1,0,0,0,0,0,1,1,0,0,1,0,0,1,1,0,0,1,1,1,1,0,0,0,1,0,1,1,1,0,1,0,0,0,1,1,0,0,1,1,0,0,0,0,0,0,1,0,1,0,0,0.2962962962962963,246.80166293946723,1
73,0,0,0,0,1,1,0,1,1,0,1,1,1,0,1,1,0,0,1,0,0,0,0,0,1,0,0,1,1,0,0,0,0,0,1,1,0,0,0,1,1,0,0,1,1,1,1,1,1,0,1,0,1,0,0.25925925925925924,327.5631591443266,1
74,1,0,0,0,1,1,1,1,1,0,1,1,1,0,1,1,0,0,0,0,0,0,0,0,1,0,0,0,1,0,0,0,0,1,1,1,0,0,0,1,1,0,0,1,1,0,1,1,1,0,1,0,1,0,0.3148148148148148,305.36886617183563,1
75,1,0,1,0,1,1,1,1,1,0,1,1,1,0,1,1,0,0,1,0,0,0,0,0,1,0,0,1,1,0,0,0,0,0,1,1,0,0,0,1,1,0,0,1,1,0,1,1,1,0,1,0,1,0,0.37037037037037035,326.8061063602868,1
76,0,1,0,0,0,0,0,0,0,1,1,0,0,1,0,0,1,1,0,1,1,1,1,1,0,0,0,1,0,1,1,1,1,0,0,0,0,1,1,0,0,1,1,0,0,0,0,0,0,1,0,1,0,0,0.37037037037037035,285.46032655584844,1
77,1,0,0,1,1,1,1,1,1,0,1,1,1,0,1,1,0,0,1,0,0,0,0,0,1,0,0,1,1,0,0,0,0,0,1,1,0,0,0,1,1,0,0,1,1,1,1,1,1,0,1,0,1,0,0.3888888888888889,301.3094696834088,1
78,1,0,0,0,1,1,0,1,1,0,1,1,1,0,1,1,0,0,0,0,0,0,0,0,1,0,0,0,1,0,0,0,0,0,1,1,1,0,0,1,1,0,0,1,1,1,1,1,1,0,1,0,1,0,0.3333333333333333,336.20328018308,1
79,0,0,0,1,1,1,1,1,1,0,1,1,1,0,1,1,0,0,1,0,0,0,0,0,1,1,0,1,1,0,0,0,0,1,1,1,1,0,0,1,1,0,1,1,1,0,1,1,1,0,1,0,1,0,0.3333333333333333,326.62038710094527,1
80,1,0,0,1,1,1,0,1,1,0,1,1,1,0,1,1,0,0,1,0,0,0,0,0,1,0,0,1,1,0,0,0,0,1,1,1,1,0,0,1,0,1,0,1,1,0,1,1,1,0,1,0,1,0,0.3888888888888889,380.5801463225178,1
81,1,0,0,1,1,1,0,1,1,0,1,1,1,0,1,1,0,0,1,0,0,0,0,0,1,1,0,0,1,0,0,0,0,0,1,1,1,0,0,1,1,0,0,1,1,1,1,1,1,0,1,0,1,0,0.35185185185185186,304.41861780270773,1
82,0,1,0,1,0,0,0,0,0,0,1,0,0,1,0,0,1,1,0,1,1,1,1,1,1,0,0,0,0,1,1,1,1,0,0,0,0,1,1,0,1,1,1,0,0,0,0,0,1,1,0,1,0,0,0.35185185185185186,294.21447972221546,1
83,1,0,0,1,1,1,0,1,1,0,1,1,1,0,1,1,0,0,1,0,0,0,0,0,1,0,0,1,1,0,0,0,0,0,1,1,0,0,0,1,1,0,0,1,1,0,1,1,1,0,1,0,1,0,0.3148148148148148,291.9242608301057,1
84,1,0,0,0,1,1,0,1,1,0,1,1,1,0,1,1,0,0,1,0,0,0,0,0,1,0,1,1,1,0,0,0,0,0,1,1,0,0,0,1,1,0,0,1,1,0,1,1,1,0,1,0,1,0,0.35185185185185186,322.62397349942836,1
85,0,0,0,1,1,1,1,1,1,0,1,1,1,0,1,1,0,0,1,0,0,0,0,0,1,0,0,1,1,0,0,0,0,0,1,1,1,0,0,1,1,0,0,1,1,0,1,1,1,0,1,0,1,0,0.3333333333333333,305.7717860771448,1
86,1,0,0,1,1,0,1,1,1,0,1,1,1,0,1,1,0,0,1,0,0,0,0,0,1,0,0,0,1,0,0,0,0,0,1,1,0,0,0,0,1,0,0,1,1,0,1,1,1,0,1,0,1,0,0.2962962962962963,278.2748590788293,1
87,1,0,0,1,1,0,1,1,1,0,1,1,1,0,1,1,1,0,1,0,0,0,0,0,1,0,0,0,1,1,0,0,0,0,1,1,0,0,0,1,1,0,0,1,1,0,1,1,1,0,1,0,1,0,0.2962962962962963,383.3981439076208,1
88,1,0,0,0,1,1,1,1,1,0,0,1,1,0,1,1,0,0,1,0,0,0,0,0,1,0,1,0,1,0,0,0,0,0,1,1,1,0,0,0,0,1,0,1,1,0,1,1,1,0,1,0,1,0,0.4444444444444444,336.09967686688094,1
89,1,1,1,0,0,0,0,0,0,1,1,0,0,1,0,0,1,1,0,0,1,1,0,1,0,0,0,1,0,1,1,1,0,0,0,0,0,1,1,0,0,1,1,0,0,1,0,0,0,1,0,1,0,0,0.3888888888888889,304.4697688959453,1
90,1,0,0,1,1,1,1,1,1,0,1,1,1,0,1,1,1,0,1,0,0,0,0,0,1,1,1,1,1,0,0,0,0,1,1,1,1,0,0,1,1,0,0,1,1,0,1,1,1,0,1,0,1,0,0.3148148148148148,386.81595074540724,1
91,1,1,0,1,0,0,0,0,0,1,1,0,0,1,0,0,1,1,0,0,1,1,1,1,0,1,0,0,0,1,1,1,1,1,0,0,0,1,1,0,0,1,1,0,0,0,0,0,0,1,0,1,0,1,0.37037037037037035,352.96324126044215,1
92,1,1,1,0,0,0,0,0,0,1,0,0,0,1,0,0,1,1,0,1,1,1,1,1,0,0,0,0,0,1,1,1,1,0,0,0,0,1,1,0,0,1,1,0,0,1,0,0,0,1,0,1,0,1,0.3888888888888889,364.79632204854755,1
93,1,0,0,0,1,1,1,1,1,0,0,1,1,0,1,1,0,0,0,0,0,0,0,0,1,1,0,0,1,0,0,0,0,0,1,1,0,0,0,1,1,0,0,1,1,0,1,1,1,0,1,0,1,0,0.4074074074074074,293.564424006826,1
94,1,1,1,0,0,0,0,0,0,0,1,0,0,1,0,0,1,1,0,1,1,1,0,1,0,0,0,0,0,1,1,1,1,1,0,0,0,1,1,0,0,1,0,0,0,0,0,0,0,1,0,1,0,0,0.4074074074074074,326.33079470656565,1
95,1,0,0,1,1,1,0,1,1,0,1,1,1,0,1,1,0,0,0,0,0,0,0,0,1,0,1,1,1,1,0,0,0,0,1,1,0,0,0,1,1,0,0,1,1,0,1,1,0,0,1,0,1,0,0.3333333333333333,386.62682829856334,1
96,1,0,0,0,1,1,0,1,1,0,0,1,1,0,1,1,0,0,1,0,0,0,0,0,1,1,0,1,1,0,0,0,0,0,1,1,1,0,0,0,1,0,0,1,1,0,1,1,0,0,1,0,1,0,0.35185185185185186,292.22966697084684,1
97,0,0,0,1,1,1,1,1,1,0,1,1,1,0,1,1,0,0,0,0,0,0,0,0,1,0,0,1,1,0,0,0,0,0,1,1,1,0,0,0,0,0,1,1,1,1,1,1,0,0,1,0,1,0,0.3333333333333333,290.11956688549526,1
98,1,0,1,1,1,1,1,1,1,0,1,1,1,0,1,1,0,0,0,1,0,0,0,0,1,0,1,0,1,0,0,0,0,0,1,1,0,0,0,1,1,0,1,1,1,1,1,1,1,0,1,0,1,0,0.25925925925925924,421.26770089997444,1
99,0,0,0,0,1,1,1,1,1,0,1,1,1,0,1,1,0,0,1,0,0,0,0,0,0,1,0,1,1,0,0,0,0,1,1,1,1,0,0,1,1,0,1,1,1,0,1,1,1,0,1,0,1,0,0.3148148148148148,347.8652493394179,1
