,0,1,2,3,4,5,6,7,8,9,10,11,12,13,14,15,16,17,18,19,20,21,22,23,24,25,26,27,28,29,30,31,32,33,34,35,36,37,38,39,40,41,42,43,44,45,46,47,48,49,50,51,52,53,chain_break_fraction,energy,num_occurrences
0,0,0,1,1,0,1,1,1,1,0,1,0,0,1,1,0,1,1,1,0,0,0,1,1,0,0,0,0,0,0,0,0,0,0,1,0,1,0,1,1,0,1,0,0,0,1,0,1,1,1,0,1,1,0,0.35185185185185186,555.0761190639103,1
1,0,0,1,1,0,1,1,1,1,0,1,0,0,1,1,0,1,1,1,0,0,1,1,1,0,0,0,0,0,0,0,0,0,1,1,0,1,0,1,1,0,1,0,0,0,0,0,1,1,1,0,1,1,0,0.35185185185185186,595.1834499102413,1
2,0,0,1,1,0,1,1,1,1,1,1,0,0,1,1,0,1,1,1,0,0,1,1,1,0,0,0,0,0,0,0,0,0,0,1,0,1,0,1,1,0,1,0,0,0,1,0,1,1,1,0,0,1,0,0.35185185185185186,680.4737867088176,1
3,0,0,1,1,0,1,1,1,1,0,1,0,0,1,1,0,1,1,1,0,0,0,1,1,0,0,0,0,0,0,0,0,0,1,1,0,1,0,1,1,0,1,0,0,0,1,0,1,1,1,0,0,1,0,0.3333333333333333,555.4684873613515,1
4,1,1,0,0,1,0,0,0,1,1,0,1,0,1,0,1,0,0,0,1,1,0,0,0,1,1,0,0,1,0,1,1,1,0,0,1,0,1,0,0,1,0,1,1,1,0,1,0,0,0,1,0,0,1,0.2962962962962963,386.0523647091351,1
5,0,0,1,1,0,1,1,1,1,0,1,0,0,1,1,0,1,1,1,0,0,0,1,1,0,0,0,0,0,0,0,0,0,0,1,0,1,0,1,1,0,1,0,0,0,0,0,1,1,1,0,1,1,0,0.35185185185185186,586.8660765226205,1
6,0,0,1,1,0,1,1,1,1,0,1,0,0,1,1,0,1,1,1,0,0,0,1,1,0,0,0,0,1,0,0,0,0,0,1,0,1,0,1,1,0,1,0,0,0,0,0,1,1,1,0,1,1,0,0.35185185185185186,529.286161605201,1
7,1,1,0,0,1,0,0,0,1,1,0,1,1,1,0,1,0,0,0,1,1,0,0,0,1,1,1,0,1,0,1,0,1,0,0,1,0,1,0,0,1,0,1,1,1,1,0,0,0,0,1,1,0,1,0.3333333333333333,319.8004687776256,1
8,0,0,1,1,0,1,1,1,1,0,1,0,0,1,1,0,1,1,1,0,0,1,1,1,0,0,0,0,0,0,0,0,0,0,1,0,1,0,1,1,0,1,0,0,0,1,0,1,1,1,0,0,1,0,0.35185185185185186,634.3650739116979,1
9,1,1,0,0,1,0,0,0,1,1,0,1,1,1,0,1,0,0,0,1,1,0,0,0,1,1,1,0,0,0,1,1,1,1,1,1,0,1,0,0,1,0,1,1,1,0,1,0,0,0,1,0,0,1,0.3333333333333333,356.70475370853,1
10,0,0,1,1,0,1,1,1,1,0,1,0,0,1,1,0,1,0,1,0,0,0,1,1,0,0,0,0,0,0,0,0,0,0,1,0,1,0,1,1,0,1,0,0,0,1,0,1,1,1,0,0,1,0,0.35185185185185186,428.0009887635042,1
11,1,1,0,0,1,0,0,0,1,1,0,1,1,1,0,1,0,0,0,1,1,0,0,0,1,1,1,0,1,0,1,1,1,0,0,1,0,1,0,0,1,0,1,1,1,1,1,0,0,0,1,0,0,1,0.35185185185185186,361.86586703663863,1
12,1,1,0,0,1,0,0,0,1,1,0,1,1,1,0,1,0,0,0,0,1,0,0,0,1,1,1,0,1,0,1,0,1,0,0,1,0,1,0,0,1,0,1,1,1,0,1,0,0,0,1,0,0,1,0.2962962962962963,331.5456154649503,1
13,0,0,1,1,0,1,1,1,1,0,1,0,0,1,1,0,1,1,1,0,0,1,1,1,0,0,0,0,0,1,0,0,0,0,1,0,1,0,1,1,0,1,0,0,0,1,0,1,1,1,0,0,1,0,0.37037037037037035,533.73607758428,1
14,1,1,0,0,1,0,0,0,0,1,0,1,1,1,0,1,0,0,0,1,1,0,0,0,1,1,1,0,1,0,1,1,1,1,1,1,0,1,0,0,1,0,1,1,1,0,1,0,0,0,1,0,0,1,0.2962962962962963,484.0094066457592,1
15,1,1,0,0,1,0,0,0,1,1,0,1,1,1,0,1,0,0,0,1,1,0,0,0,1,1,1,0,1,0,1,0,1,1,0,1,0,1,0,0,1,0,1,1,1,1,1,0,0,0,1,1,0,1,0.3333333333333333,364.95970766482833,1
16,1,1,0,0,1,0,0,0,1,1,0,1,1,1,0,1,0,0,0,1,1,0,0,0,1,1,1,0,0,0,1,0,1,1,0,1,0,1,0,0,1,0,1,1,1,0,0,0,0,0,1,0,0,1,0.3148148148148148,301.75764098749096,1
17,0,0,1,1,0,1,1,1,1,0,1,0,0,1,1,0,1,1,1,0,0,1,1,1,0,0,0,1,0,0,0,1,0,0,1,0,1,0,1,1,0,1,0,0,0,1,0,1,0,1,0,1,1,0,0.3148148148148148,525.6762780621068,1
18,1,1,0,0,1,0,0,0,1,1,0,1,1,1,0,1,0,0,0,1,1,0,0,0,1,1,1,1,1,1,1,1,1,0,0,1,0,1,0,0,1,0,1,1,1,0,0,0,0,0,1,0,0,1,0.2962962962962963,420.8037031865233,1
19,1,1,0,0,1,0,0,0,1,1,0,1,1,1,0,1,0,0,0,0,1,1,0,0,0,1,1,0,1,0,1,1,1,1,0,1,0,1,0,0,1,0,1,1,1,0,0,0,0,0,1,0,0,1,0.3333333333333333,335.4057421296319,1
20,1,1,0,0,1,0,0,0,1,1,0,1,1,1,0,1,0,0,0,0,1,1,0,0,1,1,1,0,1,0,1,0,1,0,0,1,0,1,0,0,1,0,1,1,1,1,1,0,0,0,1,0,0,1,0.3333333333333333,342.789429110519,1
21,1,1,0,0,1,0,0,0,1,1,0,1,1,1,0,1,0,0,0,0,1,0,1,0,1,1,1,1,1,0,1,0,1,0,0,1,0,1,0,0,1,0,1,1,1,1,0,0,0,0,1,0,0,1,0.3333333333333333,327.5774654806671,1
22,1,1,0,0,1,0,0,0,1,1,0,1,1,1,0,1,0,0,0,1,1,0,0,0,1,1,1,0,1,0,1,0,1,0,0,1,0,1,0,0,1,0,1,1,1,1,1,0,0,0,1,0,0,1,0.3148148148148148,339.53710875915715,1
23,0,0,1,1,0,1,1,1,1,0,1,0,0,1,1,0,1,1,1,0,0,0,1,1,0,0,0,0,0,0,0,0,0,1,0,0,1,0,1,1,0,1,0,0,0,1,0,1,1,1,0,0,1,0,0.35185185185185186,623.2556039574836,1
24,0,0,1,1,0,1,1,1,1,0,1,0,0,1,1,0,1,1,0,0,0,0,1,1,0,0,0,0,0,0,0,0,0,0,0,0,1,0,1,1,0,1,0,0,0,1,0,1,1,1,0,0,1,0,0.3148148148148148,616.6200076769718,1
25,0,0,1,1,0,1,1,1,1,0,1,0,1,1,1,0,1,0,1,0,0,0,1,1,0,0,0,0,0,0,0,0,0,0,1,0,1,0,1,1,0,1,0,0,0,0,0,1,1,1,0,1,1,0,0.35185185185185186,460.0733844088032,1
26,0,0,1,0,0,1,1,1,1,0,1,0,0,1,1,0,1,1,1,0,0,1,1,1,0,0,0,0,0,0,1,1,0,0,1,0,1,0,1,1,0,1,0,0,0,1,0,1,1,1,0,0,1,0,0.3148148148148148,485.5165887670029,1
27,1,1,0,0,1,0,0,0,1,1,0,1,1,1,0,1,0,0,0,1,1,1,0,0,1,1,1,0,1,0,1,0,1,1,0,1,0,1,0,0,1,0,1,1,1,0,1,0,0,0,1,0,1,1,0.2962962962962963,357.1534459802343,1
28,1,1,0,0,1,0,0,0,1,1,0,1,1,1,0,1,0,0,0,1,1,0,0,0,1,1,1,1,1,0,1,1,1,0,0,1,0,1,0,0,1,0,1,1,1,0,1,0,0,0,1,0,1,1,0.35185185185185186,398.58343821310666,1
29,0,0,1,1,0,1,1,1,1,0,1,0,0,1,1,0,1,1,1,0,0,1,1,1,0,0,0,1,0,1,0,0,0,1,0,0,1,0,1,1,0,1,0,0,0,0,0,1,1,1,0,1,1,0,0.35185185185185186,531.0299616289719,1
30,0,0,1,1,0,1,1,1,1,0,1,0,0,1,1,0,1,1,1,0,0,0,1,1,0,0,0,1,0,0,0,1,0,0,1,0,1,0,1,1,0,1,0,0,0,0,0,1,1,1,0,1,1,0,0.3148148148148148,487.21640828457606,1
31,1,1,0,0,1,0,0,0,1,1,0,1,1,1,0,1,0,0,0,1,1,0,0,0,1,1,1,1,1,1,1,0,1,1,0,1,0,1,0,0,1,0,1,1,1,1,1,0,0,0,1,0,0,1,0.2962962962962963,489.6756427588275,1
32,0,0,1,1,0,1,1,1,1,0,1,0,0,1,1,0,1,1,1,0,0,1,1,1,0,0,0,1,0,0,0,0,0,1,1,0,1,0,1,1,0,1,0,0,0,0,0,1,1,1,0,1,1,0,0.37037037037037035,563.68673227867,1
33,0,0,1,1,0,1,1,1,1,0,1,0,0,1,1,0,1,1,0,0,0,0,1,1,0,0,0,1,0,0,0,0,0,0,0,0,1,0,1,1,0,1,0,0,0,0,0,1,1,1,0,0,1,0,0.3333333333333333,616.6200076769723,1
34,1,1,0,0,1,0,0,0,1,1,0,1,1,1,0,1,0,0,0,1,1,1,0,0,1,1,1,1,1,0,1,0,1,0,0,1,0,1,0,0,1,0,1,1,1,1,1,0,0,0,1,0,0,1,0.3333333333333333,351.2481684939421,1
35,0,0,1,1,0,1,1,1,1,0,1,0,0,0,1,0,1,1,1,0,0,1,1,1,0,0,0,1,0,1,0,0,0,0,1,0,1,0,1,1,0,1,0,0,0,0,0,1,1,1,0,0,1,0,0.3888888888888889,463.139615010052,1
36,1,1,0,0,1,0,0,0,1,1,0,1,1,1,0,1,0,0,0,1,1,0,0,0,1,1,1,0,1,0,1,1,1,1,1,1,0,0,0,0,1,0,1,1,1,0,1,0,0,0,1,0,0,1,0.37037037037037035,359.5211161062074,1
37,1,1,0,0,1,0,0,0,1,1,0,1,1,1,0,1,0,1,0,0,1,0,0,0,1,1,1,0,0,0,1,1,1,1,0,1,0,1,0,0,1,0,1,1,1,1,1,0,0,0,1,0,0,1,0.35185185185185186,340.45998531967666,1
38,1,1,0,0,1,0,0,0,0,1,0,1,1,1,0,1,0,0,0,1,1,0,0,0,1,1,1,0,1,0,1,1,1,1,1,1,0,1,0,0,1,0,1,1,1,0,1,0,0,0,1,0,0,1,0.35185185185185186,484.0094066457592,1
39,1,1,0,0,1,0,0,0,1,1,0,1,0,1,0,1,0,0,0,1,1,0,1,0,1,1,1,0,0,0,1,1,1,1,0,1,0,1,0,0,1,0,1,1,1,1,0,0,0,0,1,1,0,1,0.3333333333333333,320.63449797139003,1
40,1,1,0,0,1,0,0,0,1,0,0,1,1,1,0,1,0,0,0,1,1,0,0,0,1,1,1,1,1,0,1,0,1,0,0,1,0,0,0,0,1,0,1,1,1,0,1,0,0,0,1,0,0,1,0.3333333333333333,317.31502941080646,1
41,0,0,1,1,0,1,1,1,0,0,1,0,0,1,1,0,1,1,1,0,0,1,1,1,0,0,0,1,0,0,0,0,0,1,1,0,1,0,1,1,0,1,0,0,0,1,0,1,1,1,0,0,1,0,0.35185185185185186,441.9440753803056,1
42,1,1,0,0,1,0,0,0,1,1,0,1,1,0,0,1,0,0,0,0,1,0,0,0,1,1,1,0,0,0,1,0,1,1,0,1,0,1,0,0,1,0,1,1,1,0,0,0,0,0,1,0,0,1,0.35185185185185186,290.09467218142584,1
43,1,1,0,0,1,0,0,0,1,1,0,1,1,1,0,1,0,0,0,1,1,1,0,0,1,1,1,0,0,0,1,0,1,1,0,1,0,1,0,0,1,0,1,1,1,0,1,0,0,0,1,0,0,1,0.3333333333333333,317.6217953991943,1
44,0,0,1,1,0,1,1,1,1,0,1,0,0,1,1,0,1,1,1,0,0,0,1,1,0,0,0,1,0,0,0,0,0,1,1,0,1,0,1,1,0,1,0,0,0,0,0,1,1,1,0,1,1,0,0.3148148148148148,523.7832193282991,1
45,1,1,0,0,1,0,0,0,1,1,0,1,1,1,0,1,0,0,0,0,1,0,1,0,1,1,1,0,0,1,1,1,1,0,1,1,0,1,0,0,1,0,1,1,1,0,1,0,0,0,1,1,0,1,0.2777777777777778,473.4254872175445,1
46,0,0,1,1,0,1,1,1,1,0,1,0,0,1,1,0,1,0,1,0,0,0,1,1,0,0,1,0,1,0,0,0,0,0,1,0,1,0,1,1,0,1,0,0,0,1,1,1,1,1,0,1,1,0,0.3333333333333333,461.2084925175842,1
47,1,1,0,0,1,0,0,0,1,1,0,1,1,1,0,1,0,0,0,1,1,0,0,0,1,1,1,0,0,1,1,1,1,0,0,1,0,1,0,0,1,0,1,1,1,1,1,0,0,0,1,0,0,1,0.3148148148148148,420.80370318652433,1
48,0,0,1,0,0,1,1,1,1,0,1,0,0,1,1,0,1,0,1,0,0,0,1,1,0,0,0,0,0,0,0,1,0,0,0,0,1,0,1,1,0,1,0,0,0,0,0,1,0,1,0,0,1,0,0.3148148148148148,437.64439658582853,1
49,1,1,0,0,1,0,0,0,0,1,0,1,1,1,0,1,0,0,0,0,1,0,0,0,1,1,1,1,1,0,0,0,1,1,1,1,0,1,0,0,1,0,1,1,1,0,0,0,0,0,1,0,1,1,0.2962962962962963,465.8898842360154,1
50,1,1,0,0,1,0,0,0,1,1,0,1,1,1,0,1,0,0,0,1,1,0,0,0,0,1,0,0,1,0,1,0,1,0,0,1,0,1,0,0,1,0,1,1,1,1,0,0,0,0,1,0,0,1,0.35185185185185186,319.39995194757637,1
51,1,1,0,0,1,0,0,0,1,1,0,1,1,1,0,1,0,0,0,1,1,0,0,0,1,1,1,0,1,0,1,0,1,1,1,1,0,1,0,0,1,0,1,1,1,0,1,0,0,0,1,0,0,1,0.3333333333333333,369.0710999019859,1
52,1,1,0,0,1,0,0,0,1,1,0,1,1,1,0,1,0,0,0,0,1,0,0,0,1,1,0,0,0,0,1,1,1,1,1,1,0,1,0,0,1,0,1,1,1,0,0,0,0,0,1,1,0,1,0.2777777777777778,391.32820554020543,1
53,1,1,0,0,1,0,0,0,0,1,0,1,1,1,0,1,0,1,0,1,1,0,0,0,1,1,1,1,1,0,1,1,1,0,1,1,0,1,0,0,1,0,1,1,1,0,1,0,0,0,1,0,0,1,0.3148148148148148,422.3472491055056,1
54,1,1,0,0,1,0,0,0,1,1,0,1,1,1,0,1,0,0,0,0,1,0,1,0,0,1,1,0,0,0,1,1,1,0,1,1,0,1,0,0,1,0,1,1,1,0,1,0,0,0,1,0,0,1,0.3148148148148148,350.90967300458294,1
55,1,1,0,0,1,0,0,0,1,1,0,1,1,1,0,1,0,0,0,1,1,0,0,0,1,1,1,1,1,0,1,0,1,1,0,1,0,1,0,0,1,0,1,1,1,0,1,0,0,0,1,0,0,1,0.3888888888888889,352.2166418731591,1
56,1,1,0,0,1,0,0,0,1,1,0,1,1,1,0,1,0,0,0,0,1,1,0,0,1,1,1,0,1,0,1,0,1,1,1,1,0,1,0,0,1,0,1,1,1,0,1,0,0,0,1,0,0,1,0.3333333333333333,377.4636115029638,1
57,1,1,0,0,1,0,0,0,1,0,0,1,1,1,0,1,0,0,0,0,1,0,0,0,1,1,1,0,1,0,0,1,1,1,0,1,0,1,0,0,1,0,1,1,1,0,1,0,0,0,1,0,0,1,0.3148148148148148,375.7999496682835,1
58,0,0,1,1,0,1,1,1,1,0,1,0,0,1,1,0,1,0,1,0,0,1,1,1,0,0,0,0,1,0,0,1,0,1,1,0,1,0,1,1,0,1,0,0,0,1,0,1,0,1,0,1,1,0,0.37037037037037035,362.30525257799366,1
59,1,1,0,0,1,0,0,0,0,1,0,1,1,1,0,1,0,1,0,1,1,1,1,0,0,1,1,0,1,0,1,1,1,0,1,1,0,1,0,0,1,0,1,1,1,1,1,0,0,0,1,0,0,1,0.2962962962962963,407.323043921986,1
60,1,1,0,0,1,0,0,0,1,1,0,1,1,1,0,1,0,0,0,0,1,0,0,0,0,1,1,0,1,0,1,0,1,0,0,1,0,1,0,0,1,0,1,1,1,0,1,0,0,0,1,0,0,1,0.3888888888888889,337.5845620149652,1
61,1,1,0,0,1,0,0,0,1,1,0,1,1,1,0,1,0,0,1,0,1,0,0,0,1,1,1,0,1,0,1,1,1,1,0,1,0,1,0,0,1,0,1,1,1,1,1,0,0,0,1,0,0,1,0.4074074074074074,390.07722600390616,1
62,1,1,0,0,1,0,0,0,1,1,0,1,1,1,0,1,0,0,0,1,1,1,0,0,1,1,0,1,0,1,1,0,1,1,0,1,0,1,0,0,1,0,1,1,1,1,1,0,0,0,1,0,0,1,0.3333333333333333,465.0229198818678,1
63,0,0,1,0,0,1,1,1,0,0,1,0,1,1,1,0,1,1,1,0,0,0,1,1,0,0,0,0,0,0,0,0,0,0,1,0,1,0,1,1,0,1,0,0,0,1,0,1,1,1,0,1,1,0,0.35185185185185186,433.4028996114519,1
64,0,0,1,0,0,1,1,1,1,0,1,0,0,1,1,0,1,1,1,0,0,0,1,1,0,0,0,0,0,0,0,1,0,0,1,0,1,0,1,1,0,1,0,0,0,0,0,1,1,1,0,1,1,0,0.37037037037037035,479.2439250296011,1
65,1,1,0,0,1,0,0,0,1,1,0,1,0,1,0,1,0,0,0,0,1,0,0,0,1,1,1,1,1,1,1,0,1,1,0,1,0,1,0,0,1,0,1,1,1,0,0,0,0,0,1,0,0,1,0.37037037037037035,448.45904591673616,1
66,1,1,0,0,1,0,0,0,1,1,0,1,1,1,0,1,0,0,0,0,1,1,1,0,1,1,1,0,1,0,1,0,1,1,1,1,0,0,0,0,1,0,1,1,1,0,0,0,0,0,1,0,0,1,0.35185185185185186,320.01110513498327,1
67,1,1,0,0,1,0,0,0,1,1,0,1,1,1,0,1,0,0,0,0,1,0,1,0,1,1,1,1,1,0,0,0,1,1,1,1,0,1,0,0,1,0,1,1,1,0,1,0,0,0,1,1,0,1,0.3333333333333333,394.24135867122754,1
68,0,0,1,0,0,1,1,1,1,0,1,0,0,1,1,0,1,0,1,1,0,0,1,1,0,0,0,0,0,0,0,0,0,1,0,0,1,0,1,1,0,1,0,0,0,1,0,1,1,1,0,1,1,0,0.2777777777777778,461.7243659429478,1
69,1,1,0,0,1,0,0,0,1,1,0,1,1,1,0,1,0,0,0,0,1,0,0,0,1,1,1,0,1,0,1,0,1,0,1,1,0,0,0,0,1,0,1,1,1,0,1,0,0,0,1,1,0,1,0.3148148148148148,342.92042659951085,1
70,1,1,0,0,1,0,0,0,1,1,0,1,1,1,0,1,0,0,0,0,1,0,1,0,1,1,1,1,1,0,1,1,1,0,1,1,0,1,0,0,1,0,1,1,1,0,0,0,0,0,1,0,0,1,0.3888888888888889,362.27335043253095,1
71,1,1,0,0,1,0,0,0,1,1,0,1,1,1,0,1,0,0,0,0,1,0,1,0,1,1,1,1,1,0,1,1,1,1,1,1,0,1,0,0,1,0,1,1,1,0,1,0,0,0,1,0,0,1,0.35185185185185186,432.8596798608776,1
72,0,0,1,1,0,1,1,1,1,0,1,0,0,1,1,0,1,0,1,0,0,1,1,1,0,0,0,0,0,0,0,1,0,0,1,0,1,0,1,1,0,1,0,0,0,0,0,1,1,1,0,0,1,0,0.3333333333333333,429.32724122649245,1
73,1,1,0,0,1,0,0,0,1,1,0,1,1,1,0,1,0,0,0,0,1,1,0,0,1,1,0,0,0,0,1,1,1,0,1,1,0,1,0,0,1,0,1,1,1,1,1,0,0,0,1,0,0,1,0.3333333333333333,411.5183642672489,1
74,1,1,0,0,1,0,0,0,1,1,0,1,1,1,0,1,0,0,0,1,1,1,0,0,1,1,1,0,1,0,1,1,1,0,1,1,0,0,0,0,1,0,1,1,1,0,1,0,0,0,1,1,0,1,0.37037037037037035,350.0872294148912,1
75,1,1,0,0,1,0,0,0,1,1,0,1,1,1,0,1,1,0,0,0,1,0,0,0,1,1,1,1,1,0,1,0,1,0,0,1,0,1,0,0,1,0,1,1,1,1,0,0,0,0,1,0,0,1,0.35185185185185186,320.97654729965006,1
76,1,1,0,0,1,0,0,0,1,0,0,1,1,1,0,1,0,0,0,1,1,0,0,0,1,1,1,0,1,0,1,0,1,1,1,1,0,1,0,0,1,0,1,1,1,0,1,0,0,0,1,0,0,1,0.3148148148148148,378.94366897032126,1
77,1,1,0,0,1,0,0,0,0,1,0,1,1,0,0,1,0,1,0,0,1,1,1,0,1,1,0,0,0,0,1,0,1,1,0,1,0,1,0,0,1,0,1,1,1,0,0,0,0,0,1,0,0,1,0.3148148148148148,297.14091280582136,1
78,0,0,1,1,0,1,1,1,1,0,1,0,0,1,1,0,1,1,1,0,0,0,1,1,0,0,0,0,0,0,0,1,0,0,1,0,1,0,1,1,0,1,0,0,1,0,0,1,1,1,0,1,1,0,0.2962962962962963,448.46851134507625,1
79,0,0,1,1,0,1,0,1,1,0,1,0,0,1,1,0,1,1,1,0,0,0,1,1,0,0,0,0,0,0,0,1,0,0,1,0,1,0,1,1,0,1,0,0,0,1,0,1,1,1,0,0,1,0,0.37037037037037035,487.40375748970223,1
80,1,1,0,0,1,0,0,0,1,1,0,1,1,1,0,1,0,0,0,1,1,0,0,0,0,1,1,1,1,0,1,0,1,0,0,1,0,1,0,0,1,0,1,1,1,0,0,0,0,0,1,0,0,1,0.3333333333333333,313.7730435310624,1
81,0,0,1,1,0,1,1,1,1,0,1,0,0,1,1,0,1,0,1,0,0,0,1,1,0,0,0,0,0,0,0,1,0,1,1,0,1,0,1,1,0,1,0,0,0,1,1,1,1,1,0,1,1,0,0.3888888888888889,331.0652908030417,1
82,0,0,1,1,0,1,1,0,1,0,1,0,0,1,1,0,1,1,1,0,0,0,1,1,0,0,1,1,0,0,0,0,0,0,0,0,1,0,1,1,0,1,0,0,1,0,0,1,1,1,0,1,1,0,0.2962962962962963,622.118969312999,1
83,1,1,0,0,1,0,0,0,1,0,0,1,1,1,0,1,0,0,0,0,1,0,0,0,1,1,1,1,1,0,1,0,1,1,0,1,0,1,0,0,1,0,1,1,1,0,1,0,0,0,1,0,0,1,0.35185185185185186,378.75438500537757,1
84,0,0,1,1,0,1,1,1,1,0,1,0,0,1,1,0,0,0,1,0,0,1,1,1,0,0,0,0,1,0,0,0,0,0,0,0,1,0,1,1,0,1,0,0,0,0,0,1,0,1,0,1,1,0,0.37037037037037035,426.24090484886216,1
85,0,1,0,0,1,0,0,0,1,1,0,1,1,1,0,1,0,0,0,0,1,0,1,0,1,1,1,1,1,0,1,0,1,0,1,1,0,1,0,0,1,0,1,1,1,1,1,0,0,0,1,0,0,1,0.35185185185185186,407.2041083394297,1
86,1,0,0,0,1,0,0,0,1,1,0,1,1,1,0,1,0,0,0,1,1,0,0,0,1,1,0,1,0,0,1,0,1,1,0,1,0,1,0,0,1,0,1,1,1,0,0,0,0,0,1,0,0,1,0.3333333333333333,304.0222873138174,1
87,1,0,0,0,1,0,0,0,1,1,0,1,1,1,0,1,0,0,0,1,1,1,0,0,1,1,1,0,0,0,1,1,1,1,1,1,0,1,0,0,1,0,1,1,1,0,0,0,0,0,1,0,0,1,0.35185185185185186,324.2279315558427,1
88,1,1,0,0,1,0,0,1,1,1,0,1,1,1,0,1,0,0,0,1,1,0,0,0,1,1,1,1,1,1,1,0,1,1,0,1,0,1,0,0,1,0,1,1,1,0,0,0,0,0,1,0,0,1,0.35185185185185186,382.10212715298906,1
89,1,0,0,0,1,0,0,1,1,1,0,1,1,1,0,1,0,0,0,1,1,0,1,0,1,1,1,0,1,0,1,0,1,0,1,1,0,1,0,0,1,0,1,1,1,0,1,0,0,0,1,0,0,1,0.3148148148148148,342.39924306235423,1
90,1,1,0,0,1,0,0,0,1,1,0,1,1,1,0,1,0,0,0,1,1,0,0,0,0,1,1,0,1,0,1,0,1,1,0,1,0,1,0,0,1,0,1,1,1,1,1,0,0,0,1,0,0,1,0.3888888888888889,358.3821863158581,1
91,0,0,1,1,0,1,1,1,1,0,1,0,1,1,1,1,1,1,1,0,0,1,1,1,0,0,0,1,0,1,0,1,0,0,0,0,1,0,1,1,0,1,0,0,0,0,0,1,1,1,0,1,1,0,0.3148148148148148,567.331079537357,1
92,1,1,0,0,1,0,0,0,0,1,0,1,1,1,0,1,0,0,0,0,1,0,0,0,1,1,1,0,0,0,0,0,1,1,1,1,0,1,0,0,1,0,1,1,1,0,0,0,1,0,1,0,1,1,0.3148148148148148,398.24781077966077,1
93,1,1,0,0,1,0,0,0,1,1,0,1,0,1,0,1,0,0,0,1,1,0,1,0,0,1,0,1,1,0,1,1,1,0,1,1,0,1,0,0,1,0,1,1,1,0,1,0,0,0,1,0,0,1,0.37037037037037035,465.436474827192,1
94,1,0,0,0,1,0,0,0,1,1,0,1,1,1,0,1,0,0,0,1,1,0,0,0,1,1,1,0,1,1,1,1,1,0,1,1,0,1,0,0,1,0,1,1,1,1,0,0,0,0,1,0,0,1,0.3888888888888889,514.2057655607708,1
95,1,1,0,0,1,0,0,0,1,1,0,1,1,1,0,1,0,0,0,0,1,1,0,0,1,1,1,0,1,0,0,0,1,1,1,1,0,1,0,0,1,0,1,1,1,0,0,0,0,0,1,0,0,1,0.35185185185185186,328.62504607693165,1
96,1,1,0,0,1,0,0,0,1,1,0,1,1,1,0,1,0,0,0,1,1,0,0,0,0,1,1,1,0,0,1,1,1,0,1,1,0,1,0,0,1,0,1,1,1,0,1,0,0,0,1,0,0,1,0.3333333333333333,366.49772755777417,1
97,1,1,0,0,1,0,0,0,1,1,0,1,1,1,0,1,0,0,0,1,1,0,0,0,0,1,1,1,1,0,1,1,1,1,1,1,0,0,0,0,1,0,0,1,1,1,0,0,0,0,1,0,0,1,0.35185185185185186,345.0287476045454,1
98,0,0,1,0,0,1,1,1,0,0,1,0,1,1,1,0,1,0,0,0,0,1,1,1,0,0,0,1,0,0,0,1,0,0,0,0,1,0,1,1,0,1,0,0,0,1,0,1,0,1,0,1,1,0,0.35185185185185186,316.22785890601233,1
99,1,1,0,0,1,0,0,0,1,1,0,1,0,0,0,1,0,0,0,1,1,0,0,0,1,1,1,1,1,0,0,0,1,1,0,1,0,1,0,0,1,0,1,1,1,0,1,0,0,0,1,0,0,1,0.35185185185185186,362.66835367556325,1
