,0,1,2,3,4,5,6,7,8,9,10,11,12,13,14,15,16,17,18,19,20,21,22,23,24,25,26,27,28,29,30,31,32,33,34,35,36,37,38,39,40,41,42,43,44,45,46,47,48,49,50,51,52,53,chain_break_fraction,energy,num_occurrences
0,1,1,0,0,1,0,0,1,0,1,0,1,1,0,1,1,1,0,1,0,0,0,1,0,0,1,0,0,0,0,1,0,1,1,1,1,0,0,1,1,0,1,0,0,0,0,0,1,1,1,0,0,0,1,0.2777777777777778,403.112978902923,1
1,0,0,1,1,0,1,1,0,1,0,0,0,0,1,0,0,0,1,0,1,0,1,0,1,1,1,0,1,1,1,0,1,1,0,0,0,1,1,0,0,0,0,1,1,0,1,1,1,0,0,1,1,1,0,0.3333333333333333,347.6161358814729,1
2,0,0,1,1,0,1,1,0,1,0,1,0,0,1,0,0,0,1,0,1,1,1,1,1,1,1,0,1,1,1,0,1,1,0,0,0,1,1,0,0,1,0,1,1,0,1,1,1,0,0,1,1,1,0,0.2777777777777778,389.68450609784986,1
3,1,1,1,0,1,0,0,1,0,0,0,1,1,0,1,1,1,0,0,0,1,0,1,0,0,0,0,0,0,0,1,0,1,1,1,1,0,0,1,1,0,1,0,0,0,0,0,1,1,1,0,0,0,1,0.25925925925925924,380.9829192432099,1
4,0,0,1,1,0,1,1,0,1,0,0,0,0,1,0,0,0,1,0,1,1,1,1,1,1,1,0,1,1,1,0,1,1,0,0,0,1,1,0,0,1,0,1,1,0,1,1,1,0,0,1,1,1,0,0.35185185185185186,368.2246510775352,1
5,0,0,1,1,0,1,1,0,1,0,0,0,0,1,0,0,0,1,0,1,0,1,0,1,1,1,0,1,1,1,0,1,1,0,0,0,1,1,0,0,0,0,1,1,0,1,1,1,1,0,1,1,1,0,0.2777777777777778,363.91310253237737,1
6,0,0,1,1,0,1,1,0,1,0,1,0,0,1,0,0,0,1,0,1,1,1,0,1,1,1,0,1,1,1,0,1,1,0,0,0,1,1,0,0,1,0,1,1,0,1,1,1,0,0,1,1,1,0,0.3888888888888889,377.8699832137813,1
7,0,0,1,1,0,1,1,0,1,1,0,0,0,1,0,0,0,1,0,1,0,1,1,1,1,1,0,1,1,1,0,1,1,0,0,0,1,1,0,0,1,0,1,1,0,1,1,1,0,0,1,1,1,0,0.35185185185185186,362.24595270699024,1
8,0,0,0,1,0,1,1,0,1,1,1,0,0,1,0,0,0,1,0,1,0,1,1,1,1,1,0,1,1,1,1,1,1,0,0,0,1,1,0,0,0,0,1,1,0,1,1,1,0,0,1,1,1,0,0.25925925925925924,350.9675012559435,1
9,0,0,1,1,0,1,1,0,1,1,0,0,0,1,0,0,0,1,0,1,0,1,0,1,1,1,0,1,1,1,0,1,0,0,0,0,1,1,0,0,0,0,1,1,0,1,1,1,0,0,1,1,1,0,0.2777777777777778,310.0246155974247,1
10,0,0,1,1,0,1,1,0,1,0,0,0,0,1,0,0,0,1,0,1,0,1,0,1,1,1,0,1,1,1,0,1,1,0,0,0,1,1,0,0,1,0,1,1,0,1,1,1,0,0,1,1,1,0,0.3148148148148148,384.8686417353198,1
11,0,0,0,1,0,1,1,0,1,0,1,0,0,1,0,0,0,1,0,1,0,1,1,1,1,1,0,1,1,1,0,1,1,0,0,0,1,1,0,0,0,0,1,1,0,1,1,1,0,0,1,1,1,0,0.3333333333333333,340.88607276329435,1
12,0,0,0,1,0,1,1,0,1,1,1,0,0,1,0,0,0,0,0,1,0,1,1,1,1,1,1,1,1,1,0,1,1,0,0,0,1,1,1,0,1,0,1,1,0,1,1,1,0,0,1,1,1,0,0.2962962962962963,462.69639312913966,1
13,1,1,0,0,1,0,0,1,0,0,0,1,1,0,1,0,1,0,1,0,1,0,1,0,0,1,0,0,0,0,1,0,1,1,1,1,0,0,1,1,0,1,0,0,1,0,0,1,1,1,0,0,0,1,0.2777777777777778,502.23471703903596,1
14,0,0,1,1,0,1,1,0,1,0,0,0,0,1,0,0,0,1,0,1,0,1,1,1,1,1,0,1,1,1,0,1,0,0,0,0,1,1,0,0,0,0,1,1,0,1,1,1,1,0,1,1,1,0,0.3333333333333333,315.2928196441236,1
15,0,0,1,1,0,1,1,0,1,1,1,0,0,1,0,0,0,1,0,1,0,1,0,1,1,1,0,1,1,1,1,1,0,0,0,0,1,1,0,0,0,0,1,1,0,1,1,1,0,0,1,1,1,0,0.3333333333333333,331.41042522308317,1
16,0,0,1,1,0,1,1,0,1,0,1,0,0,1,0,0,0,1,0,1,0,1,0,1,1,1,1,1,1,1,0,1,0,0,0,0,1,1,1,0,0,0,1,1,1,1,1,1,0,0,1,1,1,0,0.3333333333333333,427.3557296352492,1
17,1,1,0,0,1,0,0,1,0,0,0,1,0,0,1,1,1,1,1,0,1,0,1,0,0,0,0,0,0,0,1,0,1,1,1,1,0,0,1,1,0,1,0,0,0,0,0,1,1,1,0,0,0,1,0.3148148148148148,389.2941886346371,1
18,0,0,1,1,0,1,1,0,1,0,0,0,0,1,0,0,0,1,0,1,0,1,1,1,1,1,0,1,1,1,0,1,1,0,0,0,1,1,0,0,1,0,1,1,0,1,1,1,0,0,1,1,1,0,0.4074074074074074,364.6086844823975,1
19,0,0,1,1,0,1,1,0,1,0,0,0,0,1,0,0,0,1,0,1,1,1,0,1,1,1,0,1,1,1,0,1,0,0,0,0,0,1,0,0,0,0,1,1,0,1,1,1,0,0,1,1,1,0,0.3148148148148148,359.5024349499888,1
20,0,0,0,1,0,1,1,0,1,0,0,0,0,1,0,0,0,1,0,1,0,1,0,1,1,1,0,1,1,1,0,1,0,0,0,0,1,1,0,0,1,0,1,1,0,1,1,1,0,0,1,1,1,0,0.3148148148148148,330.7670288881998,1
21,0,0,0,1,0,1,1,0,1,0,0,0,0,1,0,0,0,1,0,1,1,1,1,1,1,1,0,1,1,0,0,1,1,0,0,0,1,1,0,0,1,0,1,1,0,1,1,1,0,0,1,1,1,0,0.2777777777777778,313.08708346059086,1
22,0,0,1,1,0,1,1,0,1,0,1,0,0,1,0,0,0,1,0,1,1,1,0,1,1,1,0,1,1,1,0,1,1,0,0,0,1,1,0,0,1,0,1,1,0,1,1,1,0,0,1,1,1,0,0.37037037037037035,377.8699832137813,1
23,0,0,0,1,0,1,1,0,1,1,0,0,0,1,0,0,0,1,0,1,0,1,1,1,1,1,0,1,1,1,0,1,1,0,0,0,1,1,0,0,0,0,1,1,0,1,1,1,0,0,1,1,1,0,0.3333333333333333,342.38273828756974,1
24,0,0,0,1,0,1,1,0,1,1,1,0,0,1,0,0,0,1,0,1,0,1,1,1,1,1,0,1,1,1,0,1,1,0,0,0,1,1,0,1,1,0,1,1,0,1,1,1,0,0,1,1,1,0,0.2962962962962963,388.22802217414835,1
25,0,0,1,1,0,1,1,0,1,1,1,0,0,1,0,0,0,1,0,1,1,1,1,1,0,1,0,1,1,1,0,1,1,0,0,0,1,1,0,0,1,0,1,1,0,1,1,1,0,0,1,1,1,0,0.35185185185185186,397.29010547236373,1
26,0,0,0,1,0,1,1,0,1,0,1,0,0,1,0,0,0,1,0,1,0,1,1,1,1,1,1,1,1,1,0,1,1,0,0,0,1,1,0,0,0,0,1,1,1,1,1,1,0,0,1,1,1,0,0.2962962962962963,398.89267737227146,1
27,0,0,1,1,0,1,1,0,1,1,0,0,0,1,0,0,0,1,0,1,0,1,0,1,1,1,0,1,1,1,0,1,0,0,0,0,1,1,0,0,1,0,0,1,0,1,1,1,0,0,1,1,1,0,0.3333333333333333,315.6864508409135,1
28,0,0,1,1,0,1,1,0,1,0,1,0,0,1,1,0,0,1,0,1,0,1,0,1,1,1,0,1,1,1,0,1,0,0,0,0,1,1,0,0,1,0,1,1,0,1,1,1,0,0,1,1,1,0,0.35185185185185186,398.3839390282576,1
29,0,0,1,1,0,1,1,0,1,0,1,0,0,1,0,0,0,0,0,1,0,1,1,1,1,1,0,1,1,1,0,1,0,0,0,0,1,1,1,0,0,0,1,1,0,1,1,1,0,0,1,1,1,0,0.3148148148148148,343.48503132591327,1
30,0,0,1,1,0,1,1,0,1,0,0,0,0,1,0,0,0,1,0,1,1,1,0,1,1,1,0,1,1,1,0,1,1,0,0,0,1,1,0,0,1,0,1,1,0,1,1,1,0,0,1,1,1,0,0.2962962962962963,367.44544130690167,1
31,0,0,1,1,0,1,1,0,1,0,0,0,0,1,0,0,0,1,0,1,0,1,0,1,1,1,0,1,1,1,0,1,1,0,0,0,1,1,0,0,1,0,1,1,0,1,1,1,0,0,1,1,1,0,0.35185185185185186,384.8686417353198,1
32,0,0,1,1,0,1,1,0,1,0,0,0,0,1,1,0,0,1,0,1,1,1,0,1,1,1,0,1,1,1,0,1,1,0,0,0,1,1,0,0,0,0,1,1,0,1,1,1,1,0,1,1,1,0,0.2962962962962963,417.2815485158528,1
33,0,0,0,1,0,1,1,0,1,1,0,0,0,1,0,0,0,1,0,1,1,1,0,1,1,1,0,1,1,1,0,1,1,0,0,0,1,1,0,0,1,0,1,1,0,1,1,1,0,0,1,1,1,0,0.2962962962962963,371.4939109368188,1
34,0,0,1,1,0,1,1,0,1,0,0,0,0,1,0,0,0,1,0,1,0,1,1,1,1,1,1,1,1,1,0,1,1,0,0,0,1,1,0,0,1,0,1,1,0,1,1,1,0,0,1,1,1,0,0.3148148148148148,366.8346488194411,1
35,0,0,0,1,0,1,1,0,1,0,0,0,1,1,0,0,0,1,0,1,1,1,1,1,1,1,0,1,1,1,1,1,0,0,0,0,1,1,0,0,0,0,1,1,0,1,1,1,0,0,1,1,1,0,0.2962962962962963,322.8621724140122,1
36,0,0,1,1,0,1,1,0,1,0,1,0,0,1,0,0,0,1,0,1,1,1,0,1,0,1,1,1,1,1,0,1,1,0,0,0,1,1,0,0,1,0,1,1,0,1,1,1,0,0,1,0,1,0,0.2962962962962963,413.3077002269765,1
37,1,1,0,0,1,0,0,1,0,1,0,1,1,0,1,1,1,0,0,0,0,0,1,0,0,1,0,0,0,0,1,0,1,1,1,1,0,0,1,0,0,1,0,0,1,0,0,1,1,1,0,0,0,1,0.3148148148148148,542.6974944575766,1
38,0,0,1,1,0,1,0,0,1,0,1,0,0,1,0,0,0,1,0,1,0,1,0,1,1,1,0,1,1,1,1,1,1,0,0,0,1,1,0,0,0,0,1,1,0,1,1,1,0,0,1,1,1,0,0.2962962962962963,359.5143062287942,1
39,0,0,1,1,0,1,1,0,1,0,0,0,0,1,0,0,0,1,0,1,0,1,0,1,1,1,0,1,1,1,0,1,0,0,0,0,1,1,0,0,0,0,1,1,0,1,1,1,0,0,1,1,1,0,0.37037037037037035,302.68952640806816,1
40,0,0,0,1,0,1,1,0,1,0,1,0,0,1,1,0,0,1,0,1,0,1,1,1,1,1,0,1,1,1,0,1,1,0,0,0,1,1,0,0,0,0,1,1,1,1,1,1,0,0,1,1,1,0,0.37037037037037035,426.334479413429,1
41,1,1,0,0,1,0,0,1,0,1,0,1,0,0,1,1,1,0,0,0,0,0,1,0,1,0,0,0,0,0,1,0,1,1,1,0,0,0,1,1,0,1,0,0,0,0,0,1,1,1,0,0,0,1,0.3148148148148148,334.7113010666947,1
42,0,0,0,1,0,1,1,0,1,0,1,0,0,1,0,0,0,0,0,1,0,1,1,1,1,1,0,1,1,0,0,1,1,0,0,0,1,1,0,0,0,0,0,1,0,1,1,1,0,0,1,1,1,0,0.3148148148148148,261.24805047986484,1
43,1,1,1,0,1,0,0,1,0,0,0,1,1,0,1,0,1,0,1,0,0,0,1,0,1,0,1,0,0,0,1,0,1,1,1,1,0,0,1,1,0,1,0,0,0,0,0,1,1,1,0,0,0,1,0.3148148148148148,381.3190418540301,1
44,0,0,1,1,0,1,1,0,1,1,1,0,0,1,0,0,0,0,0,1,1,1,0,1,1,1,0,0,1,1,0,1,1,0,0,0,1,1,0,0,1,0,1,1,0,1,1,1,0,0,1,1,1,0,0.3148148148148148,345.55419278094087,1
45,0,0,0,1,0,1,1,0,1,0,0,0,0,1,0,0,0,1,0,1,0,1,1,1,1,1,0,1,1,1,1,1,0,0,0,0,1,1,0,0,0,0,1,1,0,1,1,1,0,0,1,1,1,0,0.2962962962962963,292.5970583968511,1
46,0,0,1,1,0,1,1,0,1,0,1,0,0,1,0,0,0,1,0,1,1,1,0,1,1,1,1,1,1,1,0,1,1,0,0,0,1,1,0,0,0,0,0,1,0,1,1,1,1,0,1,1,1,0,0.2962962962962963,436.62786282593777,1
47,0,0,1,1,0,1,1,0,1,0,0,0,0,1,0,0,0,1,1,1,1,1,0,1,1,1,0,1,1,1,0,1,0,0,0,0,1,1,0,0,1,0,1,1,0,1,1,1,1,0,1,1,1,0,0.3148148148148148,356.0752310743899,1
48,0,0,1,1,0,1,1,0,1,0,0,0,0,1,0,0,0,1,0,1,0,1,0,1,1,1,0,1,1,1,1,1,0,0,0,0,1,1,0,0,0,0,1,1,0,1,1,1,0,0,1,1,1,0,0.3148148148148148,304.9211787764195,1
49,1,1,0,0,1,0,0,1,0,0,0,1,1,0,1,1,1,0,1,0,0,0,1,0,0,0,0,0,0,0,1,0,1,1,1,0,0,0,1,1,0,1,0,0,0,0,0,1,1,1,0,0,0,1,0.3333333333333333,333.6637614502475,1
50,0,0,0,1,0,1,1,0,1,0,0,0,0,1,1,0,0,1,0,1,0,1,0,1,1,1,0,1,1,1,0,1,1,0,0,0,1,1,0,0,1,0,1,1,0,1,1,1,0,0,1,1,1,0,0.3148148148148148,406.51370237109063,1
51,0,0,1,1,0,1,1,0,1,0,1,0,0,1,0,0,0,1,0,1,1,1,1,1,1,1,0,1,0,1,0,1,1,0,0,0,1,1,0,0,1,0,1,1,0,1,1,1,0,0,1,1,1,0,0.37037037037037035,396.4581923342904,1
52,0,0,1,1,0,1,1,0,1,0,0,0,0,1,0,0,0,0,0,1,0,1,0,1,1,1,1,1,1,1,0,1,0,0,0,0,1,1,1,0,0,0,1,1,0,1,1,1,1,0,1,1,1,0,0.3333333333333333,361.2821788806624,1
53,1,0,1,1,0,1,1,0,1,1,0,0,0,1,0,0,0,1,0,1,0,1,0,1,1,1,0,1,1,1,0,1,1,0,0,0,1,1,0,0,0,0,1,1,0,1,1,1,0,0,1,1,1,0,0.35185185185185186,342.5879788778783,1
54,0,0,1,1,0,1,1,0,1,0,0,0,0,1,1,0,0,0,0,1,0,1,1,1,1,1,1,1,1,1,1,1,0,0,0,0,1,1,0,0,1,0,1,1,0,1,1,1,0,0,1,1,1,0,0.2962962962962963,360.0252853228776,1
55,1,1,0,1,1,0,0,1,0,0,0,1,1,0,1,1,1,0,1,0,0,0,1,0,0,0,0,0,0,0,1,0,1,1,1,1,0,0,1,1,0,1,0,0,0,0,0,1,0,1,0,0,0,1,0.3148148148148148,410.7996820039859,1
56,1,1,0,0,1,0,0,1,0,0,0,1,1,0,1,1,1,0,1,0,1,0,1,0,0,0,0,0,0,0,1,0,1,1,1,1,0,0,1,0,0,1,0,0,0,0,0,1,1,1,0,0,0,1,0.3333333333333333,367.00193919049855,1
57,0,0,1,1,0,1,1,0,1,0,1,0,0,1,0,0,0,1,0,1,0,1,1,1,1,1,0,1,1,1,0,1,0,0,0,0,1,1,0,0,0,0,1,1,0,1,1,1,0,0,1,1,1,0,0.3888888888888889,346.30732236444635,1
58,0,0,1,1,0,1,1,0,1,1,0,0,0,1,1,0,0,1,0,1,1,1,0,1,1,1,0,1,1,1,0,1,1,0,0,0,1,1,0,0,1,0,0,1,0,1,1,1,0,0,1,1,1,0,0.3148148148148148,434.0936340480728,1
59,0,0,1,1,0,1,1,0,1,0,0,0,0,1,0,0,0,1,0,1,0,1,0,1,1,1,0,1,1,1,0,1,1,0,0,0,1,1,0,0,0,0,0,1,0,1,1,1,0,0,1,1,1,0,0.37037037037037035,335.52711838727964,1
60,0,0,1,1,0,1,1,0,1,0,0,0,0,1,0,0,0,1,0,1,0,1,1,1,1,1,0,1,1,1,0,1,0,0,0,0,1,1,0,0,1,0,1,1,0,1,1,1,0,0,1,1,1,0,0.3333333333333333,318.90239651819763,1
61,0,0,1,1,0,1,1,0,1,0,0,0,0,1,0,0,0,1,0,1,0,1,0,1,1,1,1,1,1,1,0,1,1,0,0,0,1,1,0,0,1,0,1,1,0,1,1,1,1,0,1,1,1,0,0.35185185185185186,378.57907660959484,1
62,0,0,0,1,0,1,1,0,1,0,0,0,0,1,0,0,0,1,1,1,0,1,0,1,1,1,0,1,1,1,0,1,1,0,0,0,1,1,0,0,0,0,1,1,0,1,1,1,0,0,1,1,1,0,0.3148148148148148,361.3211931453262,1
63,0,0,0,1,0,1,1,0,1,1,0,0,0,1,0,1,0,1,0,1,0,1,1,1,1,1,0,1,1,1,0,1,1,0,0,0,1,1,0,0,0,0,1,1,0,1,1,1,1,0,1,1,1,0,0.3148148148148148,354.69227139824363,1
64,0,0,1,1,0,1,1,0,1,1,0,0,0,1,0,0,0,1,0,1,0,1,0,1,1,1,0,1,1,1,0,1,1,0,0,0,1,1,0,0,1,0,1,1,0,1,1,1,0,0,1,1,1,0,0.3888888888888889,376.9882534031947,1
65,0,0,1,1,0,1,1,0,1,0,1,0,0,1,0,0,0,1,0,1,0,1,1,1,1,1,0,1,1,1,0,1,0,0,0,0,1,0,0,0,0,0,1,1,0,1,1,1,0,0,1,0,1,0,0.3148148148148148,373.12255796403815,1
66,0,0,1,1,0,1,1,0,1,0,0,0,0,1,0,0,0,0,0,1,0,1,0,1,1,1,1,1,1,1,0,1,0,0,0,0,1,1,0,0,1,0,1,1,0,1,1,1,0,0,1,1,1,0,0.3888888888888889,299.8026628973725,1
67,0,0,1,1,0,1,1,0,1,1,1,0,0,1,1,0,0,0,0,1,0,1,1,1,1,1,0,0,1,1,0,1,1,0,0,0,1,1,0,0,0,0,1,1,1,1,1,1,0,0,1,1,1,0,0.35185185185185186,395.8651834586034,1
68,0,0,1,1,0,1,1,0,1,1,0,0,0,1,0,1,0,1,0,1,0,1,0,1,1,1,0,1,1,1,1,1,1,0,0,0,1,1,0,0,0,0,1,1,0,1,1,1,0,0,1,1,1,0,0.3333333333333333,354.9694168693586,1
69,0,1,1,0,1,0,0,1,0,0,0,1,0,0,1,1,1,0,0,0,1,0,1,0,0,0,0,0,0,0,1,0,1,1,1,1,0,0,1,1,0,1,0,0,0,0,0,1,1,1,0,0,0,1,0.25925925925925924,394.8556190920688,1
70,0,0,0,1,0,1,1,0,1,0,1,0,0,1,0,0,0,1,0,1,0,1,1,1,1,1,0,1,1,1,0,1,1,0,0,0,1,1,0,0,1,0,1,1,0,1,1,1,0,0,1,1,1,0,0.37037037037037035,376.63926541298747,1
71,1,1,0,0,1,0,0,1,0,0,0,1,0,0,1,1,1,0,0,0,0,0,1,0,0,1,0,0,0,0,1,0,1,1,1,0,0,0,1,1,0,1,0,0,0,0,0,1,1,0,0,0,0,1,0.3333333333333333,292.4325328882654,1
72,1,1,1,0,1,0,0,1,0,0,0,1,1,0,1,1,1,0,1,0,0,0,1,0,0,0,0,0,0,0,0,0,1,1,1,1,0,0,1,1,0,1,0,0,0,0,0,1,1,1,0,0,0,1,0.3148148148148148,386.0587282305018,1
73,0,0,1,1,0,1,1,0,1,1,0,0,0,1,1,0,0,1,0,1,1,1,0,1,1,1,0,1,1,1,1,1,0,0,0,0,1,1,0,0,1,0,1,1,0,1,1,1,0,0,1,1,1,0,0.35185185185185186,442.2755792386424,1
74,0,0,1,1,0,1,1,0,1,0,0,0,0,1,1,0,0,1,0,1,1,1,0,1,1,1,0,1,1,1,0,1,1,0,0,0,1,1,0,0,0,0,1,1,0,1,1,1,0,0,1,1,1,0,0.3888888888888889,421.16661221997356,1
75,1,0,0,1,0,1,1,0,1,0,1,0,0,1,0,0,0,1,0,1,1,1,0,1,1,1,0,1,1,1,0,1,0,0,0,0,1,1,0,0,1,0,1,1,0,1,1,1,0,0,1,1,1,0,0.37037037037037035,332.00101487669565,1
76,0,0,1,1,0,1,1,0,1,0,1,0,0,1,0,0,0,0,0,1,0,1,1,1,1,1,0,1,1,1,0,1,0,0,0,0,1,1,0,0,0,0,1,1,0,1,1,1,1,0,1,1,1,0,0.3333333333333333,290.6577595436964,1
77,1,1,0,0,1,0,0,1,0,0,1,1,0,0,1,1,1,0,1,0,1,0,1,0,0,0,0,0,0,0,1,0,1,1,1,1,0,0,1,1,0,1,0,0,1,0,0,1,1,1,0,0,0,1,0.3333333333333333,506.5649524431495,1
78,0,0,1,1,0,1,1,0,1,0,0,0,0,1,0,0,0,1,0,1,0,1,1,1,1,1,0,0,1,1,1,1,0,0,0,0,1,1,0,0,0,0,1,1,0,1,1,1,0,0,1,1,1,0,0.37037037037037035,313.0766299708821,1
79,0,0,1,1,0,1,1,0,1,1,1,0,0,1,0,0,0,1,0,1,0,1,0,1,1,1,1,0,1,1,1,1,1,0,0,0,1,1,0,0,1,0,1,1,0,1,1,1,1,1,1,1,1,0,0.2962962962962963,410.56357190688516,1
80,1,1,0,0,1,0,0,1,0,0,0,1,1,0,1,0,1,0,1,0,0,0,1,0,1,1,0,0,0,0,0,0,1,1,1,1,0,0,1,1,0,1,0,0,0,0,0,1,0,1,0,0,0,1,0.35185185185185186,367.9356438804762,1
81,0,0,0,1,0,1,1,0,1,0,0,0,0,1,0,1,0,1,0,1,0,1,1,1,1,1,1,1,1,1,0,1,0,0,0,1,1,1,0,0,0,0,1,1,0,1,1,1,0,0,1,1,1,0,0.3333333333333333,337.52148290626724,1
82,0,0,1,1,0,1,1,0,1,0,0,0,0,1,0,0,0,1,0,1,0,1,1,1,1,1,1,0,1,1,0,1,1,0,0,0,1,1,0,0,1,0,1,1,0,1,0,1,0,0,1,1,1,0,0.2962962962962963,366.94523626207376,1
83,1,1,0,0,1,0,0,1,0,0,1,1,1,0,1,0,1,0,0,0,1,0,1,0,0,1,0,0,0,0,0,0,1,1,1,1,0,0,1,1,0,1,0,0,1,0,0,1,1,1,0,0,0,1,0.2962962962962963,466.7472048965424,1
84,0,0,0,1,0,1,1,0,1,0,0,0,0,1,0,0,0,1,0,1,1,1,1,1,1,1,0,1,1,1,0,1,1,0,0,0,0,1,0,0,1,0,0,1,1,1,1,1,0,0,1,0,1,0,0.35185185185185186,391.01448709457736,1
85,0,0,1,1,0,1,1,0,1,0,1,0,0,1,0,0,0,1,0,1,0,1,0,1,1,1,1,1,1,1,0,1,0,0,0,0,1,1,0,0,1,0,0,1,0,1,1,1,0,0,1,1,1,0,0.37037037037037035,380.0465420026036,1
86,0,0,1,1,0,1,1,0,1,0,0,0,0,1,0,0,0,1,0,1,0,1,0,1,0,1,0,1,1,1,0,1,0,0,0,0,1,1,0,0,1,0,1,1,0,1,1,1,0,0,1,1,1,0,0.37037037037037035,324.7336582696089,1
87,1,0,1,1,0,1,1,0,1,1,0,0,1,1,0,0,0,0,1,1,0,1,1,1,1,1,0,1,1,1,0,1,0,0,0,0,1,1,0,0,0,0,1,1,0,1,1,1,0,0,1,1,1,0,0.3888888888888889,292.3779291372253,1
88,0,0,1,1,0,1,1,0,1,0,0,0,0,1,0,0,0,0,1,1,1,1,0,1,1,1,1,1,1,1,0,1,1,0,0,0,0,1,0,0,1,0,1,1,0,1,1,1,0,0,1,1,1,0,0.3333333333333333,340.4008854293811,1
89,0,0,1,1,0,1,0,0,1,0,0,0,0,1,1,0,0,0,0,1,0,1,1,1,1,1,1,1,1,0,0,1,0,0,0,0,1,1,1,0,1,0,1,1,0,1,1,1,1,0,1,1,1,0,0.2962962962962963,372.8152627252733,1
90,0,0,1,1,0,1,1,0,1,0,1,0,0,1,0,0,0,0,0,1,0,1,0,1,1,1,0,1,1,1,0,1,1,0,0,0,1,1,0,0,0,0,1,1,1,1,1,1,0,0,1,1,1,0,0.2777777777777778,462.5150025578406,1
91,1,0,0,1,0,1,1,0,1,0,0,0,0,1,0,0,0,1,0,1,0,1,1,1,0,1,0,0,1,1,0,1,1,0,0,0,1,1,0,0,1,0,1,1,0,1,1,1,0,0,1,1,0,0,0.2962962962962963,331.3103080130205,1
92,0,0,1,1,0,1,1,0,1,1,0,0,0,1,0,0,0,0,0,1,0,1,0,1,0,1,0,1,1,1,0,1,1,0,0,0,1,1,0,0,1,0,1,1,0,1,1,1,0,0,1,1,1,0,0.37037037037037035,429.94668732322464,1
93,0,0,1,1,0,1,1,0,1,0,0,0,1,1,0,0,0,1,0,1,0,1,0,1,1,1,0,1,1,1,0,1,0,0,0,0,1,1,0,0,0,0,1,1,0,1,1,1,0,1,1,1,1,0,0.3888888888888889,324.284692427859,1
94,0,0,1,1,0,1,1,0,1,1,0,0,0,1,0,0,0,1,0,1,0,1,0,1,1,1,0,1,1,1,0,1,0,0,0,0,1,1,0,0,0,0,1,1,0,1,1,1,1,0,1,1,1,0,0.4074074074074074,313.60237054992115,1
95,0,0,1,1,0,1,1,0,1,0,0,0,0,1,0,0,0,1,0,1,0,1,1,1,1,1,0,0,1,1,0,1,1,0,0,0,1,0,0,0,0,0,1,1,0,1,1,1,0,0,1,1,1,0,0.3888888888888889,321.9336350956527,1
96,0,0,1,1,0,1,1,0,1,1,0,0,0,1,0,0,0,1,0,1,0,1,0,1,1,1,1,0,1,1,0,1,1,0,0,0,1,1,1,0,1,0,1,1,0,1,1,1,0,0,1,1,1,0,0.4074074074074074,428.26914114679107,1
97,0,0,1,1,0,1,1,0,1,0,0,0,0,1,0,0,0,1,0,1,0,1,1,1,1,1,0,1,1,1,0,1,0,0,0,0,0,1,0,0,1,0,1,1,1,1,1,1,0,0,1,1,1,0,0.35185185185185186,359.67776436075064,1
98,1,1,0,0,0,0,0,1,0,1,1,1,0,0,1,1,1,0,1,0,1,0,1,0,0,1,0,1,0,0,1,0,1,1,1,1,0,0,1,0,0,1,1,0,0,0,0,0,1,0,0,0,0,1,0.25925925925925924,279.4655260512296,1
99,0,0,1,1,0,1,1,0,1,1,0,0,0,1,0,1,0,1,0,0,0,1,0,1,1,1,0,1,1,1,0,1,1,0,0,0,1,1,0,0,1,0,1,1,0,1,1,1,0,1,1,1,1,0,0.37037037037037035,445.3348302346011,1
