,0,1,2,3,4,5,6,7,8,9,10,11,12,13,14,15,16,17,18,19,20,21,22,23,24,25,26,27,28,29,30,31,32,33,34,35,36,37,38,39,40,41,42,43,44,45,46,47,48,49,50,51,52,53,chain_break_fraction,energy,num_occurrences
0,1,1,0,0,0,0,1,0,1,0,0,1,1,1,0,1,1,1,0,1,0,1,1,1,0,1,0,0,0,0,0,0,1,0,1,1,0,1,1,0,1,1,0,0,1,0,0,1,1,0,0,1,0,1,0.3888888888888889,374.2750370588033,1
1,1,1,0,0,0,0,1,0,1,0,0,1,1,1,0,1,1,1,0,1,0,1,1,1,0,1,0,0,0,0,0,0,1,0,1,1,0,1,1,0,1,1,0,0,1,0,0,1,1,0,0,1,0,1,0.3333333333333333,374.2750370588033,1
2,0,0,1,1,1,1,0,1,0,1,1,0,0,0,1,1,0,0,1,1,1,0,1,0,1,0,1,1,1,1,1,1,0,1,0,0,1,1,0,1,0,1,1,1,0,1,1,0,0,1,1,0,1,0,0.37037037037037035,311.556307373275,1
3,0,0,1,1,1,1,0,1,0,1,1,0,0,0,1,0,0,0,1,1,1,0,1,0,1,0,1,1,1,1,1,1,0,1,0,0,1,1,0,1,0,1,1,1,0,1,1,0,0,1,1,0,1,0,0.3888888888888889,309.29350185883186,1
4,1,1,0,0,0,0,1,0,1,0,0,1,1,1,0,0,1,1,0,1,0,1,1,1,0,1,0,0,0,0,0,0,1,0,1,1,0,1,1,0,1,1,0,0,1,0,0,1,1,0,0,1,0,1,0.35185185185185186,383.36529909883967,1
5,0,0,1,1,1,1,0,1,0,1,1,0,0,0,1,1,0,0,1,1,1,0,1,0,1,0,1,1,1,1,1,1,0,1,0,0,1,1,0,1,0,1,1,1,0,1,1,0,0,1,0,0,1,0,0.3888888888888889,323.35230212153925,1
6,0,0,1,1,1,1,0,1,0,1,1,0,0,0,1,1,0,0,1,1,1,0,1,0,1,0,1,1,1,1,1,1,0,1,0,0,1,0,0,1,0,1,1,1,0,1,1,0,0,1,1,0,1,0,0.37037037037037035,317.2100267356266,1
7,1,0,0,0,0,0,1,0,1,0,0,1,1,1,0,1,1,1,0,1,0,1,1,1,0,1,0,0,0,0,0,0,1,0,1,1,0,1,1,0,1,1,0,0,1,0,0,1,1,0,0,0,0,1,0.3888888888888889,374.19415125281336,1
8,1,1,0,0,0,0,1,0,1,0,0,1,1,1,0,0,1,1,0,1,0,1,1,1,0,1,0,0,0,0,1,0,1,0,1,1,0,1,1,0,1,1,0,0,1,0,0,1,1,0,0,1,0,1,0.35185185185185186,403.5048934324362,1
9,1,1,0,0,0,0,1,0,1,0,0,1,1,1,0,0,1,1,0,1,0,1,1,1,0,1,0,0,0,0,0,0,1,0,1,1,0,1,1,0,1,1,0,0,1,0,0,1,1,0,0,0,0,1,0.37037037037037035,366.22570476524317,1
10,0,0,1,1,1,1,0,1,0,1,1,0,0,0,1,0,0,0,1,1,1,0,1,0,0,0,1,1,1,1,1,1,0,1,0,0,1,1,0,1,0,1,1,1,0,1,1,0,0,1,1,0,1,0,0.3888888888888889,308.177026195769,1
11,0,1,1,1,1,1,0,1,0,1,1,0,0,0,1,0,0,0,1,1,1,0,1,0,1,0,1,1,1,1,1,1,0,1,0,0,1,1,0,1,0,1,1,1,0,1,1,0,0,1,1,0,1,0,0.37037037037037035,322.1135358928113,1
12,1,1,0,0,0,0,1,0,1,0,0,1,1,1,0,0,1,1,0,1,0,1,1,1,1,1,0,0,0,0,0,0,1,0,1,1,0,1,1,0,1,1,0,0,1,0,0,1,1,0,0,1,0,1,0.35185185185185186,373.45520346036886,1
13,0,0,1,1,1,1,0,1,0,1,1,0,0,0,1,0,0,0,1,1,1,0,1,0,0,0,1,1,1,1,1,0,0,1,0,0,1,1,0,1,0,1,1,1,0,1,1,0,0,1,1,0,1,0,0.3148148148148148,295.49188536139303,1
14,0,0,1,1,1,1,0,1,0,1,1,0,0,0,0,0,0,0,1,1,1,0,1,0,1,0,1,1,1,1,1,1,0,1,0,0,1,1,0,1,0,1,1,1,0,1,1,0,0,1,1,0,0,0,0.3333333333333333,279.1225705998711,1
15,1,1,0,0,0,0,1,0,1,0,0,1,1,1,0,0,1,1,0,1,0,1,1,1,0,1,0,0,0,0,0,0,1,0,1,1,0,1,1,0,1,1,0,0,1,0,0,1,1,0,0,1,1,1,0.2962962962962963,429.64448776603257,1
16,0,0,1,1,1,1,0,1,0,1,1,0,0,0,1,0,0,0,1,1,1,0,1,0,1,0,1,1,1,1,1,1,0,1,0,0,1,1,0,1,0,1,1,1,0,1,1,0,0,1,1,0,1,0,0.3333333333333333,309.29350185883186,1
17,0,0,1,1,1,1,0,1,0,1,1,0,0,0,1,0,0,0,1,1,1,0,1,0,1,0,1,1,1,1,1,1,0,1,0,0,1,1,0,1,1,1,1,1,0,1,1,0,0,1,1,0,1,0,0.4074074074074074,326.14148535619216,1
18,0,0,1,1,1,1,0,1,0,1,1,0,0,0,1,1,0,0,1,1,1,0,1,0,1,0,1,1,1,1,1,1,0,1,0,0,1,1,0,1,0,1,1,1,0,1,1,0,0,1,1,0,1,0,0.37037037037037035,311.556307373275,1
19,0,0,1,1,1,1,0,1,0,1,1,0,0,0,1,0,0,0,1,1,1,0,1,0,1,1,1,1,1,1,1,1,0,1,0,0,1,1,0,1,0,1,1,1,0,1,1,0,0,1,1,0,1,0,0.37037037037037035,323.5264531849572,1
20,0,0,1,1,1,1,0,1,0,1,1,0,0,0,1,0,0,0,1,1,1,0,1,0,1,0,1,1,1,1,1,1,0,1,0,0,1,0,0,1,0,1,1,1,0,1,1,0,0,1,1,0,1,0,0.37037037037037035,309.7051859801124,1
21,0,0,1,1,1,1,0,1,0,1,1,0,0,0,1,0,0,0,1,1,1,0,1,0,1,0,1,1,1,1,1,1,0,1,0,0,1,1,0,1,0,1,1,1,0,1,1,0,0,1,1,0,1,0,0.3888888888888889,309.29350185883186,1
22,0,0,1,1,1,1,0,1,0,1,1,0,0,0,1,0,0,0,1,0,1,0,1,0,1,0,1,1,1,1,0,1,0,1,0,0,1,1,0,1,0,1,1,1,0,1,1,0,0,1,1,0,1,0,0.3888888888888889,291.34167465930966,1
23,0,0,1,1,1,1,0,1,0,1,1,0,0,0,1,1,0,0,1,1,1,0,1,0,0,0,1,1,1,1,1,1,0,1,0,0,1,1,0,1,0,1,1,1,0,1,1,0,0,1,1,0,1,0,0.3888888888888889,307.93818051376735,1
24,1,0,0,0,0,0,1,0,1,0,0,1,1,1,0,1,1,1,0,1,0,1,1,1,0,1,0,0,0,0,0,0,1,0,1,1,0,1,1,0,1,1,0,0,1,0,0,1,1,0,0,0,0,1,0.35185185185185186,374.19415125281336,1
25,0,0,1,1,1,1,0,1,0,1,1,0,0,0,1,0,0,0,1,1,1,0,1,0,1,0,1,1,1,1,1,0,0,1,0,0,1,1,0,1,0,1,1,1,0,1,1,0,0,1,1,0,1,0,0.35185185185185186,301.8529116702433,1
26,0,0,1,1,1,1,0,1,0,1,1,0,0,0,1,1,0,0,1,1,1,0,1,0,1,0,1,1,1,1,1,1,0,1,0,0,1,1,0,1,0,1,1,1,0,1,1,0,0,1,0,0,1,0,0.3888888888888889,323.35230212153925,1
27,0,0,1,1,1,1,0,1,0,1,1,0,0,0,1,1,0,0,1,1,1,0,1,0,0,0,1,1,1,1,0,1,0,1,0,0,1,1,0,1,0,1,1,1,0,1,1,0,0,1,1,0,1,0,0.4074074074074074,304.1701593415079,1
28,1,0,0,0,0,0,1,0,1,0,0,1,1,1,0,0,1,1,0,1,0,1,0,1,0,1,0,0,0,0,0,0,1,0,1,1,0,1,1,0,1,1,0,0,1,0,0,1,1,0,0,0,0,1,0.35185185185185186,405.5617800921314,1
29,0,1,0,0,0,0,1,0,1,0,0,1,1,1,0,1,1,1,0,1,0,1,1,0,0,0,0,0,0,0,0,0,1,0,1,1,0,1,1,0,0,1,0,0,1,0,0,1,1,0,0,1,0,1,0.3148148148148148,399.19620659487333,1
30,0,0,0,0,0,0,1,0,1,0,0,1,1,1,0,0,1,1,0,1,0,1,1,1,0,1,0,0,0,0,0,0,1,0,1,1,0,1,1,0,1,1,0,0,1,0,0,1,1,0,0,0,0,1,0.35185185185185186,401.6647067083074,1
31,1,1,0,0,0,0,1,0,1,0,0,1,1,1,0,0,1,1,0,1,0,1,1,1,0,1,0,0,0,0,0,0,1,0,1,1,0,1,1,0,1,1,0,0,1,0,0,1,1,0,0,0,0,1,0.35185185185185186,366.22570476524317,1
32,1,1,0,0,0,0,1,0,1,0,0,1,1,1,0,1,1,1,0,1,0,1,1,1,0,1,0,0,0,0,0,0,1,1,1,1,0,1,1,0,1,1,0,0,1,0,0,1,1,0,0,0,0,1,0.3148148148148148,369.56704218907754,1
33,0,0,1,1,1,1,0,1,0,1,1,0,0,0,1,0,0,0,1,1,1,0,1,0,0,0,1,1,1,1,1,1,0,1,0,0,1,0,0,1,0,1,0,1,0,1,1,0,0,1,0,0,1,0,0.3148148148148148,326.26703605516656,1
34,1,0,1,1,1,1,0,1,0,1,1,0,0,0,1,0,0,0,1,1,1,0,1,0,0,0,1,1,1,1,1,1,0,1,0,0,1,1,0,1,0,1,1,1,0,1,1,0,0,1,1,0,1,0,0.3333333333333333,309.0308650975333,1
35,1,0,1,1,1,1,0,1,0,1,1,0,0,0,1,0,0,0,1,1,1,0,1,0,1,0,1,1,1,0,1,1,0,1,0,0,1,1,0,1,0,1,1,1,0,1,1,0,0,1,1,0,1,0,0.37037037037037035,325.5043162144713,1
36,1,1,0,0,0,0,1,0,1,0,0,1,1,1,0,1,1,1,0,1,0,1,1,1,0,1,0,0,0,0,0,0,1,0,1,1,0,1,1,0,1,1,0,0,1,0,0,1,1,0,0,1,0,1,0.35185185185185186,374.2750370588033,1
37,0,0,1,1,1,1,0,1,0,1,1,0,0,0,1,0,0,0,1,1,1,0,1,0,1,0,1,1,1,1,1,1,1,1,0,0,1,1,0,1,0,1,1,1,0,1,1,0,0,1,1,0,1,0,0.42592592592592593,372.17468223600866,1
38,0,0,1,1,1,1,0,1,0,1,1,0,0,0,1,1,0,0,1,1,1,0,1,0,0,0,1,1,1,1,1,1,0,1,0,0,1,0,0,1,0,1,1,1,0,1,1,0,0,1,1,0,1,0,0.35185185185185186,308.45321998470473,1
39,1,0,0,0,0,0,1,0,1,0,0,1,1,1,0,0,1,1,0,1,0,1,1,1,0,0,0,0,0,0,0,0,1,0,1,1,0,1,1,0,1,1,0,0,1,0,0,1,1,0,0,1,0,1,0.3148148148148148,444.2334892422297,1
40,0,0,1,1,1,1,0,1,0,1,1,0,0,0,1,0,0,0,1,1,1,0,1,0,1,0,1,1,1,1,1,1,0,1,0,0,1,1,0,1,0,1,1,1,0,0,1,0,0,1,1,1,1,0,0.4444444444444444,310.82755261488796,1
41,0,1,0,0,0,0,1,0,1,1,0,1,1,1,0,0,1,1,0,1,0,1,1,1,0,1,0,0,0,0,0,0,1,0,1,1,0,1,1,0,1,1,0,0,1,0,0,1,1,0,0,0,0,1,0.35185185185185186,368.5464514354066,1
42,0,0,1,1,1,1,0,1,0,1,1,0,0,0,1,0,0,0,1,1,1,0,1,0,1,0,1,1,1,1,1,1,0,1,0,0,1,1,0,1,0,1,1,1,0,1,1,0,0,1,1,0,1,0,0.4444444444444444,309.29350185883186,1
43,0,0,1,1,1,1,0,1,0,1,1,0,0,0,1,0,0,0,1,1,1,0,1,0,0,0,1,1,1,1,0,1,0,1,0,0,1,1,0,1,0,1,1,1,0,1,1,0,0,1,1,0,1,0,0.3333333333333333,301.8344557785811,1
44,1,0,1,1,1,1,0,1,0,1,1,0,0,0,1,1,0,0,1,1,1,0,1,0,1,0,1,1,1,1,1,1,1,1,0,0,1,0,0,1,1,1,1,1,0,1,1,0,0,1,1,0,1,0,0.35185185185185186,366.4034650370573,1
45,0,0,1,1,1,1,0,1,0,1,1,0,0,0,1,0,0,0,1,1,1,0,1,0,1,0,1,1,1,1,1,1,0,1,0,0,0,1,0,1,0,1,1,1,0,1,1,0,0,1,1,0,1,0,0.4074074074074074,309.4993439194722,1
46,0,1,0,0,0,0,1,0,1,0,0,1,1,1,0,1,1,1,0,1,0,1,1,1,0,1,0,0,0,0,0,0,1,0,1,1,0,1,1,0,1,1,0,0,1,0,0,1,0,0,0,1,0,1,0.35185185185185186,371.78778842641844,1
47,0,0,1,1,1,1,0,1,0,1,1,0,0,0,1,1,0,0,1,1,1,0,1,0,1,0,1,1,1,1,1,1,0,1,0,0,0,1,0,1,0,1,1,1,0,1,1,0,0,1,1,0,1,0,0.4074074074074074,314.3831670544506,1
48,1,1,0,0,0,0,1,0,1,0,0,1,1,1,0,1,1,1,0,1,0,1,1,1,0,0,0,0,0,0,0,0,1,0,1,1,0,1,1,0,1,1,0,0,0,0,0,1,1,0,0,1,0,1,0.37037037037037035,318.5086223808064,1
49,1,0,0,0,0,0,1,0,1,0,0,1,1,1,0,1,1,1,0,1,0,1,1,1,0,1,0,0,0,0,0,0,1,0,1,1,0,1,1,0,1,1,0,0,1,0,0,1,1,0,0,0,0,1,0.35185185185185186,374.19415125281336,1
50,1,0,1,1,1,1,0,1,0,1,1,0,0,0,1,0,0,0,1,1,1,0,1,0,1,0,1,1,1,1,1,1,0,1,0,0,1,1,0,1,0,1,1,1,0,1,1,0,0,1,1,0,1,0,0.4444444444444444,312.70351887582194,1
51,1,1,0,0,0,0,1,0,1,0,0,1,1,1,0,1,1,1,0,1,0,1,1,1,0,1,0,0,0,0,1,0,1,0,1,1,0,1,1,0,1,1,0,0,1,0,0,1,1,0,0,1,1,1,0.37037037037037035,438.97017232480727,1
52,1,0,0,0,0,0,1,0,1,0,0,1,1,1,0,0,1,1,0,1,0,1,1,1,0,1,0,0,0,0,1,0,1,0,1,1,0,1,1,0,1,1,0,0,1,0,0,1,1,0,0,1,0,1,0.37037037037037035,433.52546494815255,1
53,0,0,1,1,1,1,0,1,0,1,1,0,0,0,1,1,0,0,1,1,1,0,1,0,1,0,1,1,1,1,1,1,0,1,0,0,1,1,0,1,0,1,1,1,0,1,1,0,0,1,1,0,1,0,0.4074074074074074,311.556307373275,1
54,1,0,1,1,1,1,0,1,0,1,1,0,0,0,0,0,0,0,1,1,1,0,1,0,1,0,1,1,1,1,1,0,0,1,0,0,1,1,0,1,0,1,1,1,0,1,1,0,0,1,1,0,1,0,0.37037037037037035,277.4811796041679,1
55,0,0,1,1,1,1,0,1,0,1,1,0,0,0,1,0,0,0,1,1,1,0,1,0,1,0,1,1,1,1,1,0,0,1,0,0,1,1,0,1,0,1,1,1,0,1,1,0,0,1,0,0,1,0,0.4074074074074074,326.1063570762827,1
56,1,0,1,1,1,1,0,1,0,1,1,0,0,0,1,1,0,0,1,1,1,0,1,0,1,0,1,1,1,1,1,1,0,1,0,0,1,0,0,1,0,1,1,1,0,1,1,0,0,1,1,0,1,0,0.35185185185185186,329.1039241478549,1
57,0,1,0,0,0,0,1,0,1,0,0,1,1,1,0,0,1,1,0,0,0,1,1,1,0,1,0,0,0,0,0,0,1,0,1,1,0,1,1,0,1,1,0,0,1,0,0,1,1,0,0,0,0,1,0.3333333333333333,394.08718068017555,1
58,0,0,1,0,1,1,0,1,0,1,1,0,0,0,1,1,0,0,1,1,1,0,0,0,1,0,1,1,1,1,0,1,0,1,0,0,1,1,0,1,0,1,1,1,0,1,1,0,0,1,1,0,1,0,0.4074074074074074,287.0454479277648,1
59,1,1,0,0,0,0,1,0,1,0,0,1,1,1,0,1,1,1,0,1,0,1,1,0,0,0,0,0,0,0,0,0,1,0,1,1,0,1,1,0,1,1,0,0,1,0,0,1,1,0,0,0,0,1,0.3333333333333333,404.59790068744184,1
60,0,0,1,1,1,1,0,1,0,1,1,0,0,0,1,1,0,0,1,1,1,0,0,0,1,1,1,1,1,1,1,1,0,1,0,0,1,1,0,1,0,1,1,1,0,1,1,0,0,1,1,0,1,0,0.35185185185185186,306.32467463936297,1
61,1,0,1,1,1,1,0,1,0,1,1,0,0,0,1,0,0,0,1,1,1,0,1,0,1,0,1,1,1,1,1,1,0,1,0,0,1,1,0,1,0,1,1,1,0,1,1,0,0,1,1,0,1,0,0.42592592592592593,312.70351887582194,1
62,0,0,1,1,1,1,0,1,0,1,1,0,0,0,1,0,0,0,1,1,1,0,1,0,1,0,1,0,1,1,1,1,1,1,0,0,1,1,0,1,0,1,1,1,0,1,1,0,0,1,1,0,1,0,0.4074074074074074,361.7294279679141,1
63,0,0,1,1,1,1,0,1,0,1,1,0,0,0,1,1,0,0,1,1,1,0,1,0,0,0,1,1,1,1,1,1,0,1,0,0,1,0,0,1,0,1,1,1,0,1,1,0,0,1,1,1,1,0,0.37037037037037035,309.84999427164587,1
64,1,1,0,0,0,0,1,0,1,0,0,1,1,1,0,0,1,1,0,1,0,1,1,0,0,1,0,0,0,1,0,0,1,0,1,1,0,1,1,0,0,1,0,0,1,0,0,1,1,0,0,1,0,1,0.35185185185185186,482.4594866993668,1
65,1,1,0,0,0,0,1,0,1,0,0,1,1,1,0,0,1,1,0,1,0,1,1,1,0,1,0,0,0,0,0,0,1,0,1,1,0,1,1,0,1,1,0,0,1,0,0,1,1,0,0,1,0,1,0.37037037037037035,383.36529909883967,1
66,1,0,1,1,1,1,0,1,0,1,1,0,0,0,1,0,0,0,1,0,1,1,1,0,0,0,1,1,1,1,1,1,0,1,0,0,1,1,0,1,0,1,1,1,0,1,1,0,0,1,1,0,1,0,0.4074074074074074,302.5359761800012,1
67,0,0,1,1,1,1,0,1,0,1,1,0,0,0,1,0,0,0,1,1,1,0,1,0,0,0,1,0,1,1,1,1,0,1,0,0,1,1,0,1,0,1,1,1,0,1,1,0,0,1,1,0,1,0,0.3888888888888889,305.8397116746313,1
68,0,0,1,1,1,1,0,1,0,1,1,0,0,0,0,1,0,0,1,0,1,0,1,0,1,0,1,1,1,1,0,1,0,1,0,0,1,1,0,1,0,1,1,1,0,1,1,0,0,1,1,0,1,0,0.3148148148148148,289.15624373831764,1
69,1,0,1,1,1,1,0,1,0,1,1,0,0,0,0,0,0,0,1,1,1,0,1,0,0,0,1,1,1,1,1,0,0,1,0,0,1,0,0,1,0,1,1,1,1,1,1,0,0,1,1,0,0,0,0.2777777777777778,300.7112857035912,1
70,1,0,1,1,1,1,0,1,0,1,1,0,0,0,1,0,0,0,1,0,1,0,1,0,0,0,1,1,1,1,1,1,0,1,0,0,1,1,0,1,0,1,1,1,0,1,1,0,0,1,0,0,1,0,0.37037037037037035,279.50947291733075,1
71,1,1,0,0,0,0,1,0,1,0,0,1,1,1,0,0,1,1,1,1,0,1,1,1,0,1,0,0,0,0,0,0,1,0,1,1,0,1,1,0,1,0,0,0,1,0,0,1,1,0,0,0,0,1,0.3333333333333333,323.27656370601306,1
72,0,0,1,1,1,1,0,1,0,1,1,0,0,0,1,1,0,0,1,1,1,0,1,0,0,0,1,1,1,1,1,1,0,1,0,0,1,1,0,1,0,1,1,1,0,1,1,0,0,1,1,0,1,0,0.4074074074074074,307.93818051376735,1
73,0,0,1,1,1,1,0,1,0,1,1,0,0,0,1,0,0,0,1,1,1,0,1,0,1,0,1,1,1,1,1,1,1,1,0,0,1,1,0,1,0,1,1,1,0,1,1,0,0,1,1,0,1,0,0.3888888888888889,372.17468223600866,1
74,0,0,1,1,1,1,0,1,0,1,1,0,0,0,1,0,0,0,1,0,1,0,1,0,0,0,1,1,1,1,1,1,0,1,0,0,1,1,0,1,0,1,1,1,0,0,1,0,0,1,1,0,1,0,0.35185185185185186,294.13943469819003,1
75,0,1,0,0,0,0,1,0,1,0,0,1,1,1,0,1,1,1,0,1,0,1,1,1,0,1,0,0,0,0,0,0,1,0,1,1,0,1,1,0,1,1,0,0,1,0,0,1,1,0,0,0,0,1,0.3888888888888889,366.95207161147465,1
76,0,0,1,1,1,1,0,1,0,0,1,0,0,0,1,0,0,0,1,0,1,0,0,0,0,0,1,1,1,1,1,0,0,1,0,0,1,1,0,1,0,1,1,1,0,1,1,0,0,1,1,0,1,0,0.37037037037037035,282.3687296736295,1
77,1,0,1,1,1,1,0,1,0,1,1,0,0,0,0,0,0,0,1,0,1,0,1,0,1,0,1,1,1,1,1,0,0,1,0,0,1,1,0,1,0,1,1,1,0,1,1,0,0,1,1,0,0,0,0.35185185185185186,251.2933818935684,1
78,0,1,1,1,1,1,0,1,0,1,1,0,0,0,0,1,0,0,1,1,1,0,1,0,1,0,1,1,1,1,1,1,0,1,0,0,1,1,0,1,0,1,1,1,0,1,1,0,0,1,1,0,1,0,0.46296296296296297,297.59332222213254,1
79,1,0,1,1,1,1,0,1,0,0,1,0,0,0,1,0,0,0,1,0,1,0,1,0,0,0,1,1,1,1,1,0,0,0,0,0,1,1,0,1,0,1,1,1,0,1,1,0,0,1,1,0,1,0,0.35185185185185186,280.15984890092057,1
80,0,0,1,1,1,1,0,1,0,1,1,0,0,0,1,0,0,0,1,1,1,0,1,0,0,0,1,1,1,1,1,1,0,1,0,0,1,1,0,1,0,1,1,1,0,1,1,0,0,1,1,0,1,0,0.42592592592592593,308.177026195769,1
81,0,0,1,1,1,1,0,1,0,1,1,0,0,0,1,0,0,0,1,1,1,0,1,0,1,0,1,1,1,0,1,0,0,1,0,0,1,1,0,1,1,1,1,1,0,1,1,0,0,1,1,0,1,0,0.42592592592592593,311.50116500692553,1
82,1,1,0,0,0,0,1,0,1,0,0,1,1,1,0,1,1,1,0,0,0,1,1,1,0,1,0,0,0,0,0,0,1,0,1,1,0,1,1,0,1,1,0,0,1,0,0,1,1,0,0,0,0,1,0.4074074074074074,367.750371216989,1
83,0,0,1,1,1,1,0,1,0,1,1,0,0,0,1,0,0,0,1,1,1,0,1,0,1,0,1,1,1,1,1,0,0,1,0,0,0,1,0,1,0,1,0,1,0,0,1,0,0,1,1,1,1,0,0.3148148148148148,314.3809578672517,1
84,0,0,1,1,1,1,0,1,0,1,1,0,0,0,1,1,0,0,1,1,1,0,1,0,1,0,1,1,1,1,1,1,0,1,0,0,1,1,0,1,0,1,1,1,0,1,1,0,0,1,1,0,1,0,0.4444444444444444,311.556307373275,1
85,1,0,1,1,1,1,0,1,0,1,1,0,0,0,1,1,0,0,1,1,1,0,0,0,0,0,1,1,1,0,1,1,0,1,0,0,1,1,0,1,0,1,1,1,0,1,1,0,0,1,1,0,1,0,0.42592592592592593,288.00323657965134,1
86,1,0,1,1,1,1,0,1,0,1,1,0,0,0,1,0,0,0,1,0,1,0,1,0,0,0,1,1,1,1,1,1,0,1,0,0,0,1,0,1,0,1,1,1,0,1,1,0,0,1,1,0,1,0,0.37037037037037035,295.5527757707091,1
87,0,1,0,0,0,0,1,0,1,1,0,1,1,1,0,0,1,1,0,1,0,1,1,1,0,1,0,0,0,0,0,1,1,0,1,1,0,1,1,0,1,1,0,0,0,0,0,1,1,0,0,0,1,1,0.35185185185185186,360.86431389121833,1
88,1,1,0,0,0,0,1,0,1,0,0,1,0,1,0,0,1,1,0,1,0,1,1,1,0,0,0,0,0,0,0,0,1,0,1,1,0,1,1,0,1,1,0,0,0,0,0,1,1,0,0,1,0,1,0.3333333333333333,330.9812690058691,1
89,0,0,1,1,1,1,0,1,0,1,1,0,0,0,1,1,0,0,1,1,1,0,1,0,0,0,1,1,1,1,1,1,0,1,0,0,1,1,0,1,0,1,1,1,0,1,1,0,0,1,1,0,1,0,0.4444444444444444,307.93818051376735,1
90,1,0,1,1,1,1,0,1,0,1,1,0,0,0,1,0,0,0,1,1,1,0,1,0,0,0,1,1,1,1,1,0,0,1,0,0,1,1,0,1,0,1,1,1,0,1,1,0,0,1,1,0,1,0,0.4074074074074074,301.54300937332766,1
91,0,0,1,1,1,1,0,1,0,1,1,0,0,0,1,0,0,0,1,1,1,0,1,0,1,0,1,1,1,1,1,1,0,1,0,0,1,1,0,1,0,1,1,1,0,1,1,0,0,1,1,0,1,0,0.46296296296296297,309.29350185883186,1
92,0,0,1,1,1,1,0,1,0,1,1,0,0,0,1,1,0,0,1,1,1,0,1,0,0,0,1,1,1,1,1,1,0,1,0,0,1,1,0,1,0,1,0,1,0,1,1,0,0,1,1,0,0,0,0.35185185185185186,303.56612486877384,1
93,0,0,1,1,1,1,0,1,0,1,1,0,0,0,1,1,0,0,1,0,1,0,0,0,1,0,1,1,1,1,0,1,0,1,0,0,1,1,0,1,0,1,0,1,0,1,1,0,0,1,1,0,1,0,0.3333333333333333,274.79343570718817,1
94,0,0,1,1,1,1,0,1,0,1,1,0,0,0,1,1,0,0,1,0,1,0,1,0,1,0,1,1,1,1,0,1,0,1,1,0,1,1,0,1,0,1,1,1,0,1,1,0,0,1,1,0,1,0,0.4074074074074074,297.2952755299849,1
95,0,0,1,1,1,1,0,1,0,1,1,0,0,0,0,0,0,0,1,1,1,0,1,0,0,0,1,1,1,1,1,0,0,1,0,0,1,1,0,1,0,1,1,1,0,1,1,0,0,1,1,0,1,0,0.37037037037037035,284.72362521223477,1
96,0,0,1,1,1,1,0,1,0,1,1,0,0,0,1,0,0,0,1,1,1,0,1,0,1,0,1,1,1,1,1,1,0,1,0,0,0,1,0,1,0,1,1,1,0,1,1,0,0,1,1,0,0,0,0.3148148148148148,307.4300006162021,1
97,1,1,0,0,0,0,1,0,1,0,0,1,1,1,0,0,1,1,0,1,0,1,1,1,0,1,0,0,0,0,0,0,1,0,1,1,0,1,1,0,1,1,0,0,0,0,0,1,1,0,0,1,0,1,0.35185185185185186,318.595984803326,1
98,1,0,1,1,1,1,0,1,0,1,1,0,0,0,1,1,0,0,1,0,1,0,1,0,0,0,1,0,1,1,0,1,0,1,0,0,1,1,0,1,0,1,1,1,0,1,1,0,0,1,1,0,1,0,0.42592592592592593,291.47367357518806,1
99,1,0,1,1,1,1,0,1,0,1,1,0,0,0,1,0,0,0,1,0,1,0,0,0,1,0,1,1,1,1,1,0,0,1,0,0,1,0,0,1,0,1,1,1,0,1,1,0,0,1,1,0,1,0,0.35185185185185186,268.93080990276866,1
