,0,1,2,3,4,5,6,7,8,9,10,11,12,13,14,15,16,17,18,19,20,21,22,23,24,25,26,27,28,29,30,31,32,33,34,35,36,37,38,39,40,41,42,43,44,45,46,47,48,49,50,51,52,53,chain_break_fraction,energy,num_occurrences
0,0,0,1,0,0,1,1,0,1,1,1,0,0,0,1,0,0,1,1,0,1,0,0,0,0,1,1,1,1,0,1,0,0,0,1,0,0,1,1,0,1,0,0,1,0,1,0,0,0,1,0,1,1,1,0.2777777777777778,407.10428313904976,1
1,0,0,1,0,0,1,0,0,1,1,1,0,0,0,1,0,0,1,1,0,1,0,0,0,0,1,1,1,1,0,1,0,0,0,1,0,0,1,1,0,1,0,0,1,0,1,0,0,1,1,0,1,1,1,0.3333333333333333,375.97357467484653,1
2,0,0,1,0,0,1,0,0,1,1,1,0,0,0,1,0,1,1,1,0,1,0,0,0,0,0,1,1,1,0,1,0,0,0,1,0,0,1,1,0,1,0,0,1,0,1,0,0,0,1,0,1,1,1,0.3148148148148148,401.51305187968086,1
3,0,1,1,0,0,1,1,0,1,1,1,0,0,0,1,0,1,1,1,0,1,0,0,0,0,1,1,1,1,0,0,0,1,0,1,0,0,1,1,0,1,0,0,1,0,0,0,1,1,1,0,1,1,1,0.3333333333333333,431.3144122093305,1
4,1,1,0,1,1,0,1,1,1,0,0,1,0,1,0,1,0,0,0,1,0,1,1,1,1,0,0,0,0,1,0,1,0,1,0,1,1,0,0,1,0,1,1,0,1,0,1,1,1,0,1,0,0,1,0.25925925925925924,447.52927088739494,1
5,0,0,1,0,0,0,0,0,1,1,1,0,0,0,1,0,1,1,1,0,1,0,0,0,0,1,1,1,1,0,0,0,0,0,1,0,0,1,1,0,1,0,0,1,0,0,0,1,0,1,0,1,1,1,0.2962962962962963,340.2488701395926,1
6,0,0,1,0,0,1,1,0,1,1,1,0,0,0,1,0,0,1,1,0,1,0,0,0,0,1,1,1,1,0,1,0,0,0,1,0,0,1,1,0,1,1,0,1,0,0,0,0,0,1,0,1,1,1,0.2962962962962963,389.6875124686069,1
7,0,0,1,0,0,1,1,1,1,1,1,0,1,0,1,0,0,1,1,0,1,0,0,0,0,1,1,1,1,0,1,0,1,0,1,0,0,1,1,0,1,0,0,1,0,1,0,1,0,1,0,1,1,1,0.3333333333333333,391.0347759283971,1
8,0,0,1,0,0,1,1,0,1,1,1,0,0,0,1,0,1,1,1,0,1,0,0,0,0,1,1,1,1,0,0,0,0,0,1,0,0,1,1,0,1,0,0,1,0,1,1,1,0,1,0,1,1,1,0.2777777777777778,408.501220579696,1
9,0,0,1,0,0,1,1,0,1,1,1,0,0,0,1,0,1,1,1,0,1,0,0,0,0,1,1,1,1,0,0,0,0,0,1,0,0,0,1,0,1,0,0,1,0,1,0,1,0,1,0,1,1,1,0.3148148148148148,461.84662646562214,1
10,1,1,0,1,1,0,0,1,1,0,0,1,1,1,0,1,0,0,0,1,0,1,1,1,1,0,0,0,0,1,0,1,0,0,0,1,1,0,0,1,0,1,1,0,1,0,1,1,0,0,1,0,0,1,0.2962962962962963,407.7544295323025,1
11,1,1,0,1,1,0,1,1,1,0,0,1,0,1,0,1,1,0,0,1,0,1,1,1,1,0,0,0,0,1,0,1,0,1,0,1,0,0,0,1,0,1,1,0,1,0,1,1,0,0,1,0,0,1,0.3148148148148148,396.4891823383309,1
12,1,1,1,0,1,0,1,1,1,0,0,1,1,1,0,1,0,0,0,1,0,1,1,1,1,0,0,0,0,1,1,1,0,1,0,1,1,0,0,1,0,1,1,0,1,0,1,1,1,0,1,0,0,1,0.24074074074074073,429.73796706062984,1
13,0,0,1,0,0,1,1,0,1,1,1,0,0,0,1,0,0,1,1,0,1,0,0,0,0,1,1,1,1,0,0,1,0,0,1,0,0,1,1,0,1,0,0,1,0,1,0,1,1,1,0,1,1,1,0.2962962962962963,362.99090024615936,1
14,1,1,0,1,1,0,1,1,1,0,0,1,0,1,0,1,1,0,0,1,0,1,1,1,1,0,0,0,0,1,0,1,0,0,0,1,1,1,0,1,0,1,1,0,1,0,1,1,1,0,1,0,0,1,0.2962962962962963,451.4414314039616,1
15,0,0,1,0,0,1,1,0,1,0,1,0,1,0,1,0,1,1,1,0,1,0,0,0,0,1,1,1,1,0,1,0,0,0,1,0,0,1,1,0,1,0,0,1,0,0,0,1,0,1,0,1,1,1,0.2777777777777778,428.7291583011602,1
16,0,0,1,0,0,1,1,0,1,1,1,0,0,0,1,0,0,1,1,0,1,0,0,0,0,1,1,1,1,0,1,0,0,0,1,0,1,1,1,0,1,0,0,1,0,1,0,1,1,1,0,1,1,1,0.3333333333333333,362.7772058473015,1
17,1,1,0,0,1,0,0,1,1,0,0,1,0,1,0,1,1,0,0,1,0,1,1,1,1,0,0,0,0,1,1,1,1,0,0,1,1,0,0,1,0,1,1,0,1,0,1,1,1,0,1,0,0,1,0.3148148148148148,598.6267114147845,1
18,0,0,1,0,0,1,1,1,1,1,1,0,0,0,1,0,0,1,1,0,1,0,0,0,0,1,1,1,1,0,0,0,1,0,1,0,1,1,1,0,1,0,0,1,0,1,0,1,0,1,0,1,1,1,0.3333333333333333,379.93224291636494,1
19,1,1,0,0,1,0,1,1,1,0,0,1,0,1,0,1,0,0,0,1,0,1,1,1,1,0,0,0,0,1,0,1,1,0,0,1,1,0,0,1,0,1,1,0,1,1,1,1,1,0,1,0,0,1,0.25925925925925924,607.3451209999234,1
20,0,1,1,0,0,1,1,0,1,1,1,0,1,0,1,0,1,1,1,0,1,0,0,0,0,1,1,1,1,0,0,0,1,0,1,0,0,1,1,0,1,0,0,1,0,1,0,1,0,1,0,1,1,1,0.3333333333333333,451.760466245228,1
21,0,0,1,0,0,1,1,0,1,1,1,0,0,0,1,0,1,1,1,0,1,0,0,0,0,1,1,1,1,0,1,0,0,0,1,0,1,1,1,0,1,0,0,1,0,1,0,1,0,1,0,1,1,1,0.35185185185185186,403.72677814134016,1
22,0,0,1,0,0,1,1,0,1,1,1,0,1,0,1,0,1,1,1,0,1,0,0,0,0,1,1,1,1,0,1,0,0,0,1,0,0,1,1,0,1,0,0,1,0,1,0,0,0,1,0,1,1,1,0.35185185185185186,503.22290889744903,1
23,0,0,1,0,0,1,1,0,1,1,1,0,0,0,1,0,1,1,1,0,1,0,0,0,0,1,1,1,1,0,0,0,0,1,1,0,0,1,1,0,1,0,0,1,0,1,0,1,1,1,0,1,1,1,0.3333333333333333,406.8511939995782,1
24,1,1,0,1,1,0,0,1,1,0,0,1,0,1,0,1,1,0,0,1,0,1,1,1,1,0,0,0,0,1,0,1,0,1,0,1,0,0,0,1,0,0,1,0,1,0,1,1,0,0,1,0,0,1,0.2962962962962963,342.68759935426596,1
25,0,0,1,0,0,1,1,0,1,1,1,0,0,0,1,0,0,1,1,0,1,0,0,0,1,1,1,1,1,0,1,0,0,0,1,0,0,1,1,0,1,0,0,1,0,1,1,1,0,1,0,1,1,1,0.2777777777777778,374.6659419154919,1
26,1,1,0,1,1,0,0,1,1,0,0,1,0,1,0,1,0,0,0,1,0,0,1,1,1,0,0,0,0,1,1,1,1,0,0,1,0,0,0,1,0,1,1,0,1,0,1,1,1,0,1,0,0,1,0.2777777777777778,603.2034256523564,1
27,1,1,0,1,1,0,0,1,1,0,0,1,0,1,0,1,0,0,0,1,0,1,1,1,1,0,0,0,0,1,1,1,0,1,0,1,1,0,0,1,0,1,1,0,1,0,1,1,0,0,1,0,0,0,0.3148148148148148,354.24406097894047,1
28,0,0,1,0,0,1,0,0,1,1,1,0,0,0,1,0,0,1,1,0,1,0,0,0,0,1,1,1,1,0,0,0,0,0,1,0,1,1,1,0,1,0,0,1,0,1,0,1,0,1,0,1,1,1,0.3148148148148148,368.97256912215784,1
29,0,0,1,0,0,1,1,0,1,1,1,0,1,0,1,0,1,1,1,0,1,0,0,0,0,1,1,0,1,0,1,0,0,0,1,0,1,1,1,0,1,0,0,1,0,1,0,0,1,1,0,1,1,1,0.35185185185185186,478.71653739586304,1
30,0,0,1,0,0,1,1,0,1,1,1,0,0,0,1,0,1,1,1,0,1,0,0,0,0,0,1,1,1,0,1,0,0,1,1,0,1,1,1,0,1,0,0,1,0,1,0,1,1,1,0,1,1,1,0.3148148148148148,375.4639589644479,1
31,0,0,1,0,0,1,1,0,1,1,1,0,0,0,1,0,1,1,1,0,1,0,0,0,0,1,1,0,1,0,1,0,0,1,1,0,0,1,1,0,1,0,0,1,0,0,0,0,0,1,0,1,1,1,0.2962962962962963,496.6512224022564,1
32,1,0,0,1,1,0,0,1,1,0,0,1,0,1,0,1,0,0,0,1,0,1,1,1,1,0,0,0,0,1,1,1,0,0,0,1,1,0,0,1,0,1,1,0,1,0,1,1,0,0,1,0,0,1,0.3148148148148148,481.2791440200362,1
33,0,1,1,0,0,1,1,0,1,1,1,0,1,0,1,0,1,1,1,0,1,0,0,0,0,1,1,1,1,0,0,0,0,1,1,0,0,1,1,0,1,0,0,1,0,1,0,1,0,1,0,1,1,1,0.35185185185185186,494.74623376467645,1
34,0,1,1,0,0,1,0,0,1,1,1,0,1,0,1,0,0,1,1,0,1,0,0,0,0,1,1,1,1,0,0,0,1,0,1,0,1,1,1,0,1,0,0,1,0,1,0,1,1,1,0,1,1,1,0.3333333333333333,400.53514864126896,1
35,0,0,1,0,0,1,1,0,1,1,1,0,0,0,1,0,1,1,1,0,1,0,0,0,0,1,1,1,1,0,0,0,0,1,1,0,1,0,1,0,1,0,0,1,0,0,0,0,0,1,0,1,1,1,0.3148148148148148,523.9364825443638,1
36,1,1,0,1,1,0,1,1,1,0,0,1,0,1,0,1,1,0,0,1,0,1,1,1,1,0,0,0,0,1,0,1,1,0,0,1,0,0,0,1,0,1,1,0,1,0,1,1,0,0,1,0,0,1,0.3148148148148148,463.4694500001072,1
37,1,0,0,1,1,1,1,1,1,0,0,1,0,1,0,1,0,0,0,1,0,1,1,1,1,0,0,0,0,1,1,1,0,1,0,1,1,0,0,1,0,1,1,0,1,0,1,1,0,0,1,0,0,1,0.2962962962962963,444.1799180668911,1
38,1,0,0,0,1,0,1,1,1,0,0,1,1,1,0,1,0,0,0,1,0,1,1,1,1,0,0,0,0,1,1,1,0,1,0,1,0,0,0,1,0,0,1,0,1,1,1,1,0,0,1,0,0,1,0.2777777777777778,367.4241083048222,1
39,0,1,1,0,0,1,1,0,1,1,1,0,0,0,1,0,1,1,1,0,1,0,0,0,0,1,1,1,1,0,1,0,0,1,1,0,0,1,1,0,1,0,0,1,0,1,0,0,1,1,0,1,1,1,0.3888888888888889,489.17349902768376,1
40,1,1,0,1,1,1,1,1,1,0,0,1,1,1,0,1,0,0,0,1,0,1,1,1,1,0,0,0,0,1,0,1,0,0,0,1,1,0,0,1,0,1,1,0,1,0,1,1,1,0,1,0,0,1,0.3148148148148148,411.2235235981642,1
41,0,0,1,0,0,1,0,0,1,0,1,0,1,0,1,1,1,1,1,0,1,0,0,0,0,1,1,1,1,0,1,0,0,0,1,0,0,1,1,0,1,0,0,1,0,0,0,1,1,1,0,1,1,1,0.2777777777777778,425.20231000615786,1
42,0,0,1,0,0,1,0,0,1,1,1,0,0,0,1,0,0,1,1,0,1,0,0,0,0,1,1,0,1,0,1,0,1,0,1,0,0,1,1,0,1,0,0,1,0,1,0,1,1,1,0,1,1,1,0.3148148148148148,378.7126909958244,1
43,0,1,1,0,0,1,1,0,1,1,1,0,0,0,1,0,0,1,1,0,1,0,0,0,0,1,1,1,1,0,0,0,1,1,1,0,0,1,1,0,1,0,0,1,0,0,0,1,1,1,0,1,1,1,0.37037037037037035,392.5756824885533,1
44,0,1,1,0,0,0,1,1,1,1,1,0,0,0,1,0,1,1,1,0,1,0,0,0,0,1,1,1,1,0,0,0,1,1,1,0,0,1,1,0,1,0,0,1,0,0,0,1,1,1,0,1,1,1,0.35185185185185186,370.94799233700166,1
45,0,0,1,0,0,1,0,0,1,1,1,0,0,0,1,0,1,1,1,0,1,0,0,0,0,1,1,1,1,0,0,0,0,0,1,0,0,1,1,0,1,0,0,1,0,1,0,0,0,1,0,1,1,1,0.2962962962962963,473.0511592400997,1
46,1,1,0,0,1,0,0,1,1,0,1,1,0,1,0,1,1,0,0,1,0,1,1,1,1,0,0,0,0,1,0,1,1,1,0,1,0,0,0,1,0,1,1,0,1,0,1,1,0,0,1,0,0,1,0.3148148148148148,504.35634569764505,1
47,1,1,0,1,1,0,0,1,1,0,0,1,0,1,0,1,1,0,0,1,0,1,1,1,1,0,0,0,0,1,0,1,1,0,0,1,1,0,0,0,0,1,1,0,1,0,1,1,1,0,1,0,1,1,0.2962962962962963,582.5105210801636,1
48,1,1,0,0,1,0,0,1,1,0,0,1,0,1,0,1,1,0,1,1,0,1,1,1,1,0,0,0,0,1,0,1,0,1,0,1,1,0,0,1,0,1,1,0,1,0,1,1,1,0,1,0,0,1,0.3148148148148148,455.6678993235462,1
49,1,1,0,1,1,0,1,1,1,0,0,1,0,1,0,1,0,0,1,1,0,1,1,1,1,0,0,0,0,1,0,1,0,0,0,1,0,0,0,1,0,1,1,0,1,0,1,1,1,0,1,0,0,1,0.2962962962962963,394.8588927599248,1
50,0,0,1,1,0,0,1,0,1,1,1,0,0,0,1,0,0,1,0,0,1,0,0,0,0,1,1,1,1,0,1,0,0,0,1,0,0,1,1,0,1,0,0,1,0,0,0,0,0,1,0,1,1,1,0.2777777777777778,315.92075529755016,1
51,0,1,0,1,1,0,0,1,1,0,0,1,0,1,0,1,0,0,0,1,0,1,1,1,1,0,0,0,0,1,0,1,1,0,0,1,1,1,0,1,0,1,1,0,1,0,1,1,0,0,1,0,0,1,0.2777777777777778,649.5982476879526,1
52,0,1,1,0,0,1,1,0,1,1,1,0,1,0,1,0,0,1,1,0,1,0,0,0,0,1,1,1,1,0,0,0,0,0,1,0,1,0,1,0,1,0,0,1,0,1,0,0,0,1,0,1,1,1,0.35185185185185186,557.4676304749044,1
53,0,0,1,0,0,1,1,1,1,1,1,0,0,0,1,0,1,1,1,0,1,0,0,0,0,0,1,1,1,0,1,0,0,0,1,0,0,1,1,0,1,0,0,1,0,0,0,1,0,1,0,1,1,1,0.3888888888888889,420.16665227829867,1
54,1,1,0,1,1,0,1,1,1,0,0,1,1,1,0,1,0,0,0,1,0,1,1,1,1,0,0,0,0,1,0,1,0,1,0,1,0,0,0,1,0,1,1,0,1,0,1,1,1,0,1,0,0,1,0.3333333333333333,413.07210430148024,1
55,0,0,1,1,0,1,1,0,1,1,1,0,0,0,1,0,1,1,1,0,1,0,0,0,0,1,1,1,1,0,1,0,0,1,1,0,0,1,1,0,1,0,0,1,0,0,0,0,1,1,0,1,1,1,0.3148148148148148,481.4172051402339,1
56,0,0,1,0,0,1,1,0,1,1,1,0,0,0,1,0,1,1,1,0,1,0,0,0,0,1,1,1,1,0,0,0,0,1,1,0,0,1,1,0,1,0,0,1,0,0,0,1,0,1,0,1,1,1,0.3148148148148148,431.97795424555335,1
57,1,0,0,1,1,0,0,1,1,0,0,1,0,1,0,0,1,0,0,1,0,1,1,1,1,0,0,0,0,1,0,1,0,0,0,1,0,0,0,1,0,1,1,0,1,0,1,1,0,0,1,0,0,1,0.2777777777777778,420.16634795926046,1
58,1,1,0,0,1,0,1,1,1,0,0,1,0,1,0,1,0,0,0,1,0,1,1,1,0,0,0,0,0,1,0,1,1,0,0,1,0,0,0,1,0,1,1,0,1,0,1,1,1,0,1,0,0,1,0.25925925925925924,567.8163369561063,1
59,1,1,0,1,1,0,0,1,1,0,0,1,1,1,0,1,0,0,0,1,0,1,1,1,1,1,0,0,0,1,0,1,0,0,0,1,1,0,0,1,0,1,1,0,1,0,1,1,0,0,1,0,0,1,0.3333333333333333,383.90415500712163,1
60,1,1,0,1,0,0,0,1,1,0,0,1,1,1,0,1,1,0,1,1,0,1,1,1,1,0,0,0,0,1,1,1,1,0,0,1,0,0,0,1,0,1,1,0,1,0,1,1,1,0,1,0,0,1,0.25925925925925924,543.756795947272,1
61,1,1,0,1,1,0,1,1,1,0,0,1,1,1,0,1,1,0,0,1,0,1,1,1,1,0,0,0,0,1,1,1,1,0,0,1,0,0,0,1,0,1,1,0,1,0,1,1,0,0,1,0,0,1,0.35185185185185186,471.71350912619386,1
62,1,1,0,1,1,1,1,1,1,0,0,1,1,1,0,1,0,0,0,1,0,1,1,1,1,0,0,0,1,1,0,1,1,0,0,1,0,0,0,1,0,1,1,0,1,1,1,1,0,0,1,0,0,1,0.3148148148148148,505.60052711575923,1
63,0,1,1,0,0,1,1,0,1,0,1,0,1,0,1,0,1,1,0,0,1,0,0,0,0,1,1,1,1,0,1,0,0,0,1,0,0,1,1,0,1,0,0,1,0,0,0,0,0,1,0,1,1,1,0.2962962962962963,533.3618281781291,1
64,0,0,1,0,0,1,1,0,1,1,1,0,0,0,1,0,0,1,1,0,1,0,0,0,0,1,1,0,1,0,1,0,0,0,1,0,1,1,1,0,1,0,0,1,0,1,0,0,0,1,0,1,1,1,0.3333333333333333,407.10428313904976,1
65,0,0,1,0,0,1,1,0,1,1,1,0,1,0,1,1,1,1,0,0,1,0,0,0,0,1,1,1,1,0,0,0,1,0,1,0,0,1,1,0,1,0,0,1,0,1,0,1,0,1,0,1,1,1,0.35185185185185186,416.2258364716543,1
66,1,1,0,1,1,1,0,1,1,0,0,1,0,1,0,1,0,0,0,1,0,1,1,1,1,0,0,0,0,1,0,1,0,1,0,1,1,0,0,1,0,1,1,0,1,1,0,1,1,0,1,0,0,0,0.2777777777777778,360.7405441676793,1
67,1,1,0,0,1,0,0,1,1,0,0,1,1,1,0,1,1,0,0,1,0,1,1,1,1,0,0,0,0,1,0,1,1,0,0,1,1,0,0,1,0,1,1,0,1,0,1,1,0,0,1,0,0,1,0.35185185185185186,510.564161192038,1
68,1,1,0,1,1,0,0,1,1,0,0,1,1,1,0,1,0,0,0,1,0,1,1,1,1,0,0,0,0,1,0,0,0,1,0,1,1,0,0,1,0,1,1,0,1,1,1,1,1,0,1,0,0,0,0.3333333333333333,337.99778193218816,1
69,1,1,0,1,1,0,0,1,1,0,0,1,0,1,0,1,1,0,0,1,0,1,1,1,1,0,0,0,0,1,0,1,1,0,0,1,0,0,0,1,0,1,1,0,1,1,1,1,1,0,1,0,0,1,0.3333333333333333,543.3614132052752,1
70,0,1,1,0,0,1,1,0,1,0,1,0,0,0,1,0,0,1,1,0,1,0,0,0,0,1,1,1,1,0,1,0,0,1,1,0,1,1,1,0,1,0,0,1,0,1,0,1,0,1,0,1,1,1,0.35185185185185186,376.88063890794723,1
71,0,0,1,0,0,1,0,0,1,1,1,0,0,0,1,0,0,1,1,0,1,0,0,0,0,1,1,1,1,0,0,0,0,1,1,0,0,1,1,0,1,0,0,1,0,0,0,1,1,1,0,1,1,1,0.3333333333333333,369.5997517094213,1
72,0,0,1,0,0,1,1,0,1,1,1,0,0,0,1,0,0,1,1,0,1,0,0,0,0,1,1,1,1,0,1,0,0,0,1,0,0,1,1,0,1,0,0,1,0,1,0,0,0,1,0,1,1,1,0.35185185185185186,407.10428313904976,1
73,0,0,1,0,0,0,0,0,1,1,1,0,0,0,1,1,1,1,1,0,1,0,0,0,0,1,1,1,1,0,1,0,0,0,1,0,0,1,1,0,1,0,0,1,0,0,0,1,0,1,0,1,1,1,0.3333333333333333,348.57562381978533,1
74,1,1,0,1,1,1,0,1,1,0,0,1,0,1,0,1,0,0,1,1,0,1,1,1,1,1,0,0,0,1,1,1,1,0,0,1,0,0,0,1,0,1,1,0,1,1,1,1,1,0,1,0,0,0,0.25925925925925924,409.7221919830004,1
75,1,1,0,1,1,0,0,1,1,0,0,1,0,1,0,1,0,0,0,1,0,1,1,1,1,0,0,0,0,1,0,1,0,1,0,1,1,0,0,1,0,1,1,0,1,0,0,1,0,0,1,0,0,1,0.37037037037037035,399.9239945029128,1
76,0,0,1,0,0,1,1,0,1,1,1,0,0,0,1,0,1,1,1,0,1,0,0,0,0,1,1,1,1,0,0,0,0,0,1,0,1,1,1,0,0,0,0,1,0,1,0,1,0,1,0,1,1,1,0.35185185185185186,443.65299545511397,1
77,0,0,1,1,0,0,0,0,1,1,1,0,0,0,1,0,1,1,1,0,1,0,0,0,0,1,1,0,1,0,1,0,0,0,1,0,1,1,1,0,1,0,0,1,0,0,0,0,1,1,0,1,1,1,0.2777777777777778,358.501461885529,1
78,1,1,0,1,1,0,1,1,1,0,0,1,1,1,0,1,0,0,0,1,0,1,1,1,1,1,0,0,0,1,0,1,0,0,0,1,0,0,0,1,0,1,1,0,1,0,1,1,1,0,1,0,0,0,0.3148148148148148,322.4759024663816,1
79,1,1,0,0,1,0,0,1,1,0,0,1,1,1,0,1,1,0,0,1,0,1,1,1,1,0,0,0,0,1,0,1,1,1,0,1,1,0,0,1,0,1,1,0,1,0,1,1,1,0,1,0,0,1,0.3333333333333333,576.5180099465024,1
80,1,1,0,1,1,0,1,1,1,0,0,1,0,1,0,1,1,0,0,1,0,1,1,1,1,0,0,0,0,1,0,1,0,0,0,1,1,0,0,1,0,1,1,0,1,1,0,1,1,0,1,0,0,0,0.3148148148148148,328.7309718047397,1
81,0,0,1,0,0,1,0,0,1,1,1,0,0,0,1,0,1,1,1,0,1,0,0,0,0,0,1,1,1,0,0,0,0,0,1,0,0,1,1,0,1,0,0,1,0,1,0,1,0,1,0,1,1,1,0.37037037037037035,384.8809557310281,1
82,0,0,1,0,0,1,1,0,1,1,1,0,0,0,1,0,0,1,1,0,1,0,0,0,0,1,1,0,1,0,1,0,0,0,1,0,0,1,1,0,0,0,0,1,0,1,0,0,1,1,0,1,1,1,0.3333333333333333,444.6728835943046,1
83,1,0,0,1,1,0,1,1,1,0,1,1,1,1,0,1,1,0,0,1,0,1,1,1,1,0,0,0,0,1,0,1,0,1,0,1,0,0,0,1,0,1,1,0,1,0,1,1,1,0,1,0,0,1,0.35185185185185186,415.748539686695,1
84,0,0,1,0,0,1,1,0,1,0,1,0,1,0,1,0,0,1,1,0,1,0,0,0,0,1,1,0,1,0,1,0,0,0,1,0,0,1,1,0,1,0,0,1,0,0,0,0,1,1,0,1,1,1,0.3148148148148148,428.376656499251,1
85,0,0,1,0,0,1,1,0,1,1,1,0,0,0,1,0,0,1,0,0,1,0,0,0,0,1,1,1,1,0,0,0,0,0,1,0,0,1,1,0,1,0,0,1,0,0,0,1,0,1,0,1,1,1,0.3333333333333333,374.1565388382018,1
86,0,0,1,0,0,1,1,0,1,1,1,0,1,0,1,0,0,1,1,0,1,0,0,0,0,0,1,1,1,0,1,0,0,0,1,0,0,1,1,0,1,0,0,1,0,1,0,1,0,1,0,1,1,1,0.2962962962962963,362.7588649146122,1
87,0,0,1,0,0,1,0,0,1,0,1,0,0,0,1,0,1,1,1,0,1,0,0,0,0,1,1,0,1,0,1,0,0,1,1,0,1,1,1,0,1,0,0,1,0,1,0,0,0,0,0,1,1,1,0.3333333333333333,438.95293215393633,1
88,1,1,0,1,1,0,0,1,1,0,0,1,0,1,0,1,0,0,0,1,0,1,1,1,1,0,0,0,0,1,0,1,0,1,0,1,0,0,0,1,0,1,1,0,1,0,1,1,0,0,1,0,0,1,0.2962962962962963,422.71219758495045,1
89,0,0,1,0,0,1,1,0,1,1,1,0,0,0,1,0,1,1,1,0,1,0,0,0,0,1,1,1,1,0,1,0,1,0,1,0,0,1,1,0,1,0,0,1,0,0,1,0,0,1,0,1,1,1,0.2962962962962963,398.85761672875753,1
90,0,0,1,0,0,1,1,0,1,1,1,0,0,0,1,0,1,1,1,0,1,0,0,0,0,1,1,1,1,0,0,0,1,0,1,0,0,1,1,0,1,0,0,1,0,1,1,1,0,1,0,1,1,1,0.35185185185185186,402.57124927416464,1
91,1,1,0,0,1,0,1,1,1,0,0,1,1,1,0,0,1,0,0,1,0,1,1,1,1,0,0,0,0,1,0,1,1,1,0,1,0,0,0,1,0,1,1,0,1,0,1,1,0,0,1,0,0,1,0.24074074074074073,502.72550728660025,1
92,1,1,0,0,1,0,0,1,1,0,0,1,0,1,0,1,0,0,0,1,0,1,1,1,1,0,0,0,0,1,1,1,0,1,0,1,0,0,0,1,0,1,1,0,1,0,1,1,1,0,1,0,0,1,0.2962962962962963,491.96180866813216,1
93,0,1,1,0,0,1,1,0,1,1,1,0,1,0,1,0,1,1,1,0,1,0,0,0,0,1,1,1,1,0,1,0,1,1,1,0,1,1,1,0,1,0,0,1,0,0,0,0,1,1,0,1,1,1,0.37037037037037035,449.9399563668322,1
94,0,0,1,0,0,1,1,0,1,1,1,0,1,0,1,0,1,1,1,0,1,0,0,0,0,1,1,1,1,0,1,1,1,0,1,0,0,1,1,0,1,0,0,1,0,1,0,1,0,1,0,1,1,1,0.3888888888888889,407.2313520737924,1
95,0,0,1,0,0,0,1,0,1,0,1,0,0,0,1,0,1,1,1,0,1,0,0,0,0,1,1,1,1,0,1,0,0,0,1,0,0,1,1,0,1,0,0,1,0,0,0,1,1,1,0,1,1,1,0.37037037037037035,327.3185613255468,1
96,0,1,1,0,0,1,1,0,1,0,1,0,0,0,1,0,0,1,1,0,1,0,0,0,0,1,1,0,1,0,0,0,0,0,1,0,0,1,1,0,1,0,0,1,0,1,0,1,0,1,0,1,1,1,0.37037037037037035,417.0160318834921,1
97,1,1,0,0,1,0,1,1,1,0,0,1,0,1,0,1,0,0,0,1,0,1,1,1,1,0,0,0,0,1,1,1,0,1,0,1,1,0,0,0,0,1,1,0,1,1,0,1,0,0,1,0,0,1,0.25925925925925924,408.49708200032023,1
98,1,1,0,0,1,0,0,1,1,0,0,1,0,1,0,1,0,0,0,1,0,1,1,1,1,0,0,0,0,1,0,1,0,1,0,1,1,1,0,1,0,1,1,0,1,0,1,1,0,0,1,0,0,1,0.25925925925925924,525.2897336117893,1
99,0,0,1,0,0,1,1,0,1,0,1,0,0,0,1,0,1,1,1,0,1,0,0,0,0,1,1,1,1,0,1,0,0,1,1,0,0,1,1,0,1,0,0,1,0,0,0,0,0,1,0,1,1,0,0.3888888888888889,525.5040940795811,1
