,0,1,2,3,4,5,6,7,8,9,10,11,12,13,14,15,16,17,18,19,20,21,22,23,24,25,26,27,28,29,30,31,32,33,34,35,36,37,38,39,40,41,42,43,44,45,46,47,48,49,50,51,52,53,chain_break_fraction,energy,num_occurrences
0,0,0,1,1,0,1,0,1,0,1,1,0,1,1,1,1,0,0,1,1,1,1,0,0,0,0,0,0,0,0,0,1,0,1,0,0,0,1,0,1,1,0,1,0,1,0,0,1,1,0,0,1,0,0,0.2777777777777778,385.2790159351842,1
1,0,0,0,1,0,1,0,1,1,0,1,1,1,1,1,1,0,0,0,1,1,1,0,0,0,0,0,0,0,0,0,1,0,1,0,0,0,1,0,1,1,0,1,0,1,0,0,1,1,0,1,1,0,0,0.2962962962962963,411.7027133798997,1
2,0,0,1,1,0,1,0,1,0,0,1,0,1,1,1,0,0,0,0,1,1,1,0,0,0,0,0,0,0,0,1,1,0,0,0,0,0,1,0,1,1,0,1,0,1,0,0,1,1,0,1,1,0,0,0.2962962962962963,281.089355905432,1
3,0,0,0,1,0,1,1,1,0,0,1,0,1,1,1,1,0,0,0,1,1,1,0,0,0,0,0,0,0,0,0,1,0,0,0,0,0,1,0,1,1,0,1,0,1,0,0,1,1,0,1,1,0,0,0.2962962962962963,251.34682127429062,1
4,1,1,0,0,1,1,1,0,0,1,0,0,0,0,0,0,1,1,0,1,0,0,1,0,0,1,1,1,1,1,0,0,1,0,0,1,1,0,1,0,0,1,0,0,0,1,1,0,1,1,0,0,1,1,0.2222222222222222,432.28463800389414,1
5,0,0,1,1,0,1,0,1,1,0,1,0,1,1,0,1,0,0,1,1,1,1,0,0,0,0,0,0,0,0,0,1,0,1,0,0,0,1,0,1,1,0,1,0,1,0,0,1,1,0,1,1,0,0,0.3148148148148148,309.2790410834054,1
6,1,1,0,0,1,1,1,0,0,1,0,0,0,0,0,1,1,1,0,0,0,0,1,0,0,1,1,1,1,1,1,0,1,1,0,1,1,0,1,0,0,1,0,0,0,1,1,0,0,1,0,0,0,1,0.24074074074074073,418.51408006279604,1
7,0,0,0,1,0,1,0,1,1,0,1,0,1,1,1,1,0,0,1,1,1,1,0,0,0,0,0,0,0,0,1,1,0,0,0,0,0,1,0,1,1,0,1,0,1,0,0,1,1,0,1,1,0,0,0.3148148148148148,321.25711178125937,1
8,0,0,1,0,0,1,0,1,1,0,1,0,1,1,1,0,0,0,1,1,1,1,0,0,0,0,0,0,0,0,0,1,0,1,0,0,0,1,0,1,1,0,0,0,1,0,0,1,1,0,1,1,0,0,0.2777777777777778,394.1574226629621,1
9,1,0,1,1,0,1,0,1,1,0,1,0,1,1,0,0,0,0,1,0,1,1,0,0,0,0,0,0,0,0,0,1,0,1,0,0,0,1,0,1,1,0,1,0,1,0,0,1,1,0,1,0,1,0,0.24074074074074073,274.06844004266736,1
10,0,0,1,1,0,1,0,1,1,0,1,0,1,1,1,0,0,0,1,1,1,1,0,0,0,0,0,0,0,0,1,1,0,1,1,0,0,1,0,1,0,0,1,0,1,0,0,1,1,0,1,0,0,0,0.2962962962962963,392.2587192650065,1
11,0,0,1,1,0,1,1,1,1,0,1,0,1,1,0,0,0,0,0,1,1,0,0,0,0,0,0,0,0,0,0,1,0,0,0,0,0,1,0,1,1,0,1,0,1,0,0,1,1,0,1,0,1,0,0.2777777777777778,289.99571970258336,1
12,0,0,1,1,0,1,0,1,1,0,1,0,1,1,1,0,0,0,0,1,1,1,0,0,0,0,0,0,0,0,1,1,0,1,0,0,0,1,0,1,1,0,0,1,1,0,0,1,1,0,0,1,0,0,0.24074074074074073,391.7415841132466,1
13,0,0,0,1,0,1,0,1,1,0,1,0,1,1,1,1,0,0,1,1,1,1,1,0,0,0,0,0,0,0,0,1,0,0,0,0,0,1,0,1,1,0,1,0,1,0,0,1,1,0,1,1,0,0,0.2962962962962963,389.80465427869063,1
14,1,1,0,0,1,1,1,0,0,1,0,1,0,0,0,1,1,1,0,0,0,0,1,0,1,1,1,1,1,0,1,0,1,1,0,1,1,0,1,0,0,1,0,0,0,1,1,0,0,1,0,0,1,1,0.25925925925925924,357.1317535936329,1
15,0,0,0,1,0,1,1,1,0,0,1,0,1,1,0,0,0,0,1,0,1,0,0,0,0,0,0,0,0,0,0,1,0,0,0,0,0,1,0,1,1,0,1,1,1,0,0,1,1,0,1,0,0,0,0.25925925925925924,233.73886459626908,1
16,0,0,1,1,0,1,0,1,0,0,1,0,1,1,1,0,0,0,0,1,1,1,0,0,0,0,0,0,0,0,0,1,0,0,0,0,0,1,0,1,1,0,1,0,1,1,0,1,1,0,1,0,0,0,0.2777777777777778,292.6011415896777,1
17,0,0,1,1,0,0,1,1,1,0,1,0,1,1,1,0,0,0,1,1,1,1,0,1,0,0,0,0,0,0,0,1,0,1,1,0,0,1,0,1,1,0,1,1,1,0,0,1,1,0,1,1,0,0,0.2962962962962963,369.1466617141858,1
18,0,0,0,1,0,1,0,1,0,0,1,1,1,1,1,0,0,0,1,1,1,1,0,0,0,0,0,0,0,0,0,1,0,0,0,0,0,1,0,1,0,0,1,0,1,0,0,1,1,0,1,0,0,0,0.3148148148148148,368.4417805864573,1
19,0,0,1,1,0,1,0,1,1,0,1,0,1,1,0,0,0,0,0,0,1,1,0,0,0,0,0,0,0,0,0,1,0,0,1,0,0,1,0,1,1,0,1,0,1,0,0,1,0,0,1,1,0,0,0.2222222222222222,251.85785717664146,1
20,0,0,1,1,0,1,0,1,1,1,1,0,1,1,1,0,0,0,1,0,1,1,0,0,0,0,0,0,0,0,1,1,0,0,0,0,0,1,0,1,1,0,1,1,1,0,0,1,1,0,0,1,0,0,0.24074074074074073,391.9631974921307,1
21,0,0,1,1,0,1,0,1,1,0,1,0,1,1,1,1,0,0,1,0,1,0,0,0,0,0,0,0,0,0,0,1,0,1,0,0,0,1,0,1,1,0,1,0,1,0,0,1,1,0,1,1,0,0,0.3148148148148148,344.29882117628654,1
22,0,0,1,1,0,1,0,1,1,0,1,0,1,1,0,0,0,0,1,1,1,0,0,0,0,0,0,0,0,0,0,1,0,1,0,0,0,1,0,1,1,0,1,0,1,1,0,1,1,0,1,1,0,0,0.3148148148148148,278.8460277497527,1
23,0,0,1,1,0,1,1,1,0,0,1,0,1,1,0,1,0,0,0,1,1,1,0,0,1,0,0,0,0,0,1,1,0,0,0,0,0,1,0,1,1,0,1,0,1,0,0,1,1,0,1,0,0,0,0.2777777777777778,248.17250099039086,1
24,1,0,1,1,0,1,0,1,0,0,1,0,1,1,1,1,0,0,1,1,1,0,0,1,0,0,0,0,0,0,1,1,0,0,0,0,0,1,0,1,1,0,1,1,1,0,0,1,1,0,1,0,0,0,0.3148148148148148,406.94622196231063,1
25,0,0,0,0,0,1,0,1,1,1,1,1,1,1,1,0,0,0,1,1,1,0,0,0,1,0,0,0,0,0,1,1,0,1,0,0,0,1,0,1,1,0,1,0,1,0,0,1,1,0,1,0,0,0,0.2777777777777778,413.3935336758627,1
26,0,0,1,0,0,1,1,1,1,0,1,0,1,1,1,0,0,0,1,1,1,1,0,0,0,0,0,0,0,0,0,1,0,0,0,0,0,1,0,1,1,0,1,0,1,0,0,1,1,0,0,1,0,0,0.3148148148148148,511.44202124840393,1
27,0,0,0,1,0,1,0,1,1,0,1,1,1,1,0,1,0,0,1,0,1,1,0,0,0,0,0,0,0,0,0,1,0,1,0,0,0,1,0,1,1,0,1,0,1,0,0,1,1,0,1,0,0,0,0.35185185185185186,289.86380625262797,1
28,0,0,1,1,0,1,0,1,0,0,1,0,1,1,0,1,0,0,1,1,1,0,0,0,1,0,0,0,0,0,0,1,0,1,0,0,1,1,0,1,1,0,1,0,1,1,0,1,1,0,0,1,0,0,0.2777777777777778,221.77259437786805,1
29,1,0,0,1,0,1,0,1,0,0,1,0,1,1,0,1,0,0,1,1,1,1,0,0,0,0,0,0,0,0,1,1,0,1,0,0,0,1,0,1,1,0,1,0,1,0,0,1,1,0,0,0,0,0,0.3148148148148148,178.1659262105952,1
30,0,0,1,1,0,0,1,1,1,0,1,0,1,1,1,0,0,0,0,1,1,1,0,1,0,0,0,0,0,0,0,1,0,1,0,0,0,1,0,1,1,0,1,0,1,0,0,1,1,0,0,0,0,0,0.2962962962962963,507.3347880985632,1
31,0,0,1,0,0,1,0,1,0,1,1,1,1,1,0,0,0,0,1,0,1,0,0,0,0,0,0,0,0,0,1,1,0,0,0,0,1,1,0,1,1,0,1,0,1,0,0,1,1,0,1,0,0,0,0.2777777777777778,258.6242500425456,1
32,0,0,1,1,0,1,1,1,0,0,1,0,1,1,1,0,0,0,0,1,1,1,0,0,1,0,0,0,0,0,0,1,0,1,0,0,0,1,0,1,1,0,1,0,1,0,0,1,1,0,1,1,0,0,0.2962962962962963,315.70341625122074,1
33,0,0,1,0,0,1,0,1,0,0,1,0,1,1,0,0,0,0,1,0,1,1,0,0,0,0,0,0,0,0,0,1,0,0,1,0,0,1,0,1,1,0,1,0,1,0,0,1,1,0,1,1,0,0,0.2962962962962963,234.64094952846384,1
34,0,0,1,1,0,1,0,1,1,0,1,1,1,1,0,0,0,0,0,0,1,1,0,0,0,0,0,0,0,0,1,1,0,0,1,0,0,1,0,1,1,0,1,0,1,1,0,1,1,0,1,1,0,0,0.25925925925925924,306.844361912184,1
35,1,1,1,0,1,0,1,0,0,1,0,0,0,0,0,0,1,1,0,0,0,0,1,0,1,1,1,1,1,1,1,0,1,0,1,1,1,0,1,0,0,1,0,0,0,0,1,0,0,1,0,0,0,1,0.2777777777777778,430.20595879545573,1
36,0,0,1,0,0,1,0,1,1,0,1,0,1,1,0,0,0,0,1,0,1,0,0,0,0,0,0,0,0,0,1,1,0,1,0,0,0,1,0,1,1,0,1,0,1,0,0,1,0,0,1,1,0,0,0.25925925925925924,244.5064011157191,1
37,0,0,0,0,0,1,1,1,1,0,1,0,1,1,1,1,0,0,1,1,1,0,0,0,0,0,0,0,0,0,0,1,0,1,1,0,0,1,0,1,1,0,1,0,1,0,0,1,1,0,0,1,0,0,0.2962962962962963,301.9454761033972,1
38,0,0,0,1,0,1,0,1,0,0,1,0,1,1,0,1,0,0,1,0,1,1,0,0,0,0,0,0,0,0,1,1,0,0,0,0,0,1,0,1,1,0,1,0,1,0,0,1,1,0,1,0,1,0,0.2777777777777778,237.52622554311094,1
39,0,0,0,1,0,1,1,1,0,0,1,0,1,1,1,0,0,0,1,0,1,1,0,0,1,0,0,0,0,0,1,1,0,0,0,0,0,1,0,0,1,0,1,0,1,1,0,1,1,0,1,1,0,0,0.24074074074074073,244.1991031801919,1
40,1,0,1,0,1,0,1,0,0,1,0,1,0,0,0,0,1,1,0,1,0,0,1,0,1,1,1,1,1,0,0,0,1,1,0,1,0,0,1,0,0,1,0,0,0,1,1,0,0,1,0,0,1,1,0.2962962962962963,329.96531180414337,1
41,1,1,0,0,1,1,1,0,0,0,0,0,0,0,0,0,1,1,0,0,0,0,1,0,1,1,1,1,1,1,0,0,1,1,1,1,0,0,1,0,0,1,0,0,0,1,1,0,0,1,0,0,0,1,0.3148148148148148,443.8578111866166,1
42,0,0,1,1,0,1,0,1,1,1,1,1,1,1,1,1,0,0,0,1,1,0,0,0,0,0,0,0,0,0,0,1,0,1,0,0,0,1,0,1,1,0,1,0,1,1,0,1,1,0,1,0,0,0,0.25925925925925924,546.4866077098159,1
43,0,0,1,0,0,1,0,1,1,0,1,0,1,1,1,1,0,0,0,0,1,1,0,0,0,0,0,0,0,0,1,1,0,1,0,0,0,1,0,1,1,0,1,0,1,1,0,1,1,0,1,0,0,0,0.25925925925925924,311.42664427957857,1
44,0,0,1,1,0,1,1,1,1,0,1,1,1,1,1,0,0,0,1,1,1,1,0,0,0,0,0,0,0,0,1,1,0,0,0,0,0,1,0,1,1,0,1,0,1,1,0,1,1,0,1,1,0,0,0.35185185185185186,563.3685386501473,1
45,1,0,1,1,0,1,0,1,1,0,1,0,1,1,1,0,0,0,1,0,1,0,0,0,1,0,0,0,0,0,1,1,0,1,0,0,0,1,0,0,1,0,1,0,1,0,0,1,1,0,1,1,0,0,0.2777777777777778,368.9604806662809,1
46,0,0,1,1,0,0,0,1,0,0,1,1,1,1,1,0,0,0,1,1,1,1,0,0,0,0,0,0,0,0,1,1,0,1,0,0,0,1,0,1,1,0,1,0,1,0,0,1,1,0,1,0,0,0,0.3333333333333333,295.52471619089613,1
47,0,0,1,1,0,1,1,1,0,0,1,0,1,1,1,0,0,0,1,1,1,0,0,0,0,0,0,0,0,0,0,1,0,0,0,0,0,1,0,1,1,0,1,0,1,0,0,1,1,0,1,1,1,0,0.3148148148148148,297.3801208428507,1
48,0,0,0,1,0,0,1,1,0,0,1,1,1,1,0,0,0,0,1,0,1,1,0,1,0,0,0,0,0,0,1,1,0,0,0,0,0,1,0,1,1,0,1,1,1,0,0,1,1,0,1,0,0,0,0.3333333333333333,257.0888007495315,1
49,0,0,0,1,0,1,1,1,1,0,1,1,1,1,1,0,0,0,0,0,1,1,0,0,0,0,0,0,0,0,1,1,0,0,0,0,0,1,0,1,1,0,1,0,1,0,0,1,1,0,1,1,0,0,0.3148148148148148,365.0465572738503,1
50,0,0,1,1,0,1,0,1,1,1,0,0,1,1,1,0,0,0,1,1,1,1,0,0,0,0,0,0,0,0,1,1,0,0,0,0,0,1,0,1,1,0,1,0,1,0,0,1,1,0,1,0,0,1,0.2962962962962963,360.09956436007803,1
51,0,0,1,1,0,1,1,1,1,0,1,1,1,1,1,0,0,0,1,0,1,0,0,0,0,0,0,0,0,0,0,1,0,1,0,0,0,1,0,1,0,0,1,0,1,1,0,1,1,0,1,0,0,0,0.2777777777777778,530.5641296115958,1
52,0,0,1,1,0,1,0,1,0,0,0,1,1,1,1,1,0,0,1,1,1,1,0,0,0,0,0,0,0,0,0,1,0,1,0,0,0,1,0,1,1,0,1,0,1,0,0,1,1,0,1,1,0,0,0.3148148148148148,369.1922549580656,1
53,1,1,0,0,1,1,1,0,0,0,0,0,0,0,0,1,1,1,0,0,0,0,1,0,1,1,1,1,1,1,0,0,1,0,0,1,1,0,1,0,0,1,0,0,0,0,1,0,0,1,0,1,0,1,0.2777777777777778,369.83392369957,1
54,0,0,0,1,0,1,1,1,1,0,1,0,1,1,1,0,0,0,1,1,1,0,0,0,0,0,0,1,0,0,1,1,0,0,0,0,0,1,0,1,1,0,1,0,1,0,0,1,0,0,1,0,0,0,0.2962962962962963,312.7588030572497,1
55,0,0,1,1,0,1,1,1,0,0,0,0,1,1,1,0,0,0,0,1,1,1,0,0,0,0,0,0,0,0,0,1,0,0,0,0,0,1,0,1,1,0,1,0,1,0,0,1,1,0,1,0,0,1,0.2962962962962963,289.23871336730053,1
56,0,0,1,1,0,1,0,1,0,0,1,0,1,1,1,0,0,0,1,1,1,0,0,0,1,0,0,0,0,0,1,1,0,0,0,0,0,1,0,1,1,0,1,0,1,1,0,1,1,0,0,0,0,0,0.2777777777777778,330.7110956946399,1
57,0,1,1,0,1,0,1,0,1,0,0,1,0,0,0,0,1,1,0,0,0,0,1,0,0,1,1,1,1,0,1,0,1,1,0,1,0,0,1,0,0,1,0,1,0,1,1,0,0,1,0,0,1,0,0.2962962962962963,318.44630373009,1
58,0,0,0,1,0,1,1,1,0,0,1,1,0,1,1,0,0,0,0,1,1,1,0,0,0,0,0,0,0,0,0,1,0,0,0,0,0,1,0,1,1,0,1,1,1,1,0,1,0,0,1,1,0,0,0.25925925925925924,297.28995361614653,1
59,0,0,1,1,0,1,0,1,1,0,1,0,1,1,1,1,0,0,0,1,1,1,0,1,0,0,0,0,0,0,1,1,0,1,0,0,0,0,0,1,1,0,1,1,1,0,0,1,1,0,0,1,0,0,0.3148148148148148,618.3609292597351,1
60,1,0,1,1,0,1,0,1,1,0,1,0,1,1,1,1,0,0,1,1,1,1,0,0,0,0,0,0,0,0,0,1,0,0,0,0,0,1,0,1,1,0,0,0,1,0,0,1,1,0,1,1,0,0,0.3148148148148148,512.0214196711279,1
61,0,0,1,1,0,1,1,1,1,1,1,0,1,1,1,0,0,0,1,1,1,1,0,0,0,0,0,0,0,0,0,1,0,0,1,0,0,1,0,1,1,0,1,1,1,0,0,1,1,0,1,1,0,0,0.3333333333333333,404.297984060554,1
62,0,0,1,1,0,1,0,1,1,0,1,0,1,1,1,1,0,0,1,1,1,0,0,0,0,0,0,0,0,0,0,1,0,1,0,0,0,1,0,1,1,0,1,0,1,0,0,1,0,0,0,1,0,0,0.37037037037037035,502.74022805654613,1
63,0,0,1,1,0,1,0,1,1,0,0,0,1,1,1,0,0,0,1,1,1,0,0,0,0,0,0,0,0,0,0,1,0,0,0,0,0,1,0,1,1,0,1,1,1,0,0,1,1,0,1,0,0,0,0.2962962962962963,336.64131957532766,1
64,0,0,1,1,0,1,0,1,1,0,1,1,1,1,1,0,0,0,1,1,1,1,0,0,0,0,0,0,0,0,1,1,0,1,0,0,0,1,0,1,1,0,1,0,1,0,0,1,1,0,1,0,0,0,0.35185185185185186,546.7272438113728,1
65,1,0,0,1,0,1,0,1,0,0,1,0,1,1,1,0,0,0,0,1,1,1,0,0,0,0,0,0,0,0,0,1,0,1,0,0,0,1,0,1,1,0,1,1,1,1,0,1,1,0,1,1,0,0,0.25925925925925924,263.2458951184101,1
66,1,1,0,0,1,1,1,0,0,1,0,0,0,0,0,0,1,1,0,1,0,0,0,0,1,1,1,1,1,1,0,0,1,1,0,1,1,0,1,0,0,1,0,0,0,1,1,0,0,1,0,0,1,1,0.2962962962962963,448.70524330250595,1
67,0,0,0,1,0,1,1,1,0,0,1,0,1,0,1,1,0,0,1,1,1,1,0,0,0,0,0,0,0,0,0,1,0,0,0,0,1,1,1,1,1,0,1,0,1,0,0,1,1,0,1,0,1,0,0.2962962962962963,314.1816603714389,1
68,0,0,1,1,0,1,0,1,0,0,1,0,1,1,1,0,0,0,1,1,1,0,0,0,0,0,0,0,0,0,0,1,0,1,1,0,0,1,0,1,1,0,0,0,1,0,0,1,0,0,0,0,1,0,0.3148148148148148,293.33200760984374,1
69,0,0,1,0,0,0,0,1,0,0,1,0,1,1,1,0,0,0,1,1,1,0,0,0,0,0,0,0,0,0,0,1,0,0,0,0,0,1,0,1,1,0,0,1,1,0,0,1,1,0,0,1,1,0,0.2962962962962963,209.37356306239656,1
70,0,0,0,0,0,1,0,1,1,0,1,0,0,1,1,1,0,0,0,1,1,1,0,0,0,0,0,0,0,0,1,1,0,0,0,0,0,1,0,1,1,0,0,0,1,0,0,1,1,0,1,1,0,0,0.3333333333333333,279.2009557199602,1
71,1,1,1,0,1,0,0,0,0,0,0,1,0,0,0,1,1,1,0,1,0,1,1,0,0,1,1,1,1,1,0,0,1,1,0,1,0,0,1,0,0,1,0,0,0,1,1,0,0,1,0,0,1,1,0.2962962962962963,385.43461183443475,1
72,1,1,1,0,1,1,0,0,0,1,0,0,0,0,0,0,1,1,0,0,0,0,1,0,1,1,1,1,1,1,1,0,1,1,0,1,0,0,1,0,0,1,0,1,0,1,1,0,0,1,0,0,1,0,0.3148148148148148,360.3577412899124,1
73,0,0,1,1,0,1,0,1,1,0,1,0,1,1,1,0,0,0,0,1,1,0,0,0,0,0,0,0,0,0,1,1,0,1,0,0,0,1,0,1,1,0,0,0,1,0,0,1,1,0,0,1,0,0,0.3148148148148148,404.0891083782787,1
74,1,1,0,0,1,1,1,0,0,0,0,0,0,0,1,1,1,1,0,0,0,0,1,0,1,1,1,1,1,1,0,0,1,0,0,1,0,0,1,0,0,1,0,0,0,0,1,0,0,1,0,1,1,1,0.2222222222222222,370.9458807336839,1
75,1,0,0,1,0,1,0,1,0,0,1,0,1,1,0,1,0,0,1,1,1,1,0,0,0,0,0,0,0,0,0,1,0,1,0,0,0,1,0,1,1,0,1,1,1,0,0,1,1,0,1,0,0,0,0.37037037037037035,217.96900309177377,1
76,1,1,1,0,1,1,1,0,1,0,0,0,0,0,0,0,1,1,0,0,0,0,1,0,1,1,1,0,1,1,0,0,1,0,1,1,0,0,1,0,0,1,1,0,0,1,1,0,0,1,0,0,0,1,0.2777777777777778,360.0100420162096,1
77,1,1,1,0,1,0,1,0,0,0,0,1,0,0,1,0,0,1,0,0,0,0,1,0,0,1,1,1,1,1,1,0,1,0,0,1,1,0,1,0,0,1,0,0,0,1,1,0,0,1,0,0,1,0,0.2777777777777778,341.4194589979678,1
78,0,0,1,1,0,1,0,1,0,0,1,1,1,1,0,1,0,0,1,1,1,0,0,0,0,0,0,0,0,0,1,1,0,1,0,0,0,1,0,1,1,0,0,1,1,0,0,1,0,0,1,0,0,0,0.3148148148148148,289.21264976796425,1
79,0,0,1,1,0,1,0,1,0,1,1,0,1,1,1,0,0,0,0,1,1,0,0,0,1,0,0,0,0,0,1,1,0,1,1,0,0,1,0,1,1,0,1,1,1,0,0,1,1,0,1,0,0,0,0.3148148148148148,284.69997298235,1
80,1,0,1,1,0,0,1,1,1,0,1,0,1,1,1,0,0,0,1,1,1,0,0,1,0,0,0,0,0,0,1,1,0,0,1,0,0,1,0,1,1,0,1,0,1,1,0,1,1,0,1,1,0,0,0.3148148148148148,378.08726704232623,1
81,1,1,1,0,1,1,1,0,0,1,0,1,0,0,0,0,1,1,0,0,0,0,1,0,0,1,0,1,1,1,0,0,1,1,0,1,0,0,1,0,0,1,0,0,0,1,1,0,1,1,0,1,1,1,0.25925925925925924,451.79741356541945,1
82,1,1,0,0,1,1,1,0,0,1,0,1,0,0,0,1,1,1,0,0,0,0,1,0,0,1,1,1,1,1,0,0,1,0,0,1,1,0,1,0,0,1,0,1,0,1,1,0,0,1,0,1,1,1,0.37037037037037035,468.84079291126017,1
83,1,0,0,1,0,0,1,1,0,0,1,0,0,1,1,1,0,0,1,1,1,1,0,0,0,0,0,0,0,0,0,1,0,0,1,0,0,1,0,1,1,0,1,0,1,0,0,1,1,0,1,0,1,0,0.3333333333333333,233.43444418210782,1
84,0,0,1,1,0,0,0,1,1,0,1,0,1,1,0,1,0,0,1,1,1,0,0,1,1,0,0,0,0,0,0,1,0,1,0,0,0,1,0,1,1,0,1,0,1,0,0,1,1,0,1,0,0,0,0.2962962962962963,325.66452594778696,1
85,0,1,0,0,1,1,0,0,1,1,0,0,0,0,0,0,1,1,0,1,0,1,1,0,1,1,1,0,1,1,0,0,1,1,0,1,0,0,1,0,0,1,0,0,0,1,1,0,0,1,0,1,0,0,0.25925925925925924,295.29142805415876,1
86,0,0,1,1,0,0,1,1,1,0,1,0,1,1,0,0,0,0,1,1,1,1,0,0,1,0,0,0,0,0,0,1,0,0,1,0,0,1,0,1,1,0,1,1,1,1,0,1,1,0,1,0,0,0,0.2962962962962963,261.74543651664294,1
87,1,1,1,0,1,0,1,0,0,1,0,1,1,0,0,0,1,1,0,0,0,1,1,0,1,1,1,1,1,0,1,0,1,1,0,1,1,0,1,0,0,1,0,0,0,1,1,0,0,1,0,1,1,1,0.2777777777777778,368.9005729718101,1
88,1,0,1,1,0,0,1,1,1,0,1,0,1,1,1,0,0,0,1,0,1,1,0,0,0,0,0,0,0,0,0,1,0,0,1,0,0,1,0,1,1,0,1,0,1,0,0,1,1,0,1,1,0,0,0.3148148148148148,284.9910965542224,1
89,0,0,1,1,0,0,0,1,0,0,1,0,1,1,1,1,0,0,1,0,1,0,0,1,1,0,0,0,0,0,0,1,0,1,1,0,0,1,0,1,0,0,1,1,1,0,0,1,0,0,1,1,0,0,0.2777777777777778,272.2733312163349,1
90,0,0,1,1,0,0,0,1,0,0,1,1,1,1,1,1,0,0,1,1,1,1,0,0,0,0,0,0,0,0,1,1,0,1,0,0,0,1,0,1,1,0,1,1,1,0,0,1,0,0,0,0,0,0,0.3148148148148148,337.4266805633507,1
91,0,0,1,1,0,1,0,1,1,0,1,0,1,1,0,0,0,0,1,1,1,1,0,0,0,0,0,1,0,0,0,1,0,1,0,0,0,1,0,0,1,0,1,1,1,0,0,1,0,0,0,0,0,0,0.2777777777777778,328.54406634789717,1
92,1,1,0,0,1,1,1,0,0,0,0,1,0,0,0,0,1,1,0,1,0,0,1,0,1,1,1,0,1,0,1,0,1,0,0,1,1,0,1,0,0,1,0,0,0,1,1,0,0,1,0,1,1,1,0.3148148148148148,349.79545417624985,1
93,0,0,1,1,0,0,0,1,0,0,1,0,1,1,1,1,0,0,0,1,1,1,0,1,1,0,0,0,0,0,0,1,0,1,1,0,1,0,0,1,1,0,1,0,1,0,0,1,1,0,0,1,0,0,0.3333333333333333,333.71995255584,1
94,0,0,1,1,0,1,0,1,1,1,1,0,0,1,1,0,0,0,1,1,1,1,0,0,0,0,0,0,0,0,0,1,0,0,0,0,1,1,0,1,1,0,1,1,1,0,0,1,1,0,1,1,0,0,0.3148148148148148,377.07805155864315,1
95,0,0,1,0,0,1,1,1,0,0,1,0,1,1,1,1,0,0,0,1,1,0,0,0,0,0,0,1,0,0,0,1,0,0,0,0,0,1,0,1,1,0,1,0,1,0,0,1,1,0,1,0,0,0,0.2962962962962963,280.56081716134906,1
96,0,0,1,0,0,1,1,1,0,1,1,0,1,1,1,0,0,0,0,1,1,1,0,0,0,0,0,0,0,0,0,1,0,0,1,0,1,1,0,1,1,0,1,0,1,0,0,1,1,0,1,1,1,0,0.3148148148148148,292.189643633178,1
97,1,0,1,1,0,1,1,1,1,0,1,0,1,1,1,1,0,0,1,1,1,0,0,0,1,0,0,1,0,0,0,1,0,0,0,0,0,1,0,1,1,0,1,1,1,0,0,1,0,0,1,0,1,0,0.3148148148148148,445.6763090235685,1
98,0,0,1,0,0,1,1,1,1,0,1,0,1,1,1,0,0,0,1,1,1,1,0,0,0,0,0,0,0,0,0,1,0,0,0,0,0,1,0,1,1,0,0,0,1,0,0,1,1,0,0,0,1,0,0.37037037037037035,516.0343487552171,1
99,1,1,1,0,1,0,1,0,0,0,0,0,0,0,0,0,1,1,0,0,0,0,1,0,1,1,1,0,1,1,1,0,1,1,0,1,1,0,1,0,0,1,0,0,0,1,1,0,0,1,0,0,1,0,0.3888888888888889,351.5807274883266,1
