,0,1,2,3,4,5,6,7,8,9,10,11,12,13,14,15,16,17,18,19,20,21,22,23,24,25,26,27,28,29,30,31,32,33,34,35,chain_break_fraction,energy,num_occurrences
0,0,0,1,0,1,0,0,0,0,0,1,1,1,1,1,1,0,1,1,0,0,1,0,1,0,1,0,0,1,1,1,1,0,1,1,0,0.2222222222222222,22.762359667177034,1
1,0,0,1,0,1,0,0,0,0,0,1,1,1,1,1,1,0,1,0,0,0,1,0,1,0,1,0,0,1,1,1,1,0,1,1,1,0.2777777777777778,24.627873237439097,1
2,1,1,0,1,0,1,1,1,0,0,0,0,0,0,0,0,1,0,0,1,1,0,1,0,1,1,1,1,0,0,0,0,1,0,0,0,0.3055555555555556,12.796406631335149,1
3,1,1,0,1,0,1,1,1,0,1,0,0,0,0,0,0,1,0,0,1,1,0,1,0,1,1,1,1,0,0,0,0,1,0,0,0,0.3055555555555556,17.726247861782213,1
4,0,0,1,0,1,0,0,0,1,0,1,1,1,1,1,1,0,1,1,0,0,1,0,1,0,1,0,0,1,1,1,1,0,1,1,0,0.25,22.206057883666336,1
5,1,1,0,1,0,1,1,1,0,1,0,0,0,0,0,0,1,0,0,1,1,0,1,0,1,1,1,1,0,0,0,0,1,0,0,0,0.3333333333333333,17.726247861782213,1
6,1,1,0,1,0,1,1,1,0,1,0,0,0,0,0,0,0,0,0,1,1,0,1,0,1,1,1,1,0,0,0,0,1,0,0,0,0.3055555555555556,17.23635754150297,1
7,1,1,0,1,0,1,1,1,0,0,0,0,0,0,0,0,0,0,0,1,1,0,1,0,1,1,1,1,0,0,0,0,1,0,0,0,0.25,13.306522706724277,1
8,1,1,0,1,0,1,1,1,0,0,0,0,0,0,0,0,0,0,0,1,1,0,1,0,1,1,1,1,0,0,0,0,1,0,0,0,0.3333333333333333,13.306522706724277,1
9,1,1,0,1,0,1,1,1,1,1,0,0,0,0,0,0,0,0,0,1,1,0,1,0,1,1,1,1,0,0,0,0,1,0,0,0,0.2777777777777778,20.201274958892302,1
10,1,1,0,1,0,1,1,1,0,1,0,0,0,0,0,0,0,0,0,1,1,0,1,0,1,1,1,1,0,0,0,0,1,0,0,0,0.3611111111111111,17.23635754150297,1
11,1,1,0,1,0,1,1,1,0,0,0,0,0,0,0,0,1,0,0,1,1,0,1,1,1,1,1,1,0,0,0,0,1,0,0,0,0.3333333333333333,17.97255652191977,1
12,1,1,0,1,0,1,1,1,0,0,0,0,0,0,0,0,1,0,0,1,1,0,1,0,1,1,1,1,0,0,0,0,1,0,0,0,0.3611111111111111,12.796406631335149,1
13,1,1,0,1,0,1,1,1,0,0,0,0,0,0,0,0,0,0,0,1,1,0,1,0,0,1,1,1,0,0,0,0,1,0,0,0,0.3055555555555556,11.241333297919393,1
14,1,1,0,1,0,1,1,1,0,0,0,0,0,0,0,0,0,0,0,1,1,0,1,0,0,1,1,1,0,0,0,0,1,0,0,0,0.25,11.241333297919393,1
15,1,1,0,1,0,1,1,1,0,1,0,0,0,0,0,0,1,0,0,1,1,0,1,1,1,1,1,1,0,0,0,0,1,0,0,0,0.3333333333333333,20.90238992156663,1
16,1,1,0,1,0,1,1,1,0,1,0,0,0,0,0,0,0,0,0,1,1,0,1,0,1,1,1,1,0,0,0,0,1,0,0,0,0.2777777777777778,17.23635754150297,1
17,1,1,0,1,0,1,1,1,0,0,0,0,0,0,0,0,1,0,0,1,1,0,1,1,1,1,1,1,0,0,0,0,1,0,0,0,0.2777777777777778,17.97255652191977,1
18,1,1,0,1,0,1,1,1,0,1,0,0,0,0,0,0,0,0,0,1,1,0,1,1,0,1,1,1,0,0,0,0,1,0,0,0,0.3055555555555556,19.385320561450282,1
19,1,1,0,1,0,1,1,1,0,0,0,0,0,0,0,0,0,0,0,1,1,0,1,0,0,1,1,1,0,0,0,0,1,0,0,0,0.3055555555555556,11.241333297919393,1
20,0,0,1,0,1,0,0,0,0,0,1,1,1,1,1,1,1,1,1,0,0,1,0,1,0,1,0,0,0,1,1,0,0,1,1,1,0.25,14.79799051218647,1
21,1,1,0,1,0,1,1,1,0,0,0,0,0,0,0,0,1,0,0,1,1,0,1,0,1,1,1,1,0,0,0,0,1,0,0,0,0.2777777777777778,12.796406631335149,1
22,1,1,0,1,0,1,1,1,0,1,0,0,0,0,0,0,1,0,0,1,1,0,1,1,1,1,1,1,0,0,0,0,1,0,0,0,0.3055555555555556,20.90238992156663,1
23,1,1,0,1,0,1,1,1,0,0,0,0,0,1,0,0,0,0,0,1,1,0,1,0,1,1,1,1,0,0,0,0,1,0,0,0,0.2777777777777778,14.59772961963985,1
24,0,0,1,0,1,0,0,0,1,0,1,1,1,1,1,1,1,1,1,0,0,1,0,1,0,1,0,0,0,1,1,1,0,1,1,1,0.3055555555555556,21.921079387050707,1
25,1,1,0,1,0,1,1,1,0,1,0,0,0,0,0,0,1,0,0,1,1,0,1,0,1,1,1,1,0,0,0,0,1,0,0,0,0.3333333333333333,17.726247861782213,2
26,1,1,0,1,0,1,1,1,0,0,0,0,0,0,0,0,1,0,0,1,1,0,1,1,0,1,1,1,0,0,0,0,1,0,0,0,0.25,15.32911856311219,1
27,1,1,0,1,0,1,1,1,0,1,0,0,0,0,0,0,1,0,0,1,1,0,1,0,0,1,1,1,0,0,0,0,1,0,0,0,0.3055555555555556,17.18438410178498,1
28,0,0,1,0,1,0,0,0,0,0,1,1,1,1,1,1,1,1,1,0,0,1,0,1,0,1,0,0,1,1,1,0,0,1,1,1,0.25,17.69521103515438,1
29,1,1,0,1,0,1,1,1,0,0,0,0,0,0,0,0,0,0,0,1,1,0,1,0,1,1,1,1,0,0,0,0,1,0,0,0,0.3055555555555556,13.306522706724277,1
30,1,1,0,1,0,1,1,1,0,0,0,0,0,0,0,0,0,0,0,1,1,0,1,0,1,0,1,1,0,0,0,0,1,0,0,0,0.2777777777777778,9.176143889114506,1
31,1,0,0,1,0,1,1,1,1,1,0,0,0,0,0,0,0,0,0,1,1,0,1,0,1,1,1,1,0,0,0,0,1,0,0,0,0.19444444444444445,14.271440124113617,1
32,1,1,0,1,0,1,1,1,0,1,0,0,0,0,0,0,0,0,0,1,1,0,1,0,1,1,1,1,0,0,0,0,1,0,0,0,0.3333333333333333,17.23635754150297,1
33,1,1,0,1,0,1,1,1,0,1,0,0,0,0,0,0,0,0,0,1,1,0,1,1,1,1,1,1,0,0,0,0,1,0,0,0,0.2777777777777778,21.5171491129901,1
34,1,1,0,1,0,1,1,1,0,1,0,0,0,0,0,0,1,0,0,1,1,0,1,0,0,1,1,1,0,0,0,0,1,0,0,0,0.3611111111111111,17.18438410178498,1
35,0,0,1,0,1,0,0,0,1,0,1,1,1,1,1,1,1,1,1,0,0,1,0,1,0,1,0,0,1,1,1,1,0,1,1,1,0.3055555555555556,25.439493448014556,1
36,1,1,0,1,0,1,1,1,1,0,0,0,0,0,0,0,1,0,0,1,1,0,1,0,1,1,1,1,0,0,0,0,1,0,0,0,0.3333333333333333,14.261327246558686,1
37,1,1,0,1,0,1,1,1,0,1,0,0,0,0,0,0,0,0,0,1,1,0,1,0,1,1,1,1,0,0,0,0,1,0,0,0,0.3055555555555556,17.23635754150297,1
38,1,1,0,1,0,1,1,1,0,0,0,0,0,1,0,0,0,0,0,1,1,0,1,1,1,1,1,1,0,0,0,0,1,0,0,0,0.2777777777777778,18.712054026698965,1
39,1,1,1,1,0,1,1,1,0,0,0,0,0,0,0,0,0,0,0,1,1,0,1,0,0,1,1,1,0,0,0,0,1,0,0,0,0.3055555555555556,10.704527889822664,1
40,1,1,0,1,0,1,1,1,0,0,0,0,0,0,0,0,1,0,0,1,1,0,1,0,1,1,1,1,0,0,0,0,1,0,0,0,0.3611111111111111,12.796406631335149,1
41,1,1,0,1,0,1,1,1,0,0,0,0,0,0,0,0,0,0,1,1,1,0,1,0,0,1,1,1,0,0,0,0,1,0,0,0,0.25,12.778936986488866,1
42,1,1,1,1,0,1,1,1,0,0,0,0,0,0,0,0,0,0,0,1,1,0,1,0,0,1,1,1,0,0,0,0,1,0,0,0,0.2222222222222222,10.704527889822664,1
43,1,1,0,1,0,1,1,1,0,1,0,0,0,0,0,0,1,0,0,1,1,0,1,1,1,0,1,1,0,0,0,0,1,0,0,0,0.3055555555555556,17.650449060026883,1
44,1,1,0,1,0,1,1,1,0,0,0,0,0,0,0,0,1,0,0,1,1,0,1,1,1,1,1,1,0,0,0,0,1,0,0,0,0.25,17.97255652191977,1
45,1,1,0,1,0,1,1,1,1,0,0,0,0,0,0,0,0,0,0,1,1,0,1,1,0,1,1,1,0,0,0,0,1,0,0,0,0.3055555555555556,16.91167329544219,1
46,1,1,0,1,0,1,1,1,0,1,0,0,0,0,0,0,0,0,0,1,1,0,1,1,1,1,1,1,0,0,0,0,1,0,0,0,0.3333333333333333,21.5171491129901,1
47,1,1,0,1,0,1,1,1,0,0,0,0,0,0,0,0,0,0,0,1,1,0,0,0,1,1,1,1,0,0,0,0,1,0,0,0,0.3055555555555556,12.166123005580616,1
48,1,1,0,1,0,1,1,1,1,0,0,0,0,0,0,0,0,0,0,1,1,0,1,0,1,1,1,1,0,0,0,0,1,0,0,0,0.3333333333333333,14.27144012411362,1
49,0,0,1,0,1,0,0,0,1,0,1,1,0,1,1,1,0,1,0,0,0,1,0,1,0,1,0,0,1,1,1,0,0,1,1,1,0.2222222222222222,16.04346288109613,1
50,1,1,0,1,0,1,1,1,0,1,0,0,0,0,0,0,0,0,0,1,0,0,1,0,1,1,1,1,0,0,0,0,1,0,0,0,0.2777777777777778,18.01920714652956,1
51,1,1,0,1,0,1,0,1,0,0,0,0,0,0,0,0,0,0,0,1,1,0,1,0,0,1,1,1,0,0,0,0,1,0,0,0,0.3333333333333333,11.03274817921734,1
52,1,1,0,1,0,1,1,1,0,0,0,0,0,0,0,0,0,0,0,1,1,0,1,0,1,1,1,1,0,0,0,0,1,0,0,0,0.3611111111111111,13.306522706724277,1
53,1,0,0,1,0,1,1,1,0,0,0,0,0,0,0,0,0,0,0,1,1,0,0,0,0,1,1,1,0,0,0,0,1,0,0,0,0.19444444444444445,8.695680653945544,1
54,1,1,0,1,0,1,1,1,0,1,0,0,0,0,0,0,0,0,0,1,1,0,1,0,1,1,1,1,0,0,0,0,1,0,0,0,0.25,17.23635754150297,1
55,0,0,1,0,1,0,0,0,1,1,1,1,1,1,1,1,1,1,1,0,0,1,0,1,0,1,0,0,1,1,1,1,0,1,1,1,0.3055555555555556,27.326877519078298,1
56,1,1,0,1,0,1,1,1,0,1,0,0,0,0,0,0,1,0,0,1,1,0,1,0,1,1,1,1,0,0,0,0,1,0,0,0,0.3888888888888889,17.726247861782213,1
57,1,1,0,1,0,1,1,1,0,0,0,0,0,0,0,0,1,0,0,1,1,0,1,0,1,1,1,1,0,0,0,0,1,0,0,0,0.3333333333333333,12.796406631335149,1
58,1,1,0,1,0,1,1,1,0,0,0,0,1,0,0,0,1,0,0,1,1,0,1,0,1,1,1,1,0,0,0,0,1,0,0,0,0.3333333333333333,12.9445286719424,1
59,1,1,0,1,0,1,1,1,0,0,0,0,0,0,0,0,1,0,0,1,1,0,1,0,1,1,1,1,0,0,0,0,1,0,0,0,0.4166666666666667,12.796406631335149,1
60,1,1,1,1,0,1,1,1,0,1,0,0,0,0,0,0,1,0,0,1,1,0,1,1,0,1,1,1,0,0,0,1,1,0,0,0,0.3055555555555556,23.749303712712845,1
61,0,1,0,1,0,1,1,1,1,1,0,0,0,0,0,0,0,0,0,1,1,0,1,1,1,1,1,1,0,0,0,0,1,0,0,0,0.2777777777777778,21.517149112990086,1
62,1,1,0,1,0,1,1,1,1,1,0,0,0,0,0,0,0,0,0,1,1,0,1,0,1,1,1,1,0,0,0,0,1,0,0,0,0.3055555555555556,20.201274958892302,1
63,1,1,0,1,0,1,1,1,0,1,0,0,1,0,0,0,0,0,0,1,1,0,1,0,1,1,1,1,0,0,0,0,1,0,0,0,0.3333333333333333,17.881960997966146,1
64,1,1,0,1,0,1,1,1,0,1,0,0,1,0,0,0,1,0,0,1,1,0,1,1,1,1,1,1,0,0,0,0,1,0,0,0,0.25,20.967274464565165,1
65,1,0,0,1,0,1,1,1,1,1,0,0,0,0,0,0,0,0,0,1,1,0,1,0,0,1,1,1,0,0,0,0,1,0,0,0,0.2222222222222222,12.71498447932758,1
66,1,1,0,1,0,1,1,1,0,0,0,0,0,1,0,0,1,0,0,1,1,0,1,0,1,1,1,1,0,0,0,0,1,0,0,0,0.3333333333333333,15.092650712549656,1
67,1,1,0,1,0,1,1,1,0,1,0,0,0,0,0,0,0,0,0,1,0,0,1,0,1,1,1,1,0,0,0,0,1,0,0,0,0.3333333333333333,18.01920714652956,1
68,1,1,0,1,0,1,1,1,0,1,0,0,0,0,0,0,1,0,0,1,1,0,1,0,0,1,1,1,0,0,0,0,1,0,1,0,0.25,15.614963474483297,1
69,1,1,0,1,0,1,1,1,0,1,0,0,0,0,0,0,1,0,0,1,1,0,1,1,0,1,1,1,0,0,0,0,1,0,0,1,0.3888888888888889,21.062949702499296,1
70,1,1,1,1,0,1,1,1,0,0,0,0,0,0,0,0,0,0,0,1,1,0,1,0,0,1,1,1,0,0,0,0,0,0,0,0,0.3055555555555556,10.14814133549516,1
71,1,1,0,1,0,1,1,1,0,0,0,0,0,0,0,0,1,0,0,1,0,0,1,0,1,1,1,1,0,0,0,0,1,0,0,0,0.3055555555555556,13.0793489166376,1
72,1,1,0,1,0,1,1,1,0,0,1,0,0,0,0,0,0,0,0,1,1,0,1,0,1,1,0,1,0,0,0,0,1,0,0,0,0.25,9.948696599689391,1
73,1,1,0,1,0,1,1,1,0,0,0,0,0,0,0,0,1,0,0,1,1,0,1,0,0,1,1,1,0,0,0,0,1,0,0,0,0.3333333333333333,11.237075343300202,1
74,1,1,0,1,0,1,1,1,0,1,0,0,0,0,0,0,1,0,0,1,1,0,1,1,1,1,1,1,0,0,0,0,1,0,0,0,0.3333333333333333,20.90238992156663,1
75,0,1,0,1,0,1,1,1,1,0,0,0,0,0,0,0,0,0,0,1,1,0,1,1,1,0,1,1,0,0,0,0,1,0,0,0,0.3055555555555556,13.288729949856556,1
76,1,1,0,1,0,1,1,1,0,0,0,0,0,0,0,0,1,0,1,1,1,0,1,0,0,1,1,1,0,0,0,0,1,0,0,0,0.2777777777777778,12.25624815431464,1
77,1,1,1,1,0,1,1,1,0,0,0,0,0,0,0,0,0,0,0,1,1,0,1,1,1,0,1,1,0,0,0,0,1,0,0,0,0.25,11.454134896099774,1
78,0,0,1,0,0,0,0,0,0,0,1,1,1,1,1,1,1,1,0,0,0,1,0,1,0,1,0,0,0,1,1,0,0,1,1,1,0.2222222222222222,13.343933945716138,1
79,1,1,0,1,0,1,1,1,0,0,0,0,0,0,0,0,1,0,0,1,1,0,1,0,1,1,0,1,0,0,0,0,1,0,0,0,0.3888888888888889,10.94802693284753,1
80,1,1,0,1,0,1,1,1,0,1,0,0,0,0,0,0,0,0,0,1,1,0,1,0,1,1,1,1,0,0,0,0,1,0,0,0,0.3888888888888889,17.23635754150297,1
81,1,1,0,1,0,1,1,1,0,1,0,0,0,0,0,0,1,0,0,1,1,0,0,0,1,1,1,1,0,0,0,0,1,0,1,0,0.25,16.360823135138162,1
82,1,1,0,1,1,1,1,1,0,0,1,0,0,0,0,0,0,0,0,1,1,0,1,0,1,1,1,1,0,0,0,0,1,0,0,0,0.3055555555555556,12.722446690692074,1
83,1,1,0,1,0,1,1,0,0,1,1,0,0,0,0,0,0,0,0,1,0,0,1,0,1,1,0,1,1,0,0,0,1,0,0,0,0.1388888888888889,13.301808108327762,1
84,1,1,1,1,0,1,0,1,0,0,0,0,0,0,0,0,1,0,0,1,1,0,1,0,1,1,1,1,0,0,0,0,1,0,0,0,0.3333333333333333,11.614845319387396,1
85,1,1,0,1,0,1,1,1,1,0,0,0,0,0,0,0,1,0,0,1,1,0,1,1,1,0,1,1,0,0,0,0,1,0,0,0,0.2777777777777778,14.16806483216575,1
86,1,1,1,1,0,1,1,1,0,0,0,0,1,0,0,0,0,0,0,1,1,0,1,0,0,1,1,1,0,0,0,1,1,0,0,0,0.25,16.342713795513255,1
87,1,1,0,1,0,1,1,1,0,1,1,0,0,0,0,0,0,0,0,1,1,0,0,0,1,1,1,1,0,0,0,0,1,0,0,0,0.25,17.15690153841214,1
88,1,1,0,1,0,1,1,1,1,1,0,1,0,0,0,0,0,0,0,1,1,0,1,0,1,1,1,1,0,0,0,0,1,0,0,0,0.2777777777777778,22.408102872946813,1
89,1,1,0,1,0,1,1,1,1,0,0,1,0,0,0,0,1,0,0,1,1,0,1,0,0,1,1,1,0,0,0,0,1,0,0,0,0.3888888888888889,15.780300736817313,1
90,1,1,0,1,0,1,1,1,0,0,0,0,0,0,0,0,1,0,0,1,1,0,1,0,0,0,1,1,0,0,0,1,1,0,0,0,0.3333333333333333,12.256907078178076,1
91,1,1,0,1,0,1,1,1,1,1,0,0,0,0,0,0,1,0,0,1,1,0,1,1,1,0,1,1,0,0,0,0,1,0,0,0,0.3611111111111111,21.13283328788803,1
92,1,1,0,1,0,1,1,0,0,0,0,0,1,0,0,0,0,0,1,1,1,0,1,0,1,1,0,1,1,0,0,0,1,0,0,0,0.19444444444444445,14.130869792863756,1
93,1,1,0,1,0,1,1,1,1,1,0,0,0,0,0,0,0,0,0,1,1,0,1,0,0,1,1,1,0,0,0,1,1,0,0,0,0.3888888888888889,23.57168771899442,1
94,1,1,0,1,0,1,1,1,0,0,0,0,0,0,0,0,1,0,1,1,1,0,0,0,0,1,0,1,0,0,0,0,1,0,0,0,0.2777777777777778,10.129869385910286,1
95,1,0,1,1,0,1,1,1,1,1,0,0,0,0,0,0,1,0,0,1,1,0,1,0,1,1,1,1,0,0,0,0,1,0,0,0,0.3611111111111111,14.282025204039297,1
96,0,1,0,1,0,1,1,1,0,0,0,0,0,0,0,0,1,0,0,1,1,0,1,1,0,1,1,1,0,0,0,0,1,0,0,1,0.3055555555555556,20.142026447347313,1
97,1,0,0,1,0,1,1,1,1,1,0,0,0,0,0,0,1,0,0,1,0,0,0,0,0,0,1,1,0,0,0,0,1,0,0,0,0.25,17.54957036028863,1
98,1,1,0,1,0,1,1,1,0,0,0,0,0,0,0,0,1,0,0,1,1,0,1,0,0,1,1,1,0,0,0,0,1,0,0,0,0.2777777777777778,11.237075343300202,1
