,0,1,2,3,4,5,6,7,8,9,10,11,12,13,14,15,16,17,18,19,20,21,22,23,24,25,26,27,28,29,30,31,32,33,34,35,chain_break_fraction,energy,num_occurrences
0,0,1,0,1,1,0,0,0,0,0,1,1,1,1,0,0,0,0,0,0,1,0,1,0,1,0,1,0,0,0,0,1,0,1,0,1,0.3888888888888889,5.389808780344122,11
1,0,1,0,1,1,0,0,0,0,0,1,1,1,1,0,0,0,0,0,0,1,0,1,0,1,0,1,0,0,0,0,1,0,1,0,1,0.3611111111111111,5.389808780344122,7
2,0,1,0,1,1,0,0,0,0,0,1,1,1,1,0,0,0,0,0,0,1,0,1,0,1,0,1,0,0,0,0,1,0,1,0,1,0.3611111111111111,5.389808780344122,8
3,0,1,0,1,1,0,0,0,0,0,1,1,1,1,0,0,0,0,0,0,1,0,1,0,1,0,1,0,0,0,0,1,0,1,0,1,0.3333333333333333,5.389808780344122,3
4,0,1,0,1,1,0,0,0,0,0,1,1,1,1,0,0,0,0,0,0,1,0,1,0,0,0,1,0,0,0,0,1,0,1,0,1,0.3611111111111111,5.012891411097806,6
5,0,1,0,1,1,0,0,0,0,0,1,1,1,1,0,0,0,0,0,0,1,0,1,0,1,0,1,0,0,0,0,1,0,1,0,1,0.4166666666666667,5.389808780344122,1
6,0,1,0,1,1,0,0,0,0,0,1,1,1,1,0,0,0,0,0,0,1,0,1,0,1,0,1,0,0,0,0,1,0,1,0,1,0.3611111111111111,5.389808780344122,1
7,0,1,0,1,1,0,0,0,0,0,1,1,1,1,0,0,0,0,0,0,1,0,1,0,1,0,1,0,0,0,0,1,0,1,0,1,0.3333333333333333,5.389808780344122,1
8,0,1,0,1,1,0,0,0,0,0,1,1,1,1,0,0,0,0,0,0,1,0,1,0,1,0,1,0,0,0,0,1,0,1,0,1,0.3611111111111111,5.389808780344122,1
9,0,1,0,1,1,0,0,0,0,0,1,0,1,1,0,0,0,0,0,0,1,0,1,0,1,0,1,0,0,0,0,1,0,1,0,1,0.3611111111111111,3.2802402082334576,1
10,0,1,0,1,1,0,0,0,0,0,1,1,1,1,0,0,0,0,0,0,1,0,1,0,0,0,1,0,0,0,0,1,0,1,0,1,0.3611111111111111,5.012891411097806,1
11,0,1,0,1,1,0,0,0,0,0,1,1,1,1,0,0,0,0,0,0,1,0,1,0,1,0,1,0,0,0,0,1,0,1,0,1,0.3333333333333333,5.389808780344122,1
12,0,1,0,1,1,0,0,0,0,0,1,1,1,1,0,0,0,0,0,0,1,0,1,0,1,0,1,0,0,0,0,1,0,1,0,1,0.3888888888888889,5.389808780344122,1
13,0,1,0,1,1,0,0,0,0,0,1,0,1,1,0,0,0,0,0,0,1,0,1,0,1,0,1,0,0,0,0,1,0,1,0,1,0.3333333333333333,3.2802402082334576,1
14,0,1,0,1,1,0,0,0,0,0,1,1,1,1,0,0,0,0,0,0,1,0,1,0,0,0,1,0,0,0,0,1,0,1,0,1,0.3333333333333333,5.012891411097806,2
15,0,1,0,1,1,0,0,0,0,0,1,1,1,1,0,0,0,0,0,0,1,0,1,0,1,0,1,0,0,0,0,1,0,1,0,1,0.3333333333333333,5.389808780344122,3
16,0,1,0,1,1,0,0,0,0,0,1,1,1,1,0,0,0,0,0,0,1,0,1,0,1,0,1,0,0,0,0,1,0,1,0,1,0.3611111111111111,5.389808780344122,1
17,0,1,0,1,1,0,0,0,1,0,1,1,1,1,0,0,0,0,0,0,1,0,1,0,1,0,1,0,0,0,0,1,0,1,0,1,0.4166666666666667,6.989644246512063,1
18,0,1,0,1,1,0,0,0,0,0,1,1,1,1,0,0,0,0,0,0,1,0,1,0,1,0,1,0,0,0,0,1,0,1,0,1,0.3055555555555556,5.389808780344122,2
19,0,1,0,1,1,0,0,0,0,0,1,1,1,1,0,0,0,0,0,0,1,0,1,0,0,0,1,0,0,0,0,1,0,1,0,1,0.3888888888888889,5.012891411097806,2
20,0,1,0,1,1,0,0,0,0,0,1,0,1,1,0,0,0,0,0,0,1,0,1,0,1,0,1,0,0,0,0,1,0,1,0,1,0.3333333333333333,3.2802402082334576,1
21,0,1,0,1,1,0,0,0,0,0,1,1,1,1,0,0,0,0,0,0,1,0,1,0,1,0,1,0,0,0,0,1,0,1,0,1,0.4166666666666667,5.389808780344122,1
22,0,1,0,1,1,0,0,0,0,0,1,1,1,1,0,0,0,0,0,0,1,0,1,0,1,0,1,0,0,0,0,1,0,1,0,1,0.3055555555555556,5.389808780344122,1
23,0,1,0,1,1,0,0,0,0,0,1,0,1,1,0,0,0,0,0,0,1,0,1,0,1,0,1,0,0,0,0,1,0,1,0,1,0.3333333333333333,3.2802402082334576,1
24,0,1,0,1,1,0,0,0,0,0,1,1,1,1,0,0,0,0,0,0,1,0,1,0,1,0,1,0,0,0,0,1,0,1,0,1,0.4166666666666667,5.389808780344122,1
25,0,1,0,1,1,0,0,0,0,0,1,1,1,1,0,0,0,0,0,0,1,0,1,0,1,0,1,0,0,0,0,1,0,1,0,1,0.3055555555555556,5.389808780344122,1
26,0,1,0,1,1,0,0,0,0,0,1,0,1,1,0,0,0,0,0,0,1,0,1,0,0,0,1,0,0,0,0,1,0,1,0,1,0.3333333333333333,1.9021651730240197,1
27,0,1,0,1,1,0,0,0,0,0,1,1,1,1,0,0,0,0,0,0,1,0,1,0,1,0,1,0,0,0,0,1,0,1,0,1,0.3611111111111111,5.389808780344122,1
28,0,1,0,1,1,0,0,0,1,0,1,1,1,1,0,0,0,0,0,0,1,0,1,0,1,0,1,0,0,0,0,1,0,1,0,1,0.3888888888888889,6.989644246512063,1
29,0,1,0,1,1,0,0,0,0,0,1,1,1,1,0,0,0,0,0,0,1,0,1,0,1,0,1,0,0,0,0,1,0,1,0,1,0.3333333333333333,5.389808780344122,1
30,0,1,0,1,1,0,0,0,0,0,1,1,1,1,0,0,0,0,0,0,1,0,1,0,0,0,1,0,0,0,0,1,0,1,0,1,0.3333333333333333,5.012891411097806,1
31,0,1,0,1,1,0,0,0,0,0,1,1,1,1,0,0,0,0,0,0,1,0,1,0,1,0,1,0,0,0,0,1,0,1,0,1,0.3888888888888889,5.389808780344122,1
32,0,1,0,0,1,0,0,0,0,0,1,1,1,1,0,0,0,0,0,0,1,0,1,0,1,0,1,0,0,0,0,1,0,1,0,1,0.3611111111111111,6.457105260452022,1
33,0,1,0,1,1,0,0,0,0,0,1,1,1,1,0,0,0,0,0,0,1,0,1,0,1,0,1,0,0,0,0,1,0,1,0,1,0.3888888888888889,5.389808780344122,1
34,0,1,0,1,1,0,0,0,0,0,1,1,1,1,0,0,0,0,0,0,1,0,1,0,1,0,1,0,0,0,0,1,0,1,0,1,0.4166666666666667,5.389808780344122,1
35,0,1,0,1,1,0,0,0,0,0,1,1,1,1,0,0,0,0,0,0,1,0,1,0,1,0,1,0,1,0,0,1,0,1,0,1,0.3888888888888889,6.331682154069305,1
36,0,1,0,1,1,0,0,0,0,0,1,1,1,1,0,0,0,0,0,0,1,0,1,0,0,0,1,0,0,0,0,1,0,1,0,1,0.3888888888888889,5.012891411097806,1
37,0,1,0,1,1,0,0,0,0,0,1,1,1,1,0,0,0,0,0,0,1,0,1,0,1,0,1,0,1,0,0,1,0,1,0,1,0.3888888888888889,6.331682154069305,1
38,0,1,0,1,1,0,1,0,0,0,1,1,1,1,0,0,0,0,0,0,1,0,1,0,0,0,1,0,0,0,0,1,0,1,0,1,0.3888888888888889,5.908143340356872,1
39,0,1,0,1,1,0,0,0,0,0,1,1,1,1,0,0,0,0,0,0,1,0,1,0,1,0,1,0,0,0,0,1,0,1,0,1,0.3611111111111111,5.389808780344122,1
40,0,1,0,1,1,0,0,0,0,0,1,1,1,1,0,0,0,0,0,0,1,0,1,0,0,0,1,0,0,0,0,1,0,1,0,1,0.3333333333333333,5.012891411097806,1
41,0,1,0,1,1,0,0,0,0,0,1,1,1,1,0,0,0,0,0,0,1,0,1,0,1,0,1,0,0,0,0,1,0,1,0,1,0.3055555555555556,5.389808780344122,1
42,0,1,0,1,1,0,0,0,0,0,1,1,1,1,0,0,0,0,0,0,1,0,1,0,1,0,1,0,0,0,0,1,0,1,0,1,0.3611111111111111,5.389808780344122,1
43,0,1,0,1,1,0,0,0,0,0,1,1,1,1,0,0,0,0,0,0,1,0,1,0,0,0,1,0,0,0,0,1,0,1,0,1,0.3611111111111111,5.012891411097806,1
44,0,1,0,1,1,0,0,0,0,0,1,1,1,1,0,0,0,0,0,0,1,0,1,0,1,0,1,0,0,0,0,1,0,1,0,1,0.3611111111111111,5.389808780344122,1
45,0,1,0,1,1,0,0,0,0,0,1,1,1,1,0,0,0,0,0,0,1,0,1,0,1,0,1,0,0,0,0,1,0,1,0,1,0.2777777777777778,5.389808780344122,1
46,0,1,0,1,1,0,0,0,0,0,1,1,1,1,0,0,0,0,0,0,1,0,1,0,1,0,1,0,0,0,0,1,0,1,0,1,0.3333333333333333,5.389808780344122,1
47,0,1,0,1,1,0,0,0,0,0,1,1,1,1,0,0,0,0,0,0,1,0,1,0,1,0,1,0,0,0,0,1,0,1,0,1,0.3888888888888889,5.389808780344122,1
48,0,1,0,1,1,0,0,0,0,0,1,1,1,1,0,0,0,0,0,0,1,0,1,0,1,0,1,0,0,0,0,1,0,1,0,1,0.3611111111111111,5.389808780344122,1
49,0,1,0,1,1,0,0,0,0,0,1,1,1,1,0,0,0,0,0,0,1,0,1,0,1,0,1,0,1,0,0,1,0,1,0,1,0.3888888888888889,6.331682154069305,1
50,0,1,0,1,1,0,0,0,1,0,1,1,1,1,0,0,0,0,0,0,1,0,1,0,1,0,1,0,0,0,0,1,0,1,0,1,0.3055555555555556,6.989644246512063,1
51,0,1,0,1,1,0,0,0,0,0,1,1,1,1,0,0,0,0,0,0,1,0,1,0,0,0,1,0,0,0,0,1,0,1,0,0,0.3333333333333333,6.289588866911912,1
52,0,1,0,1,1,0,0,0,0,1,1,0,1,1,0,0,0,0,0,0,1,0,1,0,1,0,1,0,0,0,0,1,0,1,0,1,0.3333333333333333,5.047231832545888,1
53,0,1,0,1,1,0,0,0,0,0,1,0,1,1,0,0,0,0,0,0,1,0,1,0,1,0,1,0,0,0,0,1,0,1,0,1,0.3055555555555556,3.2802402082334576,1
54,0,1,0,1,1,0,1,0,0,0,1,1,1,1,0,0,0,0,0,0,1,0,1,0,1,0,1,0,0,0,0,1,0,1,0,1,0.3888888888888889,5.772946212405209,1
55,0,1,0,1,1,0,0,0,0,0,1,1,1,1,0,0,0,0,0,0,1,0,1,0,1,0,1,0,0,0,0,1,0,1,0,0,0.3055555555555556,5.1809573401714015,1
56,0,1,0,1,1,0,0,0,0,0,1,1,1,1,0,0,0,0,0,0,1,0,1,0,1,0,1,0,0,0,0,1,0,1,0,1,0.3888888888888889,5.389808780344122,1
57,0,1,0,1,1,0,0,0,0,0,1,0,1,1,0,0,0,0,0,0,1,0,1,0,0,0,1,0,0,0,0,1,0,1,0,1,0.4166666666666667,1.9021651730240197,1
58,0,1,0,0,1,0,0,0,0,0,1,1,1,1,0,0,0,0,0,0,1,0,1,0,1,0,1,0,0,0,0,1,0,1,0,1,0.3333333333333333,6.457105260452022,1
59,0,1,0,1,1,0,0,0,0,1,1,1,1,1,0,0,0,0,0,0,1,0,1,0,1,0,1,0,0,0,0,1,0,1,0,1,0.3333333333333333,10.58947971268002,1
60,0,1,0,1,1,0,0,0,1,0,1,1,1,1,0,0,0,0,0,0,1,0,1,0,1,0,1,0,0,0,0,1,0,1,0,1,0.4166666666666667,6.989644246512063,1
61,0,1,0,1,1,0,0,0,0,0,1,1,1,1,0,0,0,0,0,0,1,0,1,0,1,0,1,0,0,0,0,1,0,1,0,1,0.3888888888888889,5.389808780344122,1
62,0,1,0,1,1,0,1,0,0,0,1,1,1,1,0,0,0,0,0,0,1,0,1,0,1,0,1,0,0,0,0,1,0,1,0,1,0.3611111111111111,5.772946212405209,1
63,0,1,1,1,1,0,0,0,0,1,1,0,1,1,0,0,0,0,0,0,1,0,1,0,1,0,1,0,0,0,0,1,0,1,0,1,0.3611111111111111,5.389207635713673,1
64,0,1,1,1,1,0,0,0,0,0,1,1,1,1,0,0,0,0,0,0,1,0,1,0,1,0,1,0,0,0,0,1,0,1,0,1,0.4166666666666667,5.856160540290176,1
