,0,1,2,3,4,5,6,7,8,9,10,11,12,13,14,15,16,17,18,19,20,21,22,23,24,25,26,27,28,29,30,31,32,33,34,35,36,37,38,39,40,41,42,43,44,45,46,47,48,49,50,51,52,53,chain_break_fraction,energy,num_occurrences
0,0,1,0,1,0,0,1,0,1,0,0,0,0,0,0,0,1,1,1,1,0,0,1,0,1,0,0,0,0,1,1,0,0,0,0,0,0,0,1,1,0,0,1,0,0,1,1,0,0,1,1,0,1,0,0.24074074074074073,211.31238407259062,1
1,0,1,0,1,0,0,1,0,1,0,0,0,0,0,0,0,1,1,1,1,0,0,1,0,1,0,0,0,0,1,1,0,0,0,0,0,0,0,1,1,0,0,1,0,0,1,1,0,0,1,1,0,1,0,0.2777777777777778,211.31238407259062,1
2,0,1,0,1,0,0,1,0,1,0,0,0,0,0,0,0,1,1,1,1,0,0,1,0,0,1,0,1,0,1,1,0,0,0,0,0,0,0,1,1,0,0,1,0,0,1,1,0,0,0,1,0,1,0,0.25925925925925924,198.9508259646699,1
3,0,1,0,1,0,0,1,0,1,1,0,0,0,0,0,0,1,1,1,1,0,0,1,0,0,1,0,1,0,1,1,0,0,0,0,0,0,0,0,0,0,0,1,0,0,1,1,0,0,1,1,0,1,0,0.25925925925925924,186.8150425349471,1
4,0,1,0,1,0,0,1,0,1,1,0,0,0,0,0,0,1,1,1,1,0,0,1,0,1,1,0,1,0,1,1,0,0,0,0,0,0,0,0,1,0,0,1,0,0,1,1,0,0,0,1,0,1,0,0.2777777777777778,202.47581723070832,1
5,0,1,0,1,0,0,0,0,1,0,1,0,0,0,0,0,1,1,1,1,0,0,1,0,1,1,0,1,0,1,1,0,0,0,0,0,0,0,0,1,0,0,1,0,0,1,1,0,0,1,1,0,1,0,0.2777777777777778,188.6834527946028,1
6,0,1,0,1,0,0,1,0,1,1,0,0,0,0,0,0,1,1,1,1,0,0,1,0,1,0,0,1,0,1,1,0,1,0,0,0,0,0,1,1,0,0,1,0,0,1,1,0,0,1,1,1,1,0,0.2222222222222222,317.50324976293376,1
7,0,1,0,1,0,0,1,0,1,1,0,0,0,1,0,0,1,1,1,1,0,0,1,0,0,0,0,0,0,1,1,0,0,0,0,0,0,0,0,1,0,0,1,0,0,1,1,0,0,1,1,1,1,0,0.2222222222222222,188.2461262064188,1
8,0,1,0,1,0,0,1,0,1,0,0,0,0,0,0,0,1,1,1,1,0,0,1,0,0,0,0,1,0,1,1,0,0,0,0,0,0,0,0,1,0,0,1,0,0,1,1,0,0,1,1,1,1,0,0.25925925925925924,181.70309146028325,1
9,0,1,0,1,0,0,1,0,1,0,0,0,0,0,0,0,1,1,1,1,0,0,1,0,0,0,0,0,0,1,1,0,0,0,0,0,0,0,0,1,0,0,1,0,0,1,1,0,0,1,1,1,1,0,0.24074074074074073,173.9576645746201,1
10,0,1,1,1,0,0,1,0,1,0,0,0,0,0,0,0,1,1,1,1,0,0,1,0,1,0,0,1,0,1,1,0,0,0,0,0,0,0,0,1,0,0,1,0,0,1,1,0,0,0,1,0,1,0,0.24074074074074073,247.1049917632162,1
11,0,1,0,1,0,0,1,0,1,1,1,0,0,0,0,0,1,1,1,0,0,0,1,0,0,0,0,0,0,1,1,0,1,0,0,0,0,0,1,1,0,0,1,0,0,1,1,0,0,1,1,0,1,0,0.25925925925925924,288.06412659528525,1
12,0,1,0,1,0,0,1,0,1,0,1,0,0,0,0,0,1,1,1,0,0,0,1,0,1,0,0,1,0,1,1,0,0,0,0,0,0,0,0,0,0,0,1,0,0,1,1,0,0,1,0,0,1,0,0.25925925925925924,173.69045171224056,1
13,0,1,0,1,0,0,1,0,1,0,1,0,0,0,0,0,1,1,1,1,0,0,1,0,1,0,0,1,0,1,1,0,0,0,1,0,0,0,1,0,0,0,1,0,0,1,1,0,0,0,1,0,1,0,0.2962962962962963,196.54785456568487,1
14,0,1,0,1,0,0,1,0,1,1,0,0,0,1,0,0,1,1,1,1,0,0,1,0,1,0,0,0,0,1,1,0,1,0,1,0,0,0,1,1,0,0,1,0,0,1,1,0,0,1,1,0,1,0,0.2777777777777778,284.957061101654,1
15,0,1,1,1,0,0,0,0,1,0,1,0,0,0,0,0,1,1,1,1,0,0,1,0,1,0,0,1,0,1,1,0,0,0,0,0,0,0,0,1,0,0,1,0,0,1,1,0,0,1,1,0,1,0,0.3148148148148148,239.68006826544777,1
16,0,1,0,1,0,0,1,0,1,1,0,0,0,0,0,0,1,1,1,1,0,0,1,0,1,1,0,1,1,1,1,0,0,0,0,0,0,0,0,1,0,0,1,0,0,1,1,0,0,1,1,0,1,0,0.25925925925925924,189.1731624531679,1
17,0,1,0,1,0,0,1,0,1,1,0,0,0,0,0,0,1,1,1,1,0,0,1,0,1,1,0,0,0,1,1,0,0,0,0,0,0,0,1,1,0,0,1,0,0,1,1,0,1,1,1,0,1,0,0.3148148148148148,208.89998264722644,1
18,0,1,0,1,0,0,1,0,1,1,0,0,0,0,0,0,1,1,1,1,0,0,1,0,1,0,0,1,0,1,1,0,0,0,0,0,0,0,0,1,0,0,1,0,0,0,1,0,0,0,1,0,1,0,0.2962962962962963,183.66924458071702,1
19,0,1,0,1,0,0,1,0,1,1,0,0,0,0,0,0,1,1,1,1,0,0,1,0,1,0,1,1,0,1,1,0,0,0,0,0,0,0,1,1,0,0,1,0,0,1,1,0,0,1,1,0,1,0,0.2962962962962963,227.57320490198256,1
20,0,1,0,1,0,0,0,0,1,1,0,0,0,1,0,0,1,1,1,1,0,0,1,0,1,1,0,1,0,1,1,0,0,0,0,0,0,0,0,1,0,0,1,0,0,1,1,0,0,1,1,0,0,0,0.24074074074074073,224.51100083832293,1
21,0,1,0,1,0,0,1,0,1,1,0,0,0,0,0,0,1,1,1,1,0,0,1,0,1,1,0,1,0,1,1,0,0,0,0,0,0,0,0,1,0,0,1,0,0,1,1,0,0,1,1,0,1,0,0.3148148148148148,189.82229435668867,1
22,0,1,0,1,0,0,1,0,1,0,0,0,1,0,0,0,1,1,1,1,0,1,1,0,1,1,0,1,0,1,1,0,0,0,0,0,0,0,0,1,0,0,1,0,0,1,1,0,0,0,1,0,1,0,0.24074074074074073,223.53102503732802,1
23,0,1,0,1,0,0,1,0,1,1,0,0,0,0,0,0,1,1,1,0,0,0,1,0,1,1,0,1,0,1,1,0,1,0,0,0,1,0,0,1,0,0,1,0,0,1,1,0,0,1,1,0,1,0,0.2962962962962963,223.9880536016578,1
24,0,1,0,1,0,0,1,0,1,1,0,0,1,0,0,0,1,1,1,1,0,0,1,0,0,1,0,1,0,1,1,0,0,0,1,0,0,0,1,1,0,0,1,0,0,1,1,0,0,1,1,0,1,0,0.2037037037037037,224.09337394146064,1
25,0,1,0,1,0,0,1,0,1,1,0,0,0,0,0,0,1,1,1,1,0,0,1,0,1,0,0,1,0,1,1,0,1,0,1,0,0,0,0,1,0,0,1,0,0,1,1,0,0,1,1,0,1,0,0.3333333333333333,230.3213608452195,1
26,0,1,0,1,0,0,1,0,1,1,1,0,0,0,1,0,1,1,1,1,0,0,0,0,0,1,0,0,0,1,1,0,0,0,1,0,0,0,0,1,0,0,1,0,0,1,1,0,0,1,1,0,1,0,0.25925925925925924,240.429162423033,1
27,0,1,0,1,0,0,1,0,1,0,0,0,0,1,0,0,1,1,1,1,0,0,0,0,0,0,0,0,0,1,1,0,0,0,0,0,1,0,0,1,0,0,1,0,0,1,1,0,1,1,1,0,1,0,0.2962962962962963,184.33980823768087,1
28,0,1,0,0,0,0,1,0,1,1,0,0,0,0,0,0,1,1,1,0,0,0,1,0,1,0,0,1,0,1,1,0,0,0,1,0,0,0,0,1,0,0,1,0,0,1,1,0,0,0,1,0,1,0,0.24074074074074073,158.6228605902109,1
29,0,1,0,1,0,0,1,0,1,1,0,0,0,0,0,1,1,1,1,0,0,0,1,0,1,1,0,1,0,1,1,0,1,0,0,0,0,0,0,0,0,0,1,0,0,1,1,0,0,0,1,0,1,0,0.2777777777777778,196.60381536681336,1
30,0,1,0,1,0,0,1,0,1,1,0,0,0,0,0,0,1,1,1,1,0,0,1,0,1,1,0,1,0,1,1,0,0,0,0,0,1,0,1,1,0,0,1,0,1,1,1,0,0,0,1,1,1,0,0.2962962962962963,279.6726705009867,1
31,0,1,0,1,0,0,1,0,1,0,0,0,0,0,0,0,1,1,1,1,0,0,1,0,1,0,0,0,0,1,1,0,1,0,0,0,0,0,0,1,0,0,1,0,0,1,1,0,0,1,0,0,1,0,0.24074074074074073,166.90765801666538,1
32,0,1,0,1,0,0,1,0,1,0,0,0,0,1,0,0,1,1,1,1,0,0,1,0,1,1,0,0,0,1,1,0,0,0,0,0,0,0,1,0,0,0,1,0,0,1,1,0,0,0,1,1,1,0,0.3333333333333333,218.9507796073965,1
33,0,1,0,1,0,0,1,0,1,1,0,0,0,0,0,0,1,1,1,1,0,0,1,0,1,1,0,0,0,1,1,0,0,0,1,0,0,0,0,1,0,0,1,0,0,1,1,0,0,0,1,0,1,0,0.3148148148148148,189.58288989371556,1
34,0,1,0,1,0,0,1,0,1,1,0,0,0,0,0,0,1,1,1,0,0,0,0,0,0,1,0,0,0,1,1,0,0,0,0,0,0,0,0,1,0,0,1,0,1,1,1,0,1,0,1,0,1,0,0.3148148148148148,208.88053047913033,1
35,0,1,0,1,0,0,0,0,1,1,0,0,0,0,0,0,1,1,0,1,0,0,1,0,1,0,0,1,0,1,1,0,0,0,0,0,0,0,1,1,0,0,1,0,0,1,1,0,0,1,1,1,1,0,0.2777777777777778,246.98361282155818,1
36,0,1,0,1,0,0,1,0,1,0,0,0,0,1,0,0,1,1,1,1,0,0,1,0,1,0,0,0,0,1,1,0,0,0,0,0,0,0,0,1,0,0,0,0,0,1,1,0,0,1,1,0,1,0,0.2777777777777778,199.34736926364485,1
37,0,1,0,1,0,0,1,0,1,0,0,0,0,0,0,1,1,1,1,1,0,0,1,0,1,1,0,1,0,1,1,0,0,0,0,0,1,0,0,1,0,0,1,0,0,1,1,0,0,1,1,0,1,0,0.35185185185185186,192.7003013692348,1
38,0,1,0,1,0,0,1,0,1,0,1,0,0,0,0,0,1,1,1,0,0,0,1,0,1,1,0,0,0,1,1,0,0,0,0,0,0,0,0,1,0,0,1,0,0,1,1,0,1,1,1,1,1,0,0.25925925925925924,179.78897675342307,1
39,0,1,0,1,0,0,1,0,1,0,1,0,0,0,0,0,1,1,1,1,0,0,1,0,1,0,0,0,0,1,1,0,0,0,0,0,0,0,0,1,0,0,1,0,0,1,1,0,0,1,1,1,1,0,0.2962962962962963,180.44455321874088,1
40,0,1,0,1,0,0,1,0,1,1,0,0,0,0,0,0,1,1,0,1,0,0,0,0,1,0,0,0,0,1,1,0,0,0,0,0,0,0,0,1,0,0,1,0,0,0,1,0,0,0,1,0,1,0,0.24074074074074073,155.178411982354,1
41,0,1,0,1,0,0,1,0,1,0,0,0,0,0,0,0,1,1,1,1,0,1,1,0,1,0,0,1,0,1,1,0,0,0,1,0,0,0,0,0,0,0,1,0,0,1,1,0,0,1,1,1,1,0,0.2777777777777778,178.7741864149359,1
42,0,1,0,0,0,0,1,0,1,1,0,0,0,0,0,0,1,1,1,1,0,0,1,0,1,1,0,1,0,1,1,0,0,0,0,0,0,0,0,1,0,0,1,0,0,1,1,0,0,1,1,0,1,0,0.2962962962962963,178.15021181631678,1
43,0,1,0,1,0,0,1,0,1,1,0,0,0,1,0,0,1,1,1,0,0,0,1,0,1,0,0,0,0,1,1,0,0,0,0,0,0,0,0,1,0,0,1,0,0,1,1,0,1,0,1,1,1,0,0.24074074074074073,176.31902031438608,1
44,0,1,0,1,0,0,0,0,1,1,0,0,0,0,0,0,1,1,1,1,0,0,1,0,1,1,0,1,0,1,1,0,0,0,1,0,1,0,0,1,0,0,1,0,0,1,1,0,0,1,1,1,1,0,0.25925925925925924,185.0066255487816,1
45,0,1,0,1,0,0,1,0,1,0,0,0,0,1,0,0,1,1,1,1,0,1,1,0,1,0,0,1,0,1,1,0,0,0,0,0,0,0,0,1,0,0,1,0,0,1,1,0,0,1,1,0,1,0,0.3333333333333333,200.34394457751452,1
46,0,1,0,1,0,0,0,0,1,1,0,0,0,0,0,1,1,1,1,1,0,1,1,0,0,1,0,0,0,1,1,0,0,0,0,0,1,0,0,1,0,0,1,0,0,1,1,0,0,1,1,0,1,0,0.24074074074074073,193.59034215564645,1
47,0,1,0,1,0,0,1,0,1,1,0,0,0,0,1,0,1,1,1,1,0,0,1,0,1,1,0,1,0,1,1,0,0,0,1,0,0,0,0,1,0,0,1,0,0,1,1,0,0,1,1,1,1,0,0.24074074074074073,237.88083927893032,1
48,0,1,0,1,0,0,1,0,1,0,0,0,0,1,0,0,1,1,1,1,0,0,1,0,0,1,0,0,0,1,1,0,1,0,1,0,0,0,0,0,0,0,1,0,0,1,1,0,0,1,1,0,1,0,0.3333333333333333,208.1621797305454,1
49,0,1,0,1,0,0,0,0,1,1,0,0,0,0,0,0,1,0,1,0,0,0,1,0,1,0,0,1,0,1,1,0,0,0,0,0,0,0,0,1,0,0,1,0,0,1,1,0,0,0,1,0,1,0,0.2777777777777778,134.1975610944946,1
50,0,1,0,0,0,0,1,0,1,0,0,0,0,1,0,0,1,1,1,1,0,0,1,0,1,0,0,0,0,1,1,0,0,0,1,0,0,0,0,1,0,0,1,0,0,1,1,0,0,0,1,0,1,0,0.3148148148148148,174.6235904743896,1
51,0,1,0,1,0,0,1,0,1,1,0,0,0,0,0,0,1,1,1,1,0,0,0,0,0,0,0,0,0,1,1,0,0,0,0,0,1,0,0,1,0,0,1,0,0,1,1,0,0,1,1,1,1,0,0.25925925925925924,177.65398175359297,1
52,0,1,0,0,0,0,1,0,1,1,0,0,0,0,0,0,1,1,0,1,0,0,1,0,1,1,0,1,0,1,1,0,0,0,0,0,0,0,0,0,0,0,1,0,0,1,1,0,0,1,1,1,1,0,0.24074074074074073,173.16365276467937,1
53,0,1,0,0,0,0,1,0,1,0,0,0,0,0,0,0,1,1,1,1,0,0,0,0,1,1,0,1,0,1,1,0,0,0,0,0,1,0,0,1,0,0,1,0,0,0,1,0,0,1,1,0,1,0,0.25925925925925924,166.3598221038744,1
54,0,1,0,1,0,0,1,0,1,0,0,0,0,0,1,0,1,1,1,1,0,0,0,0,1,0,0,1,0,1,1,0,0,0,0,0,0,0,1,0,0,0,1,0,0,1,1,0,0,1,1,1,1,0,0.35185185185185186,238.47714712516927,1
55,0,1,0,1,0,0,1,0,1,0,0,0,0,0,0,0,1,1,1,1,0,0,1,0,1,1,0,0,0,1,1,0,0,0,1,0,0,0,0,1,0,0,1,0,0,1,1,0,1,0,1,0,1,0,0.3333333333333333,175.63561282788547,1
56,0,1,0,1,0,0,1,0,1,0,0,0,0,0,0,0,1,1,0,1,0,0,1,0,1,1,0,0,0,1,1,0,0,0,1,0,0,0,0,1,0,0,1,0,0,1,1,0,0,1,1,0,1,0,0.25925925925925924,174.20662560105478,1
57,0,1,0,1,0,0,1,0,1,0,0,0,0,0,0,1,1,1,1,1,0,0,1,0,1,0,0,1,0,1,1,0,0,0,0,0,0,0,0,0,0,0,1,0,0,1,1,0,0,1,1,0,1,0,0.3148148148148148,184.1373708950662,1
58,0,1,0,1,0,0,1,0,1,0,0,0,0,1,0,0,1,1,1,1,0,0,1,0,0,0,0,0,0,1,1,0,0,0,1,0,1,0,0,1,0,0,1,0,0,1,1,0,0,0,1,1,1,0,0.2777777777777778,178.74926148428386,1
59,0,1,0,0,0,1,1,0,1,0,0,0,0,0,0,1,1,1,1,1,0,0,1,0,0,1,0,1,0,1,1,0,0,0,1,0,0,0,0,1,0,0,1,0,0,1,1,0,0,1,1,0,1,0,0.25925925925925924,233.20767784234795,1
60,0,1,0,1,0,0,1,0,1,0,0,0,0,1,0,0,1,1,1,0,0,0,1,0,1,0,0,1,0,1,1,0,0,0,1,0,1,0,0,1,0,0,1,0,0,1,1,0,0,0,1,0,1,0,0.24074074074074073,173.4480096538199,1
61,0,1,0,1,0,0,1,0,1,0,0,0,0,0,0,1,1,1,1,1,0,0,1,0,1,0,0,1,0,1,1,0,0,0,1,0,0,0,0,1,0,0,1,0,0,1,1,0,1,0,1,1,1,0,0.2777777777777778,178.74895570935539,1
62,1,1,0,1,0,0,1,0,1,1,0,0,0,0,0,0,1,1,1,1,0,0,1,0,1,0,0,1,0,1,1,0,0,0,0,0,0,0,1,1,0,0,0,0,0,0,1,0,0,1,1,0,1,0,0.25925925925925924,198.8477923079169,1
63,1,1,0,1,0,0,1,0,1,1,0,0,0,0,0,0,1,1,1,1,0,0,1,0,1,1,0,1,0,1,1,0,0,0,0,0,0,0,0,1,0,0,1,0,0,1,1,0,0,1,1,0,1,0,0.3148148148148148,202.53031132544365,1
64,0,1,1,1,0,0,1,0,1,1,0,0,0,0,0,0,1,1,1,1,0,0,1,0,0,0,0,1,0,1,1,0,0,0,0,0,0,0,0,0,0,0,0,0,0,1,1,0,0,1,1,1,1,0,0.2777777777777778,238.0861605642532,1
65,0,1,0,1,0,0,1,0,1,0,0,0,0,1,0,0,1,1,1,1,0,0,1,0,1,0,0,1,0,1,1,0,0,0,1,0,0,0,0,0,0,0,1,0,0,1,1,0,0,1,1,0,1,0,0.3333333333333333,185.11386430346224,1
66,0,1,0,1,0,0,1,0,1,0,0,0,0,1,0,0,1,1,1,1,0,0,1,0,1,1,0,0,0,1,1,0,0,0,0,0,0,0,1,0,0,0,1,0,0,1,1,0,0,1,1,0,1,0,0.2222222222222222,217.71774883369326,1
67,0,1,0,1,0,0,1,0,1,1,0,0,0,0,0,0,1,1,1,1,0,0,1,0,1,1,0,1,0,1,1,0,0,0,0,0,0,0,0,1,0,0,1,0,0,0,1,0,0,1,1,0,1,0,0.3148148148148148,196.98533868487615,1
68,0,1,0,1,0,1,1,0,1,0,0,0,0,0,0,0,1,1,1,1,0,0,0,0,1,0,0,1,0,1,1,0,0,0,0,0,0,0,0,0,0,0,1,0,0,1,1,0,0,1,1,0,1,0,0.3333333333333333,217.6656047602447,1
69,0,1,0,1,0,0,1,0,1,0,1,0,0,0,1,0,1,1,1,1,0,1,0,0,1,0,0,0,0,1,1,0,0,0,1,0,0,0,1,1,0,0,1,0,0,1,1,0,0,1,1,0,1,0,0.2777777777777778,237.21400689947916,1
70,0,0,0,1,0,0,1,0,1,0,0,0,0,0,0,0,1,1,1,0,0,1,1,0,1,1,0,1,0,1,1,0,0,1,0,0,0,0,0,1,0,0,1,0,0,1,1,0,1,0,1,0,1,0,0.24074074074074073,160.6748839469688,1
71,0,1,0,1,0,0,1,0,1,1,0,0,0,0,0,0,1,1,1,1,0,0,1,0,1,0,0,0,0,1,1,0,1,0,0,0,0,0,0,0,0,0,1,0,0,1,1,0,0,0,1,0,1,0,0.25925925925925924,184.70073799097665,1
72,0,1,0,1,0,0,1,0,1,0,0,0,0,0,1,0,1,1,0,1,0,0,1,0,1,1,0,1,0,1,1,0,0,0,1,0,1,0,0,0,0,0,1,0,0,1,1,0,0,0,1,0,1,0,0.24074074074074073,236.2677316337329,1
73,0,0,1,0,1,1,0,1,0,0,1,1,1,0,1,1,0,0,0,1,1,1,0,1,0,1,1,0,1,0,0,1,1,1,0,1,1,1,0,0,1,1,0,1,0,0,0,1,1,1,0,0,0,1,0.3333333333333333,460.4854470032264,1
74,0,1,0,1,0,0,1,0,1,1,0,0,0,0,0,0,1,1,1,1,0,0,0,0,0,1,0,1,0,1,1,0,0,0,0,0,0,0,1,1,0,0,1,0,0,1,1,0,0,1,1,0,1,0,0.35185185185185186,219.78080053244335,1
75,0,1,0,1,0,0,1,0,1,1,1,0,0,0,0,0,1,1,0,1,0,0,0,0,1,0,0,0,0,1,1,0,0,1,0,0,0,0,1,1,0,0,1,0,1,0,1,0,0,0,1,0,1,0,0.3333333333333333,251.54847836769466,1
76,1,0,1,0,1,1,0,1,0,0,1,1,1,1,1,0,0,0,0,0,1,0,0,1,0,0,1,0,1,0,0,1,1,1,0,1,1,1,0,0,1,1,0,1,0,0,0,1,1,0,0,1,0,1,0.2962962962962963,438.34010589542555,1
77,0,0,0,1,0,0,0,0,1,0,0,0,0,1,0,0,1,1,1,1,0,0,1,0,1,1,0,0,0,1,1,0,0,0,1,0,0,0,0,1,0,0,1,0,0,1,1,0,0,0,0,0,1,0,0.2962962962962963,190.37993364270073,1
78,0,1,0,1,0,0,1,0,1,1,0,0,0,0,0,1,1,0,1,1,0,1,1,0,1,1,0,1,0,1,1,0,0,0,0,0,0,0,0,0,0,0,1,0,1,1,1,0,0,1,1,0,1,0,0.37037037037037035,183.0157871790455,1
79,0,1,0,1,0,0,1,0,1,1,1,0,0,1,0,0,1,1,1,1,0,1,0,0,1,0,0,1,0,1,1,0,1,0,1,0,0,0,0,0,0,0,1,0,0,0,1,0,0,1,1,0,1,0,0.3333333333333333,200.2685173682946,1
80,0,1,0,1,0,0,0,0,1,0,0,0,0,0,0,1,1,1,1,1,0,0,1,0,0,0,0,0,0,1,1,0,0,0,0,0,0,0,0,1,0,0,1,0,0,0,1,0,0,1,1,0,1,0,0.2962962962962963,172.44406341963574,1
81,1,1,0,1,0,0,1,0,1,0,0,0,0,0,0,0,1,1,1,1,0,0,1,0,0,0,0,0,0,1,1,0,1,1,1,0,1,0,0,1,0,0,1,0,0,0,1,0,0,0,1,0,1,0,0.2777777777777778,208.34336194648833,1
82,0,1,0,1,0,0,1,0,1,1,1,0,0,0,0,0,1,1,1,1,0,0,1,0,0,0,0,1,0,1,1,0,0,0,1,0,1,0,1,0,0,0,1,0,0,1,1,0,0,0,1,0,1,0,0.35185185185185186,203.86499167019934,1
83,1,0,1,0,1,0,0,1,0,0,1,1,1,0,1,1,0,0,0,0,1,1,0,1,0,1,1,0,1,0,0,1,1,1,1,1,1,1,1,0,1,1,0,1,0,0,0,1,0,0,0,0,0,1,0.2962962962962963,455.5769515130488,1
84,0,1,0,1,0,0,1,0,1,0,1,0,0,0,0,0,1,1,0,1,0,0,1,0,1,0,0,0,0,1,1,0,0,0,0,0,0,0,0,1,0,0,1,0,1,1,1,0,0,0,1,1,1,0,0.2222222222222222,201.6205119413699,1
85,0,1,0,0,0,0,1,0,1,0,0,0,0,0,0,0,1,1,1,1,0,0,0,0,1,0,0,0,0,1,1,0,0,0,0,0,0,0,0,1,0,0,0,0,0,0,1,0,1,1,1,0,1,0,0.2222222222222222,156.3218153437529,1
86,1,0,1,0,1,1,0,1,0,1,0,1,1,1,0,1,0,0,0,0,1,1,0,1,0,1,1,0,1,0,0,1,1,1,0,1,1,1,0,0,1,1,0,1,1,0,0,1,1,1,0,0,0,1,0.35185185185185186,456.00612664319516,1
87,0,1,0,1,0,0,1,0,1,1,1,0,0,0,0,0,1,1,0,0,0,0,1,0,1,1,0,0,0,1,1,0,0,0,0,0,0,0,0,1,0,0,1,0,0,1,1,0,1,1,1,0,1,0,0.25925925925925924,180.3022909979639,1
88,0,1,0,1,0,0,1,0,1,0,0,0,0,1,0,0,1,1,1,1,0,0,0,0,0,1,0,1,0,1,1,0,0,0,0,0,0,0,1,0,0,0,1,0,0,0,1,0,0,0,1,1,1,0,0.2962962962962963,198.05740049850917,1
89,1,1,0,1,0,0,1,0,1,0,0,0,1,0,0,0,1,1,1,1,0,0,1,0,0,1,0,1,0,1,1,0,0,0,0,0,0,0,0,1,0,0,1,0,0,1,1,0,0,1,1,1,1,0,0.2962962962962963,193.04212964099904,1
90,0,0,0,0,0,0,1,0,1,0,0,0,1,0,0,0,1,1,1,0,0,0,1,0,1,0,0,1,0,1,1,0,0,0,0,0,0,0,1,1,0,0,1,0,0,1,1,0,0,0,1,0,1,0,0.2962962962962963,223.28240768929297,1
91,0,1,0,1,0,0,1,0,1,1,0,0,0,0,0,0,1,1,0,0,0,0,1,0,1,0,0,1,0,1,0,0,0,0,0,0,1,0,0,1,0,0,1,0,0,0,1,0,0,0,1,0,1,0,0.24074074074074073,156.9817277477141,1
92,0,1,0,1,0,0,1,0,1,0,0,0,0,1,0,0,1,1,1,1,0,0,0,0,1,0,0,0,0,1,1,0,0,0,0,0,1,0,0,0,0,0,1,0,0,0,1,0,0,1,1,0,1,0,0.4074074074074074,176.44294780191453,1
93,0,1,0,1,0,0,1,0,0,0,1,0,0,0,0,1,1,1,1,1,0,0,1,0,1,0,0,1,0,1,1,0,0,0,0,0,0,0,0,1,0,0,1,0,0,1,1,0,0,1,1,0,1,0,0.25925925925925924,151.72539667701957,1
94,1,0,1,0,1,0,0,1,0,1,1,1,1,1,1,1,0,0,0,0,1,1,1,1,0,1,1,0,0,0,0,1,1,1,1,1,1,1,0,0,1,1,0,1,0,0,0,1,1,1,0,1,0,1,0.3888888888888889,442.6180996018193,1
95,0,1,0,0,0,0,0,0,1,0,0,0,0,1,0,0,1,1,1,1,0,0,1,0,0,1,0,1,0,1,1,0,0,0,1,0,1,0,0,1,0,0,0,0,0,1,1,0,0,1,1,0,1,0,0.2962962962962963,180.35526897010791,1
96,0,0,0,1,0,0,1,0,1,1,0,0,0,0,0,0,1,1,0,1,0,0,0,0,0,1,0,0,0,1,1,0,0,0,1,0,0,0,0,0,0,0,1,0,0,0,0,0,0,1,1,1,1,0,0.2777777777777778,148.92714045746862,1
97,1,0,1,0,1,1,0,1,0,1,1,1,1,1,0,1,0,0,0,0,1,1,0,1,0,0,1,0,1,0,0,1,1,1,0,1,1,1,0,0,1,1,0,1,1,0,0,1,0,1,0,0,0,1,0.35185185185185186,446.97673159245653,1
98,1,0,1,0,0,0,0,1,0,1,1,1,1,0,1,1,0,0,0,0,1,1,0,1,0,1,1,1,1,0,0,0,0,1,0,1,1,1,1,0,1,1,0,1,1,0,0,1,0,0,0,0,0,1,0.37037037037037035,442.5920936922679,1
99,0,0,1,0,1,1,0,1,0,0,1,1,1,0,1,1,0,0,1,0,1,1,0,1,0,1,1,0,1,0,0,1,1,1,0,1,1,1,0,0,1,1,0,1,0,0,0,1,0,0,0,0,0,1,0.2777777777777778,484.35390525042544,1
