,0,1,2,3,4,5,6,7,8,9,10,11,12,13,14,15,16,17,18,19,20,21,22,23,24,25,26,27,28,29,30,31,32,33,34,35,36,37,38,39,40,41,42,43,44,45,46,47,48,49,50,51,52,53,chain_break_fraction,energy,num_occurrences
0,0,1,0,0,0,0,0,1,0,0,0,0,0,1,1,0,1,1,1,1,0,0,0,1,0,0,1,1,1,0,0,0,0,0,0,1,0,0,1,0,1,1,0,0,0,1,1,0,0,1,0,0,0,0,0.2962962962962963,271.84666281899945,1
1,0,1,0,0,0,0,0,1,0,0,0,0,0,1,1,0,1,1,1,0,0,1,0,1,0,0,1,1,1,0,0,1,0,0,0,1,0,0,1,0,1,1,0,0,0,1,1,0,0,1,0,0,0,0,0.2777777777777778,249.87796366109555,1
2,0,1,0,0,0,0,0,1,0,0,1,0,0,1,1,0,1,1,1,0,0,1,0,1,0,0,1,1,1,0,0,0,0,0,1,1,0,0,1,0,1,1,0,0,0,1,1,0,0,1,0,0,0,0,0.3333333333333333,272.51967574076156,1
3,0,1,0,0,0,0,0,1,0,0,0,1,0,1,1,0,1,1,1,0,0,1,0,1,0,0,1,1,1,0,0,0,0,1,1,1,0,0,1,0,1,1,0,0,0,0,1,0,0,1,0,0,0,0,0.3148148148148148,318.3891982165994,1
4,0,1,0,0,0,0,0,1,0,0,0,1,0,1,1,0,1,1,1,0,0,1,0,1,0,0,1,1,1,0,0,1,0,0,1,1,0,0,1,0,0,1,0,0,0,0,1,0,0,1,0,0,0,0,0.2962962962962963,334.63870642908137,1
5,0,1,0,0,0,0,0,1,0,0,1,1,0,1,1,0,1,1,1,0,0,0,0,1,0,0,1,1,1,0,0,1,0,0,1,1,0,0,1,0,1,1,0,0,0,0,1,0,0,1,0,0,0,0,0.25925925925925924,334.9430831979305,1
6,0,1,0,0,0,0,0,1,0,0,0,1,0,1,1,0,1,1,1,0,0,0,0,1,0,0,1,1,1,0,0,1,0,0,1,1,0,0,1,0,1,1,0,0,0,1,1,0,0,1,0,0,0,0,0.2962962962962963,296.1566961953376,1
7,0,1,0,0,0,0,0,1,0,0,0,1,0,1,1,0,1,1,1,0,0,1,0,1,0,0,1,1,1,0,0,1,0,0,1,1,0,0,1,0,0,1,0,0,0,0,1,0,0,1,0,0,0,1,0.25925925925925924,325.1812323892611,1
8,0,1,0,0,0,0,0,1,0,0,0,1,0,1,1,0,1,1,1,0,0,1,0,1,0,0,1,1,1,0,1,0,0,1,0,1,0,0,1,0,1,1,0,0,0,0,1,0,0,1,0,0,0,0,0.2962962962962963,327.37232647028367,1
9,0,1,0,0,0,0,0,1,0,0,0,0,0,1,1,0,1,1,1,1,0,0,0,1,0,0,1,1,1,0,0,1,0,0,0,1,0,0,1,0,1,1,0,0,0,0,1,0,0,1,0,0,0,0,0.24074074074074073,267.97702811844533,1
10,0,1,0,0,0,0,1,1,0,0,0,0,0,1,1,0,1,1,1,1,0,0,0,1,0,0,1,1,1,0,0,0,0,0,0,1,0,0,1,0,1,1,0,0,0,1,1,0,0,1,0,0,0,0,0.2962962962962963,286.6550325543748,1
11,0,1,0,0,0,0,1,1,0,0,0,1,0,1,1,0,1,1,1,0,0,0,0,1,0,0,1,1,1,0,0,0,0,0,1,1,0,0,1,0,1,1,0,0,0,1,1,0,0,1,0,0,0,0,0.2962962962962963,318.0106797833337,1
12,0,1,0,0,0,0,0,1,0,0,0,1,0,1,1,0,1,1,1,0,0,1,0,1,0,0,1,1,1,0,0,1,0,0,1,0,0,0,1,0,1,1,0,0,0,1,1,0,0,1,0,0,0,0,0.25925925925925924,331.5360617133233,1
13,0,1,0,0,0,0,0,1,0,0,0,0,0,1,1,0,1,1,1,1,1,0,0,1,0,0,1,1,1,0,0,1,0,0,1,1,0,0,1,0,1,1,0,0,0,1,1,0,0,1,0,0,0,0,0.24074074074074073,337.71261905057145,1
14,0,1,0,0,0,0,0,1,0,0,0,0,1,1,1,0,1,1,1,0,0,0,0,1,0,0,1,1,1,0,0,0,0,0,0,1,0,0,1,1,1,1,0,0,0,1,1,0,0,1,0,0,0,1,0.2962962962962963,279.5335082606258,1
15,0,1,0,0,0,0,0,1,0,0,1,1,0,1,1,0,1,1,1,0,0,1,0,1,0,0,1,1,1,0,0,1,0,0,0,1,0,0,1,0,1,1,1,0,0,1,1,0,0,1,0,0,0,0,0.2777777777777778,351.1336146315644,1
16,0,1,0,0,1,0,0,1,0,0,1,0,0,1,1,0,1,1,1,0,0,1,0,1,0,0,1,1,1,0,0,0,0,0,1,1,0,0,1,0,1,1,0,0,0,0,1,0,0,1,0,0,0,0,0.3333333333333333,315.87195394802575,1
17,0,1,0,0,0,0,0,1,0,0,0,1,0,1,1,0,1,1,1,0,0,0,0,1,1,0,1,1,1,0,0,0,0,0,1,1,0,0,1,0,1,1,0,0,0,1,1,0,0,1,0,0,0,0,0.3148148148148148,319.1613878204282,1
18,0,1,0,0,1,0,0,1,0,0,0,0,1,1,1,0,1,1,1,1,0,0,0,1,0,0,1,1,1,0,0,1,0,0,0,1,0,0,1,0,1,1,0,0,0,1,1,0,0,1,0,0,0,0,0.3148148148148148,308.2062151737127,1
19,0,1,0,0,1,0,0,1,0,1,0,0,0,1,1,0,1,1,1,0,0,1,0,1,0,0,1,1,1,0,0,0,0,0,1,1,0,0,1,0,1,1,0,0,0,1,1,0,0,1,0,0,0,0,0.2962962962962963,285.3419398516141,1
20,0,1,0,0,0,0,0,1,0,0,0,0,0,1,1,0,1,1,1,0,0,1,0,1,0,0,1,0,1,0,1,1,0,0,0,1,0,0,1,0,1,1,0,0,0,1,1,0,0,1,0,0,0,0,0.2777777777777778,249.4814202782208,1
21,0,1,0,0,0,0,0,1,0,0,1,0,0,1,1,0,1,1,1,0,0,1,0,1,0,0,1,1,1,0,1,0,0,1,1,1,0,0,1,0,1,1,0,0,0,0,1,0,0,1,0,0,0,0,0.3148148148148148,268.59596802111037,1
22,0,1,0,0,0,0,0,1,0,0,1,0,1,1,1,0,1,1,1,1,0,0,0,1,0,0,1,1,1,0,0,1,0,0,0,1,0,0,1,0,1,1,1,0,0,1,1,0,0,1,0,0,0,0,0.3333333333333333,301.7915254659839,1
23,0,1,0,0,0,0,0,1,1,0,0,0,0,1,1,0,1,1,1,0,0,1,0,1,0,0,1,1,1,0,0,0,0,0,1,1,0,0,1,0,0,1,0,0,0,1,1,0,0,1,0,0,0,0,0.2962962962962963,341.0649418915634,1
24,0,1,0,0,0,0,0,1,0,0,0,0,1,1,1,0,1,1,1,0,0,1,0,1,0,0,1,1,1,0,0,0,0,0,0,1,0,0,1,0,1,1,0,0,0,1,1,0,0,1,0,0,0,0,0.2777777777777778,266.6675953626831,1
25,0,1,0,0,0,0,0,1,1,0,0,0,0,1,1,0,1,1,1,1,0,1,0,1,0,0,1,0,1,0,0,0,0,1,0,1,0,0,1,0,1,1,0,0,0,1,1,0,0,1,0,0,0,0,0.2777777777777778,392.728478600977,1
26,0,1,0,0,0,0,0,1,0,0,1,0,0,1,1,0,1,1,1,0,0,0,0,1,0,0,1,1,1,0,0,1,0,0,0,1,0,0,1,0,1,1,0,0,0,1,1,0,0,1,0,0,0,0,0.3148148148148148,261.67823287274,1
27,0,1,1,0,0,0,0,1,0,0,0,1,0,1,1,0,1,0,1,0,0,1,0,1,0,0,1,1,1,0,0,1,0,0,1,1,0,0,1,0,1,1,0,0,0,1,1,0,0,1,0,0,0,0,0.25925925925925924,301.646223870149,1
28,0,1,0,0,0,0,0,1,0,0,0,1,0,1,1,0,1,0,1,0,0,1,0,1,0,0,1,1,1,0,0,1,0,1,1,1,0,0,1,0,1,1,0,0,0,0,1,0,0,1,0,0,0,0,0.3148148148148148,259.76703446978627,1
29,1,0,1,1,1,1,1,0,1,0,1,1,1,0,0,1,0,0,0,1,1,1,1,0,0,1,0,0,0,1,1,0,1,0,1,0,1,1,0,1,0,0,1,1,1,0,0,1,1,0,1,1,1,0,0.25925925925925924,424.2721028182841,1
30,0,1,0,0,0,0,0,1,0,0,1,1,0,1,1,0,1,1,1,0,0,0,0,1,1,0,1,1,1,0,0,0,0,0,0,1,0,0,1,0,1,1,0,0,0,0,1,0,0,1,0,0,0,1,0.3333333333333333,367.40560657397464,1
31,0,1,0,0,0,0,1,1,1,1,1,1,0,1,1,0,1,1,1,0,0,0,0,1,0,0,1,1,1,0,0,1,0,0,0,1,0,0,1,0,1,1,0,0,0,1,1,0,0,1,0,0,0,0,0.3148148148148148,528.0109857020702,1
32,0,1,0,0,0,0,1,1,0,0,1,0,1,1,1,0,1,1,1,0,0,1,0,1,0,0,1,1,1,0,0,0,0,1,1,1,0,0,1,0,1,1,0,0,0,1,1,0,0,1,0,0,0,0,0.3333333333333333,292.965014855979,1
33,1,0,0,1,1,1,1,0,0,0,0,1,1,0,0,1,0,0,0,1,1,0,1,0,1,1,0,0,0,1,1,0,1,0,0,0,1,1,0,1,0,0,1,1,1,0,0,1,0,0,1,1,1,0,0.2222222222222222,375.98472122521235,1
34,0,1,0,0,0,0,0,1,0,0,0,0,0,1,1,0,1,1,1,1,0,1,0,1,0,0,1,0,1,0,1,1,0,0,1,1,0,0,1,0,1,1,0,0,0,0,1,0,0,1,0,0,0,1,0.25925925925925924,311.61710197292797,1
35,0,1,0,0,0,0,0,1,0,0,0,0,1,1,1,0,1,1,1,0,0,0,0,1,0,0,1,1,1,0,0,0,0,1,0,1,0,0,1,0,1,1,0,0,0,0,1,0,0,1,0,0,0,0,0.3333333333333333,252.72960729485675,1
36,0,1,0,0,0,0,1,1,0,0,0,0,0,1,1,0,1,1,1,1,0,0,0,1,0,0,1,1,1,0,0,1,0,0,0,1,0,0,1,0,1,1,0,0,0,1,1,0,0,1,0,0,0,0,0.3333333333333333,274.34681886304907,1
37,0,1,0,0,0,0,0,1,0,0,0,1,0,1,1,0,1,1,1,0,0,0,0,1,0,0,1,0,1,0,0,1,0,0,1,1,0,0,1,0,1,1,0,0,0,1,1,0,0,1,0,0,0,0,0.2962962962962963,299.2124287564707,1
38,0,1,0,0,0,0,0,1,0,0,0,0,0,1,1,0,1,1,1,0,0,1,0,1,0,0,1,1,1,0,0,1,0,1,1,1,0,0,1,0,1,1,1,0,0,1,1,0,0,1,0,0,0,0,0.2777777777777778,277.9858024519622,1
39,0,1,0,0,0,0,1,1,0,0,0,1,0,1,1,0,1,1,1,0,0,0,0,1,0,0,1,1,1,0,0,1,0,0,1,0,0,0,1,0,1,1,0,0,0,0,1,0,0,1,0,0,0,0,0.3148148148148148,346.9094331674292,1
40,0,1,0,0,0,0,0,1,0,0,0,1,0,1,1,0,1,1,1,0,0,1,0,1,0,0,1,1,1,0,0,1,0,0,1,1,0,0,1,0,1,1,0,0,0,1,1,0,0,1,0,0,0,0,0.3148148148148148,306.78671392753307,1
41,0,1,0,0,1,0,0,1,0,0,1,0,1,1,1,0,1,1,1,0,1,0,0,1,0,0,1,1,1,0,0,1,0,1,0,1,0,0,1,0,1,1,0,0,0,1,1,0,0,1,0,0,0,1,0.3148148148148148,378.7218250077034,1
42,1,0,1,1,1,1,1,0,1,0,1,1,1,0,0,1,0,0,0,1,1,0,1,0,1,1,0,0,0,1,1,0,1,0,1,0,1,1,0,0,0,0,1,1,1,0,0,1,0,0,1,1,1,1,0.3148148148148148,471.45390900001786,1
43,0,1,0,0,0,0,0,1,0,0,1,1,0,1,1,0,1,1,1,0,0,1,0,1,0,0,1,1,1,0,0,1,0,0,1,1,0,0,1,0,1,1,0,0,0,1,1,0,0,1,0,0,0,0,0.25925925925925924,342.46412936303483,1
44,0,1,0,0,0,0,0,1,0,0,1,0,0,1,1,0,1,1,1,0,0,1,0,1,0,0,1,1,1,0,0,1,0,0,1,1,0,0,1,0,1,1,0,0,0,1,1,0,0,1,0,0,0,0,0.3148148148148148,271.1092984920306,1
45,0,1,0,0,0,0,0,1,0,0,0,1,0,1,1,0,1,1,1,0,0,1,0,1,0,0,1,1,1,0,0,1,0,0,1,1,0,0,1,0,1,1,0,0,0,0,0,0,0,1,0,0,0,0,0.3148148148148148,329.6447820336797,1
46,0,1,0,0,0,0,0,1,0,0,1,1,0,1,1,0,1,1,1,0,0,1,0,1,0,0,1,1,1,0,1,0,0,1,0,1,0,0,1,1,1,1,0,0,0,0,1,0,0,1,0,0,0,0,0.25925925925925924,359.43916443590837,1
47,0,1,0,0,1,0,0,1,0,1,0,0,0,1,1,0,1,1,1,1,1,0,0,1,0,0,1,1,1,0,0,1,0,0,1,1,0,0,1,0,1,1,0,0,0,1,1,0,0,1,0,0,0,1,0.2777777777777778,383.9016947830015,1
48,1,0,1,0,1,1,1,0,1,0,1,1,1,0,0,1,0,0,0,1,1,0,1,0,1,1,0,0,0,1,1,0,1,0,1,0,1,1,0,1,1,0,1,1,1,0,0,1,1,0,1,1,1,0,0.3333333333333333,433.75319214413645,1
49,0,1,0,0,0,0,0,1,0,1,0,1,0,1,1,0,1,1,1,0,0,0,0,1,0,0,1,1,1,0,1,1,0,0,1,0,0,0,1,0,1,1,0,0,0,1,1,0,0,1,0,0,0,1,0.2962962962962963,307.2952976475988,1
50,0,1,0,0,0,0,1,1,0,0,0,0,0,1,1,0,1,1,1,0,0,0,0,1,0,0,1,1,1,0,1,1,0,0,0,0,0,0,1,0,1,1,0,0,0,0,1,0,0,1,0,0,0,0,0.2777777777777778,252.51205346195786,1
51,0,1,0,0,0,0,0,1,0,0,1,1,0,1,1,0,1,1,1,0,0,0,0,1,0,0,1,1,1,0,0,1,0,0,0,1,0,0,1,0,1,1,0,0,0,1,1,0,0,1,0,0,0,1,0.37037037037037035,334.91058185364216,1
52,0,1,0,0,0,0,1,1,0,0,0,0,1,1,1,0,1,1,1,0,0,1,0,1,0,0,1,1,1,0,0,1,0,1,1,1,0,0,1,0,1,1,1,0,0,1,1,0,0,1,0,0,0,0,0.2962962962962963,276.1926927401882,1
53,1,0,1,0,1,1,1,0,1,1,1,1,1,0,0,1,0,0,0,1,1,1,0,0,0,1,0,0,0,1,1,0,1,1,1,0,1,1,0,1,0,0,1,1,1,0,0,1,1,0,1,1,1,0,0.2777777777777778,428.00357699178596,1
54,1,0,1,1,1,1,1,0,1,1,1,0,0,0,0,1,0,0,0,1,1,0,1,0,1,1,0,0,0,1,1,0,1,0,1,0,1,1,0,0,0,0,1,1,1,0,0,1,1,0,1,1,1,0,0.3148148148148148,390.7777411768566,1
55,0,1,0,0,0,0,0,1,0,0,0,0,0,1,1,0,1,1,1,1,0,0,1,1,1,0,1,1,1,0,1,1,0,0,1,1,0,0,1,0,0,1,0,0,0,0,1,0,0,1,0,0,0,0,0.2962962962962963,312.1892298326266,1
56,0,1,0,0,0,0,0,1,0,0,0,1,0,1,1,0,1,1,1,0,0,0,1,1,0,0,1,1,1,0,0,1,0,0,1,1,0,0,1,0,1,1,0,0,0,0,1,0,0,1,0,0,0,1,0.25925925925925924,334.9341140826517,1
57,1,0,0,1,1,1,1,0,0,0,0,1,1,0,0,1,0,0,0,1,1,1,1,0,1,1,0,0,0,1,1,0,1,0,1,0,1,1,0,1,0,0,1,1,1,1,0,1,0,0,1,1,1,1,0.2962962962962963,600.0756827988209,1
58,0,1,0,0,0,0,1,1,0,0,0,1,0,1,1,0,1,1,1,0,0,1,0,1,0,0,1,1,1,0,1,1,0,0,1,1,0,0,1,0,1,1,0,0,0,0,1,0,0,1,0,0,0,1,0.3333333333333333,334.5615878890899,1
59,0,1,0,0,0,0,0,1,0,0,0,0,0,1,1,0,1,1,1,1,0,1,0,1,0,0,1,1,1,0,0,0,0,1,0,1,0,0,1,0,1,1,0,0,0,0,1,0,1,1,0,0,0,0,0.2962962962962963,274.82157599895385,1
60,0,1,0,0,0,0,0,1,0,1,1,1,0,1,1,0,1,1,1,0,0,1,0,1,0,0,1,1,1,0,0,1,0,0,1,1,0,0,1,0,1,1,0,0,0,1,1,0,0,1,0,0,0,1,0.3148148148148148,356.0487800544202,1
61,0,1,0,0,0,0,0,1,0,0,1,0,0,1,1,0,1,1,1,0,0,1,1,1,0,0,1,1,1,0,0,0,0,0,1,1,0,0,1,0,1,1,0,0,0,1,0,0,0,1,0,0,0,1,0.35185185185185186,307.71137192306725,1
62,1,0,0,1,1,1,1,0,0,1,1,1,1,0,0,1,0,0,0,1,0,1,1,0,1,1,0,0,0,1,0,0,1,0,0,0,1,1,0,1,0,0,1,1,1,0,0,1,1,0,1,1,1,1,0.3333333333333333,473.21004534200154,1
63,1,0,1,1,1,1,1,0,1,0,1,1,1,0,0,1,0,0,0,0,1,1,1,0,1,1,0,0,0,1,1,0,1,1,0,0,1,1,0,1,0,0,1,1,1,1,0,1,1,0,1,1,1,0,0.25925925925925924,403.8024355006071,1
64,0,1,0,0,0,0,0,1,0,0,0,1,0,1,1,0,1,1,1,0,0,1,0,1,0,0,1,1,1,0,0,0,0,0,0,1,0,0,1,0,1,1,0,0,0,1,1,0,0,1,0,0,0,0,0.35185185185185186,343.5360617133232,1
65,0,1,0,0,0,0,0,1,0,0,1,1,0,1,1,0,1,1,1,0,0,1,0,1,0,0,1,0,1,0,0,0,0,1,1,1,0,0,1,1,1,1,1,0,0,1,1,0,0,1,0,0,0,0,0.35185185185185186,336.53359417194383,1
66,1,0,1,1,1,1,0,0,1,0,1,1,1,0,0,1,0,0,0,0,1,0,1,0,1,1,0,0,0,1,1,0,1,0,1,0,1,1,0,1,0,0,1,1,1,0,0,1,1,0,1,1,1,0,0.3888888888888889,405.3967967134648,1
67,0,1,0,0,0,0,0,1,0,0,1,1,0,1,1,0,1,1,1,0,0,1,0,1,0,0,1,1,1,0,0,0,0,1,1,1,0,0,1,0,1,1,0,0,0,1,1,0,0,1,0,0,0,0,0.37037037037037035,351.1336146315643,1
68,0,1,0,0,0,0,0,1,0,0,1,0,0,1,1,0,1,1,1,0,0,0,0,1,0,0,1,1,1,0,0,0,0,0,0,0,0,0,1,1,1,1,0,0,0,1,1,0,0,1,0,0,0,0,0.3333333333333333,289.22911706569045,1
69,0,1,0,0,1,0,0,1,1,0,0,0,0,1,1,0,1,1,1,0,0,1,0,1,0,1,1,1,1,0,0,1,0,0,0,1,0,0,1,0,0,1,0,0,0,1,1,0,0,1,0,0,0,0,0.25925925925925924,458.174574804117,1
70,1,0,0,0,1,1,0,0,0,1,1,1,1,0,0,1,0,0,0,1,1,0,1,0,0,1,0,0,0,1,1,0,1,0,0,0,1,1,0,1,0,0,1,1,1,0,0,1,1,0,1,1,1,1,0.25925925925925924,541.273922123593,1
71,0,1,0,0,0,0,0,1,0,0,1,0,0,1,1,0,1,1,1,0,0,1,0,1,0,0,1,1,1,0,0,1,0,1,0,1,0,0,1,1,1,1,0,0,0,1,1,0,0,1,0,0,0,0,0.3333333333333333,266.0995242150596,1
72,1,0,0,1,1,1,1,0,1,1,0,1,1,0,0,1,0,0,0,1,1,1,1,0,1,1,0,0,0,1,1,0,1,0,1,0,1,1,0,0,0,0,0,1,1,0,0,1,1,0,1,1,1,0,0.2777777777777778,378.2995546625593,1
73,0,1,0,0,0,0,1,1,0,0,0,0,0,1,1,0,1,1,1,1,1,1,0,1,0,0,1,1,1,0,0,1,0,0,1,1,0,0,1,0,1,1,0,0,0,1,1,0,0,1,0,0,0,1,0.3333333333333333,368.1750278529297,1
74,0,1,0,0,0,0,0,1,0,0,0,1,0,1,1,0,1,1,1,0,0,1,0,1,0,0,1,0,1,0,1,0,0,1,0,1,0,0,1,0,1,1,0,0,0,1,1,0,0,1,0,0,0,0,0.3148148148148148,327.8224155943073,1
75,0,1,0,0,0,0,0,1,0,0,0,1,0,1,1,0,1,1,1,0,0,1,0,1,0,0,1,1,1,0,0,0,0,0,0,1,0,0,1,0,1,1,0,0,0,1,1,0,0,1,0,0,0,1,0.3333333333333333,320.96929852139596,1
76,0,1,0,0,0,0,0,1,0,0,0,0,0,1,1,0,1,1,1,0,0,0,0,1,0,0,1,1,1,0,1,1,0,0,1,0,0,0,1,0,1,1,0,0,0,0,0,0,0,1,0,0,0,0,0.25925925925925924,237.328621204262,1
77,0,1,0,0,1,0,1,1,0,0,1,0,0,1,1,0,1,1,1,0,0,0,0,1,0,0,1,1,1,0,0,1,0,0,1,1,0,0,1,0,1,1,0,0,0,0,1,0,0,1,0,0,0,0,0.3148148148148148,297.7418025680022,1
78,0,1,0,0,0,0,0,1,0,0,1,1,1,1,1,0,1,1,1,0,0,1,0,1,0,0,1,1,1,0,0,1,0,0,1,1,0,0,1,0,1,1,0,0,0,1,1,0,0,1,0,0,1,0,0.37037037037037035,347.0573822745679,1
79,0,1,0,0,0,0,1,1,0,0,0,1,1,1,1,0,1,1,1,0,0,1,0,1,0,0,1,1,1,0,0,1,0,0,1,1,0,0,1,0,1,1,1,0,0,1,1,0,0,1,0,0,0,0,0.35185185185185186,327.9026937764746,1
80,0,1,0,0,0,0,0,1,0,1,1,1,0,1,1,0,1,1,1,0,0,0,0,1,1,0,1,1,1,0,0,0,0,0,0,1,0,0,1,0,1,1,0,0,0,0,1,0,1,1,0,0,0,0,0.37037037037037035,428.2632030827088,1
81,1,0,1,1,1,1,1,0,1,1,0,1,0,0,0,1,0,0,0,1,1,1,1,0,1,1,0,0,0,1,1,0,1,0,0,0,1,1,0,1,0,0,1,1,1,0,0,1,1,0,1,1,1,1,0.3333333333333333,454.81582420431914,1
82,0,1,0,0,0,0,1,1,0,0,1,0,0,1,1,0,1,1,1,0,0,1,0,1,0,0,1,1,1,0,0,1,0,0,0,1,0,0,1,0,1,1,0,1,0,1,1,0,0,1,0,0,0,1,0.37037037037037035,315.3299732141885,1
83,0,1,0,0,1,0,1,1,0,0,1,1,0,1,1,0,1,1,1,1,0,0,0,1,0,0,1,1,1,0,0,1,0,0,0,1,0,0,1,0,1,1,1,0,0,1,1,0,0,1,0,0,0,1,0.2962962962962963,412.92954351914557,1
84,1,0,1,1,1,1,1,0,1,0,1,1,1,0,0,1,0,0,0,1,1,0,1,0,1,1,0,0,0,1,1,1,1,0,1,0,1,1,0,0,0,0,1,1,1,0,0,1,1,0,1,1,1,0,0.37037037037037035,437.17401298706784,1
85,0,1,0,0,1,0,0,1,0,0,0,0,0,1,1,0,1,0,1,1,0,1,0,1,0,0,1,1,1,0,0,1,0,0,1,1,0,0,1,0,1,1,0,0,0,1,1,0,0,1,0,0,0,0,0.35185185185185186,254.44797138750295,1
86,0,1,0,0,0,0,1,1,0,0,1,0,0,1,1,1,1,1,1,0,0,1,0,1,0,0,1,1,1,0,0,1,0,0,0,1,0,0,1,0,1,1,0,0,0,0,1,0,0,1,0,0,0,0,0.3333333333333333,312.8503520532013,1
87,0,1,0,0,1,0,0,1,0,0,1,1,0,1,1,0,1,1,1,0,0,1,0,1,1,0,1,1,1,0,0,1,0,0,1,1,0,0,1,0,1,1,0,0,0,1,1,0,0,1,0,0,0,0,0.4074074074074074,409.1511479221297,1
88,0,1,0,0,1,0,1,1,0,0,1,0,1,1,1,0,1,1,1,1,0,0,0,1,0,0,1,1,1,0,0,1,0,0,1,1,0,0,1,0,1,1,0,0,0,1,1,0,0,1,0,0,0,0,0.3888888888888889,348.21194183926224,1
89,1,0,0,1,1,1,1,0,0,0,1,0,1,0,0,0,0,0,1,1,1,1,1,0,0,1,0,0,0,1,1,0,1,0,0,0,1,1,0,1,0,0,0,1,1,0,0,1,1,0,1,1,1,1,0.25925925925925924,546.7669666333445,1
90,0,1,0,0,0,0,0,1,0,0,0,1,0,1,1,0,1,1,1,0,0,1,0,1,0,0,1,1,1,0,0,1,0,1,0,1,0,0,1,0,1,1,0,0,0,1,1,0,0,1,0,0,0,0,0.2962962962962963,309.97405087398056,1
91,0,0,1,0,1,1,1,0,1,1,0,1,1,0,0,1,0,0,0,1,1,0,1,0,0,1,0,0,0,1,0,0,1,0,1,0,1,1,0,1,0,0,1,1,1,1,0,1,1,0,1,1,1,1,0.2962962962962963,520.7193371264498,1
92,0,1,1,0,0,0,1,1,0,0,0,1,0,1,1,0,1,1,1,0,0,1,0,1,0,0,1,1,1,0,0,1,0,0,0,1,0,0,1,0,1,1,0,0,0,0,1,0,0,1,0,0,0,0,0.37037037037037035,481.96776950794145,1
93,0,1,0,0,1,0,0,1,0,1,1,0,0,1,1,0,1,1,1,0,0,0,0,1,0,0,1,1,1,0,0,0,0,1,1,1,0,0,1,0,1,1,0,0,0,1,1,0,0,1,0,0,0,0,0.2777777777777778,296.6938388979562,1
94,0,1,0,0,0,0,1,1,0,0,0,0,1,1,1,0,1,1,1,1,0,0,0,1,0,0,1,1,1,0,0,1,0,0,0,1,0,0,1,0,0,1,0,0,0,1,1,0,0,1,0,0,0,0,0.3148148148148148,309.9471124046492,1
95,0,1,0,0,1,0,0,1,0,1,0,1,1,1,1,0,1,1,1,0,0,0,0,1,0,0,1,1,1,0,0,1,0,0,1,1,0,0,1,0,0,1,0,0,0,1,1,0,0,1,0,0,0,1,0.2777777777777778,364.11534455169976,1
96,1,0,1,1,1,1,1,0,0,1,0,0,1,0,0,1,0,0,1,1,1,1,1,0,1,1,0,0,0,1,1,0,1,0,0,0,1,1,0,0,0,0,1,1,1,0,0,1,1,0,1,1,1,0,0.2962962962962963,347.50048347552115,1
97,0,1,0,0,0,0,0,1,0,0,0,1,0,1,1,0,1,1,0,0,0,1,0,1,0,0,1,1,1,0,0,1,0,1,0,1,0,0,1,0,1,1,0,0,0,0,1,0,0,1,0,0,0,0,0.35185185185185186,300.56314049010695,1
98,1,0,1,1,1,1,0,0,1,0,1,1,0,0,0,1,0,0,0,0,1,0,1,0,1,1,0,0,0,1,1,0,1,0,1,0,0,1,0,0,0,0,1,1,1,0,0,1,1,0,1,1,1,0,0.3333333333333333,392.8637255572736,1
99,1,0,1,1,0,1,0,0,1,1,1,0,1,0,0,1,0,0,0,1,0,0,1,0,1,1,0,0,0,1,1,0,1,1,0,0,1,1,0,1,0,0,1,1,1,0,0,1,1,0,1,1,1,0,0.2962962962962963,398.582052792195,1
