,0,1,2,3,4,5,6,7,8,9,10,11,12,13,14,15,16,17,18,19,20,21,22,23,24,25,26,27,28,29,30,31,32,33,34,35,36,37,38,39,40,41,42,43,44,45,46,47,48,49,50,51,52,53,chain_break_fraction,energy,num_occurrences
0,0,0,0,1,0,1,0,1,0,0,0,1,1,1,0,1,1,0,0,1,0,0,1,1,1,0,0,1,0,1,0,1,1,0,1,0,0,0,1,1,0,1,1,1,0,0,1,0,0,0,1,0,0,0,0.25925925925925924,348.8387534777974,1
1,0,0,0,1,0,1,0,1,0,0,0,1,0,1,0,1,1,0,0,1,0,0,1,1,1,0,0,1,0,1,0,1,1,0,1,0,1,0,1,1,0,1,0,1,0,0,1,0,0,0,1,0,0,0,0.2777777777777778,370.1437613700912,1
2,0,0,0,1,0,1,0,0,0,0,0,1,0,1,0,1,1,0,0,1,0,0,1,1,1,0,0,0,0,1,0,1,1,0,1,0,1,0,1,1,0,1,1,1,0,0,1,0,0,0,1,0,0,0,0.2777777777777778,406.0259241173697,1
3,0,0,0,1,0,1,0,1,0,0,0,1,0,1,0,1,1,0,0,1,0,0,1,1,0,0,0,0,0,1,0,1,1,0,1,0,1,0,1,1,0,1,1,1,0,0,1,0,0,0,1,0,0,0,0.25925925925925924,383.2128926409593,1
4,0,0,0,1,0,1,0,1,0,0,0,1,0,1,0,1,1,0,0,1,0,0,1,1,0,0,0,1,0,1,0,1,1,0,1,0,0,0,1,1,0,1,1,1,0,0,1,0,0,0,1,0,0,0,0.2962962962962963,384.47838082121206,1
5,0,0,0,1,0,1,0,1,0,0,0,1,0,1,0,1,1,0,0,1,0,0,1,1,1,0,0,0,0,1,1,1,1,0,1,0,0,0,1,1,0,1,1,1,0,0,1,0,0,0,1,0,0,0,0.2222222222222222,364.1852592857867,1
6,0,0,0,1,0,1,0,1,0,0,0,0,0,1,0,1,1,0,0,1,0,0,1,1,1,0,0,0,0,1,0,1,1,0,1,0,0,0,1,1,0,0,1,1,0,0,1,1,0,0,1,0,0,0,0.24074074074074073,398.61075637054273,1
7,0,0,0,1,0,1,0,1,0,0,0,1,0,1,0,1,1,0,0,1,0,0,0,1,1,0,0,0,0,1,0,1,1,0,1,0,1,0,1,1,0,1,0,1,0,0,1,0,0,1,1,0,0,0,0.2777777777777778,429.6372440981672,1
8,0,0,0,1,0,1,0,1,0,0,0,1,1,1,0,1,1,0,0,1,0,0,1,1,1,0,0,0,0,1,0,1,1,0,1,0,0,0,1,1,0,1,1,1,0,1,1,0,0,0,1,0,0,0,0.24074074074074073,347.6410333554364,1
9,0,0,0,1,0,1,0,1,0,0,0,1,1,1,0,1,1,0,0,1,0,0,1,1,1,0,0,1,0,1,0,1,1,0,1,0,1,0,1,1,0,1,0,1,0,0,1,1,0,0,1,0,0,0,0.2962962962962963,476.5458701102584,1
10,0,0,0,1,0,1,0,1,0,0,0,1,0,1,0,1,1,0,0,1,0,0,1,1,0,0,0,1,0,1,0,1,1,0,1,0,1,0,1,1,0,1,0,1,0,0,1,0,0,0,1,0,0,0,0.3148148148148148,387.2798059648068,1
11,0,0,0,1,0,1,0,1,0,0,0,1,1,1,0,0,1,0,0,1,0,0,1,1,1,0,0,1,0,1,0,1,1,0,1,0,1,0,1,1,0,1,1,1,0,0,1,0,0,0,1,0,0,0,0.2962962962962963,383.0130725344297,1
12,0,0,0,1,0,1,0,1,0,0,0,1,0,1,0,1,1,0,1,1,0,0,0,1,1,0,0,1,0,1,0,1,1,0,1,0,1,0,1,1,0,1,1,1,0,1,1,0,0,0,1,0,0,0,0.24074074074074073,427.1943096853775,1
13,0,0,0,1,0,1,0,1,0,0,0,1,1,1,0,1,1,0,0,1,0,0,1,1,0,0,0,1,0,1,1,1,1,0,1,0,0,0,1,1,0,1,0,1,0,0,1,0,0,0,1,0,0,0,0.25925925925925924,363.77406576841355,1
14,0,0,0,1,0,1,0,1,0,0,0,1,0,1,0,1,1,0,0,1,0,0,0,1,0,0,0,0,0,1,0,1,1,0,1,0,1,0,1,1,0,1,1,1,0,0,1,0,0,0,1,0,0,0,0.2962962962962963,414.48844740595547,1
15,0,0,0,1,0,1,0,1,0,0,0,1,0,1,0,1,1,0,0,1,0,0,1,1,1,0,0,1,0,1,0,1,1,0,1,0,1,0,1,1,0,1,1,1,0,0,1,1,0,0,1,0,0,0,0.2962962962962963,538.4527038005576,1
16,0,0,0,1,0,1,0,1,0,0,0,1,0,1,0,1,1,0,0,1,0,0,1,1,1,0,0,1,0,1,0,1,1,0,1,0,0,0,1,1,0,1,1,1,0,0,1,0,0,0,1,0,0,0,0.3148148148148148,367.41705285161703,1
17,0,0,0,0,0,1,0,1,0,0,0,0,1,1,0,1,1,0,0,1,0,0,1,1,1,0,0,0,0,1,1,1,1,0,1,0,0,0,1,1,0,0,0,1,0,0,1,1,0,0,1,0,0,0,0.16666666666666666,390.3257780520503,1
18,0,0,0,1,0,1,0,1,0,0,0,1,0,1,0,1,1,0,0,1,0,0,0,1,1,0,0,0,0,1,0,0,1,0,1,0,1,0,1,1,0,1,1,1,0,0,1,0,0,0,1,0,0,0,0.3333333333333333,343.3582242980546,1
19,0,0,0,1,1,1,0,1,0,0,0,1,1,1,0,1,1,0,0,1,0,0,0,1,1,0,0,1,0,1,0,1,1,0,1,0,1,0,1,1,0,1,1,1,0,0,1,0,0,0,1,0,0,0,0.2962962962962963,375.2539528587135,1
20,1,0,0,1,0,1,0,1,0,0,0,1,0,1,0,1,1,0,0,1,0,0,0,1,1,0,0,0,0,1,0,1,1,0,1,0,0,0,1,1,0,1,0,1,0,0,1,0,0,0,1,1,0,0,0.2037037037037037,354.7850118721293,1
21,0,0,0,1,0,1,0,1,0,0,0,1,0,1,0,1,1,0,0,1,0,0,1,1,1,0,0,1,0,1,0,1,1,0,1,0,1,1,0,1,0,1,1,1,0,0,1,0,0,0,1,0,0,0,0.2777777777777778,330.697841172698,1
22,0,0,1,1,0,1,0,1,0,0,0,1,0,1,0,1,1,0,0,1,0,0,1,1,0,0,0,1,0,1,0,1,1,0,1,0,0,0,1,1,0,1,0,1,0,0,1,0,0,0,1,0,0,0,0.25925925925925924,362.186401833043,1
23,0,0,0,1,0,1,0,1,0,0,0,1,1,1,0,1,1,0,0,1,0,0,0,1,1,0,0,0,0,1,0,1,1,0,1,0,0,0,1,1,0,1,1,1,0,1,1,1,0,0,1,0,0,0,0.2962962962962963,513.6612569149727,1
24,0,0,0,1,0,1,0,1,0,0,0,1,1,1,0,1,1,0,1,1,0,0,0,1,1,0,0,0,0,1,1,1,1,0,1,0,1,0,1,1,0,1,0,1,0,0,1,1,0,0,1,0,0,0,0.24074074074074073,482.2859883299901,1
25,0,1,0,1,0,1,0,1,0,0,0,0,1,1,0,1,1,0,0,1,0,0,1,1,1,0,0,0,0,1,0,1,1,0,1,0,1,0,1,1,0,0,0,1,0,0,1,1,0,0,1,0,0,0,0.2962962962962963,353.3898926514878,1
26,0,0,0,1,0,1,0,0,0,0,0,1,1,1,0,1,1,0,0,1,0,0,1,1,1,0,0,0,0,1,0,1,1,0,1,0,1,0,1,1,0,1,0,1,0,0,1,1,0,0,1,0,0,0,0.25925925925925924,494.59771344185197,1
27,0,0,0,1,0,1,0,1,0,0,0,1,1,1,0,1,1,0,0,1,0,0,1,1,1,0,0,1,0,1,0,1,1,0,1,0,1,0,1,1,0,1,1,1,0,0,1,0,0,0,1,0,0,0,0.25925925925925924,370.98845188863044,1
28,0,0,0,1,0,1,0,1,0,0,0,1,1,1,0,1,1,0,0,1,0,0,1,1,1,0,0,1,0,1,1,0,1,0,1,0,1,0,1,1,0,1,1,1,0,0,1,0,0,0,1,0,0,0,0.3333333333333333,348.9393986146869,1
29,0,0,0,1,0,1,0,1,0,0,0,1,0,1,0,1,1,0,0,1,0,0,0,1,1,0,0,0,0,1,0,1,1,0,1,0,1,0,1,1,0,1,0,1,0,0,1,0,0,1,1,0,0,0,0.24074074074074073,429.6372440981672,1
30,0,0,0,1,0,1,0,1,0,0,0,1,1,1,0,1,1,0,0,1,0,0,1,1,1,0,0,0,0,1,1,0,1,0,1,0,0,0,1,1,0,1,1,1,0,0,1,0,0,0,1,0,0,0,0.24074074074074073,311.6205809227261,1
31,0,0,0,1,0,1,0,1,0,0,0,1,0,1,0,1,1,0,0,1,0,0,0,1,1,0,0,0,0,1,0,0,1,0,1,0,1,0,1,1,1,1,1,1,0,0,1,0,0,0,1,0,0,0,0.2777777777777778,396.65138369017023,1
32,0,0,0,1,0,1,0,1,0,0,0,1,0,1,0,0,1,0,0,1,0,0,1,1,1,0,0,1,0,1,0,0,1,0,1,0,1,0,1,1,0,1,1,1,0,0,1,0,0,1,1,0,0,0,0.25925925925925924,413.27009751222084,1
33,1,1,1,0,0,0,1,1,1,1,1,0,1,0,1,0,0,1,1,0,1,1,0,0,1,1,1,0,1,1,1,0,0,1,0,1,0,1,0,0,1,1,0,0,1,0,0,1,1,1,1,1,1,1,0.3148148148148148,479.46103238606855,1
34,1,1,1,0,1,0,1,1,1,1,1,0,0,0,1,0,0,1,1,0,1,1,0,0,1,1,1,0,1,0,1,0,0,1,0,1,1,1,0,0,1,1,0,0,1,1,0,1,1,1,1,1,1,1,0.2962962962962963,445.00224324278355,1
35,0,0,0,1,0,1,0,1,0,0,0,1,0,1,0,1,1,0,0,1,0,0,1,1,1,0,0,0,0,1,0,0,1,0,1,0,0,0,1,1,0,1,0,1,0,1,1,0,1,0,1,0,0,0,0.2777777777777778,330.34606450163625,1
36,1,1,1,0,1,0,1,0,1,1,1,0,1,0,1,0,0,1,1,0,1,1,0,1,0,1,1,0,1,0,1,0,0,1,0,1,0,1,0,0,1,1,0,0,1,1,0,0,1,1,1,1,1,1,0.3333333333333333,483.90148601939865,1
37,0,0,0,1,0,1,0,1,0,0,0,1,1,1,0,1,1,0,0,1,0,0,0,1,0,0,0,0,0,1,0,1,1,0,1,0,0,0,1,1,0,1,1,1,0,0,1,0,0,0,1,0,0,0,0.3148148148148148,361.5587114895172,1
38,0,0,0,1,0,1,0,1,0,0,0,1,1,1,0,1,1,0,0,1,0,0,1,1,1,0,0,0,0,1,0,0,1,0,1,0,1,0,1,1,0,1,1,1,0,0,1,1,0,0,1,1,0,0,0.2962962962962963,443.01872871146725,1
39,0,0,0,1,0,1,0,1,0,0,0,1,0,1,0,0,1,0,0,1,0,0,1,1,1,0,0,0,0,1,0,1,1,1,1,0,1,0,1,1,0,1,0,1,0,1,1,0,1,0,1,0,0,0,0.3148148148148148,439.26678480723155,1
40,0,0,0,1,0,1,0,1,0,0,0,1,1,1,0,1,1,0,1,1,0,0,1,1,1,0,0,1,0,1,0,1,1,0,1,0,0,0,1,1,0,1,0,1,0,0,1,0,0,0,1,0,0,0,0.2962962962962963,319.60909933428314,1
41,0,0,0,1,0,1,0,1,0,0,0,1,0,1,0,1,0,0,0,1,0,0,1,1,1,0,0,0,0,1,0,1,1,0,1,0,1,0,1,1,0,1,1,1,0,0,1,0,0,1,0,0,0,0,0.35185185185185186,323.61505462283327,1
42,0,0,0,1,0,1,0,1,0,0,0,1,1,1,0,1,1,0,0,1,0,0,0,1,1,0,0,1,0,1,0,1,1,1,1,0,0,0,1,1,1,1,0,1,0,1,1,0,0,0,1,0,0,0,0.2962962962962963,464.51154366148404,1
43,0,0,0,1,0,1,0,1,0,0,0,1,0,1,0,1,1,0,0,1,0,0,0,1,1,0,0,0,0,1,1,0,1,0,1,0,1,0,1,1,0,1,1,1,0,1,1,0,0,0,1,0,0,0,0.2962962962962963,391.8977208113278,1
44,0,0,0,1,0,1,0,0,0,0,0,1,1,1,0,1,1,0,0,1,0,0,1,1,1,0,0,1,0,1,0,1,1,0,1,0,1,0,1,1,0,1,0,1,0,0,1,0,0,0,1,0,0,0,0.2777777777777778,386.33282963790595,1
45,1,1,1,0,0,0,1,1,1,1,1,0,1,0,1,0,0,1,1,0,1,1,0,1,0,1,1,0,1,1,1,0,0,1,0,1,0,0,0,0,1,1,0,0,1,0,0,1,1,1,1,1,1,1,0.37037037037037035,481.716465119347,1
46,1,1,1,0,1,0,1,1,1,1,1,0,1,0,1,0,0,1,1,0,1,1,0,0,0,1,1,0,1,0,1,0,0,1,0,0,0,1,0,0,1,1,0,0,1,1,0,0,1,1,1,1,1,1,0.3148148148148148,451.61089826533663,1
47,1,1,0,0,1,0,1,1,1,1,1,0,0,0,1,0,0,1,1,0,1,1,0,0,0,1,1,0,1,0,1,0,0,1,0,1,0,1,0,0,1,1,1,0,1,1,0,0,1,1,1,1,1,1,0.3333333333333333,352.8176163686393,1
48,0,0,0,1,0,1,0,1,0,0,0,1,1,1,0,1,1,0,0,1,0,0,0,1,1,0,0,0,0,1,0,1,1,0,1,0,1,0,1,1,0,1,1,1,0,0,1,0,0,0,1,1,0,0,0.2037037037037037,393.89962357302466,1
49,0,0,0,1,0,1,0,1,0,0,0,1,0,1,0,1,1,0,0,1,0,0,0,1,1,0,0,1,0,1,0,1,1,1,1,0,1,0,1,1,0,1,1,1,0,0,1,0,0,1,0,0,0,0,0.3333333333333333,377.9706884078621,1
50,1,1,1,0,0,0,1,1,1,1,1,0,1,0,1,0,0,1,1,0,1,1,0,0,0,1,1,1,1,0,1,0,0,1,0,1,0,1,0,0,1,1,1,0,1,0,0,0,1,1,1,1,1,1,0.2962962962962963,381.9266093843766,1
51,0,0,0,1,0,1,0,1,0,0,0,0,1,1,0,1,1,0,0,1,0,0,1,1,1,0,0,0,0,1,0,1,1,0,1,0,1,0,1,1,0,0,0,1,0,0,1,1,0,0,1,0,0,0,0.2962962962962963,375.72737561822214,1
52,0,0,0,1,0,1,1,1,0,0,0,1,0,1,0,1,1,0,0,1,0,0,1,1,1,0,0,1,0,1,0,0,1,0,1,0,1,0,1,1,0,1,1,1,0,0,1,0,0,0,1,0,0,0,0.2962962962962963,333.5509558605161,1
53,1,1,1,0,1,0,1,1,1,1,1,0,1,0,1,0,0,1,1,0,1,1,0,0,1,1,1,0,1,1,1,0,0,1,0,1,0,1,0,0,1,1,0,0,1,1,0,0,1,1,1,1,1,1,0.3148148148148148,448.1891304762285,1
54,1,1,0,0,1,0,1,1,1,1,1,0,1,0,1,0,0,1,1,0,1,1,0,0,0,1,1,0,1,1,1,0,0,1,0,1,0,1,0,0,1,1,0,0,1,1,0,0,1,1,1,1,1,1,0.3148148148148148,409.70690403095085,1
55,0,0,1,1,0,1,0,1,0,0,0,1,0,1,0,1,1,0,0,1,0,0,1,1,0,0,0,0,0,1,0,0,1,0,1,0,1,0,1,1,0,1,1,1,0,0,1,0,0,0,1,0,0,0,0.3148148148148148,348.93487982109224,1
56,0,0,0,1,0,1,0,1,0,0,0,1,0,1,0,1,1,0,0,1,0,0,1,1,1,0,0,1,0,1,0,1,1,1,1,0,1,0,1,1,0,1,1,1,0,0,1,1,0,0,1,0,0,0,0.3148148148148148,577.8870692199226,1
57,0,0,0,1,0,1,0,1,0,0,0,1,0,1,0,1,1,0,0,1,0,0,1,1,1,0,0,0,0,1,0,1,1,0,1,0,1,0,1,1,0,1,0,1,0,0,1,0,0,0,1,0,0,0,0.3333333333333333,346.9561978768515,1
58,0,1,1,0,0,0,1,1,1,1,1,0,0,0,1,0,0,1,1,0,1,1,0,1,1,1,1,0,1,1,1,0,0,1,0,1,0,1,0,0,1,1,1,0,1,0,0,0,1,1,1,1,1,1,0.3148148148148148,456.95823445392597,1
59,1,1,1,0,0,0,1,1,1,1,1,0,0,0,1,0,0,1,1,0,1,1,0,0,0,1,1,1,1,1,1,0,0,1,0,1,0,1,0,0,1,1,0,0,1,1,0,0,0,1,1,1,1,1,0.3333333333333333,434.5682961109338,1
60,1,1,1,0,1,0,1,1,1,1,1,0,1,0,1,0,0,1,0,0,1,1,0,0,0,1,1,0,1,0,1,0,0,1,0,1,0,1,0,0,1,1,1,0,1,0,0,0,1,1,1,1,1,1,0.3148148148148148,408.3020484834679,1
61,0,0,0,1,1,1,0,1,0,0,0,1,1,1,0,0,1,0,0,1,0,0,0,1,1,0,0,0,0,1,0,1,1,0,1,0,1,0,1,1,0,1,0,1,0,0,1,0,0,0,1,0,0,0,0.35185185185185186,341.3924414563947,1
62,0,0,0,1,0,1,0,1,0,0,0,1,0,1,0,1,1,0,0,1,0,0,0,1,1,0,0,0,0,1,0,1,1,0,1,0,0,0,1,1,0,1,1,1,0,1,1,0,0,0,0,0,0,0,0.3333333333333333,282.82214123569247,1
63,1,1,1,0,1,0,0,1,1,1,1,0,0,0,1,1,0,1,1,0,1,1,0,0,0,1,1,0,1,1,1,0,0,1,0,1,0,1,0,0,1,1,1,0,1,0,0,0,1,1,1,0,1,1,0.2777777777777778,448.42463026619447,1
64,1,1,0,0,1,0,1,1,1,1,1,0,1,0,1,1,0,1,1,0,1,1,0,0,0,1,1,0,1,1,1,0,0,1,0,1,1,1,0,0,1,1,0,0,1,0,0,1,1,1,1,1,1,1,0.2962962962962963,501.32587550831346,1
65,0,0,0,1,0,1,0,1,0,0,0,1,0,1,0,1,1,0,0,1,0,0,0,1,0,0,0,0,0,1,0,1,1,1,1,0,1,0,1,1,0,1,1,1,0,0,1,0,0,0,0,0,0,0,0.2777777777777778,316.09956063315025,1
66,1,1,1,0,0,0,1,1,1,1,1,0,1,0,1,0,0,1,1,0,1,1,0,0,0,1,1,0,1,0,1,0,0,1,0,1,0,0,0,0,1,1,1,0,1,0,0,0,1,1,1,1,1,1,0.3333333333333333,385.159756915046,1
67,0,0,1,1,0,1,0,1,0,0,0,1,0,1,0,1,1,0,0,1,0,0,1,1,1,0,0,1,0,1,1,1,1,1,1,0,0,0,1,1,0,1,1,1,0,0,1,0,0,1,0,0,0,0,0.2777777777777778,348.630981090477,1
68,1,1,1,0,1,0,1,1,1,1,1,0,1,0,1,0,0,1,1,0,1,1,0,0,1,1,1,0,1,1,1,0,0,1,0,1,0,1,0,0,1,1,1,0,1,0,0,0,1,1,1,1,1,1,0.3333333333333333,446.5601764313289,1
69,1,1,1,0,1,0,1,1,1,1,1,0,1,0,1,0,0,1,1,0,1,1,0,0,0,1,1,0,1,1,1,0,0,1,0,1,0,1,0,0,1,1,0,0,1,1,0,1,1,1,1,1,1,1,0.3333333333333333,503.4373091437556,1
70,1,1,0,0,0,0,1,1,1,1,1,0,0,0,1,0,0,1,1,0,1,1,0,0,1,1,1,1,1,0,1,0,0,1,0,1,0,1,0,0,1,1,1,0,1,0,0,0,0,1,1,1,1,1,0.2777777777777778,337.16916253436557,1
71,1,1,1,0,0,0,1,1,1,1,1,0,1,0,1,0,0,1,0,0,1,1,0,0,1,1,1,0,1,1,1,0,0,1,0,1,0,1,0,0,1,1,0,0,1,1,0,0,1,1,1,1,1,1,0.35185185185185186,431.80849121463115,1
72,1,1,1,0,1,0,1,1,1,1,1,0,1,0,1,0,0,1,0,0,1,1,0,0,0,1,1,0,1,0,1,0,0,1,0,1,0,1,0,0,1,1,1,0,1,0,0,0,1,1,1,1,1,1,0.3148148148148148,408.3020484834679,1
73,0,0,0,1,0,1,0,0,0,0,0,1,1,1,0,0,1,0,0,1,0,0,1,1,1,0,0,0,0,1,0,1,1,0,1,0,1,0,1,1,0,1,1,1,0,1,1,0,0,0,1,0,0,0,0.35185185185185186,426.6031818186754,1
74,1,1,1,0,1,0,1,1,1,1,1,0,1,0,0,0,0,1,1,0,1,1,0,0,1,1,1,0,1,1,1,0,0,1,0,1,0,1,0,0,1,1,0,0,1,0,0,1,0,1,1,1,1,1,0.35185185185185186,495.32317258607327,1
75,1,1,1,0,1,0,0,1,1,1,1,0,1,0,1,0,0,1,1,0,1,1,0,0,0,1,1,0,1,1,0,0,0,1,0,1,1,1,0,0,1,1,0,0,1,0,0,0,1,1,1,1,1,1,0.2962962962962963,444.3220502654361,1
76,0,0,0,0,0,1,0,1,0,0,0,1,0,1,0,1,1,0,0,1,0,0,0,1,1,0,0,0,0,1,0,0,1,0,1,0,1,0,1,1,0,1,1,1,0,1,1,0,1,0,1,0,0,0,0.25925925925925924,412.01032737974475,1
77,1,1,1,0,1,0,1,1,1,1,1,0,0,0,1,0,0,1,1,0,1,1,0,0,1,1,1,0,1,0,1,0,0,1,0,1,0,0,0,0,1,1,0,0,1,1,0,1,1,1,1,1,1,1,0.35185185185185186,431.06352232754745,1
78,0,0,0,1,0,1,0,1,0,0,0,1,1,1,0,1,1,0,0,1,0,0,1,1,0,0,0,0,0,1,0,1,1,0,1,0,1,0,1,1,0,1,1,1,0,1,1,1,1,0,1,0,0,0,0.3333333333333333,573.3470510715989,1
79,0,0,0,1,0,1,0,1,0,0,0,1,0,1,0,1,1,0,0,1,0,0,0,1,1,0,0,0,0,1,0,1,1,0,1,0,1,0,1,1,0,1,1,1,0,0,1,1,1,0,1,0,0,0,0.2777777777777778,588.8171884720039,1
80,1,1,1,0,1,0,0,1,1,1,1,0,0,0,1,0,0,1,1,0,1,1,0,0,1,1,1,1,1,1,1,0,0,1,0,1,0,1,0,0,1,1,0,0,1,0,0,0,1,1,1,1,1,1,0.3333333333333333,455.0702346768674,1
81,1,0,1,0,0,1,0,1,0,0,0,1,0,1,0,0,1,0,0,1,0,0,1,1,1,0,0,1,0,1,1,1,1,0,1,0,0,0,1,1,0,1,1,1,0,0,1,0,0,0,1,0,0,0,0.25925925925925924,382.61250617220577,1
82,1,1,1,0,0,0,1,1,1,1,1,0,0,0,1,1,0,1,1,0,1,1,0,0,1,1,1,0,1,1,1,0,0,1,0,0,0,1,0,0,1,1,0,0,1,1,0,0,1,1,1,1,1,1,0.25925925925925924,414.93564545034195,1
83,0,0,0,1,0,1,0,0,0,0,0,1,1,1,0,1,1,0,0,1,0,0,1,1,0,0,0,0,0,1,1,0,1,0,1,0,0,0,1,1,0,1,0,1,0,0,1,0,0,0,1,0,0,0,0.2222222222222222,330.86822776997104,1
84,1,1,1,0,0,0,1,1,1,1,1,0,1,0,1,0,0,1,1,0,1,1,0,0,0,1,1,1,1,0,1,0,0,0,0,1,0,1,0,0,1,1,0,0,1,1,0,0,1,1,1,0,1,1,0.3888888888888889,386.64039117808403,1
85,1,1,1,0,0,0,1,1,1,1,1,0,0,0,1,1,0,1,1,0,1,1,0,0,1,1,1,0,1,0,1,0,0,1,0,1,0,1,0,0,1,1,1,0,1,1,0,0,1,1,1,1,1,1,0.25925925925925924,398.18145643209624,1
86,1,1,1,0,0,0,1,1,1,1,1,0,0,0,1,0,0,1,1,0,1,1,0,0,1,1,1,0,1,1,1,0,0,1,0,1,0,0,0,0,1,1,1,0,1,0,0,1,1,1,1,0,1,1,0.37037037037037035,454.4631194059394,1
87,1,1,1,0,0,0,1,1,1,1,1,0,0,0,1,0,0,1,1,0,1,1,0,0,0,1,1,0,1,0,1,0,0,1,0,1,0,1,0,0,1,1,1,0,1,0,0,0,0,1,1,0,1,1,0.35185185185185186,378.75908844669823,1
88,0,1,0,0,1,0,1,1,1,1,1,0,1,0,1,0,0,1,0,0,1,1,0,1,0,1,1,0,1,1,1,0,0,1,0,1,0,1,0,0,1,1,0,0,1,0,0,1,1,1,1,1,1,1,0.3148148148148148,489.1329566616087,1
89,1,1,1,0,1,0,0,1,1,1,1,0,1,0,1,0,0,1,1,0,1,1,0,0,0,1,1,0,1,1,1,0,0,1,0,1,0,1,0,0,1,1,0,0,1,1,0,0,1,1,1,1,1,1,0.37037037037037035,445.7812143037542,1
90,0,0,0,1,0,1,0,1,0,0,0,1,1,1,0,1,1,0,0,1,0,0,1,1,1,0,0,1,0,1,0,1,1,0,1,0,1,0,1,1,0,1,1,1,0,0,1,0,1,0,0,0,0,0,0.3333333333333333,295.3857754618446,1
91,0,1,0,0,0,0,1,1,1,1,1,0,1,0,1,1,0,1,1,0,1,1,0,0,0,1,1,0,1,1,1,0,0,1,0,1,0,1,0,0,1,1,0,0,1,0,0,0,0,1,1,1,1,1,0.2962962962962963,382.0884302421038,1
92,1,1,0,0,0,0,1,1,1,1,1,0,0,0,1,0,0,1,1,0,1,1,0,0,0,1,1,0,1,1,0,0,0,1,0,0,0,0,0,0,1,1,0,0,1,1,0,0,1,1,1,1,1,1,0.3148148148148148,327.3867037180704,1
93,1,1,0,0,1,0,1,1,1,1,1,0,0,0,1,0,0,1,0,0,1,1,1,0,0,1,1,0,1,1,1,0,0,1,0,1,0,0,0,0,1,0,0,0,1,1,0,0,1,1,1,1,1,1,0.3333333333333333,357.13071848708,1
94,1,1,1,0,0,0,1,0,1,1,1,1,0,0,1,1,0,1,1,0,1,0,0,0,1,1,1,1,1,0,1,0,0,1,0,1,0,1,0,0,1,1,1,0,1,0,0,0,1,1,1,1,1,1,0.25925925925925924,436.8734663145114,1
95,1,1,1,0,1,0,0,1,1,1,1,0,0,0,1,0,0,1,1,0,1,1,0,0,1,1,1,1,1,0,1,0,0,1,0,1,0,1,0,0,1,0,0,0,1,0,0,0,0,1,1,1,1,1,0.2777777777777778,448.6558434089929,1
96,1,1,0,0,1,0,1,1,1,1,0,0,0,0,1,0,0,1,1,0,1,1,0,0,1,1,1,0,1,0,1,0,0,1,0,1,0,0,0,0,1,1,0,0,1,1,0,1,0,1,1,0,1,1,0.37037037037037035,360.24728905505754,1
97,1,1,1,0,0,0,1,1,1,1,1,0,1,0,1,0,0,1,1,0,1,1,0,0,1,1,1,0,1,1,1,0,0,1,0,1,0,0,0,0,1,1,0,0,1,1,0,0,1,1,1,1,1,1,0.42592592592592593,413.52144339123794,1
98,0,0,0,1,0,1,0,1,0,0,0,0,1,1,0,0,0,0,1,1,0,0,1,0,0,0,0,0,0,1,0,0,1,0,1,0,1,0,1,1,0,0,1,1,0,0,1,1,0,0,1,0,0,0,0.25925925925925924,489.58855908718215,1
99,0,0,1,1,0,1,0,1,0,0,0,1,1,1,0,1,1,0,0,1,0,0,1,1,0,0,0,0,0,1,1,1,1,1,1,0,1,0,1,1,0,1,1,1,0,0,1,0,0,0,0,0,0,0,0.3333333333333333,320.3386308570821,1
