,0,1,2,3,4,5,6,7,8,9,10,11,12,13,14,15,16,17,18,19,20,21,22,23,24,25,26,27,28,29,30,31,32,33,34,35,36,37,38,39,40,41,42,43,44,45,46,47,48,49,50,51,52,53,chain_break_fraction,energy,num_occurrences
0,0,1,0,1,1,0,1,0,1,0,1,1,1,0,0,0,1,0,0,1,0,1,0,1,0,1,1,1,0,1,1,1,0,0,0,1,0,1,1,1,1,0,1,0,0,1,1,1,0,0,0,0,0,0,0.3333333333333333,297.0676835658065,1
1,0,1,0,1,0,0,1,0,1,0,1,1,1,0,0,0,1,0,0,1,0,1,0,1,0,1,1,1,0,1,1,1,0,0,0,1,0,1,1,1,1,0,1,0,0,1,1,1,1,0,0,0,0,0,0.3333333333333333,280.5608121837535,1
2,0,1,0,1,1,0,1,0,1,0,1,1,1,0,0,0,1,1,1,1,0,1,0,1,0,1,1,1,0,1,1,1,0,0,0,1,0,1,1,1,1,0,1,0,0,1,1,1,1,0,0,0,0,0,0.35185185185185186,364.44458788826654,1
3,0,1,0,1,1,0,1,0,1,0,1,1,1,0,0,0,1,1,0,1,0,1,0,1,0,1,1,1,0,1,1,1,0,0,0,1,0,1,1,1,1,0,1,0,0,1,1,1,1,0,0,0,0,0,0.3888888888888889,348.3390414142569,1
4,0,1,0,1,1,0,1,0,1,0,1,1,1,0,0,0,1,0,0,1,0,1,0,1,0,1,1,1,0,1,1,1,0,0,0,1,0,1,1,1,1,0,1,0,0,1,1,1,0,0,0,0,0,0,0.35185185185185186,297.0676835658065,1
5,0,1,0,1,1,0,1,0,1,0,1,1,1,0,0,0,1,0,0,1,0,1,0,1,0,1,1,1,0,1,1,1,0,0,0,1,0,1,1,1,1,0,1,0,0,1,1,1,1,0,0,0,0,0,0.3148148148148148,294.9998864371416,1
6,0,1,0,1,1,0,1,0,1,0,1,1,1,0,0,0,1,0,1,1,0,0,0,1,0,1,1,1,0,1,1,1,0,0,0,1,0,1,1,1,1,0,1,0,0,1,1,1,0,0,0,0,0,0,0.2962962962962963,293.0227445911577,1
7,0,1,0,1,1,0,1,0,1,0,1,1,1,0,0,0,1,0,1,1,0,0,0,1,0,1,0,1,0,1,1,1,0,0,0,1,0,1,1,1,1,0,1,0,0,1,1,1,0,0,0,0,0,0,0.35185185185185186,253.4627433737592,1
8,0,1,0,1,1,0,1,0,1,0,1,1,1,0,0,0,1,0,0,1,0,0,0,1,0,1,1,1,0,1,1,1,0,0,0,1,0,1,1,1,1,0,1,0,0,1,1,1,1,0,0,0,0,0,0.35185185185185186,287.44951822074694,1
9,0,1,0,1,1,0,1,0,1,0,1,1,1,0,0,0,1,0,0,1,0,1,0,1,0,1,0,1,0,1,1,1,0,0,0,1,0,1,1,1,1,0,1,0,0,1,1,1,1,0,0,0,0,0,0.3148148148148148,265.4876127242865,1
10,0,1,0,1,1,0,1,0,1,0,1,1,1,0,0,0,1,0,0,1,0,0,0,1,0,1,0,1,0,1,1,1,0,0,0,1,0,1,1,1,1,0,1,0,0,1,1,1,0,0,0,0,0,0,0.3333333333333333,257.36804557518576,1
11,0,1,0,1,1,0,1,0,1,0,1,1,1,0,0,0,1,0,0,1,0,1,0,1,0,1,0,1,0,1,1,1,0,0,0,1,0,1,1,1,1,0,1,0,0,1,1,1,0,0,0,0,0,0,0.37037037037037035,257.5112037186842,1
12,0,1,0,1,1,0,1,0,1,0,1,1,1,0,0,0,1,0,0,1,0,1,0,1,0,1,1,1,0,1,1,1,0,0,0,1,0,1,1,1,1,0,1,0,0,1,1,1,0,0,0,0,0,0,0.25925925925925924,297.0676835658065,1
13,0,1,0,1,1,0,1,0,1,0,1,1,1,0,0,0,1,0,0,1,0,0,0,1,0,1,1,1,0,1,1,1,0,0,0,1,0,1,1,1,1,0,1,0,0,1,1,1,0,0,0,0,0,0,0.37037037037037035,286.9244639127124,1
14,0,1,0,1,1,0,1,0,1,0,1,1,1,0,0,0,1,0,0,1,0,1,0,1,0,1,1,1,0,1,1,1,0,0,0,1,0,1,1,1,1,0,0,0,0,1,1,1,0,0,0,0,0,0,0.35185185185185186,300.5882459951838,1
15,0,1,0,1,1,0,1,0,1,0,1,1,1,0,0,0,1,0,1,1,0,0,0,1,0,1,0,1,0,1,1,1,0,0,0,1,0,1,1,1,1,0,1,0,0,1,1,1,0,0,0,0,0,0,0.35185185185185186,253.4627433737592,1
16,0,1,0,1,1,0,1,0,1,0,1,1,1,0,0,0,1,0,0,1,0,1,0,1,0,1,1,1,0,1,1,1,0,0,0,1,1,1,1,1,1,0,1,0,0,1,1,1,1,0,0,0,0,0,0.37037037037037035,294.13797827453755,1
17,0,1,0,1,1,0,1,0,1,0,1,1,1,0,0,0,1,0,0,1,0,1,0,1,0,1,0,1,0,1,1,1,0,0,0,1,0,1,1,1,1,0,1,0,0,1,1,1,0,0,0,0,0,0,0.4074074074074074,257.5112037186842,1
18,0,1,0,1,1,0,1,0,1,0,1,1,1,0,0,0,1,0,0,1,0,0,0,1,0,1,0,1,0,1,1,1,0,0,0,1,0,1,1,1,1,0,1,0,0,1,1,1,0,0,0,0,0,0,0.37037037037037035,257.36804557518576,1
19,0,1,0,1,1,0,1,0,1,0,1,1,1,0,0,0,1,0,1,1,0,1,0,1,0,1,1,1,0,1,1,1,0,0,0,1,0,1,1,1,1,0,1,0,0,1,1,0,1,0,0,0,0,0,0.35185185185185186,319.37739724300536,1
20,1,0,1,0,0,1,0,1,0,1,0,1,0,1,1,1,1,1,1,0,1,0,1,0,1,0,0,0,1,0,0,0,1,1,1,0,1,0,0,0,0,1,0,1,1,0,0,0,0,1,1,1,1,1,0.3333333333333333,365.95439700110103,1
21,0,1,0,1,1,0,1,0,1,0,1,1,1,0,0,0,1,1,0,1,0,1,0,1,0,1,1,1,0,1,1,1,0,0,0,1,0,1,1,1,1,0,1,0,0,1,1,1,1,0,0,0,0,0,0.35185185185185186,348.3390414142569,1
22,0,1,0,1,1,0,1,0,1,0,1,1,1,0,0,0,1,1,0,1,0,1,0,1,0,1,1,1,0,1,1,1,0,0,0,1,0,1,1,1,1,0,1,1,0,1,1,1,0,0,0,0,0,0,0.3333333333333333,346.01004082892024,1
23,0,1,0,1,1,0,1,0,1,0,1,1,1,0,0,0,1,0,1,1,0,1,0,1,0,1,1,1,0,1,1,1,0,0,0,1,1,1,1,1,1,0,1,0,0,1,1,1,0,0,0,0,0,0,0.35185185185185186,299.6924288988585,1
24,0,1,0,1,1,0,0,0,1,0,1,1,1,0,0,0,1,0,1,1,0,1,0,1,0,1,1,1,0,1,1,1,0,0,0,1,0,1,1,1,1,0,1,0,0,1,1,1,0,0,0,0,0,0,0.2962962962962963,292.39777331747945,1
25,0,1,0,1,1,0,1,0,1,0,1,1,1,0,0,0,1,1,0,1,0,1,0,1,0,1,1,1,0,1,1,1,0,0,0,1,0,1,1,1,1,0,1,0,0,1,1,1,0,0,0,0,0,0,0.37037037037037035,362.2766353235587,1
26,0,1,0,1,1,0,1,0,1,0,1,1,1,0,0,0,1,0,0,1,0,0,0,1,0,1,1,1,0,1,1,1,0,0,0,1,0,1,1,1,1,0,1,0,0,1,1,1,0,0,0,0,0,0,0.3148148148148148,286.9244639127124,1
27,0,1,0,1,1,0,1,0,1,0,1,1,1,0,0,0,1,0,0,1,0,1,0,1,0,1,1,1,0,1,1,1,0,0,0,1,0,1,1,1,1,0,1,0,0,1,1,0,0,0,0,0,0,0,0.37037037037037035,317.33887208046565,1
28,0,1,0,1,1,0,1,0,1,0,1,1,1,0,0,0,1,1,1,1,0,1,0,1,0,1,1,1,0,1,1,1,0,0,0,1,1,1,1,1,1,0,1,0,0,1,1,1,0,0,0,0,0,0,0.37037037037037035,364.69721817501124,1
29,0,1,0,1,1,0,1,0,1,0,1,1,1,0,0,0,1,0,0,1,0,1,0,1,0,1,1,1,0,1,1,1,0,0,0,1,0,1,1,1,1,0,1,0,0,1,1,0,1,0,0,0,0,0,0.3148148148148148,303.2710749518008,1
30,0,1,0,1,1,0,1,0,1,0,1,1,1,0,0,0,1,0,1,1,0,0,0,1,0,1,0,1,0,1,1,1,0,0,0,1,0,1,1,1,1,0,1,0,0,1,1,1,0,0,0,0,0,0,0.3333333333333333,253.4627433737592,1
31,0,1,0,1,1,0,1,0,1,0,1,1,1,0,0,0,1,1,1,1,0,1,0,1,0,1,1,1,0,1,1,1,0,0,0,1,0,1,1,1,1,0,1,0,0,1,1,0,0,0,0,0,0,0,0.35185185185185186,458.64537434453644,1
32,0,1,0,1,1,0,1,0,1,0,1,1,1,0,0,0,1,0,1,1,0,0,0,1,0,1,0,1,0,1,1,1,0,0,0,1,1,1,1,1,1,0,1,0,0,1,1,1,1,0,0,0,0,0,0.37037037037037035,271.7106177410411,1
33,0,1,0,1,0,0,1,0,1,0,1,1,1,0,0,0,1,0,1,1,0,1,0,1,0,1,1,1,0,1,1,1,0,0,0,1,0,1,1,1,1,0,1,0,0,1,1,0,1,0,0,0,0,0,0.2962962962962963,279.78541782028344,1
34,0,1,0,1,1,0,1,0,1,0,1,1,1,0,0,0,1,0,0,1,0,0,0,1,0,1,1,1,0,1,1,1,0,0,0,1,1,1,1,1,1,0,1,0,0,1,1,1,1,0,0,0,0,0,0.3333333333333333,289.0886820552008,1
35,0,1,0,1,1,0,1,0,1,0,1,1,1,0,0,0,1,1,1,1,0,0,0,1,0,1,1,1,0,1,1,1,0,0,0,1,0,1,1,1,1,0,1,1,0,1,1,1,0,0,0,0,0,0,0.37037037037037035,341.1620327446304,1
36,1,0,1,0,0,1,0,1,0,1,0,1,0,1,1,1,1,1,1,0,1,0,1,0,1,0,0,0,1,0,0,0,1,1,1,0,1,0,0,0,0,1,0,1,1,0,0,0,0,1,1,1,1,1,0.37037037037037035,365.95439700110103,1
37,0,1,0,1,0,0,1,0,1,0,1,1,1,0,0,0,1,0,0,1,0,1,1,1,0,1,1,1,0,1,1,1,0,0,0,1,0,1,1,1,1,0,1,0,0,1,1,1,0,0,0,0,0,0,0.3333333333333333,298.9710054919632,1
38,0,1,0,1,1,0,1,0,1,0,1,1,1,0,0,0,1,0,0,1,0,1,0,1,0,1,1,1,0,1,0,1,0,0,0,1,0,1,1,1,1,0,1,0,0,1,1,1,1,0,0,0,0,0,0.3148148148148148,298.3086455381466,1
39,0,1,0,1,1,0,1,0,1,0,1,1,1,0,0,0,1,1,0,1,0,0,1,1,0,1,1,1,0,1,1,1,0,0,0,1,0,1,1,1,1,0,1,0,0,1,1,1,1,0,0,0,0,0,0.3888888888888889,372.56982915657323,1
40,1,0,1,0,1,1,0,1,0,1,0,1,0,1,1,1,1,1,0,0,1,0,1,0,1,0,0,0,1,0,0,0,1,1,1,0,1,0,0,0,0,1,0,1,1,0,0,0,0,1,1,1,1,1,0.3333333333333333,390.76600907490354,1
41,0,1,0,1,1,0,1,0,1,0,1,1,1,0,0,0,1,0,0,1,0,1,0,1,0,1,0,1,0,1,1,1,0,0,0,1,1,1,1,1,1,0,1,0,0,1,1,1,1,0,0,0,0,0,0.35185185185185186,275.68017093412544,1
42,1,0,1,0,0,1,0,1,0,1,0,1,0,1,1,1,1,1,0,0,1,0,1,0,1,0,0,0,1,0,0,0,1,1,1,0,1,0,0,0,0,1,0,1,1,0,0,0,0,1,1,1,1,1,0.3333333333333333,359.33069545836275,1
43,0,1,0,1,1,0,1,0,1,0,1,1,1,0,0,0,1,0,0,1,0,1,0,1,0,1,1,1,0,1,1,1,0,0,0,1,0,1,1,1,1,0,1,0,0,1,1,1,0,0,0,0,0,0,0.3333333333333333,297.0676835658065,1
44,0,1,0,1,1,0,1,0,1,0,1,1,1,0,0,0,1,0,0,1,0,0,0,1,0,1,1,1,0,1,1,1,0,0,0,1,0,1,1,1,1,0,1,0,0,1,1,1,0,0,0,0,0,0,0.3888888888888889,286.9244639127124,1
45,1,0,1,0,0,1,0,1,0,1,0,1,0,1,1,1,1,1,0,0,1,0,1,0,1,0,0,0,1,0,0,0,1,1,1,0,1,0,0,0,0,1,0,1,1,0,0,0,0,1,1,1,1,1,0.35185185185185186,359.33069545836275,1
46,1,0,1,0,0,1,0,1,0,1,0,1,0,1,1,1,1,1,0,0,1,0,1,0,1,0,0,0,1,0,0,0,1,1,1,0,1,0,0,0,0,1,0,1,1,0,0,0,0,1,1,1,1,1,0.3148148148148148,359.33069545836275,1
47,1,0,1,0,0,1,0,1,0,1,0,1,0,1,1,1,1,1,0,0,1,0,1,0,1,0,0,0,1,0,0,0,1,1,1,0,1,0,0,0,0,1,0,1,1,0,0,0,0,1,1,1,1,1,0.3888888888888889,359.33069545836275,1
48,0,1,0,1,0,0,0,0,1,0,1,1,1,0,0,0,1,0,0,1,0,1,0,1,0,1,1,1,0,1,1,1,0,0,0,1,0,1,1,1,1,0,1,0,0,1,1,1,0,0,0,0,0,0,0.3148148148148148,271.82354124745314,1
49,1,0,1,0,0,1,0,1,0,1,0,1,0,1,1,1,1,1,0,0,1,0,1,0,1,0,0,0,1,0,0,0,1,0,1,0,1,0,0,0,0,1,0,1,1,0,0,0,1,1,1,1,1,1,0.35185185185185186,355.15382979063645,1
50,0,1,0,1,1,0,1,0,1,0,1,1,1,0,0,0,1,0,0,1,0,0,0,1,0,1,1,1,0,1,1,1,0,0,0,1,0,1,1,1,1,0,0,0,0,1,1,0,1,0,0,0,0,0,0.35185185185185186,294.2645729939746,1
51,1,0,1,0,0,1,0,1,0,1,0,1,0,1,1,1,1,1,0,0,1,1,0,0,1,0,0,0,1,0,0,0,1,1,1,0,1,0,0,0,0,1,0,1,1,0,0,0,1,1,1,1,1,1,0.2777777777777778,341.84679303442846,1
52,0,1,0,1,1,0,1,0,1,0,1,1,1,0,0,0,1,1,0,1,0,1,0,1,0,1,1,1,0,1,1,1,0,0,0,1,0,1,1,1,1,0,1,0,0,1,1,0,1,0,0,0,0,0,0.3333333333333333,404.0894170514642,1
53,1,0,1,0,0,1,0,1,0,1,0,1,0,1,1,1,1,1,0,0,1,0,1,0,1,0,0,0,1,0,0,0,1,1,1,0,1,0,0,0,0,1,0,1,1,0,0,0,0,1,1,1,1,1,0.3148148148148148,359.33069545836275,1
54,1,0,1,0,0,1,0,1,0,1,0,1,0,1,1,1,1,0,1,0,1,0,1,0,1,0,0,0,1,0,0,0,1,1,1,0,1,0,0,0,0,1,0,1,1,0,0,0,0,1,1,1,1,1,0.35185185185185186,325.3978879142445,1
55,1,0,1,0,1,1,0,1,0,1,0,1,0,1,1,1,1,1,0,0,1,0,1,0,1,0,0,0,1,0,0,0,1,1,1,0,1,0,0,0,0,1,0,1,1,0,0,0,1,1,1,1,1,1,0.35185185185185186,380.32621081557187,1
56,0,1,0,1,1,0,1,0,1,0,1,1,1,0,0,0,1,0,0,1,0,1,0,1,0,1,1,1,0,1,1,1,0,0,0,1,0,1,1,1,1,0,0,0,0,1,1,1,0,0,0,0,0,0,0.37037037037037035,300.5882459951838,1
57,0,1,0,1,1,0,1,0,1,0,1,1,1,0,0,0,1,0,0,1,0,1,0,1,0,1,0,1,0,1,1,1,0,0,0,1,0,1,1,1,1,0,1,0,0,1,1,1,0,0,0,0,0,0,0.2962962962962963,257.5112037186842,1
58,1,0,1,0,0,1,0,1,0,1,0,1,0,1,1,1,1,1,0,0,1,1,1,0,1,0,0,0,1,0,0,0,1,1,1,0,1,0,0,0,0,1,0,1,1,0,0,0,0,1,1,1,1,1,0.3333333333333333,374.00442534851686,1
59,1,0,1,0,0,1,0,1,0,1,0,1,0,1,1,1,1,0,1,0,1,0,1,0,1,0,1,0,1,0,0,0,1,1,1,0,1,0,0,0,0,1,0,1,1,0,0,0,0,1,1,1,1,1,0.37037037037037035,375.60297153639914,1
60,1,0,1,0,0,1,0,1,0,1,0,1,0,1,1,1,1,1,0,0,1,0,1,0,1,0,0,0,1,0,0,0,1,1,1,0,1,0,0,0,0,1,0,1,1,0,0,0,1,1,1,1,1,1,0.3148148148148148,353.9276714878824,1
61,0,1,0,1,1,0,1,0,1,0,1,1,1,0,0,0,1,0,0,1,0,1,0,1,0,1,1,1,0,1,0,1,0,0,0,1,0,1,1,1,1,0,1,0,0,1,1,1,0,0,0,0,0,0,0.3333333333333333,302.9056750602302,1
62,0,1,0,1,1,0,1,0,1,0,1,1,1,0,0,0,1,0,0,1,0,1,0,1,0,1,1,1,0,1,0,1,0,0,0,1,0,1,1,1,1,0,0,0,0,1,1,1,1,0,0,0,0,0,0.2777777777777778,302.00610253648074,1
63,1,0,1,0,0,1,0,1,0,1,0,1,0,1,1,1,1,1,0,0,1,0,1,0,1,0,0,0,1,0,0,0,1,0,1,0,1,0,0,0,0,1,0,1,1,0,0,0,0,1,1,1,1,1,0.35185185185185186,363.2342503816417,1
64,1,0,1,0,1,1,0,1,0,1,0,1,0,1,1,1,1,1,0,0,1,0,1,0,1,0,0,0,1,0,0,0,1,0,1,0,1,0,0,0,0,1,0,1,1,0,0,0,0,1,1,1,1,1,0.3333333333333333,399.69703479217867,1
65,0,1,0,1,0,0,1,0,1,0,1,1,1,0,0,0,1,1,0,1,0,1,0,1,0,1,1,1,0,1,1,1,0,0,0,1,0,1,1,1,1,0,1,0,0,1,1,1,0,0,0,0,0,0,0.35185185185185186,322.47705135483153,1
66,1,0,1,0,0,1,0,1,0,1,0,1,0,1,1,1,1,0,0,0,1,0,1,0,1,0,0,0,1,0,0,0,1,0,1,0,1,0,0,0,0,1,0,1,1,0,0,0,0,1,1,1,1,1,0.3333333333333333,322.0991246516222,1
67,1,0,1,0,0,1,0,1,0,1,0,1,0,1,1,1,1,1,1,0,1,0,1,0,1,0,0,0,1,0,0,0,1,1,1,0,1,0,0,0,0,1,0,1,1,0,0,0,0,1,1,1,1,1,0.35185185185185186,365.95439700110103,1
68,0,1,0,1,1,0,1,0,1,0,1,1,1,0,0,0,1,0,0,1,0,0,0,1,0,1,1,1,0,1,1,1,0,0,0,1,0,1,1,1,1,0,1,0,0,1,1,0,0,0,0,0,0,0,0.3333333333333333,296.82424668057365,1
69,1,0,1,0,1,1,0,1,0,1,0,1,0,1,1,1,1,0,0,0,1,0,1,0,1,0,0,0,1,0,0,0,1,1,1,0,1,0,0,0,0,1,0,1,1,0,0,0,0,1,1,1,1,1,0.35185185185185186,339.89524227217333,1
70,0,1,0,1,0,0,1,0,1,0,1,1,1,0,0,0,1,0,0,1,0,1,1,1,0,1,1,1,0,1,0,1,0,0,0,1,0,1,1,1,1,0,1,0,0,1,1,1,1,0,0,0,0,0,0.3148148148148148,299.8863806782847,1
71,1,0,1,0,0,1,0,1,0,1,0,1,0,1,1,1,1,1,0,0,1,1,0,0,1,0,0,0,1,0,0,0,1,1,1,0,1,0,0,0,0,1,0,1,1,0,0,0,0,1,1,1,1,1,0.3148148148148148,344.65696556820933,1
72,1,0,1,0,0,1,0,1,0,1,0,1,0,1,1,1,1,1,0,0,1,0,1,0,1,0,0,0,1,0,0,0,1,1,1,0,1,0,0,0,0,1,0,0,1,0,0,0,1,1,1,1,1,1,0.2962962962962963,353.60929742880336,1
73,1,0,1,0,0,1,0,1,0,1,0,1,0,1,1,1,1,1,0,0,1,0,1,0,1,0,0,0,1,0,0,0,1,1,1,0,1,0,0,0,0,1,0,1,1,0,0,0,0,1,1,1,1,1,0.3333333333333333,359.33069545836275,1
74,0,1,0,1,1,0,1,0,1,0,1,1,1,0,0,0,1,0,1,1,0,1,0,1,0,1,1,1,0,1,1,1,0,0,0,1,1,1,1,1,1,0,1,0,0,1,1,1,0,0,0,0,0,0,0.3333333333333333,299.6924288988585,1
75,1,0,1,0,1,1,0,1,0,1,0,1,0,1,1,1,1,1,0,0,1,0,1,0,1,0,0,0,1,0,0,0,1,1,1,0,1,0,0,0,0,1,0,1,1,0,0,0,0,1,1,1,1,1,0.37037037037037035,390.76600907490354,1
76,1,0,1,0,0,1,1,1,0,1,0,1,0,1,1,1,1,0,1,0,1,0,1,0,1,0,0,0,1,0,0,0,1,1,1,0,1,0,0,0,0,1,0,1,1,0,0,0,0,1,1,1,1,1,0.35185185185185186,328.9558154705341,1
77,1,0,1,0,0,1,0,1,0,1,0,1,0,1,1,1,0,1,0,0,1,0,1,0,1,0,0,0,1,0,0,0,1,1,1,0,1,0,0,0,0,1,0,1,1,0,0,0,0,1,1,1,1,1,0.35185185185185186,344.05717977024244,1
78,0,1,0,1,0,0,0,0,1,0,1,1,1,0,0,0,1,0,1,1,0,1,0,1,0,1,0,1,0,1,1,1,0,0,0,1,0,1,1,1,1,0,1,0,0,1,1,1,1,0,0,0,0,0,0.3148148148148148,267.8729621125482,1
79,0,1,0,1,1,0,1,0,1,0,1,1,1,0,0,0,1,1,0,1,0,1,0,1,0,1,1,1,0,1,1,1,0,0,0,1,0,1,1,1,1,0,1,0,0,1,1,0,1,0,0,0,0,0,0.37037037037037035,404.0894170514642,1
80,0,1,0,1,1,0,1,0,1,0,1,1,1,0,0,0,1,0,0,1,0,0,0,1,0,1,1,1,0,1,1,1,0,1,0,1,1,1,1,1,1,0,0,0,0,1,1,0,1,0,0,0,0,0,0.3333333333333333,277.36826428916896,1
81,1,0,1,0,1,1,0,1,0,1,0,1,0,1,1,1,1,0,0,0,1,0,1,0,1,0,0,0,1,0,0,0,1,0,1,0,1,0,0,0,0,1,0,1,1,0,0,0,0,1,1,1,1,1,0.3888888888888889,338.2381736356711,1
82,0,1,0,1,0,0,1,0,1,0,1,1,1,0,0,0,1,0,0,1,0,1,0,1,0,1,1,1,0,1,1,1,0,0,0,1,0,1,1,1,1,0,1,0,0,1,0,1,0,0,0,0,0,0,0.37037037037037035,277.6538807031934,1
83,1,0,1,0,0,1,0,1,0,1,0,1,0,1,1,1,1,1,0,0,1,1,1,0,1,0,0,0,1,0,0,0,1,1,1,0,1,0,0,0,0,1,0,1,1,0,0,0,0,1,1,1,1,1,0.3148148148148148,374.00442534851686,1
84,0,1,0,1,0,0,1,0,1,0,1,1,0,0,0,0,1,0,0,1,0,0,0,1,0,1,0,1,0,1,1,1,0,0,0,1,1,1,1,1,1,0,1,0,0,1,1,1,0,0,0,0,0,0,0.3148148148148148,289.8449803860566,1
85,0,1,0,1,1,0,0,0,1,0,1,1,1,0,0,0,1,0,0,1,0,0,0,1,0,1,0,1,0,1,0,1,0,0,0,1,0,1,1,1,1,0,1,0,0,1,1,1,1,0,0,0,0,0,0.3148148148148148,261.9530966298594,1
86,0,1,0,1,1,0,1,0,1,0,1,1,1,0,0,0,1,0,0,1,0,1,0,1,0,1,1,1,0,1,1,1,0,0,0,1,0,1,1,1,1,1,1,0,0,1,1,1,0,0,0,0,0,0,0.35185185185185186,314.9332541835134,1
87,1,0,1,0,0,1,0,1,0,1,0,1,0,1,1,1,1,0,1,0,1,0,1,0,1,0,0,0,1,0,0,0,1,0,1,0,1,0,0,0,0,1,0,1,1,0,0,0,0,1,1,1,1,1,0.3333333333333333,321.30044365235545,1
88,0,1,0,1,0,0,1,0,1,0,1,1,1,0,0,0,1,0,0,1,0,1,0,1,0,1,1,1,0,1,1,1,0,0,0,1,0,1,1,1,1,0,0,1,0,1,1,0,0,0,0,1,0,0,0.3148148148148148,269.1320427993643,1
89,0,1,0,1,1,0,0,0,1,0,1,1,0,0,0,0,1,0,0,1,0,0,0,1,0,1,1,1,0,1,1,1,0,0,0,1,0,1,1,1,1,0,0,0,0,1,1,1,1,0,0,0,0,0,0.2962962962962963,273.69056779823967,1
90,0,1,0,1,1,0,0,0,1,0,1,1,1,0,0,0,1,1,0,1,0,0,0,1,0,1,1,1,0,1,1,1,0,0,0,1,1,1,1,1,1,0,1,0,0,0,1,0,1,0,0,0,0,0,0.3333333333333333,351.5828302988949,1
91,1,0,1,0,1,1,0,1,0,1,0,1,0,1,1,1,1,1,1,0,1,0,1,0,1,0,0,0,1,0,0,0,1,1,1,0,1,0,0,0,0,1,0,1,1,0,0,0,0,1,1,1,1,1,0.42592592592592593,402.39551863156987,1
92,1,0,1,0,0,1,0,1,0,1,0,1,0,1,1,1,1,0,0,0,1,0,1,0,1,0,0,0,1,0,0,0,1,0,1,0,1,0,0,0,0,1,0,1,1,0,0,0,0,1,1,1,1,1,0.37037037037037035,322.0991246516222,1
93,1,0,1,0,0,1,0,1,0,1,0,1,0,1,1,1,1,0,0,0,1,1,1,0,1,0,0,0,1,0,0,0,1,1,1,0,1,0,0,0,0,1,1,0,1,0,0,0,0,1,1,1,1,1,0.2962962962962963,324.1940002407552,1
94,1,0,1,0,0,1,0,1,0,1,0,1,0,1,1,1,1,1,0,0,1,0,1,0,1,0,0,0,1,0,0,0,1,0,1,0,1,0,0,0,0,1,1,0,1,0,0,0,0,1,1,1,1,1,0.3148148148148148,365.6235358183529,1
95,0,1,0,1,1,0,1,0,1,0,1,1,0,0,0,0,1,0,1,1,0,1,0,1,0,1,0,1,0,1,0,1,0,0,0,1,0,1,1,1,1,0,1,1,0,1,1,1,0,0,0,0,0,0,0.3333333333333333,269.4258936188867,1
96,0,1,0,1,0,0,1,0,1,0,1,1,1,0,0,0,1,0,1,1,0,0,0,1,0,1,1,1,0,1,1,1,0,0,0,1,0,1,1,1,1,0,1,0,0,1,1,1,1,0,0,0,0,0,0.35185185185185186,277.05398766882024,1
97,0,1,0,1,1,0,1,0,1,0,1,1,1,0,0,0,1,0,1,1,0,1,0,1,0,1,1,1,0,1,0,1,0,0,0,1,0,1,1,1,1,0,1,0,0,1,1,1,0,0,0,0,0,0,0.3333333333333333,314.1626994782798,1
98,1,0,1,0,0,1,1,1,0,1,0,1,0,1,1,1,1,1,0,0,1,0,1,0,1,0,0,0,1,0,0,0,1,1,1,0,0,0,0,0,0,1,0,1,1,0,0,0,0,1,1,1,1,1,0.3333333333333333,381.7176103192135,1
99,0,0,1,0,0,1,0,1,0,1,0,1,0,1,1,1,1,1,1,0,1,0,1,0,1,0,0,0,1,0,0,0,1,1,1,0,1,0,0,0,0,1,0,1,1,0,0,0,0,1,1,1,1,1,0.35185185185185186,356.9398308185264,1
