,0,1,2,3,4,5,6,7,8,9,10,11,12,13,14,15,16,17,18,19,20,21,22,23,24,25,26,27,28,29,30,31,32,33,34,35,36,37,38,39,40,41,42,43,44,45,46,47,48,49,50,51,52,53,chain_break_fraction,energy,num_occurrences
0,0,0,1,0,1,1,0,1,0,1,0,0,0,1,1,1,1,1,1,0,0,0,0,0,1,1,1,0,1,0,0,0,1,0,0,1,0,1,0,1,1,0,1,1,0,0,1,0,1,1,1,0,1,1,0.37037037037037035,336.8307645570542,1
1,0,0,1,0,1,1,0,1,1,1,0,0,0,1,1,1,1,1,1,0,0,0,1,0,1,1,1,0,1,0,1,0,1,0,0,1,0,1,0,1,1,0,1,1,0,0,1,0,1,0,1,0,1,1,0.35185185185185186,416.88343771409353,1
2,0,0,1,0,1,1,0,1,1,1,0,0,0,1,1,1,1,1,1,0,0,0,0,0,1,1,1,0,1,0,1,0,1,0,0,1,0,1,0,1,1,0,1,1,0,0,1,0,1,1,1,1,1,1,0.2962962962962963,357.98227681852,1
3,0,0,1,0,1,1,0,1,1,1,0,0,0,1,0,0,1,1,1,0,0,0,1,0,1,1,1,0,1,0,0,0,1,0,0,1,0,1,0,1,1,0,1,1,0,0,1,0,1,0,1,0,1,1,0.3333333333333333,317.10105213051725,1
4,0,0,1,0,1,1,0,1,0,1,0,1,0,1,1,1,1,1,1,0,0,0,1,0,1,1,1,0,1,0,1,0,1,0,0,1,0,1,0,1,1,0,1,1,0,0,1,0,1,0,1,1,1,1,0.3333333333333333,441.8938181666933,1
5,0,0,1,0,1,1,0,1,1,0,0,1,0,1,1,1,1,1,1,0,0,0,0,0,1,1,1,0,1,0,0,0,1,0,0,1,0,1,0,1,1,0,1,1,0,0,1,0,1,1,1,0,1,1,0.37037037037037035,454.98611298023917,1
6,0,0,1,0,1,1,0,1,0,1,0,1,0,1,1,1,1,1,1,0,0,0,1,0,1,0,1,0,1,0,0,0,1,0,0,1,0,1,0,1,1,0,1,1,0,0,1,0,1,1,1,0,1,1,0.35185185185185186,410.85526269945586,1
7,0,0,1,0,1,1,0,1,0,1,0,0,0,1,1,1,1,1,1,0,0,0,0,0,1,1,1,1,1,0,1,0,0,0,0,1,0,1,0,1,1,0,1,1,0,0,1,0,1,1,1,0,1,1,0.37037037037037035,329.6642787363322,1
8,0,0,1,0,1,1,0,1,0,0,0,1,0,1,1,1,1,1,1,0,0,0,1,0,1,1,1,0,1,0,0,0,1,0,0,1,0,1,0,1,1,0,1,1,0,0,1,0,1,1,1,0,1,1,0.37037037037037035,424.80119308784793,1
9,0,0,1,0,1,1,0,1,0,1,0,1,0,1,0,1,1,1,1,0,0,0,1,0,1,1,1,0,1,0,0,0,1,0,1,1,0,1,0,1,1,0,1,1,0,0,1,0,1,0,1,0,1,1,0.3148148148148148,358.79040020418097,1
10,0,0,1,0,1,1,0,1,1,1,0,0,0,1,1,1,1,1,1,0,0,0,1,0,1,0,1,1,1,0,1,0,1,0,1,1,0,1,0,1,1,0,1,1,0,0,1,0,0,0,1,0,1,0,0.35185185185185186,389.0953669627726,1
11,0,0,1,0,1,1,0,1,0,1,0,1,0,1,1,0,1,1,1,0,0,0,0,0,1,1,1,0,1,0,0,0,1,0,0,1,0,1,0,0,1,0,1,1,0,0,1,0,1,1,1,0,1,1,0.37037037037037035,405.24761767608743,1
12,1,1,0,1,0,1,1,0,1,0,1,1,1,0,0,0,0,1,0,1,1,1,1,1,0,1,0,1,0,1,0,1,0,1,1,0,1,0,1,0,0,1,0,1,1,1,0,1,0,0,1,1,0,1,0.37037037037037035,460.94606312145254,1
13,0,0,1,0,1,1,0,1,1,0,0,0,0,1,0,0,1,1,1,0,0,0,1,0,1,1,1,0,1,0,0,0,0,0,0,1,0,1,0,1,1,0,1,1,0,0,1,0,1,1,1,0,1,1,0.3333333333333333,311.7847809116316,1
14,1,0,0,1,0,1,1,0,1,0,1,1,1,1,0,1,0,1,0,1,1,1,0,1,0,1,0,0,0,1,0,1,0,1,1,0,1,0,1,0,0,1,0,1,1,1,0,1,0,0,0,1,0,1,0.35185185185185186,423.92398520075056,1
15,0,0,1,0,1,1,0,1,0,1,0,0,0,1,1,0,1,1,1,0,0,0,1,0,1,1,1,0,1,0,0,0,1,0,0,1,0,1,0,1,1,0,1,1,0,0,1,0,0,1,1,0,1,1,0.35185185185185186,348.1424430193567,1
16,1,1,0,1,0,1,1,0,1,0,0,1,1,1,0,0,0,1,0,1,1,1,0,1,0,1,0,1,0,1,0,1,0,1,1,0,1,0,1,0,0,1,0,0,1,1,0,1,0,0,0,1,0,1,0.2777777777777778,419.7527385736766,1
17,0,0,1,0,1,1,0,1,1,1,0,1,0,1,0,1,1,1,1,0,0,0,0,0,1,1,1,0,1,0,1,0,1,0,1,1,0,1,0,1,1,0,1,1,0,0,1,0,0,0,1,0,1,0,0.3333333333333333,404.1813757725144,1
18,0,0,1,0,1,1,0,1,1,1,0,0,0,1,0,1,1,1,1,0,0,0,1,0,1,1,1,0,1,0,0,0,1,0,0,1,0,1,0,1,1,0,1,1,0,0,1,0,1,0,1,0,1,1,0.3148148148148148,328.78817165677833,1
19,1,0,0,1,0,1,1,0,1,0,1,1,1,0,0,0,0,1,0,1,1,1,0,1,0,1,0,1,0,1,0,1,0,1,1,0,1,0,1,0,0,1,0,0,1,1,0,1,0,0,1,1,0,1,0.35185185185185186,426.46435743987587,1
20,0,0,1,0,1,1,0,1,0,1,0,0,0,1,1,0,1,1,1,0,0,0,1,0,1,1,1,1,1,0,1,0,1,0,0,1,0,1,0,1,1,0,1,1,0,0,1,0,1,1,1,0,1,1,0.4074074074074074,353.329175895875,1
21,0,1,1,0,1,1,0,1,1,1,0,0,0,1,1,0,1,1,1,0,0,0,0,0,1,1,1,0,1,0,0,0,1,0,0,1,0,1,0,1,1,0,1,1,0,0,1,0,1,1,1,0,1,1,0.3333333333333333,398.99963264135937,1
22,0,0,1,0,1,1,0,1,0,1,0,0,0,1,0,0,1,1,1,0,0,0,1,0,1,0,1,0,1,0,1,0,1,0,0,1,0,1,0,1,1,0,1,1,0,0,1,0,1,1,1,0,1,1,0.35185185185185186,336.18651881594224,1
23,0,0,1,0,1,1,0,1,1,1,0,0,0,1,1,0,1,1,1,0,0,0,0,0,1,0,1,1,1,0,0,0,1,0,0,1,0,1,0,1,1,0,1,1,0,0,1,0,1,1,1,0,1,1,0.37037037037037035,340.79437941243077,1
24,1,1,0,1,0,1,1,0,1,0,1,1,1,1,0,0,1,1,0,1,1,1,0,1,0,1,0,1,0,1,0,1,0,1,1,0,0,0,1,0,0,1,0,1,1,1,0,1,0,0,0,1,0,1,0.3148148148148148,484.5415754546419,1
25,0,0,1,0,1,1,0,1,1,1,0,1,0,1,1,1,1,1,1,0,0,0,1,0,1,1,1,0,1,0,0,0,1,0,0,1,0,1,0,1,1,0,1,1,0,0,1,0,1,1,1,0,1,1,0.35185185185185186,541.2263696004909,1
26,0,0,1,0,1,1,0,1,0,1,0,0,0,1,1,0,1,1,1,0,0,0,1,0,1,1,1,0,1,0,1,0,1,0,1,1,0,1,0,1,1,0,1,1,0,0,1,0,0,1,1,0,1,0,0.3888888888888889,335.4925358775368,1
27,1,0,0,1,0,0,1,0,1,0,1,1,1,0,0,1,0,1,0,1,1,1,0,1,0,1,0,0,0,1,0,1,0,1,1,0,1,0,1,0,0,1,0,1,1,1,0,1,0,0,0,1,0,1,0.3333333333333333,400.7996651772276,1
28,0,0,1,0,1,1,0,1,1,0,0,0,0,1,1,1,1,1,1,0,0,0,1,0,1,1,1,0,1,0,1,0,1,0,0,1,0,1,0,1,1,0,1,1,0,0,1,0,1,1,1,0,1,1,0.3888888888888889,374.3163919925886,1
29,1,0,0,1,0,1,1,0,1,0,1,1,1,0,0,0,0,1,0,1,1,1,1,1,0,1,0,1,0,1,0,1,0,1,1,0,1,0,1,0,0,1,0,0,1,1,0,1,0,0,1,0,0,1,0.2962962962962963,426.7165185397637,1
30,0,0,1,0,1,1,0,0,0,1,1,1,0,1,1,1,1,1,1,0,0,0,1,0,1,0,1,0,1,0,1,0,1,0,0,1,0,1,0,1,1,0,1,1,0,0,1,0,1,1,1,0,1,1,0.35185185185185186,428.16794689602534,1
31,1,0,0,1,0,1,1,0,1,0,1,1,1,0,0,1,0,1,0,1,1,1,1,1,0,1,0,1,0,1,0,1,0,1,1,0,1,0,1,0,0,1,0,0,1,1,0,1,0,0,1,1,0,1,0.35185185185185186,435.14106348012825,1
32,0,0,1,0,1,1,1,1,1,1,0,0,0,1,1,0,1,1,1,0,0,0,1,0,1,1,1,0,1,0,1,0,1,0,0,1,0,1,0,1,1,0,1,1,0,0,1,0,1,1,1,0,1,1,0.3333333333333333,390.276632174108,1
33,0,0,1,0,1,1,0,1,1,1,0,0,0,1,1,1,1,1,1,0,0,0,1,0,1,0,1,0,1,0,1,0,1,0,0,1,0,1,0,1,1,0,1,1,0,0,1,0,0,1,1,0,1,1,0.3333333333333333,370.12034442065965,1
34,1,1,0,1,0,1,1,0,1,0,1,1,1,0,0,0,1,1,0,1,1,1,0,1,0,1,0,1,0,1,0,1,0,1,1,0,1,0,1,0,0,1,0,0,1,1,0,1,0,0,0,1,0,1,0.3148148148148148,447.89049157424586,1
35,0,0,1,0,1,1,0,1,1,1,0,1,0,1,1,1,1,1,1,0,0,0,1,0,1,1,1,0,1,0,1,0,1,1,0,1,0,1,0,1,1,0,1,1,0,0,1,0,0,1,1,0,1,1,0.3148148148148148,518.496800538225,1
36,0,0,1,0,1,1,0,1,1,1,0,0,0,1,1,0,1,1,1,0,0,0,0,0,1,1,1,0,1,0,1,0,1,0,0,1,0,1,0,1,1,0,1,1,0,0,1,0,0,1,1,0,1,1,0.3888888888888889,356.288265305435,1
37,0,0,1,0,1,1,0,1,0,0,0,1,0,1,1,1,0,1,1,0,0,0,1,0,1,1,1,0,1,0,1,0,1,0,1,1,0,1,0,1,1,0,1,1,0,0,1,0,1,0,1,0,1,1,0.3888888888888889,394.6352225718262,1
38,0,0,1,0,1,1,0,1,0,0,0,0,1,1,1,1,1,1,1,0,0,0,0,0,1,1,1,0,1,0,1,0,1,0,0,1,0,1,0,1,1,0,1,1,0,0,1,0,1,1,1,0,1,1,0.35185185185185186,338.73464830572306,1
39,0,0,1,0,1,1,0,1,1,1,0,1,0,1,1,0,1,1,1,0,0,0,0,0,1,1,1,0,1,0,0,0,1,0,0,1,0,1,0,1,1,0,1,1,0,0,1,0,0,1,1,0,1,1,0.3333333333333333,479.3757267109427,1
40,1,1,0,1,0,1,1,0,1,0,1,1,1,1,0,1,0,1,0,1,1,1,0,1,0,1,0,1,0,1,0,1,0,1,1,0,1,0,1,0,0,1,0,0,1,1,0,1,0,0,1,1,0,1,0.3333333333333333,456.1823652235309,1
41,0,0,1,0,1,1,0,1,1,1,0,0,0,1,1,1,1,1,1,0,0,0,1,0,1,0,1,1,1,0,1,0,1,0,0,1,0,1,0,1,1,0,1,0,0,0,1,0,1,0,1,0,1,1,0.37037037037037035,393.56174877812987,1
42,0,0,1,0,1,1,0,1,1,1,0,0,0,1,1,0,1,1,1,0,0,0,1,0,1,1,1,0,1,0,1,0,1,0,1,1,0,1,0,1,1,0,1,1,0,0,1,0,1,0,1,0,1,0,0.37037037037037035,412.76859151497047,1
43,1,1,0,1,0,1,1,0,1,0,1,1,1,0,1,0,0,1,0,1,1,1,0,1,0,1,0,0,0,1,1,1,0,1,1,0,1,0,1,0,0,1,0,1,1,1,0,1,0,0,1,1,0,1,0.35185185185185186,487.35486093981416,1
44,0,0,1,0,1,1,0,1,1,1,0,0,0,1,1,1,1,1,1,0,0,0,0,0,1,1,1,0,1,0,0,0,1,0,0,1,0,1,0,1,1,0,1,1,0,0,1,0,0,1,1,0,1,1,0.3148148148148148,378.6811569698747,1
45,0,0,1,0,1,1,0,1,1,0,1,0,0,1,1,1,1,1,1,0,0,0,0,0,1,1,1,0,1,0,0,0,0,0,0,1,0,1,0,1,1,0,1,1,0,0,1,0,0,1,1,0,1,1,0.2777777777777778,471.58932443891587,1
46,1,1,0,0,0,1,1,0,1,1,1,1,1,0,0,0,0,1,0,1,1,1,1,1,0,1,0,0,0,1,0,1,0,1,1,0,1,0,1,0,0,1,0,1,1,1,0,1,0,0,1,1,0,1,0.35185185185185186,462.65054048580856,1
47,1,0,0,1,0,1,1,0,1,0,1,1,1,0,0,0,0,1,0,1,1,1,1,1,0,1,0,0,0,1,0,1,0,1,1,0,1,0,1,0,0,1,0,0,1,1,0,1,0,0,1,1,0,1,0.3333333333333333,426.57236154948913,1
48,0,0,1,0,1,1,0,0,0,1,0,1,0,1,1,1,1,1,1,0,0,0,0,0,1,1,1,1,1,0,0,0,1,0,0,1,0,1,0,1,1,0,1,1,0,0,1,0,1,0,1,0,1,1,0.35185185185185186,397.31261726072654,1
49,0,0,1,0,1,1,0,1,1,1,0,1,0,1,1,0,1,1,1,0,0,0,1,0,1,1,1,0,1,0,0,0,1,0,0,1,0,1,0,1,1,0,1,1,0,0,1,0,0,1,1,0,1,1,0.3333333333333333,536.5770603369062,1
50,0,0,1,0,1,1,0,1,0,1,0,1,0,1,1,1,1,1,1,0,0,0,1,0,1,0,1,0,1,0,1,0,1,0,1,1,0,1,0,0,1,0,1,1,0,0,1,0,1,1,1,0,1,0,0.35185185185185186,414.07322609508043,1
51,1,1,0,1,0,1,1,0,1,0,1,1,1,0,0,0,0,1,0,1,1,1,0,1,0,1,0,1,0,1,0,1,0,1,1,0,1,0,1,0,0,1,0,1,1,1,0,1,0,0,0,0,0,1,0.37037037037037035,417.3919255005682,1
52,0,0,1,0,1,1,0,1,1,1,0,1,0,1,1,1,1,1,0,0,0,0,0,0,1,1,1,0,1,0,1,0,1,0,0,1,0,1,0,1,1,0,1,1,0,0,1,0,1,1,1,1,1,1,0.37037037037037035,434.21807856998413,1
53,0,0,1,0,1,1,0,1,1,1,0,0,0,1,1,1,1,1,1,0,0,0,1,0,1,1,1,1,1,0,1,0,0,0,0,1,0,1,0,1,1,0,1,1,0,0,1,0,1,1,1,0,1,1,0.37037037037037035,429.77280493063165,1
54,1,1,0,1,0,1,1,0,1,0,1,1,1,0,0,1,0,1,0,1,1,1,0,1,0,1,0,0,0,1,1,1,0,1,1,0,1,0,1,0,0,1,0,1,1,1,0,1,0,0,0,1,0,1,0.3148148148148148,421.3651860282654,1
55,0,0,1,0,1,1,0,1,1,1,0,0,0,1,1,1,1,1,1,0,0,0,1,0,1,1,1,0,1,0,1,0,1,0,0,1,0,1,0,1,1,0,1,1,0,0,1,0,1,0,0,0,1,1,0.3148148148148148,488.16148457378756,1
56,1,1,0,1,0,1,1,0,1,0,0,1,1,0,0,0,1,1,0,1,1,1,0,1,0,1,0,0,0,1,0,1,1,1,1,0,1,0,1,0,0,1,0,0,1,1,0,1,0,0,0,0,0,1,0.3148148148148148,419.4248748601089,1
57,0,0,1,0,1,1,0,1,0,1,0,1,0,1,1,1,1,1,0,0,0,0,1,0,1,1,1,1,1,0,0,0,1,0,0,1,0,1,0,0,1,0,1,1,0,0,1,0,1,0,1,0,1,1,0.37037037037037035,450.96148759052704,1
58,0,0,1,0,1,1,0,0,1,0,0,0,0,1,1,0,1,1,1,0,0,0,1,0,1,1,1,0,1,0,0,0,1,0,0,1,0,1,0,1,1,0,1,1,0,0,1,0,1,0,1,0,1,1,0.37037037037037035,362.0136325612671,1
59,0,0,1,0,1,1,0,1,0,0,0,0,0,1,1,1,1,1,1,0,0,0,0,0,1,0,1,1,1,0,1,0,1,0,1,1,0,1,0,1,1,0,1,1,0,0,1,0,1,0,1,0,1,1,0.35185185185185186,359.8846763348345,1
60,0,0,1,0,1,1,0,1,1,0,0,0,0,1,0,1,1,1,1,0,0,0,1,0,1,1,1,0,1,0,1,0,0,0,0,1,0,1,0,1,1,0,1,0,0,0,1,0,1,1,1,1,1,1,0.35185185185185186,325.7567272631852,1
61,0,0,1,0,1,1,0,1,1,1,0,0,0,1,1,1,1,1,1,0,0,0,1,0,1,1,1,1,1,0,1,0,1,0,0,1,0,1,0,0,1,0,1,1,0,0,1,0,0,1,1,0,1,1,0.3888888888888889,405.02226799457065,1
62,1,0,0,1,0,1,1,0,1,1,1,1,1,0,0,1,0,1,0,1,1,1,1,1,0,1,0,0,0,1,0,1,0,1,1,0,1,0,1,0,0,1,0,1,1,1,0,1,0,0,1,1,0,1,0.37037037037037035,444.0109987675926,1
63,0,0,1,0,1,1,0,1,1,1,0,0,0,1,1,1,1,1,0,0,0,0,1,0,1,1,1,0,1,0,0,0,0,0,0,1,0,1,0,1,1,0,1,1,0,0,1,0,1,1,1,0,1,1,0.35185185185185186,446.10361713673575,1
64,1,0,0,1,0,1,1,0,1,0,1,1,1,0,0,0,1,1,0,1,1,1,0,1,0,1,0,0,0,1,0,1,0,1,1,0,1,0,1,0,0,1,0,0,1,1,0,1,0,0,0,1,0,1,0.37037037037037035,413.7974485333043,1
65,0,0,1,0,1,1,0,1,0,0,1,1,0,1,1,1,1,1,1,0,0,0,0,0,1,1,1,1,1,0,1,0,1,0,0,1,0,1,0,1,1,0,1,1,0,0,1,0,0,1,1,0,1,1,0.35185185185185186,424.40340658561456,1
66,1,0,0,1,0,1,1,0,1,0,1,1,1,1,0,0,0,1,0,1,1,1,0,1,0,0,0,0,0,1,0,1,0,1,1,0,1,0,1,0,0,1,0,1,1,1,0,1,0,0,0,1,0,1,0.3148148148148148,404.3686434007538,1
67,0,0,1,0,1,1,0,0,1,1,0,0,0,1,1,0,1,1,1,0,0,0,1,0,1,1,1,0,1,0,1,0,0,0,0,1,0,1,0,1,1,0,1,1,0,0,1,0,1,0,1,0,1,1,0.3888888888888889,414.9473464261426,1
68,1,0,0,1,0,1,1,0,1,0,1,1,1,0,0,0,0,1,0,1,1,1,1,1,0,1,0,0,0,1,0,1,0,1,1,0,0,0,1,0,0,1,0,0,1,1,0,1,0,0,1,1,0,1,0.3333333333333333,425.6243193429635,1
69,0,0,1,0,1,1,0,0,0,1,0,0,0,1,1,1,1,1,1,0,0,0,1,0,1,1,1,0,1,0,0,0,0,0,0,1,0,1,0,1,1,0,1,1,0,0,1,0,1,1,1,0,1,1,0.3888888888888889,357.85478426497,1
70,1,0,0,1,0,1,1,1,1,0,1,1,1,0,0,1,0,1,0,1,1,1,0,1,0,1,0,0,0,1,0,1,0,1,1,0,1,0,1,0,0,1,0,0,1,1,0,1,0,0,0,1,0,1,0.2962962962962963,427.42315043744037,1
71,1,1,0,1,1,1,1,1,1,0,1,1,1,0,0,0,0,1,0,1,1,1,0,1,0,1,0,1,0,1,0,1,0,1,1,0,1,0,1,0,0,1,0,1,1,1,0,1,0,0,1,0,0,1,0.4074074074074074,444.34285656538515,1
72,1,1,0,1,0,1,1,0,1,0,0,1,1,1,0,0,1,1,0,1,1,1,0,1,0,1,0,0,0,1,0,1,0,1,1,0,1,0,1,0,0,1,0,1,1,1,0,1,0,0,1,1,0,1,0.3148148148148148,440.1975260066031,1
73,1,0,0,1,0,1,1,0,1,0,0,1,1,0,0,0,0,1,0,1,1,1,0,1,0,1,0,1,0,1,0,1,0,1,1,0,0,0,1,0,0,1,0,0,1,1,0,1,0,0,0,1,0,1,0.25925925925925924,374.82344890453464,1
74,1,1,0,1,0,1,1,0,1,0,1,1,1,0,0,1,0,1,0,1,1,1,1,1,0,1,0,1,0,1,0,1,0,1,1,0,1,0,1,0,0,1,0,0,1,1,0,1,0,0,1,0,0,1,0.3888888888888889,457.50287058614276,1
75,0,0,1,0,1,1,0,1,0,1,0,0,0,1,1,0,1,1,1,0,0,0,1,0,1,1,1,1,1,0,1,0,0,0,1,1,0,1,0,1,1,0,1,1,0,0,1,0,1,1,1,0,1,0,0.3333333333333333,348.6559534017055,1
76,0,0,1,0,1,1,0,1,0,1,0,0,0,1,1,0,1,1,1,0,0,0,0,0,1,0,1,1,1,0,1,0,1,0,0,1,0,1,0,1,1,0,1,1,0,0,1,0,1,0,1,0,1,1,0.35185185185185186,331.4026338230383,1
77,1,1,0,1,0,1,1,0,1,0,1,1,1,0,0,0,0,1,0,1,1,1,1,1,0,1,0,0,0,1,0,1,0,1,1,0,1,0,1,0,0,1,0,1,1,1,0,1,0,0,1,0,0,1,0.4074074074074074,447.6165915135975,1
78,0,0,1,0,1,1,0,1,0,1,0,0,0,1,0,0,1,1,1,0,0,0,1,0,1,1,1,1,1,0,0,0,1,0,0,1,0,1,0,1,1,0,1,1,0,0,1,0,0,1,1,0,1,1,0.3333333333333333,311.80162786264003,1
79,0,0,1,0,1,1,0,1,0,0,0,1,0,1,1,0,1,1,1,0,0,0,0,0,1,1,1,0,1,0,1,0,1,0,0,1,0,1,0,1,1,0,1,1,0,0,1,0,0,1,1,0,1,1,0.42592592592592593,380.3589217243426,1
80,0,0,1,0,1,1,0,1,0,1,0,0,0,1,1,0,1,1,1,0,0,0,1,0,1,1,1,0,1,0,1,0,1,0,0,1,0,1,0,1,1,0,1,0,0,0,1,0,0,0,1,0,1,1,0.3888888888888889,363.49634035245697,1
81,0,0,1,0,1,1,0,1,0,1,0,1,0,1,1,1,1,1,0,0,0,0,0,0,1,1,1,0,1,0,1,0,1,0,0,1,0,1,0,1,1,0,1,1,0,0,1,0,0,0,1,0,1,1,0.3333333333333333,405.7309185196178,1
82,0,0,1,0,1,1,0,1,1,1,0,0,0,1,1,1,1,1,1,0,0,0,0,0,1,1,1,0,1,0,1,0,1,0,0,1,1,1,0,1,1,0,1,1,0,0,1,0,0,0,1,1,1,1,0.37037037037037035,365.27381180326495,1
83,1,1,0,1,0,1,1,0,1,0,0,1,1,0,0,0,0,1,0,1,1,1,1,1,0,1,0,1,0,1,0,1,0,1,1,0,1,0,1,0,0,1,0,0,1,1,0,1,0,0,1,0,0,1,0.2962962962962963,427.1986725431433,1
84,1,1,0,1,0,1,1,0,1,1,1,1,1,0,0,1,1,1,0,1,1,1,0,1,0,1,0,0,0,1,0,1,0,1,1,0,1,0,1,0,0,1,0,1,1,1,0,1,0,0,1,1,0,1,0.4074074074074074,455.79066011639173,1
85,1,0,0,1,0,1,1,0,1,0,0,1,1,0,0,0,0,1,0,1,1,1,0,1,0,1,0,1,0,1,0,1,0,1,1,0,1,0,1,0,0,1,0,1,1,1,0,1,0,0,0,1,0,1,0.3148148148148148,397.96748227614097,1
86,1,1,0,1,0,1,1,0,1,0,1,1,1,1,0,0,0,1,0,1,1,1,0,1,0,1,0,1,0,1,0,1,0,1,1,0,1,0,1,0,0,1,0,0,1,1,0,1,0,0,0,1,0,1,0.37037037037037035,457.87606958734193,1
87,0,0,1,0,0,1,1,1,1,1,0,1,0,1,1,1,1,1,1,0,0,0,1,0,1,1,1,1,1,0,0,0,1,1,0,1,0,1,0,1,1,0,1,1,0,0,1,0,0,0,1,0,1,1,0.37037037037037035,536.2036906209357,1
88,0,0,1,0,1,1,0,1,1,1,0,0,0,1,1,1,1,1,1,0,0,0,0,0,1,1,1,0,1,0,0,0,1,0,0,1,0,1,0,1,1,0,1,1,0,0,1,0,0,0,1,0,1,1,0.37037037037037035,403.3900982263603,1
89,1,0,0,1,0,1,1,0,1,0,1,1,0,0,0,1,0,1,0,1,1,1,0,1,0,0,0,1,0,1,0,1,0,1,1,0,1,0,1,0,0,1,0,0,1,1,0,1,0,1,0,1,0,1,0.2777777777777778,398.1212664153178,1
90,1,1,0,1,0,1,0,0,1,0,1,1,1,0,0,0,0,1,0,1,1,1,1,1,0,1,0,1,0,1,0,1,0,1,1,0,1,0,1,0,0,1,0,0,1,1,0,1,0,0,0,1,0,1,0.37037037037037035,445.87210570872884,1
91,0,0,1,0,1,1,0,1,0,0,0,1,0,1,1,0,1,1,1,0,0,0,0,0,1,1,1,1,1,0,0,0,1,0,0,1,1,1,0,1,1,0,1,1,0,0,1,0,0,1,1,0,1,1,0.4074074074074074,381.5306036853994,1
92,1,0,0,1,0,0,1,0,1,0,1,1,1,0,0,0,1,1,0,1,1,1,0,1,0,1,0,0,0,1,1,1,0,1,1,0,1,0,1,0,0,1,0,0,1,1,0,1,0,0,1,0,0,1,0.3148148148148148,420.95782150183106,1
93,0,0,1,0,1,1,0,1,1,1,1,0,0,1,1,0,1,1,1,0,0,0,1,0,1,0,1,1,1,0,1,0,1,0,0,1,1,1,0,1,1,0,1,1,0,0,1,0,0,1,1,0,1,1,0.35185185185185186,382.24636662140335,1
94,1,1,0,1,0,1,0,0,1,0,1,1,1,0,0,1,0,1,0,1,1,1,1,1,0,1,0,0,0,1,0,1,0,1,1,0,1,0,1,0,0,1,0,1,1,1,0,1,0,0,1,1,0,1,0.42592592592592593,454.74003378041266,1
95,0,0,1,0,1,1,0,1,0,1,0,0,0,1,0,1,1,1,1,0,0,0,1,0,1,1,1,1,1,0,0,0,0,0,1,1,0,1,0,1,1,0,1,1,0,0,1,0,1,1,1,0,1,0,0.3888888888888889,286.2465359992527,1
96,1,0,0,1,0,0,1,0,1,0,0,1,1,1,0,1,0,1,0,1,1,1,0,1,0,1,0,1,0,1,0,1,0,1,0,0,1,0,1,0,0,1,0,0,1,1,0,1,0,0,1,1,0,1,0.2962962962962963,414.49669797993886,1
97,0,1,1,0,1,1,0,1,1,0,0,0,0,1,1,1,1,1,0,0,0,0,0,0,1,1,1,0,1,0,1,0,1,0,0,1,1,1,0,1,1,0,1,1,0,0,1,0,0,1,0,0,1,1,0.3333333333333333,395.2120733660014,1
98,1,1,0,1,0,1,1,0,1,1,1,1,1,0,0,1,1,1,0,1,1,1,1,1,0,1,0,1,0,1,0,1,0,1,1,0,1,0,1,0,0,1,0,0,1,1,0,1,0,0,1,1,0,1,0.35185185185185186,499.80489117602275,1
99,1,1,0,1,0,1,1,0,1,1,0,1,1,0,0,1,0,1,0,1,1,1,1,1,1,1,0,1,0,1,1,1,0,1,1,0,1,0,1,0,0,1,0,0,1,1,1,1,0,0,0,0,0,1,0.37037037037037035,448.5205546711373,1
