,0,1,2,3,4,5,6,7,8,9,10,11,12,13,14,15,16,17,18,19,20,21,22,23,24,25,26,27,28,29,30,31,32,33,34,35,chain_break_fraction,energy,num_occurrences
0,0,0,1,0,1,1,0,1,1,1,0,0,1,0,0,0,0,1,0,0,1,0,0,0,1,0,1,0,0,1,1,1,0,1,1,1,0.3055555555555556,8.155973420862686,1
1,0,0,1,0,1,1,0,1,1,1,1,0,1,0,0,0,0,1,0,0,1,0,0,0,1,0,1,0,1,1,1,1,0,1,1,1,0.19444444444444445,9.311646666823744,1
2,0,0,1,0,1,1,0,1,1,1,1,0,1,0,0,0,0,1,0,0,1,0,0,0,1,0,1,0,0,1,1,1,0,1,1,1,0.2777777777777778,7.8097674784849875,1
3,0,0,1,0,1,1,0,1,1,1,1,0,1,0,0,0,0,1,0,0,1,0,0,0,1,0,1,0,1,1,1,1,0,1,1,1,0.2222222222222222,9.311646666823744,1
4,0,0,1,0,1,0,0,0,1,1,0,0,1,0,0,0,0,1,0,0,1,0,0,0,1,0,1,0,0,1,1,1,0,1,1,1,0.2777777777777778,10.715690516988431,1
5,0,0,1,0,1,1,0,0,1,1,0,0,1,0,0,0,0,1,0,0,1,0,0,0,1,0,1,0,0,1,1,1,0,1,1,1,0.2777777777777778,7.85543442261281,1
6,0,0,1,0,1,1,0,1,1,1,0,0,1,0,0,0,0,1,0,0,1,0,0,0,1,0,1,0,0,1,1,1,0,1,1,1,0.2777777777777778,8.155973420862686,1
7,0,0,1,0,1,1,0,1,1,1,0,0,1,0,0,0,0,1,0,0,1,0,0,0,1,0,1,0,0,1,1,1,0,1,1,1,0.3055555555555556,8.155973420862686,1
8,0,0,1,0,1,0,0,1,1,1,1,0,1,0,0,0,0,1,0,0,1,0,0,0,1,0,1,0,0,1,1,1,0,1,1,1,0.25,6.160871559081525,1
9,0,0,1,0,1,1,0,1,1,1,1,0,1,0,0,0,0,1,0,1,1,0,0,0,1,0,1,0,0,1,1,1,0,1,1,1,0.2777777777777778,13.388506078862926,1
10,0,0,1,0,1,1,0,1,1,1,0,0,1,0,0,0,0,1,0,0,1,0,0,0,1,0,1,0,0,1,1,1,0,1,1,1,0.3055555555555556,8.155973420862686,1
11,0,0,1,0,1,1,0,1,1,1,1,0,1,0,0,0,0,1,0,0,1,0,0,1,1,0,1,0,0,1,1,1,0,1,1,1,0.2777777777777778,13.992834957402527,1
12,0,0,1,0,1,1,0,1,1,1,1,0,1,0,0,0,0,1,0,0,1,0,0,0,1,0,1,0,0,1,1,1,0,1,1,1,0.19444444444444445,7.8097674784849875,1
13,0,0,1,0,1,1,0,1,1,1,0,0,1,1,0,0,0,1,0,0,1,0,0,0,1,0,1,0,0,1,1,1,0,1,1,1,0.3055555555555556,10.294816943689096,1
14,0,0,1,0,1,1,0,1,1,1,0,0,1,0,0,0,0,1,0,0,1,0,0,0,1,0,1,0,1,1,1,1,0,1,1,1,0.2777777777777778,10.19947135800848,1
15,0,0,1,0,1,0,0,1,1,1,1,0,1,0,0,0,0,1,0,0,1,0,0,0,1,0,1,0,0,1,1,1,0,1,1,1,0.3055555555555556,6.160871559081525,1
16,0,0,1,0,1,1,0,1,1,1,0,0,1,0,0,0,0,1,0,0,1,0,0,0,1,0,1,0,0,1,1,1,0,1,1,1,0.3055555555555556,8.155973420862686,1
17,0,0,1,0,1,1,0,1,1,1,1,0,1,0,1,0,0,1,0,1,1,0,0,0,1,0,1,0,0,1,1,1,0,1,1,1,0.2777777777777778,12.460724534848532,1
18,0,0,1,0,1,1,0,1,1,1,0,0,1,0,0,0,0,1,0,0,1,0,0,0,1,0,1,0,0,1,1,1,0,1,1,1,0.25,8.155973420862686,1
19,0,0,1,0,1,1,0,1,1,1,0,0,1,0,0,0,0,1,0,0,1,0,0,0,1,0,1,0,1,1,1,1,0,1,1,1,0.2777777777777778,10.19947135800848,1
20,0,0,1,0,1,1,0,1,1,1,0,0,1,0,0,0,0,1,0,0,1,0,0,0,1,0,1,0,1,1,1,1,0,1,1,1,0.2777777777777778,10.19947135800848,1
21,0,0,1,0,1,1,0,1,1,1,0,0,1,0,0,0,0,1,0,0,1,0,0,0,1,0,1,0,0,1,1,1,0,1,1,1,0.3055555555555556,8.155973420862686,1
22,0,0,1,0,1,0,0,1,1,1,0,0,1,0,0,0,0,1,0,1,1,0,0,0,1,0,1,0,0,1,1,1,0,1,1,1,0.2222222222222222,16.093165273018812,1
23,0,0,1,0,1,1,0,1,1,1,0,0,1,0,0,0,0,1,0,1,1,0,0,0,1,0,1,0,0,1,1,1,0,1,1,1,0.3333333333333333,14.735050643072315,1
24,0,0,1,0,1,0,0,0,1,1,0,0,1,0,1,0,0,1,0,0,1,0,0,0,1,0,1,1,0,1,1,1,0,1,0,1,0.2222222222222222,12.86590581269989,1
25,0,0,1,0,1,0,0,0,1,1,0,0,1,0,0,0,0,1,0,0,1,0,0,0,1,0,1,0,1,1,1,1,0,1,0,1,0.25,11.144273173113305,1
26,0,0,1,0,1,0,0,0,1,1,0,0,1,0,0,0,0,1,0,0,1,0,0,0,1,0,1,0,0,1,1,1,0,1,0,1,0.3055555555555556,7.602330523269128,1
27,0,0,1,0,1,0,0,1,1,1,0,0,1,0,1,0,0,1,0,0,1,0,0,0,1,0,1,1,0,1,1,1,0,1,1,1,0.2777777777777778,12.632614838021366,1
28,0,0,1,0,1,1,0,1,1,1,1,0,1,0,0,0,0,1,0,1,1,0,0,0,1,0,1,0,0,1,1,1,0,1,1,1,0.3611111111111111,13.388506078862926,1
29,0,0,1,0,1,1,0,1,1,1,1,0,1,0,0,0,0,1,0,0,1,0,0,0,1,0,1,0,0,1,1,1,0,1,1,1,0.2777777777777778,7.8097674784849875,1
30,0,0,1,0,1,0,0,1,1,1,1,0,1,0,0,0,0,1,0,1,1,0,0,0,1,0,1,0,0,1,1,1,0,1,1,1,0.25,13.746620708804022,1
31,0,0,1,0,1,1,0,0,1,1,0,0,1,0,0,0,0,1,0,0,1,0,0,0,1,0,1,0,0,1,1,1,0,1,0,1,0.2777777777777778,6.020049261546815,1
32,0,0,1,0,1,0,0,1,1,1,0,0,1,0,0,0,0,1,0,0,1,0,0,0,1,0,1,0,0,1,1,1,1,1,1,1,0.25,11.102203120026862,1
33,0,0,1,0,1,1,0,1,1,1,0,0,1,0,0,0,0,1,0,0,1,0,0,1,1,0,1,0,0,1,1,1,0,1,1,1,0.25,15.346025778443527,1
34,0,0,1,0,1,1,0,0,1,1,1,0,1,0,1,0,0,1,0,0,1,0,0,0,1,0,1,0,0,1,1,1,0,1,1,1,0.2777777777777778,5.581579334955529,1
35,0,0,1,0,1,0,0,1,1,1,0,0,1,0,0,0,0,1,0,0,1,0,0,0,1,0,1,1,0,1,0,1,0,1,1,1,0.3055555555555556,12.942526498366751,1
36,0,0,1,0,1,1,0,1,1,1,1,0,1,0,0,0,0,1,0,0,1,0,0,0,1,0,1,1,0,1,1,1,0,1,1,1,0.2777777777777778,12.356267527625251,1
37,0,0,1,0,1,0,0,1,1,1,0,0,1,0,0,0,0,1,0,0,1,0,0,0,1,0,1,0,0,1,1,1,0,1,0,1,0.3055555555555556,5.708484083036711,1
38,0,0,1,0,1,1,0,1,1,1,0,0,1,0,0,0,0,1,0,0,1,0,0,1,1,0,1,0,0,1,1,1,0,1,1,1,0.2777777777777778,15.346025778443527,1
39,0,0,1,0,1,1,0,0,1,1,1,0,1,0,0,0,0,1,0,0,1,0,0,0,1,0,1,0,0,1,1,1,0,1,1,1,0.25,6.509228480191616,1
40,0,0,1,0,1,0,0,1,1,1,1,0,1,0,1,0,0,1,0,0,1,0,0,0,1,0,1,0,0,1,1,1,0,1,1,1,0.25,5.233222413845742,1
41,0,0,1,0,1,1,0,1,1,1,1,0,1,0,0,0,0,1,0,0,1,0,0,0,1,0,1,0,0,1,1,1,0,1,1,1,0.3055555555555556,7.8097674784849875,1
42,0,0,1,0,1,1,0,1,1,1,1,0,1,0,0,0,0,1,0,0,1,0,0,0,1,0,1,0,0,1,1,1,0,1,1,1,0.2777777777777778,7.8097674784849875,1
43,0,0,1,0,1,1,0,0,1,1,1,0,1,0,0,0,0,1,0,1,1,0,0,0,1,0,1,0,0,1,1,1,0,1,1,1,0.3333333333333333,14.097320355615983,1
44,0,0,1,0,1,0,0,0,1,1,1,0,1,0,0,0,0,1,0,0,1,0,0,0,1,0,1,0,0,1,1,1,0,1,0,1,0.3333333333333333,5.756124651900921,1
45,0,0,1,0,1,1,0,0,1,1,0,0,1,1,0,0,0,1,0,0,1,0,0,0,1,0,1,0,0,1,1,1,0,1,0,1,0.2777777777777778,7.158918014432406,1
46,0,0,1,0,1,0,0,0,1,1,0,0,1,0,1,0,0,1,0,0,1,0,0,0,1,0,1,0,1,1,1,1,0,1,0,1,0.2222222222222222,8.666095450073165,1
47,0,0,1,0,1,0,0,1,1,1,1,0,1,0,1,0,0,1,0,0,1,0,0,0,1,0,1,1,1,1,1,1,0,1,0,1,0.2222222222222222,11.149088501973127,1
48,0,0,1,0,1,0,0,1,1,1,0,0,1,0,0,0,0,1,0,0,1,0,1,0,1,0,1,0,0,1,1,1,0,1,0,1,0.2777777777777778,8.79083409418705,1
49,0,0,1,0,1,1,0,1,1,1,0,0,1,0,0,0,0,1,0,0,1,0,0,0,1,0,1,0,1,1,1,1,0,1,1,1,0.3333333333333333,10.19947135800848,1
50,0,0,1,0,1,1,0,1,1,1,1,0,1,0,0,0,0,1,0,0,1,0,0,0,1,0,1,0,1,1,1,1,0,1,1,1,0.2222222222222222,9.311646666823744,1
51,0,0,1,0,1,0,0,0,1,1,1,0,1,1,1,0,0,1,0,1,1,0,0,0,1,0,1,0,0,1,1,1,0,1,1,1,0.2777777777777778,13.170623640095661,1
52,0,0,1,0,1,1,0,1,1,1,0,0,1,0,1,0,0,1,0,1,1,0,0,0,1,0,1,0,1,1,1,1,0,1,1,1,0.2777777777777778,16.002682171562416,1
53,0,0,1,0,1,1,0,1,1,1,1,0,1,0,0,0,0,1,0,0,1,0,0,0,1,0,1,1,0,1,1,1,0,1,1,1,0.25,12.356267527625251,1
54,0,0,1,0,1,0,0,1,1,1,1,0,1,0,1,0,0,1,0,0,1,0,0,0,1,0,1,1,0,1,1,1,0,1,1,1,0.2777777777777778,10.831396148751892,1
55,0,0,1,0,1,0,0,1,1,1,0,0,1,0,1,0,0,1,0,0,1,0,0,0,1,0,1,1,0,1,1,1,0,1,1,1,0.3055555555555556,12.632614838021366,1
56,0,0,1,0,1,1,0,0,1,1,1,0,1,0,0,0,0,1,0,0,1,0,0,0,1,0,1,0,0,1,1,1,0,1,0,1,0.3055555555555556,5.173843390184007,1
57,0,0,1,0,1,1,0,1,1,1,0,0,1,0,0,0,0,1,0,1,1,0,0,0,1,0,1,0,0,1,1,1,0,1,0,1,0.25,13.010483467559814,1
58,0,0,1,0,1,1,0,1,1,1,1,0,1,0,0,0,0,1,0,0,1,0,0,0,1,0,1,1,1,1,1,1,0,1,1,1,0.25,14.877789519921505,1
59,0,0,1,0,1,1,0,0,1,1,1,0,1,0,0,0,0,1,0,1,1,0,0,0,1,0,1,0,1,1,0,1,0,1,1,1,0.25,15.509577136528227,1
60,0,0,1,0,1,1,1,1,1,0,1,0,1,0,0,0,0,1,0,1,1,0,0,0,1,0,1,0,1,1,1,1,0,1,1,1,0.2777777777777778,21.347379545031174,1
61,0,0,1,0,1,1,0,0,1,1,1,0,1,0,0,0,0,1,0,0,1,0,0,0,1,0,1,1,0,1,1,1,0,1,1,1,0.3333333333333333,13.091897117941347,1
62,0,0,1,0,1,1,0,0,1,1,1,0,1,0,1,0,0,1,0,1,1,0,0,0,1,0,1,0,0,1,1,1,0,1,0,1,0.25,10.130205139068147,1
63,0,0,1,0,1,0,0,0,1,1,1,0,1,0,0,0,0,1,0,0,1,0,0,0,1,0,1,0,1,1,0,1,0,1,0,1,0.2777777777777778,7.088855046605134,1
64,0,0,1,0,1,1,0,1,1,0,1,0,1,1,0,0,0,1,0,0,1,0,0,0,1,0,1,0,1,1,1,1,0,1,1,1,0.2222222222222222,12.728069249972195,1
65,0,0,1,0,1,0,0,1,1,0,1,0,1,0,0,0,0,1,0,0,1,0,0,0,1,0,1,1,1,1,1,1,0,1,0,1,0.19444444444444445,20.04380447226019,1
66,0,0,1,0,1,0,0,1,1,1,0,0,1,0,0,0,0,1,0,0,1,0,0,0,1,0,1,0,0,1,1,1,0,0,1,1,0.25,2.3168262643401016,1
67,0,0,1,0,1,1,0,0,1,1,0,0,1,0,0,0,0,1,0,0,1,0,0,0,1,0,1,0,0,1,1,1,0,1,1,1,0.2777777777777778,7.85543442261281,1
68,0,0,1,0,1,0,0,0,1,1,0,0,1,0,0,0,0,1,0,1,1,0,0,0,1,0,1,0,0,1,1,1,0,1,1,1,0.3055555555555556,21.311131563589086,1
69,0,0,1,0,1,1,0,0,1,1,0,0,1,0,0,0,0,1,0,0,1,0,0,0,1,0,0,1,1,1,1,1,0,1,0,1,0.2222222222222222,12.164080413585408,1
70,0,0,1,0,1,1,0,0,1,1,1,0,1,0,0,0,0,1,0,0,1,0,0,0,1,0,1,0,0,1,1,1,0,1,1,1,0.3333333333333333,6.509228480191616,1
71,0,0,1,0,1,1,0,0,1,1,0,0,1,0,0,0,0,1,0,0,1,0,0,0,1,0,1,0,0,1,1,1,0,1,0,1,0.3055555555555556,6.020049261546815,1
72,0,0,1,0,1,1,0,0,1,1,0,0,1,0,1,0,0,1,0,0,1,1,0,0,1,0,1,1,0,1,1,1,0,1,0,1,0.19444444444444445,19.93642458286085,1
73,0,0,1,0,1,1,0,1,1,1,1,0,0,0,0,0,0,1,0,0,1,0,0,0,1,0,1,0,0,1,1,1,0,1,0,1,0.3055555555555556,7.719713829655062,1
74,0,0,1,0,1,0,0,0,1,1,0,0,1,0,0,0,0,1,0,0,1,0,0,1,1,0,1,0,0,1,1,1,0,1,0,1,0.3055555555555556,17.767349233229424,1
75,0,0,1,0,1,0,0,1,1,1,1,0,1,0,0,0,0,1,0,0,1,0,0,0,1,0,1,1,1,1,1,1,0,1,0,1,0.3055555555555556,13.082279689743908,1
76,0,0,1,0,1,1,0,0,1,1,0,0,0,0,1,0,0,1,0,0,1,0,0,0,1,0,1,0,0,1,1,1,1,1,1,1,0.3333333333333333,11.409393543269333,1
77,0,0,1,0,1,0,0,1,1,1,0,0,1,0,0,0,0,1,0,0,1,0,0,0,1,0,1,1,0,1,1,1,0,1,0,1,0.25,11.90853596569888,1
78,0,0,1,0,1,0,0,0,1,1,1,0,0,0,0,0,0,1,0,0,1,0,0,0,1,0,1,0,0,1,1,1,0,1,0,1,0.19444444444444445,7.6866896064334735,1
79,1,0,1,0,1,0,0,1,1,1,0,0,1,0,0,0,0,1,0,0,1,0,0,0,1,0,1,1,0,1,1,1,0,1,0,1,0.19444444444444445,9.944537733798203,1
80,0,0,1,0,1,0,0,1,1,1,0,0,1,1,1,0,0,1,0,0,1,0,0,0,1,0,1,1,0,1,1,1,0,1,1,1,0.3055555555555556,11.762149895246385,1
81,0,0,1,0,1,1,0,1,1,1,1,0,1,0,0,0,0,1,0,1,1,0,0,0,1,0,1,0,1,1,1,1,0,1,0,1,0.2777777777777778,14.36668960722538,1
82,0,0,1,0,1,1,0,1,1,1,0,0,0,0,0,0,0,1,0,0,1,0,0,0,1,0,1,0,1,1,0,1,0,1,1,1,0.25,10.377470494826515,1
83,0,0,1,0,1,0,1,1,1,1,0,0,1,0,0,0,0,1,0,0,1,0,0,1,1,0,1,0,0,1,1,1,0,1,1,1,0.3611111111111111,15.092862886997386,1
84,0,0,1,0,1,1,0,1,1,0,1,0,1,0,0,0,0,1,0,0,1,0,0,0,1,0,1,0,0,1,1,1,0,1,1,1,0.3055555555555556,10.456475949139715,1
85,0,0,1,0,1,0,0,1,1,1,1,0,1,0,0,0,0,1,0,0,1,0,0,0,1,0,1,1,1,1,1,1,0,1,0,1,0.2777777777777778,13.082279689743908,1
86,0,0,1,0,1,0,0,0,1,1,0,0,1,0,0,0,0,1,0,0,1,0,0,0,1,0,1,1,0,1,1,1,0,1,0,1,0.2777777777777778,15.838550994540784,1
87,0,0,1,0,1,1,0,1,1,1,1,0,1,0,0,1,0,1,0,1,1,0,0,0,1,1,1,0,0,1,1,1,0,1,1,1,0.3055555555555556,19.06109447181318,1
88,0,0,1,0,1,1,0,1,1,1,1,0,1,0,1,1,0,1,0,0,1,0,0,0,1,0,1,0,0,1,1,1,0,1,0,1,0.2777777777777778,13.506201549700632,1
89,0,0,1,0,1,1,0,0,1,1,0,0,1,0,0,0,0,1,0,0,1,0,0,0,1,0,1,0,1,1,1,1,0,1,0,1,0.2777777777777778,8.561987995990892,1
90,0,0,1,0,0,1,0,0,1,1,1,0,0,0,1,0,0,1,0,0,1,0,0,0,1,0,1,0,1,1,1,1,0,1,0,1,0.16666666666666666,7.962417492845792,1
91,0,0,1,0,1,0,0,0,1,1,1,0,1,1,1,0,0,1,0,0,1,0,0,0,1,0,1,0,0,1,1,1,0,1,0,1,0.3055555555555556,5.46824517865731,1
92,0,0,1,0,1,1,0,1,1,1,0,0,1,0,0,0,0,1,0,0,1,0,1,0,1,0,1,0,0,1,1,1,0,1,1,1,0.3888888888888889,10.750999599653099,1
93,0,0,1,0,1,1,0,0,1,0,1,0,1,0,0,0,0,1,0,0,1,0,1,0,1,0,1,0,0,1,1,1,0,1,0,1,0.19444444444444445,12.758774041432014,1
94,0,0,1,0,1,1,0,0,1,1,0,0,0,0,0,0,0,1,0,0,1,0,0,0,1,1,1,0,0,1,1,1,0,1,0,1,0.3055555555555556,15.548922784884082,1
95,0,0,1,0,1,1,0,1,1,1,1,0,1,0,0,0,0,1,0,0,1,0,1,0,1,0,1,1,0,1,1,1,0,1,0,1,0.25,13.7002810238672,1
96,0,0,1,0,1,0,0,0,1,0,1,0,1,0,0,0,0,1,0,0,1,0,1,0,1,0,1,0,0,1,1,1,0,1,0,1,0.3611111111111111,16.341180067145423,1
97,0,0,1,0,1,1,0,0,1,1,1,0,1,0,0,0,0,1,0,0,1,0,1,0,1,0,1,0,0,1,1,1,0,1,1,1,0.3055555555555556,9.600921563480185,1
98,0,0,1,0,1,0,0,1,1,1,0,0,1,0,1,0,0,1,0,1,1,1,0,0,1,1,1,0,0,1,1,1,0,1,0,1,0.3611111111111111,33.370955645975464,1
99,0,0,1,0,1,1,1,1,1,1,0,0,1,0,0,0,0,1,0,0,1,0,1,0,1,0,1,1,0,1,1,1,0,1,1,1,0.3611111111111111,17.113613739986874,1
