,0,1,2,3,4,5,6,7,8,9,10,11,12,13,14,15,16,17,18,19,20,21,22,23,24,25,26,27,28,29,30,31,32,33,34,35,chain_break_fraction,energy,num_occurrences
0,1,0,1,1,0,1,0,1,1,1,0,1,0,0,0,0,0,1,0,1,1,0,1,0,0,0,1,1,1,1,0,1,0,0,1,1,0.3055555555555556,35.649026085665184,2
1,0,0,1,1,0,1,0,1,1,1,0,1,0,0,0,0,0,1,0,1,1,0,1,0,0,0,1,1,1,1,0,1,0,0,1,1,0.2777777777777778,35.56867154607688,1
2,1,0,1,1,0,1,0,1,1,1,0,1,0,0,0,0,0,1,0,1,1,0,1,0,0,0,1,1,1,1,0,0,0,0,1,1,0.3055555555555556,28.47235720002625,1
3,1,0,1,1,0,1,1,1,1,1,0,1,0,0,0,0,0,1,0,1,1,0,1,0,0,0,1,1,1,1,0,1,0,0,1,1,0.3055555555555556,36.449752944231015,1
4,1,0,1,1,1,1,0,1,1,1,0,1,0,0,0,0,0,1,0,1,1,0,1,0,0,0,1,1,1,1,0,1,0,0,1,1,0.3055555555555556,37.67130668984982,1
5,1,0,1,1,0,1,0,1,1,1,0,1,0,0,0,0,0,1,0,0,1,0,1,0,0,0,1,1,1,1,0,1,0,0,1,1,0.3055555555555556,27.327802649852508,1
6,1,0,1,1,0,1,0,1,1,1,0,1,0,0,0,0,0,1,0,1,1,0,1,0,0,0,1,1,1,1,0,1,0,0,1,1,0.25,35.649026085665184,1
7,0,0,1,1,0,1,0,1,1,1,0,1,0,0,0,0,0,1,0,1,1,0,1,0,0,0,1,1,0,1,0,0,0,0,1,1,0.25,25.060030595627346,1
8,1,0,1,1,0,1,1,1,1,1,0,1,0,0,0,0,0,1,0,1,1,0,1,0,0,0,1,1,1,1,0,1,0,0,1,1,0.3333333333333333,36.449752944231015,1
9,1,0,1,1,0,1,0,1,1,1,0,1,0,0,0,0,0,1,0,1,1,0,1,0,0,0,1,1,1,1,0,1,0,0,1,1,0.2777777777777778,35.649026085665184,1
10,1,0,1,1,0,1,0,1,1,1,0,1,0,0,0,0,0,1,0,1,1,0,1,0,0,0,1,1,0,1,0,1,0,0,1,1,0.2222222222222222,32.00823005307282,1
11,1,0,1,1,1,1,1,1,1,1,0,1,0,0,0,0,0,1,0,1,1,0,1,0,0,0,1,1,1,1,0,1,0,0,1,1,0.3333333333333333,38.97267315426088,1
12,1,0,1,1,0,1,0,1,1,1,0,1,0,0,0,0,0,1,0,1,1,0,1,0,0,0,1,1,1,1,0,1,0,0,1,1,0.2777777777777778,35.649026085665184,1
13,1,0,1,1,0,1,0,1,1,1,0,1,0,0,1,0,0,1,0,1,1,0,1,0,0,0,1,1,1,1,0,1,0,0,1,1,0.3333333333333333,36.16672369553461,1
14,1,0,1,1,0,1,1,1,1,1,0,1,0,0,0,0,0,1,0,0,1,0,1,0,0,0,1,1,1,1,0,1,0,0,1,1,0.3333333333333333,29.15010211171061,1
15,0,0,1,1,0,1,1,1,1,1,0,1,0,0,0,0,0,1,0,1,1,0,1,0,0,0,1,1,0,1,0,1,0,0,1,1,0.25,32.135293696974344,1
16,1,0,1,1,0,1,0,1,1,1,0,1,0,0,0,0,0,1,0,0,1,0,1,0,0,0,1,1,0,1,0,0,0,0,1,1,0.3055555555555556,23.886379348219844,1
17,1,0,1,1,0,1,1,1,1,1,0,1,0,0,0,0,0,1,0,1,1,0,1,0,0,0,1,1,1,1,0,1,0,0,1,1,0.3055555555555556,36.449752944231015,1
18,1,0,1,1,0,1,0,1,1,1,0,1,0,0,0,0,0,1,0,1,1,0,1,0,0,0,1,1,1,1,0,1,0,0,1,1,0.3611111111111111,35.649026085665184,1
19,1,0,1,1,0,1,0,1,1,1,0,1,0,0,0,0,0,1,0,0,1,0,1,0,0,0,1,1,0,1,0,1,0,0,1,1,0.3055555555555556,25.462168791545892,1
20,0,0,1,1,0,1,0,1,1,1,0,1,0,0,0,0,0,1,0,1,1,0,1,0,0,0,1,1,1,1,0,1,0,0,1,1,0.25,35.56867154607688,1
21,1,0,1,1,1,1,0,1,1,1,0,0,0,0,0,0,0,1,0,1,1,0,1,0,0,0,1,1,1,1,0,1,0,0,1,1,0.3055555555555556,35.19750729898396,1
22,1,0,1,1,0,1,0,1,1,1,0,0,0,0,0,0,0,1,0,0,1,0,1,0,0,0,1,1,1,1,0,1,0,0,1,1,0.2777777777777778,23.851642915589863,1
23,1,0,1,1,0,1,0,1,1,1,0,0,0,0,0,0,0,1,0,0,1,0,1,0,0,0,1,1,1,1,0,0,0,0,1,1,0.2777777777777778,18.457706781102374,1
24,1,0,1,1,1,1,0,1,1,1,0,1,0,0,0,0,0,1,0,1,1,0,1,0,0,0,1,1,1,1,0,1,0,0,1,1,0.3333333333333333,37.67130668984982,1
25,1,0,1,1,0,1,1,1,1,1,0,1,0,0,0,0,0,1,0,1,1,0,1,0,0,0,1,1,0,1,0,1,0,0,1,1,0.2777777777777778,33.35588740627842,1
26,1,0,1,1,1,1,0,1,1,1,0,1,0,0,0,0,0,1,0,1,1,0,1,0,0,0,1,1,1,1,0,1,0,0,1,1,0.2777777777777778,37.67130668984982,1
27,1,0,1,1,1,1,0,1,1,1,0,1,0,0,0,0,0,1,0,1,1,0,1,0,1,0,1,1,1,1,0,1,0,0,1,1,0.3333333333333333,38.95379148872032,1
28,1,0,1,1,0,1,1,1,1,1,0,1,0,0,0,0,0,1,0,1,1,0,1,0,0,0,1,1,0,1,0,1,0,0,1,1,0.25,33.35588740627842,1
29,1,0,1,1,1,1,0,1,1,1,0,1,0,0,0,0,0,1,0,1,1,0,1,0,0,0,1,1,1,1,0,1,0,0,1,1,0.25,37.67130668984982,1
30,1,0,1,1,0,1,0,1,1,1,0,1,0,0,0,0,0,1,0,1,1,0,1,0,0,0,1,1,1,1,0,0,0,0,1,1,0.3055555555555556,28.47235720002625,1
31,1,0,1,1,0,1,1,1,1,1,0,1,0,0,0,0,0,1,0,1,1,0,1,0,0,0,1,1,1,1,0,1,0,0,1,1,0.25,36.449752944231015,1
32,0,0,1,1,0,1,1,1,1,1,0,1,0,0,0,0,0,1,0,1,1,0,1,0,0,0,1,1,1,1,0,1,0,0,1,1,0.25,35.73580209887219,1
33,1,0,1,1,0,1,1,1,1,1,0,1,0,0,0,0,0,1,0,1,1,0,1,0,0,0,1,0,1,1,0,1,0,0,1,1,0.3055555555555556,32.52231345556888,1
34,1,0,1,1,0,1,0,1,1,1,0,1,0,0,0,0,0,1,0,1,1,0,1,0,0,1,1,1,0,1,0,1,0,0,1,1,0.25,36.140456823814816,1
35,1,0,1,1,0,1,1,1,1,1,0,1,0,0,0,0,0,1,0,0,1,0,1,0,0,0,1,0,1,1,0,1,0,0,1,1,0.3333333333333333,28.275947438291908,1
36,1,0,1,1,0,1,1,1,1,1,0,1,0,0,0,0,0,1,0,1,1,0,1,0,0,0,1,0,1,1,0,1,0,0,1,1,0.3055555555555556,32.52231345556888,1
37,1,0,1,1,0,1,0,0,1,1,0,1,0,0,0,0,0,1,0,1,1,0,1,0,0,1,1,1,1,1,0,1,0,0,1,1,0.2777777777777778,44.00093891821897,1
38,1,0,1,1,0,1,0,0,1,1,0,1,0,0,0,0,0,1,0,1,1,0,1,0,0,0,1,1,0,1,0,1,0,0,1,1,0.3055555555555556,31.312915346661605,1
39,1,0,1,1,0,1,1,1,1,1,0,1,0,0,0,0,0,1,0,1,1,0,1,0,0,0,1,1,1,1,0,0,0,0,1,1,0.3333333333333333,30.29241243635214,1
40,1,0,1,1,0,1,0,1,1,1,0,1,0,0,0,0,0,1,0,0,1,0,1,0,0,0,1,1,1,1,0,1,0,0,1,1,0.3055555555555556,27.327802649852508,1
41,1,0,1,1,0,1,1,1,1,1,0,1,0,0,0,0,0,1,0,1,1,0,1,0,0,0,1,0,0,1,0,1,0,0,1,1,0.25,30.929863428495125,1
42,1,0,1,1,1,1,1,1,1,1,0,1,0,0,0,0,0,1,0,1,1,0,1,0,0,1,1,1,1,1,0,1,0,0,1,1,0.3611111111111111,42.451179009765866,1
43,1,0,1,1,0,1,0,1,0,1,0,1,0,0,0,0,0,1,0,1,1,0,1,0,0,0,1,1,0,1,0,1,0,0,1,1,0.2777777777777778,30.99034171555251,1
44,1,0,1,1,0,1,0,1,1,1,0,0,0,0,1,0,0,1,0,1,1,0,1,0,0,0,1,1,0,1,0,1,0,0,1,1,0.25,29.551082011115717,1
45,1,0,1,1,0,1,0,1,1,1,0,1,0,0,1,0,0,1,0,1,1,0,1,0,1,0,1,1,1,1,0,1,0,0,1,1,0.3333333333333333,37.55169044016761,1
46,1,0,1,1,0,1,1,1,1,1,0,0,0,0,0,0,0,1,0,1,1,0,1,0,0,1,1,1,1,1,0,1,0,0,1,1,0.3055555555555556,40.65987285705959,1
47,1,0,1,1,0,1,1,1,1,1,0,1,0,0,0,0,1,1,0,1,1,0,1,0,0,1,1,1,1,1,0,1,0,0,1,1,0.3055555555555556,39.700176181372115,1
48,1,0,1,1,0,1,1,1,1,1,0,1,0,0,0,0,0,1,0,1,1,0,1,0,0,1,1,1,1,1,0,1,0,0,1,1,0.2777777777777778,41.143728267208395,1
49,1,0,1,1,0,1,1,1,1,1,0,0,0,0,0,0,0,1,0,1,1,0,1,0,0,0,1,1,1,1,0,1,0,0,1,1,0.3333333333333333,33.96575662844207,1
50,1,0,1,1,0,1,1,1,1,1,0,1,0,0,1,0,0,1,0,1,1,0,1,0,1,0,1,1,1,1,0,1,0,0,1,1,0.3333333333333333,38.30927972440056,1
51,0,0,1,1,0,1,1,1,1,1,0,1,0,0,0,0,1,1,0,1,1,0,1,0,0,0,1,1,1,1,0,1,0,0,1,1,0.2777777777777778,34.812115516725925,1
52,1,0,1,1,0,1,0,1,1,1,0,1,0,0,1,0,0,1,0,1,1,0,1,0,0,0,1,1,0,1,0,1,0,0,1,1,0.2777777777777778,33.02613256305274,1
53,1,0,1,1,0,1,1,1,1,1,0,0,0,0,0,0,0,1,0,1,1,0,1,0,0,0,1,1,1,0,0,1,0,0,1,1,0.2777777777777778,25.775523215445283,1
54,1,0,1,1,0,1,0,1,1,1,0,1,0,0,0,0,0,1,0,1,1,0,1,0,0,0,1,1,0,1,0,1,0,0,1,1,0.2222222222222222,32.00823005307282,1
55,0,0,1,1,0,1,1,1,1,1,0,1,0,0,0,0,0,1,0,1,1,0,1,0,0,1,1,1,1,1,0,1,0,0,1,1,0.3611111111111111,41.432740300355945,1
56,1,0,1,1,0,1,0,1,1,1,0,1,0,0,0,0,0,1,0,1,1,0,1,0,1,0,1,1,1,1,0,1,0,0,1,1,0.3055555555555556,37.53924561827187,1
57,1,0,1,1,0,1,0,1,1,1,0,1,0,0,0,0,0,1,0,0,1,0,1,0,0,1,1,1,1,1,0,1,0,0,1,1,0.3055555555555556,30.49709779050381,1
58,1,0,1,1,0,1,0,1,1,1,0,1,0,0,0,0,0,1,0,0,1,0,1,0,0,1,1,1,0,1,0,1,0,0,1,1,0.3055555555555556,26.983251637725772,1
59,0,0,1,1,0,1,1,1,1,1,0,1,0,0,0,0,0,1,0,0,1,0,1,0,0,1,1,1,1,1,0,1,0,0,1,1,0.2777777777777778,30.516673177145343,1
60,1,0,1,1,0,1,1,0,1,1,0,1,1,0,0,0,0,1,0,1,1,0,1,0,0,0,1,1,1,1,0,1,0,0,1,1,0.3611111111111111,35.612183605398634,1
61,1,0,1,1,0,1,1,1,1,1,0,1,1,0,0,0,0,1,0,1,1,0,1,0,0,0,1,1,1,1,0,0,0,0,1,1,0.2777777777777778,33.173323837629226,1
62,1,0,1,1,0,1,1,0,1,1,0,1,0,0,0,0,0,1,0,1,1,0,1,0,0,1,1,0,0,1,0,1,0,0,1,1,0.2777777777777778,29.006956629480968,1
63,1,0,1,1,0,1,0,0,0,1,0,0,0,0,0,0,0,1,0,1,1,1,1,0,0,0,1,0,0,0,0,1,0,0,1,1,0.25,15.733065958221237,1
64,1,0,1,1,0,1,0,1,1,1,0,1,0,0,0,0,0,1,0,1,1,0,1,0,1,0,1,0,1,1,0,0,0,0,1,1,0.2777777777777778,25.357096028036764,1
65,1,0,1,1,0,1,0,1,1,1,0,1,0,0,0,0,0,1,0,0,1,0,1,0,0,1,1,1,1,1,0,1,0,0,1,1,0.3333333333333333,30.49709779050381,1
66,0,0,1,1,0,1,1,1,1,1,0,0,0,0,0,0,0,1,0,1,1,0,1,0,0,1,1,0,1,1,0,1,0,0,1,1,0.3333333333333333,32.93590443601906,1
67,1,0,1,1,0,1,0,1,0,1,0,1,0,0,1,0,0,1,0,1,1,0,1,0,0,0,1,1,1,1,0,0,0,0,1,1,0.3333333333333333,27.972821328225248,1
68,1,0,1,1,0,1,0,1,1,1,0,1,0,0,0,0,0,1,0,0,1,0,1,0,0,1,1,1,1,1,0,1,0,0,1,1,0.3333333333333333,30.49709779050381,1
69,1,0,1,1,0,1,1,1,1,1,0,1,0,0,0,0,0,1,0,1,1,0,1,0,0,0,1,1,1,1,0,1,0,0,1,1,0.3055555555555556,36.449752944231015,1
70,0,0,0,1,0,1,0,1,1,1,0,0,0,0,0,0,0,1,0,1,1,0,1,0,0,0,1,1,0,1,0,1,0,0,1,1,0.25,30.23817310940148,1
71,1,0,1,1,0,1,0,1,1,1,0,0,0,0,0,0,0,1,0,1,1,0,1,0,0,0,1,0,0,1,0,0,0,0,1,1,0.3055555555555556,19.207335601729625,1
72,1,0,1,1,1,1,1,1,0,1,0,1,0,0,0,0,0,1,0,1,1,0,1,0,0,1,1,1,1,1,0,1,0,0,1,1,0.3333333333333333,41.93768558780457,1
73,0,0,0,1,1,0,1,0,0,0,0,0,1,1,1,1,1,0,1,0,0,1,0,1,1,0,0,1,0,1,1,0,1,0,0,1,0.3055555555555556,27.454712669550073,1
74,0,0,0,1,1,0,1,0,0,0,1,0,1,1,1,1,1,0,1,0,0,1,0,1,1,1,0,1,0,1,1,0,1,0,0,0,0.3333333333333333,26.299305858155023,1
75,0,1,0,1,1,0,1,0,0,0,1,0,0,1,1,1,1,0,1,0,0,1,0,1,1,0,0,1,0,1,1,0,1,0,0,1,0.3333333333333333,28.195966339268356,1
76,1,0,1,1,0,1,1,0,1,1,0,1,0,0,1,0,1,1,0,1,1,0,1,0,0,0,1,0,0,1,0,1,0,0,1,1,0.3333333333333333,28.25879094395387,1
77,0,1,0,1,1,0,1,0,0,0,1,0,1,1,1,1,1,0,1,0,0,1,0,1,1,0,0,1,0,1,1,0,1,0,0,0,0.25,24.68197832457024,1
78,0,0,1,1,0,1,1,1,1,1,0,1,0,0,0,0,0,1,0,1,1,0,1,0,0,1,1,0,1,1,0,1,0,0,1,1,0.3055555555555556,34.16514366820571,1
79,0,1,0,1,1,0,1,0,0,0,1,0,1,1,1,1,1,0,1,0,0,1,0,1,0,0,0,1,0,1,1,0,1,0,0,0,0.25,24.364554601524883,1
80,1,0,1,1,0,1,0,1,1,1,0,0,0,0,0,0,1,1,0,1,1,0,1,0,0,0,1,1,0,1,0,1,0,0,1,1,0.25,28.1605860855951,1
81,0,0,1,1,0,1,1,1,1,1,0,1,0,0,0,0,0,1,0,1,1,0,1,0,0,0,1,0,1,1,0,0,0,0,1,1,0.2777777777777778,26.19086309143422,1
82,1,0,0,1,0,1,1,1,1,1,0,0,0,0,1,0,0,1,0,1,1,0,1,0,0,1,1,0,0,1,0,1,0,0,1,1,0.2777777777777778,27.240847613205027,1
83,0,0,0,1,1,0,1,0,0,0,1,0,1,1,1,1,1,0,1,0,0,1,0,1,1,0,0,1,0,1,1,0,1,0,0,0,0.25,19.658532655051527,1
84,0,1,0,1,1,0,1,0,0,0,1,0,1,1,1,1,1,0,1,0,0,1,0,1,1,0,0,1,0,1,0,0,1,1,0,0,0.2777777777777778,28.660484200869288,1
85,1,0,1,1,0,1,0,1,1,1,0,1,0,0,0,0,0,1,0,1,1,0,1,0,0,1,1,0,1,1,0,1,0,0,1,1,0.25,34.15604595244798,1
86,0,0,0,1,1,0,1,0,0,0,1,0,1,1,1,1,1,0,1,0,0,1,0,1,0,1,0,1,0,0,1,0,1,0,0,0,0.3055555555555556,15.71518622470635,1
87,0,1,0,1,1,0,1,0,0,0,1,0,1,1,1,1,1,0,1,0,0,1,0,1,1,0,0,1,0,1,1,0,1,0,0,0,0.3055555555555556,24.68197832457024,1
88,1,0,1,1,0,1,1,1,1,1,0,1,0,0,1,0,1,1,0,1,1,0,1,0,0,1,1,0,1,1,0,1,0,0,1,1,0.3055555555555556,36.11400638527984,1
89,0,0,1,1,0,1,0,0,1,1,0,1,0,0,0,0,0,1,0,1,1,0,1,0,0,0,1,0,1,1,0,1,0,0,1,1,0.2777777777777778,28.91158193485427,1
90,0,0,1,1,0,1,1,1,1,1,0,1,0,0,1,0,0,1,0,1,1,0,1,0,0,0,1,1,1,1,0,1,0,0,1,1,0.3611111111111111,36.25359397210472,1
91,0,0,0,1,1,0,1,0,0,0,1,0,0,1,1,1,1,0,1,0,0,1,0,1,0,0,0,1,0,1,1,0,1,0,0,0,0.25,17.07932958187531,1
92,0,0,0,1,1,0,1,0,0,0,1,0,1,1,0,1,1,0,1,0,0,1,0,1,1,0,0,0,0,0,1,0,1,0,0,0,0.2222222222222222,11.190207729514707,1
93,0,1,0,1,1,0,1,0,0,0,1,0,1,1,1,1,1,0,1,0,0,1,0,1,1,0,0,1,0,1,1,0,1,0,0,0,0.2777777777777778,24.68197832457024,1
94,1,0,1,1,0,1,1,1,1,1,0,0,0,0,0,0,0,1,0,1,1,0,1,0,0,0,1,1,1,1,0,1,0,0,1,1,0.4166666666666667,33.96575662844207,1
95,1,0,1,1,1,1,0,1,1,1,0,0,0,0,1,0,0,1,0,1,1,0,1,0,0,0,1,0,0,1,0,1,0,0,1,1,0.3611111111111111,28.098146653963745,1
96,0,0,0,1,1,0,1,0,0,0,1,0,1,1,1,1,1,0,1,0,0,1,0,1,1,0,0,1,0,1,1,0,1,0,0,0,0.3611111111111111,19.658532655051527,1
97,0,0,1,1,0,1,1,1,1,1,0,1,0,0,0,0,0,1,0,1,1,0,1,0,1,0,1,1,1,1,0,1,0,0,1,1,0.3333333333333333,37.58427119961406,1
98,0,0,1,1,1,1,0,1,1,1,0,1,1,0,0,0,0,1,0,1,1,0,1,0,0,1,1,0,1,1,0,1,0,0,1,1,0.2777777777777778,36.253847463147515,1
