,0,1,2,3,4,5,6,7,8,9,10,11,12,13,14,15,16,17,18,19,20,21,22,23,24,25,26,27,28,29,30,31,32,33,34,35,36,37,38,39,40,41,42,43,44,45,46,47,48,49,50,51,52,53,chain_break_fraction,energy,num_occurrences
0,1,1,0,1,0,0,0,0,1,1,0,0,1,0,1,1,0,0,1,1,0,0,1,1,0,0,1,1,1,1,1,0,1,1,0,0,1,1,0,0,0,0,1,1,0,1,1,0,1,1,0,0,0,0,0.3333333333333333,259.34942377620575,1
1,1,1,0,0,0,0,0,0,1,1,0,0,1,0,1,1,0,1,1,1,0,0,1,1,0,0,1,1,1,1,1,0,1,1,1,0,1,1,0,0,1,0,1,1,0,1,1,0,1,1,0,0,0,0,0.3333333333333333,319.3844655237183,1
2,0,0,1,1,1,1,1,1,0,0,1,0,0,1,0,0,1,0,0,0,1,1,0,0,1,1,0,0,0,0,0,1,1,0,0,1,0,0,1,1,0,1,0,1,1,0,0,1,0,1,1,1,1,1,0.2962962962962963,718.6347588026142,1
3,1,1,0,1,0,0,0,0,1,0,0,0,1,0,1,1,0,1,0,1,0,0,1,1,0,0,1,1,1,1,1,0,1,1,0,0,0,1,0,0,1,0,0,1,0,1,1,0,1,1,0,0,0,0,0.35185185185185186,317.41922112917945,1
4,0,0,1,0,1,1,1,1,0,0,1,1,0,1,0,0,1,0,0,0,1,1,0,0,1,1,0,0,0,0,0,1,0,0,0,0,1,0,1,1,0,1,1,1,1,0,0,1,0,1,1,1,1,1,0.3148148148148148,431.0391602342879,1
5,1,1,0,0,0,0,0,0,1,1,0,0,1,0,1,1,0,0,0,1,0,0,1,1,0,0,1,1,1,1,1,0,1,1,0,0,1,1,0,0,1,0,1,1,0,1,1,0,1,1,0,0,0,0,0.35185185185185186,262.4395932145443,1
6,0,1,0,0,0,0,0,0,1,1,0,1,1,0,1,1,0,1,1,1,0,0,1,1,0,0,1,1,1,1,1,0,1,1,0,0,1,1,0,0,0,0,1,1,0,1,1,0,1,1,0,0,0,0,0.3333333333333333,404.75551044021404,1
7,0,1,0,0,0,0,0,0,1,1,0,0,1,0,1,1,0,0,1,1,0,0,1,1,0,0,1,1,1,1,1,0,1,1,1,0,1,1,0,0,1,0,0,1,0,1,1,0,1,1,0,0,0,0,0.3333333333333333,272.76453395494946,1
8,1,0,0,0,0,0,0,0,1,0,0,0,1,0,1,1,0,0,1,1,0,0,1,1,0,0,1,1,1,1,1,0,1,1,0,0,1,1,0,0,0,0,0,1,0,1,1,0,1,1,0,0,0,0,0.3148148148148148,232.3649222318108,1
9,1,1,0,1,0,0,0,0,1,0,0,0,1,0,1,1,0,1,1,1,0,0,1,1,0,0,1,1,1,1,1,0,1,1,0,0,0,1,0,0,1,0,1,1,0,1,1,0,1,1,0,0,0,0,0.3888888888888889,327.4908945272301,1
10,0,0,0,1,1,1,1,1,0,1,1,0,0,1,0,0,1,0,0,1,1,1,0,0,1,1,0,0,0,0,0,1,1,0,1,0,0,0,1,1,0,1,1,1,1,0,0,1,0,1,1,1,1,1,0.24074074074074073,661.4183396975818,1
11,0,1,0,0,0,0,0,0,0,1,0,0,1,0,1,1,0,0,1,1,0,0,1,0,0,0,1,1,1,1,1,0,1,1,0,0,1,1,0,0,0,0,0,1,0,1,1,0,1,1,0,0,0,0,0.3333333333333333,241.25344332088576,1
12,1,1,0,1,0,0,0,0,1,1,0,0,1,0,1,1,0,1,1,1,0,0,1,1,0,0,1,1,1,1,1,0,1,1,0,0,1,1,1,0,1,0,0,1,0,1,1,0,1,1,0,0,0,0,0.3888888888888889,338.9295791061607,1
13,0,0,0,1,1,1,1,1,0,0,1,1,0,1,0,0,1,0,0,0,1,1,0,0,1,1,0,0,0,0,0,1,0,0,0,1,1,0,1,1,0,1,0,1,1,0,0,1,0,0,1,1,1,1,0.25925925925925924,500.89452710218393,1
14,0,0,1,0,1,1,1,1,0,0,1,1,0,1,0,0,1,1,0,0,1,1,0,0,1,1,0,0,0,0,0,1,1,0,1,1,0,0,1,1,0,1,1,0,1,0,0,1,0,0,1,1,1,1,0.2777777777777778,545.0991914053058,1
15,1,1,0,1,0,0,0,0,1,0,0,0,1,0,1,1,0,0,0,1,0,0,1,1,0,0,1,1,1,1,1,0,1,1,1,0,0,1,0,0,1,0,0,1,0,1,1,0,0,1,0,0,0,0,0.35185185185185186,257.6253929959131,1
16,0,0,1,1,1,1,1,1,0,0,1,0,0,1,0,0,1,0,0,0,1,1,0,0,1,1,0,0,0,0,0,1,0,0,0,0,0,0,1,1,0,1,1,1,1,0,0,1,0,1,1,1,1,1,0.2962962962962963,437.05098344222034,1
17,1,1,0,1,0,0,0,0,1,1,1,0,1,0,1,1,0,1,1,1,0,0,1,1,0,0,1,1,1,1,1,0,1,1,0,0,0,1,0,0,1,0,1,1,0,1,1,0,1,1,0,0,0,0,0.37037037037037035,381.30155213649795,1
18,1,1,0,1,0,0,0,0,1,0,0,0,1,0,1,1,0,0,1,1,0,0,1,1,0,0,1,1,1,1,1,0,1,1,0,0,1,1,0,0,0,0,1,1,0,1,1,0,0,1,0,0,0,0,0.35185185185185186,252.13461666240855,1
19,1,1,0,0,0,0,0,0,1,0,0,0,1,0,1,1,0,1,1,1,0,0,1,1,0,0,1,1,1,1,1,0,1,1,0,0,1,1,0,0,1,0,0,1,0,1,1,0,0,1,0,0,0,0,0.37037037037037035,315.0970164652988,1
20,0,0,0,0,1,1,1,1,0,1,1,1,0,1,0,0,1,0,0,0,1,1,0,0,1,1,0,0,0,0,0,1,0,0,0,1,0,0,1,1,0,1,1,1,1,0,0,1,0,1,1,1,1,1,0.3148148148148148,580.5842826688123,1
21,0,1,0,0,0,0,1,0,1,0,0,0,1,0,1,1,0,0,1,1,0,0,1,1,0,0,1,1,1,1,1,0,1,1,0,0,0,1,0,0,0,0,0,1,0,1,1,0,1,1,0,0,0,0,0.3333333333333333,245.64102568939123,1
22,1,0,0,0,0,0,0,0,1,0,0,0,1,0,1,1,0,0,1,1,0,0,1,1,0,0,1,1,1,1,1,0,1,1,1,0,1,1,0,0,0,0,0,1,0,1,1,0,1,1,0,0,0,0,0.3148148148148148,250.4614251336535,1
23,0,1,0,0,0,0,0,0,1,1,0,0,1,0,1,1,0,0,1,1,0,0,1,1,0,0,1,1,1,1,1,0,1,1,0,0,1,1,0,0,1,0,0,1,0,1,1,0,1,1,0,0,0,0,0.3333333333333333,252.82738508877566,1
24,1,1,0,0,0,0,0,0,1,0,0,0,1,0,1,1,0,0,1,1,0,0,1,1,0,0,1,1,1,1,0,0,1,1,0,0,0,1,0,0,0,0,1,1,0,1,1,0,1,1,0,0,0,0,0.35185185185185186,248.36722052912148,1
25,1,1,1,1,0,0,0,0,1,0,0,0,1,0,1,1,0,0,0,1,0,0,1,1,0,0,1,1,1,1,1,0,1,1,0,0,0,1,0,0,1,0,0,1,0,1,1,0,0,1,0,0,0,0,0.3148148148148148,320.19324300424114,1
26,0,0,1,0,1,1,1,1,0,0,1,1,0,1,0,0,1,0,0,0,1,1,0,0,1,1,0,0,0,0,0,1,1,0,0,0,1,0,1,1,0,1,1,1,1,0,0,1,0,1,1,1,1,1,0.2962962962962963,547.8622058907449,1
27,0,1,0,0,1,1,1,1,0,1,1,1,0,1,0,0,1,0,0,0,1,1,0,0,1,1,0,0,0,0,0,1,0,0,0,1,0,0,1,1,1,1,0,1,1,0,0,1,1,1,1,1,1,1,0.2962962962962963,615.5634385375831,1
28,1,1,0,0,0,0,1,0,1,0,0,0,1,0,1,1,0,0,1,1,0,0,1,1,0,0,1,1,1,1,1,0,1,1,0,0,1,1,0,0,1,0,1,1,0,1,1,0,0,1,0,0,0,0,0.37037037037037035,257.98638142888075,1
29,0,1,0,1,0,0,0,0,1,1,0,0,1,0,1,1,1,0,1,1,0,0,1,1,0,0,1,1,1,1,1,0,1,1,0,0,1,1,0,0,0,0,1,1,0,1,1,0,1,1,0,0,0,0,0.37037037037037035,277.1280417073029,1
30,1,0,1,1,0,0,0,0,1,1,1,0,1,0,1,1,0,0,0,1,0,0,1,1,0,0,1,1,1,1,1,0,1,1,0,0,1,1,0,0,1,0,0,1,0,1,1,0,1,1,0,0,0,0,0.37037037037037035,311.7542019227184,1
31,0,0,0,0,1,1,1,1,0,1,1,1,0,1,0,0,1,0,0,0,1,1,0,0,1,1,0,0,0,0,0,1,0,0,0,0,0,0,1,1,0,1,1,1,1,0,0,1,0,1,1,1,1,1,0.3148148148148148,430.113376992809,1
32,0,0,1,1,1,1,1,1,0,0,1,0,0,1,0,0,1,0,0,0,1,1,0,0,1,1,0,0,0,0,0,1,0,0,0,0,0,0,1,1,0,1,1,1,1,0,0,1,1,1,1,1,1,1,0.35185185185185186,466.3707991159064,1
33,0,0,1,0,1,1,1,1,0,0,1,1,0,1,0,0,1,0,1,0,1,1,0,0,1,1,0,0,0,0,0,1,0,0,0,0,1,0,1,1,0,1,0,1,1,0,0,1,0,1,1,1,1,1,0.3333333333333333,398.7021056022772,1
34,1,0,0,0,0,0,0,0,1,1,0,0,1,0,1,1,0,0,1,1,0,0,1,1,0,0,1,1,1,1,1,0,1,0,0,0,0,1,0,0,1,0,1,1,0,1,1,0,1,1,0,0,0,0,0.35185185185185186,246.06731684970512,1
35,0,0,0,1,1,1,1,1,0,1,1,1,0,1,0,0,1,0,0,0,1,1,0,0,1,1,0,0,0,0,0,1,1,0,1,0,0,0,1,1,0,1,0,1,1,0,0,1,0,1,1,1,1,1,0.3888888888888889,581.3373211115891,1
36,0,0,0,0,1,1,1,1,0,0,1,1,0,1,0,0,1,0,0,0,1,1,0,1,1,1,0,0,0,0,0,1,1,0,0,0,0,0,1,1,0,1,1,0,1,0,0,1,0,1,1,1,1,1,0.35185185185185186,440.65712549392816,1
37,0,0,1,0,1,1,1,1,0,1,1,1,1,1,0,0,1,0,0,0,1,1,0,0,1,1,0,0,0,0,0,1,1,0,0,0,0,0,1,1,0,1,1,1,1,0,0,1,0,1,1,1,1,1,0.3148148148148148,488.29013336165013,1
38,0,0,1,1,1,1,1,1,0,0,1,0,0,1,0,0,1,0,0,0,1,1,0,0,1,1,0,0,0,0,0,1,0,0,0,0,0,0,1,1,0,1,0,1,1,0,0,1,0,1,1,1,1,1,0.37037037037037035,410.63957572757334,1
39,1,1,0,1,0,0,1,0,1,1,0,0,1,0,1,1,0,0,1,1,0,0,1,1,0,0,1,1,1,1,0,0,1,1,0,0,1,1,0,0,1,0,0,1,0,1,1,0,1,1,0,0,0,0,0.37037037037037035,274.17148669720405,1
40,0,0,0,1,0,0,0,0,1,1,0,0,1,0,1,1,0,0,1,1,0,0,1,0,0,0,1,1,1,1,1,0,1,1,0,0,1,1,0,0,0,0,1,1,0,1,0,0,1,1,0,0,0,0,0.3333333333333333,207.24863146469977,1
41,0,0,0,1,1,1,1,1,0,0,1,1,0,1,0,0,1,0,0,0,1,1,0,0,1,1,0,0,0,0,0,1,1,0,0,0,0,0,1,1,1,1,1,1,1,0,0,1,0,1,1,1,1,1,0.2962962962962963,652.2091613030678,1
42,0,0,1,1,1,1,1,1,0,1,1,1,0,1,0,0,1,0,0,0,1,1,0,0,1,1,0,0,0,0,0,1,1,0,0,0,0,0,1,1,0,1,1,1,1,0,0,1,1,1,1,1,1,1,0.35185185185185186,518.2041028266875,1
43,0,1,1,1,0,0,0,0,1,1,0,0,1,0,1,1,0,1,1,1,0,0,1,0,0,0,1,1,1,1,1,0,1,1,0,0,1,1,0,0,1,0,0,1,0,1,1,0,1,1,0,0,1,0,0.2777777777777778,315.95782742752556,1
44,1,1,0,0,0,0,0,0,1,0,0,0,1,0,1,1,0,0,1,1,0,0,1,0,0,0,1,1,1,1,1,0,1,1,0,0,0,1,0,0,1,0,0,1,0,1,1,0,1,1,0,0,0,0,0.3148148148148148,243.17323472900355,1
45,0,0,1,1,1,1,1,1,0,1,1,1,0,1,0,0,1,1,0,0,1,1,0,0,1,1,0,1,0,0,0,1,1,0,0,0,0,0,1,1,0,1,0,1,1,0,0,1,0,1,1,1,1,1,0.3148148148148148,474.58599423974914,1
46,0,0,1,1,1,1,1,1,0,1,1,0,0,1,0,0,1,0,0,0,1,1,0,0,1,1,0,0,0,0,0,1,1,0,0,0,0,0,1,1,0,1,1,1,1,0,0,1,0,0,1,1,1,1,0.3333333333333333,478.2873429459731,1
47,0,1,1,0,0,0,1,0,1,0,0,0,1,0,1,1,0,0,1,1,0,0,1,1,0,0,1,1,1,1,1,0,1,0,0,0,1,1,0,0,1,0,1,1,0,1,1,0,0,1,0,0,0,0,0.3148148148148148,310.60951420190327,1
48,0,0,0,1,1,1,1,1,0,1,1,1,1,1,0,0,1,0,0,0,1,1,0,0,1,1,0,0,0,0,0,1,1,0,0,0,0,0,1,1,0,1,1,1,1,0,0,1,0,1,1,1,1,1,0.3333333333333333,519.3723133346111,1
49,0,0,0,0,1,1,1,1,0,0,1,1,0,1,0,0,1,0,0,0,1,1,0,0,1,1,0,0,0,0,1,1,0,0,0,1,1,0,1,1,1,1,0,1,1,0,0,1,0,1,1,1,1,1,0.2962962962962963,737.1962165991356,1
50,1,1,0,1,0,0,0,0,1,0,0,1,1,0,1,1,0,0,0,1,0,0,1,1,0,0,1,1,1,1,0,0,1,1,0,0,1,1,1,0,1,0,1,1,0,1,1,0,0,1,0,0,0,0,0.2962962962962963,308.319721180151,1
51,0,0,0,1,1,1,1,1,0,1,1,1,0,0,0,0,1,1,1,0,1,1,0,1,1,1,0,0,0,0,0,1,0,0,0,1,0,0,1,1,0,1,0,0,1,0,0,1,0,1,1,1,1,1,0.3333333333333333,416.21628733410677,1
52,0,0,1,1,1,1,1,1,0,0,1,0,0,1,0,0,1,0,0,0,1,1,0,0,1,1,0,0,0,0,0,1,0,0,0,1,1,0,1,1,0,1,1,0,1,0,0,1,0,0,1,1,1,1,0.3148148148148148,473.06490782470013,1
53,0,0,0,1,1,1,1,1,0,1,1,1,0,1,0,1,1,0,0,0,1,1,0,0,1,1,0,0,0,0,0,1,0,0,0,1,1,0,1,1,0,1,1,1,1,0,0,1,1,1,1,1,1,1,0.3148148148148148,601.0193721453785,1
54,0,1,0,0,0,0,0,0,1,1,0,1,1,1,1,1,1,0,0,1,0,0,1,0,0,0,1,1,1,1,1,0,1,1,0,0,1,1,0,0,0,0,0,1,0,1,1,0,1,1,0,0,0,0,0.37037037037037035,293.1533956549635,1
55,1,0,1,0,0,0,0,0,1,1,0,0,1,0,1,1,0,0,1,1,0,0,1,1,0,0,1,1,1,1,1,0,1,1,0,1,0,1,0,0,1,0,0,1,0,1,1,0,0,0,0,0,0,0,0.3148148148148148,299.447409233319,1
56,0,1,0,0,0,0,0,0,1,0,0,1,1,0,1,1,0,0,1,1,0,0,1,1,0,0,1,1,1,1,1,0,1,1,0,0,1,1,1,0,1,0,0,1,0,1,1,0,0,1,0,0,0,0,0.3888888888888889,302.9448209240302,1
57,0,0,0,1,1,1,1,1,0,0,1,1,0,1,0,0,1,0,0,0,1,1,0,0,0,1,0,0,0,0,0,1,1,0,0,0,0,0,1,1,0,1,0,1,0,0,0,1,1,1,1,1,1,1,0.2962962962962963,439.58106502348744,1
58,0,0,0,0,1,1,0,1,0,0,1,1,0,1,0,0,1,0,0,0,1,1,0,0,1,1,0,0,0,0,0,1,1,0,0,0,0,0,1,1,1,1,0,1,1,0,0,1,0,1,1,1,1,1,0.2962962962962963,668.5639349204196,1
59,1,1,0,0,0,0,0,0,1,0,0,0,1,0,1,1,0,0,0,1,0,0,1,1,0,0,1,1,1,1,1,0,1,1,0,0,1,1,0,0,1,0,0,1,0,1,1,0,1,1,0,0,0,0,0.3888888888888889,254.3736175505307,1
60,0,0,0,0,1,1,1,1,0,0,1,1,0,1,0,0,1,0,0,0,1,1,0,1,1,1,1,0,0,0,0,1,0,0,0,1,0,0,1,1,0,1,1,0,1,0,0,1,0,1,1,1,1,1,0.25925925925925924,426.8993708059713,1
61,0,0,0,0,1,1,1,1,0,1,1,1,0,1,0,0,1,0,0,0,1,1,0,0,1,1,0,0,0,0,0,1,1,0,0,0,0,0,1,1,1,1,1,0,1,0,0,1,0,1,1,1,1,1,0.2962962962962963,565.1628616553787,1
62,0,1,1,1,0,0,0,0,1,1,0,0,1,0,1,1,1,0,1,1,0,0,1,1,0,0,1,1,1,1,0,0,1,1,0,0,1,1,0,0,0,0,0,1,0,1,1,0,1,1,0,0,0,0,0.35185185185185186,400.8354331036507,1
63,0,1,0,0,0,0,0,0,1,1,1,0,1,0,1,1,0,1,1,1,0,0,1,1,0,0,1,1,1,1,1,0,1,1,0,0,1,1,0,0,1,0,0,1,0,0,1,0,1,1,0,0,0,0,0.35185185185185186,348.17961096820284,1
64,0,0,0,1,1,1,1,1,0,0,1,1,0,1,0,0,1,0,0,0,1,1,0,0,1,1,0,0,0,0,0,1,1,0,0,0,1,0,1,1,0,1,0,1,1,0,0,1,0,1,1,1,1,1,0.3148148148148148,561.7985454166718,1
65,1,1,0,0,0,0,0,0,1,1,1,0,1,0,1,0,0,0,1,1,0,0,1,1,0,0,1,1,1,1,1,0,1,1,0,0,1,1,1,0,1,0,0,1,0,1,1,0,1,1,0,0,0,0,0.35185185185185186,299.8305544281056,1
66,0,1,0,0,1,1,1,1,0,0,1,1,0,1,0,0,1,1,0,1,1,1,0,0,1,1,0,0,0,0,0,1,1,0,0,1,1,0,1,1,0,1,0,1,1,0,0,1,0,1,1,1,1,1,0.3148148148148148,577.0952139208468,1
67,0,0,1,0,0,0,0,0,1,0,0,0,1,0,1,1,0,0,0,1,0,0,1,1,0,0,1,1,1,1,1,0,1,1,0,0,1,1,0,0,0,0,0,1,0,1,1,0,1,1,0,0,0,0,0.3333333333333333,259.4359802627612,1
68,0,0,0,1,1,1,1,1,0,1,1,1,0,1,0,0,1,0,0,0,1,1,0,1,1,1,0,0,0,0,1,1,0,0,0,1,0,0,1,1,0,1,1,1,0,0,0,1,0,0,1,1,1,1,0.2962962962962963,362.7111609526599,1
69,0,1,0,1,0,0,0,0,1,1,0,0,1,0,1,1,0,1,0,1,0,0,1,1,1,0,1,1,1,1,1,0,1,1,1,0,1,1,0,0,1,0,0,1,0,1,1,0,1,1,0,0,0,0,0.35185185185185186,313.17492489775515,1
70,0,1,1,0,0,0,0,0,1,1,0,0,1,0,1,1,0,0,0,1,0,0,1,1,0,0,1,1,1,1,1,0,1,1,1,0,1,1,0,0,0,0,0,1,0,1,1,0,1,1,0,0,0,0,0.4074074074074074,289.20526082293406,1
71,0,1,1,1,0,0,0,0,1,0,0,0,1,0,1,1,1,1,1,1,0,0,1,0,0,0,1,1,1,1,1,0,1,1,0,0,0,1,0,0,1,0,1,1,0,1,1,0,1,1,0,0,0,0,0.35185185185185186,363.61050249449556,1
72,1,1,0,1,0,0,0,0,1,1,0,0,1,0,1,1,0,1,1,1,0,0,1,1,0,0,1,1,1,1,0,0,1,1,0,0,0,1,0,0,1,0,1,1,0,1,1,0,1,1,0,0,0,0,0.3333333333333333,353.02644881799057,1
73,0,1,1,1,0,0,1,0,1,0,0,0,1,0,1,1,0,0,1,1,0,0,1,1,0,0,1,1,1,1,0,0,1,1,0,0,0,1,0,0,1,0,0,1,0,1,1,0,1,1,0,0,0,0,0.37037037037037035,339.39011583234566,1
74,0,0,1,0,1,1,1,1,0,1,1,0,0,1,0,0,1,0,0,0,1,1,0,0,1,1,0,0,0,0,0,1,0,0,0,0,0,0,1,1,0,1,1,1,1,0,0,1,1,1,1,1,1,1,0.3148148148148148,463.0788995903013,1
75,0,0,1,0,1,1,1,1,0,1,1,1,0,1,0,0,1,0,0,0,1,1,0,0,1,1,0,0,0,0,0,1,1,0,0,0,1,0,1,1,0,1,0,1,1,0,0,1,0,1,1,1,1,1,0.35185185185185186,498.6768695460796,1
76,0,1,0,0,0,0,0,0,1,0,0,1,1,0,1,1,0,0,0,1,0,0,1,0,0,0,1,1,1,1,1,0,1,1,0,0,1,1,0,0,0,0,1,1,0,1,1,0,0,1,0,0,0,0,0.2962962962962963,237.03734491137348,1
77,0,0,1,1,0,0,0,0,1,1,0,0,1,0,1,1,0,1,0,1,0,0,1,1,0,0,1,1,1,1,1,1,1,1,0,0,0,1,0,0,1,0,0,1,0,1,1,0,1,1,0,0,0,0,0.37037037037037035,348.97581905148957,1
78,0,1,0,1,0,0,0,0,1,0,0,0,1,0,1,1,0,0,1,1,0,0,1,1,0,0,1,1,1,1,1,0,1,1,1,0,1,1,0,0,0,0,1,1,0,1,1,0,1,1,0,0,0,0,0.37037037037037035,260.84371923888114,1
79,1,1,1,1,0,0,0,0,1,1,0,0,1,0,1,1,0,1,0,1,0,0,1,0,0,0,1,1,1,1,1,0,1,1,1,0,0,1,0,0,0,0,1,1,0,1,0,0,1,1,0,0,0,0,0.3333333333333333,348.32220419733926,1
80,0,1,0,0,1,1,1,1,0,0,1,1,0,1,0,0,1,0,0,0,1,1,0,0,1,1,0,0,0,0,0,1,0,0,0,1,1,0,1,1,0,1,1,1,1,0,0,1,0,1,1,1,1,1,0.3888888888888889,590.8479903833297,1
81,0,1,1,1,0,0,0,0,1,0,0,0,1,1,1,1,0,0,0,1,0,0,1,1,0,0,1,1,1,1,1,0,1,1,1,0,1,1,0,0,1,0,0,1,0,1,0,0,0,1,0,0,0,0,0.37037037037037035,329.6876435793991,1
82,0,0,0,1,1,1,1,1,0,1,1,1,0,1,0,0,1,0,0,0,1,1,0,0,1,1,0,0,0,0,0,1,0,0,0,1,0,0,1,1,0,1,1,0,1,0,0,1,0,1,1,1,1,1,0.2962962962962963,486.9083169090984,1
83,0,0,0,1,1,1,1,1,0,1,1,1,0,1,0,0,1,0,0,1,1,1,0,0,1,1,0,0,0,0,0,1,1,0,0,0,0,0,1,1,0,1,1,0,1,0,0,1,0,1,1,1,1,1,0.3333333333333333,437.46755414928873,1
84,0,0,1,0,1,1,1,1,0,1,1,1,0,1,0,0,1,0,0,0,1,1,0,1,1,1,0,0,0,0,0,1,1,0,0,0,1,0,1,1,0,1,1,1,1,0,0,1,0,1,1,1,1,1,0.37037037037037035,475.1782108850862,1
85,0,0,0,0,1,1,1,1,0,1,1,1,0,1,0,0,1,0,0,0,1,1,0,1,1,1,0,0,0,0,0,1,0,0,0,1,0,0,1,1,0,1,1,1,1,0,0,1,0,1,1,1,1,1,0.2962962962962963,492.3394232727472,1
86,0,0,1,1,1,1,1,1,1,1,1,0,0,1,0,0,1,0,0,0,1,1,0,0,1,1,0,0,0,0,1,1,0,0,0,1,1,0,1,1,0,1,1,1,1,0,0,1,0,1,1,1,1,1,0.4074074074074074,567.6663813643236,1
87,1,1,0,1,0,0,0,0,1,0,0,0,1,0,1,1,0,1,0,1,0,0,1,1,0,0,1,1,1,1,1,0,1,1,1,0,1,1,0,0,0,0,1,1,0,1,1,0,0,1,0,0,0,0,0.3333333333333333,307.900990282152,1
88,0,0,1,1,1,1,1,1,0,1,1,0,0,1,0,0,1,0,0,1,1,1,0,0,1,1,1,0,0,0,0,1,0,0,0,1,0,0,1,1,0,1,1,1,1,0,0,1,0,1,1,1,1,1,0.37037037037037035,467.7761243363125,1
89,0,0,0,1,1,1,1,1,0,1,1,1,0,1,0,0,1,0,1,0,1,1,0,1,1,1,0,0,0,0,0,1,1,0,0,0,0,0,1,1,1,1,0,1,1,0,0,1,0,1,1,1,1,1,0.3333333333333333,480.8342260229823,1
90,0,0,1,1,1,1,1,1,0,1,1,1,0,1,0,0,1,0,0,0,1,1,0,0,1,1,0,0,0,0,0,1,0,0,0,0,1,0,1,1,0,1,1,1,1,0,0,1,0,1,1,1,1,1,0.3888888888888889,416.9506927895256,1
91,1,0,0,0,1,1,1,1,0,0,1,1,0,0,0,0,1,1,0,0,1,1,0,0,1,1,0,0,0,0,0,1,1,0,0,1,0,0,1,1,0,1,0,1,0,1,0,1,0,0,1,1,1,1,0.3148148148148148,468.18615920279854,1
92,0,0,0,0,1,1,1,1,0,0,1,1,0,1,0,0,1,0,0,0,1,1,0,0,1,1,0,0,0,0,0,1,0,0,0,1,1,0,1,1,0,1,1,1,1,0,0,1,0,0,1,1,1,1,0.35185185185185186,558.4621680036354,1
93,0,1,1,1,0,0,0,0,1,0,1,0,1,0,1,1,0,1,0,1,0,0,1,1,0,0,1,0,1,1,1,0,1,1,1,0,1,1,0,0,1,0,1,1,0,1,1,0,1,0,0,0,0,0,0.35185185185185186,420.34234944136693,1
94,0,0,0,1,1,1,1,1,0,0,1,1,0,1,0,0,1,1,1,1,1,1,0,0,1,1,0,0,0,0,0,1,1,0,0,1,0,0,1,1,0,1,1,1,1,0,0,1,0,1,1,1,1,1,0.35185185185185186,576.2551420471332,1
95,0,1,0,0,1,1,1,1,0,0,1,1,0,1,0,0,1,0,1,0,1,1,0,1,1,1,0,0,0,0,1,1,0,0,0,1,0,0,1,1,0,1,1,1,1,0,0,1,0,0,1,1,1,1,0.35185185185185186,436.930602495497,1
96,0,1,0,0,0,0,0,0,1,0,0,1,1,0,1,1,0,0,0,1,0,0,1,1,0,0,1,1,1,1,0,0,1,1,1,0,0,1,1,0,1,0,1,1,0,1,0,0,0,1,0,0,0,0,0.2777777777777778,294.7143214889221,1
97,0,0,0,1,1,1,1,1,0,1,1,1,0,1,0,0,1,0,0,0,1,1,0,0,1,1,0,0,0,0,0,1,1,0,0,0,1,0,1,1,0,1,1,1,1,0,0,1,0,0,1,1,1,1,0.3888888888888889,500.0266510739201,1
98,1,0,1,0,1,1,1,1,0,1,1,1,0,0,0,0,1,0,0,0,1,1,0,0,1,1,0,0,0,0,1,1,1,0,0,0,0,0,1,1,0,1,1,1,1,0,0,1,0,0,1,1,1,1,0.35185185185185186,487.00691006591836,1
99,0,0,1,1,1,1,1,1,1,1,1,1,0,1,0,0,1,0,0,0,1,1,0,0,1,1,0,0,0,0,0,1,1,0,0,0,0,0,1,1,0,1,1,1,1,0,0,1,1,1,1,1,1,1,0.35185185185185186,505.764825227172,1
