,0,1,2,3,4,5,6,7,8,9,10,11,12,13,14,15,16,17,18,19,20,21,22,23,24,25,26,27,28,29,30,31,32,33,34,35,36,37,38,39,40,41,42,43,44,45,46,47,48,49,50,51,52,53,chain_break_fraction,energy,num_occurrences
0,1,0,0,0,1,0,1,0,0,0,0,1,0,0,0,0,0,1,0,1,1,1,1,1,0,0,0,0,0,1,0,0,1,0,0,0,1,0,1,1,1,0,1,0,1,1,1,0,0,0,0,0,1,0,0.24074074074074073,264.26867109313224,1
1,0,1,0,0,1,0,1,0,0,0,1,1,0,0,0,0,0,1,1,1,1,1,1,1,0,0,0,1,0,1,0,0,1,0,0,0,0,0,1,1,1,0,1,0,1,1,1,0,0,0,0,0,1,0,0.2962962962962963,281.10706975056524,1
2,1,0,0,0,1,0,1,0,0,0,1,1,0,0,0,0,0,1,1,1,1,1,1,1,0,0,0,1,0,1,0,0,1,0,0,0,1,0,0,1,1,0,1,0,1,1,1,0,1,0,0,0,1,0,0.2777777777777778,247.75660334629723,1
3,1,0,0,0,1,0,1,0,0,0,0,1,0,0,0,0,0,1,1,1,1,1,1,1,0,0,0,1,0,1,0,0,1,0,0,0,1,0,0,1,1,0,1,0,1,1,1,0,1,0,0,0,1,0,0.2222222222222222,227.05932429265616,1
4,0,0,0,0,1,0,1,0,0,0,0,1,0,0,0,0,0,1,1,1,1,1,1,1,0,0,0,1,0,1,0,0,1,0,0,0,1,0,1,1,1,0,1,0,1,1,0,1,0,0,0,0,1,0,0.2037037037037037,310.5018148567322,1
5,0,0,0,0,1,0,1,0,0,0,1,1,0,0,0,0,0,1,0,1,1,1,1,1,0,1,0,0,0,1,0,0,1,0,0,0,1,0,1,1,1,0,1,0,1,1,1,1,0,0,0,0,1,0,0.25925925925925924,321.9960832516773,1
6,0,0,0,0,1,0,1,0,0,0,0,1,0,0,0,0,0,1,1,1,1,1,1,1,0,0,0,0,0,1,0,0,1,0,0,0,0,0,0,1,1,0,0,0,1,1,1,0,0,0,0,0,1,0,0.25925925925925924,237.7919436519933,1
7,0,0,0,0,1,0,1,0,0,0,1,0,0,0,0,0,0,1,1,1,0,1,1,1,0,0,0,1,0,1,0,0,1,0,0,0,1,0,0,1,1,0,1,0,1,1,1,0,0,0,0,0,1,0,0.25925925925925924,216.66118844074194,1
8,0,0,0,0,1,0,1,0,0,0,1,1,0,0,0,0,0,1,1,1,1,1,1,1,0,0,0,0,0,1,0,0,1,0,0,0,1,0,1,1,1,0,1,0,1,1,1,1,0,0,0,0,1,0,0.25925925925925924,317.551266957514,1
9,0,0,0,0,1,0,1,0,0,0,0,0,0,0,0,0,0,1,1,1,1,1,1,1,0,0,0,1,0,1,0,0,1,0,0,0,0,0,1,1,1,0,1,0,1,0,1,0,1,0,0,0,1,0,0.24074074074074073,266.14360011338056,1
10,1,0,0,0,1,0,1,0,0,0,1,1,0,0,0,0,0,1,1,1,0,1,1,1,0,1,0,0,0,1,0,0,1,0,0,0,0,0,0,1,1,0,1,0,1,1,1,0,0,0,0,0,1,0,0.2962962962962963,248.44246977965477,1
11,0,0,0,0,1,0,1,0,0,0,0,1,0,0,0,0,0,1,1,1,1,1,1,1,0,0,0,0,0,1,0,0,1,0,0,0,1,0,1,1,1,0,1,0,1,1,1,1,0,0,0,0,1,0,0.25925925925925924,333.1031212555787,1
12,0,1,0,0,1,0,1,0,0,0,0,0,0,0,0,0,0,1,1,1,1,1,1,1,0,0,0,0,0,1,0,0,1,0,0,0,1,0,0,1,1,0,0,0,1,1,1,0,1,0,0,0,1,0,0.25925925925925924,202.33397321771056,1
13,0,0,0,0,1,0,1,0,0,0,1,1,0,0,0,0,0,1,1,1,1,1,0,1,0,0,0,1,0,1,0,0,1,0,1,0,1,0,0,1,1,0,1,0,1,1,1,0,1,0,0,0,1,0,0.2777777777777778,226.6723177211301,1
14,0,1,0,0,1,0,1,0,0,0,1,1,0,0,0,0,0,1,0,1,1,1,1,1,0,0,0,0,1,1,0,0,1,0,0,0,1,0,0,1,1,0,1,0,1,1,1,0,0,0,0,0,1,0,0.2962962962962963,263.8577469514486,1
15,0,1,0,0,0,0,1,0,0,0,1,1,0,0,0,0,0,1,1,1,1,1,0,1,0,1,0,1,0,1,0,0,1,0,0,0,1,0,0,0,1,0,1,0,1,1,1,0,1,0,0,0,1,0,0.2222222222222222,246.12954452568155,1
16,0,0,0,0,1,0,1,0,0,0,0,1,0,0,0,0,0,1,0,1,1,1,1,1,0,0,0,1,0,1,0,0,1,0,0,0,0,0,0,1,1,0,1,0,1,1,1,0,0,0,0,0,1,0,0.25925925925925924,220.98394838903639,1
17,1,1,0,0,1,0,1,0,0,0,0,1,1,0,0,0,0,1,1,1,1,1,0,1,0,0,0,1,0,1,0,0,1,0,0,0,1,0,0,1,1,0,1,0,1,0,1,0,0,0,0,0,1,0,0.25925925925925924,253.40652208109975,1
18,0,0,0,0,1,0,1,0,0,0,1,1,0,0,0,0,0,1,1,1,1,1,1,1,1,1,0,0,0,1,0,0,1,0,0,0,1,0,1,1,1,0,0,0,1,1,1,1,1,0,0,0,1,0,0.2777777777777778,312.5053697809198,1
19,1,0,0,0,1,0,1,0,0,0,1,1,0,0,0,0,0,1,0,1,1,1,0,1,0,0,0,0,0,1,0,0,1,0,0,0,1,0,1,1,1,0,1,0,1,1,1,0,0,0,0,0,1,0,0.2962962962962963,262.37123611863984,1
20,1,1,0,1,1,0,1,0,0,0,1,1,0,0,0,0,0,1,1,1,1,1,1,1,0,1,0,0,1,1,0,0,1,0,0,0,1,0,0,1,1,0,1,0,1,1,1,0,1,0,0,0,1,0,0.24074074074074073,336.0517332435225,1
21,1,0,0,0,1,0,1,0,0,0,1,1,0,0,0,0,0,1,1,1,0,1,0,1,0,0,0,0,0,1,0,0,1,0,0,0,1,0,0,1,1,0,1,0,1,1,1,1,0,0,0,0,1,0,0.2777777777777778,267.0912598569457,1
22,0,1,0,0,1,0,1,0,0,0,1,1,0,0,0,0,0,1,1,1,1,1,1,1,0,0,0,1,0,1,0,0,1,0,0,0,0,0,0,1,1,0,0,0,1,1,1,1,1,0,0,0,1,0,0.24074074074074073,271.72644184206797,1
23,0,0,0,0,0,0,1,0,0,0,0,0,0,0,0,0,0,1,1,1,1,1,1,1,1,0,0,1,0,1,0,0,1,0,0,0,0,0,1,1,1,0,1,0,1,1,1,0,0,0,0,0,1,0,0.2777777777777778,282.32135317190966,1
24,1,0,0,0,1,0,1,0,0,1,1,0,0,0,0,0,0,1,1,1,1,1,1,1,0,0,0,0,1,1,0,0,1,0,0,0,1,0,0,1,1,0,1,0,1,1,1,0,1,0,0,0,1,0,0.2222222222222222,214.2494308380844,1
25,0,0,0,0,0,0,1,0,0,0,0,1,0,0,0,0,0,1,0,1,1,1,0,1,0,0,0,0,0,1,0,0,1,0,0,0,1,0,1,1,1,0,0,0,1,1,0,0,0,0,0,0,1,0,0.2777777777777778,242.78720087570198,1
26,0,1,0,0,1,0,1,0,0,0,1,1,0,0,0,0,0,1,0,1,1,1,0,1,0,0,0,0,0,1,0,0,1,0,0,0,1,0,1,1,1,0,1,0,1,1,1,0,0,0,0,0,1,0,0.3148148148148148,266.57139563391326,1
27,0,0,0,0,1,0,1,0,0,0,0,1,0,0,0,0,0,1,1,1,1,1,1,1,1,0,0,0,0,1,0,0,1,0,0,0,1,0,0,1,1,0,1,0,1,1,1,0,0,0,0,0,1,0,0.2962962962962963,236.91864453563412,1
28,0,0,0,0,1,0,1,0,0,1,0,0,0,0,0,0,0,1,1,1,1,1,0,1,0,0,0,1,0,1,0,0,1,0,0,0,1,0,0,1,1,0,1,0,1,1,0,1,0,0,0,0,1,0,0.2037037037037037,250.61813364973602,1
29,0,0,0,0,1,0,1,0,0,0,1,1,0,0,0,0,0,1,1,1,1,1,1,1,0,0,0,0,0,1,0,0,1,0,0,0,1,0,0,1,1,0,1,0,1,1,0,0,0,0,0,0,1,0,0.2777777777777778,272.98212824711936,1
30,0,0,0,0,1,0,1,0,0,0,1,0,0,0,0,0,0,1,1,1,1,0,1,1,0,0,0,1,0,1,0,0,1,0,0,0,1,0,0,1,1,0,0,0,1,1,0,0,0,0,0,0,1,0,0.2777777777777778,192.66180176002277,1
31,0,0,0,0,1,0,1,0,0,0,1,1,0,0,0,0,0,1,0,1,1,1,1,1,0,1,0,0,0,1,0,0,1,0,0,0,0,0,0,0,1,0,0,0,1,1,1,0,0,0,0,0,1,0,0.2962962962962963,319.4492140984892,1
32,0,1,0,0,1,0,1,0,0,0,1,1,0,0,0,0,0,1,1,1,0,1,1,1,0,0,0,0,0,1,0,0,1,0,0,0,1,0,0,1,1,0,1,0,1,1,1,0,1,0,0,0,1,0,0.3148148148148148,226.14856898021347,1
33,0,1,0,0,0,0,1,0,0,0,1,1,0,0,0,0,0,1,1,1,1,1,1,1,0,0,0,0,0,1,0,0,1,0,0,0,0,0,0,1,1,0,1,0,1,1,1,0,1,0,0,0,1,0,0.2962962962962963,252.32234982280252,1
34,1,1,0,0,1,0,1,0,0,0,0,0,0,0,0,0,0,1,1,1,1,1,1,1,0,0,0,1,0,1,0,0,1,0,0,0,1,0,0,0,1,0,1,0,1,1,1,0,0,0,0,0,1,0,0.2962962962962963,213.95383194685067,1
35,0,0,0,0,1,0,1,0,0,0,1,1,0,0,1,0,0,1,1,1,1,1,1,1,0,1,0,0,0,1,0,0,1,0,0,0,0,0,1,1,1,0,1,0,1,1,1,0,1,0,0,0,1,0,0.25925925925925924,356.0592579635244,1
36,0,1,0,0,0,0,1,0,0,0,1,0,0,0,0,0,0,1,0,1,1,1,1,1,0,0,0,0,0,1,0,0,1,0,0,0,1,0,1,1,1,0,1,0,1,1,1,0,1,0,0,0,1,0,0.25925925925925924,283.8986713554275,1
37,1,0,0,0,1,0,1,0,0,0,0,1,0,0,0,0,0,1,0,1,0,0,1,1,1,1,0,1,0,0,0,0,1,0,0,0,1,0,1,1,1,0,1,0,1,1,1,0,0,0,0,0,1,0,0.2777777777777778,231.01194801869602,1
38,1,1,0,0,1,0,1,0,0,0,1,1,0,0,0,0,0,1,0,1,1,1,1,1,0,0,0,1,0,1,0,0,1,0,0,0,1,0,1,1,1,0,0,0,1,1,1,0,1,0,0,0,1,0,0.3333333333333333,284.1092773938539,1
39,0,1,0,0,1,0,1,0,0,0,1,1,0,0,0,0,0,1,0,1,1,1,1,1,0,0,0,1,0,1,0,0,1,0,0,0,0,0,0,1,1,0,1,0,1,0,1,0,0,0,0,0,1,0,0.2777777777777778,288.5179174264958,1
40,0,0,0,0,1,0,1,0,0,0,1,0,0,0,0,0,1,1,1,1,1,1,1,1,0,0,0,0,0,1,0,0,1,0,0,0,1,0,0,1,1,0,0,0,1,1,1,0,1,0,0,0,1,0,0.2962962962962963,215.39281727366242,1
41,0,0,0,0,1,0,1,0,0,0,1,1,0,0,0,0,0,1,0,1,1,1,0,1,0,1,0,0,1,1,0,0,1,0,0,0,0,0,0,1,1,0,1,0,1,1,1,0,0,0,0,0,1,0,0.24074074074074073,241.1377102704179,1
42,1,0,0,0,1,0,1,0,0,0,0,1,1,0,0,0,0,1,1,1,1,1,1,1,0,0,0,0,0,1,0,0,1,0,0,0,1,0,1,1,1,0,0,0,1,1,1,1,1,0,0,0,1,0,0.24074074074074073,312.9757304208888,1
43,0,0,0,0,1,0,1,0,0,0,1,0,0,0,0,0,0,1,0,1,1,1,1,1,0,0,0,0,0,1,0,0,1,0,0,0,0,0,1,1,1,0,1,0,1,1,1,1,1,0,0,0,1,0,0.2962962962962963,363.31043473112646,1
44,0,1,0,1,1,0,1,0,0,0,1,1,0,0,0,0,0,1,0,1,1,1,1,1,0,0,0,1,0,1,0,0,1,0,0,0,0,0,0,1,1,0,0,0,1,1,1,0,0,0,0,0,1,0,0.2222222222222222,308.5830725130929,1
45,0,0,0,0,1,0,1,0,0,0,1,0,0,0,0,0,0,1,1,1,0,0,1,1,0,0,0,1,0,1,0,0,1,0,0,0,1,0,0,1,1,0,1,0,1,1,1,0,1,0,0,0,1,0,0.2962962962962963,240.36651766715195,1
46,0,0,0,0,1,0,1,0,0,0,1,1,0,0,0,0,0,1,1,1,1,1,1,1,1,0,0,0,0,1,0,0,1,0,0,0,1,0,1,1,1,0,0,0,1,1,1,1,0,0,0,0,1,0,0.2962962962962963,303.61375199029055,1
47,0,0,0,0,1,0,1,0,0,0,0,1,0,0,0,0,0,1,0,1,1,1,1,1,1,0,0,1,0,1,0,0,1,0,0,0,1,0,1,1,1,0,1,0,1,1,0,0,1,0,0,0,1,0,0.2777777777777778,255.55840666708022,1
48,0,0,0,0,1,0,1,0,0,0,1,1,0,0,0,0,0,1,1,1,0,1,1,1,0,0,0,1,0,1,0,0,1,0,0,0,0,0,0,0,1,0,0,0,1,1,1,0,1,0,0,1,1,0,0.2777777777777778,208.05981406482752,1
49,1,0,0,0,1,0,1,0,0,0,1,1,0,0,1,0,0,1,1,1,1,1,1,1,0,0,0,0,0,0,0,0,1,0,0,0,1,0,0,1,1,0,1,0,1,1,1,1,0,0,0,0,1,0,0.2962962962962963,383.13742914814156,1
50,1,0,0,1,0,0,1,0,0,0,1,1,0,0,0,0,0,1,0,1,1,1,1,1,1,0,0,1,0,1,0,0,1,0,0,0,1,0,0,1,1,0,1,0,1,1,1,0,0,0,0,0,1,0,0.2222222222222222,248.29333567437183,1
51,1,0,0,0,1,0,1,0,0,0,0,0,1,0,0,0,0,1,0,1,0,1,0,1,0,1,0,0,0,1,0,0,1,0,0,0,0,0,0,0,1,0,1,0,1,1,1,0,1,0,0,0,1,0,0.2222222222222222,194.63310660044337,1
52,0,0,0,0,1,0,1,0,0,0,1,1,0,0,0,0,0,1,1,1,1,1,1,1,0,0,0,1,0,1,0,0,1,0,0,0,0,0,1,1,1,0,1,0,1,1,1,0,1,0,0,0,1,0,0.3333333333333333,261.6225055326628,1
53,0,0,0,0,1,0,1,0,0,0,0,0,0,0,0,0,0,1,1,1,1,1,0,1,0,0,0,1,0,1,0,0,1,1,0,0,0,0,0,0,1,0,1,0,1,1,1,0,0,0,0,0,1,0,0.25925925925925924,198.70673503872698,1
54,1,0,0,0,1,0,1,0,0,0,1,1,0,0,0,0,0,1,1,1,1,0,1,1,0,0,0,0,0,1,0,0,1,0,1,0,1,0,0,1,1,0,1,0,1,1,0,0,1,0,0,0,1,0,0.3333333333333333,237.02793382582874,1
55,0,0,0,0,1,0,1,0,0,0,0,0,0,0,0,0,0,1,1,1,0,1,0,1,0,0,0,0,0,1,0,0,1,0,0,0,0,0,0,1,1,0,1,0,1,1,0,0,0,0,0,0,1,0,0.2962962962962963,185.94686730118346,1
56,0,0,0,0,1,0,1,0,0,1,0,1,0,0,0,0,0,1,0,1,0,1,1,1,1,0,0,1,0,1,1,0,1,0,0,0,0,0,0,0,1,0,1,0,1,1,1,0,1,0,0,0,1,0,0.2037037037037037,213.9755917198631,1
57,1,0,0,0,1,0,1,0,0,0,1,0,0,0,0,0,0,1,1,1,1,1,1,1,0,0,0,0,0,1,0,0,1,1,0,0,1,0,0,1,1,0,1,0,1,1,1,0,0,0,0,0,1,0,0.3148148148148148,204.53948759380998,1
58,0,0,0,0,1,0,1,0,0,0,0,1,0,0,0,0,0,1,1,1,0,1,0,1,0,0,0,1,0,1,0,0,1,0,0,0,0,0,1,1,1,0,1,0,1,1,0,0,1,0,0,0,1,0,0.2037037037037037,277.33096409163045,1
59,1,0,0,0,0,0,1,0,0,0,1,1,0,0,0,0,0,1,0,1,1,1,1,1,0,0,0,0,1,1,0,0,1,0,0,0,0,0,0,1,1,0,0,0,1,1,1,1,0,0,0,1,1,0,0.2777777777777778,272.35962898854103,1
60,1,0,0,0,1,0,1,0,0,0,0,0,0,0,0,0,1,1,0,1,1,0,1,1,0,0,0,0,0,1,0,0,1,0,0,0,1,0,1,1,1,0,0,0,1,1,1,0,1,0,0,0,1,0,0.24074074074074073,267.8289892788796,1
61,0,0,0,1,0,0,1,0,0,0,0,0,0,0,1,0,0,1,1,1,1,1,0,1,0,0,0,1,1,1,0,0,1,0,0,0,1,0,0,1,1,0,1,0,1,1,0,0,1,0,0,0,1,0,0.2777777777777778,230.2253514087723,1
62,1,0,0,0,1,0,1,0,0,0,0,1,0,0,0,0,0,1,0,1,1,0,1,1,0,0,0,1,0,1,0,0,1,0,0,0,1,0,1,1,0,0,1,0,1,1,1,0,1,0,0,0,1,0,0.2222222222222222,256.1544401309129,1
63,1,0,0,0,1,0,1,0,0,0,1,1,0,0,0,0,0,1,0,1,0,1,1,1,0,0,0,0,0,1,0,0,1,0,0,0,0,0,1,1,1,0,1,0,1,1,1,0,0,0,0,1,1,0,0.25925925925925924,275.025662689713,1
64,1,0,0,0,0,0,1,0,0,0,1,0,0,0,0,0,0,1,1,1,1,1,1,1,0,0,0,0,0,1,0,0,1,0,0,0,1,0,1,1,1,0,1,0,1,1,0,0,1,0,0,1,1,0,0.2962962962962963,255.33271704852032,1
65,0,0,0,0,1,0,1,0,0,0,1,0,0,0,0,0,0,1,1,1,0,0,1,1,0,0,0,0,0,1,0,0,1,0,0,0,1,0,0,0,1,0,0,0,1,1,1,0,1,0,0,0,1,0,0.25925925925925924,189.62535413925067,1
66,1,0,0,0,1,0,1,0,0,0,1,1,0,0,0,0,0,1,1,1,1,1,1,1,0,1,0,0,0,1,0,0,1,0,0,0,1,0,0,1,1,0,1,0,1,1,0,0,0,0,0,0,1,0,0.37037037037037035,347.9085800472698,1
67,0,1,0,0,0,0,1,0,0,1,1,0,0,0,0,0,0,1,1,1,1,0,1,1,0,0,0,0,0,1,0,0,1,0,0,0,1,0,0,1,1,0,1,0,1,1,0,0,1,0,0,0,1,0,0.25925925925925924,195.9638657790475,1
68,0,0,0,1,1,0,1,0,0,0,0,1,0,0,0,0,0,1,1,1,1,1,1,1,1,0,0,0,0,1,0,0,1,0,0,0,1,0,0,1,0,0,1,0,1,1,1,0,0,0,0,0,1,0,0.25925925925925924,269.08483936968616,1
69,1,0,0,0,1,0,1,0,0,0,1,1,0,0,0,0,0,1,1,1,1,1,0,1,0,0,0,0,0,1,0,0,1,0,0,0,1,0,0,1,1,0,0,0,1,1,1,1,0,0,0,1,1,0,0.2962962962962963,253.10195404231877,1
70,1,0,0,0,0,0,1,0,0,1,1,1,0,0,0,0,0,1,1,1,1,1,1,1,0,1,0,0,1,1,0,0,1,0,0,0,1,0,0,1,1,0,1,0,1,1,1,0,0,0,0,1,1,0,0.25925925925925924,266.7820496510036,1
71,1,0,0,1,1,0,0,0,0,0,1,0,0,0,0,0,0,1,1,1,1,0,1,1,0,0,0,1,0,1,0,0,1,0,0,0,1,0,0,1,1,0,0,0,1,1,1,1,0,0,0,0,1,0,0.24074074074074073,246.8347178371726,1
72,0,0,0,0,1,0,1,0,0,0,1,1,0,0,0,0,0,1,0,1,1,0,1,1,0,0,0,0,0,1,0,0,1,0,0,0,1,0,1,1,1,0,1,0,1,1,1,0,1,0,0,0,1,0,0.2962962962962963,269.27774057505474,1
73,0,0,0,0,1,0,1,0,0,0,1,1,0,0,0,0,0,1,0,1,1,1,1,1,0,0,0,1,0,1,0,0,1,0,0,0,1,0,1,1,1,0,0,0,1,1,0,0,1,0,0,0,1,0,0.25925925925925924,254.43998136678474,1
74,1,0,0,0,1,0,1,0,0,0,0,1,0,0,0,0,0,1,0,1,1,1,1,1,0,0,0,1,0,1,0,0,1,0,0,0,0,0,0,1,1,0,1,0,1,1,1,0,1,0,0,0,1,0,0.3333333333333333,223.503495847444,1
75,0,1,1,1,0,1,0,1,1,1,1,0,1,1,1,0,1,0,1,0,0,0,0,0,1,1,1,1,1,0,1,1,0,1,1,1,0,1,0,0,0,1,0,1,0,0,0,0,1,1,1,1,0,1,0.2962962962962963,386.04228824223895,1
76,0,0,0,0,1,0,1,0,0,0,1,0,0,0,0,0,0,1,1,1,1,1,1,1,0,0,0,0,0,1,0,0,1,0,0,0,1,0,0,1,1,0,0,0,1,1,0,0,0,0,0,0,1,0,0.35185185185185186,205.87322397566194,1
77,0,0,0,0,1,0,1,0,0,0,1,0,0,0,0,0,0,1,0,1,0,0,1,1,0,0,0,0,0,1,0,0,1,0,0,0,1,0,1,0,1,0,0,0,1,1,0,0,1,0,0,0,1,0,0.24074074074074073,258.28939889322476,1
78,0,0,0,0,1,0,1,0,0,1,1,1,0,0,0,0,0,1,0,1,1,1,1,1,0,0,0,0,1,1,0,0,1,0,0,0,1,0,1,0,1,0,1,0,1,1,1,0,1,0,0,0,1,0,0.2962962962962963,276.94415432337183,1
79,0,1,0,0,1,0,1,0,0,0,1,1,0,0,0,0,0,1,1,1,1,0,1,1,0,0,0,0,0,1,0,0,1,0,0,0,0,0,0,1,1,0,1,0,1,1,0,0,0,0,0,0,1,0,0.2777777777777778,315.13263179283155,1
80,0,0,0,0,1,0,1,0,0,0,0,0,0,0,0,0,0,1,1,1,0,1,1,1,0,0,0,1,0,1,0,0,1,0,0,0,1,0,0,1,1,0,1,0,1,1,1,0,0,0,0,0,1,0,0.2962962962962963,240.13802338978425,1
81,0,0,0,0,1,0,1,0,0,0,1,1,0,0,0,0,0,1,0,1,1,1,1,1,0,0,0,0,0,1,0,0,1,0,0,0,1,0,1,1,1,0,0,0,1,1,1,0,1,0,0,1,1,0,0.3888888888888889,268.1203538795038,1
82,0,0,0,0,1,0,1,0,0,0,1,0,0,0,0,0,0,1,0,1,1,0,1,1,1,0,0,1,0,1,0,0,1,1,0,0,0,0,1,0,1,0,1,0,1,1,1,0,0,0,0,0,1,0,0.24074074074074073,258.758229939547,1
83,0,0,0,0,1,0,1,0,0,0,1,1,0,0,0,1,0,1,1,1,0,1,1,1,0,0,0,0,0,1,0,0,1,0,0,0,0,0,1,1,1,0,0,0,1,1,1,0,1,0,0,0,1,0,0.25925925925925924,250.30848097044057,1
84,1,0,1,1,0,1,0,1,1,0,1,0,1,1,1,1,1,0,0,0,0,0,0,0,1,1,1,0,0,0,1,1,0,1,0,1,0,1,0,0,0,1,1,1,0,0,0,1,1,1,1,1,0,1,0.24074074074074073,380.71198962411864,1
85,1,1,1,1,0,1,0,1,1,1,1,0,1,1,0,1,1,0,1,0,0,0,0,0,1,1,1,0,1,0,1,1,0,1,1,1,0,1,0,1,0,1,0,1,0,0,0,1,1,1,1,1,0,1,0.2962962962962963,392.6355038316822,1
86,1,1,1,1,0,1,0,1,1,1,0,0,1,1,1,0,1,0,1,0,0,0,0,0,1,1,1,0,1,0,1,1,0,1,1,1,0,1,0,0,0,1,0,1,0,0,0,0,1,1,1,1,0,1,0.24074074074074073,377.43705995971106,1
87,0,1,0,0,1,0,1,0,0,0,1,1,1,0,0,0,0,1,1,1,1,1,0,1,0,0,0,0,0,1,1,0,1,0,1,0,1,0,0,1,1,0,1,0,1,1,1,0,0,0,0,0,1,0,0.35185185185185186,246.67967538332763,1
88,0,0,0,1,0,0,1,0,0,0,1,0,0,0,1,0,1,1,1,1,1,1,1,1,0,0,0,0,0,1,0,0,1,0,0,0,1,0,0,1,1,0,1,0,1,1,0,0,1,0,0,0,1,0,0.3148148148148148,289.75760048219166,1
89,1,1,1,1,0,1,0,1,1,0,0,0,1,1,1,1,1,0,1,0,0,0,0,0,1,1,1,0,1,0,1,1,0,1,1,1,0,1,0,0,0,1,1,1,0,0,0,0,1,1,1,1,0,1,0.3148148148148148,376.8588406730096,1
90,1,1,1,1,1,1,0,1,1,1,1,0,0,1,1,1,1,0,0,0,0,0,0,0,1,1,1,0,1,0,0,1,0,0,1,1,0,1,0,0,0,1,1,1,0,0,0,1,0,1,1,1,0,1,0.25925925925925924,435.0405428079891,1
91,1,0,0,0,1,0,1,0,0,0,0,1,0,0,0,1,0,1,1,1,1,1,0,1,0,0,0,1,0,1,0,0,1,0,0,0,1,0,0,1,1,0,0,0,1,1,1,0,0,0,0,0,1,0,0.3148148148148148,224.74092258798933,1
92,1,1,1,1,0,1,0,1,1,1,0,0,1,1,1,1,1,0,1,0,0,1,0,0,0,1,1,0,1,0,1,1,0,1,1,1,0,1,0,0,0,1,1,1,0,0,0,1,1,1,1,1,0,1,0.3148148148148148,408.72971764728595,1
93,0,1,1,1,1,1,0,1,1,1,1,0,1,1,1,1,1,0,1,0,0,0,0,0,1,1,1,0,0,0,1,1,0,1,1,1,0,1,1,0,0,1,0,1,0,0,0,1,1,1,1,1,0,1,0.3148148148148148,448.75206787706225,1
94,1,1,1,1,0,1,0,1,1,0,0,0,0,1,1,1,1,0,1,0,0,0,0,0,1,1,1,0,1,0,1,1,0,1,1,1,0,1,0,0,0,1,0,1,0,0,0,1,1,1,1,1,0,1,0.35185185185185186,401.32226060659116,1
95,0,1,0,0,1,0,1,0,0,0,0,0,1,0,0,0,1,1,1,1,0,0,1,0,0,1,0,0,0,0,0,0,1,0,1,0,0,0,1,1,1,0,0,0,1,0,0,0,1,0,0,0,1,0,0.18518518518518517,174.31403546508483,1
96,0,1,1,1,0,1,0,1,1,0,0,0,1,1,1,1,1,0,1,0,0,0,0,0,1,1,1,0,0,0,1,1,0,1,1,1,0,1,1,0,0,1,0,1,0,0,0,0,0,1,1,1,1,1,0.3148148148148148,402.5846041577856,1
97,0,0,0,0,1,0,1,0,0,0,1,0,0,0,0,0,1,1,1,1,1,1,0,1,0,0,0,0,1,0,0,0,1,0,0,0,1,0,0,0,1,0,1,0,1,1,0,0,1,0,0,1,1,0,0.35185185185185186,192.1465566799561,1
98,0,0,1,1,0,1,0,1,1,1,0,0,1,1,1,0,1,0,1,0,0,0,1,0,1,1,1,0,1,0,0,1,0,1,1,1,0,1,1,0,0,1,1,1,0,0,0,0,0,1,1,0,0,1,0.2962962962962963,386.9106938496575,1
99,0,1,1,1,0,1,0,1,1,1,0,0,0,1,1,0,1,0,1,0,0,0,0,0,1,1,1,0,1,0,1,1,0,1,0,1,0,1,0,0,1,1,0,1,0,0,0,0,1,1,1,1,0,1,0.35185185185185186,358.62994266334977,1
