,0,1,2,3,4,5,6,7,8,9,10,11,12,13,14,15,16,17,18,19,20,21,22,23,24,25,26,27,28,29,30,31,32,33,34,35,chain_break_fraction,energy,num_occurrences
0,1,1,0,0,1,1,0,1,0,0,0,0,0,0,1,1,0,1,1,1,0,0,1,0,0,0,1,0,1,0,1,0,0,1,0,1,0.25,14.084574553946432,1
1,1,1,0,0,1,1,0,1,0,0,0,0,0,0,1,1,1,1,1,1,0,0,1,0,0,0,1,0,1,0,1,0,0,1,0,1,0.2777777777777778,15.552367827796001,1
2,1,1,0,0,1,1,0,1,0,0,0,0,0,0,1,1,1,1,1,1,0,0,1,0,0,0,1,0,1,0,1,0,0,1,1,1,0.2777777777777778,15.57740853379682,1
3,1,1,0,0,1,1,0,1,0,0,0,0,0,0,1,1,1,1,1,1,0,0,1,0,1,0,1,0,1,0,1,0,0,1,0,1,0.3333333333333333,14.710634158514672,1
4,1,1,0,0,1,1,0,1,0,0,0,0,0,0,1,1,0,1,1,1,0,0,1,0,1,0,1,0,1,0,1,0,0,1,1,1,0.3611111111111111,15.62564833343312,1
5,1,1,0,0,1,1,0,1,0,0,0,0,0,0,1,1,1,1,1,1,0,0,1,0,1,0,1,0,1,0,1,0,0,1,0,1,0.2777777777777778,14.710634158514672,1
6,1,1,0,0,1,1,0,1,0,0,1,0,0,0,1,1,0,1,1,1,1,0,1,0,0,0,1,0,1,0,1,0,0,1,0,1,0.2777777777777778,14.688401625865563,1
7,1,1,0,0,1,1,0,1,0,0,0,0,0,0,1,1,0,1,1,1,0,0,1,0,0,0,1,0,1,0,1,0,0,1,1,1,0.2222222222222222,14.776973475037838,1
8,1,1,0,0,1,1,0,0,0,0,0,0,0,0,1,1,0,1,1,1,0,0,1,0,0,0,1,0,1,0,1,0,0,1,0,1,0.25,12.357500398854334,1
9,1,1,0,0,1,1,0,1,0,0,0,0,0,0,1,1,0,1,1,1,0,0,1,0,1,0,1,0,0,0,1,1,0,1,0,1,0.3055555555555556,15.662241931940798,1
10,1,1,0,0,1,1,0,1,0,0,1,0,0,0,1,1,1,1,1,1,0,0,1,0,1,0,1,0,1,0,1,0,0,1,1,1,0.3888888888888889,17.019002957376514,1
11,1,1,0,0,1,1,0,0,0,0,0,0,0,0,1,1,0,1,1,1,0,0,1,0,0,0,1,0,1,0,1,0,0,1,0,1,0.2222222222222222,12.357500398854334,1
12,1,1,0,0,1,1,0,1,0,0,1,0,0,0,1,1,1,1,1,1,0,0,1,0,1,0,1,0,1,0,1,0,0,1,0,1,0.25,16.713358483637766,1
13,1,1,0,0,1,1,0,1,0,0,0,0,0,0,1,1,1,1,1,1,1,0,1,0,0,0,1,0,1,0,1,0,0,1,1,0,0.25,13.059876531277968,1
14,1,1,0,0,1,1,0,1,0,0,0,0,0,0,1,1,0,1,1,1,0,0,1,0,1,0,1,0,0,0,1,0,0,1,0,1,0.3055555555555556,12.96432650303489,1
15,1,1,0,0,1,1,0,1,0,0,0,0,0,0,1,1,0,1,1,1,0,0,1,0,0,0,1,0,1,0,1,0,0,1,0,0,0.19444444444444445,14.699776711763628,1
16,1,1,0,0,1,1,0,1,0,0,1,0,0,0,1,1,0,1,1,1,0,0,1,0,1,0,1,0,1,0,1,0,0,1,1,1,0.3333333333333333,16.621783617471102,1
17,1,1,0,0,1,1,0,1,0,0,0,0,0,0,1,1,0,1,0,1,0,0,1,0,0,0,1,0,1,0,1,0,0,1,0,1,0.2222222222222222,14.057003322781298,1
18,1,1,0,0,1,1,0,0,0,0,0,0,0,0,1,1,0,1,1,1,0,0,1,0,0,0,1,0,0,0,1,1,0,1,0,1,0.25,14.777483188533882,1
19,1,1,0,0,1,1,0,1,0,0,0,0,0,0,1,1,1,1,1,1,1,0,1,0,0,0,1,0,1,0,1,0,0,1,1,1,0.3333333333333333,14.762392070600498,1
20,1,1,0,0,1,1,0,1,0,0,1,0,0,0,0,1,0,1,1,1,0,0,1,0,0,0,1,0,0,0,1,0,0,1,0,1,0.2777777777777778,13.84737353741366,1
21,1,1,0,0,1,1,0,1,0,0,0,0,0,0,1,1,1,1,1,1,0,0,1,0,1,0,1,0,1,0,1,0,0,1,0,1,0.3055555555555556,14.710634158514672,1
22,1,1,1,0,1,1,0,1,0,0,0,0,0,0,1,1,0,1,1,1,0,0,1,0,0,0,1,0,1,0,1,0,0,1,1,1,0.3055555555555556,15.229715026951112,1
23,1,1,0,0,1,1,0,1,0,0,0,0,0,0,1,1,0,1,1,1,0,0,1,0,0,0,1,0,1,0,1,0,0,1,0,1,0.3055555555555556,14.084574553946432,1
24,1,1,0,0,1,1,0,1,0,0,0,0,0,0,1,1,0,1,1,1,1,0,1,0,0,0,1,0,1,0,1,0,0,1,0,1,0.3055555555555556,13.185106114755666,1
25,1,1,0,0,1,1,0,1,0,0,1,0,0,0,0,1,0,1,1,1,0,0,1,0,1,0,1,0,1,0,1,0,0,1,0,1,0.3055555555555556,14.386833258473985,1
26,1,1,0,0,1,1,0,1,0,0,0,0,0,0,1,1,0,1,1,1,0,0,1,0,0,0,1,0,0,0,1,1,0,1,0,1,0.2777777777777778,15.200044517429838,1
27,1,1,0,0,1,1,0,1,0,0,1,0,0,0,1,1,0,1,1,1,0,0,1,0,0,0,1,0,1,0,1,0,0,1,0,1,0.3055555555555556,16.088171029231436,1
28,1,1,0,0,1,1,0,1,0,0,0,0,0,0,1,1,1,1,1,1,1,0,0,0,1,0,1,0,1,0,1,0,0,1,0,1,0.3611111111111111,15.740688112467666,1
29,1,1,0,0,1,1,0,1,0,0,0,0,0,0,1,1,0,1,1,1,1,0,0,0,0,0,1,0,0,0,1,0,0,1,0,1,0.2777777777777778,14.633858524137487,1
30,1,1,0,0,1,1,0,1,0,0,1,0,0,0,1,1,1,1,1,1,0,0,0,0,1,0,1,0,1,0,1,0,0,1,0,1,0.3333333333333333,19.918465262312935,1
31,1,1,0,0,1,1,0,1,0,0,1,0,0,0,1,1,1,1,1,1,0,0,1,0,1,0,1,0,1,0,1,0,0,1,0,1,0.3055555555555556,16.713358483637766,1
32,1,1,0,0,1,1,0,1,0,0,0,0,0,0,1,1,1,1,1,1,0,0,0,0,1,0,1,0,1,0,1,0,0,1,0,1,0.25,17.15254900365888,1
33,1,1,0,0,1,1,0,1,0,0,0,0,0,0,0,1,0,1,1,0,0,0,1,0,0,0,1,0,1,0,1,0,0,1,0,1,0.25,11.912332917087074,1
34,1,1,0,0,1,1,0,1,0,0,1,0,0,0,1,1,0,1,1,1,1,0,1,0,1,0,1,0,1,0,1,0,0,1,0,1,0.3333333333333333,14.98035439185238,1
35,1,1,0,0,1,1,0,1,0,0,1,0,0,0,1,1,0,1,1,1,1,0,1,0,1,0,1,0,1,0,1,0,0,1,1,1,0.3611111111111111,16.77957414434215,1
36,1,1,0,0,1,1,0,1,0,0,0,0,0,0,1,1,1,1,1,1,1,0,1,0,1,0,1,0,1,0,1,0,0,1,0,1,0.3611111111111111,13.800743498234379,1
37,1,1,0,0,1,1,0,1,0,0,1,0,0,0,1,1,0,1,1,1,0,0,1,0,1,0,1,0,1,0,1,0,0,1,1,1,0.3611111111111111,16.621783617471102,1
38,1,1,0,0,1,1,0,1,0,0,1,0,1,0,1,1,1,1,1,1,1,0,1,0,1,0,1,0,1,0,1,0,0,1,0,1,0.3055555555555556,18.037963659145024,1
39,1,1,0,0,1,1,0,1,0,0,0,0,0,0,1,1,1,1,1,1,0,0,1,0,1,0,1,0,1,0,1,0,0,1,0,1,0.3333333333333333,14.710634158514672,1
40,1,1,0,0,1,1,0,1,0,0,0,0,0,0,0,1,1,1,1,1,0,0,1,0,1,0,1,0,1,0,1,0,0,1,0,1,0.3055555555555556,13.929663898734013,1
41,1,1,0,0,1,1,0,1,0,0,0,0,0,0,0,1,0,1,1,1,0,0,1,0,0,0,1,0,1,0,1,0,0,1,0,1,0.25,13.301451141621417,1
42,1,1,0,0,1,1,0,1,0,0,1,0,1,0,1,1,0,1,1,1,1,0,1,0,1,0,1,0,1,0,1,0,0,1,1,1,0.4166666666666667,18.32388290620666,1
43,1,1,0,0,1,1,0,1,0,0,0,0,1,0,1,1,1,1,1,1,1,0,1,0,1,0,1,0,1,0,1,0,0,1,1,1,0.3611111111111111,17.15004652076108,1
44,1,1,0,0,1,1,0,1,0,0,0,0,0,0,1,1,0,1,1,1,0,0,1,0,1,0,1,0,1,0,1,0,0,1,0,1,0.3055555555555556,14.146137134733834,1
45,1,1,0,0,1,1,0,1,0,0,0,0,1,0,1,1,1,1,1,1,0,0,1,0,0,0,1,0,0,0,1,1,0,1,1,1,0.25,19.092372760638032,1
46,1,1,0,0,1,1,0,1,0,0,1,0,0,0,1,1,0,1,1,1,0,0,1,0,0,0,1,0,0,0,1,0,0,1,0,1,0.25,16.12193117966666,1
47,1,1,0,0,1,1,0,1,0,0,0,0,0,0,1,1,1,1,1,1,0,0,1,0,1,0,1,0,0,0,1,0,0,1,1,0,0.19444444444444445,13.891498194577542,1
48,1,1,0,0,1,1,0,1,0,0,0,0,0,0,1,1,1,1,1,1,0,0,0,0,0,0,1,0,1,0,1,0,0,1,1,1,0.25,18.000745839572108,1
49,1,1,0,0,1,1,0,1,0,0,0,0,0,0,1,1,1,1,0,1,1,0,1,0,0,0,1,0,1,0,1,0,0,1,1,1,0.25,14.015368487564619,1
50,1,1,0,0,1,1,0,1,0,0,0,0,0,0,1,1,0,1,1,1,0,0,1,0,1,0,1,0,1,0,1,0,0,1,0,1,0.3333333333333333,14.146137134733834,1
51,1,1,0,0,1,1,0,0,0,0,1,0,0,0,1,1,1,1,1,1,1,0,1,0,1,0,1,0,1,0,1,0,0,1,0,1,0.2777777777777778,13.57523239407412,1
52,1,1,0,0,1,1,0,1,0,0,1,0,0,0,1,1,0,1,1,1,1,0,1,0,1,0,1,0,1,0,1,0,0,1,0,1,0.3333333333333333,14.98035439185238,1
53,1,1,0,0,1,1,0,1,0,0,1,0,0,0,1,1,0,1,1,1,1,0,1,0,0,0,1,0,1,0,1,0,0,1,1,0,0.19444444444444445,13.676294150983676,1
54,1,1,0,0,1,1,0,0,0,0,1,0,0,0,0,1,0,1,1,1,0,0,1,0,1,0,1,0,0,0,1,0,0,1,0,1,0.2777777777777778,11.444734494793504,1
55,1,1,0,0,1,1,0,1,0,0,0,0,0,0,1,1,0,1,0,1,0,0,1,0,0,0,1,0,1,0,1,0,0,1,1,1,0.3055555555555556,14.043301219212221,1
56,1,1,0,0,1,1,0,0,0,0,1,0,0,0,1,1,0,1,1,1,1,0,1,0,0,0,1,0,1,0,1,0,0,1,1,0,0.2222222222222222,10.947976095573924,1
57,1,1,0,0,1,1,0,1,0,0,1,0,0,0,0,1,0,1,1,1,0,0,1,0,1,0,1,0,1,0,1,0,0,1,0,0,0.2222222222222222,13.412577806347345,1
58,1,1,0,0,1,1,0,0,0,0,0,0,0,0,1,1,1,1,1,1,0,0,0,0,1,0,1,0,1,0,1,0,0,1,0,1,0.3333333333333333,14.425769289716222,1
59,1,1,0,0,1,1,0,1,1,0,0,0,0,0,1,1,0,1,1,1,0,0,1,0,1,0,1,0,1,0,1,0,0,1,0,1,0.3055555555555556,15.170555340850512,1
60,1,1,0,0,1,1,0,1,0,0,0,0,0,0,1,1,0,1,1,1,1,0,0,0,1,0,1,0,0,0,1,0,0,1,0,1,0.3055555555555556,14.21486952544483,1
61,1,1,0,0,1,1,0,1,0,0,0,0,0,0,1,1,0,1,1,1,0,0,1,0,1,0,1,0,1,0,1,0,0,1,1,1,0.3888888888888889,15.62564833343312,1
62,1,1,0,0,1,1,0,1,0,0,1,0,0,0,1,1,0,1,1,1,1,0,0,0,0,0,1,0,1,0,1,0,0,1,0,1,0.3888888888888889,17.39291748808724,1
63,1,1,0,0,1,1,0,1,0,0,0,0,0,0,1,1,1,1,1,1,1,0,1,0,1,0,1,0,0,0,1,1,0,1,0,1,0.3611111111111111,15.352391123991382,1
64,1,1,0,0,1,1,0,1,0,0,1,0,0,0,1,1,0,1,1,1,0,0,1,0,0,0,1,0,1,0,1,0,0,1,0,1,0.3055555555555556,16.088171029231436,1
65,1,1,0,0,1,1,0,1,0,0,0,0,0,0,1,1,0,1,1,1,0,0,1,0,0,0,1,0,1,0,0,0,0,1,1,1,0.25,14.605432155493418,1
66,0,1,0,0,1,1,0,1,0,0,1,0,0,0,1,1,0,1,0,1,0,0,1,0,1,0,1,0,0,0,1,0,0,1,0,1,0.2777777777777778,13.054248701032417,1
67,1,1,0,0,1,1,0,1,0,0,1,0,0,0,1,1,1,1,1,1,0,0,1,0,1,0,1,0,1,0,1,0,0,1,1,0,0.25,16.407714009899014,1
68,1,1,0,0,1,1,0,1,0,0,1,0,1,0,1,1,1,1,1,1,0,0,1,0,1,0,1,0,1,0,1,0,0,1,0,1,0.3333333333333333,20.07930414419635,1
69,0,1,0,0,1,1,0,1,0,0,1,0,0,0,1,1,0,1,1,1,1,0,0,0,0,0,1,0,1,0,1,0,0,1,0,1,0.2222222222222222,15.205991278752716,1
70,1,1,0,0,1,1,0,1,0,0,0,0,0,0,0,1,0,1,0,0,0,0,1,0,1,0,1,0,1,0,1,0,0,1,0,1,0.3055555555555556,11.978066739876063,1
71,1,1,0,0,1,1,0,0,0,0,1,0,0,0,1,1,1,1,1,1,1,0,1,0,1,0,1,0,1,0,1,0,0,1,0,1,0.3888888888888889,13.57523239407412,1
72,1,1,0,0,1,1,0,1,0,0,0,0,0,0,1,1,1,1,1,1,1,0,0,0,0,0,1,0,1,0,1,0,0,1,0,1,0.3055555555555556,16.35265119106982,1
73,1,1,0,0,1,1,0,1,0,0,1,0,0,0,1,1,0,1,1,1,1,0,1,0,1,0,1,0,0,0,1,0,0,1,1,1,0.2777777777777778,14.995188558797565,1
74,1,1,0,0,1,1,0,1,0,0,1,0,0,0,0,1,0,1,1,1,0,0,1,0,0,0,0,0,1,0,1,0,0,1,1,0,0.25,14.249261643152682,1
75,1,1,0,0,1,1,0,1,0,0,1,0,0,0,1,1,0,1,1,1,0,0,1,0,1,0,1,0,0,0,1,0,0,1,0,1,0.3055555555555556,14.97221890891776,1
76,1,1,0,0,1,1,0,1,0,0,1,0,0,0,0,1,0,1,0,1,1,0,1,0,1,0,1,0,0,0,1,0,0,1,0,1,0.2777777777777778,11.93447416050083,1
77,1,1,0,0,1,1,0,1,0,0,1,0,1,0,1,1,0,1,1,1,0,0,1,0,0,0,0,0,1,0,1,0,0,1,1,1,0.25,19.589307992639945,1
78,1,1,0,0,1,1,0,1,0,0,0,0,0,0,1,1,0,1,1,0,1,0,0,0,1,0,1,0,0,0,1,0,0,1,1,1,0.3055555555555556,14.176390537993623,1
79,1,1,0,0,1,1,0,1,0,0,0,0,0,0,1,1,1,1,1,1,1,0,1,0,1,0,1,0,1,0,1,0,0,1,0,1,0.3888888888888889,13.800743498234379,1
80,1,1,1,0,1,1,0,1,0,0,0,0,0,0,1,1,1,1,1,1,0,0,0,0,0,0,1,0,1,0,1,0,0,1,1,1,0.3055555555555556,19.520658701451026,1
81,1,1,0,0,1,1,0,1,0,0,1,0,0,0,1,1,1,1,1,1,0,0,1,0,0,0,1,0,1,0,1,0,0,1,1,1,0.3055555555555556,17.574577030427008,1
82,0,1,0,0,1,1,0,0,0,0,0,0,0,0,1,1,1,1,1,1,0,0,1,0,0,0,1,0,0,0,1,0,0,1,1,1,0.19444444444444445,11.365531922656185,1
83,0,1,0,0,1,1,0,1,0,0,1,0,0,0,1,1,0,1,1,1,0,0,1,0,0,0,1,0,0,0,1,0,0,1,1,0,0.2777777777777778,13.472636475129327,1
84,1,1,0,0,1,1,0,1,0,0,0,0,0,0,1,1,1,1,1,1,1,0,1,0,1,0,1,0,0,0,1,0,0,0,0,0,0.19444444444444445,15.280010423350323,1
85,0,0,1,1,0,1,1,1,1,1,1,1,0,1,0,0,1,0,0,0,1,1,0,1,1,1,0,1,0,1,0,1,1,0,1,0,0.25,24.58376285084635,1
86,1,1,0,0,1,1,0,0,0,0,0,0,0,0,1,1,1,1,0,1,0,0,1,0,1,0,1,0,0,0,1,0,0,1,1,1,0.2222222222222222,11.432104611523265,1
87,1,1,1,0,1,1,0,0,1,0,1,0,0,0,0,1,1,1,0,1,0,0,1,0,1,0,1,0,1,0,1,0,0,1,0,1,0.19444444444444445,14.325170096638836,1
88,1,1,0,0,0,1,0,0,0,0,1,0,0,0,0,1,1,1,1,1,1,0,1,0,0,0,1,0,1,0,1,0,0,1,0,0,0.25,8.866344601306212,1
89,1,1,0,0,1,1,0,1,0,0,1,0,0,0,0,1,1,1,1,1,0,0,0,0,1,0,1,0,1,0,1,0,0,1,0,1,0.3611111111111111,17.36308683042915,1
90,1,1,1,0,1,1,0,0,0,0,1,0,0,0,1,1,0,1,0,1,0,0,1,0,0,0,0,0,1,0,1,0,0,1,0,1,0.19444444444444445,14.626623774815702,1
91,1,1,0,0,1,1,0,1,1,0,0,0,0,0,0,1,1,1,1,1,0,0,1,0,1,0,1,0,0,0,1,0,0,1,0,1,0.3611111111111111,14.483712326236706,1
92,1,1,0,0,1,1,0,0,0,0,1,0,0,0,1,1,0,1,1,1,0,0,1,0,1,0,1,0,1,0,1,0,0,1,0,0,0.3055555555555556,11.974757200447792,1
93,1,1,0,0,1,1,0,1,0,0,1,0,0,0,1,1,0,1,1,1,0,0,0,0,0,0,1,0,1,0,1,0,0,1,0,1,0.2777777777777778,19.294657122364008,1
94,0,0,1,1,0,1,1,1,0,1,0,1,0,1,0,0,0,0,0,0,1,1,0,1,0,1,0,1,0,1,0,1,1,0,0,0,0.19444444444444445,21.10303875119747,1
95,0,0,1,1,0,1,1,1,0,1,1,1,0,1,0,0,1,0,0,0,1,1,0,1,1,1,0,1,0,1,0,1,1,1,1,0,0.2777777777777778,32.15037347845232,1
96,1,1,0,0,1,1,0,0,0,0,1,0,0,0,0,1,0,1,1,1,0,0,1,0,1,0,1,0,1,0,1,0,0,1,0,1,0.3055555555555556,13.66034345361751,1
97,1,1,0,0,1,1,0,1,0,0,1,0,0,0,1,1,1,1,1,1,1,0,1,0,1,0,1,0,1,0,1,0,0,1,0,1,0.3888888888888889,15.303166859182394,1
98,1,1,0,0,1,1,0,0,0,0,0,0,1,0,1,1,0,1,1,1,0,0,0,0,0,0,1,0,0,0,1,0,0,1,0,1,0.2777777777777778,15.560899121531907,1
99,0,0,1,1,0,1,1,1,1,1,1,1,0,1,0,0,1,0,0,0,1,1,0,1,0,1,0,1,0,1,0,1,1,0,1,0,0.2777777777777778,23.372524351196166,1
