,0,1,2,3,4,5,6,7,8,9,10,11,12,13,14,15,16,17,18,19,20,21,22,23,24,25,26,27,28,29,30,31,32,33,34,35,36,37,38,39,40,41,42,43,44,45,46,47,48,49,50,51,52,53,chain_break_fraction,energy,num_occurrences
0,0,1,0,1,0,1,0,0,1,0,0,1,0,0,0,0,1,1,1,0,0,1,0,1,0,0,1,0,1,0,1,1,0,0,1,1,1,1,1,0,1,1,1,1,0,0,1,0,0,1,0,0,1,0,0.3148148148148148,335.38371572874166,1
1,0,1,0,0,0,1,0,0,1,0,0,1,0,0,0,0,1,1,1,0,0,1,0,1,0,0,1,0,1,0,1,1,0,0,1,1,1,1,1,0,1,1,1,1,0,0,0,0,0,1,0,0,1,0,0.35185185185185186,311.7679299663321,1
2,0,1,0,1,0,1,0,0,1,0,0,1,0,0,0,0,0,1,1,0,0,1,0,1,1,0,1,0,1,0,1,1,0,0,1,1,1,1,1,0,1,1,1,1,0,0,0,0,0,1,0,0,1,0,0.37037037037037035,306.3643809083769,1
3,0,1,0,1,0,1,0,0,1,0,0,1,0,0,0,0,0,1,1,0,0,1,0,1,0,0,1,0,0,0,1,1,0,0,1,1,1,1,1,0,1,1,1,1,0,0,0,0,0,1,0,0,1,0,0.37037037037037035,295.2740498910224,1
4,0,1,0,1,0,1,0,0,1,0,0,1,0,0,0,0,1,1,1,0,0,1,0,1,1,0,1,0,0,0,0,1,1,1,1,1,1,1,1,0,1,1,1,1,0,0,1,0,0,1,0,0,1,0,0.3148148148148148,387.2038565385021,1
5,0,1,0,1,0,1,0,0,1,0,0,1,0,0,0,0,0,1,1,0,0,1,0,1,0,0,1,0,1,0,1,1,0,0,1,1,1,1,1,0,1,1,1,1,0,0,1,0,0,1,0,0,1,0,0.3333333333333333,337.2593917255581,1
6,0,1,0,1,0,1,0,0,0,0,0,1,0,0,1,0,1,1,1,0,0,1,0,1,1,0,1,0,0,0,1,0,0,0,1,1,1,1,1,0,1,1,1,1,0,0,0,0,0,1,0,0,1,0,0.3333333333333333,332.2097221974831,1
7,0,1,0,1,0,1,0,0,1,0,0,1,0,0,0,0,1,1,1,0,0,1,0,1,1,0,1,0,0,0,0,1,0,0,1,1,1,1,1,0,1,1,1,1,0,0,0,0,0,1,0,0,1,0,0.3333333333333333,325.3939239554337,1
8,0,0,0,1,0,1,0,0,1,0,0,1,1,0,0,0,0,1,1,0,0,1,0,1,1,0,1,0,1,0,1,1,0,0,1,1,1,1,1,0,1,1,1,1,0,0,1,0,0,1,0,0,1,0,0.3333333333333333,339.5747052572609,1
9,0,1,0,1,0,1,0,0,1,0,0,1,0,0,0,0,1,1,1,0,0,1,0,1,0,0,1,0,0,0,1,0,0,0,1,1,1,1,1,0,1,1,1,1,0,0,0,0,0,1,0,0,1,0,0.3333333333333333,313.95013854188926,1
10,0,1,0,1,0,0,0,1,1,0,0,1,0,0,0,0,1,1,1,0,0,1,0,1,0,0,1,0,0,0,1,0,0,0,1,1,1,1,1,0,1,1,1,1,0,0,0,0,0,1,0,0,1,0,0.3148148148148148,268.356431087654,1
11,0,1,0,1,0,1,0,1,1,0,0,1,0,0,0,0,1,1,1,0,0,1,0,1,1,0,1,0,0,1,1,1,0,0,1,1,1,1,1,0,1,1,1,1,0,0,0,0,0,1,0,0,1,0,0.3888888888888889,348.6222301756909,1
12,0,1,0,0,0,1,0,0,1,0,0,1,0,0,0,0,0,1,1,0,0,1,0,1,1,0,1,0,0,0,1,1,0,0,1,1,1,1,1,0,1,1,1,1,0,0,1,0,0,0,0,0,1,0,0.35185185185185186,302.76432943718,1
13,0,1,1,1,0,1,0,0,1,0,0,1,0,0,0,0,1,1,1,0,0,1,0,1,1,0,1,0,0,0,1,0,0,1,1,1,1,1,1,0,1,1,1,1,0,0,1,0,0,1,0,0,1,0,0.3333333333333333,385.4281201684179,1
14,0,1,1,1,0,1,0,0,1,0,0,1,0,0,0,0,1,1,1,0,0,1,0,1,1,0,1,0,0,0,1,1,0,0,1,1,1,1,1,0,1,1,1,1,0,0,0,0,0,1,0,0,1,0,0.3888888888888889,397.65393043960694,1
15,0,1,0,1,0,1,0,0,1,0,0,1,0,0,0,0,1,1,1,0,0,1,0,1,0,0,1,0,0,0,0,1,0,1,1,1,0,1,1,0,1,1,1,1,0,0,1,0,0,1,0,0,1,0,0.2962962962962963,321.01368317868753,1
16,0,1,1,1,0,1,0,1,1,0,0,1,0,0,0,0,1,1,1,0,0,1,0,1,1,0,1,0,0,0,0,0,0,0,1,1,1,1,1,0,1,0,1,1,0,0,1,0,0,1,0,0,1,0,0.3148148148148148,583.9737260563389,1
17,0,1,0,1,0,0,0,0,0,0,0,1,1,0,0,0,1,1,1,0,0,1,0,1,0,0,1,0,0,0,1,1,0,1,1,1,1,1,1,0,1,0,1,1,0,0,0,0,0,1,0,0,1,0,0.25925925925925924,243.16938468171136,1
18,0,1,0,0,0,1,0,0,1,0,0,1,0,0,0,0,0,1,1,0,0,1,0,1,0,0,1,0,1,0,1,0,0,0,1,1,1,1,1,0,1,0,1,1,0,0,1,0,0,1,0,0,1,0,0.3148148148148148,281.6445776134248,1
19,1,1,0,1,0,1,0,1,1,0,0,1,0,0,0,0,1,1,1,0,0,1,0,1,0,0,1,0,0,0,0,1,0,0,1,1,1,1,1,0,1,1,1,1,0,0,0,0,0,1,0,0,1,0,0.3148148148148148,357.97337474070207,1
20,0,0,0,0,0,1,0,0,1,0,0,1,0,0,0,0,1,1,1,0,0,1,0,1,0,0,1,0,0,0,0,0,0,1,1,1,1,1,1,0,1,1,1,1,0,0,1,0,0,1,0,0,0,0,0.2777777777777778,288.26956614598083,1
21,1,1,0,1,0,1,0,0,1,0,0,1,0,0,0,0,1,1,1,0,0,1,0,1,0,0,1,0,0,0,1,1,0,0,1,1,1,1,1,0,1,1,1,1,0,0,1,0,0,1,0,0,1,0,0.3333333333333333,324.5275054010742,1
22,1,1,1,1,0,1,0,0,1,0,0,0,0,0,0,0,0,1,1,0,0,1,0,1,0,0,1,0,0,0,1,1,0,0,1,1,1,1,1,0,1,1,1,1,0,0,1,0,0,1,0,0,1,0,0.37037037037037035,314.9099678491558,1
23,0,0,0,0,1,0,1,1,0,1,1,0,1,1,1,1,0,0,0,1,1,0,1,0,0,1,0,1,1,1,0,0,1,0,0,0,0,0,0,1,0,0,0,0,1,1,0,1,1,0,1,1,1,1,0.37037037037037035,372.2994364409733,1
24,0,1,1,1,0,1,0,0,1,0,0,1,0,0,0,0,0,1,1,0,0,1,0,1,0,0,1,0,0,0,1,0,0,1,1,1,1,1,1,0,1,1,1,1,0,0,0,0,0,1,0,0,1,0,0.37037037037037035,340.08472537764317,1
25,0,1,0,1,0,1,0,0,1,0,0,1,0,0,0,0,0,1,1,0,0,1,0,1,0,0,1,0,1,0,0,0,0,0,1,1,1,1,1,0,1,1,1,1,0,0,0,0,0,1,0,0,1,0,0.3333333333333333,284.45887042138264,1
26,0,0,0,1,0,0,0,0,1,0,0,1,0,0,0,0,1,1,1,0,0,1,0,1,1,0,1,0,0,1,1,1,0,0,1,1,1,1,1,0,1,1,1,1,0,0,1,0,0,1,0,0,1,0,0.3333333333333333,414.58406895865915,1
27,0,1,0,1,0,1,0,0,1,0,0,1,0,0,0,0,0,1,1,0,0,1,0,1,1,0,1,0,0,0,1,1,0,0,0,1,1,1,1,0,1,1,1,1,0,0,1,0,0,1,0,0,1,0,0.35185185185185186,296.6274614538362,1
28,0,0,1,0,1,0,1,0,0,1,1,1,1,1,1,1,0,0,0,1,1,0,1,0,0,1,0,1,0,1,0,0,1,1,0,0,0,0,1,1,0,0,0,0,0,1,0,1,1,0,1,1,1,1,0.2777777777777778,345.9728239424534,1
29,0,1,1,1,0,1,0,0,1,0,0,0,0,0,0,0,1,1,1,0,0,1,0,1,1,0,1,0,0,1,1,1,0,0,1,1,1,1,1,0,1,1,1,1,0,0,1,0,0,1,0,0,1,0,0.2962962962962963,369.22609656300017,1
30,0,1,0,0,0,1,0,0,1,0,0,1,0,0,0,0,1,1,1,0,0,1,0,1,1,0,1,0,0,0,1,1,1,1,1,1,1,1,1,0,1,0,0,1,0,0,1,0,0,1,0,0,1,0,0.2962962962962963,361.05330930718804,1
31,0,0,1,0,1,0,1,1,1,1,1,0,1,1,1,1,0,0,0,1,1,0,1,0,0,1,0,1,1,1,0,0,0,0,0,0,0,0,1,1,0,0,0,0,1,1,0,1,1,0,1,1,1,1,0.2962962962962963,359.1626323646261,1
32,0,1,1,1,0,1,0,0,1,0,0,0,0,0,0,0,1,1,1,0,0,1,0,1,0,0,1,0,0,0,1,1,0,1,1,1,0,1,1,0,1,1,1,1,0,0,1,0,0,1,0,0,1,0,0.2962962962962963,332.05693246341013,1
33,0,1,0,1,0,1,0,0,0,0,0,1,0,0,0,0,1,1,1,0,0,1,0,1,1,0,1,0,0,0,1,1,0,0,0,1,1,1,1,0,1,0,1,1,0,0,0,0,0,1,0,0,1,0,0.3148148148148148,287.9288864433287,1
34,1,1,1,0,1,0,1,0,0,1,1,0,1,1,1,1,0,0,0,1,1,0,1,0,0,1,0,0,1,1,0,0,1,1,0,0,0,0,1,1,0,1,0,0,1,1,0,1,1,0,1,1,0,1,0.2777777777777778,465.32157931922524,1
35,0,1,1,0,1,0,1,1,0,1,1,0,1,1,1,1,0,0,0,1,1,0,1,0,0,1,0,1,1,1,1,0,1,0,0,0,0,0,0,1,0,1,0,0,1,1,0,1,1,0,1,1,0,1,0.3148148148148148,369.1005062747046,1
36,0,1,1,0,0,1,0,0,1,0,0,0,0,0,0,0,1,1,1,0,0,1,0,1,0,0,1,0,0,1,0,1,0,0,1,1,1,1,1,0,1,1,1,1,0,0,0,0,0,1,0,0,1,0,0.3148148148148148,333.08490395609874,1
37,0,1,0,1,1,0,1,1,0,1,1,1,1,1,1,1,0,0,0,1,1,0,1,0,1,1,0,1,1,1,0,0,1,0,0,0,0,0,1,1,0,1,0,0,1,1,0,1,1,0,1,1,0,1,0.25925925925925924,419.126485883102,1
38,0,0,0,0,1,0,1,1,0,1,1,0,1,1,1,1,0,0,0,1,1,0,1,0,0,1,0,1,0,0,1,0,1,1,1,0,0,0,1,1,0,0,0,0,1,1,0,1,1,0,1,1,1,1,0.2962962962962963,434.3929102041673,1
39,1,1,0,1,0,1,0,0,1,0,0,1,0,0,0,0,1,1,1,0,0,1,0,1,0,0,1,0,1,0,1,1,0,0,0,1,1,0,1,0,1,1,1,1,0,0,1,0,0,1,0,0,1,0,0.2962962962962963,317.1724227615407,1
40,0,0,1,1,0,1,0,0,1,0,0,1,0,0,0,0,1,1,1,0,0,1,0,1,0,0,1,0,0,1,1,1,1,0,1,1,1,1,1,0,1,1,1,1,0,0,0,0,0,1,0,0,1,0,0.3333333333333333,422.9359519469725,1
41,1,1,1,0,1,0,1,1,0,1,1,0,1,1,1,1,0,0,0,1,1,0,1,0,0,1,0,1,1,1,0,0,1,0,0,0,0,0,1,1,0,1,0,0,1,1,0,1,1,0,1,1,1,1,0.37037037037037035,483.44537701381324,1
42,0,0,0,0,1,0,1,1,0,1,1,0,1,1,1,1,0,0,0,1,1,0,1,0,0,1,0,1,1,1,0,0,1,0,0,0,0,0,0,1,0,0,0,0,1,1,0,1,1,0,1,1,1,1,0.3333333333333333,372.2994364409733,1
43,0,1,0,0,0,0,0,1,1,0,0,0,0,0,0,0,1,1,1,0,0,1,0,1,0,0,1,0,0,1,1,1,0,0,1,1,1,1,1,0,1,1,1,1,0,0,1,0,0,1,0,0,1,0,0.25925925925925924,446.5076197878351,1
44,0,1,1,0,1,0,1,1,0,1,1,0,1,0,1,1,0,0,0,1,1,0,1,0,0,1,0,1,1,1,0,0,1,0,0,0,0,0,1,1,0,0,0,0,1,1,0,1,1,0,1,1,1,1,0.35185185185185186,447.547718866083,1
45,0,0,0,0,1,0,1,1,0,1,1,1,1,0,1,1,1,0,0,1,1,0,1,0,0,1,0,1,1,1,0,0,1,1,0,0,0,0,1,1,0,0,0,0,1,1,0,1,1,0,1,1,1,1,0.3333333333333333,478.5437189532135,1
46,1,1,1,0,0,1,0,0,1,0,0,1,0,0,0,0,1,1,1,0,0,1,0,1,1,0,1,0,0,0,0,1,0,0,1,1,1,1,1,1,1,1,1,1,0,0,1,0,0,1,0,0,1,0,0.37037037037037035,368.0348755709715,1
47,0,0,0,0,1,0,1,0,0,1,1,1,0,1,1,1,0,0,0,1,1,0,1,0,0,1,0,1,1,0,0,0,1,0,0,0,0,0,1,1,0,0,0,0,1,1,0,1,1,0,1,1,1,1,0.2777777777777778,380.6663949889689,1
48,0,0,1,0,1,0,1,1,0,1,1,0,1,1,1,1,0,0,0,1,1,0,1,0,0,1,0,1,1,1,0,1,1,0,0,0,0,0,0,1,0,0,0,0,1,1,0,1,1,0,1,1,1,1,0.3148148148148148,389.07419798404453,1
49,0,0,1,0,1,0,1,0,0,1,1,1,1,1,1,1,0,0,0,1,1,0,1,0,1,1,0,0,0,1,0,0,1,0,0,0,0,0,1,1,0,0,0,0,1,1,0,1,1,0,1,1,1,1,0.25925925925925924,384.593311704579,1
50,0,0,1,0,1,0,1,0,0,1,1,0,1,1,1,1,0,0,0,1,1,0,1,0,0,1,0,0,1,1,0,0,1,0,0,0,0,0,1,1,0,0,0,0,1,1,0,1,1,0,1,0,1,1,0.3333333333333333,428.6041919795592,1
51,1,0,0,1,0,1,0,0,1,0,0,1,0,0,0,0,1,1,1,0,0,1,0,1,1,0,1,0,0,0,1,1,0,0,1,1,1,1,1,0,1,1,1,1,0,0,0,0,0,1,0,0,1,0,0.3888888888888889,312.8998695047792,1
52,0,1,0,1,0,1,0,0,1,0,0,1,0,0,0,0,1,1,1,0,0,1,0,1,0,0,1,0,0,0,0,1,0,0,1,1,0,1,1,0,1,1,1,1,0,0,0,0,0,1,0,0,1,0,0.37037037037037035,320.024251553309,1
53,1,1,1,1,0,1,0,0,1,0,0,0,0,0,0,0,0,1,1,0,0,1,0,1,1,0,1,0,0,1,1,1,0,1,1,1,1,1,1,0,1,0,0,1,0,0,0,0,0,1,0,0,1,0,0.3888888888888889,330.6243791902772,1
54,0,0,1,0,1,0,1,0,1,1,1,1,1,1,1,1,0,0,0,1,1,0,1,0,0,1,0,0,1,1,0,0,1,0,0,0,0,0,1,1,0,0,0,0,1,1,0,1,1,0,1,1,1,1,0.2962962962962963,416.1125518859731,1
55,0,1,1,0,1,0,1,1,0,1,1,0,1,1,1,1,0,0,0,1,1,0,1,0,0,1,0,1,1,1,0,0,1,0,1,0,0,0,0,1,0,1,0,0,1,1,0,1,1,0,1,1,1,1,0.3148148148148148,435.31899647324104,1
56,1,0,1,0,1,0,1,1,0,1,1,0,1,1,1,1,0,0,0,1,1,0,1,0,0,1,0,1,1,0,1,0,1,0,1,0,0,0,1,1,0,0,0,0,1,1,0,1,1,0,1,1,0,1,0.24074074074074073,365.0612673763087,1
57,1,0,1,0,1,0,1,1,0,1,1,1,1,1,1,0,0,0,0,1,1,0,1,0,0,1,0,1,0,1,0,0,1,1,0,0,0,0,0,1,0,1,0,0,1,1,0,1,1,0,1,1,1,1,0.3333333333333333,369.2494126955661,1
58,0,0,0,1,1,0,1,0,1,1,1,1,1,1,1,1,0,0,0,1,1,0,1,1,0,1,0,1,1,0,0,0,0,1,0,0,0,0,0,1,0,0,0,0,1,1,0,1,1,0,1,0,1,1,0.2222222222222222,500.25613091478436,1
59,0,0,1,0,1,0,1,0,1,1,1,0,1,1,1,1,0,0,0,1,1,0,1,0,0,1,0,1,1,1,1,0,1,0,0,0,0,0,1,1,0,0,0,0,0,1,0,1,1,0,1,1,1,1,0.3148148148148148,357.0271379626872,1
60,1,0,1,0,1,0,1,1,0,1,1,0,1,0,1,1,0,0,0,1,1,0,1,0,0,1,0,1,0,1,0,0,1,1,0,0,0,0,0,1,0,0,0,0,1,1,0,1,1,0,1,1,1,1,0.3148148148148148,339.34139657252183,1
61,0,0,0,0,1,0,1,0,0,1,1,1,1,1,1,1,0,0,0,1,1,0,1,0,0,1,0,1,0,1,1,0,1,0,0,0,0,0,0,1,0,1,0,0,1,1,0,1,1,0,1,1,1,1,0.37037037037037035,423.6718325302125,1
62,1,0,1,0,1,0,1,1,0,1,1,0,1,1,1,1,0,0,0,1,1,0,1,0,0,1,0,1,0,1,1,0,1,0,1,0,0,0,0,1,0,1,0,0,1,1,0,1,1,0,1,1,1,1,0.24074074074074073,423.2640516049765,1
63,1,0,0,0,1,0,1,1,0,0,1,0,1,1,1,0,0,0,0,1,1,0,1,0,0,1,0,1,0,1,0,0,0,1,0,0,0,0,0,1,0,1,0,0,1,1,0,1,1,0,1,1,1,1,0.2962962962962963,331.9890765841243,1
64,1,0,1,0,1,0,1,1,0,1,1,0,0,1,1,1,0,0,0,1,1,0,1,0,1,1,0,1,1,1,1,1,1,0,0,0,0,0,0,1,0,0,0,0,1,1,0,1,1,0,1,1,1,1,0.3888888888888889,398.17369129480136,1
65,0,0,1,0,1,0,1,1,0,1,1,0,1,1,1,1,0,0,0,1,1,0,1,0,0,1,0,1,1,0,1,0,1,0,0,0,0,0,0,1,0,0,0,0,1,1,1,1,1,0,1,1,0,1,0.24074074074074073,315.07352078512963,1
66,1,0,1,1,1,0,1,1,0,1,1,0,0,1,1,1,0,0,0,1,1,0,1,0,0,1,0,1,1,1,1,0,1,0,0,0,0,0,0,0,0,1,0,0,1,1,0,1,1,0,1,1,1,1,0.3333333333333333,408.44011968004844,1
67,1,1,1,1,1,0,1,1,0,1,1,0,1,1,1,1,0,0,0,1,1,0,1,0,0,1,0,1,0,1,0,0,1,0,0,0,0,0,1,1,0,0,0,0,1,1,1,1,1,0,1,1,1,1,0.4074074074074074,414.43458014423055,1
68,0,0,0,0,1,0,1,1,0,1,1,1,0,1,1,1,0,0,0,1,1,0,1,0,0,1,0,0,0,1,0,0,1,1,0,0,0,0,0,1,0,0,0,0,1,1,0,1,1,0,1,1,1,1,0.2777777777777778,327.6762181943746,1
69,0,0,1,0,1,0,1,0,1,1,1,0,1,1,1,1,0,0,0,1,1,0,1,0,0,1,0,1,1,0,0,0,0,0,0,0,0,0,1,0,0,0,0,0,0,1,0,1,1,0,1,1,1,1,0.2037037037037037,357.1174891284632,1
70,1,0,1,0,1,0,1,1,0,1,1,1,1,1,1,1,0,0,0,1,1,0,1,0,0,1,0,1,1,0,1,0,1,0,0,0,0,0,1,1,0,1,0,0,1,1,0,1,1,0,1,1,0,1,0.24074074074074073,369.8512074075899,1
71,0,0,0,0,1,0,1,0,1,1,1,1,1,1,1,1,0,0,0,1,1,1,1,0,0,1,0,0,1,0,0,0,1,1,0,0,0,0,1,1,0,0,0,0,1,1,0,1,1,0,1,1,1,1,0.24074074074074073,356.5554713461798,1
72,1,0,1,0,1,0,1,1,0,1,1,0,0,1,1,1,0,0,0,1,1,0,1,0,1,1,0,1,1,1,1,0,1,1,0,0,0,0,1,1,0,0,0,0,0,1,0,1,1,0,1,1,1,1,0.2962962962962963,364.46871565308095,1
73,1,0,1,0,1,0,1,1,0,1,1,0,1,1,1,1,0,0,0,1,1,1,1,0,0,1,0,0,1,0,0,0,1,1,0,0,0,0,0,1,0,0,0,0,1,1,0,1,1,0,1,1,1,1,0.35185185185185186,324.3116878010451,1
74,1,0,0,1,1,0,1,1,1,1,1,1,1,1,1,1,0,0,0,1,1,0,1,0,0,1,0,0,1,1,0,0,1,0,0,0,0,0,0,1,0,1,0,0,1,1,1,1,1,0,1,1,1,1,0.2777777777777778,392.5320474844479,1
75,0,1,0,1,0,1,0,0,1,0,0,1,0,0,0,0,1,1,1,0,0,1,0,1,1,0,1,0,0,0,1,0,0,1,1,1,0,1,1,0,1,1,1,1,0,0,0,0,0,1,0,0,1,0,0.35185185185185186,331.5834907274374,1
76,0,0,1,0,1,0,1,1,0,1,1,1,1,1,1,1,0,0,0,1,1,0,1,0,1,1,0,0,1,1,0,0,1,1,0,0,0,0,0,1,0,1,0,0,0,1,0,1,1,0,1,1,1,1,0.25925925925925924,334.9833761491201,1
77,1,1,0,1,1,0,1,0,0,1,1,0,1,1,1,1,0,0,0,1,1,0,1,0,1,1,0,1,1,1,0,0,1,0,0,0,0,0,1,1,0,0,0,0,1,1,0,1,1,0,1,1,1,1,0.35185185185185186,448.82526753140684,1
78,1,0,1,0,1,0,1,1,0,1,1,0,0,0,1,1,0,0,0,1,1,0,1,0,0,1,0,1,1,1,0,0,1,0,0,0,0,0,0,1,0,0,0,0,0,1,1,1,1,0,1,1,1,1,0.3148148148148148,311.22836210690923,1
79,0,0,0,1,1,0,1,1,0,1,1,0,1,1,1,1,0,0,0,1,1,0,1,0,0,1,0,1,1,0,0,0,1,0,1,0,0,0,0,1,0,1,0,0,1,1,0,1,1,0,1,1,1,1,0.2962962962962963,390.1000970764177,1
80,1,0,1,0,1,0,1,1,0,1,1,0,0,1,1,1,0,0,0,1,1,0,1,0,0,1,0,0,1,1,0,0,1,1,0,0,0,0,0,1,0,1,0,0,1,1,0,1,1,0,1,1,1,1,0.2777777777777778,411.2585209097487,1
81,0,0,1,0,1,0,0,0,0,1,1,0,1,1,1,1,0,0,0,1,1,0,1,0,0,1,0,1,0,0,0,0,1,0,0,0,0,0,0,1,0,0,0,0,0,1,0,1,1,0,1,1,1,1,0.25925925925925924,265.88205255364176,1
82,0,0,1,1,1,0,1,0,0,1,1,0,1,0,1,1,0,0,0,1,1,0,1,0,0,1,0,1,1,1,0,0,1,0,0,0,0,0,1,1,0,0,0,0,1,1,0,1,1,0,1,1,1,1,0.3148148148148148,508.97891657788995,1
83,1,0,0,0,1,0,1,1,0,1,1,1,1,1,1,1,0,0,0,1,1,0,1,0,1,1,0,1,1,1,1,0,1,1,0,0,0,0,1,1,0,1,0,0,1,1,0,1,1,0,1,1,1,1,0.25925925925925924,564.5819594301649,1
84,0,0,1,0,1,0,1,1,0,1,1,0,1,1,1,0,0,0,0,1,1,0,1,0,0,1,0,1,0,1,0,0,1,0,1,0,0,0,1,1,0,0,0,0,1,1,0,1,1,0,1,1,1,1,0.3148148148148148,457.6837052131992,1
85,1,1,0,1,0,1,0,0,1,0,0,1,0,1,0,0,0,1,1,0,0,1,0,1,0,0,1,0,0,0,1,1,0,1,1,1,1,0,1,0,1,0,1,1,0,0,0,0,0,1,0,0,1,0,0.37037037037037035,377.965437131474,1
86,0,0,0,0,1,0,0,1,0,1,1,1,1,1,1,1,1,0,0,1,1,0,1,0,0,1,0,0,1,0,0,0,1,0,0,0,0,0,0,1,0,1,0,0,1,0,0,1,1,0,1,1,1,1,0.25925925925925924,317.0926659624619,1
87,1,0,0,0,1,0,1,1,0,1,1,0,0,1,1,1,0,0,0,1,1,0,1,0,1,1,0,1,0,1,0,1,1,0,0,0,0,0,0,1,0,0,0,0,1,1,0,1,1,0,1,1,1,1,0.35185185185185186,359.6052760500678,1
88,0,0,1,1,1,0,0,0,0,0,1,0,1,1,1,1,0,0,0,1,1,0,1,0,1,1,0,1,0,1,0,0,1,0,1,1,0,0,1,1,0,0,0,0,1,1,0,1,1,0,1,1,0,1,0.37037037037037035,575.310148673489,1
89,0,1,0,1,0,0,0,0,1,0,0,1,0,0,0,0,1,1,1,0,0,1,0,1,1,0,1,0,0,0,1,0,0,1,1,1,1,1,1,0,1,0,1,1,0,0,1,0,0,1,0,0,1,0,0.35185185185185186,266.725910245308,1
90,0,0,0,1,1,0,0,1,0,1,1,0,0,1,1,1,0,0,0,1,1,0,1,0,0,1,0,0,1,1,0,0,1,1,0,0,0,0,0,1,0,1,0,0,1,1,0,1,1,0,1,1,0,1,0.2777777777777778,440.6398772930756,1
91,0,0,1,0,1,0,1,1,0,1,1,0,1,1,1,1,1,0,0,1,1,0,1,0,0,0,0,1,1,1,0,0,1,0,0,0,0,0,0,1,0,0,1,0,1,1,0,1,1,0,1,1,1,1,0.2222222222222222,382.8346088203114,1
92,0,0,0,0,1,0,1,1,1,1,1,1,1,1,1,1,0,0,0,1,1,0,1,0,0,1,0,1,1,0,0,0,0,1,1,0,0,0,1,0,0,0,0,0,1,1,0,1,1,0,1,1,0,1,0.3333333333333333,358.620988297038,1
93,0,0,1,0,0,1,0,0,1,0,0,1,1,0,0,0,1,1,1,0,0,1,0,1,1,0,1,0,0,0,1,1,0,0,1,1,1,1,1,0,1,0,1,1,0,1,0,0,0,1,0,0,1,0,0.3148148148148148,405.6870951174743,1
94,0,0,0,1,1,0,1,1,0,1,1,0,1,1,1,0,0,0,0,1,1,0,1,0,1,1,0,1,1,1,0,0,1,1,0,0,1,0,0,0,0,0,0,0,1,1,0,1,1,0,1,1,1,1,0.2777777777777778,386.87967745935634,1
95,0,0,1,0,1,0,0,0,0,1,1,0,1,1,1,1,0,0,0,1,1,0,1,0,0,1,0,0,1,0,0,0,1,0,0,0,0,0,1,1,0,1,0,0,0,1,0,1,1,0,1,1,1,1,0.2777777777777778,326.51194084101064,1
96,1,0,0,1,1,0,1,1,0,1,1,0,1,1,1,0,0,0,0,1,1,0,1,0,0,1,0,1,1,1,0,0,1,0,1,0,0,0,0,0,0,0,0,0,1,1,0,1,1,0,1,1,1,1,0.3148148148148148,394.04916241999666,1
97,0,1,1,1,0,1,0,0,1,0,0,0,0,1,0,0,1,1,1,0,0,1,0,1,1,0,1,0,0,0,1,1,0,0,1,1,0,1,1,0,1,1,1,1,0,0,1,0,0,1,0,0,1,0,0.35185185185185186,362.70268220245566,1
98,0,0,0,1,1,0,1,0,0,1,1,1,1,1,1,1,1,0,0,1,1,0,1,0,0,1,0,1,0,1,0,0,1,0,0,0,0,0,0,1,0,0,0,0,1,1,0,1,1,0,1,1,1,1,0.2777777777777778,341.3686921873352,1
99,0,0,1,1,1,0,1,0,0,1,1,0,1,1,1,1,0,0,0,1,1,0,1,0,0,1,0,1,0,1,1,0,1,1,0,0,0,0,0,1,0,0,0,0,0,1,0,1,1,0,1,1,1,1,0.3148148148148148,296.50902991171694,1
