,0,1,2,3,4,5,6,7,8,9,10,11,12,13,14,15,16,17,18,19,20,21,22,23,24,25,26,27,28,29,30,31,32,33,34,35,36,37,38,39,40,41,42,43,44,45,46,47,48,49,50,51,52,53,chain_break_fraction,energy,num_occurrences
0,0,1,0,1,0,0,0,0,0,1,1,1,1,1,0,0,1,1,1,1,0,0,1,0,1,0,0,1,0,1,0,1,0,1,1,1,0,0,1,0,1,0,0,1,1,0,0,0,0,0,1,1,0,1,0.2777777777777778,402.31638293202997,1
1,0,1,0,1,0,0,0,0,0,1,1,0,1,1,1,0,1,1,1,1,0,0,1,0,1,0,0,1,0,1,0,0,0,1,1,1,0,0,1,0,1,0,0,0,1,0,0,0,0,0,1,1,0,0,0.25925925925925924,223.61408370149482,1
2,0,1,0,1,0,0,0,0,0,1,1,0,1,1,1,0,1,1,1,1,0,0,1,0,1,0,0,1,0,1,0,0,0,1,0,1,0,0,1,0,1,0,0,1,1,0,0,0,0,0,1,0,0,1,0.25925925925925924,279.6902305281375,1
3,0,1,0,1,0,0,0,0,0,1,1,0,1,1,1,0,1,1,1,1,0,0,1,0,0,0,0,1,0,1,0,1,0,1,1,1,0,0,1,0,1,0,0,1,1,0,0,0,0,0,1,1,0,0,0.2962962962962963,303.90366466448046,1
4,0,1,0,1,0,0,0,0,0,1,1,0,1,1,1,0,1,1,1,1,1,0,1,0,1,0,0,1,0,1,0,0,0,1,0,1,0,0,1,0,1,0,0,1,1,0,0,0,0,0,1,1,0,0,0.2777777777777778,256.6873582260356,1
5,0,1,0,1,0,0,0,0,0,1,1,0,1,0,1,0,1,1,1,1,0,0,1,0,1,0,0,1,0,1,0,0,0,1,0,1,0,0,1,0,1,0,0,1,1,0,0,0,0,0,1,1,0,0,0.2777777777777778,240.93188747070673,1
6,0,1,0,1,0,0,0,0,0,0,1,1,1,1,0,0,1,1,1,1,0,0,1,0,1,0,0,1,0,1,0,0,0,1,1,1,0,0,1,1,0,0,0,1,1,0,0,0,0,0,1,0,0,0,0.25925925925925924,237.6957111706052,1
7,0,1,0,1,0,0,0,0,0,1,1,1,1,1,1,0,1,1,1,1,0,0,1,0,1,0,0,1,0,1,0,0,0,1,0,1,0,0,1,0,1,0,0,1,1,0,0,0,0,0,1,1,0,0,0.25925925925925924,243.72892768532427,1
8,0,1,0,1,0,0,0,0,0,1,1,1,1,1,0,1,1,1,1,1,1,0,1,0,1,0,0,1,0,1,0,1,0,1,0,1,0,0,1,0,1,0,0,1,1,0,0,0,0,0,1,1,0,1,0.3148148148148148,310.51278552443796,1
9,0,1,0,1,0,0,0,0,0,1,1,0,1,1,1,1,1,1,1,1,0,0,1,0,0,0,0,1,0,1,0,0,0,1,0,1,0,0,1,0,1,0,0,1,1,0,0,0,0,0,1,1,0,1,0.3148148148148148,299.31313212969076,1
10,0,0,0,1,0,0,0,0,0,1,1,1,1,1,0,0,1,1,1,1,0,0,1,0,0,0,0,1,0,1,0,0,0,1,0,1,0,0,1,0,1,0,0,1,1,0,0,0,0,0,1,1,0,0,0.3148148148148148,245.71048400929593,1
11,1,1,0,1,0,0,0,0,0,1,1,0,1,1,1,0,1,1,1,1,0,0,1,0,1,0,0,1,0,1,0,0,0,1,0,1,0,0,1,0,1,1,0,1,1,0,0,0,0,0,1,1,0,1,0.2777777777777778,395.49041785661996,1
12,0,1,0,1,0,0,0,0,0,1,1,1,1,1,0,0,1,1,1,1,0,0,1,0,1,0,0,1,0,1,0,0,0,1,1,1,0,0,1,0,1,0,0,1,1,0,0,0,0,0,1,0,0,0,0.2962962962962963,240.4696470070356,1
13,0,1,0,1,0,0,0,0,0,1,0,0,1,1,1,0,1,1,1,1,0,0,1,0,1,0,0,1,0,1,0,0,0,1,0,1,0,0,1,0,0,0,0,1,1,0,0,0,0,0,1,1,0,0,0.2777777777777778,218.76418276878098,1
14,0,1,0,1,0,0,0,0,0,0,1,0,1,1,1,1,1,1,1,1,0,0,1,0,1,0,0,1,0,1,0,1,0,1,0,1,0,0,1,0,1,0,0,1,1,0,0,0,0,0,1,1,0,0,0.2777777777777778,257.13142219525247,1
15,0,1,0,1,0,0,0,0,0,1,1,0,1,1,1,0,1,1,1,1,0,0,1,0,1,0,0,1,0,1,0,0,0,1,0,1,0,0,1,0,1,0,0,1,1,0,0,0,0,0,0,1,0,1,0.2777777777777778,228.63276946210638,1
16,0,1,0,1,0,0,0,0,0,1,1,1,1,1,1,0,1,1,1,1,1,0,1,0,1,0,0,1,0,1,0,1,0,1,0,1,0,0,1,0,1,0,1,1,1,0,0,0,0,0,1,1,0,0,0.3333333333333333,295.55599295880586,1
17,0,1,0,1,0,0,0,0,0,1,1,0,1,1,1,0,1,1,1,1,0,0,1,0,0,0,0,1,0,1,0,0,0,1,0,1,0,0,1,0,1,0,0,1,1,0,0,0,0,0,1,1,0,1,0.2962962962962963,312.4020198154795,1
18,0,1,0,1,0,0,0,0,0,1,1,1,1,1,0,0,1,1,1,1,0,0,1,0,0,0,0,1,0,1,0,0,0,1,0,1,0,0,1,0,1,0,0,1,1,0,0,0,0,0,1,0,0,0,0.2962962962962963,222.18780038610677,1
19,0,1,0,1,0,0,0,0,0,1,1,0,1,1,1,0,1,1,1,1,0,0,1,0,1,0,0,1,0,1,0,0,0,1,1,1,0,0,1,0,1,1,0,1,1,0,0,0,0,0,1,1,0,1,0.2962962962962963,484.6618089917487,1
20,1,1,0,1,0,0,0,0,0,1,1,1,1,1,0,0,1,1,1,1,0,0,1,0,1,0,0,1,0,1,0,1,0,1,0,1,0,0,1,0,1,0,0,1,1,0,0,0,0,0,1,0,0,1,0.3148148148148148,307.8219428504609,1
21,0,1,0,1,0,0,0,0,0,1,1,0,1,1,1,1,1,1,1,1,1,0,1,0,0,0,0,1,0,1,0,0,0,1,1,1,0,0,1,0,0,0,0,1,1,0,0,0,0,0,1,1,0,1,0.3148148148148148,288.9704945179313,1
22,0,1,0,1,0,0,0,0,0,1,1,1,1,0,0,0,1,1,1,1,1,0,1,0,1,0,0,1,0,1,0,0,0,1,0,1,0,0,1,0,1,0,0,1,1,0,0,0,0,0,1,0,0,1,0.2962962962962963,291.0031299045289,1
23,0,1,0,1,0,0,0,1,0,1,1,1,1,1,0,0,1,1,1,1,0,0,1,0,1,0,0,1,0,1,0,0,0,1,0,1,0,0,1,1,1,0,0,1,1,0,0,0,0,0,1,1,0,0,0.2962962962962963,232.91405905853023,1
24,0,1,0,1,0,0,0,0,0,1,1,0,1,1,1,0,1,1,1,1,0,0,1,0,1,0,0,1,0,1,0,0,0,1,0,1,0,0,1,0,1,0,0,1,1,0,0,0,0,0,1,0,0,0,0.2962962962962963,219.9222354358379,1
25,0,1,0,1,0,0,0,1,0,1,1,1,1,1,0,0,1,1,1,0,1,0,1,0,1,0,0,1,0,1,0,1,0,1,0,1,0,0,1,0,0,0,0,1,1,0,0,0,0,0,1,1,0,1,0.3148148148148148,287.57938941166,1
26,0,1,0,1,0,0,0,0,0,1,1,0,1,1,1,0,1,1,1,1,0,0,1,0,1,0,0,1,0,1,0,0,0,1,0,1,0,0,1,0,1,0,0,1,1,0,0,0,0,0,1,1,0,1,0.2962962962962963,297.6322293012123,1
27,0,1,0,1,0,0,0,0,0,1,1,0,1,1,1,0,1,1,1,1,0,1,1,0,1,0,0,1,0,1,0,0,0,1,0,1,0,0,1,0,1,0,1,1,1,0,0,0,0,0,1,1,0,0,0.25925925925925924,228.78608916072545,1
28,0,1,0,1,0,0,0,0,0,1,1,0,1,1,0,0,1,1,1,1,0,0,1,0,0,0,0,1,0,1,0,0,0,1,0,1,0,0,1,0,1,0,1,1,1,0,0,0,0,0,0,1,0,1,0.2777777777777778,290.62502019218107,1
29,0,1,0,1,0,0,0,0,0,1,1,0,1,1,1,0,1,1,1,1,1,0,1,0,1,0,0,1,0,1,0,1,0,1,0,1,0,0,1,0,1,0,0,0,1,0,0,1,0,0,1,1,0,0,0.3148148148148148,297.4233248902572,1
30,0,1,0,1,0,0,0,0,0,1,1,1,1,1,0,0,1,1,1,1,0,0,1,0,1,0,0,0,0,1,0,0,0,1,0,1,0,0,1,0,1,0,0,1,1,0,0,1,0,0,1,0,0,0,0.2962962962962963,271.5418797391393,1
31,0,1,0,1,0,0,0,0,0,1,1,0,1,1,1,0,1,1,1,1,0,0,1,0,1,0,0,1,0,1,0,0,0,1,0,1,0,0,1,0,1,0,0,1,1,0,0,0,0,0,1,1,0,0,0.3148148148148148,225.86423420891276,1
32,0,1,0,1,0,0,0,0,0,1,1,0,1,1,1,1,1,1,1,1,0,0,1,0,1,0,0,1,0,1,0,0,0,1,0,1,0,0,1,0,1,0,0,1,1,0,0,0,0,0,1,1,0,1,0.3148148148148148,287.04334702656354,1
33,0,1,0,1,0,0,0,0,0,1,1,1,1,1,0,0,1,1,1,1,1,0,1,0,1,0,0,1,0,1,0,1,0,1,1,1,0,0,1,0,1,0,1,1,1,0,0,0,0,0,1,1,0,1,0.3148148148148148,375.59530457740806,1
34,0,1,0,1,0,0,0,0,0,1,1,1,1,1,1,0,1,1,1,1,1,0,1,0,0,0,0,1,0,1,0,1,0,1,0,1,0,0,1,0,0,0,0,0,1,0,0,0,0,0,1,1,0,1,0.3333333333333333,302.0416311292501,1
35,0,1,0,1,0,0,0,0,0,1,1,0,1,1,0,0,1,1,1,1,0,0,1,0,0,0,0,1,0,1,0,0,0,1,1,1,0,0,1,0,1,0,0,1,1,0,0,0,0,0,1,0,0,1,0.2962962962962963,433.12343551133677,1
36,1,0,1,0,1,1,1,1,1,0,0,1,0,0,0,1,0,1,0,0,1,1,0,1,0,1,1,0,1,0,1,1,1,0,0,0,1,1,0,1,1,1,1,0,0,1,1,1,1,1,0,0,1,0,0.2962962962962963,505.03721233606893,1
37,0,1,0,1,0,0,0,0,0,1,1,1,1,0,0,0,1,1,1,1,1,0,1,0,0,0,0,1,0,1,0,0,0,1,0,1,0,0,1,0,1,0,0,1,1,0,0,0,0,0,1,1,0,0,0.25925925925925924,250.569175597744,1
38,0,1,0,1,0,0,0,0,0,1,1,0,1,1,1,1,1,1,1,1,0,0,1,0,1,0,0,1,0,1,0,0,0,1,0,1,0,0,1,0,1,0,0,1,1,0,0,0,0,0,1,1,0,0,0.3148148148148148,225.31301213790732,1
39,0,1,0,1,0,0,0,0,0,1,1,1,1,1,0,0,1,1,1,1,0,0,1,0,0,0,0,1,0,1,0,0,0,1,1,1,0,0,1,1,1,0,1,1,1,0,0,0,0,0,0,1,0,0,0.2777777777777778,216.33417470145784,1
40,1,0,1,0,1,1,1,1,1,0,0,1,0,0,0,1,0,1,0,0,1,1,0,1,0,1,1,0,1,0,1,1,0,0,1,0,1,1,0,1,0,1,1,0,0,1,1,1,1,1,0,0,1,0,0.35185185185185186,580.214643288456,1
41,0,1,0,1,0,0,0,0,0,1,0,0,1,1,1,0,1,1,1,1,0,0,1,0,0,0,0,1,0,1,0,0,0,1,0,1,0,0,1,0,1,0,0,1,1,0,0,0,0,0,1,0,0,1,0.2962962962962963,327.45290431575836,1
42,0,1,0,1,0,0,0,0,0,0,1,1,1,1,0,0,1,1,1,1,0,0,1,0,1,0,0,1,0,1,0,0,0,1,1,1,0,0,1,0,1,0,0,1,1,0,0,0,0,0,1,0,0,0,0.25925925925925924,251.3991004022951,1
43,0,1,0,1,0,0,0,0,0,1,1,0,1,1,1,0,1,1,1,1,0,0,1,0,1,0,0,1,0,1,0,0,0,1,0,1,0,0,1,1,1,0,0,1,1,0,0,0,0,0,0,1,0,0,0.2962962962962963,196.94955516090792,1
44,0,1,0,1,0,0,0,0,0,1,1,0,1,1,1,0,1,1,1,1,0,1,1,0,0,0,0,1,0,1,0,0,0,1,0,1,0,0,1,1,1,0,0,1,1,0,0,0,0,0,1,1,0,0,0.3148148148148148,231.10178104179894,1
45,0,1,0,1,0,0,0,1,0,1,1,0,1,1,0,1,1,1,1,1,0,0,1,0,1,0,0,1,0,1,0,0,0,1,1,1,0,0,1,0,0,1,0,1,1,0,0,0,0,0,1,0,0,1,0.2777777777777778,413.1534073005091,1
46,0,1,0,1,0,0,0,0,0,1,1,0,1,1,1,0,1,1,1,1,0,0,1,0,1,0,0,1,0,1,0,0,0,1,0,1,0,0,1,0,1,0,0,1,1,0,1,0,1,0,1,1,0,1,0.35185185185185186,370.8652008473426,1
47,0,1,0,1,0,0,0,0,0,1,1,1,1,1,1,0,1,1,1,1,1,0,1,0,1,0,0,1,0,1,0,0,0,1,0,1,0,0,1,1,1,0,0,1,1,0,0,0,0,0,1,0,0,1,0.2962962962962963,305.1808480941925,1
48,1,1,0,1,0,0,0,0,0,0,1,0,1,1,1,0,1,1,1,0,0,0,1,0,1,0,0,1,0,1,0,0,0,1,0,1,0,0,1,0,0,0,0,1,1,0,0,0,0,0,1,1,0,0,0.2777777777777778,215.53063593447402,1
49,1,1,0,1,0,0,0,1,0,0,1,0,1,1,1,0,1,1,1,1,1,0,1,0,1,0,0,1,0,1,0,0,0,1,0,1,0,0,1,1,1,0,0,1,1,0,0,0,0,0,1,0,0,1,0.2777777777777778,294.72687995553594,1
50,0,1,0,1,0,0,0,0,0,1,1,1,1,1,1,0,1,1,1,1,1,0,1,0,1,0,0,1,0,1,0,0,0,1,1,1,0,0,1,0,1,0,0,1,1,0,0,0,0,0,1,0,0,0,0.2962962962962963,305.57599936127065,1
51,0,1,0,1,0,0,0,0,0,1,1,0,1,1,1,1,1,1,1,1,0,0,1,0,0,0,0,1,0,1,0,0,0,1,0,1,0,0,1,1,0,0,0,1,1,0,0,0,0,0,1,1,0,0,0.3148148148148148,218.6459879548718,1
52,0,1,0,1,0,0,0,0,0,1,1,0,1,1,1,0,1,1,1,1,0,0,1,0,1,0,0,1,0,1,0,0,0,1,1,1,0,0,1,0,1,0,1,1,1,0,0,0,0,0,1,0,0,0,0.3148148148148148,254.8894033294347,1
53,1,0,1,0,1,1,1,1,1,0,0,0,0,0,0,1,0,1,0,0,1,0,0,1,0,1,1,0,1,0,1,1,1,0,1,0,1,1,0,0,0,1,1,0,0,1,1,1,1,1,0,0,1,0,0.2962962962962963,405.4281055794026,1
54,1,0,1,0,1,1,1,1,1,0,0,0,0,0,0,1,0,1,0,0,1,1,0,1,0,1,1,0,1,0,1,0,1,0,1,0,1,0,0,0,0,1,1,0,0,1,1,1,1,1,0,0,1,0,0.2777777777777778,480.62975310586046,1
55,0,1,0,1,0,0,0,0,0,1,1,0,1,1,1,0,1,1,1,1,0,0,1,0,0,0,0,1,0,1,0,0,0,1,1,1,0,0,1,1,1,0,0,1,1,0,0,0,0,0,1,1,0,0,0.3333333333333333,278.0031494147125,1
56,0,0,0,1,0,0,0,0,0,1,1,0,1,1,1,0,1,1,1,1,0,0,1,0,1,0,0,1,0,1,0,0,0,1,0,1,0,0,1,0,1,0,0,1,1,0,0,0,0,0,1,1,0,0,0.3333333333333333,235.68314454711637,1
57,0,1,0,1,0,0,0,0,0,1,1,0,1,1,1,0,1,1,1,1,0,0,1,0,1,0,0,1,0,1,0,0,0,1,0,1,0,0,1,1,1,0,0,0,1,0,0,0,0,0,1,0,0,0,0.2962962962962963,209.75593792976798,1
58,0,1,0,1,0,0,0,0,0,0,1,0,1,1,1,0,1,1,1,1,0,1,1,0,1,0,0,1,0,1,0,0,0,1,0,1,0,0,1,0,0,0,0,1,1,0,0,0,0,0,1,1,0,0,0.2962962962962963,214.1957241327178,1
59,1,0,1,0,1,1,1,1,1,0,0,1,0,0,0,1,0,1,0,0,1,1,0,1,0,1,1,0,1,0,1,1,1,0,1,0,1,1,0,1,1,1,1,0,0,1,1,1,1,1,0,0,1,0,0.3148148148148148,466.7075992031032,1
60,0,1,0,1,0,0,0,0,0,0,1,1,1,1,1,0,1,1,1,1,1,1,1,0,1,0,0,1,0,1,0,1,0,1,0,1,0,0,1,0,1,0,0,1,1,0,0,0,0,0,1,0,0,1,0.3333333333333333,306.0344778683169,1
61,0,1,0,1,0,0,0,0,0,0,1,0,1,1,1,0,1,1,1,1,0,0,1,0,1,0,0,1,0,1,0,0,0,1,1,1,0,0,1,0,1,0,0,1,1,0,0,0,0,0,0,0,0,1,0.3148148148148148,247.66101772267766,1
62,0,0,0,1,0,0,0,0,0,0,1,0,1,1,1,0,1,1,1,1,0,0,1,0,1,0,0,1,0,1,0,0,0,1,0,1,0,0,1,0,1,0,0,1,1,0,0,0,0,0,1,1,0,1,0.3333333333333333,350.269675722658,1
63,1,0,1,0,1,1,1,0,1,0,0,1,0,0,0,1,0,1,0,0,1,1,0,1,0,1,1,0,1,0,1,1,1,0,1,0,1,1,0,1,0,1,0,0,0,1,1,1,1,1,0,0,1,0,0.35185185185185186,461.4581120324398,1
64,0,1,0,1,0,0,0,0,0,1,1,0,1,1,1,0,1,1,1,1,1,0,1,0,1,0,0,1,0,1,0,0,0,1,0,1,0,0,1,1,1,0,0,1,1,0,0,0,1,0,1,0,0,1,0.3148148148148148,298.70061349852267,1
65,1,1,0,1,0,0,0,0,0,0,1,1,1,1,0,1,1,1,1,1,0,0,1,0,1,0,0,1,0,1,0,0,0,1,0,1,0,0,1,0,1,0,0,1,1,0,0,0,0,0,1,0,0,0,0.3333333333333333,224.6253688571037,1
66,0,1,0,1,0,1,0,0,0,1,1,1,1,1,1,0,1,1,1,1,1,0,1,0,0,0,0,1,0,1,0,1,0,1,0,1,0,0,1,0,1,0,0,1,1,0,1,0,0,0,1,1,0,1,0.2962962962962963,338.0050057453187,1
67,1,0,1,0,1,1,1,1,1,0,0,0,0,0,1,1,0,0,0,0,1,1,0,1,0,1,1,0,1,0,1,0,1,0,1,0,1,1,0,1,1,1,0,0,0,1,1,1,1,1,0,0,1,1,0.2962962962962963,383.5444383970362,1
68,0,0,1,0,1,0,1,1,1,0,0,0,0,0,1,1,0,0,0,0,0,1,0,1,0,1,1,0,1,0,1,0,0,0,0,0,1,1,0,1,0,1,1,0,0,1,0,1,1,1,0,1,1,0,0.2777777777777778,268.336996344672,1
69,0,1,0,1,0,0,0,0,0,0,1,1,1,1,0,0,1,1,1,0,0,0,1,0,0,0,0,1,0,1,0,0,0,1,1,1,0,0,1,0,1,0,0,1,1,0,0,0,0,0,0,0,0,1,0.3148148148148148,281.495281291547,1
70,0,0,1,0,1,0,1,1,1,0,0,0,0,0,1,1,0,1,0,0,0,1,0,1,0,1,1,0,1,0,1,0,1,0,0,0,1,1,0,0,1,1,0,0,0,1,1,1,1,1,0,0,1,0,0.3148148148148148,344.2101236123919,1
71,1,0,1,0,1,1,1,1,1,0,0,0,0,0,0,0,0,1,0,0,1,1,0,1,1,1,1,0,1,0,1,1,0,0,1,0,1,1,0,0,0,1,1,0,0,1,1,1,1,1,0,0,1,0,0.35185185185185186,468.95187937702514,1
72,0,1,0,1,0,0,0,0,0,0,1,1,1,1,1,0,1,1,1,1,0,0,1,0,1,0,0,1,0,1,0,0,0,1,0,1,0,0,1,0,1,0,0,1,1,0,0,0,0,0,1,1,0,0,0.3148148148148148,239.26275431622147,1
73,0,0,0,1,0,0,0,0,0,1,1,0,1,1,1,0,1,1,1,1,0,0,1,0,0,0,0,1,0,1,0,0,0,1,0,1,0,0,1,0,1,0,0,1,1,0,1,0,0,0,1,1,0,0,0.35185185185185186,287.9225096252592,1
74,0,1,0,1,0,0,0,0,0,1,1,0,1,1,1,0,1,1,1,1,0,0,1,0,0,0,0,1,0,1,0,0,0,1,0,1,0,0,1,0,1,0,0,1,1,0,0,1,0,0,1,0,0,0,0.2777777777777778,300.05003414336846,1
75,0,1,0,1,0,0,1,0,0,1,1,1,1,1,1,0,1,1,1,1,0,0,1,0,1,0,0,1,0,1,0,0,0,1,1,1,0,0,1,0,0,0,1,1,1,0,0,0,0,0,1,0,0,0,0.2962962962962963,255.42924358394038,1
76,1,0,1,0,1,1,1,1,1,0,0,0,0,0,1,1,0,1,0,0,0,1,0,1,0,1,1,0,1,0,1,0,1,0,0,0,1,1,0,1,1,1,1,0,0,1,1,1,1,1,0,0,1,1,0.2962962962962963,391.1522598989461,1
77,0,0,1,0,1,1,1,0,1,0,0,0,0,0,0,1,0,1,0,0,0,1,0,1,0,1,1,0,1,0,1,0,1,0,0,0,1,1,0,1,0,1,1,1,0,1,0,1,1,1,0,0,1,1,0.2962962962962963,322.2542272929462,1
78,0,1,0,1,0,0,0,0,0,1,1,0,1,1,1,0,1,1,1,1,0,0,1,0,1,0,0,1,0,1,0,0,0,1,1,1,0,0,1,1,1,1,1,1,1,0,0,1,0,0,1,1,0,0,0.2962962962962963,561.4787310748343,1
79,0,1,0,1,0,1,0,0,0,0,1,1,1,1,0,0,1,1,1,1,0,0,1,0,0,0,0,1,0,1,0,0,0,1,1,1,0,0,1,0,0,0,0,1,1,0,0,0,0,0,1,0,0,1,0.2777777777777778,278.18612881087347,1
80,1,0,1,0,1,1,1,1,1,0,0,0,0,0,1,1,0,0,0,0,1,1,0,1,0,1,1,0,1,0,1,0,1,0,1,0,1,1,0,1,0,1,1,1,0,1,1,0,1,1,0,0,1,1,0.2962962962962963,379.50586264527425,1
81,0,1,0,1,0,0,0,1,0,1,1,0,0,1,0,0,1,1,1,1,0,0,1,0,1,0,0,1,0,1,0,0,0,1,0,1,0,0,1,0,0,0,0,1,1,0,0,1,1,0,1,1,0,0,0.2777777777777778,337.85909743423116,1
82,1,0,1,0,1,0,1,0,1,0,0,0,0,0,1,1,0,1,0,0,1,1,0,1,0,1,1,0,1,0,1,1,1,0,0,0,1,1,0,0,1,1,0,0,0,1,1,1,1,1,0,0,1,0,0.3148148148148148,395.1109135638103,1
83,0,1,0,1,0,0,0,1,0,1,1,1,1,1,0,0,1,1,1,1,0,0,1,0,0,0,0,1,0,1,0,1,0,1,0,1,0,0,1,0,1,0,0,1,1,0,0,0,0,0,1,0,0,0,0.3333333333333333,242.22300007432554,1
84,1,0,1,0,1,1,1,1,1,0,1,0,0,0,0,0,0,1,0,0,1,1,0,1,1,1,1,0,1,0,1,0,1,0,0,0,1,1,0,0,1,1,1,0,0,1,1,0,1,1,0,0,1,0,0.35185185185185186,589.3154828562723,1
85,0,1,0,1,0,0,0,0,0,0,1,0,1,1,1,0,1,1,1,1,0,0,1,0,0,0,0,1,0,1,0,0,0,1,0,1,0,0,1,1,0,0,0,1,1,0,0,0,0,0,1,0,0,1,0.35185185185185186,286.692269447863,1
86,1,0,1,0,1,1,1,1,1,0,0,0,0,0,0,0,0,0,0,0,1,1,0,1,1,1,1,0,1,0,1,1,1,0,0,0,1,1,0,0,0,1,1,0,0,1,0,1,0,1,0,0,1,0,0.3333333333333333,381.6503779074837,1
87,0,0,1,0,1,1,1,1,1,0,0,1,0,1,0,1,0,1,0,0,0,1,0,1,0,1,1,0,1,0,1,0,1,0,0,0,1,1,0,0,0,1,1,0,0,1,1,1,1,1,0,0,1,1,0.3333333333333333,435.99883310789517,1
88,0,1,0,1,0,0,0,0,0,1,1,0,1,1,0,0,1,1,1,0,1,0,1,0,1,0,0,1,0,1,0,0,0,1,0,1,1,0,1,0,0,0,0,1,1,0,0,0,0,0,1,0,0,0,0.3148148148148148,233.96127266557886,1
89,1,1,0,1,0,0,0,0,0,1,1,0,1,1,0,0,1,1,1,1,0,0,1,0,1,0,0,0,0,1,0,0,0,1,0,1,0,0,1,0,1,0,0,1,1,0,0,0,0,0,1,0,0,1,0.35185185185185186,298.82837033716845,1
90,0,1,0,1,0,0,1,0,0,0,1,1,1,1,1,0,1,1,1,1,0,0,1,0,1,0,0,1,0,1,0,0,0,1,0,1,0,0,1,0,1,0,1,1,1,0,0,0,0,0,1,0,0,1,0.35185185185185186,276.3134396391094,1
91,0,1,0,1,0,0,0,0,0,1,1,1,1,1,1,0,1,1,1,1,0,0,1,0,0,0,0,1,0,1,0,0,0,1,0,1,0,0,1,0,1,0,0,1,1,0,0,0,0,0,1,1,0,0,0.35185185185185186,238.49430896700264,1
92,1,0,1,0,1,1,1,0,1,0,0,0,0,0,1,0,0,1,0,0,1,1,0,1,1,1,1,0,1,0,1,1,1,0,0,0,1,1,0,0,0,1,0,0,0,1,1,1,1,1,0,0,1,1,0.3333333333333333,464.16737832081003,1
93,1,0,1,0,1,0,1,1,1,0,0,0,0,0,1,0,0,1,0,0,1,0,0,1,1,1,1,0,1,0,1,0,1,0,1,0,1,1,0,0,0,1,1,0,0,1,1,1,0,1,0,1,1,0,0.2777777777777778,428.5601251161834,1
94,0,1,0,1,0,1,0,0,0,1,1,0,1,1,1,0,1,1,1,1,0,0,1,0,1,0,0,1,0,1,0,0,0,1,0,1,0,0,1,0,1,0,0,1,1,0,0,0,0,0,1,1,0,0,0.3333333333333333,243.39077533105765,1
95,1,1,1,0,1,1,0,0,1,0,0,0,0,0,0,1,0,1,0,0,1,1,0,1,1,1,1,0,1,0,1,1,1,0,1,0,1,1,0,0,0,1,1,0,0,1,0,1,1,1,0,0,1,1,0.35185185185185186,407.61831790168753,1
96,1,1,1,0,1,1,1,1,1,0,0,1,0,0,0,1,0,0,0,0,0,1,0,1,1,1,1,0,1,0,1,1,1,0,0,0,1,0,0,1,1,1,1,0,0,1,0,1,1,1,0,0,1,1,0.35185185185185186,373.7139726476148,1
97,0,0,0,1,0,1,0,0,0,1,1,0,1,1,0,0,1,1,1,1,1,0,1,0,1,0,0,1,0,1,0,0,0,1,1,1,0,0,1,1,1,0,0,0,1,0,0,0,0,0,1,0,0,1,0.25925925925925924,305.40584311246783,1
98,0,0,1,0,1,1,1,1,1,0,0,0,0,0,1,1,0,1,0,0,0,1,0,1,0,1,1,0,1,0,1,0,1,0,0,0,1,1,0,0,0,1,0,0,0,1,1,1,1,1,0,0,1,0,0.37037037037037035,467.37385281699653,1
99,1,0,1,0,1,0,1,0,1,0,0,0,0,0,1,1,0,0,0,0,0,1,0,1,0,1,1,0,1,0,1,0,0,0,1,0,1,1,0,0,1,1,0,0,1,1,0,0,1,1,0,0,1,1,0.3888888888888889,258.6076161566263,1
