,0,1,2,3,4,5,6,7,8,9,10,11,12,13,14,15,16,17,18,19,20,21,22,23,24,25,26,27,28,29,30,31,32,33,34,35,chain_break_fraction,energy,num_occurrences
0,1,0,0,1,0,0,0,1,1,1,1,0,1,1,1,1,1,0,0,1,0,0,1,0,1,0,1,0,1,0,0,1,1,1,1,0,0.16666666666666666,6.26706815370584,1
1,1,0,0,1,0,0,0,1,1,1,1,1,1,1,1,1,1,0,0,1,0,0,1,0,1,0,1,0,1,0,0,1,1,1,1,0,0.25,14.125596265547355,1
2,1,0,0,1,0,0,0,1,1,1,1,1,1,1,1,1,1,0,0,1,0,0,1,0,1,0,1,0,1,0,0,1,1,1,1,0,0.2222222222222222,14.125596265547355,1
3,1,0,0,1,0,0,0,1,1,1,1,1,1,1,1,1,1,0,0,1,0,0,1,0,1,0,1,0,1,0,0,1,1,1,1,0,0.2777777777777778,14.125596265547355,1
4,1,0,0,1,0,0,0,1,1,1,1,1,1,1,1,1,1,0,0,1,0,0,1,0,0,0,1,0,1,0,0,1,1,1,1,0,0.2222222222222222,17.104161196664283,1
5,1,0,0,1,0,0,0,1,1,1,1,1,1,1,0,1,1,0,0,1,0,0,1,0,1,0,1,0,1,0,0,1,1,1,1,0,0.2222222222222222,11.809690339464801,1
6,1,0,0,1,0,0,0,1,1,1,1,0,1,1,1,1,1,0,0,1,0,0,1,0,0,0,1,0,1,0,0,1,1,1,1,0,0.2222222222222222,8.184041457440603,1
7,1,0,0,1,0,0,0,1,1,1,1,1,0,1,1,1,1,0,0,1,0,0,1,0,1,0,1,0,1,0,0,1,1,1,1,0,0.3055555555555556,10.48964302047191,1
8,1,0,0,1,0,0,0,1,1,1,1,0,1,1,0,1,0,0,0,1,0,0,1,0,1,0,1,0,1,0,0,1,1,1,1,0,0.25,3.557337756664063,1
9,1,0,0,1,0,0,0,1,1,1,1,0,1,1,0,1,1,0,0,1,0,0,1,0,1,0,1,0,1,0,0,1,1,1,1,0,0.19444444444444445,4.952697037435932,1
10,1,0,1,1,0,0,0,1,1,1,1,1,1,1,0,1,1,0,0,1,0,0,1,0,1,0,1,0,1,0,0,1,1,1,1,0,0.3055555555555556,14.254234721079701,1
11,1,0,0,1,0,1,0,1,1,1,1,1,0,1,1,1,1,0,0,1,0,0,1,0,1,0,1,0,1,0,0,1,1,1,1,0,0.3055555555555556,18.90113304904562,1
12,1,0,0,1,0,0,0,1,1,1,1,0,1,1,0,1,1,0,0,1,0,0,1,0,1,0,1,0,1,0,0,1,1,1,1,0,0.16666666666666666,4.952697037435932,1
13,1,0,0,1,0,0,0,1,1,1,1,1,1,1,0,1,1,0,0,1,0,0,1,0,1,0,1,0,1,0,0,1,1,1,1,0,0.2777777777777778,11.809690339464801,1
14,1,0,0,1,0,0,0,1,1,1,1,0,1,1,0,1,1,0,0,1,0,0,1,0,1,0,1,0,1,0,0,1,1,1,1,0,0.25,4.952697037435932,1
15,1,0,1,1,0,0,0,1,1,1,1,1,1,1,1,1,1,0,0,1,0,0,1,0,1,0,1,0,1,0,0,1,1,1,1,0,0.2777777777777778,17.082502324447102,1
16,1,0,0,1,0,0,0,1,1,1,1,1,1,1,0,1,1,0,0,1,0,0,1,0,0,0,1,0,1,0,0,1,1,1,1,0,0.25,14.270654341810989,1
17,1,0,0,1,0,0,0,1,1,1,1,1,1,1,1,1,1,0,0,1,0,0,1,0,1,0,1,0,1,0,0,1,1,1,1,0,0.2777777777777778,14.125596265547355,1
18,1,0,0,1,0,0,0,1,1,1,1,1,1,1,0,1,1,0,0,1,0,0,1,0,1,0,1,0,1,0,0,1,1,1,1,0,0.3055555555555556,11.809690339464801,1
19,1,0,1,1,0,0,0,1,1,1,1,1,1,1,0,1,1,0,0,1,0,0,1,0,1,0,1,0,1,0,0,1,1,1,1,0,0.25,14.254234721079701,1
20,1,0,0,1,0,0,0,1,1,1,1,1,1,1,0,1,1,0,0,1,0,0,1,0,1,0,1,0,1,0,0,1,1,1,1,0,0.2777777777777778,11.809690339464801,1
21,1,0,0,1,0,0,0,1,1,1,1,1,1,1,1,1,1,0,0,1,0,0,1,0,1,0,1,0,1,0,0,1,1,1,1,0,0.2777777777777778,14.125596265547355,1
22,1,0,0,1,0,0,0,1,1,1,1,0,1,1,1,1,1,0,0,1,0,0,1,0,0,0,1,0,1,0,0,1,1,1,1,0,0.25,8.184041457440603,1
23,1,0,0,1,0,0,0,1,1,1,0,1,0,1,0,1,1,0,0,1,0,0,0,0,0,0,1,0,1,0,0,1,1,1,1,0,0.25,10.303296962176411,1
24,1,0,1,1,0,1,0,1,1,1,1,1,0,1,1,1,1,0,0,1,0,0,1,0,1,0,1,0,1,0,0,1,1,1,1,0,0.3333333333333333,22.345061776701552,1
25,1,0,1,1,0,0,0,1,1,1,1,1,1,1,0,1,1,0,0,1,0,0,1,0,1,0,1,0,1,0,0,1,1,1,1,0,0.3888888888888889,14.254234721079701,1
26,1,0,0,1,0,0,0,1,1,1,1,1,1,1,1,1,1,0,0,1,0,0,1,0,1,0,1,0,1,0,0,1,1,1,1,0,0.25,14.125596265547355,1
27,1,0,1,1,0,0,0,1,1,1,1,1,1,1,0,1,1,0,0,1,0,0,1,0,1,0,1,0,1,0,0,1,1,1,1,0,0.3055555555555556,14.254234721079701,1
28,1,0,0,1,0,0,0,1,1,1,1,1,1,1,1,1,1,0,0,1,0,0,1,0,1,0,1,0,1,0,0,1,1,1,1,0,0.3055555555555556,14.125596265547355,1
29,1,0,1,1,0,0,0,1,1,1,1,1,0,1,0,1,1,0,0,1,0,0,1,0,1,0,1,0,1,0,0,1,1,1,1,0,0.2777777777777778,10.605304348058596,1
30,1,0,0,1,0,0,0,1,1,1,1,1,0,1,0,1,0,0,0,1,0,0,1,0,0,0,1,0,1,0,0,1,1,1,1,0,0.19444444444444445,8.352764958460263,1
31,1,0,0,1,0,0,0,1,1,1,1,1,0,1,0,1,1,0,0,1,0,0,1,0,1,0,1,0,1,0,0,1,1,1,1,0,0.3055555555555556,8.673737305180314,1
32,1,0,0,1,0,0,0,1,1,1,1,1,1,1,0,1,1,0,0,1,0,0,1,0,1,0,1,0,1,0,0,1,1,1,1,0,0.2777777777777778,11.809690339464801,1
33,1,0,1,1,0,0,0,1,1,1,1,1,1,1,1,1,1,0,0,1,0,0,1,0,1,0,1,0,1,0,0,1,1,1,1,0,0.3055555555555556,17.082502324447102,1
34,1,0,0,1,0,0,0,1,1,1,1,1,0,1,0,1,1,0,0,1,0,0,1,0,1,0,1,0,1,0,0,1,1,1,1,0,0.3888888888888889,8.673737305180314,1
35,1,1,0,1,0,0,0,1,1,1,1,0,1,1,0,1,1,0,0,1,0,0,1,0,1,0,1,0,1,0,0,1,1,1,1,0,0.2777777777777778,11.018594060212237,1
36,1,0,0,1,0,0,0,1,1,1,0,1,1,1,1,1,1,0,0,1,0,0,1,0,0,0,1,0,1,0,0,1,1,1,1,0,0.2222222222222222,12.644101327052393,1
37,1,0,1,1,0,0,0,1,1,1,1,1,1,1,0,1,1,0,0,1,0,0,1,0,1,0,1,0,1,0,0,1,1,1,1,0,0.25,14.254234721079701,1
38,0,0,1,1,0,0,0,1,1,1,1,1,1,1,0,1,1,0,1,1,0,0,1,0,1,0,1,0,1,0,0,1,1,1,1,0,0.3055555555555556,9.811226621649698,1
39,0,0,1,1,0,0,0,1,1,1,1,1,1,1,1,0,1,0,0,1,0,0,1,0,1,0,1,0,1,0,0,1,1,1,1,0,0.2222222222222222,9.392877438124351,1
40,0,0,0,1,0,0,0,1,1,1,1,1,0,1,1,1,1,0,0,1,0,0,1,0,0,0,1,0,1,0,0,1,1,1,1,0,0.2222222222222222,10.43536320075625,1
41,0,1,1,0,1,0,1,0,0,1,0,0,0,1,1,0,0,1,1,0,1,1,0,1,0,1,0,1,0,1,1,0,0,0,0,1,0.4166666666666667,14.663543121110186,1
42,1,0,1,1,0,0,0,1,1,1,1,1,1,1,0,1,1,0,0,1,0,0,1,0,0,0,1,0,1,0,0,1,1,1,1,0,0.25,17.21661584832983,1
43,1,0,1,1,0,0,0,1,1,1,1,1,1,1,1,1,1,0,0,1,0,0,1,0,1,0,1,0,0,0,0,1,1,1,1,0,0.3611111111111111,20.876610746779807,1
44,0,0,0,1,0,0,0,1,1,1,1,1,1,1,1,1,1,0,0,1,0,0,0,0,1,0,1,0,1,0,0,1,1,0,1,0,0.2777777777777778,24.0326568602455,1
45,1,0,0,1,0,0,0,1,1,1,1,1,0,1,1,1,1,0,0,1,0,0,1,0,1,0,1,0,1,0,0,1,1,1,1,0,0.3333333333333333,10.48964302047191,1
46,1,0,1,1,0,0,0,1,1,1,1,0,0,1,0,1,1,0,0,1,0,0,1,0,1,0,1,0,1,0,0,1,1,1,1,0,0.3055555555555556,3.7483108099909317,1
47,1,0,1,1,0,0,0,1,1,1,1,1,1,1,1,1,0,0,0,1,0,0,1,0,0,0,1,0,1,0,0,1,1,1,1,0,0.3055555555555556,16.636349780820158,1
48,1,0,0,1,0,0,0,1,1,1,1,0,0,1,0,1,1,0,0,1,0,0,0,0,0,0,0,0,1,0,0,1,1,1,1,0,0.19444444444444445,9.009542276557678,1
49,0,1,1,0,1,0,1,0,0,1,0,0,0,1,1,0,0,1,1,0,1,1,0,1,1,1,0,1,0,1,1,0,0,0,0,1,0.3333333333333333,18.21073873210823,1
50,1,0,0,1,0,0,0,1,1,1,1,1,1,1,0,1,1,0,0,1,0,0,1,0,1,0,1,0,1,0,0,1,1,1,1,0,0.3055555555555556,11.809690339464801,1
51,1,0,0,1,0,0,0,1,1,1,1,1,0,1,0,1,1,0,0,1,0,0,1,0,1,0,1,0,1,0,0,1,1,1,1,0,0.3611111111111111,8.673737305180314,1
52,1,0,0,1,0,0,0,1,1,1,0,1,1,1,1,1,0,0,0,1,0,0,1,0,0,0,1,0,1,0,0,1,1,1,1,0,0.25,9.748707529701718,1
53,1,0,1,1,0,0,0,1,1,1,1,1,1,1,0,1,1,0,0,1,0,0,1,0,1,0,1,0,0,0,0,1,1,1,1,0,0.3333333333333333,17.512047407071424,1
54,0,1,1,0,1,0,1,0,0,1,0,0,0,1,1,0,0,1,1,0,1,1,0,1,0,1,0,1,0,1,1,0,0,0,0,1,0.4166666666666667,14.663543121110186,1
55,1,0,0,1,0,0,0,1,1,1,1,1,0,1,1,1,1,0,0,1,0,0,1,0,1,0,1,0,1,0,0,1,1,1,1,0,0.3333333333333333,10.48964302047191,1
56,1,0,1,1,0,0,0,1,1,1,1,1,1,1,1,1,1,0,0,1,0,0,1,0,1,0,1,0,0,0,0,1,1,1,1,0,0.3055555555555556,20.876610746779807,1
57,0,1,1,0,1,0,1,0,0,1,0,0,0,1,1,0,0,1,1,0,0,1,0,1,0,1,0,1,1,0,1,0,0,0,0,1,0.3888888888888889,8.962036576533844,1
58,1,0,0,1,0,1,0,1,1,1,1,1,1,1,0,1,1,0,0,1,0,0,1,0,1,0,1,0,1,1,0,1,1,1,1,1,0.2777777777777778,14.184170643166238,1
59,0,1,1,0,1,0,1,0,0,1,0,0,0,1,1,1,0,1,1,0,1,1,0,1,1,1,0,1,0,1,1,0,0,0,0,1,0.3333333333333333,12.92461619730736,1
60,1,0,1,1,0,0,0,1,1,1,1,1,0,1,0,1,1,0,0,1,0,0,1,0,1,0,1,0,1,0,0,1,1,1,1,0,0.3611111111111111,10.605304348058596,1
61,0,0,1,0,1,0,1,0,0,1,0,0,0,1,1,1,0,1,1,0,1,1,0,1,0,1,0,1,0,1,1,0,0,0,0,0,0.2777777777777778,8.663644294512586,1
62,1,0,0,1,0,0,0,1,1,1,1,1,0,1,0,1,1,0,0,1,0,0,1,0,1,0,1,0,1,0,0,1,1,1,1,0,0.3055555555555556,8.673737305180314,1
63,1,1,0,1,0,0,0,1,1,1,1,0,1,1,1,0,0,0,0,1,0,0,1,0,0,0,1,0,1,0,0,1,1,1,1,0,0.2222222222222222,8.122685355341268,1
64,0,1,1,0,1,0,1,0,0,1,0,0,0,1,0,1,0,1,1,0,1,1,0,1,0,1,0,1,0,0,1,0,0,0,0,1,0.2222222222222222,8.93222922971032,1
65,0,1,1,0,1,0,1,0,0,1,0,0,0,1,0,0,0,1,1,0,1,1,0,1,0,1,0,1,0,1,1,0,0,0,0,1,0.4166666666666667,18.789003459739877,1
66,1,0,0,1,0,0,0,1,1,1,1,1,1,0,0,1,1,0,0,1,0,0,0,0,1,0,1,0,1,1,0,1,1,1,1,0,0.3055555555555556,6.5679548756160875,1
67,0,1,0,0,1,0,1,0,0,1,0,0,0,1,1,0,0,1,1,0,1,1,0,1,0,1,0,1,0,1,1,0,0,0,0,1,0.3611111111111111,17.747156839205562,1
68,1,0,1,1,0,0,0,1,1,1,1,1,1,1,0,1,1,0,0,1,0,0,1,0,1,0,1,0,1,0,0,1,1,1,1,0,0.3055555555555556,14.254234721079701,1
69,1,0,1,1,0,0,0,1,1,1,1,0,1,1,1,0,1,0,1,1,0,0,0,0,1,0,1,0,1,0,0,1,1,1,1,0,0.1388888888888889,5.376325068615238,1
70,1,0,0,1,0,1,0,1,1,1,1,1,0,0,1,1,1,0,0,1,0,0,1,0,0,0,1,0,1,0,0,1,1,1,1,0,0.25,14.133922156435101,1
71,1,0,0,1,0,0,0,1,1,1,1,0,1,1,1,1,1,0,0,1,0,0,0,0,1,0,0,0,1,0,0,1,1,1,1,0,0.25,12.74737105096386,1
72,1,0,1,1,0,0,0,1,1,1,1,1,0,1,1,1,1,0,0,1,0,0,0,0,1,0,1,0,1,0,0,1,1,1,1,0,0.3611111111111111,16.913982777258486,1
73,1,0,0,1,0,0,0,1,1,1,1,0,1,1,1,1,1,0,0,1,0,0,1,0,1,0,0,0,0,0,0,1,1,1,1,0,0.25,12.14550177293502,1
74,1,0,0,1,0,1,0,1,1,1,0,0,1,1,0,1,1,0,0,1,0,0,1,0,1,0,1,0,0,0,0,1,1,1,1,0,0.2222222222222222,9.789958466058444,1
75,0,0,0,1,0,0,0,1,1,1,1,1,0,1,0,1,1,0,0,1,0,0,1,0,1,0,1,0,1,0,0,1,1,1,1,0,0.3333333333333333,7.140973310993384,1
76,1,1,0,1,0,0,0,1,1,1,1,1,1,1,0,1,1,0,0,1,0,0,1,0,1,0,0,0,1,0,0,1,1,1,1,0,0.3333333333333333,24.12629758179524,1
77,1,0,0,1,0,0,0,1,1,1,1,1,1,1,0,1,1,0,0,1,0,0,0,0,1,0,1,0,1,0,0,1,1,1,1,0,0.2777777777777778,15.236926633414953,1
78,1,0,1,1,0,0,0,1,1,1,1,1,1,1,0,1,1,0,0,1,0,0,0,0,1,0,1,0,1,0,0,1,1,1,1,0,0.4444444444444444,18.181878092075813,1
79,0,1,1,0,1,0,1,0,0,1,0,0,1,1,1,0,0,1,1,0,1,1,0,1,0,1,0,1,0,0,1,0,0,0,0,1,0.3055555555555556,10.722175705891432,1
80,1,0,0,1,0,1,0,1,1,1,1,1,0,1,0,1,1,0,0,1,0,0,1,0,0,0,1,0,1,0,0,1,1,1,1,0,0.3611111111111111,19.072300692135894,1
81,1,0,0,1,0,1,0,1,1,1,1,1,1,1,1,1,1,0,0,1,0,0,1,0,0,0,1,0,1,0,0,1,1,1,1,1,0.2222222222222222,20.137126059420297,1
82,0,0,1,1,0,0,0,1,1,1,1,1,1,1,1,1,1,0,0,1,0,0,1,0,1,0,1,0,1,0,0,1,1,1,1,0,0.3611111111111111,14.049412584517135,1
83,0,1,1,0,1,0,1,0,0,1,0,0,0,1,1,0,0,1,1,0,1,1,1,1,0,1,0,1,0,1,1,0,0,0,0,1,0.3611111111111111,17.3487098841242,1
84,0,1,0,0,1,0,1,0,0,1,0,0,0,1,1,0,0,1,1,0,0,1,0,1,0,1,0,1,0,1,1,0,0,0,0,1,0.3333333333333333,14.15070528514566,1
85,0,1,1,0,1,0,1,0,0,1,0,0,0,1,1,1,0,1,1,0,1,1,0,1,1,1,0,1,0,1,1,0,0,0,0,1,0.3888888888888889,12.92461619730736,1
86,0,0,0,1,0,0,0,1,1,1,1,1,1,1,1,1,1,0,0,1,0,0,1,0,1,0,1,0,1,0,0,1,1,1,1,0,0.3055555555555556,11.59264772233869,1
87,0,1,1,1,0,1,0,1,1,1,1,1,1,1,1,1,1,0,0,1,0,0,1,0,1,0,1,0,1,0,0,1,1,1,1,1,0.3055555555555556,25.11245950131736,1
88,0,0,1,1,0,0,0,1,1,1,1,1,1,1,1,1,1,0,0,1,0,0,1,0,1,0,0,0,1,0,0,1,1,0,1,0,0.25,27.253817881324885,1
89,0,0,1,1,0,0,0,1,1,1,1,0,1,0,0,1,1,0,0,1,0,0,0,0,0,0,1,0,0,0,0,1,1,1,1,0,0.16666666666666666,5.508480637166502,1
90,1,0,0,1,0,1,0,1,1,1,1,0,1,1,1,0,0,0,0,1,0,0,1,0,0,0,1,0,1,0,0,1,1,1,1,0,0.19444444444444445,7.7283454266297165,1
91,1,0,1,1,0,0,0,1,1,1,1,1,1,1,0,1,1,0,0,1,0,0,1,0,1,0,1,0,1,0,0,1,1,1,1,0,0.3611111111111111,14.254234721079701,1
92,1,0,0,1,0,0,0,1,0,1,1,1,1,1,0,1,1,0,0,1,0,0,1,0,1,0,1,0,1,0,0,1,1,1,1,1,0.3333333333333333,8.202115617880983,1
93,1,0,1,1,0,1,0,1,1,1,1,1,0,0,0,1,1,0,0,1,1,0,1,0,1,0,1,0,0,0,0,1,1,1,1,0,0.3333333333333333,12.702204845728602,1
94,1,0,1,1,0,0,0,1,1,1,1,1,0,1,0,1,1,0,0,1,0,0,1,0,1,0,1,0,1,1,0,1,1,1,1,0,0.3611111111111111,9.089678997120242,1
95,1,0,0,1,0,1,0,1,1,1,1,1,0,1,1,1,0,0,0,1,0,0,0,0,1,0,1,0,1,1,0,1,1,1,1,0,0.3333333333333333,15.101860713288893,1
96,1,0,0,1,0,0,0,1,1,1,1,1,1,0,0,1,1,0,0,1,0,0,0,0,1,0,1,0,1,0,0,1,1,1,1,0,0.3055555555555556,7.965020562045468,1
97,0,1,1,0,1,0,1,0,0,1,0,0,0,1,1,0,0,1,1,0,0,1,0,1,1,1,0,1,0,0,1,0,0,0,0,1,0.3333333333333333,9.263724002428264,1
98,1,0,1,1,0,0,0,1,1,1,1,1,1,1,1,1,1,0,0,1,0,0,1,0,1,0,1,0,1,0,0,1,1,1,1,0,0.4166666666666667,17.082502324447102,1
99,0,0,1,1,0,0,0,1,1,1,1,0,0,0,0,1,0,0,0,1,0,0,0,0,1,0,1,0,1,1,0,1,1,0,0,0,0.2222222222222222,3.3764855825987308,1
