,0,1,2,3,4,5,6,7,8,9,10,11,12,13,14,15,16,17,18,19,20,21,22,23,24,25,26,27,28,29,30,31,32,33,34,35,36,37,38,39,40,41,42,43,44,45,46,47,48,49,50,51,52,53,chain_break_fraction,energy,num_occurrences
0,1,0,1,0,1,1,0,1,0,0,0,0,0,1,1,1,0,1,0,1,1,0,1,0,1,1,1,0,1,0,0,0,1,1,1,1,0,1,0,1,1,1,0,1,0,1,1,0,0,0,1,1,1,0,0.35185185185185186,383.5530947200783,1
1,1,0,1,0,0,1,0,1,0,0,0,0,0,1,1,1,0,1,0,1,1,0,1,1,1,1,1,0,1,0,0,0,1,1,1,1,0,1,0,1,1,1,0,1,0,1,1,0,0,0,1,1,1,0,0.3333333333333333,414.88470497841485,1
2,1,0,1,0,1,1,0,1,0,0,0,0,0,1,1,1,0,1,0,1,1,0,1,1,1,1,1,0,1,0,0,0,1,1,1,1,0,1,0,1,1,1,0,1,0,1,1,0,0,0,1,1,1,0,0.3333333333333333,470.6480015996018,1
3,0,1,0,1,1,0,1,0,1,1,1,1,1,1,0,0,1,1,1,1,0,1,0,0,0,0,0,1,0,1,1,1,0,0,0,1,1,0,1,0,0,0,1,0,1,0,0,1,1,1,1,0,0,1,0.35185185185185186,448.48333365422934,1
4,1,0,1,0,0,1,0,1,0,0,0,0,0,1,1,1,0,1,0,1,1,0,1,0,1,1,1,0,1,1,0,0,1,1,1,1,0,1,0,1,1,1,0,1,0,1,1,0,0,0,1,1,1,0,0.3148148148148148,370.3921117367028,1
5,1,0,1,0,1,1,0,1,0,0,0,0,0,0,1,1,0,1,0,1,1,0,1,0,1,1,1,0,1,0,0,0,1,1,1,1,0,1,0,1,1,1,0,1,0,1,1,0,0,0,1,1,0,0,0.37037037037037035,361.50499689906417,1
6,1,0,1,0,0,1,0,1,0,0,0,0,0,0,1,1,0,1,0,1,1,0,1,1,1,1,1,0,1,0,0,0,1,1,1,1,0,1,0,1,1,1,0,1,0,1,1,0,0,0,1,1,1,0,0.3333333333333333,376.03865725048,1
7,1,0,1,0,0,1,0,1,0,0,0,0,0,0,1,1,0,1,0,1,1,0,1,0,1,1,1,0,1,0,0,0,1,1,1,1,0,1,0,1,1,1,0,1,0,1,1,0,0,0,1,1,1,0,0.3148148148148148,329.3507646178586,1
8,1,0,1,0,1,1,0,1,0,0,0,0,0,0,1,1,0,1,0,1,1,0,1,0,1,1,1,0,1,0,0,0,1,1,1,1,0,1,0,1,1,1,0,0,0,1,1,0,0,0,1,1,1,0,0.3148148148148148,359.6306439583716,1
9,1,0,1,0,1,1,0,1,0,0,0,0,0,1,1,1,0,0,0,1,1,0,1,1,1,1,1,0,1,1,0,0,1,1,1,1,0,1,0,1,1,1,0,1,0,1,1,0,0,0,1,1,1,0,0.37037037037037035,387.3742637622764,1
10,0,1,0,1,1,0,1,0,1,1,1,1,1,0,0,0,1,1,1,1,0,1,0,0,0,0,1,1,0,1,1,1,0,0,0,1,1,0,1,0,0,0,1,0,1,1,0,1,1,1,1,0,0,1,0.3333333333333333,430.07321912185887,1
11,1,0,1,0,0,1,1,1,0,0,0,0,0,1,1,1,0,1,0,1,1,0,1,0,1,1,1,0,1,0,0,0,1,1,1,1,0,1,0,1,1,1,0,1,0,1,1,0,0,0,1,1,1,0,0.3333333333333333,358.3390204065137,1
12,1,0,1,0,1,1,0,1,0,0,0,0,0,0,1,1,0,0,0,1,1,0,1,0,1,1,1,0,1,1,0,0,1,1,1,1,0,1,0,1,1,1,0,0,0,1,1,0,0,0,1,1,1,0,0.37037037037037035,361.92506963830687,1
13,1,0,1,0,0,1,0,1,0,0,0,0,0,0,1,1,0,1,0,1,1,0,1,0,1,1,1,0,1,0,0,0,1,1,1,1,0,1,0,1,1,1,0,1,0,1,1,0,0,1,1,1,1,0,0.3333333333333333,339.80420436409673,1
14,1,0,1,0,0,1,0,1,0,0,0,0,0,1,1,1,0,1,0,1,1,0,1,1,1,1,1,0,1,0,0,0,1,1,1,1,0,1,0,1,1,1,0,1,0,1,1,0,0,0,1,1,1,0,0.35185185185185186,414.88470497841485,1
15,1,0,1,0,1,1,0,1,0,0,0,0,0,0,1,1,0,1,0,1,1,0,1,1,1,1,1,0,1,0,0,0,1,1,1,1,0,1,0,1,1,1,0,1,0,1,1,0,0,1,1,1,1,0,0.37037037037037035,398.9319150243822,1
16,1,0,1,0,0,1,0,1,0,0,0,0,0,0,1,1,0,1,0,1,1,0,1,0,1,1,1,0,1,1,0,0,1,1,1,1,0,1,0,1,1,1,0,1,0,1,1,0,0,0,1,0,1,0,0.3333333333333333,359.7928598752151,1
17,1,0,1,0,0,1,0,1,0,0,0,0,0,1,1,1,0,1,0,1,1,0,1,0,1,1,1,0,1,0,0,0,1,1,1,1,0,1,0,1,1,1,0,0,0,1,1,0,0,0,1,1,0,0,0.3333333333333333,370.8184837217809,1
18,1,0,1,0,0,1,1,1,0,0,0,0,0,1,1,1,0,1,0,1,1,0,1,0,1,1,1,0,1,0,0,0,1,1,1,1,0,1,0,1,1,1,0,0,0,1,1,0,0,0,1,1,1,0,0.35185185185185186,368.51504585928564,1
19,1,0,1,0,1,1,0,1,0,0,0,0,0,0,1,1,0,1,0,1,1,0,1,0,1,1,1,0,1,0,0,0,1,1,1,1,0,1,0,1,1,1,0,1,0,1,1,0,0,0,1,1,1,0,0.37037037037037035,354.7903041679967,1
20,0,1,0,1,1,0,1,0,1,1,1,1,1,0,0,0,1,1,1,1,0,1,0,0,0,0,0,1,0,1,1,1,0,0,0,1,1,0,1,0,0,0,1,0,1,1,0,1,1,1,0,0,0,1,0.3148148148148148,387.0853560760411,1
21,1,0,1,0,0,1,0,1,0,0,0,0,0,0,1,1,0,1,0,1,1,0,1,1,1,1,1,0,1,0,0,0,1,1,1,1,0,1,0,1,1,1,0,1,0,1,1,0,0,0,1,1,1,0,0.35185185185185186,376.03865725048,1
22,0,1,0,1,1,0,1,0,1,1,1,1,1,0,0,0,1,1,1,1,0,1,0,0,0,0,0,1,0,1,1,1,0,0,0,1,1,0,1,0,0,0,1,0,1,0,0,1,1,1,1,0,0,1,0.37037037037037035,482.99407972020697,1
23,1,0,1,0,0,1,0,1,0,0,0,0,0,1,1,1,0,1,0,1,1,0,1,0,1,1,1,0,1,1,0,0,1,1,1,1,0,1,0,1,1,0,0,1,0,1,1,0,0,0,1,1,0,0,0.2962962962962963,358.0119643744087,1
24,1,0,1,0,0,1,0,1,0,0,0,0,0,1,1,1,0,0,0,1,1,0,1,0,1,1,1,0,1,0,0,0,1,1,1,1,0,1,0,1,1,0,0,1,0,1,1,0,0,1,1,1,1,0,0.3148148148148148,302.5924854246812,1
25,1,0,1,0,0,1,0,1,0,0,0,0,0,1,1,1,0,1,0,1,1,0,1,0,1,1,1,0,1,1,0,0,1,1,1,1,0,1,0,1,1,0,0,0,0,1,1,0,0,0,1,1,1,0,0.2962962962962963,354.5788498030422,1
26,1,0,1,0,1,1,0,1,0,0,0,0,0,0,1,1,0,1,0,1,1,0,1,0,1,1,1,0,1,0,0,0,1,1,1,1,0,1,0,1,1,1,0,0,0,1,1,0,0,0,1,1,1,0,0.3888888888888889,359.6306439583716,1
27,1,0,1,0,1,1,1,1,0,0,0,0,0,0,1,1,0,1,0,1,1,0,1,0,1,1,1,0,1,1,0,0,1,1,1,1,0,1,0,1,1,1,0,1,0,0,1,0,0,0,1,1,1,0,0.3333333333333333,375.07902721138555,1
28,1,0,1,0,1,1,0,1,0,0,0,0,0,0,1,1,0,1,0,1,1,0,1,0,1,1,1,0,1,0,0,0,1,1,1,1,0,1,0,1,1,1,0,1,0,0,1,0,0,0,1,1,1,0,0.35185185185185186,359.68092754751234,1
29,0,1,0,1,1,0,1,0,1,1,1,1,1,0,0,0,1,1,1,1,0,1,0,0,0,0,0,1,0,1,1,1,0,0,0,1,1,0,1,0,0,1,1,0,1,0,0,1,1,1,1,0,0,1,0.37037037037037035,633.7679126719195,1
30,1,0,1,0,1,1,0,1,0,0,0,0,0,1,1,1,0,1,0,1,1,0,1,0,1,1,1,0,1,0,0,0,1,1,1,1,0,1,0,1,1,1,0,0,0,1,1,0,0,0,1,1,1,0,0.3888888888888889,398.43783880625233,1
31,1,0,1,0,1,1,0,1,0,0,0,0,0,0,1,1,0,0,0,1,1,0,1,0,1,1,1,0,1,0,0,0,1,1,1,1,0,1,0,1,1,1,0,1,0,0,1,0,0,0,1,1,1,0,0.37037037037037035,329.92959220157866,1
32,1,0,1,0,1,1,0,1,0,0,0,0,0,1,1,1,0,1,0,1,1,0,1,0,1,1,1,0,1,0,0,0,1,1,1,1,0,1,0,1,1,1,0,1,0,1,1,0,0,0,1,1,1,0,0.3888888888888889,383.5530947200783,1
33,1,0,1,0,1,1,0,1,0,0,0,0,0,1,1,1,0,1,0,1,1,0,1,0,1,1,1,0,1,0,0,0,1,1,1,1,0,1,0,1,1,1,0,1,0,1,1,0,1,0,1,1,1,0,0.35185185185185186,375.5238007673864,1
34,1,0,1,0,0,1,0,1,0,0,0,0,0,0,1,1,0,1,0,1,1,0,1,0,1,1,1,0,1,1,0,0,1,1,1,1,0,1,0,1,0,1,0,1,0,0,1,0,0,0,1,1,1,0,0.3333333333333333,347.36011651640433,1
35,0,1,0,1,1,0,1,0,1,1,1,1,0,0,0,0,1,1,1,1,0,1,0,0,0,0,1,1,0,1,1,1,0,0,0,1,1,0,1,0,0,0,1,0,1,0,0,1,1,1,1,0,0,1,0.3333333333333333,426.5401854684376,1
36,1,0,1,0,0,1,0,1,0,0,0,0,0,1,1,1,0,0,1,1,1,0,1,1,1,1,1,0,1,0,0,0,1,1,1,1,0,1,0,1,1,1,0,1,0,0,1,0,0,0,1,1,1,0,0.3333333333333333,373.8926732788257,1
37,1,0,1,0,0,1,0,1,0,0,0,0,0,0,1,1,0,1,0,1,1,0,1,1,1,1,1,0,1,0,0,0,1,1,1,1,0,1,0,1,1,1,0,1,0,1,1,0,0,1,1,1,1,0,0.35185185185185186,363.6649932582112,1
38,1,0,1,0,1,1,0,1,0,0,0,0,0,0,1,1,0,1,0,1,1,0,1,0,1,1,1,0,1,0,0,0,1,1,1,1,0,1,0,1,0,1,0,0,0,0,1,0,0,0,1,1,1,0,0.3888888888888889,396.4162547528741,1
39,1,0,1,0,1,1,0,1,0,0,0,0,0,0,1,1,0,1,0,0,1,0,1,1,1,1,1,0,1,1,0,0,1,1,1,1,0,1,0,1,1,1,0,1,0,1,1,0,0,0,0,1,0,0,0.37037037037037035,399.6867825276457,1
40,1,0,1,0,1,1,0,1,0,0,0,0,0,0,1,1,0,0,0,1,1,0,1,0,1,1,1,0,1,0,0,0,1,1,1,1,0,1,0,1,1,0,0,0,0,1,1,0,0,0,1,1,1,0,0.3888888888888889,314.65989289776127,1
41,1,0,1,0,1,1,0,1,0,0,0,0,0,1,1,1,0,1,0,1,1,1,1,0,1,1,1,0,1,1,0,0,1,1,1,1,0,1,0,1,1,1,0,0,0,1,1,0,0,0,1,1,1,0,0.35185185185185186,385.4340121739444,1
42,1,0,1,0,1,1,0,1,0,0,0,0,0,1,1,1,0,1,0,1,1,0,1,0,1,1,1,0,1,1,0,0,1,1,1,1,0,1,0,1,1,1,0,1,0,0,1,0,0,0,1,1,1,0,0.37037037037037035,385.5438964648723,1
43,1,0,1,0,0,1,0,1,0,0,0,0,0,0,1,1,0,1,0,1,1,0,1,0,1,1,1,0,1,0,0,0,1,1,1,1,0,1,0,1,1,0,0,1,0,1,1,0,0,0,1,1,1,0,0.3333333333333333,328.83793772863515,1
44,0,1,0,1,1,0,1,0,1,1,1,1,1,1,0,0,1,1,1,0,0,1,0,1,0,0,1,1,0,1,1,1,0,0,0,1,1,0,1,0,0,1,1,0,1,1,0,1,1,1,0,0,0,1,0.3333333333333333,390.9172367976589,1
45,1,0,1,0,0,1,0,1,0,0,0,0,0,1,1,1,0,0,0,1,1,0,1,1,1,1,1,0,1,0,0,0,1,1,1,1,0,1,0,1,1,1,0,0,0,0,1,0,0,0,1,1,1,0,0.3148148148148148,370.675423516938,1
46,1,0,1,0,0,1,0,1,0,0,0,0,0,1,1,1,0,0,0,1,1,0,1,1,1,1,1,0,1,0,0,0,1,1,1,1,0,1,0,1,1,1,0,1,0,1,1,0,0,0,1,1,1,0,0.3148148148148148,356.9408911521964,1
47,1,0,1,0,0,1,0,1,0,0,0,0,0,1,1,1,0,1,0,1,1,0,1,1,1,1,1,0,1,0,0,0,1,1,1,1,0,1,0,1,1,1,0,1,0,1,1,0,0,0,1,1,1,0,0.37037037037037035,414.88470497841485,1
48,1,0,1,0,1,1,0,1,0,0,0,0,0,1,1,1,0,1,0,1,1,0,1,0,1,1,1,0,1,1,0,0,1,1,1,1,0,1,0,1,1,1,0,1,0,1,1,0,0,0,1,1,1,0,0.37037037037037035,385.6845757759962,1
49,1,0,1,0,1,1,0,1,0,0,0,0,0,1,1,1,0,0,0,1,1,0,1,1,1,1,1,0,1,1,0,0,1,1,1,1,0,1,0,1,1,1,0,1,0,1,1,0,0,0,1,1,1,0,0.3888888888888889,387.3742637622764,1
50,0,1,0,1,1,0,1,0,1,1,1,1,1,0,0,0,1,1,1,0,0,1,0,0,0,0,0,1,0,1,1,1,0,0,0,1,1,0,1,0,0,0,1,0,1,0,0,1,1,1,1,0,0,1,0.3333333333333333,535.0527113114332,1
51,1,0,1,0,0,1,0,1,0,0,0,0,0,1,1,1,0,1,0,1,1,0,1,0,1,1,0,0,1,0,0,0,1,1,1,1,0,1,0,1,1,0,0,1,0,0,1,0,0,0,1,1,1,0,0.3148148148148148,317.65628438715504,1
52,1,0,1,0,1,1,0,1,0,0,0,0,0,0,1,1,0,1,0,1,1,0,1,0,1,1,1,0,1,0,0,0,1,1,1,1,0,1,0,1,1,1,0,1,0,1,1,0,0,0,1,1,1,0,0.3148148148148148,354.7903041679967,1
53,0,1,0,1,1,0,1,0,1,1,1,1,1,0,0,0,1,1,0,0,0,1,0,0,0,0,0,1,0,1,1,1,0,0,0,1,1,0,1,0,0,1,1,0,1,0,0,1,1,1,0,0,1,1,0.37037037037037035,645.6328030457768,1
54,1,0,1,0,0,1,0,1,0,0,0,0,0,1,1,1,0,1,0,1,1,0,1,0,1,1,1,0,1,0,0,0,1,1,1,1,0,1,0,1,1,0,0,0,0,1,1,0,0,0,1,0,1,0,0.3333333333333333,413.98052261288905,1
55,1,0,1,0,0,1,0,1,0,0,0,0,0,1,1,1,0,1,0,1,1,0,1,0,1,1,1,0,1,1,0,0,1,1,1,1,0,1,0,1,0,1,0,0,0,1,1,0,0,0,1,1,1,0,0.35185185185185186,354.1553748582962,1
56,1,0,1,0,1,1,0,1,0,0,0,0,0,0,1,1,0,1,0,1,1,0,1,0,1,1,1,0,1,0,0,0,1,1,1,1,0,1,0,1,1,1,0,1,0,1,1,0,1,0,1,1,1,0,0.3888888888888889,351.76884743588846,1
57,0,1,0,1,1,0,1,0,1,1,1,1,1,0,0,0,1,1,0,1,0,1,0,0,0,0,0,1,0,1,1,1,0,0,0,1,1,0,1,0,0,0,1,0,1,0,0,1,1,1,1,0,0,1,0.3333333333333333,509.0233955158204,1
58,1,0,1,0,0,1,0,1,0,0,0,0,0,0,1,1,0,1,0,1,1,0,1,0,1,1,1,0,1,0,0,0,1,1,1,1,0,1,0,1,1,1,0,1,0,1,1,0,0,0,1,1,1,0,0.3888888888888889,329.3507646178586,1
59,0,1,0,1,1,0,1,0,1,1,1,1,1,0,0,0,1,1,1,0,0,1,0,0,0,0,0,1,0,1,1,1,0,0,0,1,1,0,1,0,0,0,1,0,1,0,0,1,1,1,0,0,0,1,0.4074074074074074,397.29364664402124,1
60,1,0,1,0,0,1,0,1,0,0,0,0,0,1,1,1,0,1,0,1,1,0,1,0,1,1,1,0,1,0,0,0,1,1,1,1,0,1,0,1,0,1,0,0,0,1,1,0,1,0,1,1,1,0,0.3333333333333333,359.766582157829,1
61,1,0,1,0,0,1,0,1,0,0,0,0,0,0,1,1,0,1,0,1,1,0,1,0,1,1,1,0,1,0,0,0,1,0,1,1,0,1,0,1,1,1,0,1,0,1,1,0,0,0,1,1,1,0,0.2962962962962963,326.67619807852367,1
62,1,0,1,0,1,1,1,1,0,0,0,0,0,0,1,1,0,1,0,1,1,0,1,1,1,1,1,0,1,0,0,0,1,1,1,1,0,1,0,1,1,1,0,1,0,1,1,0,0,0,1,1,1,0,0.4074074074074074,443.1505066698852,1
63,1,0,1,0,0,1,0,1,0,0,0,0,0,1,1,1,1,1,1,1,1,0,1,0,1,1,1,0,1,1,0,0,1,1,1,1,0,1,0,1,1,1,0,1,0,1,1,0,0,0,1,1,1,0,0.3333333333333333,376.1668759006804,1
64,1,0,1,0,1,1,0,1,0,0,0,0,0,0,1,1,0,1,0,1,1,0,1,0,1,1,1,0,1,0,0,0,1,1,1,1,0,1,0,1,1,1,0,1,0,1,1,0,0,0,1,1,1,0,0.4074074074074074,354.7903041679967,1
65,1,0,1,0,0,1,0,1,0,0,0,0,0,1,1,1,0,1,0,1,1,0,1,0,1,1,1,0,1,1,0,0,1,1,1,1,0,1,0,1,1,1,0,0,0,1,1,0,0,0,1,1,1,0,0.3888888888888889,353.73189991355065,1
66,0,1,0,1,1,0,1,0,1,1,1,1,1,1,0,0,1,1,0,1,0,1,0,0,0,0,0,1,0,1,1,1,0,0,0,1,1,0,1,0,0,0,1,0,1,0,0,1,1,1,1,0,0,1,0.3148148148148148,469.5116212213476,1
67,1,0,1,0,1,1,0,1,0,1,0,0,0,0,1,1,0,1,0,1,1,0,1,1,1,1,1,0,1,0,0,0,1,1,1,1,0,1,0,1,1,1,0,1,0,1,1,0,0,0,1,1,1,0,0.37037037037037035,443.27859175971827,1
68,1,0,1,0,1,1,0,1,0,0,0,0,0,0,1,1,0,0,0,0,1,0,1,1,1,1,1,0,1,0,0,0,1,1,1,1,0,1,0,1,1,0,0,1,0,1,1,0,0,0,1,0,1,0,0.3148148148148148,346.88389046113207,1
69,1,0,1,0,0,1,0,1,0,0,0,0,0,0,1,1,0,1,1,1,1,0,1,0,1,1,1,0,1,0,0,0,1,1,1,1,0,1,0,1,1,0,0,1,0,1,1,0,0,0,0,0,1,0,0.3148148148148148,423.03816851943014,1
70,1,0,1,0,0,1,0,1,0,0,0,0,0,1,1,1,0,1,0,1,1,0,1,0,0,1,1,0,1,0,0,0,1,1,1,1,0,1,0,1,1,0,0,0,0,1,1,0,0,0,1,0,1,0,0.3148148148148148,391.8471110482822,1
71,1,0,1,1,0,1,0,1,0,1,0,0,0,1,1,1,0,1,0,1,1,0,1,0,1,1,1,0,1,0,0,0,1,1,1,1,0,1,0,1,1,0,0,1,0,0,1,0,0,0,1,1,1,0,0.2777777777777778,438.18813286160554,1
72,1,0,1,0,0,1,0,1,0,0,0,0,0,0,1,1,0,1,0,1,1,0,1,0,1,1,1,0,1,0,0,0,1,1,1,1,0,1,0,1,1,1,0,0,0,0,1,0,0,0,1,1,1,0,0.3888888888888889,329.26707374315697,1
73,0,1,0,1,1,0,1,0,1,1,1,1,1,0,0,1,1,1,1,1,0,1,0,0,0,0,0,1,0,1,1,1,0,0,0,1,1,0,1,0,0,1,1,0,1,0,0,1,1,1,1,0,0,1,0.3888888888888889,599.6182022766611,1
74,0,1,0,1,1,0,0,0,1,1,1,1,1,0,0,0,1,1,1,0,0,1,0,0,0,0,0,1,0,1,1,1,0,0,0,1,1,0,1,0,0,0,1,0,1,0,0,1,1,1,1,0,0,1,0.37037037037037035,566.2199490369579,1
75,0,1,0,1,1,0,1,0,1,1,1,1,1,0,0,0,1,1,1,1,0,1,0,0,0,0,1,1,0,1,1,1,0,0,0,1,1,0,1,0,0,0,1,0,1,0,0,1,1,1,1,0,0,1,0.3888888888888889,413.2894072464486,1
76,1,0,1,0,0,1,0,1,0,0,0,0,0,1,1,1,0,1,0,1,1,0,1,0,1,1,1,0,1,1,0,0,1,1,1,1,0,1,0,0,1,1,1,0,0,1,1,0,0,0,1,1,1,0,0.35185185185185186,356.58811985484067,1
77,1,0,1,0,0,1,0,1,0,0,0,0,0,0,1,1,0,1,0,1,1,0,1,0,1,1,1,0,1,0,0,0,1,1,1,1,0,1,0,0,1,1,0,1,0,0,1,0,1,0,1,1,1,0,0.37037037037037035,329.2248136928529,1
78,1,0,1,0,1,1,1,1,0,0,0,0,0,0,1,1,0,0,0,1,1,0,1,0,1,1,1,0,1,0,0,0,1,1,1,1,0,1,0,1,1,0,0,1,0,1,1,0,0,0,1,1,1,0,0.3148148148148148,320.13492244739604,1
79,1,0,1,0,0,1,0,1,0,0,0,0,0,0,1,1,0,1,0,1,1,0,1,0,1,1,1,0,1,0,0,0,1,1,1,1,0,1,0,1,1,1,0,0,0,1,1,0,0,0,0,1,0,0,0.37037037037037035,379.8025361476987,1
80,0,1,0,1,1,0,1,0,1,1,1,1,1,0,0,0,1,1,1,1,0,1,0,1,0,0,0,1,0,1,1,1,0,0,0,1,1,0,1,0,0,0,0,1,1,0,0,1,1,1,0,0,0,1,0.3148148148148148,361.39481075816053,1
81,1,1,1,0,0,1,1,1,0,0,0,0,0,1,1,1,0,1,0,1,1,0,1,1,0,1,1,0,1,0,0,0,1,1,1,1,0,1,0,1,1,1,0,1,0,1,1,0,0,0,1,1,1,0,0.35185185185185186,477.44705494721336,1
82,1,0,1,0,0,1,0,1,0,0,0,0,0,1,1,1,0,0,0,1,1,0,1,1,1,1,1,0,1,0,0,0,1,1,1,1,0,1,0,1,1,1,0,0,0,1,1,0,1,0,1,1,1,0,0.4074074074074074,352.4235639110636,1
83,1,0,1,0,0,1,1,1,0,0,0,0,0,0,1,1,0,0,0,1,1,0,1,0,1,1,1,0,1,0,0,0,1,1,1,1,0,1,0,1,1,1,0,0,0,1,1,0,1,0,1,1,1,0,0.35185185185185186,309.6822717110972,1
84,1,0,1,0,0,1,1,1,0,1,0,0,0,1,1,1,0,0,0,1,1,0,1,0,1,1,1,0,1,0,0,0,1,1,1,1,0,1,0,1,1,0,0,0,0,0,1,0,0,0,1,1,1,0,0.3333333333333333,358.02306257767964,1
85,1,0,1,0,1,1,0,1,0,0,0,0,0,1,1,1,0,1,0,1,1,0,1,0,0,1,1,0,1,1,0,0,1,1,1,1,0,1,0,0,1,1,0,1,0,1,1,0,0,0,1,0,1,0,0.3333333333333333,383.79579992605795,1
86,1,0,1,0,0,1,0,1,0,0,0,0,0,0,1,1,0,1,0,1,1,0,1,0,1,1,1,0,1,0,0,0,1,1,1,1,0,1,0,1,1,1,0,1,0,1,1,0,0,0,0,1,1,0,0.3333333333333333,332.4438851253824,1
87,0,1,0,1,1,0,1,0,1,1,1,1,1,0,0,0,1,1,1,0,0,1,0,1,0,0,1,1,0,1,1,1,0,0,0,1,1,0,1,0,0,1,1,0,1,0,0,1,1,1,1,0,0,1,0.3888888888888889,478.1635653326607,1
88,0,1,0,1,1,0,1,0,1,1,1,1,1,0,0,0,1,1,1,0,0,1,0,1,0,0,1,1,0,1,1,1,0,0,0,1,1,0,1,0,0,1,1,0,1,0,0,1,1,1,0,0,0,1,0.37037037037037035,386.69086566771216,1
89,1,0,1,0,0,1,0,1,0,0,0,0,0,1,1,1,0,1,1,1,1,0,1,0,1,1,1,0,1,0,0,0,1,1,1,1,0,1,0,1,1,1,0,0,0,1,1,0,0,1,0,1,1,0,0.3148148148148148,385.4519792791834,1
90,1,0,1,0,0,1,0,1,0,0,0,0,0,0,1,1,0,1,0,1,1,0,1,0,0,1,1,0,1,0,0,0,1,1,1,1,0,1,0,1,1,1,0,0,0,1,1,0,0,0,1,1,1,0,0.3888888888888889,321.68673735636384,1
91,0,1,0,1,1,0,1,0,1,1,1,1,1,0,0,0,1,1,0,1,0,1,0,1,0,0,0,1,0,1,1,1,0,0,0,1,1,0,1,0,0,0,1,0,1,1,0,1,1,1,1,0,1,1,0.3148148148148148,512.3147367883972,1
92,1,0,1,0,0,1,1,1,0,1,0,0,0,0,1,1,0,0,0,0,1,0,1,0,0,1,1,0,1,0,0,0,1,1,1,1,0,1,0,0,1,0,0,0,0,1,1,0,0,0,1,1,1,0,0.3148148148148148,276.4958998955792,1
93,1,0,1,0,0,1,0,1,0,1,0,0,0,1,1,1,0,0,0,1,1,0,1,0,1,1,1,0,1,0,0,0,1,1,1,1,0,1,0,1,1,0,0,1,0,1,1,0,0,0,1,1,0,0,0.3888888888888889,326.0853947887037,1
94,1,0,1,0,0,1,0,1,0,0,0,0,0,1,1,1,0,1,0,1,1,1,1,0,1,1,1,0,1,0,0,0,1,1,1,1,0,1,0,1,0,1,0,0,0,1,1,0,0,0,1,1,1,0,0.3888888888888889,391.3684069384293,1
95,1,0,1,0,0,1,1,1,0,0,0,0,0,1,1,1,0,0,0,1,1,0,1,0,1,1,1,0,1,0,0,0,1,1,1,1,0,1,0,1,1,0,0,0,0,0,1,0,0,0,0,1,0,0,0.35185185185185186,456.68314789518087,1
96,0,1,0,1,1,0,1,0,1,1,1,1,1,0,0,0,1,1,1,1,0,1,0,0,0,0,0,1,0,1,1,1,0,0,0,1,1,0,1,0,0,0,1,0,1,0,0,1,0,1,1,0,0,1,0.37037037037037035,454.39166292643995,1
97,1,0,1,0,1,1,0,1,0,0,0,0,0,1,1,1,0,1,0,1,1,0,1,0,0,1,1,0,1,0,0,0,1,1,1,1,0,1,0,1,1,1,0,1,0,1,1,0,0,0,0,0,1,0,0.37037037037037035,426.93643813358767,1
98,1,1,1,0,1,1,0,1,0,0,0,0,0,1,1,1,0,1,1,1,1,0,1,0,1,1,1,0,1,0,0,0,1,1,1,1,0,1,0,1,1,1,0,0,0,1,1,0,0,0,1,1,1,0,0.4074074074074074,483.0304885954098,1
99,0,0,1,0,1,1,0,1,0,0,0,0,0,1,1,1,0,1,0,1,1,0,1,0,1,1,1,0,1,1,0,0,1,1,1,1,0,1,0,1,1,1,0,1,0,1,1,0,1,0,1,1,0,0,0.35185185185185186,369.36827241584524,1
