,0,1,2,3,4,5,6,7,8,9,10,11,12,13,14,15,16,17,18,19,20,21,22,23,24,25,26,27,28,29,30,31,32,33,34,35,36,37,38,39,40,41,42,43,44,45,46,47,48,49,50,51,52,53,chain_break_fraction,energy,num_occurrences
0,0,1,1,0,0,1,0,1,0,0,1,0,1,0,1,0,1,0,1,0,1,1,1,0,0,0,1,1,0,1,1,0,0,1,0,0,0,1,0,0,1,1,0,1,0,1,1,0,1,0,0,0,1,1,0.2777777777777778,393.9728658773669,1
1,0,1,1,0,0,1,0,1,0,0,1,0,1,0,1,0,1,0,1,0,1,1,1,0,0,0,1,1,0,1,1,0,0,1,0,0,0,0,0,0,1,1,0,1,0,0,1,0,1,0,0,0,1,1,0.2962962962962963,425.08803023462417,1
2,0,1,0,0,0,1,0,1,0,0,1,0,1,0,0,0,1,0,0,0,1,1,1,0,0,0,1,1,0,0,0,0,0,1,0,0,0,0,0,0,0,1,0,1,0,1,1,0,1,0,0,0,1,1,0.25925925925925924,252.3722270344279,1
3,0,1,0,0,0,1,0,1,1,0,1,0,1,0,1,0,1,0,1,0,1,1,1,0,0,0,1,1,0,1,1,0,0,1,0,0,0,0,0,0,0,1,0,1,0,0,1,0,1,0,0,0,1,1,0.2777777777777778,458.9912553334765,1
4,1,0,0,1,1,0,1,0,0,1,0,1,0,1,0,1,0,1,0,1,0,0,0,0,1,1,0,0,1,0,0,1,0,0,1,1,1,1,1,1,0,0,1,0,1,0,0,1,1,0,1,1,0,0,0.3148148148148148,485.1122958006671,1
5,0,1,0,0,0,1,0,1,0,0,1,0,1,0,1,0,1,0,1,0,1,1,1,0,0,0,1,1,0,0,1,0,0,1,0,0,0,0,0,0,1,1,0,1,0,0,1,0,1,0,0,0,1,1,0.3333333333333333,351.4317239082662,1
6,0,1,0,0,0,1,0,1,0,1,1,0,1,0,0,0,1,0,1,0,1,1,1,0,0,0,1,1,0,1,1,0,0,1,0,0,0,0,0,0,0,1,0,1,0,0,1,0,1,0,0,0,1,1,0.25925925925925924,268.09087145209907,1
7,0,1,1,0,0,1,0,1,0,0,1,0,1,0,1,1,1,0,1,0,1,1,1,0,0,0,1,1,0,1,1,0,0,1,0,0,0,0,0,0,0,1,0,1,0,1,1,0,1,1,0,0,1,1,0.25925925925925924,423.2940954624933,1
8,0,1,1,0,0,1,0,1,1,0,1,0,1,0,0,0,1,0,1,0,1,1,1,0,0,0,1,1,0,1,1,0,0,1,0,0,0,0,0,0,0,1,0,1,0,0,1,0,0,1,0,0,1,1,0.2962962962962963,446.666456029618,1
9,0,1,0,0,0,1,0,1,0,0,1,0,1,0,1,0,1,0,1,0,1,1,1,0,0,0,1,1,0,0,0,0,0,1,0,0,0,0,0,0,1,1,0,1,0,0,1,0,1,0,0,0,1,1,0.2777777777777778,372.8227057699785,1
10,0,1,0,0,0,1,0,1,0,0,1,0,0,0,0,0,1,0,1,0,1,1,1,0,0,0,1,1,0,0,1,0,0,1,0,0,0,0,0,0,0,1,0,1,0,0,1,0,1,0,0,0,1,1,0.3148148148148148,249.54096335921895,1
11,0,1,0,0,0,1,0,1,0,0,1,0,1,0,0,0,1,0,1,0,1,1,1,0,0,0,1,1,0,1,1,0,0,1,0,0,0,0,0,0,0,1,0,1,0,0,1,0,0,0,0,0,1,1,0.2962962962962963,261.2489954345278,1
12,0,1,1,0,0,1,0,1,1,0,1,0,1,0,1,0,1,0,1,0,1,1,1,0,0,0,1,1,0,0,1,0,0,1,0,0,0,0,0,0,1,1,0,1,0,1,1,0,1,1,0,0,1,1,0.3333333333333333,594.654867025974,1
13,1,0,0,1,1,0,1,0,0,1,0,1,0,1,0,1,0,1,0,1,0,0,0,1,1,1,0,0,1,0,0,0,0,0,1,1,1,0,1,1,0,0,1,0,1,1,0,1,1,0,1,1,0,0,0.25925925925925924,348.391581380851,1
14,0,1,0,0,0,1,0,1,0,0,1,0,1,0,1,0,1,0,1,0,1,1,1,0,0,0,1,1,0,1,1,0,0,1,0,0,0,0,0,0,0,1,0,0,0,1,1,0,1,1,0,0,1,1,0.2962962962962963,320.4189519746778,1
15,0,1,0,0,0,1,0,1,0,1,1,0,1,0,0,0,1,0,1,0,1,1,1,0,1,0,1,1,0,0,1,0,0,1,0,0,0,0,0,0,0,1,0,1,0,1,1,0,1,0,0,0,1,1,0.2777777777777778,300.5538927507119,1
16,0,1,0,0,0,1,0,1,0,0,1,0,1,0,0,0,1,0,1,0,1,1,1,0,0,0,1,1,0,1,1,0,0,1,0,0,0,0,0,0,0,1,0,1,0,0,1,0,1,0,0,0,1,1,0.2777777777777778,255.4829775047096,1
17,0,1,0,0,0,1,0,1,1,0,1,0,1,0,1,1,1,0,1,0,1,1,1,0,0,0,1,1,0,1,1,0,0,1,0,0,0,0,0,0,1,1,0,1,0,1,1,0,1,0,0,0,1,1,0.2777777777777778,430.07393628845034,1
18,0,1,0,0,0,1,0,1,1,0,1,0,1,0,1,0,1,0,0,0,1,1,1,0,0,0,1,1,0,1,1,0,0,1,0,0,0,0,0,0,0,1,0,1,0,0,1,0,1,1,0,0,1,1,0.2962962962962963,395.77139357621184,1
19,0,1,1,0,0,1,0,1,0,0,1,0,1,0,0,0,1,0,1,0,1,1,1,0,0,0,1,1,0,0,1,0,0,0,0,0,0,0,0,0,1,1,0,1,0,0,1,0,1,1,1,0,1,1,0.25925925925925924,312.75998273892077,1
20,0,1,0,0,0,1,0,1,0,0,1,0,1,0,1,0,1,0,1,0,1,0,1,0,0,0,1,1,0,1,1,0,0,1,0,0,0,0,0,0,0,1,0,1,0,1,1,0,1,0,0,0,1,1,0.2962962962962963,307.00565575332536,1
21,0,1,1,0,0,1,0,1,0,0,1,0,0,0,0,1,1,0,1,0,1,1,1,0,0,0,1,1,0,0,1,0,0,1,0,0,0,0,0,0,1,1,0,1,0,0,1,0,1,1,0,0,1,1,0.24074074074074073,319.50662627701337,1
22,0,1,0,0,0,1,0,1,0,0,1,0,1,0,1,0,1,0,0,0,1,1,1,0,0,0,1,1,0,0,1,0,0,1,0,0,0,0,0,0,0,1,0,1,0,1,1,0,1,0,0,0,1,1,0.3148148148148148,339.9035133771004,1
23,0,1,0,0,0,1,0,1,0,1,1,0,0,0,0,0,1,0,1,0,1,1,1,0,0,0,1,1,0,0,0,0,0,0,0,0,0,0,0,0,0,1,0,1,0,1,1,0,1,0,0,0,1,1,0.2962962962962963,286.1402663009957,1
24,0,1,0,0,0,1,0,1,0,0,1,0,0,0,0,1,1,0,1,0,1,1,1,0,0,0,1,1,0,0,1,0,0,1,0,0,0,0,0,0,0,1,0,1,0,1,1,0,1,0,0,0,1,1,0.2962962962962963,252.90764879308853,1
25,0,1,0,0,0,1,0,1,0,0,1,0,1,0,0,1,1,0,1,0,1,1,1,0,0,0,1,1,0,0,0,0,0,1,0,0,0,0,0,0,0,1,0,1,0,1,1,0,1,1,0,0,1,1,0.2962962962962963,260.37150521535324,1
26,0,1,0,0,0,1,0,1,0,1,1,0,1,0,0,0,1,0,1,0,1,1,1,0,0,0,1,1,0,1,1,0,0,0,0,0,0,0,0,0,0,1,0,1,0,0,1,0,1,1,0,0,1,1,0.2777777777777778,261.16255703224897,1
27,0,1,0,0,0,1,0,1,0,0,1,0,1,1,1,0,1,0,1,0,1,1,1,0,0,0,1,1,0,1,1,0,0,1,0,0,0,0,0,0,0,1,0,1,0,0,1,0,1,1,0,0,1,1,0.2962962962962963,354.12222875017807,1
28,0,1,0,0,0,1,0,1,0,0,1,0,1,1,1,0,1,0,1,0,1,0,1,0,0,0,1,1,0,0,1,0,0,1,0,0,0,0,0,0,0,1,0,1,0,0,1,0,1,0,0,0,1,1,0.2777777777777778,422.9214378285496,1
29,0,1,0,0,0,1,0,1,0,0,1,0,1,0,0,0,1,0,1,0,1,1,1,0,0,0,1,0,0,1,1,0,0,1,0,0,0,0,1,0,0,1,0,0,0,1,1,0,0,1,1,0,1,1,0.25925925925925924,347.392982360468,1
30,0,1,1,0,0,1,0,1,1,0,1,0,1,0,1,0,1,0,0,0,1,0,1,0,0,0,1,1,0,1,1,0,0,1,0,0,0,0,0,0,0,1,0,1,0,0,1,0,1,1,0,0,1,1,0.2962962962962963,505.47706220744163,1
31,0,1,0,0,0,1,0,1,0,0,1,0,1,0,0,0,1,0,0,0,1,1,1,0,0,0,1,1,0,0,1,0,0,1,0,0,0,0,0,0,1,1,0,1,0,0,1,0,1,0,0,0,1,1,0.3148148148148148,239.41129735707983,1
32,0,1,1,0,0,1,0,1,0,0,1,0,0,0,0,0,1,0,0,0,1,1,1,0,0,0,1,1,0,1,1,0,0,1,0,0,0,0,0,0,0,1,0,1,0,0,1,0,1,1,0,0,1,1,0.2962962962962963,292.3700740806436,1
33,0,1,0,0,0,1,0,1,0,1,1,0,1,0,0,0,1,0,1,0,1,1,1,0,0,0,1,1,0,0,1,0,0,1,0,0,0,0,0,0,0,1,0,1,0,0,1,0,1,0,0,0,1,1,0.2777777777777778,290.0197905638249,1
34,0,1,0,0,0,1,0,1,0,0,1,0,0,0,1,0,1,0,1,0,1,1,1,0,1,0,1,0,0,1,1,0,0,1,0,0,0,0,0,0,1,1,0,1,0,1,1,0,1,0,0,0,1,1,0.2962962962962963,322.7300054339149,1
35,0,1,0,0,0,1,0,1,0,0,1,0,1,0,0,0,1,0,0,0,1,0,1,0,0,0,1,1,0,0,1,0,0,1,0,0,0,0,0,0,1,1,0,1,0,1,1,0,1,1,0,0,1,1,0.2962962962962963,233.81771393213074,1
36,0,1,0,0,0,1,0,1,0,0,1,0,0,0,0,0,1,0,1,0,1,1,1,0,0,0,1,0,0,0,0,0,0,1,0,0,0,0,0,0,1,1,0,1,0,1,1,0,0,1,0,0,1,1,0.2962962962962963,244.74883012313524,1
37,0,1,0,0,0,1,0,1,0,1,1,0,1,0,0,0,1,0,1,0,1,1,1,0,0,0,1,1,0,0,0,0,0,1,0,0,0,0,1,0,0,1,0,1,0,1,1,0,1,0,0,0,1,1,0.2777777777777778,273.8665935150329,1
38,0,1,1,0,0,1,0,1,0,0,1,0,1,0,1,0,1,0,0,0,1,0,1,0,0,0,1,1,0,1,1,0,0,1,0,0,0,0,0,0,0,1,0,1,0,1,1,0,1,0,0,0,1,1,0.2777777777777778,388.6577170651316,1
39,0,1,1,0,0,1,0,1,0,0,1,0,1,0,1,0,1,0,1,0,1,0,1,0,0,0,1,1,0,1,1,0,0,0,0,0,0,0,0,0,0,1,0,1,0,0,1,0,1,0,0,0,1,1,0.2962962962962963,447.7267867706578,1
40,1,0,0,1,1,0,1,0,0,1,0,1,0,1,0,1,0,1,0,1,0,0,0,1,1,1,0,0,1,0,0,1,0,0,1,1,1,0,1,1,0,0,1,0,1,0,0,1,0,1,1,1,0,0,0.3148148148148148,389.08046209068283,1
41,0,1,1,0,0,1,0,1,0,0,1,0,1,0,1,0,1,0,1,0,1,1,1,0,1,0,1,1,0,1,1,0,0,1,0,0,0,0,0,0,1,1,0,1,0,1,1,0,1,1,0,0,1,1,0.3333333333333333,408.1799520133745,1
42,0,1,0,0,0,1,0,1,1,0,1,0,1,0,0,0,1,0,0,0,1,1,1,0,0,0,1,1,0,0,1,0,0,1,0,0,0,0,0,0,0,1,0,1,0,0,1,0,1,1,0,0,1,1,0.2962962962962963,327.2125584079558,1
43,0,1,0,0,0,1,0,1,0,0,1,0,1,0,1,0,1,0,1,0,1,1,1,0,1,0,1,1,0,1,1,0,0,1,0,0,0,0,1,0,0,1,0,1,0,0,1,0,1,1,0,0,1,1,0.3148148148148148,340.53217035588483,1
44,0,1,0,0,0,1,0,1,0,0,1,0,0,0,0,0,1,0,1,0,1,1,1,0,1,0,1,1,0,1,1,0,0,1,0,0,0,0,0,0,0,1,0,1,0,1,1,0,0,0,0,0,1,1,0.3333333333333333,262.82843535296996,1
45,0,1,0,0,0,1,0,1,0,0,1,0,1,0,0,0,1,0,0,0,1,1,1,0,0,0,1,1,0,1,1,0,0,1,0,0,0,0,0,0,1,1,0,1,0,0,1,0,1,1,0,0,1,1,0.3333333333333333,276.86422005899567,1
46,0,1,1,0,0,1,0,1,1,0,1,0,1,0,1,0,1,0,1,0,1,1,1,0,0,0,1,1,0,1,1,0,0,1,0,0,0,1,0,0,0,1,0,1,0,0,1,0,1,0,0,0,1,1,0.3148148148148148,576.2796675527117,1
47,0,1,0,0,0,1,0,1,0,0,1,0,1,0,0,0,1,0,1,0,1,1,1,0,0,0,1,0,0,0,1,0,0,1,0,0,0,0,0,0,1,1,0,1,0,0,1,0,1,1,0,0,1,1,0.3148148148148148,246.06203055989727,1
48,0,1,1,0,0,1,0,1,1,0,1,0,1,0,1,0,1,0,1,0,1,1,1,0,0,0,1,1,0,1,1,0,1,1,0,0,0,0,0,0,0,1,0,1,0,0,1,0,1,1,0,0,1,1,0.3148148148148148,499.39113666477454,1
49,0,1,0,0,0,1,0,1,0,0,1,0,1,0,1,0,1,0,1,0,1,1,1,0,0,0,1,1,0,0,1,0,1,1,0,0,0,0,0,0,0,1,0,1,0,0,1,0,1,0,0,0,1,1,0.3333333333333333,327.4235239204693,1
50,0,1,1,0,0,1,0,1,0,0,1,0,1,0,1,0,1,0,1,0,1,0,1,0,0,0,1,1,0,1,1,0,0,1,0,0,0,1,0,0,0,1,0,1,0,0,1,0,0,0,0,0,1,1,0.3333333333333333,416.6665855517148,1
51,0,0,0,1,1,0,1,0,0,1,0,1,0,0,0,0,0,1,1,1,0,0,0,1,1,1,0,0,1,0,0,1,0,0,1,1,1,0,1,1,1,0,1,0,1,0,0,1,1,0,1,1,0,0,0.2222222222222222,474.7381905061008,1
52,0,1,0,0,0,1,0,1,0,1,1,0,1,0,0,0,1,0,0,0,1,0,1,0,0,0,1,1,0,0,0,0,0,0,0,0,0,0,1,0,0,1,0,1,0,0,1,0,1,0,0,0,1,1,0.25925925925925924,254.2076895977836,1
53,1,0,0,1,1,0,1,0,0,0,0,1,0,1,0,1,0,1,0,1,0,0,0,1,1,1,0,0,1,0,0,1,0,0,1,1,1,0,1,1,0,0,1,0,0,0,0,1,0,0,1,1,0,0,0.2962962962962963,286.1226637659485,1
54,0,1,1,0,0,1,0,1,1,0,1,0,1,0,1,0,1,0,0,0,1,1,1,0,0,0,1,1,0,0,1,0,0,1,0,0,0,0,0,0,0,1,0,1,0,1,1,0,1,1,0,0,1,1,0.2962962962962963,610.5327091608926,1
55,0,1,1,0,0,1,0,1,1,0,1,0,1,0,1,0,1,0,1,0,1,1,1,0,0,0,1,1,0,1,0,0,0,1,0,0,0,0,0,0,1,1,0,1,0,1,1,0,1,1,0,0,1,1,0.2962962962962963,532.8403445108813,1
56,0,1,0,0,0,1,1,1,0,1,1,0,1,0,0,0,1,0,1,0,1,0,1,0,0,0,1,0,0,0,0,0,0,1,0,0,0,0,0,0,0,1,0,1,0,0,1,0,1,1,0,0,1,1,0.24074074074074073,291.48468962451545,1
57,0,1,0,0,0,1,0,1,0,0,1,0,1,0,0,0,1,0,0,0,1,1,1,0,0,0,1,1,0,0,0,0,0,1,0,0,0,0,0,0,1,1,0,1,0,0,1,0,1,1,0,0,1,1,0.2962962962962963,236.7963363363142,1
58,0,1,1,0,0,1,0,0,0,0,1,0,1,0,1,0,1,0,1,0,1,1,1,0,0,0,1,1,0,1,0,0,0,1,0,0,0,0,0,0,0,1,0,1,0,0,1,0,1,0,0,0,1,1,0.2777777777777778,416.3881303702304,1
59,0,1,1,0,0,1,0,1,0,0,1,0,0,0,1,0,1,0,1,0,1,1,1,0,1,0,1,1,0,1,1,0,0,1,0,0,0,0,1,0,1,1,0,1,0,0,1,0,1,0,0,0,1,1,0.25925925925925924,402.0124175465601,1
60,0,1,1,0,0,1,0,1,0,0,1,0,1,0,0,0,1,0,1,0,1,1,1,0,0,0,1,1,0,1,1,0,0,1,0,0,0,0,1,0,1,1,0,1,0,0,1,0,1,0,0,0,1,1,0.35185185185185186,340.6487788534782,1
61,1,0,0,1,0,0,0,0,0,1,0,1,0,0,0,1,0,1,0,1,0,0,0,0,1,1,0,0,1,0,0,1,0,0,1,1,1,0,0,1,0,0,1,0,1,0,0,1,1,0,1,1,0,0,0.24074074074074073,363.62014092682597,1
62,0,1,0,0,0,1,0,1,0,0,1,0,1,0,0,0,1,0,1,0,1,0,1,0,0,0,1,1,0,1,1,0,0,1,0,0,0,0,0,0,1,1,0,1,0,0,1,0,1,0,0,0,1,1,0.2777777777777778,258.1409305570399,1
63,0,1,0,0,0,1,0,1,0,1,1,0,1,0,1,0,1,0,1,0,1,0,1,0,0,0,1,1,0,0,1,0,0,1,0,0,0,0,0,0,1,1,0,1,0,1,1,0,1,0,0,0,1,1,0.3148148148148148,336.5814235042439,1
64,0,1,1,0,0,1,1,1,1,0,1,0,1,0,1,0,1,0,1,0,1,1,1,0,0,0,1,1,0,1,1,0,0,1,0,0,0,0,0,0,0,0,0,1,0,1,1,0,1,1,0,0,1,1,0.2962962962962963,694.420887622687,1
65,0,1,1,0,0,1,0,1,0,0,1,0,1,0,1,0,1,0,0,0,1,0,1,0,0,0,1,1,0,0,1,0,0,1,0,0,0,0,0,0,0,1,0,1,0,0,1,0,1,1,0,0,1,1,0.25925925925925924,427.20716155295463,1
66,0,1,0,0,0,1,0,1,1,0,1,0,1,0,1,0,1,0,1,0,1,0,1,0,0,0,1,0,0,1,0,0,0,1,0,0,0,0,0,0,0,1,0,1,0,0,1,0,1,1,1,0,1,1,0.2962962962962963,387.84380671836453,1
67,0,1,0,0,0,1,0,1,0,1,1,0,1,0,0,0,1,0,1,0,1,1,1,0,0,0,1,1,0,0,1,0,0,1,0,0,0,0,0,0,1,1,0,1,0,0,1,0,1,1,0,0,1,1,0.35185185185185186,254.09141119172455,1
68,0,1,1,0,0,1,0,1,1,0,1,0,1,0,1,0,1,0,1,0,1,0,1,0,0,0,1,0,0,1,1,0,0,1,0,0,0,0,0,0,1,1,0,1,0,0,1,0,1,1,0,0,1,1,0.35185185185185186,521.2603003289285,1
69,0,1,0,0,0,1,0,1,1,0,1,0,1,0,1,0,1,0,0,0,1,1,1,0,1,0,1,1,0,1,1,0,0,0,0,0,0,0,0,0,0,1,0,1,0,0,1,0,1,0,0,0,1,1,0.3148148148148148,482.32762229151786,1
70,0,1,1,0,0,1,0,1,0,0,1,0,1,0,1,1,1,0,0,0,1,1,1,0,0,0,1,0,0,0,0,0,0,1,0,0,0,0,0,0,1,1,0,1,0,1,1,0,0,1,0,0,1,1,0.2962962962962963,498.87297863820095,1
71,0,1,0,0,0,1,0,1,0,0,1,0,1,0,1,0,1,0,1,0,1,0,1,0,1,0,1,1,0,1,1,0,1,1,0,0,0,0,0,0,1,1,0,1,0,1,1,0,1,0,0,0,1,1,0.2962962962962963,335.11781391328515,1
72,0,1,0,0,0,1,0,1,1,0,1,0,1,0,1,1,1,0,1,0,1,1,1,0,0,0,1,0,0,0,1,0,0,1,0,0,0,0,0,0,1,1,0,1,0,1,1,0,1,0,0,0,1,1,0.3333333333333333,532.7974159651728,1
73,0,1,1,0,0,1,0,1,0,0,1,0,1,0,0,0,1,0,1,0,1,1,1,0,1,0,1,1,0,1,1,0,0,1,0,0,0,0,0,0,0,1,0,0,0,1,1,0,1,1,0,0,1,1,0.35185185185185186,343.3512125725007,1
74,0,1,0,0,0,1,0,1,0,0,1,0,1,0,0,1,1,0,1,1,1,1,1,0,0,0,1,1,0,0,1,0,0,1,0,0,0,0,1,0,0,1,0,1,0,0,1,0,0,1,0,0,1,1,0.2962962962962963,288.2673439618939,1
75,1,0,0,1,1,0,1,0,0,0,0,1,1,1,1,1,0,1,0,1,0,0,0,0,1,1,0,0,1,0,0,1,0,0,1,1,1,0,0,1,0,0,1,0,1,1,0,1,1,1,1,1,0,0,0.2777777777777778,329.6234918018652,1
76,0,1,0,0,0,1,0,1,1,0,1,0,0,0,0,0,1,0,0,0,1,1,1,0,0,0,1,1,0,0,0,0,0,1,0,0,0,0,1,0,0,1,0,1,0,0,1,0,1,1,0,0,1,1,0.3333333333333333,303.4981216106102,1
77,0,1,0,0,0,1,0,1,0,0,1,0,0,0,0,0,1,0,1,0,1,1,1,0,0,0,1,1,0,0,1,0,0,0,0,0,0,0,1,0,0,1,0,1,0,0,1,0,1,0,0,0,1,1,0.3333333333333333,248.70497264837206,1
78,0,1,1,0,0,1,0,1,0,1,1,0,1,0,0,0,1,0,1,0,1,1,1,0,1,0,1,1,0,1,1,0,0,1,0,0,0,1,0,0,0,1,0,1,0,0,1,0,1,1,0,0,1,1,0.3148148148148148,340.93502012554836,1
79,1,0,0,1,1,0,0,0,0,1,0,1,1,1,0,1,0,1,0,1,0,0,0,1,1,1,0,0,1,0,0,1,0,0,1,1,1,0,0,1,0,0,1,0,1,1,0,1,1,0,1,1,0,0,0.3333333333333333,293.1953296079598,1
80,0,1,0,0,0,1,1,1,0,0,1,0,1,0,1,1,1,0,0,0,1,1,1,0,0,0,1,1,0,0,1,0,1,1,0,0,0,0,0,0,0,1,0,1,0,0,1,0,1,1,0,0,1,1,0.3148148148148148,323.6649067955309,1
81,1,0,1,1,1,0,1,0,1,1,0,1,0,0,0,0,0,1,0,1,0,0,0,1,1,1,0,0,1,0,0,1,0,0,1,1,1,1,1,1,0,0,1,0,1,0,0,1,1,1,1,1,0,0,0.2962962962962963,447.8521762540425,1
82,0,1,0,0,0,1,0,1,0,0,1,0,0,0,1,1,1,0,1,0,1,0,1,0,0,0,1,0,0,1,1,0,1,1,0,0,0,0,0,0,0,1,0,1,0,0,1,0,1,0,0,0,1,1,0.2962962962962963,303.1463029052104,1
83,0,1,0,0,0,1,0,1,0,0,1,0,1,0,1,0,1,0,0,0,1,1,1,0,0,0,1,1,0,1,1,0,0,1,0,0,0,0,0,0,0,1,0,1,0,0,1,0,1,1,0,0,1,1,0.35185185185185186,301.201043933753,1
84,0,1,1,0,0,1,0,1,0,1,1,0,1,0,1,1,1,0,1,1,1,1,1,0,0,0,1,1,0,1,1,0,0,1,0,0,0,0,0,0,0,1,0,1,0,0,1,0,0,1,0,0,1,1,0.3333333333333333,567.9404649857647,1
85,1,1,0,0,0,1,0,1,1,0,1,0,1,0,1,0,1,0,1,0,1,1,1,0,0,0,1,1,0,1,1,0,0,1,0,0,0,0,0,0,0,1,1,1,0,0,1,0,1,0,1,0,1,1,0.25925925925925924,415.4491689898203,1
86,0,1,0,0,0,1,0,0,1,0,1,0,1,0,1,0,1,0,1,0,1,1,1,0,0,0,1,1,0,1,1,0,1,1,0,0,0,0,1,0,0,1,0,1,0,0,1,0,1,0,0,0,1,1,0.3148148148148148,382.8204109843794,1
87,0,1,0,0,0,1,0,0,1,0,1,0,0,0,0,1,1,0,1,0,1,1,1,0,0,0,1,1,0,1,1,0,1,1,0,0,0,0,0,0,1,1,0,0,0,0,1,0,1,1,0,0,1,1,0.2777777777777778,313.2610313460074,1
88,0,1,0,0,0,1,0,1,0,0,1,0,1,0,0,1,1,0,1,0,1,0,1,0,0,0,1,1,0,0,0,0,0,1,0,0,0,0,0,0,1,1,0,1,0,0,1,0,1,1,0,0,1,1,0.37037037037037035,241.01255889333743,1
89,0,1,0,0,0,1,0,1,0,1,1,0,1,0,0,0,1,0,1,0,1,1,1,0,1,0,1,1,0,0,1,0,0,1,0,0,0,0,0,0,0,1,0,1,0,0,1,0,1,0,0,0,1,1,0.35185185185185186,316.18414730469743,1
90,1,0,0,0,1,0,1,0,0,1,0,0,1,1,0,1,0,1,1,1,0,0,0,0,1,0,0,0,1,1,0,1,0,0,1,1,1,0,0,1,0,0,1,0,1,0,0,1,1,1,1,1,0,0,0.25925925925925924,621.3049965413364,1
91,0,1,0,0,0,1,0,1,0,0,1,0,1,0,0,0,1,0,0,0,1,1,1,0,0,0,1,1,0,0,1,0,0,1,0,0,0,0,0,0,1,1,0,1,0,0,1,0,1,0,0,0,1,1,0.3148148148148148,239.41129735707983,1
92,0,1,1,0,0,1,1,1,0,0,1,0,1,0,1,0,1,0,0,0,1,1,1,0,1,0,1,1,0,0,1,0,0,1,0,0,0,0,0,0,1,1,0,1,0,1,0,0,0,1,0,0,1,1,0.35185185185185186,536.9633997159332,1
93,0,1,0,0,0,1,0,1,0,0,1,0,1,0,1,0,1,0,0,0,1,1,1,0,0,0,1,1,0,1,0,0,0,1,0,0,0,0,0,0,0,1,0,1,0,0,1,0,1,1,0,0,1,1,0.3333333333333333,308.34479072592757,1
94,0,1,1,0,0,1,1,1,0,0,1,0,1,0,1,0,1,0,1,0,1,1,1,0,0,0,1,1,0,1,0,0,0,1,0,0,0,0,0,0,1,1,0,1,0,0,1,0,1,0,0,0,1,1,0.35185185185185186,477.5109070837643,1
95,0,1,0,0,0,1,1,1,0,1,1,0,1,0,1,0,1,0,1,0,1,0,1,0,0,0,1,1,0,0,1,0,1,1,0,0,0,0,0,0,0,1,0,1,0,1,1,0,1,1,0,0,1,1,0.3333333333333333,322.4267422369806,1
96,1,0,0,0,1,0,1,0,0,1,0,1,1,1,0,1,0,1,0,0,0,0,0,1,1,1,0,0,1,0,0,0,1,0,1,1,1,0,0,1,0,0,1,0,1,0,0,1,1,0,1,1,0,1,0.2962962962962963,468.4027184198741,1
97,0,1,0,0,0,1,0,1,0,1,1,0,0,0,0,1,1,0,1,0,1,1,1,0,0,0,1,1,0,0,1,0,0,0,0,0,0,0,0,0,1,1,0,1,0,0,1,0,1,0,0,0,1,1,0.3333333333333333,275.6494468502839,1
98,1,0,0,1,1,0,1,0,1,0,0,1,0,0,0,0,0,1,1,1,0,0,0,0,1,1,0,0,1,0,0,1,1,0,1,0,1,0,0,1,1,0,0,0,1,0,0,1,0,0,0,1,0,0,0.18518518518518517,226.84809922399702,1
99,0,1,0,0,0,1,0,1,0,0,1,0,1,0,1,0,1,1,0,0,1,1,1,0,1,0,1,0,0,1,1,0,0,1,0,0,0,0,0,0,0,1,0,1,0,1,1,0,1,1,0,0,1,1,0.3333333333333333,397.4084366136264,1
