,0,1,2,3,4,5,6,7,8,9,10,11,12,13,14,15,16,17,18,19,20,21,22,23,24,25,26,27,28,29,30,31,32,33,34,35,36,37,38,39,40,41,42,43,44,45,46,47,48,49,50,51,52,53,chain_break_fraction,energy,num_occurrences
0,1,0,1,1,0,0,0,1,0,1,0,1,1,1,1,1,1,1,1,1,1,0,0,1,1,0,1,1,0,0,0,1,0,1,1,0,1,1,0,1,1,0,1,1,1,1,1,0,0,0,0,0,1,0,0.2962962962962963,801.8598985671293,1
1,0,1,1,1,1,1,1,1,1,0,1,0,0,0,0,0,1,1,0,0,0,1,1,0,0,1,0,0,1,1,1,0,1,0,0,1,0,0,1,0,0,1,0,0,0,0,0,1,1,1,1,1,0,1,0.3333333333333333,533.5477924325678,1
2,1,0,1,0,0,0,0,1,0,1,0,1,0,1,1,1,1,1,1,1,1,0,0,1,1,0,1,1,0,0,0,1,0,1,1,0,1,1,0,1,1,0,1,1,1,1,1,0,0,0,0,0,1,0,0.25925925925925924,704.5874644823219,1
3,1,0,1,1,0,0,0,1,1,1,0,1,0,1,1,0,1,1,1,1,1,0,0,1,1,0,1,1,0,0,0,1,0,1,1,0,1,1,0,1,1,0,1,1,1,1,1,0,0,0,0,0,1,0,0.2962962962962963,916.7183409774867,1
4,1,0,1,0,0,0,0,0,1,1,0,1,0,1,1,0,1,1,1,1,1,0,0,1,1,0,1,1,0,0,0,1,0,1,1,0,1,1,0,1,1,0,1,1,1,1,1,0,0,0,0,0,1,0,0.3148148148148148,761.7032159167012,1
5,0,1,1,0,1,1,1,0,1,0,1,0,1,0,0,0,0,1,0,1,0,1,1,0,0,1,0,0,1,1,1,0,1,0,0,1,0,0,1,0,0,1,0,0,0,0,0,1,1,1,1,0,0,1,0.2962962962962963,526.1299153221319,1
6,1,0,1,1,0,0,0,1,1,1,0,0,0,1,1,0,1,1,1,1,1,0,0,1,1,0,1,1,0,0,0,1,0,1,1,0,1,1,0,1,1,0,1,1,1,1,1,0,0,0,0,0,1,0,0.3333333333333333,682.591686432338,1
7,1,0,1,0,0,0,0,0,0,1,0,1,0,1,1,1,1,1,1,1,1,0,0,1,1,0,1,1,0,0,0,1,0,1,1,0,1,1,0,1,1,0,1,1,1,1,1,0,0,0,0,0,1,0,0.2962962962962963,620.3549512765977,1
8,1,0,1,1,0,0,0,0,1,1,0,1,0,1,1,0,1,1,0,1,1,0,0,1,1,0,1,1,0,0,0,1,0,1,1,0,1,1,0,1,1,0,1,1,1,1,1,0,0,0,0,0,1,0,0.2962962962962963,760.4939383956518,1
9,0,1,1,0,1,1,1,0,1,0,1,0,0,0,0,1,0,1,0,0,0,1,0,0,0,1,0,0,1,1,1,0,1,0,0,1,0,0,1,0,0,1,0,0,0,0,0,1,1,1,1,1,1,1,0.3333333333333333,756.7222465546149,1
10,1,0,1,1,0,0,0,0,1,1,0,1,1,1,1,1,1,1,1,1,1,0,0,1,1,0,1,1,0,0,0,1,0,1,1,0,1,1,0,1,1,0,1,1,1,0,1,0,0,0,0,0,1,0,0.3333333333333333,968.5666817017819,1
11,1,0,1,1,0,0,0,0,1,1,0,1,0,1,1,0,1,1,1,1,1,0,0,1,1,0,1,1,0,0,0,1,0,1,1,0,1,1,0,1,1,0,1,1,1,1,1,0,0,0,0,0,1,0,0.25925925925925924,807.7585699461091,1
12,1,0,1,1,0,0,0,1,0,1,0,1,1,1,1,0,1,1,1,1,1,0,0,1,1,0,1,1,0,0,0,1,0,1,1,0,1,1,0,1,1,0,1,1,1,1,1,0,0,0,0,0,1,0,0.3333333333333333,750.6125621708112,1
13,0,1,1,1,1,1,1,0,1,0,1,0,0,0,0,0,1,1,0,0,0,1,0,0,0,1,0,0,1,1,1,0,1,0,0,1,0,0,1,0,0,1,0,0,0,0,0,1,1,1,1,0,0,1,0.35185185185185186,578.573906505309,1
14,1,0,1,0,0,0,0,1,1,1,0,0,1,1,1,1,1,1,1,0,1,0,0,1,1,0,1,1,0,0,0,1,0,1,1,0,1,1,0,1,1,0,1,1,1,0,1,0,0,0,0,0,1,0,0.2962962962962963,682.1530445641946,1
15,1,0,1,1,0,0,0,1,1,1,0,1,1,1,1,0,1,1,1,1,1,0,0,1,1,0,1,1,0,0,0,1,0,1,1,0,1,1,0,1,1,0,0,1,1,1,1,0,0,0,0,1,1,0,0.3333333333333333,975.9658277118448,1
16,1,0,1,1,0,0,0,0,1,1,0,1,0,1,1,0,1,1,1,1,1,0,0,1,1,0,1,1,0,0,0,1,0,1,1,0,1,1,0,1,1,0,1,1,1,1,1,0,0,0,0,1,1,0,0.3148148148148148,764.6174156114895,1
17,1,0,1,0,0,0,0,0,1,1,0,1,0,1,1,0,1,0,1,1,1,0,0,1,1,0,1,1,0,0,0,1,0,1,1,0,1,1,0,1,1,0,1,1,1,0,1,0,0,0,0,1,1,0,0.2777777777777778,566.153301312562,1
18,1,0,1,1,0,0,0,0,1,1,0,1,1,1,1,0,1,0,1,1,1,0,0,1,1,0,1,1,0,0,0,1,0,1,1,0,1,1,0,1,1,0,1,1,1,1,1,0,0,0,0,1,1,0,0.3148148148148148,615.9421090470964,1
19,1,0,1,0,0,0,0,0,1,1,0,1,1,1,1,0,1,1,1,1,1,0,0,1,1,0,1,1,0,0,0,1,0,1,1,0,1,1,0,1,1,0,1,1,1,1,1,0,0,0,0,0,1,0,0.2962962962962963,816.0157385900235,1
20,1,0,1,0,0,0,0,1,1,1,0,1,0,1,1,0,1,0,1,1,1,0,0,1,1,0,1,1,0,0,0,1,0,1,1,0,1,1,0,1,1,0,0,1,1,1,1,0,0,0,0,0,1,0,0.3333333333333333,688.5090581379434,1
21,1,0,1,0,0,0,0,1,0,1,0,0,1,1,1,1,1,1,1,1,1,0,0,1,1,0,1,1,0,0,0,1,0,1,1,0,1,1,0,1,1,0,1,1,1,0,1,0,0,0,0,1,1,0,0.2777777777777778,547.8232242567034,1
22,1,0,1,0,0,0,0,1,1,1,0,1,0,1,1,0,1,1,0,1,1,0,0,1,1,0,1,1,0,0,0,1,0,0,1,0,1,1,0,1,1,0,1,1,1,1,1,0,0,0,0,0,1,0,0.2962962962962963,858.2182343112446,1
23,0,1,1,0,1,1,1,1,1,0,1,0,0,0,0,1,0,1,0,0,0,1,1,0,0,1,0,0,1,1,1,0,1,0,0,1,0,0,1,0,1,1,0,0,0,0,0,1,1,1,1,1,0,1,0.3888888888888889,638.3947642207979,1
24,1,0,1,0,0,0,0,0,1,1,0,1,1,1,1,0,1,1,1,1,1,0,0,1,1,0,1,1,0,0,0,1,0,1,1,0,1,1,0,1,1,0,0,1,1,1,1,0,0,0,0,0,1,0,0.3333333333333333,859.5710309457407,1
25,1,0,1,1,0,0,0,0,1,1,0,1,0,1,1,0,1,1,1,1,1,0,0,1,1,0,1,1,0,0,0,1,0,1,1,0,1,1,0,1,1,0,1,1,1,1,1,0,0,0,0,0,1,0,0.3148148148148148,807.7585699461091,1
26,1,0,1,0,0,0,0,0,1,1,0,1,1,1,1,0,1,0,1,1,1,0,0,1,1,0,1,1,0,0,0,1,0,1,1,0,1,1,0,1,1,0,1,1,1,1,1,0,0,0,0,1,1,0,0.3333333333333333,580.2767132128766,1
27,1,0,1,0,0,0,0,0,0,1,0,1,1,1,1,0,1,1,0,1,1,0,0,1,1,0,1,1,0,0,0,1,0,1,1,0,1,1,0,1,1,0,1,1,1,1,1,0,0,0,0,1,1,0,0.24074074074074073,557.7189246940236,1
28,1,1,1,0,0,0,0,0,1,1,0,1,0,1,1,0,1,1,1,1,1,0,0,1,1,0,1,1,0,0,0,1,0,1,1,0,1,1,0,1,1,0,1,1,1,0,1,0,0,0,0,0,1,0,0.3333333333333333,920.8038304624023,1
29,1,0,1,1,0,0,0,1,1,1,0,1,0,1,0,0,1,1,1,1,1,0,0,1,1,0,1,1,0,0,0,1,0,1,1,0,1,1,0,1,1,0,1,1,1,0,1,0,0,0,0,1,1,0,0.3148148148148148,677.6628122711148,1
30,1,0,1,0,0,0,0,0,1,1,0,1,0,1,1,0,1,1,1,1,1,0,0,1,1,0,1,1,0,0,0,1,0,1,1,0,1,1,0,1,1,0,1,1,1,1,1,0,0,0,0,0,1,0,0.3333333333333333,761.7032159167012,1
31,1,0,1,1,0,0,0,1,0,1,0,1,1,1,1,0,1,1,1,1,1,0,0,1,1,0,1,1,0,0,0,1,0,1,1,0,1,1,0,1,1,0,1,1,1,1,1,0,0,0,0,1,1,0,0.2962962962962963,710.5647719050577,1
32,1,0,1,1,0,0,0,0,0,1,0,1,1,1,1,0,1,1,1,1,1,0,0,1,1,0,1,1,0,0,0,1,0,1,1,0,1,1,0,1,1,0,1,1,1,0,1,0,0,0,0,1,1,0,0.3333333333333333,658.378143292524,1
33,1,0,1,0,0,0,0,0,0,1,0,1,1,1,1,0,1,1,1,1,1,0,0,1,1,0,1,1,0,0,0,1,0,1,1,0,1,1,0,1,1,0,1,1,1,1,1,0,0,0,0,0,1,0,0.2962962962962963,623.5504603326314,1
34,1,0,1,0,0,0,0,1,0,0,0,0,0,1,1,0,1,1,1,1,1,0,0,1,1,0,1,1,0,0,0,1,0,1,1,0,1,1,0,1,1,0,1,1,1,1,1,0,0,0,0,0,1,0,0.2962962962962963,440.3230793843775,1
35,1,0,1,0,0,0,0,0,0,1,0,1,0,1,1,1,1,0,1,1,1,0,0,1,1,0,1,1,0,0,0,1,0,1,1,0,1,1,0,1,1,0,1,1,1,1,1,0,0,0,0,0,1,0,0.35185185185185186,455.88800737188643,1
36,1,0,1,0,0,0,0,1,1,1,0,1,1,1,1,1,1,1,1,1,1,0,0,1,1,0,1,1,0,0,0,1,0,0,1,0,1,1,0,1,1,0,0,1,1,1,1,0,0,0,0,1,1,0,0.2962962962962963,1031.653203893136,1
37,1,0,1,0,0,0,0,0,0,1,0,1,0,1,1,0,1,1,1,0,1,0,1,1,1,0,1,1,0,0,0,1,0,1,1,0,1,1,0,1,1,0,1,1,1,1,1,0,0,0,0,1,1,0,0.3148148148148148,546.3825504023184,1
38,1,0,1,1,0,0,0,0,1,0,0,1,0,1,1,0,1,0,1,1,1,0,0,1,1,0,1,1,0,0,0,1,0,1,1,0,1,1,0,1,1,0,0,1,1,0,1,0,0,0,0,1,1,0,0.2962962962962963,589.9652276074701,1
39,1,0,1,0,0,0,0,1,0,0,0,1,0,1,1,0,1,1,1,1,1,0,0,1,1,0,1,1,0,0,0,1,0,1,1,0,1,1,0,1,1,0,1,1,1,1,1,0,0,0,0,1,1,0,0.2962962962962963,580.2871213577012,1
40,1,1,1,0,0,0,0,0,1,1,0,1,1,1,1,0,1,1,1,1,1,0,0,1,1,0,1,1,0,0,0,1,0,1,1,0,1,1,0,1,1,0,1,1,1,1,1,0,0,0,0,0,1,0,0.2962962962962963,935.9438136230141,1
41,0,1,1,0,1,1,1,1,1,0,1,0,0,0,0,0,0,1,0,0,0,1,1,0,0,1,0,0,1,1,1,0,1,0,0,1,0,0,1,0,0,1,0,0,0,0,0,1,1,1,1,0,0,0,0.3333333333333333,442.36443903137507,1
42,1,0,1,0,0,0,0,0,0,1,0,1,1,1,1,0,1,1,1,1,1,0,1,1,1,0,1,1,0,0,0,1,0,1,1,0,1,1,0,1,1,0,1,1,1,1,1,0,0,0,0,1,1,0,0.3148148148148148,666.9862519747395,1
43,1,0,1,1,0,0,0,0,0,0,0,1,0,1,1,0,1,1,1,1,1,0,0,1,1,0,1,1,0,0,0,1,0,1,1,0,1,1,0,1,1,0,0,1,1,1,1,0,0,0,0,1,1,0,0.2777777777777778,569.1387484927318,1
44,1,0,1,1,0,0,0,1,0,1,0,1,0,1,1,1,1,1,1,1,1,0,0,1,1,0,1,1,0,0,0,1,0,1,1,0,1,1,0,1,1,0,1,1,1,1,1,0,0,0,0,0,1,0,0.37037037037037035,747.4156706114962,1
45,1,0,1,0,0,0,0,0,0,1,0,1,1,1,1,1,1,1,1,1,1,0,1,1,1,0,1,1,0,0,0,1,0,1,1,0,1,1,0,1,1,0,1,1,1,1,1,0,0,0,0,1,1,0,0.3148148148148148,713.2332213176898,1
46,1,0,1,0,0,0,0,0,1,1,0,1,0,1,1,1,1,0,1,1,1,0,0,1,1,0,1,1,0,0,0,1,0,1,1,0,1,1,0,1,1,0,0,1,1,0,1,0,0,0,0,1,1,0,0.2777777777777778,638.9886873476147,1
47,1,0,1,1,0,0,0,1,1,1,0,0,0,1,1,0,1,1,1,1,1,0,0,1,1,0,1,1,0,0,0,1,0,1,1,0,1,1,0,1,1,0,0,1,1,1,1,0,0,0,0,1,1,0,0.2962962962962963,679.6433421612934,1
48,1,0,1,0,0,0,0,1,0,0,0,0,1,1,1,1,1,1,1,1,1,0,0,1,1,1,1,1,0,0,0,1,0,1,1,0,1,1,0,1,1,0,1,1,1,1,1,0,0,0,0,0,1,0,0.35185185185185186,591.6661501100062,1
49,1,0,1,1,0,0,0,1,0,1,0,1,1,1,1,1,1,1,1,0,1,0,0,1,1,1,1,1,0,0,0,1,0,1,1,0,1,1,0,1,1,0,1,1,1,0,1,0,0,0,0,1,1,0,0.35185185185185186,806.0559662303597,1
50,1,0,1,1,0,0,0,1,1,1,0,1,0,1,1,0,1,1,1,1,1,0,0,1,1,0,1,1,0,0,0,1,0,1,1,0,1,1,0,1,1,0,0,1,1,1,1,0,0,0,0,1,1,0,0.3148148148148148,914.0860703335028,1
51,1,0,1,0,0,0,0,0,0,1,0,1,1,1,1,0,1,1,1,1,1,0,1,1,1,0,1,1,0,0,0,1,0,1,1,0,1,1,0,1,1,0,0,1,1,1,1,0,0,0,0,1,1,0,0.35185185185185186,703.0647686381438,1
52,1,0,1,0,1,0,0,0,1,1,0,1,0,1,1,1,1,1,1,1,1,0,0,1,1,0,1,1,0,0,0,1,0,1,1,0,1,1,0,1,1,0,1,1,1,1,1,0,0,0,0,1,1,0,0.3333333333333333,867.3985030061473,1
53,1,0,1,0,0,0,0,1,0,1,0,1,1,1,1,1,1,1,1,1,1,0,0,1,1,1,1,1,0,0,0,1,0,1,1,0,1,1,0,1,1,0,1,1,1,1,1,0,0,0,0,0,1,0,0.37037037037037035,862.2243191462549,1
54,1,0,1,1,0,0,0,0,1,1,0,1,0,1,1,0,1,1,1,1,1,0,0,1,1,0,1,1,0,0,0,1,0,1,1,0,1,1,0,1,1,0,0,1,1,1,1,0,0,0,0,1,1,0,0.3333333333333333,805.6403451350874,1
55,1,1,1,1,0,0,0,0,0,1,0,1,1,1,1,0,1,1,1,1,1,0,0,1,1,0,1,1,0,0,0,1,0,1,1,0,1,1,0,1,1,0,1,1,1,1,1,0,0,0,0,1,1,0,0.37037037037037035,726.127958581607,1
56,0,1,1,0,1,1,1,0,1,0,1,0,0,0,0,0,0,1,1,0,0,1,1,0,0,1,0,0,1,1,1,0,1,1,0,1,0,0,1,0,0,1,0,0,0,0,0,1,1,1,1,0,0,1,0.35185185185185186,598.0474985300843,1
57,0,1,1,0,1,1,1,1,1,0,1,0,0,0,0,0,0,1,0,0,0,1,1,0,0,1,0,0,1,1,1,0,1,1,0,1,0,0,1,0,0,1,0,0,0,0,0,1,1,1,1,1,0,0,0.35185185185185186,484.42699738970106,1
58,1,1,1,1,0,0,0,1,0,1,0,1,0,1,1,0,1,1,0,1,1,0,0,1,1,0,1,1,0,0,0,1,0,1,1,0,1,1,0,1,1,0,1,1,1,1,1,0,0,0,0,1,1,0,0.25925925925925924,720.868223330851,1
59,0,1,1,0,1,1,1,1,1,0,1,0,0,0,0,0,0,1,0,0,0,1,1,0,0,1,0,0,1,1,1,0,1,1,0,1,0,0,1,0,0,1,0,0,0,1,0,1,1,1,1,0,0,1,0.3333333333333333,620.5864845662081,1
60,1,0,1,1,0,0,0,1,0,1,0,1,0,1,1,0,1,1,1,1,1,0,0,1,1,0,1,1,0,0,0,1,0,0,1,0,1,1,0,1,1,0,1,1,1,1,1,0,0,0,0,1,1,0,0.35185185185185186,696.7417040499721,1
61,1,1,1,0,0,0,0,0,1,1,0,1,0,1,1,1,1,1,0,1,1,0,0,1,1,0,1,1,0,0,0,1,0,1,1,0,1,1,0,1,1,0,1,1,1,0,1,0,0,0,0,0,1,0,0.2962962962962963,924.7109987013745,1
62,1,0,1,0,1,0,0,1,1,1,0,1,0,1,1,0,1,1,0,1,1,0,0,1,1,0,1,1,0,0,0,1,0,0,1,0,1,1,0,1,1,0,1,1,1,1,1,0,0,0,0,1,1,0,0.3148148148148148,916.3528048865493,1
63,0,1,1,1,1,1,1,1,1,0,1,0,0,0,1,0,0,1,1,0,0,1,1,0,0,1,0,0,1,1,1,0,1,0,0,1,0,0,1,0,0,1,0,0,0,0,0,1,1,1,1,1,0,0,0.2962962962962963,462.1422431402073,1
64,1,0,1,0,1,0,0,0,1,1,0,1,1,1,1,0,1,1,0,1,1,0,0,1,1,0,1,1,0,0,0,1,0,0,1,0,1,1,0,1,1,0,1,1,1,1,1,0,0,0,0,0,1,0,0.2962962962962963,912.6828503422329,1
65,1,0,1,0,0,0,0,1,1,1,0,1,0,1,0,1,1,1,1,1,1,0,0,1,1,0,1,1,0,0,0,1,0,1,1,0,1,1,0,1,1,0,0,1,1,1,1,0,0,0,0,1,1,0,0.3333333333333333,682.6070395889443,1
66,1,0,1,0,1,0,0,1,1,0,0,1,0,1,1,0,1,1,0,1,1,0,0,1,1,0,1,1,0,0,0,1,0,1,1,0,1,1,0,1,1,0,1,1,1,0,1,0,0,0,0,0,1,0,0.2777777777777778,906.4486935285273,1
67,1,0,1,1,0,0,0,0,0,1,0,1,0,1,1,0,1,0,1,1,1,0,0,1,1,0,1,1,0,0,0,1,0,1,1,0,1,1,0,0,1,0,1,1,1,0,1,0,0,0,0,1,1,0,0.3148148148148148,473.60908230181315,1
68,0,1,1,0,1,1,1,0,1,0,1,0,0,0,0,0,0,1,1,0,0,1,1,0,0,1,0,0,1,1,1,0,1,0,0,1,0,0,0,0,0,1,0,0,0,0,0,1,1,1,1,0,0,1,0.3888888888888889,454.63485487789313,1
69,1,0,1,0,0,0,0,1,0,1,0,1,0,1,1,0,1,0,1,1,1,0,0,1,1,0,1,1,0,0,0,1,0,1,1,0,1,1,0,1,1,0,0,1,1,1,1,0,0,0,0,1,1,0,0.2962962962962963,484.5883029989471,1
70,1,0,1,0,0,0,0,0,1,1,0,1,0,1,1,1,1,0,1,0,1,0,0,1,1,0,1,1,0,0,0,1,0,1,1,0,1,1,0,1,1,0,0,1,1,0,1,0,0,0,0,1,1,0,0.3148148148148148,559.7441640466442,1
71,1,0,1,1,0,0,0,1,0,1,0,1,0,1,1,0,1,1,1,1,1,0,0,1,1,0,1,1,0,0,0,1,0,1,1,0,1,1,0,1,1,0,1,1,1,0,1,0,0,0,0,1,1,0,0.3333333333333333,696.0377848745017,1
72,1,0,1,0,0,1,0,1,1,0,0,1,0,1,1,0,1,1,0,1,1,0,0,1,1,0,1,1,0,0,0,1,0,1,1,0,1,1,0,1,1,0,1,1,1,1,1,0,0,0,0,0,1,0,0.35185185185185186,984.4575350070114,1
73,1,0,1,0,0,0,0,0,0,1,0,1,1,1,1,0,1,0,1,1,1,0,0,1,1,1,1,1,0,0,0,1,0,1,1,0,1,1,0,1,1,0,0,1,1,0,1,0,0,0,0,1,1,0,0.2962962962962963,556.6904038068675,1
74,1,0,1,0,1,0,0,0,0,0,0,1,0,1,1,0,1,1,1,1,1,0,0,1,1,0,1,0,0,0,0,1,0,1,1,0,1,1,0,1,1,0,1,1,1,1,1,0,0,0,0,0,1,0,0.25925925925925924,643.3735831780797,1
75,1,0,1,0,0,0,0,1,1,0,0,0,0,1,1,1,1,1,0,1,1,0,0,1,1,0,1,1,0,0,0,1,0,1,1,0,1,1,0,1,1,0,0,1,1,0,1,0,0,0,0,1,1,0,0.2777777777777778,630.2172452628262,1
76,1,0,1,1,0,0,1,1,0,1,0,1,0,1,1,1,1,1,1,1,1,0,0,1,1,0,1,1,0,0,0,1,0,1,1,0,1,1,0,1,1,0,0,1,1,1,1,0,0,0,0,0,1,0,0.37037037037037035,839.0256509449886,1
77,1,0,1,1,0,0,0,1,0,0,0,1,1,1,1,0,1,1,1,1,1,0,0,1,1,0,1,1,0,0,0,1,0,1,1,0,1,1,0,1,1,0,1,1,1,1,1,0,0,0,0,1,1,0,0.37037037037037035,661.6004883000095,1
78,1,0,1,0,1,0,0,1,1,0,0,1,0,1,1,0,1,1,1,1,1,0,0,1,1,0,1,1,0,0,0,1,0,1,1,0,1,1,0,1,1,0,1,1,1,1,1,0,0,0,0,1,1,0,0.2962962962962963,864.3419902482718,1
79,1,0,1,0,0,0,0,1,0,1,0,0,0,1,1,0,1,1,0,1,1,0,0,1,1,0,1,1,0,0,0,1,0,1,1,0,1,1,0,1,1,0,1,1,1,1,1,0,0,0,0,1,1,0,0.3333333333333333,422.82600685706336,1
80,0,1,1,0,1,1,1,1,1,0,1,1,1,0,0,0,0,1,0,0,0,1,1,0,0,0,0,0,1,1,1,0,1,0,0,1,0,0,1,0,0,1,0,0,0,1,0,1,1,1,1,0,0,1,0.35185185185185186,564.865667616712,1
81,1,0,1,1,0,0,0,0,1,1,0,1,0,1,1,0,1,1,1,0,1,0,0,1,1,0,1,1,0,0,0,1,0,1,1,0,1,1,0,1,1,0,1,1,1,1,1,0,0,0,0,1,1,0,0.3333333333333333,675.5128130724985,1
82,1,0,1,1,0,0,0,1,0,1,0,1,0,1,1,1,1,1,1,1,1,0,0,1,1,0,1,1,0,0,0,1,0,1,1,0,1,1,0,1,1,0,1,1,1,0,1,0,0,0,0,0,1,0,0.3148148148148148,787.4872859962821,1
83,1,0,1,0,0,0,0,0,1,1,0,1,0,1,1,0,1,1,1,1,1,0,0,1,1,0,1,1,0,0,0,1,0,1,1,0,1,1,0,1,1,0,1,1,1,1,1,0,0,0,0,0,1,0,0.35185185185185186,761.7032159167012,1
84,0,1,1,1,1,1,1,1,1,0,1,0,0,0,0,0,1,1,0,0,0,1,1,0,0,1,0,0,1,1,0,0,1,0,0,1,0,0,1,0,0,1,1,0,0,0,0,1,1,1,1,1,0,1,0.2962962962962963,531.4428188769914,1
85,1,1,1,0,0,0,0,1,0,0,0,1,0,1,1,0,1,1,1,1,1,0,0,1,1,0,1,1,0,0,0,1,0,1,1,0,1,1,0,1,1,0,1,1,1,0,1,0,0,0,0,1,1,0,0.3888888888888889,707.9376221672452,1
86,0,1,1,1,1,1,1,1,1,0,1,0,1,0,0,0,1,1,0,0,0,1,1,0,0,1,0,0,1,1,1,0,1,0,0,1,0,0,1,0,0,1,0,0,0,1,0,1,0,1,1,1,0,1,0.3888888888888889,524.0830551211134,1
87,1,0,1,1,0,0,0,0,1,1,0,1,0,1,1,0,1,1,1,0,1,0,0,1,1,0,1,1,0,0,0,1,0,0,1,0,1,1,0,1,1,0,1,1,1,1,1,0,0,0,0,1,1,0,0.3333333333333333,710.9383473158515,1
88,1,0,1,1,0,0,0,0,0,1,0,1,0,1,1,0,1,1,0,1,1,0,0,1,1,0,1,1,0,0,0,1,0,1,1,0,1,1,0,1,1,0,1,1,1,0,1,0,0,0,0,1,1,0,0.35185185185185186,574.5821556865976,1
89,1,0,1,0,0,0,0,0,1,0,0,1,0,1,1,0,1,1,1,1,1,0,0,1,1,0,1,1,0,0,0,1,0,1,1,0,0,1,0,1,1,0,1,1,1,1,1,0,0,0,0,1,1,0,0.3333333333333333,712.4990913036897,1
90,1,0,1,0,0,0,0,0,0,1,0,1,1,1,1,0,1,1,1,1,1,0,0,1,1,0,1,1,0,0,0,1,0,1,1,0,1,1,0,1,1,0,1,1,1,1,1,0,0,0,0,0,1,0,0.3888888888888889,623.5504603326314,1
91,1,0,1,0,0,0,0,1,0,1,0,1,1,1,1,0,1,1,1,1,1,0,0,1,1,0,1,1,0,0,0,1,0,1,1,0,1,1,0,1,1,0,1,1,1,1,1,0,0,0,0,0,1,0,0.3333333333333333,707.783099461329,1
92,1,1,1,1,0,0,0,0,1,1,0,0,0,1,1,1,1,1,1,1,1,0,0,1,1,0,1,1,0,0,0,1,0,1,1,0,1,1,0,1,1,0,1,1,1,1,1,0,0,0,0,1,1,1,0.35185185185185186,582.023117560784,1
93,1,1,1,0,1,0,0,0,0,1,0,1,0,1,1,1,1,1,1,1,1,0,0,1,1,0,1,1,0,0,0,1,0,0,1,0,1,1,0,1,1,0,1,1,1,1,1,0,0,0,0,1,1,0,0.35185185185185186,808.089664946022,1
94,1,0,1,0,0,0,0,0,1,1,0,1,0,1,1,0,1,0,1,1,1,0,0,1,1,0,1,1,0,0,0,1,0,1,1,0,1,1,0,1,1,0,1,1,1,1,1,0,0,0,0,1,1,0,0.35185185185185186,538.9875717856495,1
95,1,0,1,1,0,0,0,0,1,1,0,1,0,1,1,1,1,1,1,1,1,0,0,1,1,0,1,1,0,0,0,1,0,1,1,0,1,1,0,1,1,0,1,1,1,1,1,0,0,0,0,1,1,0,0.3148148148148148,815.7338724602226,1
96,0,0,1,1,0,0,0,0,0,1,0,1,0,1,1,1,1,1,1,1,1,0,0,1,1,0,1,1,0,0,0,1,0,1,1,0,1,1,0,1,1,0,0,1,1,0,1,0,0,0,0,1,1,1,0.35185185185185186,541.2529430780293,1
97,1,0,1,0,1,0,0,0,1,0,0,1,1,1,1,0,1,0,1,1,1,0,0,1,1,0,1,1,0,0,0,1,0,1,1,0,1,1,0,1,1,0,1,1,1,0,1,0,0,0,0,0,1,0,0.37037037037037035,682.7498390941827,1
98,1,1,1,1,0,0,0,0,0,0,0,1,0,1,1,1,1,1,1,1,1,0,0,1,1,0,1,1,0,0,0,1,0,1,1,0,1,1,0,1,1,0,0,1,1,1,1,0,0,0,0,0,1,1,0.3333333333333333,625.749198119721,1
99,1,0,1,1,0,0,0,0,1,1,0,1,1,1,1,0,1,1,1,1,1,0,0,1,0,0,1,1,0,0,0,1,0,1,1,0,1,1,0,1,1,0,1,1,1,1,1,0,0,0,0,0,1,0,0.3333333333333333,811.9974252342491,1
