,0,1,2,3,4,5,6,7,8,9,10,11,12,13,14,15,16,17,18,19,20,21,22,23,24,25,26,27,28,29,30,31,32,33,34,35,36,37,38,39,40,41,42,43,44,45,46,47,48,49,50,51,52,53,chain_break_fraction,energy,num_occurrences
0,0,1,1,1,0,1,0,0,0,0,1,0,0,0,1,0,1,1,1,0,1,0,1,1,0,1,0,0,1,0,0,1,1,1,1,0,1,0,0,1,0,1,1,0,0,1,1,0,0,1,0,1,0,0,0.3333333333333333,478.4953302482455,1
1,0,1,1,1,0,1,0,0,0,0,1,0,0,1,1,0,1,1,1,0,1,0,1,1,0,1,0,0,1,0,0,1,1,1,1,0,1,0,0,1,0,1,1,0,0,1,1,0,0,1,0,1,0,0,0.35185185185185186,557.382352401886,1
2,0,1,1,1,0,1,0,0,0,0,1,0,0,1,1,0,1,1,1,0,1,0,0,1,1,1,0,0,1,0,0,1,1,1,1,0,1,0,1,1,0,1,1,0,0,1,1,0,0,1,0,1,0,0,0.3333333333333333,422.38445001824914,1
3,1,0,1,0,1,0,1,1,1,1,0,1,1,0,0,1,0,0,0,1,0,1,0,0,0,0,1,1,0,1,0,0,0,0,0,1,0,1,1,0,1,0,0,1,1,0,0,1,0,0,0,0,1,1,0.37037037037037035,376.096186303702,1
4,0,1,1,1,0,1,0,0,0,0,1,1,0,0,1,0,1,1,1,0,1,0,1,1,0,1,0,0,1,0,0,1,1,1,1,0,1,0,0,1,0,1,1,0,0,1,1,0,1,0,0,1,0,0,0.3148148148148148,687.041290032579,1
5,1,0,1,0,1,0,1,1,1,1,0,1,1,0,0,1,0,0,0,1,0,0,0,0,0,0,1,1,0,1,0,0,0,0,0,1,0,1,1,0,1,0,0,1,1,0,0,1,0,0,0,0,1,1,0.3333333333333333,390.96075610121204,1
6,1,0,1,0,1,0,1,1,1,1,0,0,1,1,0,0,0,0,0,1,0,1,0,0,0,0,1,1,0,1,1,0,0,0,0,1,0,1,0,0,1,0,0,1,1,0,0,1,0,0,1,0,1,1,0.35185185185185186,465.15327872864316,1
7,0,1,1,1,0,1,0,0,0,0,1,0,0,1,1,0,1,1,1,0,1,0,1,1,1,1,0,0,1,0,0,1,1,1,1,0,1,0,0,1,0,1,1,0,0,1,1,0,0,1,0,1,0,0,0.3888888888888889,593.6991000657805,1
8,1,0,1,0,1,0,1,1,1,1,0,0,1,0,0,1,0,0,0,1,0,1,0,0,0,0,1,1,0,1,1,0,0,0,0,1,1,1,0,0,1,0,0,1,1,0,0,1,0,0,0,0,1,1,0.3333333333333333,371.4218685070474,1
9,1,0,1,0,1,0,1,1,1,1,0,0,1,0,0,0,0,0,0,1,0,1,0,0,1,0,1,1,0,1,1,0,0,0,0,1,0,1,0,0,1,0,0,1,1,0,0,1,0,0,0,0,1,1,0.35185185185185186,350.9455978336198,1
10,1,0,1,0,1,0,1,1,1,1,0,0,1,1,0,1,0,0,0,0,0,1,0,0,0,0,1,0,0,1,1,0,0,0,0,1,0,1,1,0,1,0,0,1,1,0,0,1,0,0,1,0,1,1,0.4074074074074074,590.0830378011784,1
11,1,0,1,0,1,0,1,1,1,1,0,0,1,0,0,1,0,0,0,1,0,0,0,0,0,0,1,1,0,1,0,0,0,0,0,1,0,1,0,0,1,0,0,1,1,0,0,1,0,0,1,0,1,1,0.37037037037037035,477.9623787583114,1
12,0,1,1,1,0,1,0,0,0,0,1,0,0,1,1,0,1,1,1,0,1,0,1,1,1,1,0,0,1,0,1,1,1,1,1,1,1,0,0,1,0,1,1,0,0,1,1,0,1,1,0,1,0,0,0.2777777777777778,467.21039336491873,1
13,1,0,1,0,1,0,1,1,1,1,0,0,1,0,0,1,0,0,0,1,0,1,0,0,0,0,1,1,0,1,1,0,0,0,0,1,1,1,0,0,1,1,0,1,1,0,0,1,0,0,1,0,1,1,0.3888888888888889,671.1222221051498,1
14,1,0,1,0,1,0,1,1,1,1,0,0,1,0,0,1,0,0,0,1,0,1,0,0,1,0,1,1,0,1,1,0,0,0,0,1,0,1,0,0,1,0,0,1,1,0,0,1,0,0,0,0,1,1,0.3333333333333333,340.6654932755898,1
15,1,1,1,0,1,0,1,1,1,1,0,1,1,0,0,1,0,0,0,1,0,1,0,0,0,0,1,1,0,1,0,0,0,0,0,1,0,1,0,0,1,1,0,1,1,0,0,1,0,0,1,0,1,1,0.35185185185185186,472.0643940022262,1
16,1,0,1,0,0,0,1,1,1,1,0,0,0,1,0,1,0,0,0,1,0,1,0,0,0,0,1,1,0,1,1,0,0,0,0,1,1,1,0,0,1,0,0,1,1,0,0,1,0,0,0,0,1,1,0.3888888888888889,401.5256278229001,1
17,0,1,1,1,0,1,0,0,0,0,1,0,0,1,1,0,1,1,1,0,1,0,1,1,0,1,0,0,1,0,0,1,1,1,1,0,1,0,1,1,0,1,1,0,0,1,1,0,1,0,0,1,0,0,0.35185185185185186,469.092910913395,1
18,0,1,1,1,0,1,0,0,0,0,1,0,0,1,1,0,0,1,1,0,1,0,1,1,0,1,0,0,1,0,0,0,1,1,1,0,1,0,1,0,0,1,1,0,0,1,1,0,1,1,0,1,0,0,0.3333333333333333,427.85184791055315,1
19,0,1,1,1,1,1,0,0,0,0,1,0,0,0,1,0,1,1,1,1,1,0,0,1,1,1,0,0,1,0,0,1,1,1,1,0,1,0,0,1,0,1,1,0,0,1,1,0,0,1,0,1,0,0,0.3333333333333333,588.5312990008576,1
20,0,1,1,1,0,1,0,0,0,0,1,0,0,1,1,0,1,1,1,0,1,0,0,1,1,1,0,0,1,0,1,1,1,1,1,0,1,0,1,1,0,1,1,0,0,1,1,0,1,1,0,1,0,0,0.3888888888888889,392.8797063550405,1
21,0,1,1,1,0,1,0,0,0,0,1,0,0,1,1,0,1,1,1,0,1,0,1,1,0,1,0,1,1,0,0,1,1,1,1,0,1,0,1,1,0,1,1,0,0,1,1,0,1,1,0,1,0,0,0.25925925925925924,415.20052401665043,1
22,1,0,1,0,1,0,1,1,1,1,0,0,1,1,0,1,0,0,0,0,0,1,0,0,0,0,1,1,0,1,0,0,0,0,0,0,0,1,0,0,1,0,0,1,1,0,0,1,0,0,1,0,1,1,0.3333333333333333,333.3610736051611,1
23,1,0,1,0,1,0,1,1,1,1,0,0,1,1,0,0,1,0,0,1,0,1,0,0,0,0,1,1,0,1,0,1,0,0,0,1,0,1,0,0,1,0,0,1,1,0,0,1,0,0,0,0,1,1,0.3333333333333333,354.23989101716404,1
24,1,1,1,1,0,1,0,0,0,0,1,1,0,0,1,0,1,1,1,0,1,0,1,1,1,1,0,0,1,0,1,1,1,1,1,0,1,0,1,1,0,1,1,0,0,1,1,0,0,0,0,1,0,0,0.3148148148148148,617.7629259583424,1
25,1,0,1,0,1,0,1,1,1,0,0,1,1,0,0,1,0,0,0,1,0,1,0,0,0,0,1,1,0,1,0,0,0,0,0,1,0,1,0,1,1,1,0,1,1,0,0,1,0,0,0,0,1,1,0.37037037037037035,409.5646978449673,1
26,1,1,1,0,0,0,1,1,1,1,0,0,1,1,0,1,0,0,0,1,0,0,1,0,0,0,1,1,0,1,1,0,0,0,0,0,0,1,0,0,1,0,0,1,1,0,0,1,0,0,0,0,1,1,0.2777777777777778,294.3170707279743,1
27,1,0,1,0,1,0,1,1,1,1,0,0,1,1,0,1,0,0,0,1,0,0,0,0,0,0,1,0,0,1,1,0,0,0,0,0,0,1,0,0,1,0,0,1,1,0,0,1,0,0,0,0,1,1,0.37037037037037035,269.06362948273295,1
28,1,0,1,0,1,0,1,1,1,1,0,1,1,0,0,1,0,0,0,1,0,1,1,0,0,0,1,1,0,1,0,0,0,0,0,1,1,1,0,1,1,1,0,1,1,0,0,1,0,0,0,0,1,1,0.37037037037037035,385.54289472660446,1
29,1,0,1,0,1,0,1,1,1,1,0,0,1,0,0,1,0,0,0,1,0,0,0,0,0,0,1,1,0,1,1,0,0,0,0,0,0,1,0,0,1,0,0,1,1,0,0,1,0,0,1,0,1,0,0.2962962962962963,275.35018112089267,1
30,1,0,1,0,1,0,1,1,0,1,0,0,1,1,0,0,0,0,0,1,0,1,0,0,1,0,1,1,0,1,1,0,0,0,0,1,0,1,0,0,1,0,0,1,1,0,0,1,0,0,1,0,1,1,0.4074074074074074,515.2819643489066,1
31,1,0,1,0,1,0,1,1,1,1,0,0,1,0,0,1,0,0,0,0,0,1,1,0,1,0,1,1,0,1,0,0,0,0,0,1,0,1,0,1,1,0,0,1,1,0,0,1,0,0,0,0,1,1,0.3333333333333333,328.65451277839975,1
32,1,0,1,0,1,0,1,1,1,1,0,0,1,1,0,1,0,0,0,0,0,1,0,0,1,0,1,1,0,1,0,0,0,0,0,1,0,1,1,1,1,0,0,1,1,0,0,1,0,0,0,0,1,1,0.3333333333333333,434.95180904783695,1
33,0,1,1,1,0,1,0,0,0,0,1,1,1,1,1,0,1,1,1,0,1,1,0,1,1,1,0,0,1,0,0,1,1,1,1,0,1,0,1,1,0,1,1,0,0,1,1,0,1,1,0,1,0,0,0.35185185185185186,603.6384068505043,1
34,1,0,1,0,1,0,1,1,1,1,0,0,1,0,0,1,0,0,1,1,0,0,0,0,0,0,1,1,0,1,1,0,0,0,0,0,0,1,0,0,1,0,0,1,1,0,0,1,0,0,0,0,1,1,0.4074074074074074,273.88831633088535,1
35,0,1,1,1,0,1,0,0,0,0,1,0,0,0,1,0,1,1,1,1,1,0,1,1,1,1,0,0,1,0,0,1,1,1,1,0,1,0,0,0,0,1,1,0,0,1,1,0,1,1,0,1,0,0,0.3333333333333333,596.9651844149814,1
36,1,0,1,0,1,0,1,1,1,1,0,0,1,0,0,1,0,0,0,1,0,1,0,0,0,0,1,1,0,1,0,1,0,0,0,1,0,1,0,1,1,1,0,1,1,0,0,1,0,0,0,0,1,1,0.4074074074074074,525.5591583098117,1
37,0,1,1,1,0,1,0,0,0,0,1,1,0,1,1,0,1,1,1,0,1,0,1,1,0,1,0,1,1,0,1,1,1,1,1,1,1,0,1,1,0,1,1,0,0,1,1,0,1,1,0,1,0,0,0.3333333333333333,474.68631208598947,1
38,0,1,1,1,0,1,0,0,0,0,1,1,0,1,1,0,1,1,1,1,1,0,1,1,1,1,0,0,1,0,0,1,1,0,1,0,1,0,1,1,0,1,1,0,0,1,1,0,1,1,0,1,0,0,0.3148148148148148,729.3438096556367,1
39,0,1,1,1,0,1,0,0,0,0,1,1,0,1,1,0,1,1,1,0,1,0,0,1,0,1,0,1,1,0,0,0,1,1,1,0,1,0,1,1,0,1,1,0,0,1,1,0,1,1,1,1,0,0,0.3148148148148148,463.6551182003851,1
40,1,1,1,0,1,0,1,1,1,1,0,0,1,1,0,1,0,0,0,0,0,0,0,0,0,0,1,1,0,1,0,0,0,0,0,1,0,1,0,0,1,0,0,1,1,0,0,1,0,0,0,0,1,1,0.42592592592592593,336.7265718066542,1
41,1,1,1,1,0,1,0,0,0,0,1,0,0,1,1,0,1,1,0,0,1,0,1,1,0,1,0,0,1,0,0,1,1,1,1,0,1,0,0,1,0,1,1,0,0,1,1,0,0,1,0,1,0,0,0.4074074074074074,557.3823524018866,1
42,1,0,1,0,1,0,1,1,1,1,0,0,1,0,0,1,0,0,0,1,0,0,0,0,0,0,1,1,0,1,1,0,0,0,0,1,0,1,0,0,1,0,0,1,1,0,0,1,0,0,0,1,1,1,0.3888888888888889,396.64181324764945,1
43,0,1,1,1,0,1,0,0,0,0,1,0,0,1,1,0,1,1,1,0,1,0,1,1,1,1,0,0,1,0,0,1,1,1,1,0,1,0,1,0,0,1,1,0,0,1,1,0,0,1,0,1,0,0,0.42592592592592593,503.3749329442939,1
44,1,0,1,0,1,0,1,1,1,1,0,1,1,0,0,1,0,0,0,1,0,0,1,0,0,0,1,1,0,1,0,0,0,0,0,1,0,1,0,0,1,0,0,1,1,1,0,1,1,0,0,0,1,1,0.3888888888888889,348.3332635682649,1
45,0,1,1,1,0,1,0,0,0,0,1,0,0,1,1,0,1,1,1,0,1,0,1,1,1,1,0,0,1,0,1,1,1,1,1,0,1,0,1,0,0,1,1,0,0,1,1,0,0,1,0,1,0,0,0.37037037037037035,478.76242657514285,1
46,0,1,1,1,0,1,0,0,0,0,1,0,0,1,1,0,1,1,1,0,1,0,0,1,1,1,0,1,1,0,0,1,1,1,1,0,1,0,0,1,0,1,1,0,0,1,1,0,1,1,1,1,1,0,0.37037037037037035,407.50614688003856,1
47,1,0,1,0,0,0,1,1,1,1,0,0,1,0,0,1,0,0,0,1,0,1,0,0,0,0,1,0,0,1,1,0,0,0,0,1,1,1,0,0,1,0,0,1,1,0,0,1,0,0,0,0,1,1,0.4074074074074074,387.7679332769974,1
48,0,1,1,1,0,1,0,0,0,0,1,1,0,1,1,0,1,1,1,0,1,0,1,1,1,1,0,0,1,0,0,1,1,1,1,0,1,0,1,1,0,1,1,0,0,1,1,0,0,1,0,1,0,0,0.4074074074074074,634.3126938498311,1
49,1,0,1,0,1,0,1,1,1,1,0,1,0,1,0,1,0,0,0,1,0,1,0,0,0,0,1,1,0,1,0,0,0,0,0,1,0,1,0,1,1,1,0,1,1,0,0,1,0,0,0,0,1,1,0.37037037037037035,387.01733601543845,1
50,0,1,1,1,0,1,0,0,0,0,1,0,0,1,1,0,1,1,1,0,1,0,1,1,0,1,0,0,1,0,0,0,1,1,1,0,1,0,0,1,0,1,1,0,0,1,1,0,1,1,1,1,0,0,0.3148148148148148,497.5296571272963,1
51,1,0,1,0,1,0,1,1,1,1,0,1,1,1,0,1,0,0,0,1,0,0,0,0,0,0,1,1,0,1,0,0,0,0,0,0,1,1,0,0,1,0,0,1,1,0,0,1,0,0,0,0,1,1,0.3148148148148148,304.3402746803655,1
52,1,1,1,0,1,0,1,1,1,1,0,1,1,1,0,1,0,0,0,0,0,1,0,0,0,0,1,1,0,1,0,0,0,0,0,1,1,1,0,0,1,0,0,1,1,0,0,1,1,0,1,0,1,1,0.3888888888888889,421.7741151867526,1
53,0,1,1,1,0,1,0,0,0,0,1,0,0,1,1,0,1,1,1,0,1,1,1,1,0,1,0,0,1,0,1,1,1,1,1,0,1,0,1,0,0,1,1,0,0,1,1,0,1,1,0,1,0,0,0.35185185185185186,459.6488851289451,1
54,1,0,1,0,1,0,1,1,1,1,0,1,1,1,0,1,0,0,0,1,0,0,0,0,0,0,1,1,0,1,0,0,0,0,0,1,0,1,1,0,1,0,0,1,1,0,0,1,0,0,1,0,1,1,0.3888888888888889,484.21068767736836,1
55,1,0,1,0,0,0,1,1,1,1,0,1,1,1,0,1,0,0,0,0,0,1,0,0,0,0,1,1,0,1,1,0,0,0,0,1,0,1,1,0,1,0,0,1,1,0,0,1,0,0,1,0,1,1,0.4074074074074074,586.541708316559,1
56,0,1,1,1,0,1,0,0,0,0,1,0,0,1,1,0,1,1,1,0,1,0,1,1,0,1,0,0,1,0,0,1,1,1,1,0,1,0,1,1,0,1,1,0,0,1,1,0,1,1,1,1,0,0,0.4074074074074074,407.34798618831707,1
57,1,0,1,0,0,0,0,1,1,1,0,0,1,1,0,1,0,0,0,1,0,1,0,0,1,0,1,1,0,1,0,0,0,0,0,1,0,1,0,0,1,0,0,1,1,0,0,1,0,0,0,0,1,1,0.3888888888888889,348.01145132359034,1
58,1,0,1,0,0,0,1,1,1,1,0,1,1,0,0,1,0,0,0,0,0,0,0,0,0,0,1,1,0,1,1,0,0,0,0,1,0,1,0,0,1,1,0,1,1,0,0,1,0,0,0,0,1,1,0.3148148148148148,500.9699019307643,1
59,0,1,1,1,0,1,0,0,0,0,1,0,0,0,1,0,0,1,1,0,1,0,1,1,1,1,0,0,1,0,0,0,1,1,1,1,1,0,0,1,0,1,1,0,0,1,1,0,1,1,0,1,0,0,0.35185185185185186,398.73712889237595,1
60,1,1,1,0,1,0,1,1,1,0,0,1,1,1,0,1,0,0,0,1,0,1,1,0,0,0,1,1,0,1,1,0,0,0,0,1,1,1,1,1,1,0,0,1,1,0,0,1,0,0,0,0,1,1,0.37037037037037035,387.49767159183205,1
61,0,1,1,1,0,1,0,0,0,0,1,0,0,1,1,0,1,1,1,0,1,1,1,1,0,1,0,0,1,0,0,1,1,1,1,0,1,0,0,0,0,1,1,0,0,1,1,0,1,1,0,1,0,0,0.3888888888888889,599.4411192979279,1
62,1,0,1,0,1,0,1,1,1,1,0,0,1,0,0,1,0,0,0,1,0,0,0,0,0,0,1,0,0,1,0,0,0,0,1,1,1,1,0,0,1,0,0,1,1,0,0,1,0,0,0,1,1,1,0.37037037037037035,428.4230725327029,1
63,0,1,1,1,0,1,0,0,0,0,1,0,0,1,1,0,0,1,0,1,1,0,1,1,1,1,0,0,1,0,1,1,1,1,1,0,1,0,0,1,0,1,1,0,0,1,1,0,0,1,0,1,0,0,0.35185185185185186,522.4416038229324,1
64,1,0,1,0,1,0,1,1,1,1,0,0,1,1,0,1,0,0,0,1,0,1,0,0,1,0,1,1,0,1,0,0,0,0,0,1,1,1,0,1,1,0,0,1,1,0,0,1,0,0,0,0,1,1,0.37037037037037035,338.8917165000295,1
65,0,0,1,0,1,0,1,1,1,1,0,0,1,1,0,1,0,0,0,1,0,0,0,0,0,0,1,1,0,1,0,0,0,0,1,0,0,1,0,0,1,0,0,1,1,0,0,1,0,0,0,0,1,1,0.3148148148148148,294.7950000509601,1
66,1,1,1,0,0,0,1,1,1,1,0,1,1,1,0,1,0,0,0,0,0,1,0,0,0,0,1,0,0,1,1,0,0,0,0,0,0,1,0,0,1,1,0,1,1,0,0,1,1,0,0,0,1,1,0.2962962962962963,326.80058522709356,1
67,1,1,1,0,1,0,1,1,1,1,0,1,1,0,0,1,0,0,0,1,0,0,0,0,0,0,1,0,0,1,0,0,0,0,1,1,0,1,1,0,1,0,0,1,1,0,0,1,0,0,1,0,1,1,0.4074074074074074,521.9253147095751,1
68,0,1,1,1,0,1,0,0,0,0,1,0,0,1,1,0,1,1,1,1,1,0,1,1,0,1,0,0,1,0,0,1,1,1,1,0,1,0,0,1,0,1,1,0,0,1,1,0,1,1,0,1,0,0,0.35185185185185186,613.631415495827,1
69,1,0,1,0,0,0,1,1,1,1,0,0,1,1,0,1,1,0,0,0,0,1,0,0,0,0,1,1,0,1,1,0,0,0,0,1,0,1,0,1,1,0,0,1,1,0,0,1,1,0,0,0,1,1,0.35185185185185186,415.8128216175178,1
70,0,1,1,1,0,1,0,0,0,0,1,1,0,0,1,0,0,1,1,0,1,1,1,1,0,1,0,0,1,0,0,1,1,1,1,0,1,0,1,0,0,1,1,0,0,1,1,0,0,1,1,1,0,0,0.37037037037037035,449.04662343452486,1
71,1,0,1,0,0,0,1,1,1,1,0,0,1,0,0,1,0,0,0,1,0,0,0,0,0,0,1,1,0,1,1,0,0,0,0,1,0,1,0,0,1,0,0,1,1,0,0,1,1,0,0,1,1,1,0.3888888888888889,481.71036377765324,1
72,0,0,1,0,1,0,1,1,1,1,0,0,0,1,0,1,0,0,0,1,0,1,0,0,0,0,1,1,0,1,0,0,0,0,0,0,1,1,0,0,1,0,0,1,1,0,0,1,0,0,0,0,1,1,0.3333333333333333,269.8920775051354,1
73,0,1,1,1,0,1,0,0,0,0,1,0,0,1,1,0,1,1,0,0,1,0,1,1,0,1,0,0,1,0,0,1,1,1,0,0,1,0,0,1,0,1,1,0,0,1,1,0,1,0,1,1,0,0,0.3333333333333333,505.3547577339982,1
74,1,0,1,0,1,0,1,1,1,1,0,0,1,1,0,1,0,0,0,1,0,1,0,0,0,0,1,1,0,1,1,1,0,0,0,1,1,1,1,0,1,0,0,1,1,0,0,1,1,0,0,0,1,1,0.4444444444444444,551.754336979683,1
75,1,0,1,0,1,0,0,1,1,1,0,0,1,0,0,1,0,0,0,0,0,1,0,0,1,0,1,1,0,1,0,1,0,0,0,1,0,1,0,1,1,0,0,1,1,0,0,1,0,0,0,0,1,1,0.37037037037037035,428.89490500654153,1
76,1,1,1,1,0,1,0,0,0,0,1,0,0,1,1,0,1,1,1,0,1,0,1,1,1,1,0,0,1,0,0,1,1,1,1,0,1,0,0,1,0,1,1,0,0,1,1,0,1,1,0,1,1,0,0.3333333333333333,548.7198118663455,1
77,1,1,0,1,1,1,0,0,0,0,1,0,0,0,1,0,1,1,1,0,1,0,0,1,1,1,0,0,1,0,0,1,1,1,1,0,1,0,0,1,0,0,1,0,0,1,1,0,1,1,1,1,0,0,0.25925925925925924,375.41643117709856,1
78,0,1,1,1,0,1,0,0,0,0,1,0,0,1,1,0,1,1,1,0,1,0,1,1,0,1,0,0,1,0,1,1,1,1,1,0,1,0,0,0,0,1,1,0,0,1,1,0,0,1,0,1,0,0,0.3888888888888889,559.3499897127466,1
79,1,0,1,0,0,0,1,1,1,1,0,1,1,1,0,1,0,0,0,1,0,1,0,0,0,0,1,1,0,1,0,0,0,0,0,1,1,1,1,0,1,0,0,1,1,0,0,1,1,0,0,0,1,1,0.3888888888888889,430.2349672757812,1
80,1,1,1,0,1,0,1,1,1,1,0,0,1,1,0,1,0,0,0,1,0,1,0,0,0,0,1,0,0,1,0,0,0,0,0,1,1,1,0,1,1,0,0,1,1,0,0,1,0,0,0,0,1,1,0.4074074074074074,328.472585228913,1
81,0,1,1,1,1,1,0,0,0,1,1,0,0,1,1,0,1,1,1,0,1,0,0,1,0,1,0,0,1,0,1,1,1,1,1,0,1,0,1,0,0,1,1,0,0,1,1,0,0,1,0,1,0,0,0.35185185185185186,477.16434640436756,1
82,0,1,1,1,1,1,0,0,0,0,1,1,0,1,1,0,1,1,0,0,1,0,1,1,0,1,0,1,1,0,0,1,1,1,1,0,1,0,1,1,0,1,1,0,0,1,1,0,0,1,0,1,0,0,0.3333333333333333,597.7716132480504,1
83,0,1,1,1,0,1,0,0,0,0,1,0,0,1,1,0,1,1,0,0,1,1,0,1,1,1,0,0,1,0,0,1,1,1,1,0,1,0,0,0,0,1,1,1,0,1,1,0,0,1,1,1,0,0,0.37037037037037035,437.0955194080643,1
84,1,0,1,1,0,0,1,1,1,1,0,1,1,1,0,0,0,0,0,1,0,1,0,0,0,0,1,1,0,1,1,0,0,0,0,1,0,1,1,0,1,0,0,1,1,0,0,1,0,0,0,0,1,1,0.3333333333333333,401.0902869134661,1
85,0,1,1,1,0,1,0,0,0,0,1,1,0,1,1,0,1,1,0,0,1,0,1,1,1,1,0,0,1,0,0,1,1,1,1,0,1,0,0,0,0,1,1,0,0,0,1,0,0,1,0,1,0,0,0.3888888888888889,837.2548648233401,1
86,1,1,1,1,0,1,0,0,0,0,1,0,0,1,1,0,1,1,0,0,1,0,1,1,1,1,0,0,1,0,1,1,1,1,1,0,0,0,1,0,0,1,1,0,0,1,1,0,1,1,0,1,0,0,0.37037037037037035,484.4757864306553,1
87,0,1,1,1,0,1,0,0,0,0,1,0,1,1,1,0,1,1,1,0,1,1,1,1,0,1,0,0,1,0,0,0,1,1,1,1,1,0,1,0,0,1,1,0,0,1,1,0,1,1,0,1,0,0,0.35185185185185186,490.34106665990186,1
88,0,1,1,0,1,1,0,0,0,0,1,0,0,1,1,0,1,1,1,0,1,0,1,1,0,1,0,0,1,0,0,1,1,1,1,0,1,0,0,1,0,1,1,0,0,1,1,0,1,1,0,1,0,0,0.35185185185185186,564.2919999505318,1
89,0,1,1,1,0,1,0,0,0,0,1,0,0,1,1,0,1,1,0,0,1,1,1,1,0,1,0,0,1,0,0,0,1,1,1,0,1,0,1,0,0,1,1,1,0,1,1,0,0,1,1,1,0,0,0.2777777777777778,424.7542061108271,1
90,1,0,1,0,1,0,1,1,1,1,0,1,1,1,0,1,0,0,0,1,0,1,0,0,0,0,1,0,0,1,1,0,1,0,0,1,1,1,1,0,1,0,0,1,1,0,0,1,0,0,0,0,1,1,0.3333333333333333,472.8979939834734,1
91,0,1,1,1,0,1,0,0,0,0,1,0,0,1,1,0,1,1,1,0,1,1,1,1,0,1,0,1,1,0,0,0,1,1,1,0,1,0,1,0,0,1,1,0,0,1,1,0,0,1,0,1,0,0,0.37037037037037035,529.1567252653141,1
92,0,1,1,1,0,1,0,0,0,0,1,0,0,1,1,0,0,1,1,0,1,1,1,1,1,1,0,1,1,0,1,1,1,1,1,0,1,0,1,0,0,0,1,0,0,1,1,0,1,1,0,1,0,0,0.3888888888888889,478.47910071642946,1
93,1,0,1,0,0,0,1,1,1,1,0,1,0,1,0,1,0,0,0,1,0,0,0,0,0,0,1,1,0,1,0,1,0,0,0,1,1,1,0,0,1,0,0,1,1,0,0,1,0,0,0,0,1,1,0.37037037037037035,392.2762192530698,1
94,1,0,1,0,1,0,1,1,1,1,0,0,1,1,0,0,0,0,0,0,0,0,0,0,0,0,1,1,0,1,0,0,0,0,0,0,0,1,1,0,1,0,0,1,1,0,0,1,1,0,0,0,1,1,0.35185185185185186,369.9890718054256,1
95,1,1,1,0,0,1,0,0,0,0,1,0,0,1,1,0,0,1,1,0,1,0,1,1,1,1,0,0,1,0,1,1,1,1,1,0,1,0,0,1,0,1,1,0,0,1,1,0,0,1,0,1,0,0,0.3333333333333333,489.70552248130457,1
96,1,0,1,0,0,0,1,1,1,1,0,1,1,0,0,1,1,0,0,1,0,1,0,0,0,0,1,1,0,1,1,0,0,0,0,1,1,1,0,0,1,0,1,1,1,1,0,1,0,0,1,0,1,1,0.37037037037037035,517.3548186893585,1
97,0,1,1,1,0,1,0,0,0,0,1,0,0,1,1,0,1,1,1,0,1,1,1,1,0,1,0,0,1,0,1,1,1,1,1,0,1,0,1,0,0,1,1,0,0,1,1,0,0,1,0,1,0,0,0.3888888888888889,480.4083544850214,1
98,0,1,1,1,0,1,0,0,0,0,1,0,1,1,1,0,1,1,1,0,1,0,1,1,1,1,0,0,1,0,0,1,1,1,1,0,1,0,1,1,0,1,1,0,0,1,1,0,0,1,1,1,0,0,0.4074074074074074,453.37350221042533,1
99,0,1,1,1,0,1,0,0,0,0,1,0,0,0,1,0,1,1,0,0,1,0,0,1,1,1,0,0,1,0,1,1,1,0,1,0,1,0,0,1,0,1,1,0,0,1,1,0,0,1,0,1,0,0,0.3333333333333333,409.35220935506567,1
