,0,1,2,3,4,5,6,7,8,9,10,11,12,13,14,15,16,17,18,19,20,21,22,23,24,25,26,27,28,29,30,31,32,33,34,35,chain_break_fraction,energy,num_occurrences
0,1,0,1,1,1,0,0,0,0,0,1,0,0,0,0,1,1,0,0,0,0,1,0,1,1,0,0,1,0,0,0,0,1,1,1,0,0.16666666666666666,9.312869220917815,1
1,1,0,1,1,1,0,0,0,1,0,1,0,0,0,0,0,1,0,0,0,0,1,1,1,1,0,1,1,0,0,0,0,1,0,1,0,0.1388888888888889,8.35461928449594,1
2,1,0,1,1,1,0,0,0,1,0,1,0,1,0,0,0,0,0,0,0,0,1,1,1,1,0,0,0,0,0,0,0,1,1,1,1,0.2222222222222222,9.324946040246655,1
3,1,0,1,1,1,0,0,1,1,0,1,0,0,0,0,0,0,0,1,0,0,1,1,1,1,0,0,1,0,0,0,0,1,1,0,1,0.2222222222222222,17.34151104292759,1
4,1,0,0,1,1,0,0,0,1,0,1,0,1,0,0,0,0,0,0,0,0,1,1,1,1,0,0,1,0,0,0,0,0,1,1,0,0.2222222222222222,9.251501133613305,1
5,1,0,1,1,1,0,0,0,1,0,1,0,1,0,0,1,0,0,0,0,0,1,1,1,1,0,0,1,0,1,0,0,0,1,1,0,0.16666666666666666,14.254023876280769,1
6,1,0,1,1,1,0,0,0,1,0,1,0,0,0,0,1,1,0,0,0,0,1,1,1,1,0,0,1,0,0,0,0,1,1,0,0,0.19444444444444445,10.02434825340962,1
7,1,0,1,1,1,0,0,0,1,0,1,1,0,0,0,0,0,0,0,0,0,1,1,1,1,0,0,1,0,0,0,0,1,1,1,0,0.25,10.329809283775486,1
8,1,0,1,0,1,0,0,1,1,0,1,0,1,0,0,0,0,0,0,0,0,1,1,1,1,0,0,1,0,0,0,0,1,1,0,1,0.2222222222222222,13.479869822373507,1
9,1,0,0,1,1,0,0,0,0,0,1,0,0,0,0,1,1,0,0,0,0,1,1,1,1,0,0,1,0,0,0,0,1,0,0,1,0.1111111111111111,8.504410768016314,1
10,1,0,1,1,1,0,0,0,1,0,1,0,1,0,0,0,1,0,1,0,0,1,1,1,1,0,0,1,0,0,0,0,1,1,1,0,0.1388888888888889,12.82130713851169,1
11,1,0,1,1,1,0,0,1,1,0,1,0,1,0,0,0,1,0,0,0,0,1,1,1,1,0,1,1,0,0,0,0,1,1,0,1,0.19444444444444445,13.720507375182088,1
12,1,0,1,1,1,0,0,1,1,0,1,0,1,1,0,0,1,0,0,0,0,1,1,1,1,0,0,1,0,1,0,0,0,1,1,1,0.16666666666666666,16.151180007845774,1
13,1,0,1,0,1,0,0,0,1,0,1,0,1,0,0,0,1,0,0,0,1,0,0,1,1,0,0,0,0,0,0,0,1,0,1,1,0.1388888888888889,-0.5162370542229127,1
14,1,0,1,0,1,0,0,0,0,0,1,0,1,0,0,0,1,0,0,0,0,0,1,1,1,0,0,0,0,0,0,0,1,0,1,0,0.16666666666666666,-0.07798785673737985,1
15,1,0,1,0,1,0,0,1,1,0,1,0,0,0,0,1,1,0,0,0,0,1,1,1,1,0,0,1,0,0,0,1,1,1,0,1,0.2222222222222222,20.270573677267684,1
16,1,0,1,1,1,0,0,1,1,0,1,0,1,0,0,0,1,0,0,0,0,0,1,1,1,0,1,1,0,0,0,1,0,1,1,0,0.19444444444444445,12.786413493766545,1
17,1,0,1,1,1,0,0,0,1,0,1,1,1,1,0,0,0,0,0,0,0,1,1,1,1,0,0,1,0,1,0,0,1,1,0,0,0.2777777777777778,17.47960943859394,1
18,1,0,1,0,1,0,0,1,1,0,1,0,0,0,0,1,1,0,0,0,0,1,1,1,0,0,1,1,0,0,0,0,1,0,0,1,0.16666666666666666,6.504294812568977,1
19,1,0,1,1,1,0,0,1,1,0,1,1,1,0,0,0,0,0,0,0,0,1,1,1,1,0,0,1,0,0,0,0,1,1,0,1,0.3055555555555556,10.451835088761403,1
20,1,0,1,1,1,0,0,0,1,0,1,1,1,0,0,1,1,0,0,0,0,1,1,1,1,0,1,1,0,0,0,1,0,1,1,0,0.2777777777777778,14.113362458735025,1
21,1,0,1,1,1,0,0,0,1,0,1,1,0,1,0,0,1,0,1,0,0,1,0,1,1,1,0,1,0,0,0,0,1,1,1,0,0.25,16.56477432405878,1
22,1,0,1,1,1,0,0,1,1,0,0,1,0,1,0,0,1,0,0,0,0,1,1,1,1,0,0,1,0,0,0,0,1,1,0,1,0.16666666666666666,11.488251183555668,1
23,1,0,1,0,1,0,0,0,1,0,1,0,1,1,0,0,0,0,0,0,0,1,1,1,1,0,1,1,0,0,0,0,1,0,0,0,0.16666666666666666,6.561291343723058,1
24,1,0,1,1,1,0,0,0,1,0,1,1,0,1,0,0,1,0,0,0,0,1,1,1,1,0,0,1,0,1,0,0,1,1,0,1,0.16666666666666666,19.11515977620146,1
25,1,0,1,0,1,0,0,0,1,0,1,0,0,0,0,1,1,0,0,1,0,1,1,1,1,0,0,1,0,0,0,0,0,0,0,1,0.16666666666666666,11.907631717263477,1
26,1,0,1,1,1,0,0,1,1,0,1,0,0,0,0,1,1,0,0,0,0,1,1,1,1,0,0,1,1,0,0,0,1,1,0,1,0.2222222222222222,14.890756427561005,1
27,1,0,1,1,1,0,0,1,1,0,1,1,1,0,0,0,1,0,0,0,0,1,1,1,1,0,0,0,0,0,0,0,1,1,1,1,0.25,6.865878194470047,1
28,1,0,1,1,1,0,0,1,1,0,1,1,0,0,0,0,1,0,1,0,0,1,1,1,1,0,0,1,0,0,0,0,1,1,0,1,0.2777777777777778,12.051755539602045,1
29,1,0,1,1,1,0,0,0,0,0,1,1,0,1,0,0,1,0,1,0,0,1,1,1,1,0,1,1,0,0,0,0,1,0,1,0,0.16666666666666666,9.908369958030592,1
30,1,0,1,1,1,0,0,0,1,0,1,1,0,0,0,0,1,0,0,0,0,1,1,1,1,0,0,1,0,1,0,0,1,1,0,0,0.25,16.069094924285018,1
31,1,0,1,1,1,0,0,0,1,0,1,1,1,1,0,0,1,0,0,0,0,1,1,1,1,0,0,1,0,0,0,0,1,1,1,0,0.19444444444444445,12.237463957163696,1
32,1,0,1,0,1,0,0,1,0,0,1,0,1,0,0,0,1,0,0,0,0,0,1,1,1,0,0,1,0,0,0,0,1,0,0,1,0.16666666666666666,4.0333025486218395,1
33,1,0,1,1,1,0,0,0,0,0,1,1,0,1,0,0,0,0,1,0,0,1,0,1,1,0,1,0,0,0,0,0,1,0,1,0,0.16666666666666666,4.783458796933053,1
34,1,0,0,1,1,0,0,0,1,0,1,1,1,1,0,0,0,0,0,0,0,1,1,1,1,0,0,1,0,0,0,0,1,1,0,1,0.19444444444444445,13.088211484328752,1
35,1,0,1,1,1,0,0,1,1,0,1,1,1,1,0,0,0,0,0,0,0,1,1,1,1,0,0,1,0,0,0,0,1,1,0,1,0.25,13.770978929767947,1
36,1,0,1,1,1,0,0,0,0,1,1,1,0,1,0,0,0,0,1,0,0,1,1,1,1,0,0,0,0,0,0,0,1,1,1,0,0.25,8.991405406765441,1
37,1,0,1,1,1,0,0,0,1,0,0,1,0,0,0,0,1,0,0,0,0,1,1,1,1,0,1,1,0,0,0,0,1,1,1,0,0.25,14.599974717467543,1
38,0,1,0,0,0,1,1,1,0,1,0,0,0,0,1,0,0,1,0,1,1,0,0,0,0,0,1,0,0,0,1,1,0,0,0,1,0.2777777777777778,16.695805857518074,1
39,1,0,0,1,1,0,0,0,1,0,1,1,0,1,0,0,0,0,0,0,1,1,1,1,1,1,0,1,0,0,0,0,1,0,0,0,0.16666666666666666,11.141790585928675,1
40,1,0,1,1,1,0,0,0,0,0,1,0,0,1,0,1,0,0,0,0,0,1,1,1,1,1,0,0,0,0,0,0,1,0,0,1,0.1388888888888889,8.108669207507136,1
41,1,0,1,1,1,0,0,1,1,0,1,0,0,1,0,0,0,0,0,0,0,1,1,1,1,0,1,1,0,0,0,0,0,1,1,1,0.19444444444444445,13.625825582096747,1
42,1,0,1,1,1,0,0,0,1,0,1,1,1,1,0,0,1,0,0,0,1,1,1,1,1,0,0,0,0,0,0,0,1,1,1,1,0.2777777777777778,7.911046831946854,1
43,1,0,1,1,1,0,0,1,1,0,1,1,1,1,0,0,0,0,0,0,0,1,1,1,1,1,0,1,0,0,0,0,1,1,0,1,0.2777777777777778,19.20016330469461,1
44,1,0,1,1,1,0,0,0,1,0,1,1,1,1,0,0,1,0,0,0,1,1,1,1,1,0,0,1,0,0,0,1,0,1,0,0,0.19444444444444445,12.749348506112186,1
45,1,0,1,0,1,0,0,0,1,0,1,0,1,0,0,0,1,0,0,0,0,1,1,1,1,0,0,1,1,0,0,0,0,0,0,1,0.16666666666666666,7.793997170454516,1
46,1,0,0,1,1,0,0,0,0,0,1,1,1,0,0,1,1,0,0,0,0,1,1,1,1,1,0,0,0,0,0,0,1,1,0,1,0.25,10.620888126701667,1
47,1,0,1,1,1,0,0,0,1,0,0,0,1,1,0,0,0,0,0,0,0,1,1,1,1,0,0,1,0,0,0,0,1,1,1,0,0.19444444444444445,11.459695815800202,1
48,1,0,1,0,1,0,0,0,1,0,1,0,1,1,0,1,1,0,1,0,1,1,1,1,1,0,1,1,0,0,0,0,0,1,1,0,0.16666666666666666,11.706273757856032,1
49,1,0,1,1,1,0,0,0,1,0,0,1,0,1,0,0,0,0,0,0,1,1,1,1,1,0,0,1,0,0,0,0,1,0,0,1,0.1111111111111111,7.759899801844989,1
50,1,0,1,0,1,0,0,0,1,0,1,0,0,0,0,1,0,0,0,0,0,1,1,1,1,0,1,1,1,0,0,0,0,0,0,1,0.16666666666666666,13.17825063816716,1
51,0,0,1,0,1,0,0,0,0,0,1,0,1,0,0,1,1,0,0,0,0,1,1,1,1,0,1,1,0,0,0,0,1,1,0,0,0.19444444444444445,15.597337359794354,1
52,1,0,1,0,1,0,0,0,1,0,1,0,1,1,0,0,1,0,0,0,0,1,1,1,1,0,0,1,0,0,0,0,1,1,0,1,0.16666666666666666,12.178894272323305,1
53,1,0,0,1,1,0,0,0,1,0,1,1,1,1,0,0,1,0,1,0,0,1,1,1,1,1,0,1,0,0,0,0,1,1,1,0,0.2777777777777778,20.085622242001737,1
54,1,0,1,1,1,0,0,0,1,0,0,0,0,1,0,0,0,0,0,0,0,1,1,1,1,0,0,1,0,0,0,0,1,0,0,0,0.16666666666666666,6.164974664555421,1
55,1,0,0,1,1,0,0,0,1,0,1,1,1,0,0,0,1,0,0,0,0,1,1,1,1,0,0,1,0,1,0,0,0,1,1,1,0.25,19.038011261078054,1
56,0,0,1,1,1,0,0,0,1,0,1,1,0,1,0,0,1,0,0,0,1,1,1,1,1,0,0,1,0,0,0,0,1,0,1,0,0.19444444444444445,6.016564215078403,1
57,1,0,1,1,1,0,0,0,1,0,1,1,0,1,0,1,0,0,0,0,0,1,1,1,1,0,0,1,0,1,0,0,1,1,1,0,0.2777777777777778,17.070427822229856,1
58,1,0,1,0,1,0,0,1,0,0,1,0,1,0,0,0,0,0,0,0,0,0,1,1,1,0,0,1,0,0,0,0,1,1,0,1,0.2222222222222222,11.390906479780874,1
59,1,0,1,1,1,0,0,0,1,0,0,1,0,1,0,0,1,0,0,0,0,1,1,1,1,1,0,0,0,0,0,1,1,1,1,0,0.25,15.653826914757305,1
60,1,0,1,1,1,0,0,0,1,0,1,0,1,1,0,0,0,0,1,0,0,1,1,1,1,0,0,1,1,0,0,0,0,1,0,1,0.2222222222222222,16.32479266406767,1
61,1,0,1,1,1,0,0,0,1,0,1,1,1,1,0,0,1,0,1,0,1,1,1,1,1,0,1,1,0,0,0,0,1,1,0,0,0.19444444444444445,14.567438710965941,1
62,1,0,1,1,1,0,0,0,1,0,1,1,0,1,0,0,1,0,0,0,0,1,1,1,1,0,0,1,0,1,0,0,1,1,1,0,0.16666666666666666,16.755643489268245,1
63,1,0,0,1,1,0,0,0,1,0,1,1,1,1,0,0,1,0,0,0,0,1,1,1,1,0,0,1,0,0,0,0,0,1,1,0,0.2222222222222222,9.925257161169752,1
64,1,0,0,1,1,1,0,0,1,0,1,0,0,1,0,1,1,0,1,0,0,1,1,1,1,0,0,1,0,0,0,0,1,1,0,1,0.19444444444444445,9.661356258444147,1
65,1,0,1,1,1,0,0,0,1,0,1,0,1,1,0,1,1,0,0,0,0,1,1,1,1,0,0,1,0,0,0,1,1,1,0,1,0.19444444444444445,16.76342098065241,1
66,1,0,1,1,1,0,0,1,1,0,1,0,1,0,0,0,0,0,0,0,0,0,1,1,0,0,1,1,0,1,0,0,0,1,0,1,0.19444444444444445,14.208141442380679,1
67,1,0,0,1,1,0,0,0,1,0,1,0,1,1,0,0,1,0,0,0,0,1,0,1,1,0,1,0,0,0,0,0,1,1,0,1,0.2222222222222222,5.891186835790861,1
68,1,0,1,1,1,0,0,0,1,0,1,1,0,1,0,0,0,0,0,0,0,1,1,1,1,0,0,1,0,0,0,0,1,1,0,1,0.25,12.461159277602617,1
69,0,0,1,1,1,0,0,0,1,0,1,0,1,1,0,1,1,0,0,0,0,1,1,1,1,0,1,1,0,1,0,0,1,1,0,0,0.16666666666666666,19.77395753365706,1
70,1,0,0,1,1,0,0,0,1,0,1,1,0,1,0,0,1,0,0,0,1,0,1,1,1,1,0,0,0,0,0,0,1,1,1,1,0.16666666666666666,12.282243308757208,1
71,1,0,1,1,1,0,0,0,1,0,0,1,1,1,0,0,1,0,0,0,1,0,1,1,1,0,0,0,0,0,0,1,1,1,1,0,0.19444444444444445,10.726956540034307,1
72,1,1,1,1,1,0,0,0,1,0,1,1,1,1,0,0,0,0,0,0,0,1,1,1,1,0,0,1,0,0,0,0,1,1,0,1,0.3333333333333333,14.194574795431446,1
73,1,0,1,1,1,0,0,0,1,0,1,1,0,1,0,0,0,0,0,0,0,1,1,1,1,1,1,1,0,0,0,0,1,1,0,0,0.2777777777777778,21.52454478060512,1
74,1,0,1,1,1,0,0,0,0,0,1,1,1,1,0,0,0,0,0,0,0,1,1,1,0,0,0,1,0,0,0,0,1,1,0,1,0.25,11.483650260672443,1
75,0,0,1,0,1,0,0,1,1,0,1,0,0,0,0,1,1,0,0,0,0,1,1,1,1,0,0,1,0,0,0,0,1,1,0,0,0.25,10.090860053563786,1
76,1,0,1,1,1,0,0,1,0,0,1,1,1,0,0,0,0,0,1,0,0,1,1,1,1,0,0,1,0,0,0,0,1,1,0,1,0.3333333333333333,13.883833462124926,1
77,1,0,1,1,1,0,0,1,1,0,1,1,1,1,0,0,1,0,0,0,0,1,1,1,1,0,0,1,0,1,0,0,0,1,0,1,0.2777777777777778,17.222519390862196,1
78,1,0,0,1,1,0,1,0,1,0,1,1,0,1,0,0,0,0,0,0,0,1,1,1,1,0,0,1,0,0,0,0,1,1,0,1,0.16666666666666666,11.25880379578696,1
79,1,0,1,0,1,0,0,0,1,0,1,0,0,1,0,0,1,0,0,0,1,1,1,1,1,0,0,1,0,0,0,0,1,0,0,1,0.19444444444444445,7.918560188965037,1
80,0,0,1,1,1,0,0,1,1,0,1,1,0,1,0,1,1,0,1,0,0,1,1,1,1,0,0,1,1,0,0,0,1,1,0,1,0.2777777777777778,18.303542582681033,1
81,1,0,1,1,1,0,0,0,1,0,1,1,1,0,0,0,0,0,0,0,0,1,1,1,1,0,0,1,0,0,0,0,1,1,0,1,0.3611111111111111,11.8066245253983,1
82,0,0,0,1,1,0,0,1,0,0,0,1,0,0,0,1,1,0,0,0,0,0,1,1,1,1,0,1,0,0,0,0,1,0,0,1,0.08333333333333333,13.176622571078056,1
83,1,0,1,1,1,0,0,0,0,0,0,1,1,0,1,0,1,0,0,0,0,0,1,1,1,0,0,0,0,0,0,1,0,0,1,1,0.1388888888888889,8.228759932815471,1
84,1,0,1,1,1,0,0,1,1,0,1,0,0,1,0,0,1,0,0,0,0,1,1,1,1,0,1,1,0,0,0,0,1,1,0,1,0.2777777777777778,13.583513429591445,1
85,0,0,1,1,1,0,0,0,1,0,1,1,1,1,0,0,1,0,0,0,0,1,1,1,1,0,0,1,0,0,0,0,1,1,0,1,0.2777777777777778,13.329395321962595,1
86,1,0,1,1,1,0,0,0,1,0,1,1,0,1,0,1,1,0,0,0,1,1,1,1,1,0,0,1,1,0,0,0,1,1,0,1,0.2777777777777778,13.802523679394675,1
87,1,0,1,1,1,0,0,0,0,0,1,1,0,1,0,1,1,0,0,0,1,1,1,1,1,0,0,1,0,0,0,0,1,0,1,0,0.19444444444444445,8.2002027492966,1
88,1,0,1,1,1,0,0,0,1,0,1,1,0,1,0,0,1,0,1,0,1,1,1,1,1,0,0,1,0,0,0,0,1,1,1,0,0.3333333333333333,11.598309617217422,1
89,1,0,0,1,1,0,0,0,0,0,1,1,0,1,0,0,1,0,1,0,0,1,1,1,0,0,0,1,0,0,0,0,1,1,1,0,0.19444444444444445,10.19178687817227,1
90,1,1,0,1,1,0,0,0,1,0,0,0,1,1,0,0,1,0,0,0,0,1,1,1,1,0,0,1,0,0,0,0,1,0,0,1,0.16666666666666666,8.032315085560217,1
91,1,0,1,1,0,0,0,0,1,0,1,0,1,0,0,0,1,0,0,0,1,1,0,1,1,0,1,1,0,0,0,0,0,1,0,1,0.25,16.234724044050175,1
92,1,0,0,1,1,0,0,1,1,0,0,1,1,1,0,0,1,0,0,0,1,1,1,1,1,0,0,1,0,0,0,0,1,0,0,0,0.2222222222222222,9.190250301736798,1
93,1,0,1,1,1,0,0,0,0,0,1,0,1,1,1,0,1,0,0,0,0,1,1,1,1,0,0,1,0,0,0,0,1,0,0,1,0.1388888888888889,6.671916565506791,1
94,0,0,1,1,1,0,0,0,1,0,1,1,0,1,0,0,1,0,0,0,0,1,1,1,1,1,0,1,0,0,0,0,1,0,1,0,0.2222222222222222,11.9338629046967,1
95,1,0,1,0,1,0,0,0,1,0,1,1,0,1,0,0,1,0,0,0,0,1,1,1,1,0,1,0,0,0,0,0,1,0,1,0,0.2222222222222222,3.2399001727563816,1
96,1,0,1,1,1,0,0,0,0,0,1,1,0,0,0,1,0,0,0,0,0,1,1,1,1,0,0,0,0,0,0,1,1,1,0,1,0.2222222222222222,12.378645620264013,1
97,1,0,1,1,1,0,0,1,0,0,0,1,0,1,0,0,1,0,0,0,1,0,1,1,1,1,0,1,1,0,1,0,1,0,1,0,0.16666666666666666,15.444494270422059,1
98,0,0,1,1,1,0,0,1,1,0,0,1,1,1,0,0,1,0,0,0,0,0,1,1,1,0,0,1,0,1,0,0,0,1,0,1,0.2777777777777778,18.890934979515798,1
99,1,0,1,0,1,0,0,1,1,0,1,1,1,0,1,0,1,0,0,0,1,1,1,1,1,0,1,0,0,0,0,0,0,1,0,0,0.2222222222222222,4.592411124121396,1
