,0,1,2,3,4,5,6,7,8,9,10,11,12,13,14,15,16,17,18,19,20,21,22,23,24,25,26,27,28,29,30,31,32,33,34,35,36,37,38,39,40,41,42,43,44,45,46,47,48,49,50,51,52,53,chain_break_fraction,energy,num_occurrences
0,1,0,0,1,0,1,0,0,1,0,0,1,1,1,0,0,1,1,1,0,0,0,1,0,0,0,0,1,1,1,1,1,0,0,1,1,1,0,0,0,1,0,1,1,0,0,0,0,0,0,0,1,0,0,0.24074074074074073,247.26425084393819,1
1,1,0,0,0,0,1,0,0,1,0,0,0,1,1,0,0,1,1,1,0,0,0,1,0,1,0,1,1,1,1,1,1,0,0,1,1,0,0,0,0,1,0,1,1,0,0,0,0,1,0,0,1,0,0,0.2777777777777778,254.0853369292558,1
2,1,0,0,0,0,1,0,0,1,0,0,0,1,1,0,0,1,1,0,0,0,0,1,1,0,0,1,1,1,1,0,0,0,0,1,1,1,0,0,0,1,0,0,1,0,0,1,0,1,1,0,1,0,0,0.2222222222222222,281.74185394274946,1
3,0,1,0,0,1,0,1,1,0,1,0,0,0,0,1,1,0,0,0,1,0,1,0,0,1,1,0,0,0,0,0,0,1,1,0,0,0,1,1,1,0,0,0,0,1,1,1,1,0,0,1,0,1,1,0.25925925925925924,517.9060303900465,1
4,1,0,0,0,0,1,0,0,1,0,0,0,1,1,0,0,1,1,1,0,1,0,1,0,0,0,1,1,1,1,1,0,0,0,1,1,0,0,0,0,0,1,1,1,0,0,1,0,1,0,0,1,0,0,0.3148148148148148,308.05178353442324,1
5,1,0,1,1,0,1,0,0,1,0,0,0,1,1,0,0,1,1,1,0,0,0,1,1,0,0,1,1,1,1,1,0,0,0,1,0,1,0,0,0,1,0,1,1,0,0,0,0,1,0,0,1,0,0,0.3148148148148148,568.5708296111084,1
6,1,0,0,0,0,1,0,0,1,0,0,0,0,1,0,0,1,1,1,0,1,0,1,0,0,0,1,1,1,1,0,1,0,0,1,1,0,0,0,0,0,1,1,1,0,0,1,0,1,0,0,1,0,0,0.24074074074074073,302.71766463100084,1
7,1,1,0,0,0,1,0,0,1,0,0,1,1,1,0,0,1,1,1,0,0,0,1,0,1,0,1,1,1,0,0,1,0,0,1,1,0,0,0,1,1,0,1,1,0,0,1,0,1,0,0,1,0,0,0.2777777777777778,387.3046704396827,1
8,1,0,0,0,0,1,0,0,1,0,0,0,1,1,0,0,1,1,0,0,1,1,1,1,0,0,0,1,1,1,1,0,0,0,1,0,0,0,0,0,1,0,1,1,0,0,1,0,1,0,0,1,0,0,0.2777777777777778,346.4961640261649,1
9,1,0,0,0,0,1,0,0,1,0,0,0,1,1,0,0,1,1,0,0,1,0,1,0,0,0,1,1,1,0,0,0,0,0,1,1,1,0,0,0,0,0,1,0,0,0,1,0,0,0,0,1,0,0,0.2777777777777778,445.19117616714203,1
10,1,0,0,0,0,1,0,0,1,0,0,0,1,1,0,1,1,1,0,0,1,0,1,1,0,0,1,1,1,1,1,0,0,0,1,1,1,0,0,0,1,1,1,1,0,0,0,0,1,0,0,1,0,0,0.35185185185185186,385.2048333180216,1
11,1,0,0,0,0,1,0,0,1,1,0,0,1,1,1,1,1,1,1,0,1,0,1,0,1,0,1,1,1,0,1,1,0,0,1,1,1,0,0,0,0,0,1,1,0,0,0,0,1,1,0,1,0,0,0.24074074074074073,573.5197937231629,1
12,0,1,1,1,0,0,0,1,0,1,0,1,0,0,1,1,0,0,0,1,0,1,0,0,1,0,0,0,0,0,0,0,1,1,0,1,1,1,1,1,0,0,0,0,1,1,1,1,1,1,1,0,1,1,0.2962962962962963,776.380540350724,1
13,1,0,0,0,0,1,0,0,1,0,0,0,1,1,0,1,1,1,1,0,0,0,1,0,0,0,1,1,1,1,1,1,0,0,1,1,0,0,0,0,1,1,1,1,0,0,1,0,0,0,0,1,0,0,0.3333333333333333,302.53533262174017,1
14,1,0,0,0,0,1,1,0,1,0,0,0,1,1,0,0,1,1,1,0,1,0,1,0,1,0,0,1,1,1,1,1,0,0,1,1,0,0,0,0,0,1,1,1,0,0,0,0,1,0,0,1,0,0,0.25925925925925924,274.52929602949877,1
15,1,0,0,0,0,1,0,0,1,0,0,0,1,1,0,1,1,1,0,0,1,1,1,1,1,0,1,1,1,1,1,1,0,0,1,1,1,0,0,0,1,0,1,1,0,0,0,0,0,0,0,1,0,0,0.24074074074074073,494.40492040171443,1
16,0,0,1,1,1,0,1,1,0,1,0,0,1,0,1,1,0,0,0,1,0,1,0,0,1,0,0,0,0,0,0,0,1,0,0,1,0,1,1,0,0,0,0,0,1,1,1,1,0,1,1,0,1,1,0.2777777777777778,640.7869081910843,1
17,0,1,1,0,1,0,1,1,0,1,1,0,0,0,1,0,0,0,0,1,0,1,0,0,1,1,0,0,0,0,0,0,1,1,0,0,0,1,1,1,0,0,0,0,1,1,1,1,0,1,1,0,1,1,0.2777777777777778,457.66313117246295,1
18,0,0,0,0,0,1,0,0,1,0,0,1,1,1,1,1,1,1,0,0,0,0,1,0,1,1,1,1,1,1,1,1,0,0,1,0,0,0,0,0,0,0,1,1,0,0,1,0,0,1,0,1,0,0,0.25925925925925924,547.5065666544556,1
19,0,0,0,0,0,1,0,0,1,0,0,0,1,1,0,1,1,1,0,0,0,0,1,0,1,0,1,1,1,1,1,1,0,0,1,0,0,0,0,0,1,1,1,1,0,0,1,0,1,0,0,0,0,0,0.25925925925925924,246.30294379724032,1
20,1,0,1,0,0,1,0,0,1,1,0,0,1,1,0,0,1,1,0,0,1,0,1,1,0,0,1,1,1,1,0,0,0,0,1,1,0,0,0,0,1,1,1,1,0,0,1,0,0,1,0,1,0,0,0.25925925925925924,476.7014767967412,1
21,1,0,0,1,0,1,0,0,1,0,0,0,1,1,0,1,1,1,1,0,0,0,1,1,0,0,1,1,1,0,1,1,0,0,1,1,0,0,0,1,1,0,1,1,0,0,1,0,0,0,0,1,0,0,0.2777777777777778,378.660321723149,1
22,1,1,0,1,0,1,0,0,1,0,0,0,1,1,0,0,1,1,1,0,1,0,1,0,0,0,1,1,1,1,1,0,0,0,1,1,0,0,0,0,0,1,1,0,0,0,1,0,1,0,0,1,0,0,0.3333333333333333,381.72641741587046,1
23,0,1,1,1,1,0,0,1,0,1,0,0,0,0,1,1,0,0,0,1,0,0,0,0,0,1,0,0,0,0,1,0,1,0,0,0,0,1,1,0,0,0,0,0,1,1,1,1,1,0,1,0,1,1,0.24074074074074073,457.63589217455467,1
24,1,0,0,1,0,1,0,0,1,0,0,0,0,1,0,0,1,1,1,0,0,0,1,1,0,0,1,1,1,1,0,1,0,0,1,1,0,0,0,0,0,1,1,1,0,0,1,0,1,0,0,1,0,0,0.24074074074074073,318.5215971818252,1
25,0,1,0,1,1,0,0,1,0,1,0,0,0,0,1,1,0,0,0,1,1,0,0,0,0,1,0,0,0,0,0,0,1,0,0,1,0,1,1,1,0,0,0,0,1,1,0,1,0,0,1,0,1,1,0.2222222222222222,528.0111050766416,1
26,0,1,1,1,0,0,0,1,0,1,1,1,0,0,1,1,0,0,0,1,0,1,0,0,1,1,0,0,0,0,1,0,1,1,0,1,0,1,1,1,0,0,0,0,1,1,1,1,0,1,1,0,1,1,0.2777777777777778,592.8914926643874,1
27,1,0,0,0,0,1,0,0,1,0,0,0,1,1,0,1,1,1,1,0,1,0,1,1,1,0,0,1,1,0,1,0,0,0,1,1,0,0,0,0,1,0,1,1,0,0,0,0,1,0,0,1,0,0,0.25925925925925924,462.3997609248728,1
28,0,0,0,0,0,1,0,0,1,0,0,0,1,1,0,0,1,1,1,0,1,1,1,0,0,0,1,1,1,1,0,1,0,1,1,0,1,0,0,0,0,1,1,1,0,0,1,0,1,0,0,1,0,0,0.37037037037037035,295.94510779111584,1
29,0,1,0,1,0,0,0,1,0,1,1,1,0,0,1,1,0,0,0,1,0,1,0,0,0,1,0,0,0,0,0,0,1,1,0,1,0,1,1,1,0,0,0,0,1,1,1,1,0,1,1,0,1,1,0.3148148148148148,717.5188471976165,1
30,1,0,0,0,0,1,0,0,1,0,0,0,1,1,0,0,1,1,1,0,1,1,1,1,0,0,1,1,1,1,1,1,0,0,1,1,0,0,0,0,0,1,1,1,0,1,0,0,1,0,0,1,0,0,0.2962962962962963,418.58543452729486,1
31,0,1,1,0,1,0,1,1,0,1,1,0,0,0,1,0,0,0,0,1,0,0,0,1,1,1,0,0,0,0,0,0,1,1,0,1,1,1,1,1,0,0,0,0,1,1,1,1,0,0,1,1,1,1,0.2222222222222222,566.1906786368703,1
32,0,1,0,1,1,0,1,0,0,1,1,0,0,0,1,1,0,0,0,1,0,1,0,0,0,1,0,0,0,0,0,0,1,1,0,0,0,1,1,0,0,0,0,0,1,1,1,1,0,0,1,1,1,1,0.25925925925925924,508.5415192064735,1
33,0,0,1,1,1,0,1,1,0,1,1,1,0,0,1,1,0,0,1,1,0,1,0,0,1,1,0,0,0,0,1,0,1,1,0,0,0,1,1,0,0,0,0,0,1,1,1,1,0,1,1,0,1,1,0.25925925925925924,362.7423454145381,1
34,1,0,0,1,0,1,0,0,1,0,0,0,1,1,0,1,1,1,1,0,1,0,1,0,0,0,1,1,0,1,1,0,0,0,1,1,1,0,0,0,1,0,0,1,0,1,0,0,1,0,0,1,0,0,0.24074074074074073,392.3037574539623,1
35,1,0,0,0,0,1,0,0,1,0,0,0,1,1,0,0,1,1,0,0,1,0,1,0,0,0,0,1,1,1,0,1,0,1,1,1,0,0,0,0,0,0,1,1,0,0,0,0,1,0,0,0,0,0,0.24074074074074073,240.92636202667643,1
36,0,1,1,1,1,0,0,1,0,1,0,1,0,0,1,0,0,0,0,1,0,0,0,0,0,1,0,0,0,0,0,0,1,1,0,0,1,1,1,0,0,0,0,0,1,0,1,1,1,1,1,0,1,1,0.25925925925925924,457.2013195943854,1
37,1,0,0,0,0,1,0,0,1,1,0,0,1,1,0,0,1,1,0,0,1,1,1,0,0,0,0,1,1,1,1,0,0,0,1,1,0,0,0,0,0,1,1,1,0,0,0,0,0,0,0,1,0,0,0.3333333333333333,267.15189527995716,1
38,0,1,0,1,0,1,0,0,1,0,0,0,1,1,0,0,1,1,1,0,0,0,1,1,1,0,1,1,1,1,0,1,0,0,1,1,1,0,0,0,1,0,1,1,0,0,0,0,0,0,0,1,0,0,0.2777777777777778,406.89515835111774,1
39,1,0,0,0,0,1,0,0,1,1,0,0,1,1,0,0,1,1,0,0,0,0,1,0,1,0,1,1,0,0,1,0,0,0,1,1,0,0,0,0,1,1,1,1,0,0,1,0,1,0,0,1,0,0,0.2962962962962963,246.33282918045197,1
40,1,1,0,0,0,1,0,0,1,0,0,0,1,1,0,0,1,1,0,0,1,0,1,0,1,0,1,1,1,1,0,0,0,1,1,1,1,0,0,0,0,1,1,1,0,0,0,0,1,0,0,1,0,0,0.2962962962962963,342.5238118064979,1
41,0,1,1,1,1,0,1,1,0,1,0,1,0,0,1,1,0,0,0,1,0,0,0,0,1,1,0,0,0,0,0,1,1,1,0,1,1,1,1,0,0,0,0,0,1,1,1,1,0,1,1,0,1,1,0.35185185185185186,625.0577728079772,1
42,1,0,0,0,0,1,0,0,1,0,0,0,1,1,0,1,1,1,0,0,1,0,1,1,0,0,1,1,1,1,1,0,0,0,1,1,0,0,0,0,1,0,1,1,0,0,1,0,0,1,0,1,0,0,0.25925925925925924,399.63977599605164,1
43,1,1,0,1,0,1,0,0,1,0,0,0,1,1,0,1,1,1,0,0,1,0,1,0,1,0,1,1,1,0,1,1,0,0,1,0,1,0,0,1,0,1,1,0,0,0,1,0,1,1,0,1,0,0,0.3148148148148148,403.7097166333586,1
44,1,0,0,0,0,1,0,0,1,0,1,1,1,1,0,0,1,1,0,0,1,0,1,1,0,0,1,1,1,1,1,1,0,0,1,1,1,0,0,0,1,0,1,1,0,0,1,0,0,0,0,0,0,0,0.3148148148148148,587.9096307255693,1
45,1,0,0,0,0,1,0,0,1,0,0,0,1,1,0,0,1,1,1,0,0,1,1,1,1,0,1,1,0,1,1,1,0,0,1,1,1,0,0,1,1,0,1,1,0,0,0,0,1,1,0,0,0,0,0.18518518518518517,334.64440135983597,1
46,0,0,1,1,0,0,0,1,0,1,0,1,0,0,1,1,0,0,0,1,0,1,0,0,1,0,0,0,0,0,0,0,1,1,0,1,0,1,1,0,0,0,0,0,1,1,1,1,0,1,1,0,1,1,0.2962962962962963,711.2840801477012,1
47,0,1,0,1,0,0,1,1,0,1,1,0,0,0,1,1,0,0,0,1,1,1,0,0,1,1,0,0,0,0,1,1,1,1,0,1,0,1,1,1,0,0,0,0,1,1,0,1,0,0,1,1,1,1,0.2962962962962963,665.0475530923999,1
48,0,1,1,1,0,0,0,1,0,0,0,1,0,0,1,1,0,0,0,1,0,1,0,0,0,0,0,0,0,0,0,0,1,1,0,1,0,1,1,1,0,0,0,0,1,1,0,1,1,0,1,0,1,1,0.25925925925925924,616.3370823773967,1
49,0,1,1,1,0,0,1,1,0,1,1,1,0,0,1,0,0,0,0,1,0,0,0,0,0,1,0,0,0,0,0,0,1,0,0,1,0,1,1,0,0,0,0,0,1,1,1,1,1,0,0,0,1,1,0.2222222222222222,373.794505999012,1
50,1,1,0,0,0,1,0,0,1,0,0,0,1,1,0,1,1,1,1,0,0,0,1,1,0,0,0,1,1,1,1,0,0,0,1,1,0,0,0,0,1,1,1,1,0,0,1,0,1,0,0,1,0,0,0.35185185185185186,281.15067073826765,1
51,0,1,0,0,0,1,1,0,1,0,0,0,1,1,0,1,1,1,1,0,1,0,1,1,0,1,1,1,1,1,0,1,0,0,1,1,1,0,0,0,0,1,1,1,0,0,1,0,1,0,0,0,0,0,0.37037037037037035,531.1938074162739,1
52,0,0,1,1,0,0,1,1,0,1,1,1,0,0,1,0,0,0,0,1,0,0,0,1,1,1,0,0,0,0,1,0,1,1,0,1,0,1,1,0,0,0,0,0,1,1,1,1,0,1,1,1,1,1,0.3888888888888889,595.0033917701552,1
53,0,0,0,1,0,1,1,0,1,0,0,0,1,1,0,0,1,1,1,0,1,0,1,0,0,0,1,1,1,0,1,1,0,0,1,1,0,0,0,1,0,1,1,1,0,0,1,0,1,0,0,0,0,0,0.3148148148148148,324.5091592701866,1
54,1,0,0,1,0,1,0,0,1,0,0,0,1,1,0,1,1,1,1,0,1,0,1,1,0,0,1,1,1,1,1,0,0,1,1,1,0,0,0,1,0,0,1,1,0,0,0,0,1,0,0,1,0,0,0.2777777777777778,534.1986123277135,1
55,1,0,0,0,0,1,0,0,1,1,0,0,1,1,0,0,1,1,1,0,0,1,1,1,1,0,1,1,1,1,0,1,0,0,1,1,0,0,0,0,1,1,1,1,0,0,0,0,1,0,0,1,0,0,0.3148148148148148,364.43451035493206,1
56,1,0,0,0,1,1,0,0,1,0,0,0,1,1,0,1,1,1,1,0,0,1,1,0,0,0,1,1,1,0,0,0,0,1,1,1,1,0,0,0,0,1,1,1,0,0,0,0,1,0,0,0,0,0,0.35185185185185186,343.0529729272877,1
57,0,1,1,1,1,0,0,1,0,1,1,0,0,0,1,1,0,0,0,1,0,1,0,0,0,1,0,0,1,0,0,1,1,1,0,1,1,1,1,0,0,0,0,0,1,1,1,1,0,1,1,0,0,1,0.3333333333333333,728.2563184885634,1
58,1,1,0,0,0,1,1,0,1,0,0,0,1,1,0,1,1,1,1,0,0,0,1,0,1,1,0,1,1,1,1,0,0,0,1,1,0,0,0,0,0,1,1,0,0,0,1,0,1,0,0,0,0,0,0.37037037037037035,278.51508417607425,1
59,0,0,0,0,0,1,0,0,1,0,0,0,1,1,0,0,1,1,0,0,1,0,1,1,0,0,1,1,1,1,1,0,0,0,1,1,1,0,0,0,0,0,1,1,0,0,1,0,1,0,0,1,0,0,0.2962962962962963,386.4849781509486,1
60,1,1,0,1,0,1,0,0,1,1,0,0,1,1,0,0,1,1,1,0,0,0,1,0,0,0,0,1,1,1,0,0,0,0,1,0,0,0,0,0,0,1,1,1,0,0,0,0,1,0,0,0,0,0,0.35185185185185186,257.38707049664396,1
61,1,0,0,0,0,1,0,0,1,0,0,0,1,1,1,1,1,1,0,0,0,0,1,0,0,0,1,0,1,0,0,1,0,0,1,1,0,0,0,0,1,0,1,1,0,1,0,0,1,0,0,1,0,0,0.25925925925925924,370.48344881812403,1
62,0,1,1,1,1,0,0,0,0,1,1,1,0,0,1,1,0,0,0,1,0,0,0,0,1,1,0,0,0,0,1,0,1,0,0,1,1,1,1,1,0,0,0,0,1,0,1,1,0,1,1,0,1,1,0.24074074074074073,565.2515058679222,1
63,1,0,0,1,0,1,1,0,1,0,1,1,1,1,0,0,1,1,0,0,1,0,1,0,1,1,1,1,1,1,0,0,0,0,1,1,0,0,0,1,1,1,1,1,0,0,0,0,1,0,0,1,0,0,0.2777777777777778,579.3807335343723,1
64,1,1,0,0,1,1,0,0,1,0,0,0,1,1,0,0,1,1,1,0,1,0,1,0,1,0,0,1,1,1,0,0,0,0,1,0,0,0,0,0,1,0,1,1,0,0,0,0,1,1,0,1,0,0,0.25925925925925924,373.568182976424,1
65,1,0,0,1,0,1,0,0,1,0,0,0,1,1,0,0,1,1,1,0,0,0,1,0,1,0,1,1,1,1,1,0,0,1,1,0,0,0,0,0,1,0,1,1,0,0,1,0,1,0,0,1,0,0,0.37037037037037035,266.01664976146037,1
66,0,1,0,1,1,0,1,1,0,1,0,1,0,0,1,1,0,0,0,1,0,1,0,0,0,0,0,0,0,0,1,0,1,1,0,0,0,1,1,0,0,0,0,0,1,1,1,1,0,1,1,0,1,1,0.2962962962962963,535.0194129848226,1
67,0,0,0,0,0,1,0,0,1,0,0,0,1,1,0,0,1,1,1,0,0,1,1,1,1,0,1,1,1,0,1,0,0,0,1,1,1,1,0,0,1,1,1,1,0,0,0,0,1,0,0,0,0,0,0.24074074074074073,329.103447301466,1
68,1,0,0,1,0,1,0,0,1,0,0,0,1,1,0,1,1,1,0,0,0,0,1,0,1,0,0,1,1,1,0,0,0,0,1,1,0,0,0,0,0,1,1,1,0,0,1,0,1,0,0,1,0,0,0.2962962962962963,231.88061241441514,1
69,1,1,0,0,0,1,1,0,1,0,1,0,1,1,0,0,1,1,0,0,0,0,1,0,1,0,1,1,1,1,1,1,0,0,1,1,0,0,0,0,0,0,1,0,0,0,0,0,1,1,0,0,0,0,0.3148148148148148,353.519916727107,1
70,0,1,1,1,0,0,1,0,0,1,0,1,0,0,1,1,0,1,0,1,0,1,0,0,1,1,0,0,0,0,0,0,1,0,0,1,0,1,1,0,0,0,0,0,1,0,1,1,0,1,1,1,1,1,0.2962962962962963,448.2173745706896,1
71,1,0,0,1,0,1,0,0,1,1,0,1,1,1,0,0,1,1,0,0,0,0,1,0,0,1,1,1,1,0,0,0,0,0,1,1,1,0,0,1,1,1,1,1,0,0,0,0,1,0,0,1,0,0,0.3148148148148148,372.91463307924056,1
72,0,0,0,1,0,0,1,1,0,1,1,1,0,0,1,0,0,0,0,1,0,1,0,1,0,0,0,0,0,0,0,0,1,1,0,1,0,1,1,1,0,0,0,0,1,1,1,1,0,1,1,1,1,1,0.3148148148148148,799.0431755856573,1
73,1,0,0,0,0,1,1,0,1,0,0,0,1,1,0,1,1,1,0,0,0,0,1,1,1,0,1,1,1,1,0,0,0,0,1,1,0,0,0,0,1,0,1,1,0,0,0,0,1,0,0,0,0,0,0.25925925925925924,437.4034677447818,1
74,0,1,1,1,0,0,0,1,0,1,1,0,0,0,1,1,0,0,0,1,1,1,0,1,0,1,0,0,0,0,1,0,1,0,0,1,0,1,1,0,0,0,0,0,1,0,1,1,1,1,1,1,1,1,0.25925925925925924,510.7018573223236,1
75,0,1,0,1,0,1,0,0,1,0,0,0,1,1,0,1,1,1,0,0,0,0,1,1,1,1,1,1,0,1,0,1,0,0,1,1,0,0,0,0,0,1,1,1,0,0,1,0,1,0,1,1,0,0,0.2962962962962963,375.11194959029604,1
76,1,0,0,0,0,1,0,0,1,0,1,1,1,1,0,0,1,1,0,0,1,1,1,0,0,1,1,1,1,1,0,0,0,0,1,1,0,0,0,0,1,1,1,1,0,1,1,0,0,0,0,1,0,0,0.3148148148148148,495.95775232130455,1
77,1,0,0,1,1,1,0,0,1,0,0,0,1,1,0,0,1,1,1,0,0,1,1,0,0,0,1,1,1,0,0,0,0,0,1,1,0,0,0,1,1,1,1,1,0,0,0,0,1,0,0,1,0,0,0.2962962962962963,307.05605195221773,1
78,1,0,0,1,0,1,0,0,1,0,0,0,1,1,0,1,1,1,1,0,0,0,1,0,0,0,1,1,1,0,0,1,0,0,1,0,0,0,0,1,1,0,1,1,0,0,0,0,1,0,0,1,0,0,0.2962962962962963,344.33541893430566,1
79,1,0,0,0,0,1,0,0,1,0,0,0,1,1,0,1,1,1,1,0,0,0,1,0,0,1,1,1,1,1,1,1,0,0,1,1,0,0,0,1,1,0,1,0,0,0,1,0,1,1,0,1,0,0,0.2962962962962963,263.4240599604152,1
80,0,1,1,1,0,0,1,1,0,0,1,1,0,0,1,1,0,0,0,1,1,1,0,0,0,1,0,0,1,0,1,0,1,1,0,1,0,1,1,0,0,0,0,0,1,1,1,1,0,1,1,0,1,1,0.2777777777777778,580.4568854172767,1
81,0,1,1,1,1,0,0,1,0,1,1,1,0,0,1,1,0,0,0,1,0,1,0,1,0,1,0,0,0,0,1,0,1,1,0,0,0,1,1,0,0,0,0,0,1,0,1,1,0,1,1,0,1,1,0.37037037037037035,342.15055831114296,1
82,0,1,1,1,0,0,0,1,0,1,1,0,0,0,1,1,0,0,1,1,1,1,0,0,1,1,0,0,0,0,0,1,1,1,0,1,0,1,1,0,0,0,0,0,1,0,1,1,0,1,0,1,1,1,0.2962962962962963,444.2994223919809,1
83,0,1,1,1,1,0,0,1,0,1,0,1,0,0,1,1,0,0,0,1,1,1,0,1,0,0,0,0,0,0,0,1,1,1,0,1,0,1,1,0,0,0,0,0,1,1,1,1,0,1,1,0,0,1,0.3333333333333333,448.36542672722453,1
84,0,0,0,0,0,1,0,0,1,0,0,0,1,1,0,1,1,1,1,0,1,0,1,0,0,1,1,1,1,0,1,1,0,0,1,0,0,0,0,0,1,0,1,1,0,0,1,0,1,0,0,1,0,0,0.2962962962962963,455.0303766351309,1
85,0,0,0,0,0,1,0,0,1,0,0,0,1,1,0,0,1,1,1,0,0,1,1,0,0,0,1,1,1,1,1,0,0,1,1,1,0,0,0,1,1,1,1,1,0,0,0,0,1,0,0,1,0,0,0.2777777777777778,284.9435052334594,1
86,1,0,0,0,0,1,0,0,1,0,0,0,1,1,0,0,1,1,0,0,1,0,1,0,1,1,1,1,0,1,1,1,0,0,1,1,0,0,0,1,1,0,1,1,0,0,0,0,0,0,0,1,0,0,0.2777777777777778,392.6572871777417,1
87,0,1,1,1,0,0,0,1,0,1,1,1,1,0,1,0,0,0,0,1,0,1,0,0,0,1,0,0,0,0,0,0,1,0,0,1,0,1,1,0,0,0,0,0,1,1,1,1,0,1,1,0,1,1,0.3148148148148148,507.69458498732746,1
88,0,1,1,0,1,0,0,1,0,1,1,1,0,0,1,1,0,0,0,1,1,0,0,0,1,0,0,0,0,0,1,0,1,1,0,0,1,1,1,0,0,0,0,0,1,1,1,1,0,1,1,0,0,1,0.2962962962962963,360.5932939873625,1
89,1,0,0,1,0,1,1,0,1,0,0,0,1,1,0,1,1,1,1,0,0,1,1,1,1,0,1,1,1,1,0,0,0,0,1,1,0,0,0,0,0,1,1,1,0,0,0,0,0,1,0,0,0,0,0.24074074074074073,470.48304116050093,1
90,1,0,0,1,0,1,0,0,1,0,0,0,1,1,0,0,1,1,0,0,0,1,1,0,0,0,1,1,1,0,0,0,0,1,0,1,1,0,0,0,0,1,1,1,0,0,0,0,1,0,0,0,0,0,0.3148148148148148,296.8039016797028,1
91,1,0,0,0,0,1,0,0,1,1,0,0,1,1,0,1,1,1,1,0,0,1,1,1,0,0,1,1,1,1,1,1,0,0,1,0,0,0,0,0,0,1,1,0,0,0,1,0,0,0,0,1,0,1,0.3148148148148148,383.81073899316414,1
92,1,1,1,1,0,1,0,0,1,0,0,0,1,1,0,0,1,1,1,0,0,0,1,1,0,0,1,1,1,0,1,0,0,0,1,1,1,0,0,0,1,1,1,1,0,1,0,0,1,0,0,1,0,0,0.2962962962962963,502.4865488398379,1
93,0,0,0,1,0,1,1,0,1,1,0,0,1,1,0,0,1,1,0,0,0,1,1,1,0,0,1,1,1,1,0,1,0,1,1,1,1,0,0,0,0,1,1,1,0,1,1,0,1,0,0,0,0,0,0.2777777777777778,336.57909293264265,1
94,0,1,1,1,0,0,0,1,0,1,0,1,0,0,1,1,0,0,0,1,0,1,0,0,0,1,0,0,0,0,0,0,1,1,0,1,1,1,1,0,0,0,0,0,1,1,1,1,0,1,1,0,1,1,0.3888888888888889,641.1905812644799,1
95,1,1,1,0,0,1,0,0,1,1,1,0,1,1,0,1,1,1,1,0,0,0,1,1,0,0,1,1,1,1,0,0,0,0,1,1,0,0,0,1,1,1,1,1,0,0,0,0,0,1,0,1,0,0,0.37037037037037035,546.7056296149188,1
96,1,1,0,1,0,1,0,0,1,0,0,0,1,1,0,0,1,1,1,0,0,1,1,1,1,0,1,1,0,1,1,0,0,0,1,1,0,0,0,0,1,0,1,1,0,1,0,0,0,0,0,1,0,0,0.3333333333333333,549.5618999848202,1
97,0,1,1,0,1,0,0,1,0,1,0,1,1,0,1,1,0,0,0,1,1,0,0,1,0,1,0,0,0,0,1,1,1,1,0,0,0,1,1,1,1,0,0,0,1,0,1,1,0,1,1,0,1,1,0.3333333333333333,460.7721403094928,1
98,1,1,0,0,0,1,1,0,1,0,1,0,1,1,0,1,1,1,1,0,0,0,1,0,1,1,1,1,1,1,1,0,0,0,1,1,0,0,0,0,1,1,1,1,0,0,1,0,1,0,0,1,0,0,0.3148148148148148,361.866108160855,1
99,1,0,0,0,0,1,0,0,1,0,1,0,1,1,0,1,1,1,1,0,1,0,1,0,0,0,1,1,1,1,1,0,0,0,1,0,1,0,0,1,1,1,1,1,0,0,0,0,1,0,0,0,0,0,0.37037037037037035,377.8014040615261,1
