,0,1,2,3,4,5,6,7,8,9,10,11,12,13,14,15,16,17,18,19,20,21,22,23,24,25,26,27,28,29,30,31,32,33,34,35,chain_break_fraction,energy,num_occurrences
0,1,1,0,1,1,0,0,1,0,0,1,0,0,0,1,0,0,0,0,0,0,0,0,1,1,1,1,1,0,0,1,0,0,0,0,1,0.25,3.0229522185256354,1
1,0,0,1,0,1,0,1,0,0,1,0,1,1,1,0,0,1,1,1,1,1,0,0,0,0,0,0,0,1,0,0,1,1,1,1,0,0.25,9.766838579009999,1
2,0,1,1,0,0,0,1,0,0,1,0,0,1,1,0,0,1,1,1,1,1,0,0,0,0,0,0,0,1,0,0,0,1,0,1,0,0.19444444444444445,12.533520034527841,1
3,1,1,0,1,1,0,0,1,1,0,1,0,0,0,1,0,0,1,0,0,0,1,1,1,1,1,1,1,0,0,1,0,0,0,0,0,0.25,5.641105806579625,1
4,0,0,1,0,1,0,1,0,0,1,0,1,1,1,0,0,1,1,1,1,1,0,0,0,0,0,0,0,1,0,0,0,1,1,1,1,0.19444444444444445,8.905539863370263,1
5,0,0,1,0,0,0,1,0,0,1,0,1,1,1,0,0,1,1,1,1,1,0,0,0,0,0,0,0,1,0,0,0,1,0,1,1,0.25,9.39312221080488,1
6,0,0,1,0,1,0,1,0,0,1,0,1,1,1,0,0,0,1,1,1,1,0,0,0,0,0,0,0,1,0,0,0,1,1,1,0,0.2222222222222222,7.822176484446657,1
7,1,1,0,1,1,0,0,1,1,0,1,0,0,0,1,0,0,0,0,0,0,0,1,1,0,1,1,1,0,0,1,0,0,0,0,0,0.2222222222222222,3.4694958920470276,1
8,0,1,1,0,0,0,1,0,0,1,0,1,1,1,0,0,1,1,1,1,1,0,0,0,0,0,0,0,1,0,0,1,1,0,1,0,0.2777777777777778,13.25539978512639,1
9,0,0,1,0,0,0,1,0,1,1,0,1,1,1,0,0,1,1,1,1,1,0,0,0,0,0,0,0,1,0,0,0,1,1,1,0,0.2222222222222222,10.966230250619692,1
10,1,1,0,1,0,1,0,1,1,0,1,0,0,0,1,0,0,0,0,0,0,0,1,1,1,1,1,1,0,1,1,0,0,0,0,1,0.2777777777777778,10.134138959541541,1
11,1,1,1,0,1,0,0,1,0,0,1,0,0,0,1,0,0,0,0,0,0,0,1,1,1,1,1,1,0,0,1,0,0,0,0,1,0.16666666666666666,4.409740964527833,1
12,1,0,0,1,0,0,0,1,0,0,1,0,1,0,1,0,0,0,0,0,0,0,1,1,1,1,1,1,0,0,1,0,0,0,0,0,0.2222222222222222,4.056958739325141,1
13,1,1,0,1,1,1,0,1,1,0,0,0,0,0,1,0,0,0,0,0,0,0,1,1,1,1,1,1,0,0,1,0,0,0,0,1,0.25,6.567886270545087,1
14,0,0,1,0,1,0,1,0,0,1,0,1,1,1,0,0,1,1,1,1,1,0,0,0,0,0,0,0,1,0,0,1,1,1,1,0,0.2222222222222222,9.766838579009999,1
15,0,0,1,0,1,0,1,0,1,0,0,1,1,1,0,0,1,1,0,1,1,0,0,0,0,0,0,0,1,0,0,0,1,0,1,1,0.19444444444444445,8.44226857477215,1
16,1,0,0,1,0,1,0,1,1,0,1,0,1,0,1,0,0,0,0,0,0,0,1,1,1,1,1,1,0,1,1,0,0,0,0,0,0.3055555555555556,8.298483607872999,1
17,0,0,1,0,1,0,1,0,0,1,0,1,1,1,0,0,1,1,1,1,1,0,0,0,0,0,0,0,1,0,0,1,1,1,1,1,0.25,10.068336699420882,1
18,0,0,1,0,0,0,1,0,1,0,0,1,1,1,0,0,1,1,1,1,1,0,1,0,0,0,0,0,1,0,0,0,1,0,1,0,0.2222222222222222,7.331464834814437,1
19,0,0,1,0,0,0,1,0,1,1,0,0,1,1,0,0,1,1,1,0,1,0,1,0,0,0,0,0,1,0,0,0,1,0,1,1,0.1388888888888889,6.094223138946808,1
20,0,0,1,0,0,0,1,1,0,1,0,1,1,1,0,0,1,1,0,1,1,0,0,0,0,0,0,0,1,0,0,0,1,1,1,1,0.2222222222222222,11.026312444273234,1
21,0,1,1,0,0,0,1,0,0,0,0,1,1,1,0,0,1,1,0,1,1,0,0,0,0,0,0,0,1,0,0,0,1,1,1,0,0.19444444444444445,8.348265730036488,1
22,0,0,1,0,1,0,1,0,1,1,0,1,1,1,0,0,1,1,1,1,1,0,0,0,0,0,0,0,1,0,0,0,1,1,1,0,0.2777777777777778,13.815846909003522,1
23,0,0,1,0,1,0,1,0,1,0,0,0,1,1,0,0,1,1,0,1,1,0,0,0,0,0,0,0,1,0,0,0,1,0,1,0,0.16666666666666666,7.272683442129235,1
24,1,0,0,1,0,1,0,1,0,0,1,1,0,0,1,0,0,0,0,0,0,0,1,1,1,1,0,1,0,0,1,0,0,0,0,0,0.2222222222222222,6.429689709328559,1
25,0,0,1,0,1,0,1,0,0,0,0,1,1,1,0,0,1,1,0,1,1,0,0,0,0,0,0,0,1,0,0,0,1,0,1,1,0.1388888888888889,6.628502057855229,1
26,0,1,1,0,1,0,1,0,0,0,1,0,1,1,0,0,1,1,0,1,1,0,0,0,0,0,0,0,1,0,0,0,1,1,1,1,0.1388888888888889,6.846086822508894,1
27,0,0,1,0,1,0,1,0,0,1,0,1,1,1,0,0,1,1,0,1,1,0,0,0,0,0,0,0,1,0,0,0,1,1,1,1,0.19444444444444445,8.400831830676456,1
28,0,1,1,0,0,0,1,1,1,0,0,0,1,1,0,0,1,1,0,1,1,0,0,0,0,0,0,0,1,0,0,0,1,0,1,1,0.19444444444444445,12.085658585575604,1
29,0,1,1,0,1,0,1,0,0,1,0,1,1,1,0,0,1,1,0,1,1,0,0,0,0,0,0,0,1,0,0,0,1,1,1,0,0.2777777777777778,18.637594923802027,1
30,1,0,0,0,1,0,0,1,1,0,0,1,0,0,1,0,1,0,0,0,0,0,1,1,1,1,1,1,0,0,1,0,0,0,0,1,0.19444444444444445,5.979692470339569,1
31,0,1,1,0,1,0,1,1,0,0,0,0,1,1,0,0,1,1,1,1,1,0,0,0,0,0,0,0,1,0,0,0,1,1,1,0,0.25,12.878003734322792,1
32,0,0,1,0,1,0,1,0,0,1,0,1,1,1,0,0,1,1,1,1,1,0,0,0,0,0,0,0,1,0,0,0,1,0,1,0,0.25,15.442333439430717,1
33,0,0,1,0,0,0,1,0,0,0,0,1,1,1,0,0,1,1,0,1,1,0,0,0,0,0,0,0,1,0,0,1,1,0,1,1,0.2777777777777778,4.126556290641398,1
34,0,0,1,0,0,0,1,0,1,0,0,0,1,1,0,0,1,1,0,0,1,0,1,0,0,0,0,0,1,0,0,0,1,0,1,1,0.2222222222222222,1.7490510309320508,1
35,0,0,1,0,0,0,1,0,1,0,0,1,1,1,0,0,0,1,1,0,1,0,0,0,0,0,0,0,1,0,0,0,1,1,1,1,0.2222222222222222,1.333844741912794,1
36,1,1,0,0,0,0,0,1,1,0,1,0,1,0,1,0,0,0,0,0,0,1,1,1,1,1,1,1,0,0,1,0,0,0,0,1,0.25,10.249438658784634,1
37,0,1,1,0,0,0,1,0,0,1,0,0,1,1,0,0,1,1,1,0,0,0,0,0,0,0,0,0,1,1,0,0,1,0,1,0,0.16666666666666666,14.786770803257458,1
38,0,1,1,0,0,0,1,0,1,1,0,1,1,1,0,0,1,1,1,1,1,0,1,0,0,0,0,0,1,0,0,0,1,0,1,0,0.19444444444444445,20.64028080312991,1
39,0,1,1,0,0,0,1,0,0,0,1,1,1,1,0,0,1,1,0,1,1,0,0,0,0,0,0,0,0,0,0,0,1,1,1,1,0.16666666666666666,7.827231672622015,1
40,0,0,1,0,1,0,1,0,0,1,0,0,1,1,0,0,1,1,1,1,1,0,0,0,0,0,0,0,1,0,0,0,1,0,1,0,0.2222222222222222,9.869312947670881,1
41,0,1,1,0,0,0,1,1,0,0,0,0,1,1,0,0,0,1,1,1,1,0,0,0,0,0,0,0,1,0,0,0,1,0,1,1,0.2222222222222222,7.591139825516964,1
42,0,0,1,0,0,0,1,0,1,0,0,1,1,1,0,0,1,1,1,0,1,0,0,0,0,0,0,0,0,0,0,0,1,1,1,1,0.16666666666666666,3.6679800623014556,1
43,0,0,1,0,1,0,1,0,0,1,0,1,1,1,0,0,1,1,0,1,1,0,1,0,0,0,0,0,1,0,0,0,1,1,1,1,0.2777777777777778,7.92536622855076,1
44,0,0,1,0,0,0,1,0,1,0,1,1,1,1,0,0,1,1,1,0,1,0,0,0,0,0,0,0,1,0,0,0,1,1,1,1,0.19444444444444445,3.631033541462808,1
45,0,0,1,0,0,0,1,1,1,0,0,1,1,1,0,0,0,1,0,1,1,0,0,0,0,0,0,0,1,0,0,0,1,0,1,1,0.16666666666666666,8.51180202391194,1
46,1,1,0,1,1,1,0,1,1,0,1,0,0,0,1,0,0,0,0,0,0,0,1,1,1,1,1,1,0,0,1,0,0,0,0,0,0.3055555555555556,6.8248574819235825,1
47,0,1,1,0,0,0,1,0,1,1,0,1,1,1,0,0,1,1,1,1,1,0,0,0,0,0,0,0,1,0,0,1,1,1,1,0,0.2777777777777778,14.007573066115665,1
48,1,0,0,1,0,0,0,1,1,0,1,1,1,0,0,0,0,0,0,0,0,0,0,1,1,1,1,1,0,0,1,0,0,0,0,1,0.2222222222222222,3.6346565284298795,1
49,0,1,1,0,0,0,1,0,0,1,0,1,1,1,0,0,1,1,1,1,0,0,0,0,0,0,0,0,1,0,0,0,1,1,1,1,0.16666666666666666,11.42505051208477,1
50,0,0,1,0,0,0,1,1,1,0,0,0,1,1,0,0,1,1,0,1,1,0,0,0,1,0,0,0,1,0,0,0,1,1,1,0,0.19444444444444445,6.363216186290461,1
51,0,1,1,0,1,0,1,0,0,0,0,0,1,1,0,0,1,1,1,1,1,0,1,0,0,0,0,0,0,0,0,0,1,1,1,0,0.16666666666666666,8.15642370921081,1
52,0,1,1,0,1,0,1,1,0,1,0,1,0,1,0,0,1,1,0,1,1,0,0,0,0,0,0,0,1,0,0,1,1,1,1,0,0.2777777777777778,18.879491061184652,1
53,0,1,1,0,1,0,1,0,0,1,0,1,0,1,0,0,1,1,1,1,0,0,0,0,0,0,0,0,1,0,0,0,1,1,1,1,0.25,12.822955003270748,1
54,1,0,0,0,0,1,0,1,1,0,1,0,1,0,1,0,0,1,0,0,0,0,1,1,1,1,0,1,0,0,1,0,0,0,0,1,0.2222222222222222,4.833174221679705,1
55,0,1,1,0,0,0,1,0,1,0,1,0,1,1,0,0,1,1,1,1,1,0,0,0,0,0,0,0,1,0,0,0,1,1,1,1,0.2222222222222222,7.009381743606765,1
56,1,1,0,0,0,1,0,1,0,0,1,0,1,0,1,0,0,0,0,0,0,0,1,1,1,1,0,1,0,0,1,0,0,0,1,0,0.16666666666666666,1.4347578630851452,1
57,0,0,1,0,0,0,1,0,1,0,0,0,0,1,0,0,1,1,1,0,1,0,0,0,0,0,0,0,1,0,0,0,1,0,1,1,0.16666666666666666,2.1756023912105302,1
58,0,1,1,0,0,0,1,0,0,1,0,1,0,1,0,0,1,1,0,1,1,0,0,0,0,0,0,0,1,0,0,1,1,1,1,0,0.2777777777777778,10.05520237824453,1
59,0,0,1,0,0,0,1,0,0,1,0,1,0,1,0,1,1,1,1,1,1,0,0,0,0,0,0,0,1,0,0,0,1,1,1,0,0.25,13.235675630325794,1
60,0,0,1,0,0,0,1,1,1,0,1,0,1,1,0,0,1,1,1,1,1,0,0,0,0,0,1,0,1,0,0,0,1,0,1,0,0.19444444444444445,7.732785873052546,1
61,0,0,1,0,1,0,1,1,1,1,0,0,1,1,0,0,1,1,1,1,1,0,0,0,0,0,0,0,1,0,0,0,1,1,1,0,0.16666666666666666,16.029463702108423,1
62,1,1,1,0,1,1,0,1,1,0,1,0,0,0,1,0,0,0,0,0,0,1,1,1,1,1,1,1,0,0,1,0,0,0,0,1,0.2222222222222222,7.770177896152718,1
63,1,0,0,0,1,0,0,1,0,0,0,1,1,0,0,0,0,0,0,0,0,1,0,1,1,1,1,0,0,0,1,1,0,0,0,0,0.1111111111111111,6.352174905342861,1
64,0,0,1,0,1,0,1,1,0,0,1,0,1,1,0,0,1,1,0,1,0,0,0,0,0,0,0,0,1,0,0,0,1,1,1,1,0.1388888888888889,8.139929162254486,1
65,0,1,1,0,0,0,1,0,0,1,0,0,0,1,0,0,1,1,1,0,1,0,0,0,0,0,0,0,1,0,0,0,1,1,1,1,0.19444444444444445,7.155340921641494,1
66,0,0,1,0,0,0,1,0,0,0,0,1,1,1,0,0,1,1,0,1,0,0,0,0,0,0,0,0,1,0,0,0,1,1,1,1,0.2222222222222222,3.8238583169320184,1
67,0,1,1,0,1,0,1,0,0,1,0,0,1,1,0,1,1,1,0,1,1,0,0,0,1,0,0,0,1,0,0,0,1,1,1,0,0.25,18.336374784600046,1
68,0,1,1,0,1,0,1,1,0,1,0,0,1,1,0,0,1,1,0,1,1,0,0,0,0,0,0,0,1,0,0,0,1,1,1,1,0.2222222222222222,15.926045920353898,1
69,1,0,1,0,0,1,0,0,0,0,1,1,1,0,1,0,0,0,0,0,0,1,1,1,1,1,1,1,0,0,1,1,0,0,0,0,0.19444444444444445,13.443847798501315,1
70,0,0,1,0,0,0,1,1,0,0,0,1,1,1,0,0,1,1,0,0,1,0,1,0,0,0,0,0,0,0,0,0,1,1,1,1,0.19444444444444445,6.952746460678759,1
71,0,0,1,0,0,0,1,0,0,0,0,1,1,1,0,0,1,1,1,1,1,0,0,0,0,0,0,0,1,0,0,0,1,1,1,1,0.2222222222222222,6.133434742857,1
72,0,0,1,0,0,0,1,0,0,0,0,1,0,1,0,0,1,1,0,1,0,0,0,0,0,0,0,0,1,0,0,0,1,0,0,1,0.16666666666666666,5.73977347246652,1
73,0,1,1,0,1,0,1,0,0,0,1,0,1,1,0,0,1,1,1,1,1,0,1,0,0,0,0,1,1,0,0,0,1,1,1,0,0.25,8.92280085777934,1
74,0,0,1,0,1,0,1,0,0,0,0,1,0,1,0,0,1,1,1,1,1,0,0,0,1,0,0,0,1,0,0,0,1,1,1,1,0.25,7.730699615262884,1
75,1,0,1,0,1,0,1,0,1,0,1,0,1,1,0,0,0,1,0,1,1,0,1,0,0,0,0,0,1,0,0,0,1,1,1,1,0.16666666666666666,3.989271519285762,1
76,0,0,1,0,1,0,1,1,1,0,0,0,1,1,0,0,1,1,1,1,1,0,0,0,1,0,0,0,1,0,0,0,1,1,1,0,0.16666666666666666,8.079680028775176,1
77,0,0,1,0,0,0,1,0,0,0,0,1,1,1,0,0,1,1,1,0,0,0,1,0,0,0,0,0,1,0,0,0,1,1,1,1,0.19444444444444445,2.3341071380639486,1
78,0,1,1,0,0,0,1,0,0,0,0,1,1,1,0,0,1,1,0,1,1,0,0,0,0,0,0,0,1,0,0,0,1,1,1,0,0.2777777777777778,8.348265730036488,1
79,1,1,0,1,0,1,0,1,1,0,1,0,1,0,0,0,0,0,0,0,0,0,0,1,1,1,0,1,0,0,1,0,0,0,0,0,0.25,6.816372266256534,1
80,1,1,0,0,1,0,0,1,1,0,1,0,0,0,1,0,0,0,0,0,0,0,0,1,1,1,0,1,0,0,1,0,0,0,0,1,0.19444444444444445,2.083998245832587,1
81,0,1,1,0,0,0,1,0,1,0,1,0,1,1,0,0,1,1,0,1,1,0,1,0,0,0,0,0,1,0,0,0,1,0,0,1,0.19444444444444445,8.12666587394342,1
82,0,0,1,0,0,0,1,1,1,1,0,1,1,1,0,0,0,1,1,1,1,0,1,0,0,0,0,0,0,1,0,0,1,0,1,0,0.2777777777777778,17.122026234230095,1
83,0,0,1,0,0,0,1,0,0,0,1,1,1,1,1,0,1,1,0,1,1,0,0,0,0,0,0,0,1,0,0,0,1,1,1,1,0.19444444444444445,4.558388882322996,1
84,0,0,1,0,0,0,1,1,1,1,0,1,1,1,0,0,0,1,0,1,0,0,0,0,0,0,0,0,1,1,0,0,1,1,1,1,0.19444444444444445,12.574058750137672,1
85,0,0,1,0,1,0,0,1,0,0,0,0,1,1,0,0,1,1,1,1,0,0,0,0,0,0,0,0,1,0,0,0,1,1,1,0,0.19444444444444445,8.290870154089475,1
86,0,0,1,0,0,0,1,0,0,0,0,0,1,1,0,0,1,1,0,0,0,0,0,0,0,0,0,0,1,0,0,0,1,0,1,0,0.19444444444444445,7.314368150639664,1
87,0,1,1,0,1,0,1,1,1,1,0,1,1,1,0,0,1,1,1,1,1,0,0,0,0,0,0,0,1,0,0,0,1,1,1,1,0.3055555555555556,23.473570996833864,1
88,0,1,1,0,1,0,1,0,1,1,0,1,1,1,0,0,1,1,0,1,0,0,1,0,0,0,0,0,1,0,0,0,1,0,1,1,0.25,23.84382110820747,1
89,0,1,1,0,1,0,1,0,1,0,0,0,0,1,0,0,1,1,0,1,1,0,0,0,1,0,0,0,1,0,0,0,0,0,1,1,0.16666666666666666,7.170202627057222,1
90,0,0,1,0,0,0,1,1,1,0,1,1,1,1,0,0,1,1,0,0,1,0,0,0,1,0,0,0,1,1,0,0,1,1,1,1,0.19444444444444445,5.914681385730982,1
91,0,1,1,0,0,0,1,1,0,1,0,0,1,1,0,0,1,1,1,1,1,0,0,0,0,0,0,0,1,1,0,0,1,0,1,0,0.25,17.674095077595876,1
92,0,0,1,0,0,0,1,1,1,0,0,0,0,1,0,0,1,1,0,1,0,0,0,0,0,0,0,0,1,0,0,0,1,0,1,1,0.16666666666666666,7.640872353699934,1
93,0,0,1,0,0,0,1,0,0,0,0,1,0,1,0,0,1,1,0,1,1,0,0,0,0,0,0,0,1,0,0,1,1,0,1,1,0.3055555555555556,5.1333730050116255,1
94,0,1,1,0,0,0,1,0,0,0,1,0,1,1,0,0,1,1,0,1,1,0,1,0,0,0,0,0,1,1,0,0,1,0,1,1,0.19444444444444445,8.996462276790876,1
95,0,1,1,0,1,0,1,0,1,1,0,1,0,1,0,0,1,1,1,1,0,0,0,0,0,0,0,0,1,1,0,0,1,1,1,0,0.19444444444444445,18.345870638046275,1
96,1,1,0,0,1,0,0,1,0,0,1,1,0,0,1,0,0,0,0,0,0,0,1,1,1,1,1,1,0,0,1,0,0,0,0,1,0.2777777777777778,4.033455363115776,1
97,0,1,1,0,1,0,1,1,1,0,0,1,0,1,0,0,1,1,0,1,1,0,0,0,0,0,0,0,1,0,0,0,0,1,1,1,0.25,16.984504779971985,1
98,0,1,1,0,1,0,1,1,0,1,0,1,0,1,0,0,1,1,1,0,1,0,0,0,0,0,0,0,1,1,0,0,1,1,1,1,0.2777777777777778,16.17538533989555,1
99,0,1,1,0,1,0,1,0,1,1,0,1,0,1,0,0,1,1,1,1,1,0,0,0,0,0,0,0,0,1,0,0,1,1,1,1,0.2777777777777778,15.591589115083751,1
