,0,1,2,3,4,5,6,7,8,9,10,11,12,13,14,15,16,17,18,19,20,21,22,23,24,25,26,27,28,29,30,31,32,33,34,35,chain_break_fraction,energy,num_occurrences
0,0,1,1,0,0,1,1,1,0,1,0,0,0,1,0,0,0,1,0,0,1,0,1,0,1,0,1,0,0,0,0,0,1,0,1,1,0.2222222222222222,16.426324543874827,1
1,0,1,1,0,0,1,0,1,0,1,0,1,0,1,0,0,0,1,0,1,1,1,1,0,1,0,1,0,0,0,1,0,1,0,0,1,0.2222222222222222,20.964498246831674,1
2,0,1,1,0,0,1,0,1,0,1,0,0,0,1,0,0,0,1,0,0,1,0,1,0,1,0,1,0,0,0,1,0,1,0,1,1,0.25,12.697157504343814,1
3,0,1,1,0,0,1,0,1,0,1,0,0,1,1,0,0,0,1,0,1,1,1,1,0,1,0,1,0,0,0,1,0,1,0,0,1,0.2222222222222222,17.61436578313584,1
4,0,1,1,0,0,1,0,1,0,0,0,1,0,1,0,0,0,1,0,1,1,1,1,0,1,0,1,0,0,0,1,0,0,0,0,1,0.25,15.214922935449302,1
5,0,1,1,0,0,1,0,1,0,1,0,1,1,1,0,0,0,1,0,0,1,1,1,0,1,0,1,0,0,0,1,0,1,0,1,1,0.25,19.811927177672153,1
6,0,1,1,0,0,1,0,1,0,1,0,0,0,1,0,0,0,1,0,0,1,0,1,0,1,0,1,0,0,0,1,0,1,0,1,1,0.25,12.697157504343814,1
7,0,1,1,0,0,1,0,1,0,1,0,0,0,1,0,0,0,1,0,0,1,0,1,0,1,0,1,0,0,0,0,0,1,0,0,1,0.2222222222222222,15.900401700835372,1
8,0,1,1,0,0,1,0,1,0,0,0,0,0,1,0,0,0,1,0,0,1,0,1,0,1,0,1,0,0,0,1,0,1,0,1,1,0.2222222222222222,6.697638763076052,1
9,0,1,1,0,0,1,1,1,0,0,0,0,0,1,0,0,0,1,0,0,1,0,1,0,1,0,1,0,0,0,1,0,1,0,0,1,0.2222222222222222,8.54700147616165,1
10,0,1,1,0,0,1,0,1,0,0,0,0,0,1,0,0,0,1,0,0,1,0,1,0,1,0,1,0,0,0,1,0,1,0,0,1,0.25,6.936606699776833,1
11,0,1,1,0,0,1,0,1,0,1,0,0,0,1,0,0,0,1,0,0,1,0,1,0,1,0,1,0,0,0,0,0,1,0,0,1,0.25,15.900401700835372,1
12,0,1,1,0,0,1,0,1,0,1,0,1,0,1,0,0,0,1,0,1,1,1,1,0,1,0,1,0,0,0,1,0,0,0,0,1,0.2222222222222222,21.213214955540945,1
13,0,1,1,0,0,1,0,1,0,1,0,0,1,1,0,0,0,1,0,0,1,0,1,0,1,0,1,0,0,0,1,0,1,0,1,1,0.25,14.667409093943187,1
14,0,1,1,0,0,1,0,1,0,1,0,0,1,1,0,0,0,1,0,0,1,0,1,0,1,0,1,0,0,0,0,0,1,0,1,1,0.19444444444444445,16.504386368855066,1
15,0,1,1,0,0,1,0,1,0,0,0,1,0,1,0,0,0,1,0,1,1,0,1,0,1,0,1,0,0,0,1,0,1,0,1,1,0.2222222222222222,12.056129783221548,1
16,0,1,1,0,0,1,0,1,0,1,0,0,0,1,0,0,0,1,0,0,1,0,1,0,1,0,1,0,0,0,1,0,1,0,0,1,0.2222222222222222,13.936190178056213,1
17,1,1,1,0,0,1,0,1,0,1,0,0,0,1,0,0,0,1,0,0,1,0,1,0,1,0,1,0,0,0,1,0,1,0,1,1,0.2777777777777778,16.071606916968776,1
18,0,1,1,0,0,1,0,1,0,1,0,0,0,1,1,0,0,1,0,0,1,0,1,0,1,0,1,0,0,0,1,0,1,0,0,1,0.25,17.002481324692198,1
19,0,1,1,0,0,1,1,1,0,1,0,0,0,1,0,0,0,1,0,0,1,1,1,0,1,0,1,0,0,0,1,0,0,0,1,1,0.16666666666666666,15.058289766012603,1
20,0,1,0,0,0,1,0,1,0,1,0,0,1,1,0,0,0,1,0,0,1,0,1,0,1,0,1,0,0,0,0,0,1,0,1,1,0.19444444444444445,13.01588404505086,1
21,0,1,1,0,0,1,0,1,0,1,0,0,0,1,0,0,0,1,0,0,1,0,1,0,1,0,1,0,0,0,1,0,1,0,0,1,0.3055555555555556,13.936190178056213,1
22,0,1,1,0,0,1,0,1,0,1,0,0,0,1,0,0,0,1,0,0,1,0,1,0,1,0,1,0,0,0,1,0,1,0,0,1,0.2777777777777778,13.936190178056213,1
23,0,1,1,0,0,1,0,1,0,1,0,0,1,1,1,0,0,1,0,1,1,0,1,0,1,0,1,0,0,0,1,0,1,0,0,1,0.2222222222222222,17.839988744022286,1
24,0,1,1,0,0,1,0,1,0,1,0,0,0,1,0,0,0,1,0,0,1,0,1,0,1,0,1,0,0,0,0,0,1,0,1,1,0.19444444444444445,13.801911444834438,1
25,0,1,1,0,0,1,1,1,0,1,0,0,0,1,0,0,0,1,0,1,1,0,1,0,1,0,1,0,0,0,1,0,1,0,1,1,0.25,14.485609802092377,1
26,0,1,1,0,0,1,1,1,0,0,0,0,0,1,0,0,0,1,0,0,1,0,1,0,1,0,1,0,0,0,1,0,0,0,0,1,0.2222222222222222,10.384623954928658,1
27,0,1,1,0,0,1,1,1,0,0,0,0,1,1,0,0,0,1,0,0,1,0,1,0,1,0,1,0,1,0,1,0,1,0,0,1,0.25,8.885273053589575,1
28,0,1,1,0,0,1,0,1,0,1,0,0,1,1,0,0,0,1,0,0,0,0,1,0,1,0,1,0,0,0,1,0,1,0,1,1,0.2777777777777778,16.79701073837076,1
29,0,1,1,0,0,1,0,1,1,0,0,0,0,1,0,0,0,1,0,0,1,0,1,0,1,0,1,0,0,0,1,0,0,0,1,1,0.2222222222222222,9.770784991788826,1
30,0,1,1,0,0,1,0,1,0,1,0,1,0,1,0,0,0,1,0,0,1,1,1,0,1,0,1,0,0,0,1,0,1,0,1,1,0.2222222222222222,18.148810266791706,1
31,0,1,1,0,0,1,0,1,1,0,0,0,0,1,0,0,0,1,0,0,1,0,1,0,1,0,1,0,0,0,1,0,1,0,1,1,0.2222222222222222,8.697398133709939,1
32,0,1,1,0,0,1,0,1,0,1,0,0,1,1,0,0,0,1,0,1,1,0,1,0,1,0,1,0,0,0,1,0,1,0,0,1,0.25,15.09064827443965,1
33,0,1,1,0,0,1,0,1,0,1,0,0,0,1,0,0,0,1,0,0,1,1,1,0,1,0,1,0,1,0,0,0,1,0,0,1,0.2222222222222222,14.0701464726959,1
34,0,1,1,0,0,1,0,1,0,1,0,0,0,1,0,0,0,1,0,0,1,0,0,0,1,0,1,0,0,0,1,0,1,0,0,1,0.19444444444444445,16.565631952344024,1
35,0,1,1,0,0,1,0,1,0,0,0,0,0,1,1,0,0,1,0,0,0,0,1,0,1,0,1,0,0,0,1,0,1,0,1,1,0.2222222222222222,9.23018155941487,1
36,0,1,1,0,0,1,0,1,0,0,0,0,1,1,0,0,0,1,0,0,1,0,1,0,1,0,1,0,0,0,1,0,0,0,0,1,0.19444444444444445,10.66950483542671,1
37,0,1,1,0,0,1,0,1,0,0,0,1,0,1,1,0,0,1,0,0,1,1,1,0,1,0,1,0,0,0,1,0,1,0,0,1,0.2222222222222222,14.30056725825427,1
38,0,1,1,0,0,1,1,1,0,1,0,0,0,1,0,0,0,1,0,0,1,1,1,0,1,0,1,0,0,0,1,0,1,0,1,1,0.25,14.522833401027022,1
39,0,1,1,0,0,1,0,1,0,1,0,0,0,1,1,0,0,1,0,0,1,1,1,0,1,0,1,0,0,0,1,0,1,0,1,1,0.2222222222222222,15.281810297603093,1
40,0,1,1,0,1,1,0,1,0,1,0,0,0,1,0,0,0,1,0,0,1,0,1,0,1,0,1,0,0,0,1,0,1,0,1,1,0.3055555555555556,15.292080709405619,1
41,0,1,1,0,0,1,0,1,0,0,0,0,1,1,0,0,0,1,0,0,1,0,1,0,1,0,1,0,0,0,1,0,1,0,0,1,0.16666666666666666,8.497935550020195,1
42,0,1,0,0,0,1,0,1,0,1,0,0,0,1,0,0,0,1,0,0,1,0,1,0,1,0,1,0,0,0,0,0,0,0,1,1,0.19444444444444445,12.908939602218398,1
43,0,1,1,0,0,1,0,1,0,1,0,0,0,1,0,0,0,1,0,0,1,1,1,0,1,0,1,0,0,0,1,0,1,0,0,1,0.3055555555555556,13.844175877831757,1
44,0,1,1,0,0,1,0,1,0,1,0,0,1,1,0,0,0,1,0,1,1,1,1,0,1,0,1,0,0,0,0,0,1,0,0,1,0.25,17.373910961270358,1
45,0,1,1,0,0,1,0,1,0,0,0,1,0,1,0,0,0,1,0,1,1,1,1,0,1,0,1,0,0,0,1,0,1,0,0,1,0.2222222222222222,15.966219299935593,1
46,0,1,1,0,0,1,0,1,0,0,0,0,0,1,1,0,0,1,0,0,1,0,1,0,1,0,1,0,0,0,1,0,1,0,0,1,0.2777777777777778,9.002897846295676,1
47,0,1,1,0,0,1,0,1,0,1,0,0,1,1,0,0,0,1,0,0,1,1,1,0,1,0,1,0,0,0,1,0,1,0,0,1,0.2777777777777778,15.097836867909804,1
48,0,1,1,0,0,1,0,1,0,1,0,0,1,1,0,0,0,1,0,0,1,0,1,0,0,0,1,0,0,0,1,0,1,0,1,1,0.2777777777777778,18.403996956853213,1
49,0,1,0,0,0,1,0,1,0,0,0,0,0,1,0,0,0,1,0,0,1,0,1,0,1,0,1,0,0,0,0,0,1,0,0,1,0.2222222222222222,5.517730492677237,1
50,0,1,1,0,0,1,0,1,0,0,0,1,1,1,0,0,0,1,0,0,1,1,1,0,1,0,1,0,0,0,1,0,1,0,0,1,0.2222222222222222,13.502295225152588,1
51,0,1,1,0,0,1,0,1,0,0,0,0,0,1,0,0,0,1,0,1,1,0,1,0,1,0,0,0,0,0,0,0,1,0,0,1,0.1388888888888889,8.699684225012824,1
52,0,1,0,0,0,1,0,1,0,1,0,0,1,1,1,0,0,1,0,0,1,0,1,0,1,0,1,0,0,0,0,0,1,0,1,1,0.2222222222222222,16.23527914721076,1
53,0,1,1,0,0,1,0,1,0,0,0,0,1,1,1,0,0,1,0,0,1,0,1,0,0,0,1,0,0,0,1,0,1,0,1,1,0.19444444444444445,13.172471087277959,1
54,0,1,1,0,0,1,0,1,0,1,0,0,0,1,0,0,0,1,0,0,1,0,1,0,1,0,1,0,0,0,1,0,1,0,1,1,0.2222222222222222,12.697157504343814,1
55,0,1,1,0,0,1,0,1,0,0,0,1,0,1,0,0,0,1,0,1,1,1,1,0,0,0,1,0,0,0,1,0,1,0,0,1,0.2777777777777778,16.832899375593218,1
56,0,1,1,0,1,1,0,1,0,0,0,0,0,1,0,0,0,1,0,0,1,0,1,0,1,0,1,0,0,0,0,0,1,0,0,1,0.25,10.69379908993122,1
57,1,1,1,0,0,1,0,1,0,0,0,0,0,1,0,0,0,1,0,0,1,0,0,0,1,0,1,0,0,0,1,0,1,0,1,1,0.2222222222222222,10.771740330300858,1
58,0,1,1,0,1,1,0,1,0,0,0,0,0,1,0,0,0,1,0,0,1,0,1,0,0,0,1,0,0,0,1,0,1,0,1,1,0.19444444444444445,10.81444673174983,1
59,0,1,1,0,0,1,0,1,0,1,0,0,0,1,0,0,0,1,0,0,1,1,1,0,1,0,1,0,0,0,1,0,1,0,0,1,0.3055555555555556,13.844175877831757,1
60,0,1,1,0,0,1,0,1,0,0,0,0,0,1,0,0,0,1,0,0,1,0,1,0,1,0,1,0,0,0,1,0,1,0,0,1,0.3333333333333333,6.936606699776833,1
61,0,1,0,0,0,1,0,1,0,1,0,0,0,1,0,0,0,1,0,0,1,0,1,0,1,0,1,0,0,0,1,0,1,0,1,1,0.2222222222222222,10.322708091718866,1
62,0,1,1,0,0,1,0,1,0,1,0,0,1,1,0,0,0,1,0,0,1,1,1,0,1,0,1,0,0,0,1,0,1,0,0,1,0.25,15.097836867909804,1
63,0,1,0,0,0,1,0,1,0,0,0,0,0,1,0,0,0,1,0,0,1,0,0,0,1,0,1,0,0,0,0,0,1,0,0,1,0.19444444444444445,7.178448365052285,1
64,0,1,1,0,0,1,0,1,0,0,0,0,0,1,0,0,0,1,0,1,1,1,1,0,1,0,1,0,0,0,1,0,1,0,0,1,0.19444444444444445,14.572512607555407,1
65,1,1,1,0,0,1,0,1,0,0,0,1,0,1,0,0,0,1,0,1,1,1,1,0,1,0,1,0,0,0,1,0,1,0,0,1,0.25,17.786253427098494,1
66,0,1,1,0,0,1,0,1,0,1,0,0,1,1,1,0,0,1,0,0,1,0,1,0,0,0,1,0,1,0,1,0,1,0,1,1,0.2777777777777778,19.29390368332603,1
67,0,1,1,0,0,1,0,1,0,0,0,0,1,1,0,0,0,1,0,0,1,0,1,0,0,0,1,0,0,0,1,0,1,0,1,1,0.2777777777777778,10.404477610423555,1
68,0,1,1,0,0,1,0,1,0,0,0,1,0,1,0,0,0,1,0,0,1,1,1,0,1,0,1,0,0,0,0,0,1,0,1,1,0.16666666666666666,11.775442076373077,1
69,0,1,1,0,0,1,0,1,1,0,0,0,1,1,0,0,0,1,0,1,1,0,1,0,1,0,1,0,0,0,0,0,0,0,0,1,0.19444444444444445,13.959862407584653,1
70,0,1,1,0,0,1,1,1,1,0,0,0,1,1,0,0,0,1,0,1,1,0,1,0,1,0,1,0,0,0,0,0,1,0,0,1,0.19444444444444445,13.714289173712572,1
71,0,1,1,0,0,1,0,1,1,0,0,0,0,1,0,0,0,1,0,0,1,0,1,0,1,0,1,0,0,0,1,0,0,0,0,1,0.2222222222222222,11.241128163571895,1
72,0,1,1,0,0,1,0,1,0,0,0,1,0,1,0,0,0,1,0,0,1,0,1,0,1,0,0,0,1,0,1,0,1,0,1,1,0.2222222222222222,11.691956785867792,1
73,0,1,1,0,0,1,0,1,0,1,0,0,0,1,0,0,0,1,0,0,1,1,1,0,1,0,1,0,0,0,1,0,0,0,0,1,0.3055555555555556,14.57807581868439,1
74,0,1,1,0,0,1,0,1,0,0,0,0,0,1,1,0,0,1,0,0,1,0,1,0,0,0,1,0,0,0,0,0,1,0,1,1,0.2222222222222222,11.996787043039083,1
75,0,1,0,0,0,1,1,1,0,0,1,0,0,1,0,0,0,1,0,0,1,0,1,0,1,0,1,0,0,0,1,0,1,0,1,1,0.16666666666666666,7.2056711732834335,1
76,0,1,1,0,0,1,0,1,0,0,0,0,1,1,0,0,0,1,0,0,1,0,0,0,1,0,1,0,0,0,1,0,1,0,0,1,0.2222222222222222,10.815518830644123,1
77,0,1,1,0,0,1,0,1,0,0,0,1,0,1,0,0,0,1,0,0,1,0,1,0,1,0,1,0,0,0,1,0,0,0,1,1,0.2777777777777778,12.688068401368586,1
78,0,1,0,0,0,1,0,1,0,0,0,0,1,1,0,0,0,1,0,0,1,0,1,0,1,0,1,0,0,0,0,0,1,0,0,1,0.16666666666666666,7.205004321706946,1
79,1,1,1,0,0,1,0,1,0,1,0,1,0,1,0,0,0,1,0,1,1,1,1,0,1,0,1,0,0,0,1,0,1,0,0,1,0.3055555555555556,23.7845323742539,1
80,0,1,1,0,0,1,0,1,0,0,0,1,1,1,0,0,0,1,0,0,1,1,1,0,0,0,1,0,0,0,1,0,1,0,0,1,0.3055555555555556,16.366493308660807,1
81,0,1,1,0,0,1,0,1,0,0,0,0,0,1,0,0,0,1,0,0,1,0,1,0,0,0,0,0,1,0,1,0,1,0,0,1,0.2777777777777778,9.91106246942963,1
82,0,1,1,0,0,1,1,1,0,1,0,0,0,1,1,0,0,1,0,0,1,1,1,0,1,0,1,0,0,0,1,0,1,0,1,1,0.3055555555555556,16.559784408759768,1
83,0,1,1,0,0,1,0,1,0,1,0,0,1,1,0,0,0,1,0,1,1,1,1,0,0,0,1,0,0,0,1,0,1,0,0,1,0.19444444444444445,19.162780884851628,1
84,0,1,1,0,0,1,0,1,0,1,0,0,0,1,0,0,0,1,0,0,1,0,1,0,0,0,1,0,0,0,1,0,1,0,0,1,0.2777777777777778,17.465968725070383,1
85,0,1,1,0,0,1,1,1,1,0,0,1,0,1,0,0,0,1,0,0,1,0,1,0,1,0,1,0,0,0,1,0,1,0,0,1,0.25,19.207727940057175,1
86,0,1,1,0,0,1,1,1,0,0,0,0,0,1,1,0,0,1,0,1,1,0,1,0,1,0,1,0,0,0,1,0,1,0,0,1,0.2777777777777778,10.640374543670116,1
87,0,1,1,0,0,1,0,1,0,1,0,0,1,1,0,0,0,1,0,0,1,0,1,0,1,0,1,0,0,0,1,0,1,0,1,1,0.2777777777777778,14.667409093943187,1
88,1,1,0,1,1,0,1,0,1,0,0,0,1,0,1,0,1,0,1,0,0,0,0,1,1,1,0,1,0,0,0,1,0,1,1,0,0.25,16.771457648800542,1
89,0,1,1,0,0,1,0,1,0,0,0,1,0,1,0,0,0,1,0,1,1,1,1,0,0,0,1,0,0,0,1,0,1,0,0,1,0.3333333333333333,16.832899375593218,1
90,0,1,1,0,0,1,0,1,1,0,0,1,0,1,1,0,0,1,0,0,1,1,1,0,1,0,1,0,1,0,1,0,1,0,0,1,0.3611111111111111,16.7899248124439,1
91,0,1,1,0,0,1,0,1,0,0,0,0,0,1,1,0,0,1,0,0,1,0,1,0,1,0,0,0,0,0,1,0,1,0,0,1,0.3055555555555556,11.101995260233332,1
92,0,1,1,0,0,1,0,1,0,0,0,1,1,1,0,0,0,1,0,0,1,0,1,0,1,0,1,0,0,0,1,0,1,0,0,1,0.2777777777777778,14.91515471592753,1
93,0,1,0,0,0,1,0,1,0,1,0,1,0,1,0,0,0,1,0,0,1,1,1,0,1,0,1,0,1,1,0,0,0,0,0,1,0.3333333333333333,18.744302273339407,1
94,0,1,1,0,0,1,0,1,0,1,0,0,0,1,0,0,0,1,0,0,1,1,0,0,1,0,1,0,0,0,1,0,1,0,0,1,0.2777777777777778,14.698455477833816,1
95,0,1,1,0,0,1,0,1,0,0,0,1,0,1,0,0,0,1,0,0,1,1,1,0,1,1,1,0,0,0,1,0,0,0,0,1,0.16666666666666666,11.395212974215648,1
96,0,1,0,0,0,1,0,1,0,0,0,1,0,1,1,0,0,1,0,0,1,0,1,0,1,0,0,0,1,0,1,0,1,0,1,1,0.25,11.298086752224577,1
97,0,1,1,0,0,1,0,1,0,1,0,0,0,1,0,0,0,0,0,0,1,1,1,0,0,0,1,0,0,0,1,0,1,0,1,1,0.3333333333333333,10.349699115142759,1
98,0,1,0,0,0,1,1,1,0,0,0,1,0,1,1,0,0,1,0,1,1,1,1,0,0,0,1,0,0,0,1,0,1,0,0,1,0.3055555555555556,17.231287667473378,1
99,0,1,1,0,0,1,0,1,0,0,0,0,0,1,0,0,1,1,0,0,1,0,1,0,1,0,0,0,0,0,1,0,1,0,0,1,0.3611111111111111,11.532274808208772,1
