,0,1,2,3,4,5,6,7,8,9,10,11,12,13,14,15,16,17,18,19,20,21,22,23,24,25,26,27,28,29,30,31,32,33,34,35,chain_break_fraction,energy,num_occurrences
0,0,0,0,0,1,0,1,0,0,1,0,0,0,1,0,0,0,1,0,0,0,0,1,0,0,0,0,0,1,0,0,1,0,1,0,0,0.16666666666666666,2.661248879698096,1
1,0,0,0,0,1,0,1,0,0,1,1,0,0,0,0,0,0,1,0,1,0,1,0,1,0,1,0,0,1,0,0,1,0,1,0,0,0.3055555555555556,21.551205729226098,1
2,0,0,0,0,1,0,1,0,0,0,1,0,0,1,0,0,0,1,0,1,0,1,0,1,0,1,0,0,1,0,0,1,0,1,0,0,0.3611111111111111,22.462027510571637,1
3,0,0,0,0,1,0,1,0,0,1,1,0,0,0,0,0,0,1,0,1,0,1,0,1,0,1,0,0,1,0,0,1,0,1,0,0,0.3333333333333333,21.551205729226098,1
4,0,0,0,0,1,0,1,0,0,1,1,0,0,1,0,0,0,1,0,1,0,1,0,1,0,1,0,0,1,0,0,1,0,1,0,0,0.2777777777777778,18.530740671400032,1
5,0,0,0,0,1,0,1,0,0,0,1,0,0,1,0,0,0,1,0,1,0,1,0,1,0,1,0,0,1,0,0,1,0,1,0,0,0.3611111111111111,22.462027510571637,1
6,0,0,1,0,1,0,1,0,0,0,1,0,0,1,0,0,0,1,0,1,0,1,0,1,0,1,0,0,1,0,0,1,0,1,0,0,0.3055555555555556,17.333722650760144,1
7,0,0,0,0,1,0,1,0,0,0,1,0,0,1,0,0,0,1,0,1,0,0,1,0,0,0,0,0,1,0,0,0,0,0,0,0,0.25,4.271970067880601,1
8,0,0,0,0,1,0,1,0,0,1,1,0,0,0,0,0,0,1,0,1,0,1,0,1,0,1,0,0,1,1,0,1,0,1,0,0,0.2777777777777778,30.79545574762557,1
9,0,0,1,0,1,0,1,0,0,1,1,0,0,1,0,0,0,1,0,1,0,1,0,1,0,1,0,0,1,0,0,1,0,1,0,0,0.25,14.402435811754875,1
10,0,0,1,0,1,0,1,0,0,0,1,0,0,1,0,0,0,1,0,1,0,0,1,1,0,1,0,0,1,0,0,1,0,1,0,0,0.2777777777777778,11.962392199236078,1
11,0,0,0,0,1,0,1,0,0,1,0,0,0,0,0,0,0,1,0,1,0,1,0,1,0,1,0,0,1,1,0,1,0,1,0,0,0.3611111111111111,35.305692234613765,1
12,0,0,0,0,1,0,1,0,0,1,0,0,0,1,0,0,0,0,0,1,0,0,1,0,0,0,0,0,1,0,0,0,0,1,0,0,0.25,5.223500635364215,1
13,0,0,1,0,1,0,1,0,0,1,1,0,0,1,0,0,0,0,0,1,0,1,0,1,0,1,0,0,1,0,0,1,0,1,0,0,0.3333333333333333,24.218727675091145,1
14,0,0,0,0,1,0,1,0,0,1,1,0,0,0,0,0,0,1,0,1,0,1,0,1,0,1,0,0,1,1,0,1,0,1,0,0,0.2777777777777778,30.79545574762557,1
15,0,0,0,0,1,0,1,0,0,1,1,0,0,0,0,0,0,1,0,1,0,1,0,1,0,1,0,0,1,0,0,1,0,1,0,0,0.3611111111111111,21.551205729226098,1
16,0,1,1,1,0,0,0,1,1,0,0,1,1,0,1,0,1,1,1,0,1,0,0,0,1,0,1,1,0,1,1,1,1,0,1,1,0.19444444444444445,7.033743137656219,1
17,0,0,0,0,1,0,1,0,0,1,1,0,0,1,0,0,0,1,0,1,0,1,0,1,0,1,0,0,1,1,0,1,0,1,0,0,0.3333333333333333,25.77498277364919,1
18,0,0,0,0,1,0,1,0,0,0,0,0,0,1,1,0,0,1,0,1,0,0,1,0,0,0,0,0,1,0,0,1,0,0,0,0,0.19444444444444445,0.438701936947792,1
19,0,0,0,0,1,0,1,0,0,1,1,0,0,0,0,0,0,1,0,1,1,1,0,1,0,1,0,0,1,0,0,1,0,1,0,0,0.3333333333333333,27.76648804652755,1
20,0,0,0,0,1,0,1,0,0,1,1,0,0,1,0,0,0,1,0,1,0,1,0,1,0,1,0,0,1,1,0,1,0,1,0,0,0.25,25.77498277364919,1
21,0,0,0,0,1,0,1,0,0,1,0,0,0,1,1,0,0,1,0,1,0,0,1,0,0,1,0,0,1,0,0,0,0,1,0,0,0.25,3.710540043153529,1
22,0,0,0,0,1,0,1,0,0,1,1,0,0,1,0,0,0,1,0,1,0,1,0,1,0,1,0,0,1,0,0,1,0,1,0,0,0.3333333333333333,18.530740671400032,1
23,0,0,0,0,1,0,1,0,0,1,0,0,0,1,0,0,0,1,0,1,0,1,0,1,0,1,0,0,1,1,0,1,0,1,0,0,0.3611111111111111,28.28521926063738,1
24,0,0,0,0,1,0,1,0,0,1,1,0,0,0,0,0,0,1,0,1,0,1,0,1,0,1,0,0,1,1,0,1,0,1,0,0,0.4166666666666667,30.79545574762557,1
25,0,0,0,0,1,0,1,0,0,1,1,0,0,0,1,0,0,1,0,1,0,1,0,1,0,1,0,0,1,0,0,1,0,1,0,0,0.2777777777777778,17.452815517894958,1
26,1,1,1,1,0,0,0,1,1,0,1,1,1,0,1,0,1,1,1,0,1,1,0,0,1,0,1,1,0,1,1,1,1,0,1,0,0.19444444444444445,7.713538130095042,1
27,1,0,0,0,1,0,1,0,0,1,1,0,0,0,0,1,0,1,0,1,0,1,0,1,0,1,0,0,1,1,0,1,0,0,0,0,0.25,12.338606973573594,1
28,0,1,1,1,0,1,0,1,0,0,0,1,1,0,1,0,1,1,1,0,1,0,0,0,1,0,1,1,0,0,1,1,1,0,1,1,0.25,10.78472969017814,1
29,0,0,0,0,1,0,1,1,0,1,1,0,0,1,0,0,0,1,0,0,0,0,1,0,0,1,0,0,1,0,0,0,0,1,0,0,0.25,9.83167391298885,1
30,0,1,1,1,0,1,0,1,1,0,0,1,1,0,1,0,1,1,1,0,1,0,0,0,1,0,1,1,0,0,1,1,1,1,1,1,0.2777777777777778,14.225050399155693,1
31,0,0,0,0,1,0,1,0,0,1,0,0,0,1,0,1,0,1,0,1,0,0,1,1,0,1,0,0,1,0,0,0,0,0,0,0,0.25,5.332126331843861,1
32,0,0,0,0,1,0,1,0,0,1,1,0,0,1,0,0,0,0,0,1,0,1,0,1,0,1,0,0,1,0,0,1,0,1,0,0,0.2777777777777778,29.875955239615735,1
33,0,0,0,0,1,1,1,1,0,1,0,0,0,1,0,0,0,1,0,1,0,0,1,0,0,1,0,0,1,0,0,1,0,0,0,0,0.25,8.854141368565088,1
34,0,0,0,0,1,0,1,0,0,1,0,0,1,1,1,0,0,1,0,0,0,0,1,0,0,0,0,0,1,0,0,0,0,1,0,0,0.2222222222222222,11.906194711525188,1
35,0,0,0,0,1,0,1,0,0,0,0,0,0,1,0,0,0,1,0,1,0,0,0,1,0,1,0,0,1,0,0,0,0,0,0,0,0.25,2.830619003672522,1
36,0,0,0,0,1,0,1,0,0,1,1,0,0,0,1,0,0,1,0,1,0,1,1,1,0,1,0,0,1,1,0,1,0,1,0,0,0.3333333333333333,32.19895935314746,1
37,0,0,0,0,1,0,1,0,0,1,1,0,0,1,0,0,0,1,0,1,0,1,0,1,0,1,0,0,1,1,0,1,0,1,0,0,0.4444444444444444,25.77498277364919,1
38,0,0,0,0,1,0,1,0,1,1,0,0,0,1,1,0,0,1,0,1,0,0,1,0,0,1,0,0,1,1,0,0,0,0,0,0,0.2222222222222222,5.012639579212179,1
39,0,0,1,0,1,0,1,0,0,1,1,0,0,1,1,0,0,1,0,0,0,1,0,1,0,1,0,0,1,1,0,1,0,1,0,0,0.25,9.189272382356165,1
40,0,0,0,0,1,0,1,0,0,0,0,0,0,1,1,0,0,1,0,0,0,0,1,0,0,1,0,0,1,0,0,0,0,1,0,0,0.25,0.3959937965819935,1
41,0,1,1,1,0,1,0,1,1,0,0,1,1,0,1,0,1,1,1,0,1,0,1,0,1,0,1,1,0,0,1,1,1,1,1,1,0.3055555555555556,14.567180898794224,1
42,1,0,0,0,1,0,1,0,0,1,1,0,0,1,0,0,0,1,0,1,0,1,0,1,0,1,0,0,1,0,0,1,0,1,0,0,0.3611111111111111,16.83951829397673,1
43,0,0,0,0,1,0,1,0,0,1,1,0,0,0,0,0,0,1,0,1,0,0,1,0,0,1,0,0,1,0,0,0,0,1,0,0,0.2777777777777778,3.1037491583031103,1
44,0,1,1,1,0,0,0,1,1,0,0,1,1,0,0,0,1,1,0,0,1,0,0,0,1,0,1,1,0,1,1,1,1,0,1,0,0.19444444444444445,3.364641411948168,1
45,0,0,0,0,1,0,1,0,0,1,1,0,0,1,0,0,0,1,0,1,0,1,0,1,0,1,0,0,1,1,0,1,0,1,0,0,0.3611111111111111,25.77498277364919,1
46,0,0,0,0,1,0,1,0,0,0,1,0,0,1,0,0,0,1,0,0,0,1,0,1,0,1,0,0,1,1,0,1,0,1,0,0,0.3333333333333333,19.096957460835007,1
47,0,0,0,0,1,0,1,0,1,1,0,0,0,1,0,0,0,1,0,1,0,1,0,1,0,1,0,0,1,0,0,0,0,1,0,0,0.3055555555555556,12.5453164353833,1
48,0,0,1,0,1,0,1,0,0,0,1,0,0,1,0,0,0,1,0,1,0,1,1,1,0,1,0,0,1,0,0,1,0,1,0,0,0.3611111111111111,22.705053102284218,1
49,0,1,1,1,0,1,0,1,1,0,0,1,1,0,1,1,1,1,1,0,0,0,1,0,1,0,1,1,0,1,1,0,1,0,1,1,0.2777777777777778,18.495023560334616,1
50,0,0,0,0,1,0,1,0,1,1,1,0,0,0,0,0,0,1,0,1,0,1,0,1,0,1,0,0,1,0,0,1,0,1,0,0,0.3333333333333333,19.585273011069162,1
51,0,0,0,0,1,0,1,0,0,0,1,0,0,1,0,0,0,1,0,1,0,1,0,1,0,1,0,0,1,0,0,1,0,1,0,0,0.4166666666666667,22.462027510571637,1
52,0,0,1,0,0,0,1,0,0,1,1,0,0,1,0,0,0,1,0,1,0,1,0,1,0,1,0,0,1,0,0,1,0,1,0,0,0.25,16.347772691631704,1
53,1,0,0,0,1,1,1,0,0,0,1,0,0,1,0,0,0,1,0,1,0,1,0,1,0,1,0,0,1,0,0,1,0,0,0,0,0.3333333333333333,13.134570530679994,1
54,0,1,1,1,0,1,0,1,1,0,1,1,0,0,1,0,1,1,1,0,0,0,0,0,1,0,1,1,0,1,1,1,1,1,1,1,0.19444444444444445,14.163231164582331,1
55,0,1,1,1,0,1,0,1,1,0,0,1,1,0,1,0,1,1,1,0,0,0,1,0,1,0,1,0,0,0,1,0,1,0,1,1,0.3055555555555556,21.74746110698764,1
56,0,0,0,0,1,0,1,0,0,1,0,0,0,1,0,1,0,1,0,1,0,0,1,1,0,1,0,0,1,1,0,0,0,0,0,0,0.3055555555555556,6.3139921836305035,1
57,1,0,0,1,1,0,1,0,0,1,0,0,0,1,1,0,1,1,1,1,0,0,1,0,0,0,0,0,1,0,0,1,0,1,0,0,0.19444444444444445,7.957657651402011,1
58,0,0,1,0,1,0,1,0,1,1,1,0,0,0,1,0,0,1,0,1,0,1,0,1,0,1,0,0,1,0,0,1,0,1,0,0,0.25,12.070200831188012,1
59,0,0,0,0,1,0,1,0,1,1,1,0,0,0,0,0,0,1,0,0,0,0,0,1,0,1,0,0,1,0,0,1,0,1,0,0,0.2222222222222222,4.212250152920566,1
60,0,0,1,0,1,0,1,0,0,1,1,0,0,0,0,0,0,0,0,1,0,1,0,1,0,1,0,0,1,0,0,1,0,0,0,0,0.3611111111111111,18.36321147748488,1
61,0,1,1,1,0,1,0,1,1,0,0,1,1,0,1,1,1,1,1,0,0,0,1,0,1,0,1,1,0,0,1,0,1,0,1,1,0.3055555555555556,24.46635411304938,1
62,0,0,0,0,1,1,1,0,0,1,1,0,0,1,0,1,0,0,0,1,0,0,0,1,0,1,0,0,1,0,0,1,0,1,0,0,0.2777777777777778,15.82308275432875,1
63,1,1,1,1,0,1,0,1,1,0,0,1,1,0,1,0,1,0,1,0,1,0,0,0,1,0,1,1,0,0,1,1,1,1,1,1,0.3055555555555556,20.726363070601128,1
64,0,0,1,0,1,0,1,0,0,1,1,0,0,0,1,0,0,1,0,0,0,1,1,1,0,1,0,0,1,0,0,1,0,1,0,0,0.3055555555555556,7.841711084643414,1
65,0,0,0,0,1,1,1,0,0,0,1,0,0,0,0,0,0,1,0,0,0,0,1,0,0,1,0,0,1,0,0,0,0,1,0,0,0.25,1.5739258603167041,1
66,0,0,1,0,1,0,1,0,1,0,1,0,0,0,0,0,0,1,0,0,0,0,1,1,0,1,0,0,1,0,0,1,0,1,0,0,0.2222222222222222,3.613298846694595,1
67,0,0,1,0,1,0,1,0,0,1,0,0,0,1,0,1,0,1,0,0,0,1,0,1,0,1,0,0,1,0,0,1,0,1,0,0,0.25,5.795766397284701,1
68,0,0,0,0,1,0,1,0,0,1,1,0,0,0,0,0,0,1,0,1,0,1,0,1,0,1,0,0,1,0,0,1,0,1,0,0,0.3055555555555556,21.551205729226098,1
69,0,0,0,0,1,0,1,0,1,1,1,0,0,0,0,0,1,1,0,1,0,1,0,1,0,1,0,0,1,1,0,1,0,1,0,0,0.3611111111111111,21.60322219647416,1
70,0,1,0,1,0,1,0,1,1,0,0,1,1,0,1,1,1,1,1,0,0,0,1,0,1,0,1,1,0,1,1,0,1,0,1,1,0.2222222222222222,15.48531594726444,1
71,0,0,0,0,1,0,1,0,1,0,1,0,0,1,1,0,0,1,1,1,0,1,0,1,0,1,0,0,1,0,0,1,0,1,0,0,0.3611111111111111,21.089174445307002,1
72,0,0,0,0,1,0,1,0,0,1,1,0,0,1,0,0,0,1,0,1,0,1,0,1,0,1,0,0,1,0,0,1,0,1,0,0,0.4166666666666667,18.530740671400032,1
73,0,0,1,0,0,1,0,1,0,0,0,0,1,0,1,0,1,1,0,0,1,0,0,0,1,1,1,1,0,1,1,0,1,0,1,1,0.19444444444444445,8.59188050306562,1
74,0,0,0,0,1,1,1,0,0,1,1,0,0,1,0,0,0,1,0,1,0,0,0,1,0,1,0,0,1,1,0,1,0,0,0,0,0.4166666666666667,10.458882410485488,1
75,0,1,1,1,0,0,0,1,0,0,0,0,1,0,1,0,1,1,1,0,1,0,1,0,1,0,1,1,0,0,1,0,1,0,1,0,0.1388888888888889,-0.4691059185008849,1
76,0,0,0,0,1,0,1,0,1,0,1,0,0,1,1,0,0,1,0,1,0,0,1,1,0,1,0,0,1,0,0,1,0,1,0,0,0.3055555555555556,10.901942905962992,1
77,1,1,1,1,0,0,0,1,1,0,0,1,0,0,1,1,1,1,0,0,0,1,0,0,1,1,1,1,0,1,1,0,1,0,1,1,0.16666666666666666,10.010602740506025,1
78,0,1,1,0,0,0,0,1,1,0,1,1,0,0,0,1,1,1,1,0,1,0,0,0,1,0,1,1,0,1,1,1,0,0,1,0,0.1111111111111111,4.711202094337232,1
79,1,1,1,1,0,1,0,1,1,0,0,1,0,0,1,0,1,1,1,0,1,0,0,0,1,0,1,1,0,1,1,1,1,0,1,1,0.19444444444444445,11.093910540869775,1
80,0,0,0,0,1,0,1,0,0,0,0,0,0,1,0,1,0,1,0,1,0,1,0,0,0,1,0,0,0,0,0,0,0,1,0,0,0.2222222222222222,5.055523573929101,1
81,1,0,0,1,0,0,0,1,1,0,0,1,1,0,1,0,1,1,1,0,1,0,0,0,1,0,1,1,0,0,1,1,1,0,1,1,0.25,5.285744525773186,1
82,0,0,1,0,1,0,1,0,0,1,1,0,0,1,1,0,0,1,0,1,0,1,0,1,0,1,0,0,1,1,0,1,0,1,0,0,0.3888888888888889,17.258100567146858,1
83,0,0,1,0,1,0,1,0,0,1,1,0,0,1,0,0,0,1,0,1,0,1,0,1,1,1,0,0,1,1,0,1,0,1,0,0,0.3333333333333333,24.94757344900206,1
84,0,0,0,0,0,0,1,0,0,1,1,0,0,1,0,0,0,1,0,1,0,1,0,0,0,1,0,0,0,0,0,1,0,1,0,0,0.25,10.416659824279495,1
85,1,1,1,0,0,0,0,1,1,0,0,1,1,0,1,0,1,1,1,0,1,0,0,0,1,0,1,1,0,1,1,1,1,0,1,1,0.25,8.780972262940717,1
86,1,0,0,0,1,0,1,0,0,1,1,0,0,1,0,0,0,1,1,0,0,0,0,1,0,1,0,0,1,1,0,1,0,1,0,0,0.2222222222222222,9.539343246011164,1
87,0,0,0,0,1,0,1,1,0,1,1,0,1,0,0,0,0,0,0,0,0,0,1,1,0,1,0,0,0,0,0,0,0,1,0,0,0.2222222222222222,5.511314432501373,1
88,0,1,1,1,0,1,0,1,1,0,0,1,1,0,0,0,1,1,1,0,0,0,0,0,1,0,1,1,0,0,1,1,1,1,1,1,0.25,13.539255498186828,1
89,0,0,0,0,1,0,1,0,0,1,0,0,0,1,0,0,0,1,0,1,0,0,0,0,0,1,0,0,1,0,0,1,0,0,0,0,0.2222222222222222,2.954627974882798,1
90,0,0,0,0,1,0,1,0,0,1,1,0,0,1,0,0,0,1,0,1,0,1,0,1,0,1,0,0,1,0,0,1,0,1,0,0,0.3611111111111111,18.530740671400032,1
91,0,0,0,0,1,0,1,0,0,0,1,0,1,1,1,0,0,1,0,1,0,1,0,1,0,1,0,0,1,0,0,1,0,1,0,0,0.2777777777777778,17.353265464711043,1
92,0,0,0,0,1,1,1,0,0,1,1,0,0,1,0,0,0,1,1,1,0,1,0,0,0,1,0,0,1,0,0,1,0,1,0,0,0.3055555555555556,13.67956555127995,1
93,0,1,1,1,0,0,0,1,1,0,0,1,0,0,0,1,1,1,1,0,0,1,0,0,1,0,1,1,0,1,1,0,1,0,1,1,0.2222222222222222,6.79158029045458,1
94,0,0,1,0,1,0,1,0,0,0,0,0,0,1,1,0,0,1,0,1,0,0,0,1,0,1,0,0,0,0,0,1,0,1,0,0,0.16666666666666666,6.036020072795139,1
95,0,1,1,1,0,0,0,1,1,0,1,1,0,0,1,0,1,1,1,0,1,0,1,0,1,0,1,1,0,0,1,0,1,1,1,1,0.3333333333333333,9.075603768474446,1
96,0,1,1,1,0,0,0,1,1,0,0,1,1,0,1,0,1,1,1,0,0,0,0,0,1,0,1,0,0,1,1,1,1,0,1,1,0.3055555555555556,6.972192371691235,1
97,0,0,0,0,1,0,1,0,0,1,0,0,0,1,1,0,0,1,0,1,0,1,1,1,0,1,0,0,1,0,0,1,0,1,0,0,0.4166666666666667,21.438989333344395,1
98,0,1,1,1,0,0,0,1,1,0,0,1,1,0,1,1,1,1,0,0,1,0,1,0,1,0,1,0,0,0,1,1,1,0,1,1,0.2777777777777778,13.705959063267963,1
99,0,0,0,1,1,0,1,0,1,0,1,0,0,1,1,0,0,1,0,0,0,0,1,0,0,1,0,0,1,1,0,1,0,1,0,0,0.25,4.092665730940166,1
