,0,1,2,3,4,5,6,7,8,9,10,11,12,13,14,15,16,17,18,19,20,21,22,23,24,25,26,27,28,29,30,31,32,33,34,35,36,37,38,39,40,41,42,43,44,45,46,47,48,49,50,51,52,53,chain_break_fraction,energy,num_occurrences
0,0,0,0,0,1,0,0,1,0,1,0,0,0,1,0,1,0,0,0,1,1,1,1,0,1,1,0,1,0,1,0,1,0,0,0,0,1,1,0,0,1,1,0,1,1,0,1,1,0,1,1,0,0,1,0.3333333333333333,789.0299641568264,1
1,1,0,1,1,0,1,0,0,1,0,1,0,1,0,0,0,1,1,1,1,0,0,0,0,0,0,1,0,1,0,1,0,1,1,0,1,0,0,1,0,0,0,0,0,0,1,0,0,1,0,0,1,1,0,0.2962962962962963,382.61033321309685,1
2,1,0,1,1,0,1,0,0,1,0,1,1,1,1,0,0,1,1,1,0,0,0,0,1,0,0,1,1,1,0,1,0,0,1,1,1,0,1,1,0,0,0,0,0,0,1,0,0,1,0,0,1,1,0,0.2777777777777778,668.5927530552898,1
3,0,0,0,0,1,0,1,1,0,1,0,0,0,1,0,1,0,0,0,0,1,1,1,0,1,1,0,0,0,1,0,1,0,0,0,0,1,1,0,0,1,1,0,1,1,0,1,1,0,1,1,0,0,1,0.37037037037037035,772.8672544081734,1
4,1,0,1,1,0,1,0,0,1,0,1,1,1,0,0,0,1,1,1,0,0,0,0,0,0,0,1,0,1,0,1,0,0,1,0,1,0,0,1,1,0,0,0,0,0,1,0,0,1,0,0,1,1,0,0.2962962962962963,535.8130842235568,1
5,0,0,0,0,0,0,1,1,0,1,0,0,0,1,0,1,1,0,0,1,1,1,0,0,1,1,0,1,0,1,0,1,0,0,0,0,1,1,0,1,1,1,0,1,1,0,1,1,0,1,1,0,0,0,0.3888888888888889,673.6300327316413,1
6,0,0,0,0,0,0,1,1,0,1,0,0,1,1,0,1,0,0,0,1,1,1,1,0,1,0,0,1,0,1,0,1,0,0,0,0,1,0,0,0,1,1,1,1,1,0,1,1,0,1,1,0,0,0,0.3888888888888889,604.4543114826319,1
7,0,0,0,0,1,0,1,1,0,1,0,0,0,1,0,1,0,0,0,1,1,1,1,0,1,1,0,1,0,1,0,1,0,0,0,0,0,1,0,1,1,1,0,1,1,0,1,1,0,1,1,0,0,0,0.3333333333333333,552.9223600273892,1
8,0,0,1,1,0,1,0,0,1,0,1,1,1,1,1,0,1,1,1,0,0,0,0,1,0,0,1,0,1,0,1,0,0,1,1,1,0,0,1,1,0,0,0,0,0,1,0,0,1,0,0,1,1,0,0.37037037037037035,925.0391655595328,1
9,1,0,1,1,0,1,0,0,1,0,1,1,1,1,1,0,1,1,1,1,0,0,0,1,0,0,1,0,1,0,0,0,0,1,1,1,0,0,1,1,0,0,0,0,0,1,0,0,1,0,0,1,1,0,0.3888888888888889,1159.9479783995307,1
10,0,0,0,0,0,0,1,1,0,1,0,0,0,1,0,1,0,0,0,1,0,1,1,0,1,1,0,1,0,1,0,1,0,0,0,0,1,1,0,1,1,1,0,1,1,0,1,1,0,1,1,0,0,1,0.3888888888888889,1091.7434727581303,1
11,0,0,0,0,0,0,1,1,0,1,0,0,0,0,0,1,0,0,0,1,1,1,1,0,1,1,0,1,0,1,0,1,0,0,1,0,1,1,0,0,1,1,0,1,1,0,1,1,0,1,1,1,0,0,0.3888888888888889,861.0487246561962,1
12,0,0,0,0,0,0,1,1,0,1,0,0,0,0,0,1,0,0,0,1,1,1,1,0,1,1,0,1,0,1,0,1,0,0,0,0,1,0,0,0,1,1,0,1,1,0,1,1,0,1,1,1,0,0,0.3148148148148148,644.8915201737701,1
13,0,0,0,0,1,0,0,1,0,1,0,0,0,0,0,1,0,0,0,1,1,1,1,1,1,1,0,1,0,1,0,1,0,0,0,0,1,1,0,0,1,1,0,1,1,0,1,1,0,1,1,0,0,0,0.3148148148148148,542.4459099194999,1
14,0,0,0,0,1,0,1,1,0,1,0,0,0,1,0,1,0,0,0,0,0,1,0,0,1,1,0,1,0,1,0,1,0,0,0,0,1,1,0,0,1,1,0,1,1,0,1,1,0,1,1,0,0,0,0.35185185185185186,855.2127755104287,1
15,0,0,0,0,1,0,1,1,0,1,0,0,0,0,0,1,0,0,0,1,1,1,0,0,1,1,0,1,0,1,0,1,1,0,0,0,1,1,0,1,1,1,0,1,1,0,1,1,0,1,1,0,0,0,0.4074074074074074,1017.0121457594636,1
16,0,0,1,1,0,1,0,0,1,0,1,1,1,0,0,0,1,1,1,1,0,0,0,1,0,0,1,0,1,0,1,1,1,1,1,1,0,0,1,0,0,0,0,0,0,1,0,0,1,0,0,1,0,0,0.3333333333333333,628.3089144686684,1
17,0,0,0,0,1,0,1,1,0,1,0,0,0,1,0,1,0,0,0,1,1,1,0,0,1,1,0,1,0,1,0,1,0,0,0,0,0,1,0,0,1,1,0,1,1,0,1,1,0,1,1,0,0,1,0.3333333333333333,776.7924278700231,1
18,0,0,0,0,0,0,1,1,0,1,0,0,1,1,0,1,0,0,0,0,1,1,1,0,1,0,0,1,0,1,0,1,0,0,0,0,1,1,1,0,1,1,0,1,1,0,1,1,0,1,1,0,0,0,0.4074074074074074,993.0244504793797,1
19,0,0,0,0,1,0,1,1,0,1,0,0,0,0,0,1,0,0,0,1,1,1,1,0,1,1,0,1,0,1,0,1,0,0,0,0,1,1,0,1,1,1,1,1,1,0,1,1,0,1,1,0,1,0,0.42592592592592593,827.9266536958017,1
20,1,0,0,0,1,0,1,1,0,1,0,0,0,1,0,1,0,0,0,1,1,1,1,0,1,1,0,1,0,1,0,1,0,0,0,0,1,1,0,1,1,1,0,1,1,0,1,1,0,1,1,0,0,0,0.2962962962962963,563.1167978092775,1
21,0,0,0,0,1,1,0,1,0,1,0,0,0,0,0,1,0,0,0,0,1,1,1,0,1,1,0,1,0,1,0,1,0,0,0,0,1,0,0,0,1,1,0,1,1,0,1,1,0,1,1,0,0,0,0.37037037037037035,497.4097675667006,1
22,0,0,0,0,0,0,1,1,0,1,0,0,0,1,0,1,0,0,0,1,1,1,1,0,1,1,0,1,0,1,0,1,0,0,0,0,1,1,0,0,1,1,0,1,1,0,1,1,0,1,1,0,0,0,0.3888888888888889,623.9020296491248,1
23,0,1,0,0,0,0,0,1,0,1,0,0,0,1,0,1,0,0,0,1,1,1,1,0,1,1,0,1,0,1,0,1,0,0,0,0,1,1,0,1,1,1,0,1,1,0,1,1,0,1,1,0,0,0,0.3888888888888889,634.8342764133953,1
24,0,0,1,0,1,0,1,1,0,1,0,0,0,1,0,1,0,0,0,0,1,1,1,0,1,1,0,1,0,1,0,1,0,0,0,0,1,1,0,1,1,1,0,1,1,0,1,1,0,1,1,0,0,0,0.35185185185185186,543.7920549620113,1
25,0,0,0,0,0,0,0,1,0,1,0,0,0,0,0,1,0,0,0,1,1,1,1,0,1,1,0,1,0,1,0,1,0,0,0,0,1,1,0,0,1,1,0,1,1,0,1,1,0,1,1,0,0,0,0.3888888888888889,742.8889209748637,1
26,1,0,0,0,0,0,1,1,0,1,0,0,0,1,0,1,0,0,0,1,1,1,1,0,1,0,0,1,0,1,0,1,0,0,0,0,1,1,0,1,1,1,0,1,1,0,1,1,0,1,1,0,0,0,0.35185185185185186,705.9293993597591,1
27,1,0,1,1,0,1,0,0,1,0,1,1,0,1,1,0,1,1,1,1,0,0,1,1,0,0,1,0,1,0,1,0,0,1,1,1,0,0,1,0,0,0,0,0,0,1,0,0,1,0,0,0,1,1,0.3333333333333333,1064.526362489293,1
28,0,0,0,0,0,0,0,1,0,1,0,0,0,1,0,1,0,0,0,1,1,1,1,0,1,1,0,1,0,1,0,1,0,0,0,0,1,1,0,1,1,1,0,1,1,0,1,1,0,1,1,0,0,0,0.3888888888888889,711.3716628606919,1
29,0,0,0,0,0,0,1,1,0,1,0,0,0,1,0,1,0,0,0,1,1,1,1,0,1,1,0,1,0,1,0,1,0,0,0,0,1,1,0,0,1,1,0,1,1,0,1,1,0,1,1,1,0,0,0.42592592592592593,668.9930148811779,1
30,0,0,0,0,1,0,1,1,0,1,0,0,0,0,0,1,0,0,0,1,1,0,1,0,1,1,0,1,0,1,0,1,0,0,0,0,1,1,0,1,1,1,0,1,1,0,1,1,1,1,1,0,0,0,0.35185185185185186,758.2758238780332,1
31,0,0,0,0,0,0,1,1,0,1,0,0,0,0,0,1,0,0,0,1,1,1,1,1,1,0,0,1,0,1,0,1,0,0,0,0,1,0,0,1,1,1,0,1,1,0,1,1,0,1,1,0,0,0,0.3888888888888889,592.0367287886293,1
32,0,0,0,0,1,0,1,1,0,1,0,0,0,1,0,1,0,0,0,1,0,1,1,0,1,0,0,1,0,1,0,1,0,0,0,0,1,1,0,0,1,1,0,1,1,0,1,1,0,1,1,0,0,0,0.37037037037037035,756.7378550282673,1
33,1,0,0,0,1,1,1,1,0,1,0,0,0,0,0,1,0,0,0,1,1,1,1,1,1,0,0,1,0,1,0,1,0,0,0,0,1,1,0,0,1,1,0,1,1,0,1,1,0,1,1,0,0,0,0.37037037037037035,450.50796933130863,1
34,0,0,0,0,1,0,1,1,0,1,0,0,1,0,0,1,0,0,0,0,1,1,1,0,1,1,0,1,0,1,0,1,0,0,0,0,1,1,0,1,1,0,1,1,1,0,1,1,0,1,1,0,0,0,0.37037037037037035,538.7485803333637,1
35,0,0,0,0,0,0,1,1,0,1,0,0,0,0,1,1,0,0,0,1,1,1,1,0,1,0,0,1,0,1,0,1,0,0,0,0,1,1,0,0,1,1,0,1,1,0,1,1,0,1,1,0,0,0,0.3888888888888889,631.363539209227,1
36,0,0,0,0,1,0,1,1,0,1,0,0,0,1,0,1,0,0,0,0,1,0,1,0,1,1,0,1,0,1,0,1,0,0,0,0,1,1,0,1,1,1,0,1,1,0,1,1,0,1,1,1,0,0,0.37037037037037035,752.8408669869478,1
37,0,0,0,0,1,0,1,1,0,1,0,0,0,0,0,1,0,0,0,1,1,1,1,0,1,1,0,1,0,1,0,1,0,0,0,0,1,0,0,1,1,1,0,1,1,0,1,1,0,1,1,1,0,0,0.42592592592592593,612.7070987132918,1
38,0,0,0,0,1,0,0,1,0,1,0,0,0,0,0,1,0,0,0,1,1,1,1,1,1,1,0,1,0,1,0,1,0,0,0,0,1,1,0,0,1,1,0,1,1,0,1,1,0,1,1,0,0,0,0.3888888888888889,542.4459099194999,1
39,0,0,0,0,1,0,1,1,0,1,0,0,0,0,0,1,1,0,0,0,1,1,0,0,1,1,0,1,0,1,1,1,0,0,0,0,1,1,0,1,1,1,0,1,1,0,1,1,0,1,1,0,0,0,0.35185185185185186,802.8692012984633,1
40,1,1,1,1,0,1,0,0,1,0,1,1,1,0,0,0,1,1,1,1,0,0,0,1,0,0,1,0,1,0,1,0,1,1,1,1,1,0,1,1,0,1,0,0,0,1,0,0,1,0,0,1,1,0,0.3333333333333333,581.8190203487618,1
41,0,0,0,0,1,0,1,1,0,0,0,0,0,1,0,1,0,0,0,0,1,1,1,0,1,1,0,1,0,1,1,1,0,0,0,0,1,1,0,1,1,1,0,1,1,0,1,1,0,1,1,0,0,0,0.35185185185185186,756.7127059019621,1
42,0,0,0,0,1,0,1,1,0,1,0,0,0,0,0,1,0,0,0,1,1,0,1,0,1,0,0,1,0,1,0,1,0,0,0,0,1,0,0,0,1,1,0,1,1,0,1,1,0,1,1,0,0,0,0.3888888888888889,626.5001707148988,1
43,0,0,0,0,1,0,1,1,0,1,0,0,0,0,0,1,0,0,0,0,1,1,1,1,1,1,0,1,0,1,0,1,0,0,1,0,1,1,0,0,1,1,0,1,1,0,1,1,0,1,1,1,0,0,0.3888888888888889,696.4885656255495,1
44,0,0,0,0,0,0,1,1,0,1,0,0,0,0,0,1,0,0,0,1,1,1,1,0,1,1,0,1,0,1,1,1,0,0,0,0,1,0,0,0,1,1,0,1,1,0,1,1,0,1,1,0,0,0,0.4074074074074074,649.5562783782763,1
45,0,0,0,0,0,0,1,1,0,1,0,0,0,1,0,1,0,0,0,1,1,1,1,1,1,0,0,1,0,1,0,1,0,0,0,0,1,1,0,0,1,1,0,1,1,0,1,1,0,1,1,1,1,0,0.37037037037037035,705.9936424057739,1
46,0,1,0,0,1,1,0,1,0,1,0,0,0,1,0,1,1,0,0,1,1,1,1,0,1,1,0,1,1,1,0,1,0,0,0,0,1,1,0,0,1,0,0,1,1,0,1,1,0,1,1,0,0,1,0.3333333333333333,451.59346600601066,1
47,1,0,0,0,1,0,1,1,0,1,0,0,0,0,0,1,0,0,0,1,1,1,1,0,1,1,0,1,0,1,0,1,0,0,0,0,1,1,0,1,1,1,0,1,1,0,1,1,0,1,1,0,0,0,0.3333333333333333,629.5906292641911,1
48,1,1,1,1,0,1,1,0,1,0,1,1,0,1,0,0,1,1,1,0,0,0,0,1,0,0,1,0,1,0,1,0,0,1,1,1,0,0,1,0,0,0,0,0,0,1,0,0,1,0,0,1,1,0,0.3148148148148148,905.2581521311809,1
49,0,0,0,0,0,0,0,1,0,1,0,0,0,0,1,1,0,0,0,1,1,0,1,0,1,1,0,1,0,1,0,1,0,0,0,0,1,1,0,0,1,1,0,1,1,0,1,1,0,1,1,0,0,0,0.37037037037037035,635.7453410862239,1
50,0,0,0,0,1,0,0,1,0,1,0,0,0,1,0,1,0,0,0,1,1,1,1,1,1,1,0,1,0,1,0,1,1,0,0,0,1,0,0,0,1,1,0,1,1,0,1,1,0,0,1,0,0,0,0.3333333333333333,519.7587690742754,1
51,0,0,0,0,1,0,1,1,0,1,0,0,0,0,0,1,0,0,0,1,1,1,1,0,1,0,0,1,0,1,1,1,0,0,0,0,1,1,0,1,1,1,0,1,1,0,1,1,0,1,1,0,0,0,0.3888888888888889,803.0531100614834,1
52,0,0,0,0,1,0,0,1,0,1,0,0,0,0,0,1,0,0,0,1,1,1,1,0,1,0,0,0,0,1,0,1,0,0,0,0,1,0,0,0,1,1,0,1,1,0,1,1,0,1,1,0,0,0,0.3888888888888889,578.9480499176052,1
53,0,0,0,0,0,0,1,1,0,1,0,0,1,0,0,1,1,0,0,0,1,1,1,0,1,0,0,1,0,1,0,1,0,0,0,0,1,1,0,0,1,1,1,1,1,0,1,1,0,1,1,0,0,0,0.4074074074074074,789.2601214267938,1
54,0,0,0,0,1,1,0,1,0,1,0,0,0,1,0,1,0,0,1,1,1,1,1,0,1,1,0,1,0,1,0,1,0,0,0,0,1,1,0,1,1,1,0,1,1,0,1,1,0,1,1,0,0,0,0.3333333333333333,493.267038416245,1
55,1,1,1,1,0,1,0,0,1,0,1,1,1,1,1,0,1,1,1,1,0,0,1,0,0,0,1,0,1,0,1,0,1,1,1,1,0,0,1,1,0,0,0,0,0,1,0,0,1,0,0,1,1,1,0.3888888888888889,752.2175383266233,1
56,0,1,0,0,0,0,1,1,0,1,0,0,1,0,0,1,0,0,0,1,1,1,1,0,1,0,0,1,0,1,0,1,0,0,0,0,1,1,0,1,1,1,1,1,1,0,1,1,0,1,1,0,0,0,0.42592592592592593,762.8059265295879,1
57,0,0,0,0,0,0,1,1,0,1,0,0,0,0,1,1,0,0,0,1,1,1,1,0,1,1,0,0,0,1,0,1,0,0,0,0,1,1,0,0,1,1,1,1,1,0,1,1,0,1,1,0,0,0,0.37037037037037035,573.5074178466994,1
58,1,0,0,0,1,0,1,1,0,1,0,0,0,0,0,1,0,0,0,1,1,1,1,1,1,1,0,1,0,1,0,1,0,0,0,0,1,1,0,1,1,1,0,1,1,0,1,1,0,1,1,0,0,0,0.2962962962962963,527.6222194445897,1
59,0,0,0,0,1,1,0,1,0,1,0,0,0,1,0,1,0,0,0,1,0,1,1,0,1,1,0,0,0,1,0,1,0,0,0,0,0,1,0,0,1,1,0,1,1,0,1,1,0,1,1,0,0,0,0.3148148148148148,490.2578707798596,1
60,0,0,0,0,1,0,1,1,0,1,0,0,0,1,0,1,0,0,0,1,1,1,1,0,1,1,0,1,0,1,0,1,0,0,0,0,1,1,0,1,1,1,1,1,1,0,0,1,0,1,1,0,0,0,0.35185185185185186,549.5475174626329,1
61,0,0,0,0,0,0,1,1,0,0,0,0,0,1,0,1,1,0,0,0,1,1,1,0,1,1,0,1,0,1,0,1,0,0,0,0,1,1,0,0,1,1,0,1,1,0,1,1,0,1,1,0,0,0,0.37037037037037035,655.0014404971653,1
62,1,0,1,1,0,1,0,0,1,0,1,1,0,1,0,0,1,1,1,1,0,0,0,1,0,0,1,0,1,0,1,0,1,1,1,0,0,0,1,0,0,0,0,0,0,1,0,0,1,0,0,1,1,0,0.3888888888888889,842.7079214815208,1
63,0,0,0,0,1,0,0,1,0,1,0,0,0,1,0,0,0,0,0,0,1,1,1,0,1,0,0,1,0,1,0,1,0,0,0,0,1,1,0,0,1,1,1,1,1,0,1,1,0,1,1,0,0,0,0.3888888888888889,834.9900112080097,1
64,0,0,0,0,1,1,0,1,0,1,0,0,0,1,0,1,0,0,0,0,1,1,1,0,1,1,0,1,0,1,0,1,0,0,0,0,1,1,1,1,1,1,0,1,1,0,1,1,0,1,1,0,0,0,0.35185185185185186,779.2376291448472,1
65,0,0,0,0,1,0,1,1,0,1,0,0,0,1,0,1,0,0,0,0,1,1,1,0,1,0,0,1,0,1,0,1,0,0,0,0,1,1,0,1,1,1,0,1,1,0,1,1,1,1,1,0,0,0,0.4074074074074074,791.9681233556263,1
66,0,0,0,0,0,1,0,1,0,1,0,0,0,0,0,1,0,0,0,1,1,1,1,0,1,1,0,1,0,1,0,0,0,0,0,0,1,1,0,0,1,1,0,1,1,0,1,1,0,1,1,1,0,0,0.37037037037037035,539.1017470257658,1
67,1,1,1,1,0,0,1,0,1,0,1,1,1,1,0,0,1,1,1,1,0,0,0,0,0,0,1,0,1,0,1,0,1,1,0,1,0,0,1,0,0,0,0,0,0,1,0,0,1,0,0,1,1,0,0.35185185185185186,579.5933405860371,1
68,0,0,0,0,1,0,0,1,0,1,0,0,0,0,0,1,0,0,0,1,0,1,1,0,1,1,0,1,0,1,0,1,0,0,0,0,1,1,0,1,1,1,1,1,1,0,1,1,0,1,1,0,0,0,0.4444444444444444,934.7515789299428,1
69,0,0,0,0,1,1,0,1,0,1,0,0,1,0,0,1,0,0,0,1,1,1,1,0,1,1,0,1,0,1,0,1,0,0,0,0,1,0,0,0,1,1,1,1,1,0,1,1,0,1,1,0,0,0,0.35185185185185186,463.5777802346661,1
70,0,0,0,0,1,0,0,1,0,1,0,0,0,0,0,1,0,0,0,0,1,1,0,0,1,1,0,1,0,1,0,1,1,0,0,0,1,1,0,0,1,1,1,1,1,0,0,1,0,1,1,0,0,0,0.4074074074074074,1034.015281238312,1
71,0,0,0,0,0,0,1,1,0,1,0,0,0,1,0,0,0,0,0,1,0,1,1,0,1,1,0,1,0,1,0,1,0,0,0,0,1,0,0,1,1,1,0,1,1,0,1,1,0,1,1,0,1,0,0.3888888888888889,869.6373446310255,1
72,0,1,0,0,0,0,1,1,0,1,0,0,0,1,1,1,0,0,0,1,1,1,1,0,1,0,0,1,0,1,0,1,0,0,0,0,1,1,0,0,1,1,1,1,1,0,1,1,0,1,1,1,0,0,0.4074074074074074,588.6353694425615,1
73,0,0,0,0,1,0,0,1,0,1,0,0,0,1,0,1,0,0,0,1,1,1,1,0,1,1,0,1,0,1,0,1,0,0,0,0,0,0,0,0,1,1,0,1,1,0,1,1,0,1,1,0,0,0,0.37037037037037035,459.32769416765984,1
74,0,0,0,0,1,0,1,1,0,1,0,0,0,1,0,0,0,0,0,0,1,1,1,0,1,1,0,1,0,1,0,1,0,0,0,0,1,1,0,0,1,1,0,1,1,0,1,1,0,1,1,0,0,0,0.3333333333333333,652.2460002561081,1
75,0,0,0,0,1,0,1,1,0,1,0,0,0,0,0,1,0,0,0,1,1,1,1,0,1,1,0,1,0,1,0,1,0,0,0,0,1,1,0,1,1,1,0,0,1,0,1,1,0,1,1,0,0,0,0.37037037037037035,567.4114553210195,1
76,1,1,1,1,0,1,0,0,1,0,1,1,1,1,0,0,1,1,1,0,0,0,0,0,0,0,1,0,1,0,0,0,0,1,1,1,0,1,1,1,0,0,0,0,0,1,0,0,1,0,0,1,0,1,0.3148148148148148,552.1618502933221,1
77,0,0,0,0,0,0,1,1,0,1,0,0,0,0,0,1,0,0,0,0,1,1,0,1,1,1,0,0,0,1,0,1,0,0,0,0,1,1,0,0,1,1,0,1,1,0,1,1,0,1,1,1,0,0,0.37037037037037035,709.4901939091651,1
78,1,0,1,1,1,1,0,0,1,0,1,1,1,0,1,0,1,1,1,1,0,0,0,1,0,0,1,0,1,0,1,1,1,1,1,1,0,0,1,1,0,0,0,0,0,1,0,0,1,0,0,1,0,0,0.3888888888888889,935.5729830429595,1
79,0,1,0,0,1,0,0,1,0,1,0,0,0,0,0,1,0,0,0,0,1,1,1,0,1,1,0,1,0,1,0,1,0,0,0,0,1,1,0,0,1,0,1,1,1,0,1,1,0,1,1,1,0,0,0.35185185185185186,537.4799138575772,1
80,1,0,0,0,0,0,0,1,0,1,0,0,1,1,0,1,0,0,0,0,1,1,1,0,1,0,0,1,0,1,0,1,0,0,0,0,1,1,0,1,1,1,0,1,1,0,0,1,0,1,1,0,0,0,0.3148148148148148,670.0419891665568,1
81,0,0,0,0,1,1,1,1,0,1,0,0,0,0,0,1,0,0,0,1,1,1,1,1,1,1,0,1,0,1,0,1,0,0,0,0,1,1,0,0,1,1,0,1,1,0,1,1,0,1,1,0,0,0,0.3333333333333333,439.2284501769407,1
82,0,0,0,0,1,1,1,1,0,1,0,0,0,1,0,1,0,0,0,0,0,1,1,0,1,0,0,1,0,1,0,1,0,0,0,0,1,1,0,1,1,1,1,1,1,0,1,1,0,1,1,0,0,0,0.4074074074074074,789.3374875983218,1
83,0,0,0,0,0,0,0,1,0,1,0,0,0,1,1,0,0,0,0,0,1,1,1,0,1,1,0,0,0,1,0,1,0,0,0,0,1,1,0,0,1,0,0,0,1,0,1,1,0,1,1,0,0,0,0.37037037037037035,349.29416017932215,1
84,0,0,0,0,1,0,0,1,0,1,0,0,0,1,0,1,0,0,0,1,1,0,1,0,1,1,0,1,0,1,0,1,0,0,0,0,1,1,0,1,1,1,0,1,1,0,1,1,0,1,1,0,0,0,0.42592592592592593,667.9078905212147,1
85,0,1,0,0,0,0,0,1,0,1,0,0,0,1,0,1,0,0,0,1,1,1,0,0,1,1,0,0,0,1,0,1,0,0,0,0,1,1,0,1,1,1,0,1,1,0,1,1,0,1,1,1,0,0,0.42592592592592593,707.1342215210826,1
86,0,0,0,0,1,0,1,1,0,1,0,0,0,0,0,1,0,0,0,0,1,1,1,0,1,1,0,1,0,0,0,1,0,0,0,0,1,1,0,1,1,1,1,1,1,0,1,1,0,1,1,0,0,0,0.35185185185185186,585.00063114188,1
87,0,1,0,0,1,0,0,1,0,1,0,0,1,1,0,1,0,0,0,0,1,1,1,0,1,0,0,1,0,1,0,1,1,0,0,0,1,1,0,1,1,1,0,0,1,0,1,1,0,0,1,0,1,0,0.3333333333333333,781.3625126308953,1
88,0,1,0,0,0,0,1,1,0,1,0,0,0,0,0,1,0,0,0,0,1,1,1,1,1,1,0,1,0,1,0,1,0,0,0,0,1,1,0,0,1,1,0,1,1,0,1,1,0,1,1,0,0,1,0.35185185185185186,773.3157946610644,1
89,0,0,0,0,0,0,1,1,0,1,0,0,1,1,0,1,0,0,0,1,1,1,1,1,1,1,0,1,0,1,0,1,0,0,0,0,1,1,0,1,1,1,0,1,1,0,1,1,0,1,1,0,0,0,0.35185185185185186,531.5258245948098,1
90,1,0,0,0,1,0,1,1,0,1,0,0,0,1,0,1,0,0,0,1,1,0,1,0,1,1,0,1,0,1,1,1,0,0,0,0,1,1,0,0,1,1,0,1,1,0,1,1,0,1,1,1,0,0,0.3333333333333333,639.2009457106951,1
91,1,0,1,1,0,0,0,0,1,0,1,1,1,1,0,0,1,1,1,1,0,0,0,1,0,0,1,0,1,0,1,0,1,1,0,1,0,0,1,0,0,0,0,0,0,1,0,0,1,0,0,0,1,1,0.37037037037037035,546.1620928949023,1
92,0,0,0,0,1,0,0,1,0,1,0,0,0,0,1,1,0,0,0,0,1,1,1,1,1,1,0,1,0,1,0,1,0,0,0,0,1,0,0,1,1,1,0,1,1,0,0,1,0,1,1,0,0,0,0.42592592592592593,399.6730049050725,1
93,0,0,0,0,1,0,1,1,0,1,0,0,0,1,0,1,0,0,0,0,1,1,1,0,1,1,0,1,0,1,0,1,0,0,0,0,1,1,0,1,1,1,0,1,1,0,1,1,0,1,1,0,1,0,0.35185185185185186,763.3581377104908,1
94,0,0,0,0,1,0,0,1,0,1,0,0,0,0,0,1,1,0,0,1,1,1,0,0,1,1,0,1,1,1,0,1,0,0,0,0,1,1,0,1,1,0,0,1,1,0,1,1,0,1,1,0,0,0,0.37037037037037035,589.3040787536952,1
95,0,0,0,0,1,0,1,1,0,1,0,0,0,1,0,1,0,0,0,1,1,0,0,0,0,0,0,1,0,1,0,1,0,0,0,0,1,1,0,0,1,1,0,0,1,0,1,1,0,1,1,1,0,0,0.37037037037037035,712.7443392015242,1
96,0,0,0,0,1,0,1,1,0,1,0,0,0,0,0,1,0,0,0,1,0,1,1,0,1,1,0,1,0,1,1,1,0,0,0,0,1,1,0,1,1,1,0,1,1,0,1,1,1,1,1,0,0,0,0.42592592592592593,943.3000130476179,1
97,1,0,1,1,0,1,0,0,1,0,1,1,0,1,0,0,1,1,1,1,0,0,0,1,0,0,1,0,1,0,1,1,0,1,0,1,0,0,1,0,0,1,0,0,0,1,0,0,1,0,0,1,1,0,0.3333333333333333,693.3811171611873,1
98,0,0,0,0,0,1,1,1,0,1,0,0,0,1,1,0,0,0,0,0,1,1,0,0,1,1,0,1,0,1,0,1,0,0,0,0,1,1,0,0,1,1,0,1,1,0,1,1,0,1,1,1,1,0,0.42592592592592593,670.7465551451031,1
99,0,0,0,0,1,0,0,1,0,1,0,0,0,1,1,1,1,0,0,0,1,1,1,1,0,1,0,1,0,1,0,1,0,0,0,0,1,1,0,0,1,1,0,1,1,0,1,1,0,0,1,0,0,0,0.3888888888888889,403.57961414809836,1
