,0,1,2,3,4,5,6,7,8,9,10,11,12,13,14,15,16,17,18,19,20,21,22,23,24,25,26,27,28,29,30,31,32,33,34,35,chain_break_fraction,energy,num_occurrences
0,1,1,1,0,0,0,0,1,1,1,0,0,0,1,0,0,0,1,1,0,0,1,1,0,0,0,0,0,1,1,0,0,0,0,1,0,0.25,12.474912174241632,1
1,1,1,1,0,0,0,0,1,1,1,0,0,0,1,0,0,0,1,1,0,0,1,1,0,0,0,0,0,1,1,0,0,0,0,1,0,0.2777777777777778,12.474912174241632,1
2,1,1,1,0,0,0,0,1,1,1,0,0,0,1,0,1,0,1,1,0,0,1,1,0,0,0,0,0,1,1,0,0,0,0,1,0,0.25,19.456897065852015,1
3,1,1,1,0,0,0,0,1,1,1,0,0,0,1,0,0,0,1,1,0,0,1,1,0,0,0,0,0,1,1,0,0,0,0,1,0,0.25,12.474912174241632,1
4,1,1,1,0,0,0,0,1,1,1,0,0,0,1,0,0,0,1,1,0,0,1,1,0,0,0,0,0,1,1,0,0,0,0,1,0,0.2777777777777778,12.474912174241632,1
5,1,1,1,0,0,0,0,1,1,1,0,0,0,1,0,1,0,1,1,0,0,1,1,0,0,0,0,0,1,1,0,0,0,0,1,0,0.2777777777777778,19.456897065852015,1
6,1,1,1,0,0,0,0,1,1,1,0,0,0,1,0,0,0,1,1,0,0,1,1,0,0,0,0,0,1,1,0,0,0,0,1,0,0.2777777777777778,12.474912174241632,1
7,1,1,1,0,0,0,0,1,1,1,0,0,0,1,0,0,0,1,1,0,0,1,1,0,0,0,0,0,1,1,0,0,0,0,1,0,0.2777777777777778,12.474912174241632,1
8,1,1,1,0,0,0,0,1,1,1,0,0,0,1,0,0,0,1,1,0,0,1,1,0,1,0,0,0,1,1,0,0,0,0,1,0,0.25,10.51745860208794,1
9,1,1,1,0,0,0,0,1,1,1,0,0,0,1,0,1,0,1,1,0,0,1,1,0,0,0,0,0,1,1,0,0,0,0,1,0,0.3333333333333333,19.456897065852015,1
10,0,1,1,0,0,0,0,1,1,1,0,0,0,1,0,0,0,1,1,0,0,1,1,0,1,0,0,0,1,1,0,0,0,0,1,0,0.25,9.039180670642104,1
11,1,1,1,0,0,0,0,1,1,1,0,0,0,1,0,1,0,1,1,0,0,1,1,0,0,0,0,0,1,1,0,0,0,0,1,0,0.2777777777777778,19.456897065852015,1
12,1,1,1,0,0,0,0,1,1,1,0,0,0,1,0,1,0,1,1,0,0,1,1,0,0,0,0,0,1,1,0,0,0,0,1,0,0.25,19.456897065852015,1
13,0,1,0,0,0,0,0,1,1,1,0,0,0,1,0,0,0,1,1,0,0,1,1,0,0,0,0,0,1,1,0,0,0,0,1,0,0.25,9.074635586368426,1
14,1,1,1,0,0,0,0,1,1,1,0,0,0,1,0,1,0,1,1,0,0,1,1,0,1,0,0,0,1,1,0,0,0,0,1,0,0.2222222222222222,16.498923139717512,1
15,1,1,1,0,0,0,0,1,1,1,0,0,0,1,0,0,0,1,1,0,0,1,1,0,0,0,0,0,1,1,0,0,0,0,1,0,0.2777777777777778,12.474912174241632,1
16,0,1,1,0,0,0,0,1,1,1,0,0,0,1,0,0,0,1,1,0,0,1,1,0,1,0,0,0,1,1,0,0,0,0,1,0,0.2777777777777778,9.039180670642104,1
17,1,1,1,0,0,0,0,1,1,1,0,0,0,1,0,1,0,1,1,0,0,1,1,0,1,0,0,0,1,1,0,0,0,0,1,0,0.19444444444444445,16.498923139717512,1
18,1,1,1,0,0,0,0,1,1,0,0,0,0,1,0,1,0,1,1,0,0,1,1,0,1,0,0,0,1,1,0,0,0,0,1,0,0.19444444444444445,9.47808527046255,1
19,1,1,1,0,0,0,0,1,1,1,1,0,0,1,0,0,0,1,1,0,0,1,1,0,0,0,0,0,1,1,0,0,0,0,1,0,0.25,16.856066582165855,1
20,1,1,1,0,0,1,0,1,1,1,0,0,0,1,0,0,0,1,1,0,0,1,1,0,0,0,0,0,1,1,0,0,0,0,1,0,0.3055555555555556,19.46409260086875,1
21,0,1,1,0,0,0,0,1,1,1,1,0,0,1,0,0,0,1,1,0,0,1,1,0,1,0,0,0,1,1,0,0,0,0,1,0,0.2777777777777778,12.41970915851966,1
22,0,0,1,0,0,0,0,1,1,1,0,0,0,1,0,0,0,1,1,0,0,1,0,0,0,0,0,0,1,1,0,0,0,0,1,0,0.2222222222222222,9.08011609907991,1
23,1,1,1,0,0,0,0,1,1,0,0,0,0,1,0,0,0,1,1,0,0,1,1,0,0,0,0,0,1,1,0,0,0,0,1,0,0.2777777777777778,6.4316684663377375,1
24,1,1,1,0,0,1,0,1,1,1,0,0,0,1,0,0,0,1,1,0,0,1,1,0,1,0,0,0,1,1,0,0,0,0,1,0,0.3055555555555556,16.506626330084487,1
25,1,1,1,0,0,0,0,1,1,1,0,0,0,1,0,0,0,1,1,0,0,1,1,0,0,0,0,0,1,1,0,0,0,0,1,0,0.25,12.474912174241632,1
26,1,1,0,0,0,0,0,1,1,1,1,0,0,1,0,0,0,1,1,0,0,1,1,0,0,0,0,0,1,1,0,0,0,0,1,0,0.3055555555555556,14.457054876962642,1
27,1,1,1,0,0,0,0,1,1,1,1,0,0,1,0,0,0,1,1,0,0,1,1,0,1,0,0,0,1,1,0,0,0,0,1,0,0.3055555555555556,14.3980541732982,1
28,0,1,1,0,0,0,0,1,1,1,0,0,0,1,0,1,0,1,1,0,0,1,1,0,0,0,0,0,1,1,0,0,0,0,1,0,0.2222222222222222,16.344070216357068,1
29,1,1,0,0,0,0,0,1,1,1,0,0,0,1,0,0,0,1,1,0,0,1,1,0,0,0,0,0,1,1,0,0,0,0,1,0,0.25,10.57590559353788,1
30,1,1,0,0,0,0,0,1,1,1,0,0,0,1,0,0,0,1,1,0,0,1,1,0,0,0,0,0,1,1,0,0,0,0,1,0,0.25,10.57590559353788,1
31,1,1,1,0,0,0,0,1,1,1,0,0,0,1,0,0,0,1,1,0,0,1,1,0,0,0,0,0,1,1,0,0,0,0,1,0,0.2777777777777778,12.474912174241632,1
32,1,0,1,0,0,0,0,1,1,1,0,0,0,1,0,1,0,1,1,0,0,1,1,0,0,0,0,0,1,1,0,0,0,0,1,0,0.2222222222222222,13.231243366862069,1
33,1,1,0,0,0,0,0,1,0,1,0,0,0,1,0,0,0,1,1,0,0,1,1,0,0,0,0,0,1,1,0,0,0,0,1,0,0.2222222222222222,8.082562656753696,1
34,0,1,1,0,0,1,0,1,1,1,1,0,0,1,0,0,0,1,1,0,0,1,1,0,0,0,0,0,1,1,0,0,0,0,1,0,0.3333333333333333,21.317735828733714,1
35,0,1,1,0,0,0,0,1,1,1,0,0,0,1,0,0,0,1,1,0,0,1,1,0,0,0,0,0,1,1,0,0,0,0,1,0,0.2777777777777778,10.454646626451945,1
36,1,1,1,0,0,0,0,1,1,0,0,0,0,1,0,0,0,1,1,0,0,1,1,0,0,0,0,0,1,1,0,0,0,0,1,0,0.2777777777777778,6.4316684663377375,1
37,1,1,1,0,0,0,0,1,1,1,1,0,0,1,0,0,0,1,1,0,0,1,1,0,1,0,0,0,1,1,0,0,0,0,1,0,0.3611111111111111,14.3980541732982,1
38,1,0,1,0,0,0,0,1,1,1,0,0,0,1,0,0,0,1,1,0,0,1,1,0,0,0,0,0,1,1,0,0,0,0,1,0,0.3055555555555556,8.434381078662247,1
39,1,1,1,0,0,0,0,0,1,1,0,0,0,1,0,0,0,1,1,0,0,1,0,0,1,0,0,0,1,1,0,0,0,0,1,0,0.2777777777777778,6.27341113466176,1
40,1,0,1,0,0,0,0,0,1,1,0,0,0,1,0,0,0,1,1,0,0,1,1,0,0,0,0,0,1,1,0,0,0,0,1,0,0.2777777777777778,3.6723405961446236,1
41,0,0,1,0,0,0,0,0,1,1,1,0,0,1,0,0,0,1,1,0,0,1,1,0,0,0,0,0,1,1,0,0,0,0,1,0,0.2222222222222222,5.533162372946439,1
42,0,0,0,0,0,0,0,1,1,1,0,0,0,1,0,1,0,1,1,0,0,1,0,0,0,0,0,0,1,1,0,0,0,0,1,0,0.19444444444444445,12.118921961288768,1
43,1,0,0,0,0,0,0,1,1,0,0,0,0,1,0,0,1,1,1,0,0,0,1,0,0,0,0,0,1,1,0,0,0,0,1,0,0.19444444444444445,4.882372956745589,1
44,0,1,0,0,0,0,0,1,1,1,0,0,0,1,0,1,1,1,1,0,0,1,1,0,1,0,0,0,1,1,0,0,0,0,1,0,0.16666666666666666,14.34526583148316,1
45,1,1,1,0,0,0,0,1,1,0,0,0,0,1,0,1,0,1,1,0,0,1,1,0,1,0,0,0,1,1,0,0,0,0,0,0,0.2777777777777778,11.10204186893341,1
46,1,1,0,0,0,0,0,1,1,1,0,0,0,1,0,1,0,1,1,0,0,1,1,0,0,0,0,0,1,1,0,0,0,0,1,0,0.2777777777777778,16.557861631283124,1
47,1,1,1,0,0,0,0,1,0,1,0,0,0,1,0,1,0,1,1,0,0,1,1,0,1,0,0,0,1,1,0,0,0,0,1,0,0.2777777777777778,12.988504205090043,1
48,1,1,1,0,0,0,0,1,1,1,0,0,0,1,0,0,0,1,1,0,0,1,1,0,1,0,0,0,1,1,0,0,0,0,1,0,0.3611111111111111,10.51745860208794,1
49,1,0,1,0,0,0,0,0,1,0,0,0,0,1,0,0,1,1,1,0,0,1,1,0,0,0,0,0,1,1,0,0,0,0,1,0,0.3055555555555556,0.922396851434203,1
50,1,1,1,0,0,1,0,1,1,1,0,0,0,1,0,0,0,1,1,0,0,1,1,0,0,0,0,0,1,1,0,0,0,0,1,0,0.3055555555555556,19.46409260086875,1
51,1,1,1,0,0,0,0,1,1,1,0,0,0,1,0,1,0,1,1,0,0,1,1,0,0,0,0,0,1,1,0,0,0,0,1,0,0.2777777777777778,19.456897065852015,1
52,1,1,1,0,0,0,0,0,1,1,0,0,0,1,0,1,0,1,1,0,0,1,1,0,0,0,0,1,1,1,0,0,0,0,1,0,0.25,9.989849481619443,1
53,1,0,1,0,0,0,0,1,1,1,0,0,0,1,0,1,0,1,1,0,0,1,1,0,0,0,0,0,1,1,0,0,0,0,1,0,0.3055555555555556,13.231243366862069,1
54,1,1,1,0,0,0,0,1,1,1,1,0,0,1,0,1,0,1,1,0,0,1,1,0,0,0,0,0,1,1,0,0,0,0,1,0,0.3333333333333333,24.83885209793753,1
55,1,1,1,0,0,0,0,1,1,1,0,0,0,1,0,0,0,1,1,0,0,1,0,0,1,0,0,0,1,1,0,0,0,0,1,0,0.2777777777777778,13.039874643210398,1
56,1,1,1,0,0,0,0,1,1,1,1,0,0,1,0,1,1,1,1,0,0,1,0,0,1,0,0,0,1,1,0,0,0,0,1,0,0.3055555555555556,29.765180437551518,1
57,1,1,1,0,0,0,0,1,1,1,1,0,0,1,0,1,1,1,1,0,0,1,1,0,1,0,0,1,1,1,0,0,0,0,1,0,0.2777777777777778,20.680616453803566,1
58,1,1,1,0,0,0,0,1,1,0,0,0,0,1,0,0,0,1,1,0,0,1,1,0,1,0,0,0,1,1,0,0,0,0,0,0,0.25,6.1174478109508375,1
59,1,1,0,0,1,0,0,1,1,1,0,0,0,1,0,0,0,1,1,0,0,1,1,0,0,1,0,0,1,1,0,0,0,0,1,0,0.3055555555555556,11.197505197969777,1
60,0,1,1,0,0,0,0,1,1,1,1,0,0,1,0,0,0,1,1,0,0,1,1,0,1,0,0,0,1,1,0,0,0,0,1,0,0.2777777777777778,12.41970915851966,1
61,1,1,0,1,1,1,1,0,0,0,0,1,1,0,1,1,1,0,0,1,1,1,0,1,0,1,1,0,0,0,1,1,1,0,0,1,0.19444444444444445,24.652358362260728,1
62,1,1,0,1,1,0,1,0,0,0,0,1,1,0,1,1,1,0,0,1,1,0,0,1,0,1,1,0,0,0,1,1,1,1,0,1,0.2222222222222222,20.582804187976915,1
63,1,1,0,1,1,0,1,0,0,0,0,1,1,0,1,0,1,0,0,1,1,1,0,0,1,1,1,0,0,0,1,1,1,0,0,1,0.2777777777777778,19.615414716766956,1
64,1,1,1,1,1,1,1,0,0,0,0,1,1,0,1,0,0,0,0,1,1,0,0,1,0,1,1,0,0,0,1,1,1,1,0,1,0.19444444444444445,20.70223428762623,1
65,1,1,1,1,1,0,1,0,0,0,0,1,1,0,1,0,0,0,0,1,0,1,0,1,1,1,0,0,0,0,1,1,1,0,0,1,0.2222222222222222,18.316988997854416,1
66,1,1,0,1,1,1,1,0,0,0,0,1,1,0,1,0,1,0,0,1,1,1,0,1,0,1,1,0,0,0,1,1,0,0,0,1,0.16666666666666666,19.971316681167902,1
67,1,1,0,1,1,1,1,0,0,0,0,1,1,0,1,0,1,0,0,1,1,1,0,0,1,1,1,0,0,0,1,1,1,0,0,1,0.2777777777777778,20.13363079644457,1
68,1,1,1,1,1,0,1,0,0,0,0,1,1,0,1,0,0,0,0,1,1,0,0,1,0,1,1,0,0,0,1,1,1,0,0,1,0.19444444444444445,13.28015329539264,1
69,1,1,0,1,1,0,1,0,0,0,0,1,1,0,0,0,1,0,0,1,0,0,0,1,1,1,1,0,0,0,1,1,1,1,0,0,0.16666666666666666,13.99848522767228,1
70,1,1,1,1,1,0,1,0,0,0,0,1,1,0,1,0,1,0,0,1,1,1,0,1,0,1,1,0,0,0,1,1,1,0,0,1,0.25,20.83261264896163,1
71,1,1,0,1,0,1,1,0,0,0,0,1,1,0,1,0,0,0,0,1,1,1,0,1,0,1,1,0,0,0,1,1,1,0,0,1,0.1388888888888889,25.226613906882562,1
72,1,1,0,1,0,1,1,0,0,0,0,1,1,0,1,0,0,0,0,1,1,0,0,1,0,1,1,0,0,0,1,1,1,1,0,1,0.2222222222222222,23.681088934930283,1
73,1,0,1,0,0,0,0,1,1,1,0,0,0,1,0,0,0,1,1,0,0,1,0,0,0,0,0,0,1,1,0,0,0,0,1,0,0.2222222222222222,9.905903317459627,1
74,1,0,0,0,0,0,0,1,1,1,0,0,0,1,0,0,0,1,1,0,0,1,0,0,1,0,0,1,1,1,0,0,0,0,1,0,0.25,10.176691672220995,1
75,1,1,0,1,1,1,1,0,0,0,0,1,1,0,1,0,0,0,0,1,1,1,0,1,0,1,1,0,0,0,1,1,1,0,0,1,0.2222222222222222,24.4605794275301,1
76,1,1,0,1,0,0,1,0,0,0,0,1,0,0,1,0,1,0,0,1,0,1,0,1,0,1,0,0,0,0,1,1,1,0,0,1,0.19444444444444445,17.43488065064711,1
77,1,1,0,1,1,1,1,0,0,0,0,1,1,0,1,0,1,0,0,1,1,0,0,1,0,1,1,0,0,0,1,1,1,0,0,1,0.19444444444444445,14.725748795444307,1
78,1,1,0,1,1,1,1,0,0,0,0,1,1,0,1,1,1,0,1,1,1,1,0,0,0,1,1,0,0,0,1,1,1,1,0,1,0.2777777777777778,26.934383136766815,1
79,1,1,0,1,1,0,1,0,0,0,0,1,1,0,1,0,1,0,0,1,1,0,0,0,1,1,1,0,0,0,1,1,1,1,0,1,0.25,19.735074184190402,1
80,1,1,0,1,1,1,1,0,0,0,0,1,1,0,1,1,1,0,0,1,1,1,0,0,0,1,1,0,0,0,1,1,1,0,0,1,0.3055555555555556,22.223717725558082,1
81,0,1,1,1,0,0,1,0,0,0,0,0,1,0,1,0,0,0,0,1,0,1,0,0,0,1,1,0,0,0,0,1,1,0,0,1,0.1388888888888889,13.610053714169144,1
82,1,1,0,1,1,1,1,0,0,0,0,1,1,0,0,0,1,0,0,1,0,1,0,1,0,1,1,0,0,0,1,1,1,0,0,1,0.25,19.03807052915466,1
83,1,1,0,1,0,0,1,0,0,0,0,1,1,0,1,1,1,0,0,1,1,1,0,0,0,1,1,0,0,0,1,1,0,1,0,1,0.25,20.94778754324794,1
84,1,1,0,1,1,0,1,0,0,0,0,1,1,0,1,0,1,0,0,1,0,1,0,1,0,1,1,0,0,0,1,1,1,1,0,1,0.3611111111111111,27.903271155617066,1
85,1,1,0,1,1,0,1,0,0,0,0,1,1,0,1,0,1,0,0,1,1,1,0,0,0,1,1,0,0,0,1,1,1,1,0,1,0.3333333333333333,25.037522978208496,1
86,1,1,0,1,0,1,1,0,0,0,0,1,1,0,1,0,1,0,0,1,1,0,0,0,0,1,1,0,0,0,1,1,1,0,0,1,0.2222222222222222,11.222915704698037,1
87,1,1,1,1,1,1,1,0,0,0,0,1,1,0,1,1,0,0,0,1,1,1,0,1,1,1,1,0,0,0,1,1,1,0,0,1,0.25,27.189189407758455,1
88,1,1,0,1,1,1,1,0,0,0,0,1,1,0,0,0,1,0,0,1,1,1,0,1,0,1,1,0,0,0,1,1,1,1,0,1,0.2222222222222222,33.52969743642551,1
89,0,1,0,1,1,1,1,0,0,0,0,1,1,0,1,0,1,0,0,1,1,1,0,0,0,1,0,0,0,0,1,1,1,0,0,1,0.2777777777777778,16.851665184633937,1
90,1,1,0,1,1,1,1,0,0,0,0,1,1,0,1,1,1,0,0,1,1,1,0,1,1,1,1,0,0,0,0,1,1,0,0,1,0.2222222222222222,25.104327625281037,1
91,1,1,0,1,1,1,1,0,0,0,0,0,1,0,1,0,0,0,0,1,1,1,0,1,0,1,1,0,0,0,0,1,1,1,0,1,0.25,32.92527754511775,1
92,1,1,0,1,1,0,0,0,0,0,0,1,1,0,1,1,0,0,1,1,1,0,0,0,0,1,1,0,0,0,1,1,1,1,0,0,0.1388888888888889,10.479136610660627,1
93,1,1,0,1,0,1,0,0,0,0,1,1,1,0,0,0,0,0,0,1,1,1,0,0,1,0,0,0,0,0,1,1,0,0,0,1,0.1111111111111111,11.647284443272946,1
94,1,1,0,1,1,1,1,0,0,0,0,1,1,0,1,0,1,0,0,1,1,0,0,0,0,1,1,0,0,0,1,1,1,1,0,1,0.3333333333333333,17.16693141066368,1
95,1,1,0,1,0,1,1,0,0,0,0,1,1,0,0,0,1,0,0,1,1,1,0,0,0,1,1,0,0,0,1,1,1,0,0,0,0.2222222222222222,11.468145108123464,1
96,0,1,0,1,1,0,1,0,0,0,1,0,0,0,1,1,1,0,0,1,1,0,0,0,1,1,1,0,0,0,0,1,1,0,0,1,0.19444444444444445,10.783168406507935,1
97,1,1,0,1,1,0,1,0,0,0,0,0,1,0,1,0,0,0,0,1,1,0,0,0,1,1,1,0,0,0,1,1,1,1,0,0,0.3055555555555556,13.019666781114505,1
98,1,1,0,1,1,1,1,0,0,0,0,0,1,0,0,1,1,0,0,1,1,0,0,1,0,1,1,1,0,0,1,1,1,1,0,1,0.2222222222222222,30.958783458355835,1
99,1,1,0,1,1,0,1,0,0,0,0,1,1,0,0,1,1,0,0,1,1,1,0,1,0,1,1,0,0,0,1,1,1,0,0,1,0.25,22.475016062730447,1
