,0,1,2,3,4,5,6,7,8,9,10,11,12,13,14,15,16,17,18,19,20,21,22,23,24,25,26,27,28,29,30,31,32,33,34,35,36,37,38,39,40,41,42,43,44,45,46,47,48,49,50,51,52,53,chain_break_fraction,energy,num_occurrences
0,0,0,0,0,1,1,0,1,1,1,0,0,0,1,1,0,1,1,1,0,0,1,1,0,1,0,1,1,0,0,1,1,1,1,0,1,0,1,1,1,0,1,0,1,1,0,1,0,0,0,0,0,0,0,0.2962962962962963,474.90821959203674,1
1,0,0,0,0,1,1,0,1,1,0,0,0,0,1,1,0,1,1,0,0,0,1,1,0,1,0,1,1,0,0,1,1,1,1,0,1,0,1,1,1,0,1,0,1,1,0,1,0,0,0,0,0,0,0,0.35185185185185186,457.59351115893526,1
2,0,0,0,0,1,1,0,1,1,0,0,0,0,1,1,0,1,1,1,0,0,1,1,0,1,0,1,1,0,0,1,1,1,1,0,1,0,1,1,1,0,0,0,1,1,0,1,0,0,0,1,0,0,0,0.3148148148148148,475.15811232746375,1
3,0,0,0,0,1,1,0,1,1,0,0,0,0,1,1,0,1,1,1,0,0,1,1,0,1,0,1,1,0,0,1,0,1,1,0,1,0,1,1,1,0,0,0,1,1,0,1,0,0,0,0,0,0,0,0.3148148148148148,459.8000071065582,1
4,0,0,0,0,1,1,0,1,1,0,0,0,0,1,1,0,1,1,1,0,0,1,1,0,1,0,1,1,0,0,1,0,1,1,0,1,0,1,1,1,0,0,0,1,1,0,1,0,0,0,0,0,0,0,0.2777777777777778,459.8000071065582,1
5,1,1,1,1,0,1,0,0,0,0,1,1,1,0,0,1,0,0,0,1,1,0,0,1,0,1,0,0,1,1,0,0,1,0,1,0,1,0,0,0,1,1,1,0,0,0,0,1,1,1,1,1,1,1,0.2962962962962963,588.192271073748,1
6,0,0,0,0,1,1,0,1,1,1,0,0,0,1,1,0,1,1,1,0,0,1,1,0,1,0,1,1,0,0,1,1,1,1,0,1,0,1,1,1,0,1,0,1,1,0,1,0,0,0,1,0,0,0,0.3333333333333333,534.0930396411924,1
7,1,1,1,1,0,1,0,0,0,0,1,1,1,0,0,1,0,0,0,1,1,0,0,1,0,1,0,0,1,1,0,0,0,0,1,0,1,0,0,0,1,1,1,0,0,0,0,1,1,1,1,1,1,1,0.2777777777777778,485.8732182822726,1
8,1,1,1,1,0,1,1,0,0,0,1,1,1,0,0,1,0,0,0,1,1,0,0,1,0,1,0,0,1,1,0,0,1,0,1,0,1,0,0,0,1,1,1,0,0,1,0,1,1,1,1,1,1,0,0.2962962962962963,499.6074027025648,1
9,1,1,1,1,0,1,0,0,1,1,1,1,1,0,0,1,0,0,0,1,1,0,0,1,0,1,0,0,1,1,0,0,1,0,1,0,1,0,0,0,1,1,1,0,0,0,0,1,1,1,1,1,1,1,0.2962962962962963,599.1020444217377,1
10,1,1,1,1,0,1,1,0,0,1,1,1,1,0,0,1,0,0,0,1,1,0,0,1,0,1,0,0,1,1,0,0,1,0,1,0,1,0,0,0,1,1,1,0,0,1,0,1,1,1,1,1,1,0,0.2962962962962963,501.98966467838176,1
11,1,1,1,1,0,1,0,0,0,0,1,1,1,0,0,1,0,0,0,1,1,0,0,1,0,1,0,0,1,1,0,0,1,0,1,0,1,0,0,0,1,1,1,0,0,0,0,1,1,1,1,1,1,0,0.3333333333333333,481.2248163091844,1
12,1,1,1,1,0,1,1,0,0,0,1,1,1,0,0,1,0,0,0,1,1,0,0,1,0,1,0,0,1,1,0,0,1,0,1,0,1,0,0,0,1,1,1,0,0,0,0,1,1,1,1,1,1,0,0.2777777777777778,484.36618331955816,1
13,1,1,1,1,0,1,0,0,1,0,1,1,1,0,0,1,0,0,0,1,1,0,0,1,0,1,0,0,1,1,0,0,0,0,1,0,1,0,0,0,1,1,1,0,0,0,0,1,1,1,1,1,1,1,0.25925925925925924,534.4492742127446,1
14,1,1,1,1,0,1,1,0,1,1,1,1,1,0,0,1,0,0,0,1,1,0,0,1,0,1,0,0,1,1,0,0,1,0,1,0,1,0,0,0,1,1,1,0,0,0,0,1,1,1,1,1,1,1,0.3148148148148148,606.740892500844,1
15,1,1,1,1,0,1,0,0,1,0,1,1,1,0,0,1,0,0,0,1,1,0,0,1,0,1,0,0,1,1,0,0,1,0,1,0,0,0,0,0,1,1,1,0,0,1,0,1,1,1,1,1,1,1,0.2777777777777778,601.3209054337855,1
16,1,1,1,1,0,1,0,0,0,0,1,1,1,0,0,1,0,0,0,1,1,0,0,1,0,1,0,0,1,1,0,0,0,0,1,0,1,0,0,0,1,1,1,0,0,0,0,1,1,1,1,1,1,0,0.25925925925925924,423.72574048607333,1
17,1,1,1,0,0,1,0,0,1,0,1,1,1,0,0,1,0,0,0,1,1,0,0,1,0,1,0,0,1,1,0,0,1,0,1,0,1,0,0,0,1,1,1,0,0,0,0,1,1,1,1,1,1,1,0.2777777777777778,597.2723756542853,1
18,0,0,0,0,1,1,0,1,1,1,0,0,0,1,1,0,1,1,0,0,0,1,1,0,1,0,1,1,0,0,1,0,1,1,0,1,0,1,1,1,0,1,1,1,1,0,1,0,0,0,0,0,0,0,0.3333333333333333,458.66619076102893,1
19,1,1,1,1,0,1,0,0,0,0,1,1,1,0,0,1,0,0,0,1,1,0,0,1,0,1,0,0,1,1,0,0,1,0,1,0,1,0,0,0,1,1,1,0,0,0,0,1,1,1,1,1,1,0,0.24074074074074073,481.2248163091844,1
20,1,1,1,1,0,1,1,0,1,1,1,1,1,0,0,1,0,0,0,1,1,0,0,1,0,1,0,0,1,1,0,0,1,0,1,0,1,0,0,0,1,1,1,0,0,0,0,1,1,1,1,1,1,1,0.3333333333333333,606.740892500844,1
21,1,1,1,1,0,1,0,0,0,0,1,1,1,0,0,1,0,0,0,1,1,0,0,1,0,1,0,0,1,1,0,0,1,0,1,0,1,0,0,0,1,1,1,0,0,0,0,1,1,1,1,1,1,0,0.25925925925925924,481.2248163091844,1
22,0,0,0,0,1,1,0,1,1,0,0,0,0,1,1,0,1,1,0,0,0,1,1,0,1,0,1,1,0,0,1,1,1,1,0,1,0,1,1,1,0,1,0,1,1,0,1,0,0,0,1,0,0,0,0.3888888888888889,536.8993143967945,1
23,0,0,0,0,1,1,0,1,1,1,0,0,0,1,1,0,1,0,1,0,0,1,1,0,1,0,1,1,0,0,1,1,1,1,0,1,0,1,1,1,0,0,0,1,1,0,1,0,0,0,0,0,0,0,0.3333333333333333,401.63704208481727,1
24,1,1,1,1,0,1,0,0,0,0,1,1,1,0,0,1,0,0,0,1,1,0,0,1,0,1,0,0,1,1,0,1,0,0,1,0,1,0,0,0,1,1,0,0,0,0,0,1,1,1,1,1,1,1,0.3148148148148148,503.8933781079155,1
25,1,1,1,1,0,1,1,0,0,0,1,1,1,0,0,1,0,0,0,1,1,0,0,1,0,1,0,0,1,1,0,0,1,0,1,0,1,0,0,0,1,1,1,0,0,0,0,1,1,1,1,1,1,0,0.2962962962962963,484.36618331955816,1
26,1,1,1,1,0,1,0,0,0,0,1,1,1,0,0,1,0,0,0,1,1,0,0,1,0,1,0,0,1,1,0,1,1,0,1,0,1,0,0,0,1,1,1,0,0,0,0,1,1,1,0,1,1,0,0.2962962962962963,439.943676656488,1
27,1,1,1,1,0,1,0,0,0,1,1,1,1,0,0,1,0,0,0,1,1,0,0,1,0,1,0,0,1,1,0,0,0,0,1,0,1,0,0,0,1,1,1,0,0,1,0,1,1,1,1,1,1,1,0.2222222222222222,504.6211512607771,1
28,1,1,1,1,0,1,0,0,1,0,1,1,1,0,0,1,0,0,0,1,1,0,0,1,0,1,0,0,1,1,0,1,1,0,1,0,0,0,0,0,1,1,1,0,0,1,0,1,1,1,0,1,1,0,0.25925925925925924,510.70975941695264,1
29,1,1,1,1,0,1,0,0,1,0,1,1,1,0,0,1,0,0,0,1,1,0,0,1,0,1,0,0,1,1,0,0,1,0,1,0,1,0,0,0,1,1,1,0,0,0,0,1,1,1,1,1,1,1,0.2962962962962963,596.7474301850942,1
30,1,1,1,1,0,1,1,0,1,0,1,1,1,0,0,1,0,0,0,1,1,0,0,1,0,1,0,0,1,1,0,0,1,0,1,0,1,0,0,0,1,1,1,0,0,0,0,1,1,1,1,1,1,1,0.2777777777777778,601.8862199629325,1
31,1,1,1,0,0,1,1,0,1,0,1,1,1,0,0,1,0,0,0,1,1,0,0,1,0,1,0,0,1,1,0,0,1,0,1,0,1,0,0,0,1,1,1,0,0,0,0,1,1,1,1,1,1,0,0.2777777777777778,532.9232634886611,1
32,1,1,1,1,0,1,0,0,0,1,1,1,1,0,0,1,0,0,0,1,1,0,0,1,0,1,0,0,1,1,0,1,0,0,1,0,1,0,0,0,1,1,1,0,0,0,0,1,1,1,1,1,1,1,0.3333333333333333,522.5701040656835,1
33,1,1,1,1,0,1,1,0,0,0,1,1,1,0,0,1,0,0,0,1,1,0,0,1,0,1,0,0,1,1,0,0,1,0,1,0,1,0,0,0,1,1,1,0,0,0,0,1,1,1,1,1,1,1,0.35185185185185186,581.3310608515849,1
34,1,1,1,1,0,1,0,0,1,0,1,1,1,0,0,1,0,0,0,1,1,0,0,1,0,1,0,0,1,1,0,0,1,0,1,0,1,0,0,0,1,1,1,0,0,0,0,1,1,1,0,1,1,0,0.3333333333333333,510.8963815928535,1
35,0,0,0,0,1,1,0,1,1,0,0,0,0,1,1,0,1,1,0,0,0,1,1,0,1,0,1,1,0,0,1,1,1,1,0,1,0,1,1,1,0,1,0,1,1,0,1,0,0,0,0,0,0,0,0.3333333333333333,457.59351115893526,1
36,1,1,1,1,0,1,0,0,0,0,1,1,1,0,0,1,0,0,0,1,1,0,0,1,0,1,0,0,1,1,0,0,1,0,1,0,1,0,0,0,1,1,1,0,0,0,0,1,1,1,1,1,1,1,0.2962962962962963,588.192271073748,1
37,1,1,1,0,0,1,0,0,0,0,1,1,1,0,0,1,0,0,0,1,1,0,0,1,0,1,0,0,1,1,0,1,1,0,1,0,1,0,0,0,1,1,1,0,0,0,0,1,1,1,1,1,1,0,0.25925925925925924,527.6230770686209,1
38,1,1,1,1,0,1,1,0,0,0,1,1,1,0,0,1,0,0,0,1,1,0,0,1,0,1,0,0,1,1,0,1,1,0,1,0,1,0,0,0,1,1,1,0,0,0,0,1,1,1,1,1,1,0,0.3148148148148148,520.1131091287227,1
39,1,1,1,1,0,1,0,0,0,0,1,1,1,0,0,1,0,0,0,1,1,0,0,1,0,1,0,0,1,1,0,1,0,0,1,0,1,0,0,0,1,1,1,0,0,0,0,1,1,1,1,1,1,0,0.3148148148148148,440.47527839762944,1
40,0,0,0,0,1,0,0,1,1,0,0,0,0,1,1,1,1,1,0,0,0,1,1,0,1,0,1,1,0,0,1,0,1,1,0,1,0,1,1,1,0,1,0,1,1,0,1,0,0,0,0,0,0,0,0.3333333333333333,399.58644602941524,1
41,1,1,1,1,0,1,1,0,0,0,1,1,1,0,0,1,0,0,0,1,1,0,0,1,0,1,0,0,1,1,0,1,1,0,1,0,1,0,0,0,1,1,1,0,0,1,0,1,1,1,1,1,1,1,0.37037037037037035,672.331691648984,1
42,1,1,1,1,0,1,1,0,1,1,1,1,0,0,0,1,0,0,0,1,1,0,0,1,0,1,0,0,1,1,0,1,1,0,1,0,1,0,0,0,1,1,1,0,0,1,0,1,1,1,1,1,1,1,0.3333333333333333,662.7551074913653,1
43,1,1,1,1,0,1,0,0,1,0,1,1,1,0,0,1,0,0,0,1,1,0,0,1,0,1,0,1,1,1,0,0,1,0,1,0,1,0,0,0,1,1,1,0,0,0,0,1,1,1,1,1,1,0,0.2777777777777778,531.8927265030645,1
44,1,1,1,1,0,1,0,0,0,0,1,1,0,0,0,1,0,0,0,1,1,0,0,1,0,1,0,0,1,1,0,1,0,0,1,0,1,0,0,0,1,1,1,0,0,1,0,1,1,1,1,1,1,0,0.24074074074074073,450.45762964009685,1
45,1,1,1,1,0,1,1,0,1,1,1,1,1,0,0,1,0,0,0,1,1,0,0,1,0,1,0,0,1,1,0,1,1,0,1,0,1,0,0,0,1,1,1,0,0,1,0,1,1,1,1,1,1,1,0.37037037037037035,660.0362450857059,1
46,1,1,1,1,0,1,0,0,0,1,1,1,1,0,0,1,0,0,0,1,1,1,0,1,0,1,0,0,1,1,0,0,1,0,1,0,1,0,0,0,1,1,1,0,0,0,0,1,1,1,1,1,1,1,0.25925925925925924,575.6217635009148,1
47,1,1,1,1,0,1,1,0,0,0,1,1,1,0,0,1,0,0,0,1,1,0,0,1,0,1,0,0,1,1,0,1,0,0,1,0,1,0,0,0,1,1,0,0,0,1,0,1,1,1,1,1,1,1,0.2962962962962963,523.1741465582379,1
48,1,1,1,1,0,1,0,0,0,1,1,1,1,0,0,1,0,0,0,1,1,0,0,1,0,1,0,0,1,1,0,0,1,0,1,0,1,0,0,0,1,1,1,0,0,0,0,1,1,1,1,1,1,0,0.35185185185185186,483.61629419805985,1
49,0,1,1,1,0,1,0,0,1,0,1,1,1,0,0,1,0,0,0,1,1,0,0,1,0,1,0,0,1,1,0,1,1,0,1,0,1,0,0,0,1,1,1,0,0,0,0,1,1,1,1,1,1,0,0.2962962962962963,544.4100523446276,1
50,0,0,0,0,1,1,0,1,1,1,0,0,0,1,1,0,1,1,0,0,0,1,1,0,0,0,1,1,0,0,1,1,1,1,0,1,0,1,1,1,0,0,1,1,1,0,1,0,0,0,0,0,0,0,0.2777777777777778,432.15476261020984,1
51,1,1,1,1,0,1,1,0,0,0,1,1,0,0,0,1,0,0,0,1,1,0,0,1,0,1,0,0,1,1,0,0,0,0,1,0,1,0,0,0,1,1,1,0,0,0,0,1,1,1,1,1,1,1,0.25925925925925924,486.7281561997234,1
52,1,1,1,1,0,1,0,0,0,0,1,1,1,0,0,1,0,0,0,1,1,0,0,1,0,1,0,0,1,1,0,0,0,0,1,0,1,0,0,0,1,1,1,0,0,0,0,1,1,1,1,1,1,1,0.37037037037037035,485.8732182822726,1
53,1,1,1,1,0,1,0,1,0,1,1,1,1,0,0,1,0,0,0,1,1,0,0,1,0,1,0,0,1,1,0,1,0,0,1,0,1,0,0,0,1,1,1,0,0,1,0,1,1,0,1,1,1,1,0.2962962962962963,514.354755058886,1
54,1,1,1,0,0,1,1,0,0,0,1,1,1,0,0,1,0,0,0,1,1,0,0,1,1,1,0,0,1,1,0,0,1,0,1,0,1,0,0,0,1,1,1,0,0,0,0,1,1,1,1,1,1,0,0.2777777777777778,485.45859482314773,1
55,0,0,0,0,1,1,0,1,1,1,0,0,0,1,1,0,1,1,0,0,0,1,1,0,1,0,1,1,0,0,1,1,1,0,0,1,0,1,1,1,0,1,0,1,1,1,1,0,0,0,1,0,0,0,0.3333333333333333,536.8145740049523,1
56,1,1,1,1,0,1,0,0,0,0,1,1,1,0,0,1,0,0,0,1,1,0,0,1,0,1,0,0,1,1,0,0,0,0,1,0,1,0,0,0,1,1,1,0,0,1,0,1,1,1,1,1,1,1,0.2777777777777778,504.4100877313227,1
57,1,1,0,1,0,1,1,0,0,0,1,1,1,0,0,1,0,0,0,1,1,0,0,1,0,1,0,0,1,1,0,1,0,0,1,0,1,0,0,0,1,1,1,0,0,0,0,1,1,1,1,1,1,1,0.2777777777777778,533.2120105513129,1
58,0,0,0,0,1,1,0,1,1,1,0,0,0,1,1,0,1,1,1,0,0,1,1,0,1,0,1,1,0,0,1,1,1,0,0,1,0,1,1,1,0,1,0,1,1,1,1,0,0,0,0,0,0,0,0.37037037037037035,476.533625537984,1
59,1,1,1,1,0,1,0,0,1,0,1,1,1,0,0,1,0,0,0,1,1,0,0,1,0,1,0,0,1,1,0,0,1,0,1,0,1,0,0,0,1,1,1,0,0,0,0,1,0,1,1,1,1,1,0.2962962962962963,580.3018367749694,1
60,1,1,1,1,0,1,0,0,0,0,1,1,1,0,0,1,0,0,0,1,1,0,0,1,0,1,0,0,1,1,0,1,1,0,1,0,1,0,0,0,1,1,1,0,0,0,0,1,1,1,0,1,1,1,0.3148148148148148,522.4326490225573,1
61,0,0,0,0,1,1,0,1,1,0,0,0,0,1,1,0,1,1,0,0,0,1,1,0,1,0,1,1,0,0,1,1,1,1,0,1,0,1,1,1,0,1,0,1,1,0,1,0,0,0,0,0,0,0,0.3333333333333333,457.59351115893526,1
62,0,0,0,0,1,1,1,1,1,0,0,0,0,1,1,0,1,1,1,0,0,1,1,0,0,0,1,1,0,0,1,0,1,1,0,1,0,1,1,1,0,1,0,1,1,0,1,0,0,0,1,0,0,0,0.3888888888888889,500.1257094951318,1
63,1,1,1,1,0,1,0,0,1,0,1,1,1,0,0,1,0,0,0,1,1,0,0,1,0,1,0,0,1,1,0,0,1,0,1,0,1,0,0,0,1,1,1,0,0,0,0,1,1,0,1,1,1,0,0.3148148148148148,520.3433329717657,1
64,1,1,1,1,0,1,1,0,0,0,1,1,1,0,0,1,0,0,0,1,1,1,0,1,0,1,0,0,1,1,0,0,1,0,1,0,1,0,0,0,1,1,1,0,0,1,0,1,1,1,1,1,1,1,0.3148148148148148,600.6913318360788,1
65,1,1,1,1,0,1,1,0,0,0,1,1,1,0,0,1,0,0,0,1,1,0,0,1,0,1,0,0,1,1,0,0,0,0,1,0,1,0,0,0,1,1,1,0,0,0,0,1,1,1,1,1,1,0,0.3148148148148148,436.8723317012281,1
66,0,1,1,1,0,1,1,0,0,1,1,1,1,0,0,1,0,0,0,1,1,0,0,1,0,1,0,0,1,1,0,1,1,0,1,0,1,0,0,1,1,1,1,0,0,1,0,1,1,1,1,1,1,0,0.25925925925925924,561.1176174669625,1
67,1,1,1,1,0,1,1,0,1,1,1,1,1,0,0,1,0,0,0,1,1,0,0,1,0,1,0,0,1,1,0,0,1,0,1,0,1,0,0,0,1,1,1,0,0,0,0,1,1,1,1,1,1,1,0.3148148148148148,606.740892500844,1
68,1,1,1,1,0,1,1,0,0,1,1,1,1,0,0,1,0,0,0,1,1,0,0,1,0,1,0,0,1,1,0,0,0,0,1,0,1,0,0,0,1,1,1,0,0,0,0,1,1,1,1,1,1,0,0.2962962962962963,452.1298246035927,1
69,1,1,1,1,0,1,1,0,1,0,1,1,1,0,0,1,0,0,0,1,1,0,0,1,0,1,0,0,1,1,0,1,1,0,1,0,1,0,0,0,1,1,1,0,0,0,0,1,1,1,1,1,1,1,0.3148148148148148,640.0326858467164,1
70,1,1,1,1,0,1,0,0,0,1,1,1,0,0,0,1,0,0,0,1,1,0,0,1,0,1,0,0,1,1,0,0,0,0,1,0,1,0,0,0,1,1,1,0,0,1,0,1,1,1,1,1,1,0,0.3333333333333333,430.2252901505298,1
71,1,1,1,0,0,1,1,0,0,0,1,1,1,0,0,1,0,0,0,1,1,0,0,1,0,1,0,0,1,1,0,0,1,0,1,0,0,0,0,0,1,1,1,0,0,0,0,1,1,1,1,1,1,0,0.3148148148148148,470.467182611478,1
72,1,1,1,1,0,1,0,0,0,0,1,1,1,0,0,1,0,0,0,1,1,0,0,1,0,1,0,1,1,1,0,1,0,0,1,0,1,0,0,0,1,1,1,0,0,1,0,1,1,1,0,1,1,0,0.2777777777777778,403.3653400191327,1
73,0,1,1,1,0,1,0,0,0,1,1,1,1,0,0,1,0,0,0,1,1,0,0,1,0,1,0,0,1,1,0,0,0,0,1,0,1,0,0,0,1,1,1,0,0,0,0,1,1,1,1,1,1,1,0.3148148148148148,486.47907915527696,1
74,1,1,1,1,0,1,1,0,1,0,1,1,1,0,0,1,0,0,0,1,1,0,0,1,0,1,0,0,1,1,0,0,1,0,1,0,1,0,0,0,1,1,1,0,0,0,0,1,1,1,1,1,1,0,0.35185185185185186,544.9316513610526,1
75,0,0,0,0,1,1,0,1,1,1,0,0,0,1,1,0,1,1,1,0,0,1,1,0,0,0,1,1,0,0,1,1,1,1,0,1,0,1,1,1,0,1,0,1,1,1,1,0,0,0,0,0,0,0,0.3888888888888889,473.6513010331811,1
76,1,1,1,1,0,1,0,0,0,1,1,1,1,0,0,1,0,0,0,1,1,0,0,1,0,1,0,0,1,1,0,1,1,0,1,0,1,0,0,0,1,1,1,0,0,0,0,1,1,1,0,1,1,0,0.2962962962962963,447.2719922205362,1
77,1,1,1,1,0,1,0,0,0,0,1,1,1,0,0,1,0,0,0,1,1,0,0,1,1,1,0,0,1,1,0,1,1,0,1,0,0,0,0,0,1,1,1,0,0,0,0,1,1,1,0,1,1,1,0.2962962962962963,505.0312137359772,1
78,1,1,1,0,0,1,0,0,0,0,1,1,1,0,0,1,0,0,0,1,1,0,0,1,0,1,0,0,1,1,0,1,0,1,1,0,1,0,0,0,1,1,1,0,0,0,0,1,1,1,1,1,1,1,0.3148148148148148,554.410427866949,1
79,1,1,1,0,0,1,1,0,0,0,1,1,1,0,0,1,0,0,0,1,1,0,0,1,0,1,0,0,1,1,0,0,1,0,1,0,1,0,0,0,1,1,1,0,0,0,0,1,1,1,1,1,1,0,0.3333333333333333,482.35785695676276,1
80,0,1,1,1,0,1,0,0,0,0,1,1,1,0,0,1,0,0,0,1,1,0,0,1,0,1,0,0,1,1,0,0,1,0,1,0,1,0,0,0,1,1,0,0,0,0,0,1,1,1,1,1,1,0,0.3333333333333333,464.368508747489,1
81,0,1,1,1,0,1,1,0,1,0,1,1,0,0,0,1,0,0,0,1,1,0,0,1,0,1,0,0,1,1,0,0,1,0,1,0,1,0,0,0,1,1,0,0,0,0,0,1,1,1,1,1,1,0,0.2962962962962963,514.1803315041775,1
82,1,1,1,1,0,1,1,0,0,0,1,1,1,0,0,1,0,0,0,1,1,0,0,1,0,1,0,0,1,1,0,1,1,0,0,0,1,0,0,0,1,1,0,0,0,0,0,1,1,1,1,1,1,0,0.3333333333333333,478.15048920212104,1
83,1,1,1,1,0,1,0,0,1,1,1,1,0,0,0,1,0,0,0,1,1,0,0,1,0,1,0,0,1,1,0,1,0,0,1,0,1,0,0,0,1,1,1,0,0,0,0,1,1,1,0,1,1,1,0.2962962962962963,510.8829572862279,1
84,1,1,1,0,0,1,1,0,0,0,1,1,1,0,0,1,0,0,0,1,1,0,0,1,0,1,0,0,1,1,0,0,1,0,1,0,0,0,0,0,1,1,1,0,0,0,0,1,1,1,1,1,1,0,0.2777777777777778,470.467182611478,1
85,1,1,1,0,0,1,1,0,0,0,1,1,1,0,0,1,0,0,0,1,1,0,0,1,0,1,0,0,1,1,0,0,0,0,1,0,1,0,0,0,1,1,1,0,0,0,0,1,1,1,1,1,1,0,0.25925925925925924,424.54993767187835,1
86,0,1,1,1,0,1,0,0,0,0,1,1,1,0,0,1,0,0,0,1,1,0,0,1,0,1,0,0,1,1,0,0,0,0,1,0,1,0,0,0,1,1,1,0,0,0,0,1,1,1,1,1,1,0,0.3148148148148148,414.11089943413566,1
87,1,1,1,1,0,1,0,0,1,1,1,1,1,0,0,1,0,0,0,1,1,0,0,1,0,1,0,0,1,1,0,1,1,0,1,0,1,0,0,0,1,1,1,0,0,0,0,1,0,1,1,1,1,0,0.2962962962962963,549.7614321564607,1
88,1,1,1,1,0,1,1,0,0,0,1,1,0,0,0,1,0,0,0,1,1,0,0,1,0,1,0,0,1,1,0,0,1,0,1,0,1,0,0,0,1,1,1,0,0,0,0,1,1,1,1,1,1,0,0.3148148148148148,482.35785695676276,1
89,1,1,1,1,0,1,0,0,1,0,1,1,0,0,0,1,0,0,0,1,1,0,0,1,0,1,0,0,1,1,0,1,1,0,1,0,1,0,0,0,1,1,1,0,0,0,0,1,1,1,1,1,1,1,0.3148148148148148,645.5784874737384,1
90,1,1,1,0,0,1,1,0,1,1,1,1,1,0,0,1,0,0,0,1,1,0,0,1,0,1,0,0,1,1,0,0,1,0,1,0,1,0,0,0,1,1,1,0,0,0,0,1,1,1,1,1,1,1,0.35185185185185186,601.7943915821811,1
91,1,1,1,0,0,1,1,0,0,0,1,1,1,0,0,1,0,0,0,1,1,0,0,1,0,1,0,0,1,1,0,0,1,0,1,0,1,0,0,0,1,1,1,0,0,0,0,1,0,1,1,1,1,0,0.35185185185185186,467.6037201725754,1
92,1,1,1,1,0,1,0,0,0,0,1,1,1,0,0,1,0,0,0,1,1,0,0,1,0,1,0,0,1,1,0,0,1,0,1,0,0,0,0,1,1,1,1,0,0,0,0,1,1,1,1,1,1,1,0.2962962962962963,588.0435600312044,1
93,1,1,1,1,0,1,0,0,0,0,1,1,1,0,0,1,0,0,0,1,1,0,0,1,0,1,0,0,1,1,0,1,0,0,1,0,1,0,0,1,1,1,1,0,0,0,0,1,1,1,1,1,1,1,0.3333333333333333,544.9389711393544,1
94,0,0,0,0,1,1,0,0,1,0,0,0,0,1,1,0,1,0,0,0,0,1,1,0,1,0,1,1,0,0,1,0,1,1,0,1,0,1,1,0,0,0,0,1,1,0,1,0,0,0,0,0,0,0,0.3148148148148148,346.69827213104577,1
95,1,1,1,0,0,0,1,0,0,0,1,1,1,0,0,1,0,0,0,1,1,0,0,1,0,1,0,0,1,1,0,1,0,0,1,0,1,0,0,0,1,1,1,0,0,0,0,1,1,1,1,1,1,1,0.2777777777777778,549.5139353987873,1
96,1,1,1,1,0,1,1,0,0,0,1,1,0,0,0,1,0,0,0,1,1,0,0,1,0,1,0,0,1,1,1,0,1,0,1,0,1,0,0,0,1,1,1,0,0,0,0,1,1,1,1,1,1,0,0.35185185185185186,499.80983677798355,1
97,1,1,1,1,0,1,1,0,1,0,1,1,0,0,0,1,0,0,0,1,1,0,0,1,0,1,0,0,1,1,0,0,0,0,1,0,1,0,0,0,1,1,1,0,0,0,0,1,1,1,1,1,1,0,0.37037037037037035,515.1362410229017,1
98,0,1,1,1,0,1,1,0,0,1,1,1,1,0,0,1,0,0,0,1,1,0,0,1,1,1,0,0,1,1,0,1,1,0,1,0,1,0,0,0,1,1,1,0,0,0,0,1,1,1,0,1,1,0,0.2962962962962963,458.1953746407834,1
99,0,0,0,1,1,1,0,1,1,0,0,0,0,1,1,0,1,1,1,0,0,1,1,0,1,0,1,0,0,0,1,0,1,1,0,1,0,1,1,1,0,1,0,1,1,0,1,0,0,0,0,0,0,0,0.37037037037037035,477.8057220833308,1
