,0,1,2,3,4,5,6,7,8,9,10,11,12,13,14,15,16,17,18,19,20,21,22,23,24,25,26,27,28,29,30,31,32,33,34,35,chain_break_fraction,energy,num_occurrences
0,0,1,1,0,0,0,1,1,0,0,1,0,0,0,1,1,0,0,1,1,1,0,1,0,1,0,0,0,0,0,1,1,0,0,0,1,0.25,7.659198783261784,1
1,0,1,1,0,0,0,1,1,0,0,1,0,0,1,1,1,0,0,1,1,1,0,1,0,1,1,0,0,0,0,1,1,0,0,0,1,0.2222222222222222,14.805697791621077,1
2,0,1,1,0,0,0,1,1,0,0,1,0,0,0,1,1,0,0,1,1,1,0,1,0,1,0,0,0,0,0,1,1,0,0,0,1,0.2777777777777778,7.659198783261784,1
3,0,1,1,0,0,0,1,1,0,0,1,0,0,0,1,1,0,0,1,1,0,0,1,0,1,1,0,0,0,0,1,1,0,0,0,1,0.2777777777777778,12.42205803328618,1
4,0,1,1,0,0,0,0,1,0,1,1,0,0,0,1,1,0,0,1,1,1,0,1,0,1,0,0,0,0,0,1,1,0,0,0,1,0.2777777777777778,8.028682292379134,1
5,0,1,1,0,0,0,1,1,0,0,1,0,0,0,1,1,0,0,1,1,1,0,1,0,1,0,0,0,0,0,1,1,0,0,0,1,0.2222222222222222,7.659198783261784,1
6,0,1,1,0,0,0,1,0,0,0,1,0,0,0,1,1,0,0,1,1,0,0,1,0,1,0,0,0,0,0,1,1,0,0,0,1,0.19444444444444445,6.934806994906486,1
7,0,1,1,0,0,0,1,1,0,0,0,0,0,0,1,1,0,0,1,1,1,0,1,0,1,0,0,0,0,0,1,1,0,0,0,1,0.2222222222222222,8.233147239259786,1
8,0,1,1,0,0,0,1,0,1,0,1,0,0,0,1,1,0,0,1,1,0,0,1,0,1,0,0,0,0,0,1,1,0,0,0,1,0.19444444444444445,5.933158951876352,1
9,0,1,1,0,0,0,1,1,0,0,1,0,0,0,1,1,0,0,1,1,0,1,1,0,1,0,0,0,0,0,1,1,0,0,0,1,0.2222222222222222,10.11785179004271,1
10,0,1,1,0,0,0,1,0,0,0,1,0,0,0,1,1,0,0,1,1,1,0,1,0,1,0,0,0,0,0,1,1,0,0,0,1,0.2222222222222222,8.486721778897891,1
11,0,1,0,0,0,0,1,1,0,0,1,0,0,1,1,1,0,0,1,1,1,0,1,0,1,0,0,0,0,0,1,1,0,0,0,1,0.25,9.774627512532344,1
12,0,1,1,0,0,0,1,1,0,0,1,0,0,0,1,1,0,0,1,1,0,0,1,0,1,0,0,0,0,0,0,1,0,0,0,1,0.16666666666666666,6.296875415401274,1
13,0,1,1,0,0,0,1,1,0,1,0,0,0,1,1,1,0,0,1,1,1,0,1,0,1,0,0,0,0,0,1,1,0,0,0,1,0.2222222222222222,11.731462368026389,1
14,0,1,1,0,0,0,1,1,0,0,1,0,0,0,1,1,0,0,1,1,1,0,1,0,1,0,0,0,0,0,1,1,0,0,0,1,0.25,7.659198783261784,1
15,0,1,1,0,0,0,1,0,0,0,1,0,0,0,1,1,0,0,1,1,0,0,1,0,1,0,0,0,0,0,0,1,0,0,0,1,0.19444444444444445,5.030750710947142,1
16,0,1,1,0,0,0,0,1,0,0,1,0,0,0,1,1,0,0,1,1,0,0,1,0,1,0,0,0,0,0,1,1,0,0,0,1,0.2777777777777778,7.067676385693673,1
17,0,1,1,0,0,0,0,1,0,0,0,0,0,0,1,1,0,0,1,1,1,0,1,0,1,0,0,0,0,0,1,1,0,0,0,1,0.19444444444444445,9.146909265704759,1
18,0,1,0,0,0,0,1,0,0,0,1,0,0,0,1,1,0,0,1,1,1,0,1,0,1,0,0,0,0,0,0,1,0,0,0,1,0.19444444444444445,6.992076015631531,1
19,0,1,0,0,0,0,1,1,0,0,1,0,0,1,1,1,0,0,1,1,1,0,1,0,1,0,0,0,0,0,1,1,0,0,0,1,0.2777777777777778,9.774627512532344,1
20,0,1,1,0,0,0,1,1,0,0,1,0,0,1,1,1,0,0,1,1,0,0,1,0,1,1,0,0,0,0,1,1,0,0,0,1,0.2777777777777778,14.046398575119273,1
21,0,1,1,0,0,0,0,1,0,0,1,0,0,0,1,1,0,0,1,1,1,0,1,0,1,0,0,0,0,0,0,1,0,0,0,1,0.2222222222222222,6.161941253647225,1
22,1,1,1,0,0,0,0,1,0,0,1,0,0,0,1,1,0,0,1,1,1,0,1,0,1,0,0,0,1,0,1,1,0,0,0,1,0.25,7.767311351983335,1
23,0,1,0,0,0,0,0,1,0,0,1,0,0,0,1,1,1,0,1,1,0,0,1,0,0,0,0,0,0,0,1,1,0,0,0,1,0.19444444444444445,5.54407745879438,1
24,0,1,1,0,0,0,1,1,0,0,1,0,0,0,1,1,0,0,1,1,1,0,1,0,1,0,0,0,0,0,1,1,0,0,0,1,0.25,7.659198783261784,1
25,0,1,1,0,0,0,0,1,0,0,1,0,0,0,1,1,0,0,0,1,1,0,1,0,1,0,0,0,0,0,1,1,0,0,0,1,0.2777777777777778,6.972582946099662,1
26,0,1,1,0,0,0,0,1,0,0,1,0,0,1,1,1,0,0,1,1,0,0,1,0,1,0,0,1,0,0,1,1,0,0,0,1,0.2222222222222222,9.848369371341875,1
27,0,1,0,0,0,0,1,0,0,0,1,0,0,0,1,1,0,0,1,1,0,0,1,0,1,0,0,0,0,0,0,1,0,0,0,1,0.16666666666666666,5.447289580657104,1
28,0,1,1,0,0,0,0,0,0,1,0,0,0,0,1,1,0,0,1,1,1,0,1,0,1,0,0,0,0,0,1,1,0,0,0,1,0.2777777777777778,9.930063385152845,1
29,0,1,0,0,0,0,1,0,0,0,1,0,0,1,1,1,0,0,1,1,1,0,1,0,1,0,0,0,0,0,1,1,0,0,0,1,0.2222222222222222,8.047946192136873,1
30,0,1,0,0,0,0,1,0,0,0,1,0,0,0,1,1,0,0,0,1,1,0,1,0,1,0,0,0,0,0,1,1,0,0,0,1,0.25,7.7925212987827,1
31,0,1,1,0,0,0,1,1,0,1,1,0,0,0,1,1,0,1,1,1,0,1,1,0,1,0,0,0,0,0,1,1,0,0,0,1,0.25,12.028650901369101,1
32,0,1,0,0,0,0,1,1,0,0,1,0,0,0,1,1,0,0,0,1,0,0,1,0,1,0,0,0,0,0,1,1,0,0,0,1,0.25,6.927622068514195,1
33,0,1,1,0,0,0,0,0,0,1,1,0,1,0,1,1,0,0,1,1,0,0,1,0,1,0,0,0,1,0,0,1,0,0,0,1,0.1388888888888889,5.569952322828965,1
34,0,1,1,0,0,0,0,1,0,0,1,0,0,0,1,1,0,0,0,1,1,0,1,0,1,0,0,0,0,0,0,1,0,0,0,1,0.19444444444444445,5.5817137339332525,1
35,0,1,1,0,0,0,1,1,1,0,1,0,0,0,1,1,0,0,1,1,0,0,1,0,1,0,0,0,0,0,1,1,0,0,0,1,0.19444444444444445,7.1989436990665485,1
36,0,1,1,0,0,0,1,1,0,0,1,0,0,0,1,1,0,0,1,1,1,0,1,0,1,0,0,0,0,0,1,1,1,0,0,1,0.2777777777777778,9.333509181493207,1
37,0,1,1,0,0,0,1,0,0,0,1,0,0,0,1,1,0,0,1,1,1,0,1,0,1,0,0,0,0,0,1,1,0,0,0,1,0.25,8.486721778897891,1
38,0,1,1,0,0,0,0,1,1,0,1,0,0,0,1,1,0,0,1,1,1,0,1,0,1,0,0,0,0,0,0,1,0,0,0,1,0.2222222222222222,5.639814887835964,1
39,0,1,1,0,0,0,0,1,0,0,1,0,0,0,1,1,0,0,0,1,1,0,1,0,1,0,0,0,0,0,1,1,0,0,0,1,0.3055555555555556,6.972582946099662,1
40,0,1,1,0,0,0,0,1,0,1,1,0,0,0,1,1,0,0,1,1,0,0,1,0,1,0,0,0,0,0,1,1,0,0,0,0,0.19444444444444445,7.256750134366632,1
41,0,1,0,0,0,0,1,1,1,0,1,0,0,0,1,1,0,0,1,1,0,1,1,0,1,0,0,0,0,0,1,1,0,0,0,1,0.2777777777777778,9.649197649511589,1
42,0,1,1,0,0,0,1,0,0,0,1,0,0,1,1,1,0,0,1,1,1,0,1,0,1,0,0,1,0,0,1,1,0,0,0,1,0.2777777777777778,11.3715252135189,1
43,0,1,0,0,0,0,1,0,0,1,1,0,0,0,1,1,1,0,1,1,1,1,1,0,1,0,0,0,0,0,1,1,0,0,0,1,0.2222222222222222,11.948616208728959,1
44,0,1,1,0,0,0,1,1,0,0,0,0,0,0,1,1,0,0,1,1,1,0,1,0,1,0,0,0,0,0,1,1,0,0,0,1,0.3333333333333333,8.233147239259786,1
45,0,1,1,0,0,0,1,1,0,0,1,0,0,1,1,1,0,0,0,1,1,0,1,0,1,0,0,0,0,0,0,1,0,0,0,1,0.1388888888888889,11.061435974842253,1
46,0,1,1,0,0,0,0,1,0,0,0,0,0,0,1,1,0,0,1,1,0,0,1,0,1,0,0,0,0,0,1,1,0,0,0,1,0.25,7.64159801442242,1
47,0,1,0,0,0,0,1,0,0,0,1,0,0,1,1,1,0,0,1,1,1,0,1,0,1,0,0,0,0,0,1,1,0,0,0,1,0.3055555555555556,8.047946192136873,1
48,0,1,0,0,0,0,1,0,0,0,1,0,0,1,1,1,0,1,1,1,1,0,1,0,1,0,0,1,0,0,1,1,0,0,0,1,0.2222222222222222,10.950084873552264,1
49,0,1,1,0,0,0,1,1,0,0,0,0,0,0,1,1,1,0,1,1,1,0,1,0,1,0,0,0,0,0,1,1,0,0,0,0,0.19444444444444445,4.121303808715911,1
50,0,1,0,0,0,0,1,0,0,0,1,0,1,1,1,1,0,0,1,1,1,0,1,0,1,0,0,0,0,0,1,1,0,0,0,1,0.19444444444444445,8.041583642130446,1
51,0,1,0,0,0,0,1,1,0,1,1,0,0,0,1,1,0,0,1,1,0,1,1,0,1,0,0,0,0,0,1,1,0,0,0,1,0.25,10.106567697086277,1
52,0,1,1,0,0,0,0,1,0,1,1,0,0,0,1,1,0,0,1,1,1,0,1,0,1,0,0,0,0,0,1,1,0,0,0,1,0.3333333333333333,8.028682292379134,1
53,0,1,1,0,1,0,1,1,0,0,1,0,0,0,1,1,0,0,1,1,0,0,1,0,1,0,0,0,0,0,0,1,0,0,0,1,0.2222222222222222,7.253124848161271,1
54,0,1,0,0,0,0,1,0,0,0,1,0,0,1,1,1,0,0,1,1,1,0,1,0,1,0,0,0,0,0,1,1,0,0,0,1,0.2777777777777778,8.047946192136873,1
55,0,1,1,0,0,0,1,1,0,0,1,0,0,1,1,1,0,0,1,1,0,0,1,0,1,0,0,0,0,0,1,1,0,0,0,1,0.2777777777777778,10.932771163390887,1
56,0,1,0,0,0,0,1,0,0,0,1,0,0,0,1,1,1,0,1,0,0,0,1,0,1,0,0,0,0,0,1,1,0,0,0,1,0.1388888888888889,4.164984160809491,1
57,0,1,1,0,0,0,1,1,0,0,1,0,0,0,1,1,0,0,1,1,1,0,1,0,0,0,0,0,0,0,0,1,0,0,0,1,0.2222222222222222,5.493895354355057,1
58,0,1,1,0,0,0,0,1,0,0,1,0,0,0,1,1,0,0,1,0,0,0,1,0,1,0,0,0,0,0,0,1,0,0,0,1,0.19444444444444445,5.676535533981027,1
59,0,1,1,0,0,0,1,1,0,0,1,0,0,1,1,1,1,0,1,1,1,0,1,0,1,0,0,0,0,0,1,1,0,0,0,1,0.25,10.9378095044701,1
60,0,1,0,0,0,0,0,1,0,0,1,0,0,0,1,1,0,0,1,1,1,0,1,0,1,0,0,0,0,0,1,1,0,0,0,1,0.3333333333333333,9.146909265704759,1
61,0,1,0,0,0,0,0,1,1,0,1,0,0,1,1,1,0,0,1,1,1,0,1,0,1,0,0,0,0,0,1,1,0,0,0,1,0.2777777777777778,8.389681297273718,1
62,0,1,1,0,0,0,0,1,0,0,1,0,0,0,1,1,0,0,0,1,1,0,1,0,0,0,0,0,0,0,1,1,0,0,0,1,0.2222222222222222,5.796018440390732,1
63,0,1,1,0,0,0,1,1,0,1,1,0,0,0,1,1,0,0,1,1,1,1,1,0,1,0,0,0,1,0,0,1,0,0,0,1,0.2777777777777778,9.4156790501423,1
64,0,1,0,0,0,0,1,1,0,0,1,0,0,0,1,1,0,1,0,1,1,0,1,0,1,0,0,0,0,0,1,1,0,0,0,1,0.2222222222222222,8.352199248072436,1
65,0,1,0,0,0,0,1,1,0,0,1,0,1,0,1,1,0,0,0,1,0,0,1,0,1,0,0,0,0,0,1,1,0,0,0,1,0.19444444444444445,7.885856319607056,1
66,0,1,1,0,0,0,0,0,0,1,1,0,0,0,1,1,0,0,1,1,1,0,1,0,0,0,0,0,1,0,0,1,0,0,0,1,0.1111111111111111,5.657343660883104,1
67,0,1,1,0,0,0,1,1,1,0,1,0,0,1,1,1,0,0,1,1,1,0,1,0,1,0,0,1,0,0,1,1,0,0,0,1,0.25,11.187118938117408,1
68,0,1,1,0,0,0,1,1,0,1,0,0,0,0,1,1,0,0,1,1,1,0,0,0,1,1,0,0,0,0,0,1,0,0,0,1,0.19444444444444445,10.80301434136796,1
69,0,1,0,0,1,0,1,1,1,0,1,0,0,1,1,1,0,0,1,1,1,0,1,0,1,0,0,1,0,0,1,1,0,0,0,1,0.16666666666666666,11.569293819510069,1
70,0,1,1,0,0,0,0,0,0,0,1,0,0,0,1,1,1,0,1,1,1,0,1,0,1,0,0,0,0,0,1,1,0,0,0,1,0.16666666666666666,8.852963917477943,1
71,0,1,1,0,0,0,1,1,1,0,0,0,0,0,1,1,0,0,1,1,1,0,1,0,1,0,0,0,0,0,1,1,0,0,0,1,0.25,7.211031220962614,1
72,0,1,1,0,0,0,1,1,0,1,0,0,0,1,1,1,0,0,1,1,1,0,1,0,1,0,0,0,1,0,1,1,0,0,0,1,0.2777777777777778,9.908345720304554,1
73,0,1,0,0,0,0,1,1,1,0,1,0,0,0,1,1,0,0,0,1,0,0,1,0,1,0,0,0,0,0,1,1,0,0,0,1,0.19444444444444445,6.926051930382078,1
74,0,1,0,0,0,0,0,1,1,0,1,0,0,1,1,1,0,0,0,1,0,0,1,0,1,1,0,0,0,0,1,1,0,0,0,1,0.19444444444444445,12.021267765553267,1
75,0,1,0,0,0,0,0,1,0,0,1,0,0,0,1,1,0,0,1,0,1,0,1,0,1,1,0,0,0,0,1,1,0,0,0,1,0.2222222222222222,11.890929308771998,1
76,0,1,1,0,0,0,1,1,0,0,1,0,0,0,1,1,1,0,1,1,0,0,1,0,1,0,0,0,0,0,0,1,0,0,0,1,0.25,6.8609770623907185,1
77,0,1,1,0,0,0,1,1,0,0,0,0,0,1,1,1,0,0,1,1,0,0,1,0,1,1,0,0,0,0,1,1,0,0,0,1,0.3055555555555556,14.124996048146544,1
78,0,1,0,0,0,0,1,1,0,0,1,0,0,1,1,1,0,0,1,1,0,0,1,0,1,0,0,1,0,0,0,1,0,0,0,1,0.2222222222222222,9.086927652325294,1
79,0,1,1,0,0,0,1,1,1,0,1,0,0,0,1,1,0,1,1,1,1,0,1,0,1,0,0,1,0,0,1,1,0,0,0,1,0.3333333333333333,10.086302859681247,1
80,0,1,1,0,0,0,1,0,0,1,0,0,0,1,1,1,0,0,1,1,1,0,1,0,0,0,0,0,0,0,1,1,0,0,0,1,0.2222222222222222,7.150376928681075,1
81,0,1,1,0,0,0,1,0,0,0,0,0,0,1,1,1,0,0,1,1,1,0,1,0,0,0,0,0,0,0,0,1,0,0,0,1,0.16666666666666666,4.7242585557614,1
82,0,1,0,0,0,0,1,1,0,0,1,0,0,1,1,1,0,0,1,1,0,0,1,0,1,1,0,0,0,0,1,1,0,0,0,1,0.2777777777777778,14.12499604814654,1
83,0,1,0,0,0,0,1,0,0,1,1,0,0,1,1,1,1,0,1,1,1,0,1,0,0,0,0,0,0,0,1,1,0,0,0,1,0.19444444444444445,7.854146489570459,1
84,0,1,1,0,0,0,1,0,0,0,1,0,0,0,1,1,0,0,0,1,1,0,1,0,1,1,0,0,0,0,0,1,0,0,0,1,0.1388888888888889,11.029532222073719,1
85,0,1,1,0,0,0,0,1,0,0,1,0,0,1,1,1,0,0,1,0,0,0,1,0,0,0,0,0,0,0,1,1,0,0,0,1,0.19444444444444445,11.692883156852641,1
86,0,1,0,0,0,0,0,1,1,0,0,0,0,1,1,1,0,0,1,1,1,0,1,0,1,0,0,0,0,0,0,1,0,0,0,1,0.3055555555555556,7.238065680813948,1
87,0,1,1,0,1,0,0,1,0,0,1,0,0,0,1,1,1,0,1,0,1,0,1,0,1,0,0,0,1,0,1,1,0,0,0,0,0.1388888888888889,3.9211766216579313,1
88,0,1,0,0,0,0,1,0,0,1,1,0,0,0,1,1,0,0,1,1,0,0,1,0,1,0,1,0,1,0,1,1,0,0,0,1,0.1111111111111111,8.70482335592521,1
89,0,1,1,0,1,0,1,0,1,0,1,0,0,1,1,1,0,0,0,1,1,0,1,0,1,0,0,0,0,0,1,1,1,0,0,1,0.1111111111111111,7.704772707356595,1
90,0,1,1,0,0,0,1,0,0,0,1,0,0,0,1,1,0,0,1,1,1,0,1,0,1,0,0,0,0,0,0,1,0,0,0,1,0.19444444444444445,6.075509790025395,1
91,1,0,0,1,1,1,0,1,1,0,0,1,1,0,0,0,1,1,0,1,0,0,0,1,0,0,1,0,1,1,0,0,1,1,1,0,0.25,25.784052506695534,1
92,1,0,0,1,1,1,0,0,1,1,0,1,1,0,0,0,1,1,0,1,0,0,0,1,0,0,1,1,0,1,0,0,1,1,1,0,0.3055555555555556,28.62462263363786,1
93,1,0,0,1,1,1,0,1,1,1,0,1,1,1,0,0,0,1,0,0,0,0,0,1,0,0,1,1,1,1,0,0,1,1,1,0,0.25,31.883156283277152,1
94,0,1,0,0,0,0,0,1,0,0,1,0,0,0,1,0,0,0,1,1,0,0,1,0,0,0,1,0,0,0,1,1,0,0,0,1,0.16666666666666666,9.828410934784827,1
95,0,1,0,0,0,0,1,1,0,0,1,0,0,0,1,1,0,0,1,1,1,0,1,0,1,0,0,0,0,0,0,1,1,1,0,1,0.16666666666666666,15.147773210241812,1
96,0,1,1,0,0,0,1,1,0,0,1,0,0,0,1,1,0,0,1,1,1,0,1,0,1,0,0,0,0,0,0,1,0,0,0,1,0.3055555555555556,6.248372717269053,1
97,1,0,0,1,1,0,0,0,1,1,0,1,1,0,0,0,1,1,0,0,0,0,0,1,0,0,1,1,1,1,0,0,0,1,1,0,0.19444444444444445,18.5787413534935,1
98,0,1,0,0,0,0,1,0,0,1,1,0,0,1,1,1,0,0,1,1,1,0,1,0,1,0,0,0,0,0,0,1,0,0,0,0,0.3055555555555556,6.799604991437498,1
99,0,0,0,1,1,0,0,1,1,1,0,0,0,0,0,0,0,0,0,0,0,0,0,1,0,0,1,0,1,0,0,0,1,0,1,0,0.027777777777777776,4.769600258703587,1
