,0,1,2,3,4,5,6,7,8,9,10,11,12,13,14,15,16,17,18,19,20,21,22,23,24,25,26,27,28,29,30,31,32,33,34,35,chain_break_fraction,energy,num_occurrences
0,0,0,1,0,0,1,1,0,0,1,0,0,1,0,0,1,1,0,0,1,1,1,0,1,1,0,0,0,0,0,0,1,0,0,0,1,0.19444444444444445,19.353268143307087,1
1,0,0,1,0,0,1,1,0,0,1,0,0,1,0,0,1,1,0,0,1,1,1,0,1,1,0,0,0,0,0,0,1,1,0,0,1,0.25,20.689557022813137,1
2,0,0,1,0,0,0,1,0,0,1,0,0,1,1,0,1,1,0,0,1,1,1,1,0,1,0,0,0,0,0,0,1,0,0,1,1,0.25,17.670369052261194,1
3,0,0,1,0,0,0,1,0,0,1,0,1,1,0,0,1,1,0,0,1,1,1,0,1,1,0,0,0,0,0,0,1,0,0,0,1,0.2222222222222222,19.353268143307083,1
4,0,0,1,0,0,1,1,0,0,1,0,0,1,0,0,1,1,0,0,1,1,1,1,1,1,0,0,0,0,0,0,1,1,0,1,1,0.2777777777777778,29.98447306900095,1
5,0,0,1,0,0,0,1,0,0,1,0,0,1,0,0,0,1,0,0,1,1,1,0,0,1,0,0,0,0,0,0,1,0,0,0,0,0.16666666666666666,9.779483680050618,1
6,0,0,1,0,0,1,1,0,0,1,0,0,1,1,0,1,1,0,0,1,1,1,1,1,1,0,0,0,0,0,0,1,1,0,0,1,0.2222222222222222,25.972779928751436,1
7,0,0,1,0,0,1,1,0,0,1,0,0,1,1,0,0,1,0,0,1,1,1,1,0,1,0,0,0,0,0,0,1,0,0,1,0,0.2222222222222222,16.42456535306155,1
8,0,0,1,1,0,0,1,0,0,1,0,0,1,1,0,1,1,0,0,1,1,1,1,0,1,0,0,0,0,0,0,1,0,0,0,1,0.25,17.293977923083226,1
9,0,0,1,0,0,0,1,0,0,1,1,0,1,1,0,1,1,0,0,1,1,1,0,1,1,0,0,0,0,0,0,1,0,0,0,1,0.2222222222222222,20.010032250788967,1
10,0,0,1,0,0,1,1,0,0,1,0,0,1,0,0,1,1,0,0,1,1,1,1,0,1,0,0,0,0,0,0,1,1,0,0,1,0.25,15.24991825638017,1
11,0,0,1,0,0,1,1,0,0,1,0,0,1,1,0,0,1,0,0,1,1,1,1,0,1,0,0,0,0,0,0,1,1,0,0,0,0.2777777777777778,15.54559716301057,1
12,0,0,1,0,0,0,1,0,0,1,0,0,1,0,0,1,1,0,0,1,1,1,0,1,1,0,0,0,0,0,0,1,0,0,0,1,0.2222222222222222,21.196289306433627,1
13,0,0,1,0,0,1,1,0,0,1,0,0,1,0,0,1,1,0,0,1,1,1,1,1,1,0,0,0,0,0,0,1,1,0,1,1,0.25,29.98447306900095,1
14,0,0,1,0,0,0,1,0,0,1,0,1,1,0,0,1,1,0,0,1,1,1,0,1,1,0,0,0,0,0,0,1,1,0,0,1,0.2222222222222222,20.689557022813133,1
15,1,0,1,0,0,1,1,0,0,1,0,0,1,0,0,1,1,0,0,1,1,1,1,1,1,0,0,0,0,0,0,1,1,0,0,1,0.2222222222222222,23.657632126452533,1
16,0,0,1,0,0,0,1,0,0,1,0,0,1,1,0,0,1,0,0,1,1,1,0,0,1,0,0,0,0,0,0,1,1,0,0,0,0.25,11.670315114747144,1
17,0,0,1,0,0,0,1,0,0,1,0,0,1,0,0,1,1,0,0,1,1,1,1,0,1,0,0,0,0,0,0,1,0,0,1,1,0.2777777777777778,18.12929129492999,1
18,0,0,1,0,0,0,1,0,0,1,0,0,1,0,0,0,1,0,0,1,1,1,1,0,1,0,0,0,0,0,0,1,1,0,0,1,0.25,24.21749670812751,1
19,0,0,1,0,0,0,1,0,0,1,0,0,1,1,0,0,1,0,0,1,1,1,0,0,1,0,0,0,0,0,0,1,0,0,1,0,0.2222222222222222,12.400243519650887,1
20,0,0,1,0,0,0,1,0,0,1,0,1,1,0,0,1,1,0,0,1,1,1,0,1,1,0,0,0,0,0,0,1,1,0,0,1,0.25,20.689557022813133,1
21,0,0,1,0,0,1,1,0,0,1,0,0,1,0,0,1,1,0,0,1,1,1,0,1,1,0,0,0,0,0,0,1,1,0,1,1,0.2222222222222222,23.794126547128556,1
22,1,0,1,0,0,0,1,0,0,1,0,0,1,0,0,1,1,0,0,1,1,1,0,1,1,0,0,0,0,0,1,1,0,0,0,1,0.3055555555555556,24.245178932480044,1
23,0,0,1,1,0,1,1,0,0,1,0,0,1,0,0,0,1,0,0,1,1,1,1,0,1,0,0,0,0,0,0,1,1,0,0,1,0.25,18.812768568117225,1
24,0,1,0,1,1,0,0,1,1,0,0,0,0,1,1,0,0,1,1,0,0,1,0,0,0,1,1,1,1,1,0,0,0,1,1,1,0.3055555555555556,25.987327540919587,1
25,0,0,1,0,0,0,0,1,0,1,0,0,1,1,0,0,1,0,0,1,1,1,0,0,1,0,0,0,0,0,0,1,0,0,0,1,0.19444444444444445,15.951445058392645,1
26,0,0,0,0,0,1,1,0,0,1,0,0,1,1,0,0,1,0,0,1,1,1,1,0,1,0,0,0,0,0,0,1,0,0,0,0,0.19444444444444445,15.973772211710461,1
27,1,0,1,0,0,1,1,0,0,1,0,0,1,0,0,0,1,0,0,1,1,1,0,1,1,0,0,0,0,0,0,1,1,0,0,1,0.2222222222222222,23.914514502818943,1
28,0,0,1,0,0,0,1,0,0,1,0,0,1,0,0,1,1,0,0,1,1,1,0,1,1,0,0,0,0,0,0,1,1,0,0,1,0.2777777777777778,23.543988718871933,1
29,0,0,1,0,0,1,1,0,0,1,0,0,1,1,0,0,1,0,0,1,1,1,0,0,1,0,0,0,0,0,0,1,1,0,0,0,0.2222222222222222,13.307113255209789,1
30,0,0,1,0,0,0,1,0,0,1,0,0,1,0,0,1,1,0,0,0,1,1,1,1,1,0,0,0,0,0,0,1,0,0,1,1,0.19444444444444445,22.490447430684753,1
31,0,0,1,0,0,1,1,0,0,1,0,0,1,0,0,1,1,0,0,0,1,1,0,1,1,0,0,0,0,0,1,1,1,0,0,1,0.25,19.45198325220321,1
32,0,0,1,0,0,1,1,0,0,1,1,0,1,0,0,1,1,0,0,1,1,1,1,0,1,0,0,0,0,0,0,1,1,0,0,1,0.19444444444444445,15.369632902990537,1
33,0,0,1,0,0,1,1,0,0,1,0,0,1,0,0,1,1,0,0,1,1,1,0,1,1,0,0,0,0,0,0,1,0,0,1,1,0.3055555555555556,21.95739913973093,1
34,1,1,0,1,1,0,0,0,1,0,0,0,0,1,1,0,0,1,1,0,0,0,0,0,0,1,1,1,1,1,0,0,1,1,1,1,0.2222222222222222,20.383007044835505,1
35,0,0,1,0,0,1,1,0,0,1,0,0,1,0,0,0,1,0,0,1,1,1,0,1,1,0,0,0,0,0,0,1,1,0,1,1,0.25,32.1144448889787,1
36,0,0,1,0,0,1,0,0,0,1,0,0,1,1,0,0,1,0,0,1,1,1,0,0,1,0,0,0,0,0,1,1,0,0,0,0,0.2777777777777778,15.7229594036449,1
37,0,0,1,0,0,0,0,0,0,1,0,0,1,0,0,1,1,0,0,1,0,1,0,1,1,0,0,0,0,0,0,1,0,0,0,1,0.25,18.958987309581147,1
38,1,0,1,0,0,0,1,0,0,1,0,0,1,0,0,1,1,0,0,1,1,1,0,1,1,0,0,0,0,0,0,1,1,0,1,1,0.3611111111111111,24.218981478009525,1
39,1,1,0,1,1,0,0,1,1,0,1,0,0,0,1,1,0,0,1,0,0,1,0,0,0,1,1,1,1,1,0,0,0,1,1,1,0.3333333333333333,22.090166042228866,1
40,0,0,1,0,0,1,0,1,0,1,0,0,1,0,0,1,1,0,0,1,1,1,0,1,1,0,0,0,0,0,0,1,0,0,0,1,0.2222222222222222,19.853064841503933,1
41,0,0,1,0,0,1,1,0,0,1,0,0,1,0,0,1,1,0,0,0,1,1,0,1,1,0,0,0,0,0,0,1,1,0,0,1,0.25,15.429166760817344,1
42,0,0,1,0,0,1,1,0,0,1,0,0,1,0,0,0,1,0,0,1,1,1,0,1,1,0,0,0,0,0,1,1,1,0,0,1,0.3055555555555556,33.82295648444986,1
43,0,0,1,0,0,1,1,0,0,1,0,0,1,1,0,0,1,0,0,1,1,1,0,0,1,0,0,0,0,0,0,1,1,0,1,1,0.2777777777777778,18.661730934878165,1
44,0,0,1,0,0,1,1,0,0,1,0,0,1,1,0,0,1,0,0,1,1,1,0,0,1,0,0,0,0,0,0,1,1,0,0,0,0.2777777777777778,13.307113255209789,1
45,1,1,0,1,1,0,0,1,1,0,1,0,0,0,1,1,0,1,1,0,0,1,0,0,0,1,1,1,1,1,0,0,0,1,1,1,0.3333333333333333,22.542385015762395,1
46,0,0,1,0,0,0,1,0,0,1,0,1,1,1,0,0,1,0,0,1,1,1,0,1,1,0,0,0,0,0,0,1,0,0,0,0,0.19444444444444445,19.448465199346444,1
47,0,0,1,0,0,0,1,0,0,1,0,0,1,0,0,1,1,0,1,1,1,1,0,1,1,0,0,0,0,0,0,1,0,0,0,1,0.2777777777777778,25.332595590387356,1
48,0,0,1,0,0,0,1,0,0,1,0,1,1,1,0,0,1,0,0,1,1,1,0,0,1,0,0,0,0,0,0,1,1,0,1,0,0.25,13.758652481765909,1
49,1,0,1,0,0,1,1,0,0,1,0,0,1,0,0,1,1,0,0,1,1,1,0,1,1,0,0,0,0,0,0,1,1,0,0,1,0.2777777777777778,18.740978643648113,1
50,0,0,1,0,0,0,1,0,0,1,0,0,1,0,0,1,1,0,0,1,1,1,1,0,1,0,0,0,0,0,0,1,1,0,1,1,0.3333333333333333,20.46465362784796,1
51,1,1,0,1,1,0,0,1,1,0,0,0,0,0,1,1,0,1,1,0,0,1,0,0,0,1,1,1,1,1,0,0,1,1,1,1,0.2777777777777778,25.64560154648864,1
52,0,0,1,0,0,1,1,0,0,1,0,0,1,0,0,0,1,0,0,1,1,1,0,0,1,0,0,0,0,0,0,1,1,0,0,1,0.3055555555555556,15.581035810861678,1
53,0,0,0,0,0,0,1,0,0,1,0,0,1,1,0,0,1,0,0,1,1,1,0,1,1,0,0,0,0,0,0,1,0,0,0,1,0.2222222222222222,28.874919899481156,1
54,0,0,1,0,0,0,1,0,0,1,0,0,1,0,0,1,1,0,0,1,1,1,0,0,1,0,0,0,0,0,1,1,0,0,0,1,0.25,15.175565158133034,1
55,0,0,1,0,0,1,0,0,0,1,0,0,1,0,0,1,1,0,0,1,1,1,0,1,1,0,0,0,0,0,0,1,1,0,0,1,0.2777777777777778,22.708448346493054,1
56,1,0,1,0,0,0,0,0,0,1,0,0,1,0,0,1,1,0,0,1,1,1,1,0,1,0,0,0,0,0,0,1,0,0,0,1,0.19444444444444445,14.74990405318623,1
57,0,0,1,0,0,1,1,0,0,1,0,0,1,0,0,0,1,0,0,1,1,1,0,1,1,0,0,0,0,0,0,1,1,0,0,1,0.25,27.075649593253793,1
58,1,1,0,1,1,0,0,1,1,0,1,0,0,0,1,1,0,1,1,0,0,1,0,0,0,1,1,1,1,1,0,0,0,1,1,1,0.3611111111111111,22.542385015762395,1
59,1,1,0,1,1,0,0,1,1,0,0,0,0,0,1,0,0,1,1,0,0,1,0,0,0,1,1,1,1,1,0,0,1,1,0,1,0.3333333333333333,27.479234811277554,1
60,0,0,1,0,0,1,1,0,0,1,0,0,1,0,0,0,1,0,0,0,1,1,0,1,1,0,0,0,0,0,0,1,1,0,0,1,0.25,18.94930565605938,1
61,1,1,0,1,1,0,0,1,1,0,1,0,0,1,1,1,0,1,1,0,0,1,0,0,0,1,1,1,0,1,0,0,0,1,1,1,0.3055555555555556,22.19759384486945,1
62,1,0,1,0,0,0,1,0,0,1,0,0,1,0,0,1,1,0,0,0,1,0,0,1,1,0,0,0,0,0,1,1,0,0,0,1,0.16666666666666666,11.127317140414165,1
63,1,0,1,0,0,0,0,0,0,1,0,0,1,1,0,0,1,0,0,1,1,1,0,0,1,0,0,0,0,0,0,1,0,0,0,0,0.2222222222222222,10.897077637630261,1
64,0,0,1,0,0,0,0,0,0,1,1,0,1,1,0,0,1,0,0,1,1,0,0,0,1,0,0,0,0,0,0,1,1,0,0,0,0.16666666666666666,7.816064976775313,1
65,0,0,1,0,0,1,1,0,0,1,0,0,1,0,0,0,1,0,0,1,1,1,0,1,1,0,0,0,0,0,0,1,1,0,0,1,0.25,27.075649593253793,1
66,0,0,1,0,0,0,1,1,0,1,0,0,1,0,0,1,1,0,0,1,1,1,1,0,1,0,0,0,0,0,0,1,1,0,0,1,0.19444444444444445,15.972707219304596,1
67,0,0,1,0,0,1,0,0,0,1,0,0,1,0,0,0,1,0,0,1,0,1,0,1,1,0,0,0,0,0,0,1,1,0,0,1,0.25,24.77762059554993,1
68,1,0,1,0,0,0,1,0,0,1,1,0,1,0,0,1,1,0,0,1,1,1,0,1,1,0,0,0,0,0,0,1,1,0,0,1,0.25,18.66805861074859,1
69,0,0,0,0,0,0,1,0,0,1,0,0,1,0,0,0,1,0,0,1,1,1,0,1,1,0,0,0,0,0,0,1,1,0,0,1,0.25,36.34027841641277,1
70,0,0,1,0,0,0,1,0,0,1,0,0,1,1,0,0,1,0,0,1,1,1,0,0,1,0,0,0,0,0,0,1,1,0,1,0,0.2777777777777778,13.222157237115804,1
71,0,0,1,0,0,1,1,0,0,1,0,0,1,0,0,0,1,0,0,1,1,1,0,0,1,0,0,0,0,0,1,1,1,0,0,0,0.16666666666666666,13.752167621486773,1
72,0,0,1,0,0,0,1,0,0,1,0,0,1,0,0,1,1,0,0,1,0,1,0,1,1,0,0,0,0,0,0,1,1,0,1,1,0.25,22.353014539729838,1
73,1,0,1,0,0,0,1,0,0,1,0,0,1,0,0,0,1,0,0,1,1,1,0,1,1,0,0,0,0,0,0,1,1,0,1,1,0.3333333333333333,33.45532640788036,1
74,0,0,1,0,0,1,1,0,0,1,0,0,1,1,0,0,1,0,0,1,1,1,0,0,1,0,0,0,0,0,0,1,0,0,0,0,0.16666666666666666,13.9970485985687,1
75,1,0,1,0,0,1,1,0,0,1,0,0,1,0,0,0,1,0,0,0,1,1,0,1,1,0,0,0,0,0,1,1,1,0,0,1,0.25,22.08838454804823,1
76,0,1,0,1,0,0,0,1,1,0,1,0,0,1,1,0,0,1,1,0,0,1,0,0,0,1,1,1,1,1,0,0,0,1,1,1,0.4166666666666667,25.987327540919583,1
77,0,0,1,0,0,1,1,0,0,1,0,0,1,0,0,1,1,0,0,1,1,1,0,1,1,0,0,0,1,0,0,1,1,0,1,1,0.3611111111111111,29.123088086862438,1
78,1,0,1,0,0,0,1,0,0,1,0,0,1,0,0,0,1,0,0,1,0,0,0,1,1,0,0,0,0,0,0,1,0,0,0,1,0.16666666666666666,12.692341119333994,1
79,1,1,0,1,1,0,1,0,1,0,0,0,0,1,1,0,0,1,1,0,0,1,0,0,0,1,1,1,0,1,1,0,1,1,1,0,0.25,22.822482530030992,1
80,1,1,0,1,1,0,0,1,1,0,1,0,0,1,1,1,0,1,1,0,0,1,0,0,0,1,1,1,1,1,0,0,1,1,1,1,0.3888888888888889,25.96983093808555,1
81,1,1,0,1,1,0,0,0,1,0,0,1,0,0,1,1,0,1,1,0,0,1,0,0,0,1,1,1,0,1,0,0,0,1,1,1,0.2222222222222222,20.888306451822277,1
82,0,0,1,0,0,0,1,0,0,1,1,0,1,1,0,1,1,0,0,1,1,1,1,0,1,0,0,0,0,0,0,1,0,0,0,1,0.19444444444444445,15.543646069644566,1
83,0,1,0,1,1,0,0,1,1,0,1,0,0,1,1,0,0,1,1,0,0,1,0,0,0,1,1,1,1,1,0,0,0,1,1,1,0.3888888888888889,25.473597831993153,1
84,0,1,0,1,1,0,0,1,1,0,1,0,0,1,1,1,0,1,1,0,0,1,0,0,0,1,1,1,1,1,0,0,0,1,1,1,0.3333333333333333,23.58945527783377,1
85,0,0,1,0,0,0,0,0,0,1,0,0,1,0,0,0,1,0,0,0,0,1,0,1,1,0,0,0,0,0,0,1,0,0,0,1,0.2222222222222222,17.380433442085934,1
86,0,1,0,1,1,0,1,1,1,0,1,0,0,1,1,0,0,1,1,0,0,1,0,0,0,1,1,1,0,1,0,0,0,1,1,1,0.3055555555555556,22.123880838310523,1
87,0,0,1,0,0,0,1,0,0,1,0,0,1,0,0,0,1,0,1,1,1,1,0,1,1,0,0,0,0,0,0,1,0,0,0,1,0.3055555555555556,34.280039653265064,1
88,0,0,1,0,0,1,1,0,0,1,0,1,1,0,0,0,1,0,0,1,1,1,0,1,1,0,0,0,0,0,1,1,1,0,1,1,0.3333333333333333,36.43528065517282,1
89,1,0,1,0,0,0,0,0,0,1,0,0,1,1,0,0,1,0,0,1,1,1,1,0,1,0,0,0,0,0,0,1,1,0,0,0,0.2777777777777778,14.54660035470901,1
90,1,0,1,0,0,0,1,0,0,1,0,0,1,0,0,0,1,0,0,1,1,1,1,1,1,0,0,0,0,0,1,1,1,0,0,1,0.3333333333333333,43.533622930004505,1
91,0,0,1,0,0,1,1,0,0,1,0,0,1,0,0,0,1,0,0,1,1,1,1,0,1,0,0,0,0,0,0,1,1,0,1,1,0.3333333333333333,24.61643024234322,1
92,0,1,0,1,1,0,1,1,1,0,1,0,0,1,1,0,0,1,1,0,0,1,0,0,0,1,1,1,0,1,0,0,1,1,1,1,0.3611111111111111,24.03588987479804,1
93,1,0,0,0,0,0,1,0,0,1,0,0,1,0,0,0,1,0,0,1,1,1,0,0,1,0,0,0,0,0,0,1,0,0,0,0,0.2222222222222222,9.54328171859283,1
94,0,1,0,1,0,0,0,1,1,0,1,1,0,1,1,1,0,1,1,0,0,1,0,0,0,1,1,1,1,1,0,0,0,1,1,1,0.4166666666666667,26.140017218552536,1
95,0,1,0,1,0,0,0,0,1,0,1,0,0,1,1,0,0,1,1,0,0,0,0,0,0,1,1,0,0,1,0,0,0,1,1,1,0.19444444444444445,10.745714150056708,1
96,1,0,1,0,0,1,0,0,0,1,0,0,1,1,0,0,1,0,0,1,1,1,1,1,1,1,0,0,0,0,0,1,1,0,0,1,0.3333333333333333,46.199903570285876,1
97,0,1,0,1,1,0,0,1,1,0,1,0,0,0,1,1,0,1,1,0,0,1,0,0,0,1,1,1,1,1,0,0,1,1,1,1,0.3611111111111111,25.72835046961043,1
98,0,0,0,0,0,1,0,0,0,1,0,0,1,0,1,0,1,0,0,1,0,0,0,0,1,0,0,0,0,0,0,1,0,0,1,1,0.1388888888888889,8.811922878727371,1
99,0,0,1,0,0,1,0,0,0,1,0,0,1,0,0,0,1,0,0,0,1,1,0,1,1,0,0,0,0,0,0,1,1,0,0,1,0.3611111111111111,20.968196977534518,1
