,0,1,2,3,4,5,6,7,8,9,10,11,12,13,14,15,16,17,18,19,20,21,22,23,24,25,26,27,28,29,30,31,32,33,34,35,36,37,38,39,40,41,42,43,44,45,46,47,48,49,50,51,52,53,chain_break_fraction,energy,num_occurrences
0,0,1,0,0,0,0,1,1,0,1,0,0,1,0,0,0,1,0,0,1,1,1,1,0,1,1,1,1,1,0,0,1,0,0,1,1,0,0,0,1,0,1,0,0,1,1,1,0,1,1,0,0,0,1,0.2962962962962963,243.09553588187836,1
1,0,1,0,0,0,0,1,1,0,1,0,0,1,0,0,0,1,0,0,1,1,1,1,0,1,1,1,1,1,0,0,1,0,0,1,1,0,0,0,1,0,1,0,0,1,1,0,0,1,1,0,0,0,1,0.2962962962962963,211.71674554975786,1
2,0,1,0,0,0,0,1,1,0,1,0,0,1,0,0,0,1,0,0,1,1,1,1,0,1,1,1,1,1,0,0,1,0,0,0,1,0,0,0,1,0,1,0,0,1,1,0,0,1,1,0,1,0,1,0.25925925925925924,198.65440274372716,1
3,0,1,0,0,0,0,1,1,0,1,0,0,1,0,0,0,1,0,0,1,1,1,1,0,1,1,1,1,1,0,0,1,1,0,1,1,0,0,0,1,0,1,0,0,1,1,0,1,0,1,0,0,0,1,0.2962962962962963,397.9417611389546,1
4,1,1,0,1,0,0,1,1,0,1,0,0,1,0,0,0,1,0,0,1,1,1,1,0,1,1,1,1,1,0,0,1,0,0,1,1,0,0,0,1,0,1,0,0,1,1,0,0,1,1,0,0,0,1,0.25925925925925924,204.94379473518984,1
5,1,1,0,0,0,0,0,1,0,1,0,0,1,0,0,0,1,0,0,1,1,1,1,0,1,1,1,1,1,0,0,1,0,0,1,1,0,0,0,1,0,1,0,0,1,1,1,1,1,1,0,0,0,1,0.2962962962962963,356.789818693811,1
6,1,1,0,0,0,0,1,1,0,1,0,0,1,0,0,0,1,0,0,1,1,1,1,0,1,1,1,1,1,0,0,1,1,0,1,1,0,0,0,1,0,1,0,0,1,1,0,0,1,1,0,1,0,1,0.3148148148148148,305.3385572066639,1
7,0,1,0,0,0,0,0,1,0,1,0,0,1,0,0,0,1,0,0,1,1,1,1,0,1,1,1,1,1,0,0,1,0,0,1,1,0,0,0,1,0,1,0,0,1,1,0,0,1,1,0,0,0,1,0.2962962962962963,220.8430402858079,1
8,1,1,0,0,0,0,1,1,0,1,0,0,0,0,0,0,1,0,0,1,1,1,1,0,1,1,1,1,1,0,0,1,0,0,1,1,0,0,0,1,0,1,0,0,1,1,0,0,1,1,0,0,0,1,0.2777777777777778,215.6263276045884,1
9,0,1,0,0,0,0,1,1,0,1,0,0,1,0,0,0,1,0,0,1,1,1,1,0,1,1,1,0,1,0,0,1,1,0,1,1,0,0,0,1,0,1,0,0,1,1,0,1,1,1,0,0,0,1,0.2962962962962963,395.81545340410946,1
10,1,1,0,0,0,0,1,1,0,1,0,0,1,0,0,0,1,0,0,1,1,1,1,0,1,1,1,1,1,0,0,1,0,0,1,1,0,0,0,1,0,1,0,0,1,1,0,0,1,1,0,1,0,1,0.3148148148148148,216.124459760594,1
11,1,1,0,0,0,0,1,1,0,1,0,1,1,0,0,0,1,0,0,1,1,1,1,0,1,1,1,1,1,0,0,1,1,0,1,1,0,0,0,1,0,1,0,0,1,1,0,0,0,1,0,0,0,1,0.25925925925925924,251.05166843016306,1
12,1,1,0,0,0,0,0,1,0,1,0,0,1,0,0,0,1,0,0,1,1,1,1,0,1,1,1,1,1,0,0,1,0,0,1,1,0,0,0,1,0,1,0,0,1,1,0,0,1,1,0,1,0,1,0.3148148148148148,225.6651372008327,1
13,0,1,0,0,0,0,1,1,0,1,0,0,1,0,0,0,1,0,0,1,1,1,1,0,1,1,1,1,1,0,0,1,0,0,1,1,0,0,0,1,0,1,0,0,1,1,0,0,1,1,0,0,0,1,0.2962962962962963,211.71674554975786,1
14,0,1,0,0,0,0,1,1,0,1,0,0,1,0,0,0,1,0,0,1,1,0,1,0,1,1,1,1,1,0,0,1,0,0,1,1,0,0,0,1,0,1,0,0,1,1,1,0,1,1,0,0,0,1,0.3333333333333333,255.42050828945335,1
15,0,1,0,0,0,0,1,1,0,1,0,0,1,0,0,0,1,0,0,1,1,1,1,0,1,1,1,1,1,0,0,1,1,0,1,1,0,0,0,1,0,1,0,0,1,1,0,0,0,1,0,1,0,1,0.3148148148148148,299.05400487575844,1
16,1,1,0,0,0,0,1,1,0,1,0,0,1,1,0,0,1,0,0,1,1,1,1,0,1,1,1,1,1,0,0,1,0,0,1,1,0,0,0,1,0,1,0,0,1,1,1,0,1,1,0,0,0,1,0.2777777777777778,217.66842797283664,1
17,0,1,0,0,0,0,1,1,0,1,0,0,1,0,0,0,1,0,0,1,1,1,0,0,1,1,1,1,1,0,0,1,1,0,1,1,1,0,0,1,0,1,0,0,1,1,0,0,1,1,0,0,0,1,0.2777777777777778,360.3699567056029,1
18,1,0,1,1,1,1,0,0,1,0,1,1,0,1,1,1,0,1,1,0,0,0,1,1,0,0,0,0,0,1,1,0,0,1,0,0,1,1,1,0,1,0,1,1,0,0,1,0,1,0,1,0,1,0,0.25925925925925924,525.0727528833457,1
19,0,1,0,0,0,0,1,1,0,1,0,0,1,1,0,0,1,0,0,1,1,1,1,0,1,1,1,1,1,0,0,1,1,0,1,1,0,0,0,1,0,1,0,0,1,1,0,0,0,1,0,0,0,1,0.3333333333333333,251.18519399787837,1
20,0,1,0,0,0,0,0,1,0,1,0,1,1,0,0,0,1,0,0,1,1,1,1,0,1,1,1,1,1,0,0,1,0,0,1,1,0,0,0,1,0,1,0,0,1,1,0,0,0,1,0,1,0,1,0.2962962962962963,214.58699278845887,1
21,1,1,0,0,0,0,1,1,0,1,0,0,1,0,0,0,1,0,0,1,1,1,1,0,1,1,1,1,1,0,0,1,0,0,1,1,0,0,0,1,0,1,0,0,1,1,1,0,0,1,0,0,0,1,0.2962962962962963,221.28505971843623,1
22,1,1,0,0,0,0,0,1,0,1,0,0,1,0,0,0,1,0,0,1,1,1,1,0,1,1,1,1,1,0,0,1,0,0,1,1,0,0,0,1,0,1,0,0,1,1,0,0,1,1,0,0,0,1,0.3148148148148148,213.54995324339106,1
23,1,0,1,1,1,1,0,0,1,0,1,1,0,1,1,1,0,1,1,0,0,0,0,1,0,1,0,0,0,1,1,0,1,1,0,0,1,1,1,0,1,0,1,1,0,0,1,0,1,0,1,0,1,0,0.3148148148148148,435.44223232003856,1
24,1,1,0,0,0,0,0,1,0,1,0,0,1,0,0,0,1,0,0,1,1,1,1,0,1,1,1,1,1,0,0,1,0,0,1,1,0,0,0,1,0,1,0,0,1,1,1,0,0,1,0,0,0,1,0.3148148148148148,230.76113506271582,1
25,0,1,0,0,0,0,1,1,0,1,0,1,1,0,0,0,1,0,0,1,1,1,1,0,1,1,1,1,1,0,0,1,1,0,1,1,0,0,0,1,0,1,0,0,1,1,0,0,1,1,0,0,0,1,0.3148148148148148,264.47961725880316,1
26,0,1,0,0,0,0,1,1,0,1,0,0,1,0,0,0,1,0,0,1,1,1,1,0,1,1,1,1,1,0,0,1,1,0,1,1,0,0,0,1,0,1,0,0,1,1,1,0,1,1,0,0,0,1,0.35185185185185186,353.1741822018495,1
27,1,1,0,0,0,0,0,1,0,1,0,0,1,0,0,0,1,0,0,1,1,1,1,0,1,1,1,1,1,0,0,1,0,0,1,1,0,0,0,1,0,1,0,0,1,1,0,0,0,1,0,1,0,1,0.3148148148148148,213.69217462335968,1
28,0,1,0,0,0,0,1,1,0,1,0,0,1,0,0,0,1,0,0,1,1,0,1,0,1,1,1,1,1,0,0,1,0,0,1,1,0,0,0,1,0,1,0,0,1,1,0,0,0,1,0,0,0,1,0.2777777777777778,206.7884225906069,1
29,0,1,0,0,0,0,1,1,0,1,0,0,1,0,0,0,1,0,0,1,1,0,1,0,1,1,1,1,1,0,0,1,0,0,1,1,0,0,0,1,0,1,0,0,1,1,1,0,1,1,0,0,0,1,0.2962962962962963,255.42050828945335,1
30,0,1,0,0,0,0,1,1,0,1,0,0,1,0,0,0,1,0,0,1,1,1,1,0,1,1,1,1,1,0,0,1,1,0,1,1,1,0,0,1,0,1,0,0,1,1,1,0,1,1,0,0,0,1,0.35185185185185186,378.7367339877508,1
31,1,0,1,1,1,1,0,0,1,0,1,1,0,1,1,1,0,1,1,0,0,0,0,1,0,0,0,0,0,1,1,0,1,1,0,0,1,0,1,0,1,0,1,1,0,0,1,0,0,0,1,0,1,0,0.2777777777777778,440.4752548007098,1
32,1,1,0,0,0,0,1,1,0,1,0,0,1,0,0,0,1,0,0,1,1,1,1,0,1,1,1,1,1,0,0,1,0,0,1,1,0,0,0,1,0,1,0,0,1,1,0,0,0,1,0,0,0,1,0.3333333333333333,200.00909811541078,1
33,0,1,0,0,0,0,1,1,0,1,0,0,0,0,0,0,1,0,0,1,1,1,1,0,1,1,1,1,1,0,0,1,0,0,1,1,0,0,0,1,0,1,0,0,1,1,0,1,1,1,0,0,0,1,0.25925925925925924,320.02101234705435,1
34,0,1,0,0,0,0,1,1,0,1,0,0,1,0,0,0,1,0,0,1,1,0,1,0,1,1,1,1,1,0,0,1,0,0,1,1,0,0,0,1,0,1,0,0,1,1,0,0,1,1,0,1,0,1,0.3333333333333333,233.07114178228647,1
35,0,1,0,0,0,0,1,1,0,1,0,0,0,0,0,0,1,0,0,1,1,1,1,0,1,1,1,1,1,0,0,1,0,0,1,1,0,0,0,1,0,1,0,0,1,1,0,0,1,1,0,0,0,1,0.35185185185185186,223.0382546921286,1
36,1,1,0,0,0,0,1,1,0,1,0,0,1,0,0,0,1,0,0,1,1,1,1,0,1,1,1,0,1,0,0,1,0,0,1,1,0,0,0,1,0,1,0,0,1,1,0,0,1,1,0,0,0,1,0.2962962962962963,198.49875525570945,1
37,1,1,0,0,0,0,0,1,0,1,0,1,1,0,0,0,1,0,1,1,1,1,1,0,1,1,1,1,1,0,0,1,0,0,1,1,0,0,0,1,0,1,0,0,1,1,1,0,1,1,0,1,0,1,0.2962962962962963,233.45649034188762,1
38,1,1,0,0,0,0,0,1,0,1,0,0,1,1,0,0,1,0,0,1,1,1,1,0,1,1,1,1,1,0,0,1,0,0,1,1,0,0,0,1,0,1,0,0,1,1,0,0,1,1,0,1,0,1,0.37037037037037035,210.15937721471448,1
39,0,1,0,0,0,0,1,1,1,1,0,0,1,0,0,0,1,0,0,1,1,1,1,0,1,1,1,1,1,0,0,1,1,0,1,1,0,0,0,1,0,1,0,0,1,1,1,0,0,1,0,1,0,1,0.2962962962962963,299.7500120820327,1
40,1,0,1,1,1,1,0,0,1,0,1,1,1,1,1,1,0,1,1,0,0,0,0,1,0,1,0,0,0,1,1,0,1,1,0,0,1,1,1,0,1,0,1,1,0,0,1,1,1,0,1,0,1,0,0.2777777777777778,411.07599295532253,1
41,1,0,1,1,1,1,0,0,1,0,1,1,0,1,1,1,0,1,1,0,0,0,0,1,0,1,0,0,0,1,1,0,1,1,0,0,1,1,1,0,1,0,1,1,0,0,1,1,0,0,1,1,1,0,0.3148148148148148,398.25344927455393,1
42,0,1,0,0,0,0,1,1,0,1,0,0,1,0,0,0,1,0,0,1,1,0,1,0,1,1,1,1,1,0,0,1,1,0,1,1,0,0,0,1,0,1,0,0,1,1,0,0,0,1,0,0,0,1,0.2777777777777778,294.16148302306453,1
43,0,1,0,0,0,0,1,1,0,1,0,0,1,0,0,0,1,0,0,1,1,0,1,0,1,1,1,1,1,0,0,1,1,0,1,1,0,0,0,1,0,1,0,0,0,1,1,0,0,1,0,1,0,1,0.2777777777777778,261.05847783849777,1
44,1,1,0,0,0,0,1,1,0,1,0,0,1,0,0,0,1,0,0,1,1,1,1,0,1,1,1,1,1,0,0,1,1,0,1,1,0,0,0,1,0,1,0,0,1,1,0,0,0,1,0,0,0,1,0.35185185185185186,267.10634099281265,1
45,1,1,0,0,0,0,1,1,0,1,0,0,1,0,0,0,1,0,0,1,1,1,1,0,1,1,1,0,1,0,0,1,0,0,1,1,0,0,0,1,0,1,0,0,1,1,0,0,1,1,0,1,0,1,0.2962962962962963,204.93723450912597,1
46,1,1,0,0,0,0,1,1,0,1,0,0,1,0,0,0,1,0,0,1,1,0,1,0,1,1,1,1,1,0,0,1,0,0,1,1,0,0,0,1,0,1,0,0,1,1,0,0,1,1,0,0,0,1,0.3333333333333333,211.490783800567,1
47,0,1,0,0,0,0,1,1,0,1,0,0,1,0,0,0,1,0,0,1,1,0,1,0,1,1,1,1,1,0,0,1,0,0,1,1,0,0,0,1,0,1,0,0,1,1,0,0,1,1,0,1,0,1,0.2777777777777778,233.07114178228647,1
48,1,0,1,1,1,1,0,0,1,0,1,1,0,1,1,1,0,1,1,0,0,0,0,1,0,0,0,0,0,1,1,0,1,0,0,0,1,1,1,0,1,0,1,1,0,0,1,1,1,0,1,0,1,0,0.2777777777777778,381.4390503402113,1
49,0,1,0,0,0,0,1,1,0,1,0,0,0,0,0,0,1,0,0,1,1,1,1,0,1,1,1,1,1,0,0,1,0,0,1,1,0,0,0,1,0,1,0,0,1,1,0,0,1,1,0,0,0,1,0.3148148148148148,223.0382546921286,1
50,1,1,0,0,0,0,0,1,0,1,0,0,1,0,0,0,1,0,0,1,1,1,1,0,1,0,1,1,1,0,0,1,0,0,1,1,0,0,0,1,0,1,0,0,1,1,0,0,0,1,0,0,0,1,0.35185185185185186,218.3226879573508,1
51,0,1,0,0,0,0,1,1,1,1,0,0,1,0,0,0,1,0,0,1,1,1,1,0,1,1,1,1,1,0,0,1,1,0,1,1,0,0,0,1,0,1,0,0,1,1,0,1,1,1,0,0,0,1,0.35185185185185186,357.325943554145,1
52,1,1,0,0,0,0,0,1,0,1,0,0,0,0,0,0,1,0,0,1,1,1,1,0,1,1,1,1,1,0,0,1,0,1,1,1,0,0,0,1,0,1,0,0,1,1,0,0,1,1,0,0,0,1,0.2962962962962963,240.27126115185158,1
53,0,1,0,0,0,0,1,1,0,1,0,0,1,0,0,0,1,0,0,1,1,0,1,0,1,1,1,1,1,0,0,1,1,0,1,1,0,0,0,1,0,1,0,0,1,1,0,0,0,1,0,0,0,1,0.3333333333333333,294.16148302306453,1
54,0,1,0,0,0,0,0,1,0,1,0,0,1,1,0,0,1,0,0,1,1,1,1,0,1,1,1,1,1,0,0,1,0,0,0,1,0,0,0,1,0,1,0,0,1,1,0,0,1,1,0,1,0,1,0.37037037037037035,194.561749183136,1
55,1,1,0,0,0,0,1,1,0,1,0,0,1,0,0,0,1,0,0,1,1,1,1,0,1,1,1,1,1,0,0,1,0,0,1,1,0,0,0,1,0,1,0,0,0,1,0,0,0,0,0,0,0,1,0.2777777777777778,195.5726631544933,1
56,1,1,0,0,0,0,1,1,1,1,0,0,1,0,0,0,1,0,0,1,1,1,1,0,1,0,1,1,1,0,0,1,0,0,1,1,0,0,0,1,0,1,0,0,1,1,1,0,1,1,0,1,0,1,0.2962962962962963,242.40329653298593,1
57,0,1,0,0,0,0,1,1,0,1,0,0,1,0,0,0,1,0,0,1,1,0,1,0,1,1,1,1,1,0,0,1,1,0,1,1,0,0,0,1,0,1,0,0,1,1,1,0,0,1,0,0,0,1,0.3333333333333333,346.596308262186,1
58,1,0,1,1,1,1,1,0,1,0,1,0,0,1,1,1,0,1,1,0,0,0,0,1,0,0,0,0,0,1,1,0,0,1,0,0,1,1,1,0,1,0,1,1,0,0,1,1,0,0,1,0,1,0,0.2962962962962963,341.39846796438985,1
59,0,1,0,0,0,0,1,1,0,1,0,0,1,0,0,0,1,0,0,1,1,1,0,0,1,1,1,1,1,0,0,1,0,1,1,1,0,0,0,1,0,1,0,0,1,1,1,0,1,1,0,0,0,1,0.35185185185185186,290.66285720144987,1
60,1,1,0,1,0,0,1,1,0,1,0,0,1,0,0,0,1,0,0,1,1,1,1,0,1,1,1,1,1,0,0,1,0,0,1,1,0,0,0,1,0,1,0,0,0,1,0,0,1,1,0,0,0,1,0.2962962962962963,187.60038346931782,1
61,0,1,0,0,0,0,1,1,0,0,0,1,1,0,0,0,1,0,0,1,1,1,1,0,1,1,1,1,0,0,0,1,0,0,1,1,0,0,0,1,0,1,0,0,1,1,1,0,1,1,0,0,0,1,0.3148148148148148,213.6283260386467,1
62,0,1,0,0,0,0,1,1,0,1,0,0,1,0,0,0,1,0,0,1,1,0,1,0,1,1,1,1,1,0,0,1,1,0,1,1,0,0,0,1,0,1,0,0,0,1,0,0,1,1,0,0,0,1,0.35185185185185186,228.67783984684854,1
63,1,1,0,0,0,0,1,1,0,1,0,0,1,0,0,0,1,0,0,1,1,1,1,0,1,1,1,1,1,0,0,1,0,0,1,1,0,0,0,1,0,1,0,0,1,1,0,0,1,1,0,0,0,1,0.35185185185185186,206.92372791761943,1
64,1,0,1,1,1,1,0,0,1,0,1,0,0,1,1,1,0,1,1,0,0,0,0,1,0,1,0,0,0,1,1,0,1,1,0,0,0,1,1,0,1,0,1,1,0,0,1,0,1,0,1,0,1,0,0.3148148148148148,352.03590078163444,1
65,1,0,1,1,1,1,0,0,1,0,1,1,0,1,1,1,0,1,1,0,0,0,0,1,0,0,0,1,0,1,1,0,1,1,0,0,1,1,1,0,1,0,1,1,0,0,1,0,1,0,1,0,1,0,0.24074074074074073,377.6482442697108,1
66,0,1,0,0,0,0,1,1,0,1,0,1,1,0,0,0,1,0,0,1,1,1,1,0,1,1,1,1,1,0,0,1,0,0,1,1,0,0,0,1,0,1,0,0,1,1,1,0,0,1,0,0,0,1,0.3333333333333333,223.49386059819994,1
67,1,1,0,0,0,0,0,1,0,1,0,0,1,0,0,0,1,0,0,1,1,1,1,0,1,1,1,1,1,0,0,1,1,0,1,1,0,0,0,1,0,1,0,0,1,1,0,0,0,1,0,0,0,1,0.3333333333333333,281.37255230768153,1
68,0,1,0,1,0,0,1,1,0,1,0,0,1,0,0,0,1,0,0,1,1,1,1,0,1,1,1,1,1,0,0,1,0,0,1,1,0,0,0,1,0,1,0,0,1,1,0,0,1,1,0,0,0,1,0.3148148148148148,207.236809307309,1
69,1,1,0,0,0,0,0,1,0,1,0,0,1,0,0,0,1,0,0,1,1,0,1,0,1,1,1,1,1,0,0,1,0,1,1,1,0,0,0,1,0,1,0,0,1,1,0,0,0,1,0,0,0,1,0.3333333333333333,221.54002144039822,1
70,0,1,0,0,0,0,1,1,0,1,0,0,1,0,0,0,1,0,0,1,1,1,1,0,1,1,1,1,1,0,0,1,0,0,1,1,0,0,0,1,0,1,0,0,0,1,0,0,0,1,0,0,0,1,0.3333333333333333,175.10765580865973,1
71,1,0,1,1,1,1,1,0,1,0,1,1,0,1,1,0,0,1,1,0,0,0,0,1,0,1,0,0,0,1,1,0,0,1,1,0,1,1,1,0,1,0,1,1,0,0,1,1,0,0,1,0,1,0,0.3148148148148148,422.7385016234883,1
72,1,1,0,0,0,0,1,1,0,1,0,1,1,0,0,0,1,0,0,1,1,1,1,0,1,1,1,1,1,0,0,1,0,0,1,1,0,0,0,1,0,1,0,0,1,1,1,0,1,1,0,1,0,1,0.3148148148148148,232.04249814946346,1
73,1,0,1,0,1,1,0,0,1,0,1,1,0,1,1,1,0,1,1,0,0,0,0,1,0,0,0,0,0,1,1,0,1,0,0,0,1,1,1,0,1,0,1,1,0,0,1,1,0,0,1,0,1,0,0.3333333333333333,374.58860002724384,1
74,0,0,1,1,1,1,1,0,1,0,1,1,0,1,1,1,0,1,1,0,0,0,0,1,0,0,0,0,0,0,1,0,1,1,0,0,1,0,1,0,1,0,1,1,1,0,1,0,1,0,1,0,1,0,0.25925925925925924,406.49434624964306,1
75,0,0,1,0,1,1,0,0,1,0,1,1,0,1,1,1,0,1,1,0,0,0,0,1,0,0,0,0,0,1,1,0,1,1,0,0,1,1,1,0,1,0,1,1,0,0,1,0,0,0,1,0,1,0,0.2962962962962963,362.7992837234122,1
76,1,0,1,1,1,1,0,0,1,0,1,1,0,1,1,1,0,1,1,0,0,0,0,1,0,1,0,0,0,0,1,0,0,1,1,0,1,1,1,0,1,0,1,1,0,0,1,1,1,0,1,0,1,0,0.35185185185185186,456.2134223451437,1
77,0,0,1,1,1,1,1,0,0,0,1,1,0,1,1,1,0,1,1,0,0,0,0,1,0,0,0,0,0,1,1,0,0,1,0,0,1,1,1,0,1,0,1,1,0,0,1,1,0,0,1,0,1,0,0.37037037037037035,331.04938358707966,1
78,0,1,0,0,0,0,1,1,0,1,0,0,1,0,0,1,1,0,0,1,1,1,0,0,1,1,1,1,1,0,0,1,0,0,1,1,0,0,0,1,0,1,0,0,1,1,0,0,1,1,0,0,0,1,0.2962962962962963,213.98896071921337,1
79,0,0,1,1,1,1,0,0,1,0,1,1,0,1,1,1,0,1,1,0,0,0,0,1,0,0,0,0,0,1,1,0,0,1,0,0,1,1,1,0,1,0,1,1,0,0,1,0,0,0,1,1,1,0,0.2962962962962963,422.53955629499285,1
80,0,1,0,0,0,0,1,1,0,1,0,0,1,0,0,0,1,0,0,1,1,1,1,0,1,1,1,1,1,0,1,1,0,0,1,1,0,0,0,1,0,1,0,0,1,1,1,0,0,1,0,0,0,1,0.35185185185185186,244.06726911045257,1
81,1,1,0,1,0,0,1,1,0,0,0,0,0,0,0,0,1,0,0,1,1,0,1,0,1,1,1,1,1,0,0,1,0,0,1,1,0,0,0,1,0,1,0,0,1,1,1,0,0,1,0,0,0,1,0.25925925925925924,245.37278715918285,1
82,1,0,1,1,1,1,0,0,1,0,1,1,0,1,1,1,0,1,1,0,0,0,0,1,0,1,0,0,0,1,1,0,0,0,0,0,1,1,1,0,1,0,1,1,0,0,1,1,0,0,1,0,1,0,0.3888888888888889,489.77316801282694,1
83,0,1,0,0,0,0,1,1,1,1,0,0,1,1,0,0,1,0,0,1,1,1,0,0,1,1,1,1,1,0,0,1,0,0,1,1,0,0,0,1,0,1,0,0,0,1,0,0,0,1,0,0,0,1,0.35185185185185186,238.02074567853967,1
84,1,1,0,0,0,0,0,1,0,1,0,0,1,0,0,0,1,0,0,1,1,1,1,0,1,1,1,1,1,0,0,1,1,0,1,1,0,0,0,1,0,1,0,0,1,1,1,0,0,1,0,0,0,1,0.37037037037037035,328.9172979180023,1
85,0,1,0,1,0,0,1,1,0,1,0,0,1,0,0,0,1,0,0,1,1,1,1,0,1,1,1,1,1,0,0,1,0,0,1,1,0,0,0,1,0,1,0,0,1,1,1,0,1,1,0,0,0,1,0.3333333333333333,233.5301328677959,1
86,1,1,0,0,0,0,1,1,0,1,0,1,1,0,0,0,1,0,0,1,1,1,0,0,0,1,1,0,1,0,0,1,0,0,1,1,0,0,0,1,0,1,0,0,1,1,1,0,0,1,0,0,0,1,0.3148148148148148,215.38268269730557,1
87,0,1,0,1,0,0,1,1,0,1,0,1,1,0,0,0,1,0,0,1,1,0,1,0,1,0,1,1,1,0,0,1,0,0,1,1,0,0,0,1,0,1,0,0,1,1,1,0,1,1,0,0,0,1,0.3888888888888889,234.4176163120784,1
88,0,1,0,0,0,0,1,1,0,1,0,0,1,1,0,0,1,0,0,1,1,1,1,0,1,1,1,1,1,0,0,1,1,0,0,1,0,1,0,1,0,1,0,0,1,1,0,0,1,1,0,0,0,1,0.3333333333333333,262.7289683930768,1
89,0,1,0,0,0,0,0,1,0,1,0,0,1,0,0,0,1,0,0,1,1,1,1,0,1,1,1,1,1,0,0,1,1,0,1,1,0,0,0,1,0,1,0,0,1,1,1,0,1,1,0,0,0,1,0.35185185185185186,377.83370370242096,1
90,0,1,0,0,0,0,1,1,0,1,0,0,1,0,0,0,1,0,0,1,1,0,1,0,0,1,1,1,1,0,0,1,0,0,1,1,0,0,0,1,0,1,0,0,1,1,0,0,1,1,0,0,0,1,0.35185185185185186,230.44724293870183,1
91,0,1,0,0,0,0,0,1,0,1,0,0,1,0,0,0,1,0,0,1,1,0,1,0,1,1,1,1,1,0,0,1,0,0,1,1,0,0,0,1,0,1,0,0,1,1,1,0,0,1,0,0,0,1,0.3148148148148148,252.83929533276358,1
92,1,1,0,0,0,0,0,1,0,1,0,0,1,0,0,1,1,0,0,1,1,0,1,0,0,1,1,1,1,0,0,1,0,0,1,1,0,0,0,1,0,1,0,0,0,1,0,0,1,1,0,0,0,1,0.2962962962962963,170.73656421267967,1
93,0,1,0,0,0,0,1,1,0,1,0,0,1,0,0,1,1,0,0,1,1,0,1,0,1,1,1,1,1,0,0,1,0,0,0,1,0,0,0,1,0,1,0,0,1,1,0,0,1,0,0,1,0,1,0.3148148148148148,182.98254957591362,1
94,1,1,0,0,0,0,0,1,0,1,0,0,0,0,0,1,1,0,0,1,1,1,1,0,1,1,1,1,1,0,0,1,0,0,1,1,0,1,0,0,0,1,0,0,1,1,0,0,1,1,0,1,0,1,0.3333333333333333,243.12309751252872,1
95,1,0,1,1,1,1,0,0,1,0,1,1,0,1,1,1,0,1,1,0,0,0,1,1,0,0,0,0,0,1,1,0,1,1,0,0,0,1,1,0,1,0,1,1,0,0,1,0,0,0,1,0,1,0,0.3148148148148148,486.9559013707437,1
96,1,0,1,1,1,0,0,0,1,0,1,1,0,1,0,1,0,1,1,0,0,0,0,1,0,0,0,1,0,1,1,0,0,1,0,0,1,1,1,0,1,0,1,1,0,0,1,0,0,0,1,0,1,0,0.24074074074074073,263.7671946327035,1
97,1,0,1,1,1,1,0,0,1,1,1,0,0,1,1,1,0,1,1,0,0,0,0,1,0,1,0,0,0,1,1,0,0,1,0,0,1,1,1,0,1,0,1,1,0,0,1,0,0,0,1,0,1,0,0.35185185185185186,433.42269584862345,1
98,0,0,1,1,1,1,0,0,1,0,1,1,0,1,1,1,0,1,1,0,0,0,0,1,0,0,0,0,0,1,1,0,1,1,0,0,0,1,1,0,1,0,1,1,0,0,1,0,0,0,1,0,1,0,0.37037037037037035,398.88158246809917,1
99,1,0,1,1,1,1,0,0,1,0,1,1,0,1,1,1,0,1,0,0,0,0,0,1,0,0,0,0,0,1,1,0,0,1,0,0,0,1,1,1,1,0,0,1,0,0,1,1,0,0,1,1,1,0,0.2962962962962963,396.60023082589487,1
