,0,1,2,3,4,5,6,7,8,9,10,11,12,13,14,15,16,17,18,19,20,21,22,23,24,25,26,27,28,29,30,31,32,33,34,35,36,37,38,39,40,41,42,43,44,45,46,47,48,49,50,51,52,53,chain_break_fraction,energy,num_occurrences
0,0,1,0,1,0,1,1,1,0,0,1,0,0,0,0,0,0,0,1,0,1,0,0,1,0,0,1,0,1,1,0,0,0,1,0,0,1,1,0,1,0,0,1,0,0,1,0,0,0,0,0,1,1,0,0.3148148148148148,279.7800462466263,1
1,0,1,0,1,0,1,1,1,0,0,1,0,0,1,0,0,0,0,0,0,1,0,0,1,0,0,1,0,1,1,0,0,0,1,0,0,1,1,0,1,1,0,1,0,0,1,0,0,0,0,0,1,1,0,0.35185185185185186,259.9987941812083,1
2,0,1,0,1,0,1,1,1,0,0,1,0,0,0,0,0,1,0,1,0,1,0,0,1,0,0,1,0,1,1,0,0,0,1,0,0,1,1,0,1,1,0,1,0,0,1,0,0,0,0,0,1,1,0,0.3333333333333333,288.76057466697347,1
3,0,1,0,1,0,1,1,1,0,0,1,0,0,0,0,0,0,0,1,0,1,0,0,1,0,0,1,0,1,1,0,0,0,1,0,0,1,1,0,1,1,0,1,1,0,1,0,0,0,0,0,1,1,0,0.3333333333333333,213.3154909758833,1
4,0,1,0,1,0,1,1,1,0,0,1,0,0,0,0,0,1,0,0,0,1,0,0,1,0,0,1,0,1,1,0,0,0,1,0,0,1,0,0,1,0,0,1,0,1,1,1,0,0,0,0,1,1,0,0.25925925925925924,236.9438097698011,1
5,0,1,0,1,0,1,1,1,0,0,1,0,0,1,0,0,0,0,1,0,1,1,0,1,0,0,1,0,1,1,0,0,0,1,0,0,1,1,0,1,1,0,1,0,1,1,1,1,0,0,0,1,1,0,0.3148148148148148,244.9463496639341,1
6,0,1,0,1,0,1,1,1,0,0,1,0,0,0,0,0,1,0,0,0,1,1,0,1,0,0,1,0,0,1,0,0,0,1,0,0,1,1,0,1,0,0,1,0,0,1,1,1,0,0,0,1,1,0,0.3148148148148148,258.1571647960817,1
7,0,1,0,1,0,1,1,1,0,0,1,0,0,0,0,0,0,0,0,0,1,0,0,1,0,0,1,0,0,1,0,0,0,1,0,0,1,0,0,1,0,0,1,0,0,1,1,0,0,0,0,1,1,0,0.3148148148148148,281.5750515172748,1
8,0,1,0,1,0,1,1,1,0,0,1,0,0,0,0,0,0,0,0,0,1,0,0,1,0,0,1,0,0,1,0,0,0,1,0,0,1,1,0,1,1,0,1,1,0,1,0,0,0,0,0,1,1,0,0.2962962962962963,214.50892364170585,1
9,0,1,0,0,0,1,1,1,0,0,1,0,0,0,0,0,1,0,0,0,1,0,0,1,1,0,1,0,1,1,0,0,0,1,0,0,1,1,0,1,0,0,1,0,0,1,0,1,0,0,0,1,1,0,0.2962962962962963,246.199970192913,1
10,0,1,0,1,0,1,1,1,0,0,1,0,0,0,0,0,1,0,0,0,1,0,0,1,1,0,1,0,1,1,0,0,0,1,0,0,1,1,0,1,0,0,1,0,0,1,0,0,0,0,0,1,1,0,0.3148148148148148,339.82028505849695,1
11,0,1,0,1,0,1,1,1,0,0,1,0,0,0,0,0,0,0,0,0,1,0,0,1,0,0,1,0,1,1,1,0,0,1,0,0,1,1,0,1,0,0,1,0,0,1,0,0,0,0,0,1,1,0,0.2777777777777778,239.73795987769032,1
12,0,1,0,1,1,1,1,1,0,0,1,0,0,0,0,0,1,0,0,0,1,0,0,1,0,0,1,0,0,1,0,0,0,1,0,0,1,1,0,1,1,0,1,0,0,1,1,0,0,0,0,1,1,0,0.35185185185185186,308.4373424682351,1
13,0,1,0,1,0,1,1,1,0,0,1,0,0,1,0,0,0,0,1,0,1,0,0,1,0,0,1,0,1,1,0,0,0,1,0,0,1,1,0,1,0,0,1,0,1,1,0,0,0,1,0,1,1,0,0.35185185185185186,240.7915991031888,1
14,1,1,0,1,0,1,1,1,0,0,1,0,1,0,0,0,1,0,0,0,1,0,0,1,0,0,1,0,0,1,0,1,0,1,0,0,1,1,0,1,0,0,1,0,0,1,1,0,0,0,0,1,1,0,0.3148148148148148,306.32748949913866,1
15,0,1,0,1,0,1,1,1,0,0,1,0,0,0,0,0,0,0,0,0,1,0,1,1,0,1,1,0,1,1,0,0,0,1,0,0,1,1,0,1,1,0,1,0,0,1,0,1,0,0,0,1,1,1,0.37037037037037035,269.8271155121288,1
16,0,1,0,1,0,1,1,1,0,0,1,0,1,1,0,0,1,0,1,0,1,0,1,1,0,0,1,0,1,1,0,0,0,1,0,0,1,1,0,1,1,0,1,0,0,1,1,1,0,0,0,1,1,1,0.35185185185185186,288.7630477734506,1
17,0,1,0,0,0,1,1,1,0,0,1,0,0,0,0,0,1,0,1,0,1,0,0,1,0,0,1,0,1,1,0,1,0,1,0,0,1,1,0,1,0,0,1,0,0,1,1,1,0,0,0,1,1,0,0.2962962962962963,220.40888160972116,1
18,0,1,0,1,0,1,0,1,0,0,1,0,0,1,0,0,1,0,0,0,1,0,0,1,0,0,1,0,1,1,0,0,0,1,0,0,1,1,0,1,0,0,1,0,0,1,0,0,0,0,0,1,0,1,0.24074074074074073,313.13986768082844,1
19,0,1,0,1,0,1,1,1,0,0,0,0,0,0,0,0,1,0,1,0,1,0,0,1,0,0,1,0,0,1,0,0,0,1,0,0,1,1,0,1,1,0,1,0,0,1,0,0,0,0,0,1,1,0,0.3333333333333333,269.23880975174416,1
20,0,1,0,1,0,1,1,1,0,0,1,0,1,0,0,0,1,0,0,0,1,0,0,1,0,0,1,0,1,1,0,0,0,1,0,0,1,1,0,1,0,0,1,0,1,1,0,0,0,0,0,1,1,0,0.35185185185185186,260.2172194125921,1
21,0,1,0,0,0,1,1,1,0,0,1,0,1,0,0,0,0,0,1,0,1,0,0,1,0,0,1,0,1,1,0,0,0,1,0,0,1,1,0,1,0,0,1,0,0,1,1,1,0,0,0,1,1,1,0.3148148148148148,240.69565742065035,1
22,0,1,0,0,0,1,1,1,0,0,1,0,0,0,0,0,1,0,0,0,1,0,0,1,0,0,1,0,1,1,0,1,0,1,0,0,1,1,0,1,1,0,1,0,0,0,0,0,0,0,0,1,0,0,0.2777777777777778,260.6778146262972,1
23,0,1,0,1,0,1,1,1,0,0,1,0,0,0,0,0,0,0,0,0,1,0,0,1,0,0,1,0,1,1,0,0,0,1,0,0,1,1,0,1,1,0,1,0,0,1,1,0,0,0,0,1,0,1,0.35185185185185186,210.2709829863063,1
24,0,1,0,1,0,1,1,1,0,0,1,0,1,1,0,0,0,0,1,0,1,0,0,1,0,0,1,0,1,1,0,1,0,0,0,0,1,1,0,1,1,0,1,0,0,0,1,1,0,0,0,1,1,1,0.3148148148148148,257.5331147496312,1
25,0,1,0,1,1,1,1,1,0,0,1,0,0,1,0,0,1,0,0,0,1,0,0,1,0,0,1,0,1,1,0,1,0,1,0,0,1,1,0,1,1,0,1,0,0,1,1,1,0,0,0,1,1,0,0.3888888888888889,248.80192861216653,1
26,0,1,0,1,0,1,1,1,0,0,1,0,0,0,0,0,1,0,0,0,1,1,0,1,0,1,1,0,1,1,0,0,0,1,0,0,1,1,0,1,1,0,1,1,0,1,0,1,0,0,0,1,1,0,0.3888888888888889,257.83518531517325,1
27,0,1,0,1,0,1,1,1,0,0,1,0,0,0,0,0,1,0,1,0,1,0,0,1,0,1,1,0,1,1,0,0,0,1,0,0,1,1,0,1,1,0,1,0,1,1,1,1,0,0,0,1,1,1,0.35185185185185186,305.52009979578463,1
28,0,1,0,0,0,1,0,1,0,0,1,0,0,0,0,0,1,0,0,0,1,0,0,1,0,0,1,1,1,1,0,1,0,1,0,0,1,1,0,1,0,0,1,0,0,1,0,0,0,0,0,1,0,0,0.2777777777777778,244.59773339670951,1
29,0,1,0,1,0,1,1,1,0,0,1,0,0,0,0,0,1,0,0,0,1,0,0,1,0,0,1,0,1,1,0,1,0,1,0,0,1,1,0,1,1,0,1,1,0,0,0,0,0,0,0,1,1,0,0.3333333333333333,229.16925433589367,1
30,0,1,0,1,0,1,1,1,0,0,1,0,0,0,0,0,0,0,0,0,1,0,0,1,0,0,1,0,1,1,0,1,0,1,0,0,1,0,0,1,0,0,0,0,0,1,1,0,0,0,0,1,1,0,0.3333333333333333,237.351784027536,1
31,0,0,0,1,0,1,1,1,0,0,1,0,0,1,0,0,0,0,0,0,1,0,1,1,0,0,1,0,0,1,0,0,0,1,0,0,1,1,0,1,1,0,1,0,1,1,0,1,0,0,0,1,0,0,0.3333333333333333,243.94883644284513,1
32,0,1,0,1,0,1,1,1,0,0,1,0,0,1,0,0,1,0,0,0,1,0,0,1,0,1,1,0,1,1,0,0,0,1,0,0,1,1,0,1,1,0,1,0,0,1,0,0,0,0,1,1,0,1,0.35185185185185186,308.1678249575489,1
33,0,1,0,0,0,1,1,1,0,0,0,0,0,0,0,0,0,0,1,0,1,0,0,1,0,0,1,0,0,1,0,0,0,1,0,0,1,1,0,1,0,0,1,0,0,1,0,0,0,0,0,1,1,1,0.2962962962962963,214.41354782166215,1
34,0,1,0,1,0,1,1,1,0,0,1,0,0,0,0,1,0,0,0,0,1,0,0,1,0,0,1,0,1,1,0,0,0,1,0,0,1,1,0,1,0,0,1,1,0,1,1,1,0,0,0,1,1,0,0.42592592592592593,206.07899158135788,1
35,0,1,0,1,1,1,1,1,0,0,0,0,0,1,0,0,0,0,0,0,1,0,0,1,0,0,1,0,1,1,0,0,0,1,0,0,1,1,0,1,0,0,1,0,1,1,0,1,0,0,0,1,1,1,0.2962962962962963,263.1170932820793,1
36,0,1,0,0,0,1,1,1,0,0,1,0,0,1,0,0,1,0,1,0,1,0,0,1,0,0,1,0,1,1,0,0,0,1,0,0,1,1,0,1,1,0,1,0,0,1,1,1,0,0,0,1,0,0,0.35185185185185186,246.3054217668067,1
37,0,1,0,1,0,1,1,1,0,0,1,0,0,0,0,0,0,0,0,0,1,0,0,1,0,0,1,0,0,1,0,0,0,1,0,0,1,1,0,1,1,0,1,0,0,1,0,0,0,0,0,1,0,1,0.35185185185185186,235.10596210968413,1
38,0,1,0,1,1,1,1,1,0,0,1,0,0,0,0,0,1,0,0,0,1,0,0,1,0,0,1,0,1,1,1,0,0,1,0,0,1,1,0,1,1,0,1,0,1,1,0,0,0,0,0,1,0,0,0.24074074074074073,261.55831490391984,1
39,0,1,0,1,1,1,1,1,0,0,1,0,0,0,0,0,1,0,1,0,1,0,0,1,0,0,1,0,1,1,1,0,0,1,0,0,1,0,0,1,1,0,1,0,0,1,0,0,0,0,0,1,0,0,0.25925925925925924,424.55843346203955,1
40,0,1,0,0,0,1,1,1,0,0,1,0,0,0,0,0,0,0,0,0,1,0,0,1,0,1,1,0,1,1,0,0,0,1,0,0,1,1,0,0,1,0,1,0,0,0,0,0,0,0,0,1,1,0,0.2962962962962963,288.60016320534606,1
41,0,1,0,0,0,1,1,1,0,0,1,0,1,1,0,0,1,0,1,0,1,0,1,1,1,0,1,0,1,1,0,0,0,1,0,0,1,1,0,1,0,0,1,0,0,1,1,1,0,1,0,1,1,0,0.3148148148148148,318.17198319649845,1
42,0,1,0,1,0,1,1,1,0,0,1,0,0,0,0,0,1,0,1,0,1,0,0,1,0,0,1,0,1,1,0,0,0,1,0,0,1,1,0,1,1,0,1,0,0,1,1,1,0,0,0,1,1,0,0.37037037037037035,220.91924378746913,1
43,0,1,0,0,0,1,1,1,0,0,1,0,0,0,0,0,0,0,0,0,1,1,0,1,0,1,1,0,1,1,0,0,0,1,0,0,1,1,0,1,0,0,1,0,1,1,0,0,0,0,0,1,1,0,0.3333333333333333,253.37907135406422,1
44,0,1,0,1,1,1,1,1,0,0,0,0,0,0,0,0,1,0,0,0,1,0,0,1,0,0,1,0,0,0,0,1,0,1,0,0,1,1,0,1,1,0,1,0,0,1,0,0,0,0,0,1,0,0,0.24074074074074073,391.4012715986353,1
45,0,1,0,0,0,1,0,1,0,0,1,0,0,0,0,0,0,0,0,0,1,1,0,1,0,0,1,0,1,1,0,0,0,1,0,0,1,1,0,1,0,0,1,0,0,1,0,1,0,0,0,1,1,1,0.35185185185185186,238.15624067646672,1
46,0,1,0,1,0,1,1,1,0,0,1,0,0,1,0,0,0,0,0,0,1,0,0,1,0,0,1,0,1,1,0,0,0,1,0,0,1,1,0,1,0,0,0,1,0,1,0,1,0,0,0,1,1,1,0.35185185185185186,241.52856402246917,1
47,0,1,0,1,0,1,1,1,0,0,0,0,1,0,0,0,1,0,0,0,1,0,1,1,0,0,1,0,1,1,0,0,0,1,0,0,1,1,0,1,0,0,1,1,0,1,0,1,0,0,0,0,1,0,0.3333333333333333,246.94644998993573,1
48,0,1,0,1,0,1,0,1,0,0,1,0,0,0,0,0,0,0,0,0,1,0,0,1,0,1,1,0,1,1,0,0,0,1,0,0,1,1,0,1,0,0,1,0,0,1,0,0,0,0,0,1,1,0,0.3888888888888889,288.5405224809998,1
49,0,1,0,1,0,1,1,1,0,1,1,0,0,1,0,0,1,0,0,0,1,0,0,1,0,0,1,0,1,1,0,0,0,1,0,0,1,1,0,1,1,0,1,0,0,1,0,1,0,0,0,1,1,0,0.35185185185185186,270.6944005205011,1
50,0,1,0,1,0,1,1,1,0,0,1,0,0,0,0,0,1,0,0,0,1,0,0,1,0,1,1,0,1,1,0,1,0,0,0,0,1,1,0,1,1,0,1,1,0,0,0,0,0,0,0,1,1,0,0.3333333333333333,285.12225660725795,1
51,0,1,0,1,0,1,1,1,0,0,1,0,0,0,0,0,1,0,1,0,1,0,0,1,0,0,1,0,1,1,1,0,0,1,0,0,1,1,0,1,1,0,1,1,0,1,1,1,0,0,0,0,0,0,0.3333333333333333,216.139509957447,1
52,0,0,0,1,0,1,1,1,0,0,1,0,0,0,0,0,0,0,1,0,1,0,0,1,0,1,1,0,0,1,1,0,0,1,0,0,1,1,0,1,1,0,1,0,0,1,1,1,0,0,0,1,0,0,0.3333333333333333,222.58649727424336,1
53,0,1,0,1,0,1,1,1,0,0,1,0,0,1,0,0,0,0,0,0,1,0,0,1,0,0,1,0,1,1,0,0,0,1,0,0,1,0,0,1,0,0,0,0,0,1,0,0,0,0,0,0,1,0,0.35185185185185186,411.74192095516185,1
54,0,1,0,1,0,1,0,1,0,0,1,0,0,1,0,0,1,0,0,0,1,0,0,1,0,0,1,0,1,1,1,0,0,1,0,0,1,1,0,0,0,0,1,0,0,1,1,1,0,0,0,0,1,0,0.37037037037037035,248.75563648837598,1
55,0,1,0,1,0,1,1,1,0,0,1,0,0,0,0,0,1,0,1,0,1,0,0,1,1,1,1,0,1,1,0,0,0,1,0,0,1,0,0,1,0,0,1,1,1,1,1,1,0,0,0,1,1,0,0.3148148148148148,265.63690054514655,1
56,0,1,0,1,0,1,1,1,0,1,1,0,0,0,0,0,0,0,0,0,1,0,0,1,0,0,1,0,1,1,0,0,0,1,0,0,1,1,0,0,1,0,1,0,0,1,0,0,0,0,0,1,0,0,0.2777777777777778,294.0230814769532,1
57,0,1,0,0,0,1,1,1,0,0,1,0,0,1,0,0,0,0,0,0,1,0,0,1,0,0,1,1,1,1,0,0,0,1,0,0,1,1,0,1,1,0,1,0,0,1,1,0,0,0,0,0,1,0,0.3333333333333333,212.50553039103914,1
58,0,1,0,1,0,1,1,1,0,0,0,0,0,1,0,0,1,0,0,0,1,0,0,1,0,0,1,0,1,1,0,0,0,1,0,0,1,1,0,1,1,0,1,0,0,0,0,0,0,0,0,1,1,1,0.3148148148148148,250.63134796276705,1
59,0,1,0,0,1,1,1,1,0,0,1,0,0,0,0,0,1,0,0,0,1,0,0,1,0,1,1,0,1,1,0,0,0,1,0,0,1,1,0,1,1,0,1,0,0,1,0,1,0,0,0,0,1,0,0.37037037037037035,294.3714829221479,1
60,0,1,0,0,1,1,0,1,0,0,1,0,0,0,0,0,0,0,0,0,1,0,0,1,1,0,1,0,1,1,0,0,0,1,0,0,1,1,0,1,0,0,1,0,1,1,0,0,0,0,0,1,0,0,0.2962962962962963,250.56107373318994,1
61,0,1,0,0,1,1,1,1,0,0,0,0,1,1,0,0,0,0,1,0,1,0,0,1,0,0,1,0,1,1,0,0,0,1,0,0,1,1,0,1,0,0,1,1,0,1,1,0,0,0,0,1,1,0,0.3333333333333333,245.0015123845288,1
62,0,1,0,1,0,1,0,1,0,0,0,0,0,0,0,0,0,0,0,0,1,0,0,1,0,0,1,0,0,1,0,0,0,1,0,0,1,0,0,1,0,0,1,1,1,0,0,0,0,0,0,1,1,0,0.24074074074074073,187.6147299621913,1
63,0,1,0,1,0,1,1,1,0,0,1,0,0,1,0,0,1,0,0,0,1,0,0,1,0,0,1,0,1,0,0,0,0,1,0,0,1,1,0,1,0,0,1,0,0,1,0,0,0,0,0,1,0,1,0.2777777777777778,426.7718680439988,1
64,0,1,0,1,0,1,1,1,0,0,1,0,0,0,0,0,0,0,0,0,1,1,0,1,0,0,1,0,1,1,0,0,0,1,0,0,1,1,0,1,0,0,1,0,0,0,1,0,0,1,0,1,0,1,0.37037037037037035,239.08222965306504,1
65,0,1,0,0,0,1,1,1,0,0,1,0,0,1,0,0,0,0,0,0,1,1,0,1,0,0,1,0,1,1,0,0,0,0,0,0,1,1,0,1,1,0,1,0,0,0,0,0,0,0,0,1,1,0,0.37037037037037035,303.65021460773244,1
66,0,1,0,1,0,1,1,1,0,0,1,0,0,0,0,0,1,0,0,0,1,0,0,1,0,0,1,1,1,1,0,0,0,0,0,0,1,1,0,1,1,0,1,0,0,1,1,0,0,0,0,1,0,1,0.2962962962962963,230.8729415431404,1
67,0,1,0,1,1,1,1,1,0,1,1,0,1,0,0,0,0,0,0,0,1,0,1,1,0,1,1,0,1,1,0,1,0,1,0,0,1,1,0,1,1,0,1,0,0,1,1,1,0,0,0,1,1,1,0.3888888888888889,300.2775188198183,1
68,0,1,0,1,0,1,1,1,0,0,1,0,0,1,0,0,1,0,1,0,1,0,0,1,0,0,1,0,1,1,0,0,0,0,0,0,1,0,0,1,0,0,1,0,1,1,1,0,0,0,0,0,0,1,0.2962962962962963,314.2878489017995,1
69,1,0,1,0,1,0,0,0,1,1,1,1,1,0,1,1,0,1,1,1,0,0,1,0,1,0,0,1,1,0,1,1,1,1,1,1,0,0,1,0,0,1,0,1,1,0,0,0,1,1,1,0,0,0,0.37037037037037035,439.7815503219954,1
70,0,1,0,0,0,1,1,1,0,0,1,0,0,0,0,0,0,0,0,0,1,0,0,1,0,0,1,0,1,1,0,1,0,1,0,0,0,1,0,1,0,0,1,0,1,1,0,1,0,0,0,1,1,1,0.3333333333333333,314.41653256348184,1
71,0,1,0,1,1,1,1,1,0,0,1,0,0,1,0,0,0,0,0,0,1,0,0,1,0,0,1,0,1,1,0,1,0,1,0,0,1,1,0,1,1,0,1,0,0,1,0,0,0,0,0,1,0,0,0.3333333333333333,311.8713515794245,1
72,0,1,0,1,0,1,1,1,0,0,1,0,0,0,0,0,1,0,0,0,1,0,1,1,0,1,1,0,0,1,0,1,0,1,0,0,1,1,0,1,0,0,1,0,0,1,0,0,0,0,0,0,1,0,0.3148148148148148,487.68619509015923,1
73,0,1,0,1,0,1,1,1,0,0,1,0,0,0,0,0,1,0,0,0,1,0,0,1,0,0,1,0,1,1,0,0,0,1,0,0,1,1,0,1,1,0,1,1,0,1,0,1,0,0,0,1,0,1,0.25925925925925924,234.62736846426895,1
74,0,1,0,1,0,1,1,1,0,0,1,0,0,0,0,0,0,0,0,0,1,0,0,1,1,0,1,0,1,1,0,0,0,1,0,0,1,1,0,1,0,0,0,0,1,1,0,0,0,0,0,1,1,0,0.35185185185185186,240.751954942283,1
75,0,1,0,1,0,1,1,1,0,0,1,0,1,0,0,0,0,0,0,0,1,0,0,1,0,1,1,0,1,0,0,0,0,1,0,0,1,1,0,1,0,0,1,0,0,1,0,0,0,0,0,0,1,0,0.37037037037037035,475.00776455104966,1
76,1,0,1,0,1,0,0,0,1,1,1,1,0,1,1,1,0,1,1,1,0,0,1,0,1,0,0,1,0,0,1,1,1,0,1,1,0,0,1,0,1,1,0,0,1,0,0,0,1,1,1,0,0,0,0.3888888888888889,406.34103555540355,1
77,0,1,0,0,0,1,0,1,0,0,0,0,0,0,0,0,1,0,0,0,1,0,0,1,1,0,1,0,1,1,0,1,0,1,0,0,1,0,0,1,0,0,1,0,0,1,1,0,0,0,0,1,0,0,0.2222222222222222,226.51640537048326,1
78,0,1,0,1,0,1,1,1,0,0,1,0,0,1,0,0,0,0,0,0,1,0,0,1,0,1,1,0,1,1,0,1,0,1,0,0,1,1,0,1,1,0,1,0,0,0,0,0,0,0,0,1,0,1,0.37037037037037035,291.2004410927074,1
79,0,0,0,0,0,1,0,1,0,0,0,0,0,1,0,0,1,0,1,0,1,0,0,1,0,0,1,0,1,1,0,0,0,1,0,0,1,1,0,1,0,0,1,1,0,0,0,0,0,0,0,1,1,0,0.3148148148148148,230.24108315814823,1
80,0,1,0,1,0,1,1,1,0,0,1,0,0,1,0,0,0,0,1,0,1,0,0,1,0,0,1,0,1,1,0,0,0,1,0,0,1,1,0,1,0,0,1,0,0,1,1,1,0,0,0,1,1,0,0.35185185185185186,233.58259891797692,1
81,0,1,0,0,1,1,1,1,0,0,1,0,0,1,0,0,1,0,0,0,1,0,1,1,0,0,1,0,1,1,0,0,0,0,0,0,1,0,0,1,1,0,1,0,0,1,1,0,0,0,0,0,0,0,0.3148148148148148,545.6127385203616,1
82,0,1,0,1,1,1,1,1,0,0,1,0,0,1,0,0,1,0,0,0,1,0,0,1,0,0,1,0,1,1,0,0,0,1,0,0,1,1,0,1,1,0,1,0,1,1,0,1,0,0,0,1,0,0,0.3888888888888889,268.39917818497355,1
83,1,0,1,0,1,0,0,0,1,1,1,1,1,0,1,1,0,1,0,1,0,0,1,0,1,0,0,1,0,0,0,0,1,0,1,1,0,0,1,0,0,1,0,1,1,0,0,1,1,0,1,0,0,0,0.37037037037037035,387.10427053535795,1
84,1,0,1,0,1,0,0,0,1,0,1,1,0,0,1,1,0,1,1,1,0,1,1,0,1,0,0,1,0,0,1,0,1,0,1,1,0,0,1,0,0,1,0,0,1,0,0,1,1,1,1,0,0,1,0.37037037037037035,494.2126869700553,1
85,0,1,0,0,0,1,1,1,0,0,1,0,1,0,0,0,0,0,1,0,1,1,0,1,0,0,1,0,1,1,0,0,0,1,0,0,1,1,0,1,1,0,1,0,0,1,1,0,0,0,0,0,0,0,0.37037037037037035,271.37924096516065,1
86,0,1,0,1,0,1,1,1,0,0,1,0,0,0,0,0,1,0,1,0,1,0,0,1,1,0,1,0,1,1,0,1,1,0,0,0,1,1,0,1,1,0,1,0,0,1,0,1,0,0,0,1,1,0,0.4074074074074074,256.98084787589744,1
87,0,1,0,1,0,1,1,1,0,0,1,0,0,1,0,0,0,0,1,0,1,0,0,1,0,0,1,0,1,1,0,0,0,1,0,0,1,1,0,1,1,0,1,1,1,1,0,0,0,0,0,1,0,0,0.4074074074074074,228.74853789204968,1
88,1,0,1,0,1,0,0,0,1,1,1,1,1,0,1,1,0,1,1,1,0,1,1,0,1,0,0,0,0,0,1,0,1,0,1,1,0,0,1,0,0,1,0,0,1,0,0,1,1,1,1,0,0,0,0.4074074074074074,403.50779624808126,1
89,0,1,0,0,0,1,1,1,0,0,0,0,0,1,0,1,1,0,0,0,1,0,0,1,0,0,1,0,0,1,0,0,0,1,0,0,1,0,0,1,0,0,1,0,1,1,0,0,0,0,0,1,1,1,0.2777777777777778,255.37849929101523,1
90,1,0,1,0,1,0,0,0,1,1,1,1,1,0,1,1,0,1,1,1,0,0,1,0,1,1,0,1,0,0,0,1,1,0,1,1,0,0,1,0,0,1,0,1,1,0,0,1,1,1,1,0,1,0,0.3888888888888889,476.6426046998601,1
91,0,0,0,1,0,1,1,1,0,0,1,0,0,1,0,0,1,0,0,0,1,0,0,1,0,0,1,0,0,1,0,0,0,0,0,0,1,1,0,1,1,0,1,0,0,0,1,1,0,0,0,1,0,1,0.3333333333333333,245.02739143081294,1
92,0,1,0,1,0,1,1,1,0,0,0,0,1,0,0,0,1,0,0,0,1,0,0,1,0,0,1,0,0,1,0,1,0,1,0,0,1,0,0,1,0,0,1,0,0,1,1,1,0,0,0,0,1,0,0.3148148148148148,226.0471420978385,1
93,1,0,1,0,1,0,0,0,1,0,1,1,1,0,1,1,0,1,1,1,0,0,1,0,1,0,0,1,0,0,1,0,1,0,1,1,0,0,0,0,0,1,0,1,1,0,0,0,1,1,1,0,0,0,0.37037037037037035,356.92529045010406,1
94,1,0,1,0,1,0,0,0,1,1,0,1,1,1,1,1,0,1,1,1,0,0,1,0,1,0,0,1,0,0,1,0,1,0,1,1,0,0,1,0,0,1,0,1,1,0,0,1,1,1,1,1,0,0,0.4074074074074074,442.0565981984344,1
95,1,1,1,0,1,0,0,0,1,0,0,1,1,0,1,1,0,1,1,1,0,0,1,0,1,0,0,0,1,1,1,1,1,0,1,1,0,0,1,0,0,1,0,1,1,0,0,0,1,1,1,0,0,1,0.2777777777777778,625.0583821189989,1
96,1,1,1,0,1,0,0,0,1,1,1,1,1,0,1,1,0,1,1,1,0,0,1,0,1,1,0,1,0,0,0,1,1,0,1,1,0,0,1,0,0,1,0,1,1,0,0,0,1,1,1,0,0,0,0.42592592592592593,413.5225122593265,1
97,1,0,1,0,1,0,0,0,1,1,1,1,1,0,1,1,1,1,1,1,0,0,1,0,1,1,0,0,0,0,1,1,1,0,1,1,0,0,1,0,0,1,0,1,1,0,0,1,1,1,1,0,0,0,0.42592592592592593,448.2426026349832,1
98,0,1,0,1,1,1,1,1,0,0,0,0,0,0,0,0,1,0,0,0,1,0,0,1,0,0,1,0,1,1,0,0,0,0,0,0,1,1,0,1,0,0,1,0,0,1,0,1,1,0,0,1,1,0,0.37037037037037035,240.84362771979613,1
99,1,0,1,0,0,0,0,0,1,1,1,1,0,0,1,1,0,1,1,1,0,1,1,0,0,1,0,1,0,0,0,1,1,0,1,1,0,0,1,0,1,1,0,1,1,0,0,0,1,0,1,0,0,0,0.4074074074074074,391.57007912833126,1
