,0,1,2,3,4,5,6,7,8,9,10,11,12,13,14,15,16,17,18,19,20,21,22,23,24,25,26,27,28,29,30,31,32,33,34,35,36,37,38,39,40,41,42,43,44,45,46,47,48,49,50,51,52,53,chain_break_fraction,energy,num_occurrences
0,0,0,1,0,0,0,0,1,1,0,0,0,1,0,1,1,1,0,0,1,1,0,0,0,0,1,1,0,1,0,1,1,1,1,1,1,1,0,0,1,0,0,1,0,0,0,0,1,1,0,0,0,1,0,0.2777777777777778,267.49404577880284,1
1,0,0,1,0,0,1,0,1,1,0,0,0,1,0,1,1,1,0,0,1,1,0,0,0,0,1,1,0,1,0,1,1,1,1,1,1,1,0,0,0,0,0,1,0,0,0,0,1,1,0,0,0,1,0,0.3148148148148148,375.556433447403,1
2,0,0,1,0,0,0,0,1,1,0,0,0,0,0,1,1,1,0,0,1,1,0,0,0,0,1,1,0,1,0,1,1,1,1,1,1,1,0,0,0,0,0,1,0,0,0,0,1,1,0,0,0,1,0,0.3333333333333333,263.73725198669143,1
3,0,0,1,0,0,0,0,1,1,0,0,0,1,0,1,1,1,0,1,1,1,0,0,0,0,1,1,0,1,0,1,1,1,1,1,1,1,0,0,0,0,0,1,0,0,0,0,1,1,0,0,0,1,1,0.3148148148148148,288.0026203738511,1
4,0,0,1,0,0,0,0,1,1,0,0,0,1,0,1,1,1,0,0,1,1,0,0,0,0,1,1,0,1,0,1,1,1,1,1,1,1,0,0,0,0,0,1,0,0,0,0,1,1,0,0,0,1,0,0.2777777777777778,275.2190494414121,1
5,0,0,1,0,0,0,0,1,1,0,0,0,1,0,1,1,1,0,0,1,1,0,0,0,0,1,1,0,1,0,1,1,1,1,1,0,1,0,0,0,0,0,1,0,0,0,0,1,1,0,0,0,1,0,0.3148148148148148,311.9398488573311,1
6,0,0,1,0,0,1,0,1,1,0,0,0,1,0,1,1,1,0,1,1,1,0,0,0,0,1,1,0,1,0,1,1,1,1,1,1,0,0,0,0,0,0,1,0,0,0,0,1,1,0,0,0,1,1,0.25925925925925924,368.11441432152424,1
7,0,0,1,0,0,1,0,1,1,0,0,0,1,0,1,1,1,0,1,1,1,0,0,0,0,1,1,0,1,0,1,1,1,1,1,1,1,0,0,0,0,0,1,0,0,1,0,1,1,0,0,0,1,1,0.2962962962962963,344.3178225614625,1
8,0,0,1,0,0,1,0,1,1,0,0,0,1,0,1,1,1,0,1,1,1,0,0,0,0,1,1,0,1,0,1,1,1,1,1,1,1,0,0,0,0,0,1,0,0,1,0,1,1,0,0,0,0,1,0.3333333333333333,361.52301471396237,1
9,0,0,1,0,0,1,0,1,1,0,0,0,1,0,1,1,1,0,0,1,0,0,0,0,0,1,1,0,1,0,1,1,1,1,1,1,1,0,0,0,0,0,1,0,0,0,0,1,1,0,0,0,1,0,0.2962962962962963,283.9089861340984,1
10,0,0,1,0,0,0,0,1,1,0,0,0,1,0,1,1,1,0,0,1,1,0,0,0,0,1,1,0,1,0,1,1,1,1,1,0,1,0,0,0,0,0,1,0,0,0,0,1,1,0,0,0,1,0,0.2777777777777778,311.9398488573311,1
11,0,0,1,0,0,0,0,1,1,0,0,0,1,0,1,1,1,0,1,1,1,0,0,0,0,1,1,0,1,0,1,1,1,1,1,1,1,0,0,0,0,0,1,0,0,0,0,1,1,0,0,0,1,0,0.3148148148148148,291.12893698634423,1
12,0,0,1,0,0,0,0,1,1,0,0,0,1,0,1,1,1,0,0,1,1,0,0,0,0,1,1,0,1,0,1,1,1,1,1,0,1,0,0,1,0,0,1,0,0,0,0,1,1,0,0,0,1,0,0.3333333333333333,292.604612547591,1
13,0,0,1,0,0,0,0,1,1,0,0,0,1,0,1,1,1,0,1,1,1,0,1,0,0,1,1,0,1,0,1,1,1,1,1,1,1,0,0,0,0,0,1,0,0,0,0,1,1,0,0,0,1,1,0.2962962962962963,308.8121526135887,1
14,0,0,1,0,0,1,0,1,1,0,0,0,1,0,1,1,1,0,1,1,1,0,0,0,0,1,1,0,1,0,1,1,0,1,1,1,1,0,0,0,0,0,1,0,0,0,0,1,1,0,0,0,1,1,0.2962962962962963,402.8400741178996,1
15,0,0,1,0,0,0,0,1,1,0,0,0,1,0,1,1,1,0,0,1,1,0,0,0,0,1,1,0,1,0,1,1,1,1,1,1,1,0,0,0,0,0,1,0,0,0,0,1,1,0,0,0,1,0,0.2777777777777778,275.2190494414121,1
16,0,0,1,0,0,1,0,1,1,0,0,0,1,0,1,1,1,0,1,1,1,0,0,0,0,1,1,0,1,0,1,1,1,1,1,1,0,0,0,0,0,0,1,0,0,0,0,1,1,0,0,0,1,1,0.3333333333333333,368.11441432152424,1
17,0,0,1,0,0,1,0,1,1,0,0,0,1,0,1,1,1,0,1,1,1,0,1,0,0,1,1,0,1,0,1,1,1,1,1,1,0,0,0,0,0,0,1,0,0,0,0,1,1,0,0,0,1,1,0.35185185185185186,413.9244398625245,1
18,0,0,1,0,0,0,0,1,1,0,0,0,1,0,1,1,1,0,1,1,1,0,0,0,0,1,1,0,1,0,1,1,1,1,1,1,1,0,0,1,0,0,1,0,0,1,0,1,1,0,0,0,0,0,0.3333333333333333,285.8259470895623,1
19,0,0,1,0,0,0,0,1,1,0,0,0,0,0,1,1,1,0,1,1,1,0,0,0,0,1,1,0,1,0,1,1,1,1,1,1,1,0,0,0,0,0,1,0,0,0,0,1,1,0,0,0,1,0,0.3148148148148148,277.14445374192746,1
20,0,0,1,0,0,1,0,1,1,0,0,0,1,0,1,1,1,0,1,1,0,0,0,0,0,1,1,0,1,0,1,1,1,1,1,1,1,0,0,0,0,0,1,0,0,0,0,1,1,0,0,0,1,1,0.25925925925925924,293.850684450642,1
21,0,0,1,0,0,0,0,1,1,0,0,0,1,0,1,1,1,0,0,1,1,0,0,0,0,1,1,0,1,0,1,1,1,1,1,0,1,0,0,0,0,0,1,0,0,0,0,1,1,0,0,0,1,0,0.3333333333333333,311.9398488573311,1
22,0,0,1,0,0,0,0,1,1,1,0,0,1,0,1,1,1,0,1,1,1,0,0,0,0,1,1,0,1,0,1,1,1,1,1,1,0,0,0,0,0,0,1,0,0,0,0,1,1,0,0,0,1,0,0.3148148148148148,323.35265927828095,1
23,0,0,1,0,0,0,0,1,1,0,0,0,0,0,1,1,1,0,1,1,1,0,0,0,0,1,1,0,1,0,1,1,1,1,1,1,1,0,0,0,0,0,1,0,0,0,0,1,1,0,0,0,0,1,0.2777777777777778,281.2426887874245,1
24,0,0,1,0,0,0,0,1,1,1,0,0,0,0,1,1,1,0,1,1,1,0,0,0,0,1,1,0,1,0,1,1,1,1,1,1,1,0,0,0,0,0,1,0,0,0,0,1,1,0,0,0,1,0,0.35185185185185186,292.26020839094303,1
25,0,0,1,0,0,1,0,1,1,0,0,0,1,0,1,1,1,0,1,1,0,0,0,0,0,1,1,0,1,0,1,1,1,1,1,0,1,0,0,0,0,0,1,0,0,0,0,1,1,0,0,0,1,0,0.3148148148148148,343.97027896415193,1
26,0,0,1,0,0,0,0,1,1,0,0,0,1,0,1,1,1,0,0,1,1,0,0,0,0,1,1,0,1,0,1,1,1,1,1,0,1,0,0,1,0,0,1,0,0,0,0,1,1,0,0,0,0,0,0.3148148148148148,330.31778153001545,1
27,0,0,1,0,0,1,0,1,1,1,0,0,1,0,1,1,0,0,1,1,1,1,0,0,0,1,1,0,1,0,1,1,1,1,1,1,1,0,0,0,0,0,1,0,0,0,0,1,1,0,0,0,1,0,0.2962962962962963,396.465222752555,1
28,0,0,1,0,0,1,0,1,1,0,0,0,1,0,1,1,1,0,0,1,1,0,0,0,0,1,1,0,1,0,1,1,1,1,1,0,1,0,0,0,0,0,1,0,0,0,0,1,1,0,0,0,1,1,0.2777777777777778,373.7815753718503,1
29,0,0,1,0,0,0,0,1,1,0,0,0,1,0,1,1,1,0,1,1,1,0,0,0,0,0,1,0,1,0,1,1,1,1,1,0,1,0,0,0,0,0,1,0,0,1,0,1,1,0,0,0,1,0,0.3333333333333333,271.2511658635563,1
30,0,0,1,0,0,0,0,1,1,0,0,0,1,0,1,1,1,0,1,1,1,0,0,0,0,1,1,1,1,0,1,1,1,1,1,0,0,0,0,0,0,0,1,0,0,0,0,1,1,0,0,0,1,0,0.3148148148148148,338.78499071942105,1
31,0,0,1,0,0,0,0,1,1,0,0,0,0,0,1,1,0,0,0,1,1,0,0,0,0,1,1,0,1,0,1,1,1,1,1,1,1,0,0,0,0,0,1,0,0,0,0,1,1,0,0,0,1,0,0.3148148148148148,241.2934706426689,1
32,0,0,1,0,0,0,0,1,1,1,0,0,1,0,1,1,1,0,1,1,0,0,0,0,0,1,1,1,1,0,1,1,1,1,1,0,1,0,0,0,0,0,1,0,0,1,0,0,1,0,0,0,1,0,0.2962962962962963,276.2204993682296,1
33,0,0,1,0,0,0,0,1,1,0,0,0,1,0,1,1,1,0,0,1,1,0,0,0,0,1,1,0,1,0,1,1,1,1,1,0,1,0,0,0,0,0,1,0,0,0,0,1,1,0,0,0,1,0,0.35185185185185186,311.9398488573311,1
34,0,0,1,0,0,0,0,1,1,0,0,0,1,0,1,1,1,0,0,1,1,0,0,0,1,1,1,0,1,0,1,1,1,1,1,1,1,0,0,0,0,0,1,0,0,0,0,1,1,0,0,0,1,0,0.35185185185185186,289.10601674785136,1
35,0,0,1,0,0,0,0,1,1,0,0,0,0,0,1,1,1,0,0,1,1,0,0,0,0,1,1,0,1,0,1,1,1,1,1,1,1,0,0,0,0,0,1,0,0,0,0,1,1,0,0,0,1,0,0.3333333333333333,263.73725198669143,1
36,0,0,1,0,0,0,0,1,1,0,0,0,1,0,1,1,1,0,1,1,1,0,1,0,0,1,1,0,1,0,1,1,1,1,1,1,1,0,0,0,0,0,1,0,0,1,0,1,1,0,0,0,1,0,0.3888888888888889,314.2700943840185,1
37,0,0,1,0,0,0,0,1,1,0,0,0,0,0,1,1,1,0,0,1,1,0,0,0,0,1,1,0,1,0,1,1,1,1,1,1,1,0,0,0,0,0,1,0,0,0,0,1,1,0,0,0,1,0,0.35185185185185186,263.73725198669143,1
38,0,0,1,0,0,1,0,1,1,1,0,0,1,0,1,1,1,0,0,1,1,0,0,0,0,1,1,0,1,0,1,1,1,1,1,1,1,0,0,1,0,0,1,0,0,1,0,1,1,0,0,0,1,0,0.3333333333333333,360.19957876605656,1
39,0,0,1,0,0,0,0,1,1,0,0,0,1,0,1,1,1,0,0,1,1,0,0,0,0,1,1,1,1,0,1,1,1,1,1,1,1,0,0,0,0,0,1,0,0,0,0,1,1,0,0,0,1,0,0.37037037037037035,268.9711967881662,1
40,0,0,1,0,0,1,0,1,1,0,0,0,1,0,1,1,1,0,1,1,1,0,0,0,0,1,1,0,1,0,1,1,1,1,1,1,1,0,0,0,0,0,1,0,0,1,0,1,1,0,0,0,1,0,0.3333333333333333,378.728206866462,1
41,0,0,1,0,0,0,0,1,1,0,0,0,1,0,1,1,1,0,1,1,1,0,0,0,0,1,1,0,0,0,1,1,1,1,1,0,1,0,0,1,0,0,1,0,0,1,0,1,1,0,0,0,1,0,0.2962962962962963,332.1917633574375,1
42,1,0,1,0,0,1,0,1,1,0,0,0,1,0,1,1,1,0,1,1,0,0,0,0,0,1,1,0,1,0,1,1,1,1,1,1,1,0,0,0,0,0,1,0,0,0,0,1,1,0,0,0,1,0,0.2777777777777778,311.6146666521179,1
43,0,0,1,0,0,1,0,1,1,0,0,0,1,0,1,1,1,0,0,1,1,0,1,0,0,1,1,0,1,0,1,1,1,1,1,0,1,0,0,0,0,0,1,0,0,1,0,1,1,0,0,0,1,0,0.2962962962962963,493.1344951222939,1
44,0,0,1,0,0,0,0,1,1,0,0,0,0,0,1,1,1,0,0,1,1,0,0,0,0,1,1,0,1,0,1,1,1,1,1,1,1,0,0,0,1,0,1,0,0,1,0,1,1,0,0,0,1,0,0.2962962962962963,257.0885788666496,1
45,0,0,1,0,0,0,0,1,1,0,0,0,1,0,1,1,0,0,0,1,1,0,0,1,0,1,1,0,1,0,1,1,1,1,1,0,1,0,0,0,0,0,1,0,0,0,0,1,1,0,0,0,1,0,0.37037037037037035,379.30715856776914,1
46,0,0,1,0,0,1,0,1,1,0,0,0,0,0,1,1,1,0,1,1,1,0,0,0,0,0,1,0,1,0,1,1,1,1,1,1,1,0,0,1,0,0,1,0,0,0,0,1,1,0,0,0,1,1,0.35185185185185186,319.89290107346477,1
47,0,0,1,0,0,0,0,1,1,0,0,0,1,0,1,1,1,0,1,1,1,0,0,0,0,1,1,0,1,0,1,1,1,1,1,0,1,0,0,1,0,0,1,0,0,0,0,1,1,0,0,0,1,0,0.3333333333333333,316.229617871215,1
48,0,0,1,0,0,0,0,1,1,0,0,0,1,0,1,1,1,0,1,1,1,0,0,0,0,0,1,0,1,0,1,1,1,1,1,0,0,0,0,1,0,0,1,0,0,0,0,1,1,0,0,0,1,0,0.37037037037037035,287.9336657957049,1
49,0,0,1,0,0,1,0,1,1,1,0,0,1,0,1,1,1,0,1,1,1,0,0,0,0,1,1,0,1,0,1,1,1,1,1,0,1,0,0,1,0,0,0,0,0,1,0,1,1,0,0,0,1,0,0.35185185185185186,492.53885072547007,1
50,0,0,1,0,0,0,0,1,1,0,0,0,1,0,1,1,1,0,1,1,0,0,0,0,0,1,1,0,1,0,1,1,1,1,1,1,1,0,0,0,0,0,1,0,0,1,0,0,1,0,0,0,1,0,0.2962962962962963,234.89024210776347,1
51,0,0,1,0,0,0,0,1,1,0,0,0,1,0,1,1,1,0,0,1,1,0,0,0,0,0,1,0,1,0,1,1,1,1,1,0,1,0,0,0,0,0,1,0,0,1,0,1,1,0,0,0,1,0,0.3333333333333333,252.41047379510695,1
52,0,0,1,0,0,0,0,1,1,0,0,0,1,0,1,1,1,0,1,1,1,0,0,0,0,1,1,0,1,0,1,1,1,1,1,0,1,0,0,0,0,0,1,0,0,0,0,1,1,0,0,1,1,0,0.2962962962962963,317.3062353222069,1
53,0,0,1,0,0,0,0,1,1,0,0,0,1,0,1,1,1,0,1,1,1,0,0,0,0,0,1,0,0,0,1,1,1,1,1,0,1,0,0,0,0,0,1,0,0,0,0,1,1,0,0,0,1,0,0.3333333333333333,325.8344060852223,1
54,0,0,1,0,0,0,0,1,1,1,0,0,0,0,1,1,1,0,0,1,1,0,0,0,0,1,1,0,1,0,1,1,1,1,1,0,1,0,0,0,0,0,1,0,0,0,0,1,1,0,0,0,1,0,0.3333333333333333,312.5513279304416,1
55,0,0,1,0,0,0,0,1,1,0,0,0,1,0,1,1,1,0,1,1,1,0,0,0,0,1,1,0,1,0,1,1,1,1,1,0,1,0,0,1,0,0,1,0,0,0,0,1,1,0,0,0,1,0,0.2962962962962963,316.229617871215,1
56,0,0,1,0,0,1,0,1,1,0,0,0,1,0,1,1,1,0,0,1,1,0,0,0,0,1,1,0,1,0,1,1,1,1,1,0,1,0,0,0,0,0,1,0,0,1,0,1,1,0,0,0,0,0,0.3333333333333333,481.11434549094963,1
57,0,0,1,0,0,0,0,1,1,0,0,0,1,0,1,1,1,0,0,1,1,0,0,0,0,1,1,0,1,0,1,1,1,1,1,1,1,0,0,0,0,0,1,0,0,0,0,1,1,1,0,0,1,0,0.3148148148148148,266.7585196714753,1
58,0,0,1,0,0,0,0,1,1,0,0,0,0,0,1,1,1,0,1,1,1,0,0,0,0,1,1,0,1,0,1,1,0,1,1,1,1,0,0,1,0,0,1,0,0,0,0,1,1,0,0,0,1,0,0.35185185185185186,299.0079910569438,1
59,0,0,1,0,0,0,0,1,1,0,0,0,0,0,1,0,1,0,1,1,1,0,0,0,0,1,1,0,1,0,1,1,1,1,1,1,0,0,0,0,0,0,1,0,0,0,0,1,1,0,0,0,1,0,0.25925925925925924,270.29312218254415,1
60,0,0,1,0,0,1,0,1,1,0,0,0,0,0,1,1,0,0,1,1,1,0,0,0,0,1,1,0,1,0,1,1,1,1,1,1,1,0,0,0,0,0,1,0,0,1,0,1,1,0,0,0,1,0,0.3888888888888889,314.629219680489,1
61,0,0,1,0,0,0,0,1,1,0,0,0,1,0,0,1,1,0,0,1,1,0,0,1,0,1,1,0,1,0,1,1,1,1,1,1,1,0,0,0,0,0,1,0,0,0,0,1,1,0,0,0,0,0,0.2962962962962963,302.51733417896116,1
62,0,0,1,0,0,0,0,1,1,0,0,0,1,0,1,1,1,0,0,1,1,0,0,0,0,1,1,0,1,0,1,1,0,1,1,1,1,0,0,0,0,0,1,0,0,0,0,1,1,0,0,0,1,0,0.35185185185185186,316.9678928182282,1
63,0,1,1,0,0,1,0,1,1,0,0,0,1,0,1,1,1,0,1,1,1,0,0,0,0,1,1,1,1,0,1,1,1,1,1,0,1,0,0,0,0,0,1,0,0,0,0,1,1,0,0,0,1,0,0.35185185185185186,529.7093352137891,1
64,0,0,1,0,0,0,0,1,1,1,0,0,1,0,1,1,1,1,1,1,1,0,0,0,0,1,1,0,1,0,1,1,1,1,1,1,0,0,0,0,0,0,1,0,0,1,0,1,1,0,0,0,1,0,0.3333333333333333,427.26812199611027,1
65,0,0,1,0,0,1,0,1,1,0,0,0,1,0,1,1,1,0,0,1,1,0,0,1,0,1,1,1,1,0,1,1,1,1,1,0,1,0,0,0,0,0,1,0,0,1,0,1,1,0,0,0,1,0,0.3888888888888889,552.172143125159,1
66,0,0,1,0,0,0,0,1,1,1,0,0,1,0,1,1,1,0,0,1,1,0,0,0,0,1,1,0,1,0,1,1,1,1,1,0,1,0,0,0,0,0,1,0,0,0,0,1,1,0,0,1,1,1,0.3148148148148148,279.8900806268215,1
67,0,0,1,0,0,0,0,1,1,0,0,0,1,0,1,1,1,0,1,1,1,1,0,0,0,1,1,0,1,0,1,1,1,1,1,0,1,0,0,1,0,0,1,0,0,0,0,1,1,0,0,0,1,0,0.3333333333333333,341.1314855082418,1
68,0,0,1,0,0,0,0,1,1,0,0,0,0,0,1,1,1,0,1,1,1,0,0,0,0,1,1,0,1,0,1,1,1,1,1,0,1,0,0,1,0,0,1,0,0,0,0,1,1,0,0,0,1,0,0.3888888888888889,294.3456280576679,1
69,0,0,1,0,0,0,0,1,1,0,0,0,1,0,1,1,0,0,0,1,1,0,0,0,0,1,1,0,1,0,1,1,1,1,1,0,1,0,0,1,0,0,1,0,0,0,0,1,1,0,0,0,1,0,0.37037037037037035,249.71218865482808,1
70,0,0,1,0,0,0,0,1,1,0,0,0,0,0,1,1,1,0,0,1,1,0,0,0,0,0,1,0,1,0,1,1,0,1,1,0,1,0,0,0,0,0,1,0,0,0,0,1,1,0,0,0,1,0,0.37037037037037035,304.37550058809836,1
71,0,0,1,0,0,0,0,1,1,0,0,0,0,0,1,1,1,0,0,1,1,0,0,0,0,0,1,0,1,0,0,1,1,1,1,0,0,0,0,0,0,1,1,0,0,0,0,1,1,0,0,0,1,0,0.25925925925925924,248.44183770737752,1
72,0,0,1,0,0,1,0,1,1,1,0,0,1,0,1,1,1,0,0,1,1,0,0,0,0,1,1,0,1,0,1,1,1,1,1,0,1,0,0,0,0,0,1,0,0,1,0,1,1,0,0,0,1,0,0.37037037037037035,454.93955332357797,1
73,0,0,1,0,0,0,0,1,1,0,0,0,1,0,1,1,0,0,1,1,1,0,0,0,0,1,1,0,1,0,1,1,1,1,1,0,1,0,0,0,0,0,1,0,0,1,0,1,1,0,0,0,1,1,0.37037037037037035,249.84030689044067,1
74,0,0,1,0,0,0,0,1,1,0,0,0,1,0,1,1,0,0,1,1,1,0,0,0,0,1,1,0,1,0,1,1,1,1,1,1,0,0,0,0,0,0,0,0,0,0,0,1,1,0,0,0,1,1,0.2962962962962963,273.5136802976931,1
75,0,0,1,0,0,0,0,1,1,0,0,0,1,0,1,1,1,0,1,1,1,0,0,0,0,1,1,0,1,0,1,1,1,1,1,0,1,0,0,0,0,0,1,0,0,0,0,1,1,0,0,0,1,0,0.35185185185185186,338.35380736150665,1
76,0,0,1,0,0,1,0,1,1,0,0,0,0,0,1,1,1,1,0,1,1,0,0,0,0,1,1,0,1,0,1,1,1,1,1,0,1,0,0,0,0,0,1,0,0,1,0,1,1,0,0,0,0,0,0.35185185185185186,628.554335512329,1
77,0,0,1,0,0,0,0,1,1,0,0,0,0,0,1,1,1,0,1,1,1,0,0,0,0,1,1,0,1,0,1,1,1,1,1,0,1,0,0,0,0,0,1,0,0,0,0,1,1,0,0,0,0,0,0.35185185185185186,356.37425988498626,1
78,0,0,1,0,0,1,0,1,1,0,0,0,0,0,1,1,1,0,1,1,0,0,0,1,0,1,1,0,1,0,1,1,1,1,1,1,1,0,0,1,0,0,0,0,0,0,0,1,1,0,0,0,1,0,0.2962962962962963,379.08672324859737,1
79,1,0,1,0,0,1,0,1,1,0,0,0,1,0,1,1,1,0,0,1,1,0,0,0,0,1,1,0,1,0,1,1,0,1,1,1,1,0,0,0,0,0,1,0,0,0,0,1,1,0,0,0,1,0,0.2962962962962963,492.1636213869449,1
80,0,0,1,0,0,0,0,1,1,0,0,0,1,0,1,1,1,0,1,1,1,0,0,0,0,1,1,0,1,0,1,1,1,1,1,0,1,0,0,0,0,0,1,0,0,0,0,1,1,0,0,0,1,0,0.3888888888888889,338.35380736150665,1
81,0,0,1,0,0,0,0,1,1,0,0,0,0,0,1,1,1,1,0,1,1,0,0,0,0,1,1,0,1,0,1,1,1,1,1,1,0,0,0,0,0,0,1,0,0,0,0,1,1,0,0,0,1,0,0.2962962962962963,373.8472159019216,1
82,1,1,0,1,1,0,1,0,0,0,1,1,0,1,1,0,0,1,0,0,0,1,1,0,1,0,1,1,0,1,0,0,0,0,0,0,0,1,1,0,1,1,0,1,1,0,1,0,0,1,1,0,0,0,0.2962962962962963,344.96102469858266,1
83,0,0,1,0,0,0,0,1,1,0,0,0,1,0,0,1,1,0,1,1,1,0,0,1,0,1,1,0,1,0,1,1,1,1,1,1,0,0,0,0,0,0,1,0,0,0,0,1,1,0,0,0,0,0,0.2962962962962963,340.9424842324879,1
84,0,0,1,0,0,0,0,1,1,0,0,0,1,0,1,1,1,0,0,1,1,0,0,0,0,1,1,0,1,0,1,1,1,1,1,0,1,0,0,1,0,0,1,0,0,0,0,1,1,0,0,0,1,0,0.3888888888888889,292.604612547591,1
85,0,0,1,0,0,0,0,1,1,1,0,0,1,0,1,1,0,0,1,1,1,0,0,1,0,1,1,0,1,0,1,1,1,1,1,0,1,0,0,0,0,0,1,0,0,1,0,1,1,0,0,0,0,0,0.3888888888888889,472.5211327118287,1
86,0,0,1,0,0,0,0,1,1,0,0,0,1,0,1,1,1,0,1,1,1,0,0,0,0,1,1,0,1,0,1,1,1,1,1,0,1,0,0,1,0,0,1,0,0,0,0,1,1,0,0,0,1,0,0.35185185185185186,316.229617871215,1
87,0,0,1,0,0,1,1,1,1,1,0,0,0,0,0,1,1,0,1,1,1,0,0,0,0,1,1,0,1,0,0,1,0,1,1,1,1,0,0,0,0,0,1,0,0,0,0,1,1,0,0,0,1,0,0.2962962962962963,409.18021064964273,1
88,0,0,1,0,0,0,0,1,1,0,0,0,1,0,1,1,0,1,0,1,1,0,0,0,0,0,1,0,1,0,1,1,0,1,1,0,1,0,0,0,0,0,1,0,0,1,0,1,1,0,0,0,1,0,0.3333333333333333,382.62951475912985,1
89,0,0,1,0,0,0,0,1,1,0,0,0,0,0,1,1,1,0,0,1,1,0,1,0,0,1,1,0,1,0,1,1,1,1,1,0,0,1,0,0,0,0,1,0,0,0,0,1,1,0,0,0,1,1,0.3333333333333333,287.51804332590353,1
90,0,0,1,0,0,0,0,1,1,0,0,0,1,0,1,1,0,0,0,1,1,0,0,0,0,1,1,1,1,0,1,1,1,1,1,0,1,0,0,0,0,0,1,0,0,0,0,1,1,0,0,0,0,0,0.35185185185185186,278.1140272605344,1
91,1,1,0,1,1,1,1,0,0,1,1,1,0,1,1,0,0,0,0,0,0,1,1,0,1,0,1,0,0,1,0,0,0,0,0,0,0,1,1,0,1,1,0,1,1,0,1,0,0,1,1,1,0,1,0.2962962962962963,408.84755388843166,1
92,0,0,1,0,0,0,0,1,1,0,0,0,1,0,1,0,1,0,0,1,1,0,0,1,0,1,1,0,1,0,1,1,0,1,1,1,1,0,0,0,0,0,1,0,0,0,0,1,1,0,0,1,1,0,0.2962962962962963,391.8466357364729,1
93,0,0,1,0,0,0,0,1,1,0,0,0,1,0,1,1,1,0,0,1,1,0,0,0,0,1,1,0,1,0,1,1,1,1,1,0,1,0,0,0,0,0,1,0,0,0,0,1,1,0,0,0,1,0,0.3888888888888889,311.9398488573311,1
94,0,0,1,0,0,0,0,1,1,1,0,0,1,0,1,1,1,0,0,1,1,0,0,0,0,1,1,0,1,0,1,1,1,0,1,1,1,0,0,0,0,0,1,0,0,1,0,1,1,0,0,0,1,1,0.35185185185185186,282.44981326688725,1
95,1,1,0,1,1,1,1,0,0,0,1,1,0,1,1,0,0,1,0,0,0,1,1,1,1,0,1,0,0,1,0,0,0,0,0,0,0,1,1,0,1,0,0,1,1,0,1,0,0,1,1,1,0,0,0.2777777777777778,541.2395546540913,1
96,0,0,1,0,0,0,0,1,1,0,0,0,1,0,1,1,1,0,0,1,1,0,0,0,0,0,1,0,1,0,1,1,1,1,1,0,1,0,0,0,0,0,1,0,0,0,0,1,1,0,0,0,1,0,0.4074074074074074,267.94720065405664,1
97,0,0,1,0,0,0,0,1,1,0,0,0,1,0,1,1,1,0,0,1,1,0,0,0,0,1,1,0,1,0,1,1,1,1,1,0,1,0,0,0,0,0,0,0,0,0,0,1,1,0,0,0,0,0,0.3888888888888889,383.4702971527544,1
98,0,0,1,0,0,0,0,1,1,0,0,0,1,0,0,1,1,0,0,1,1,0,0,0,0,1,1,0,1,0,1,1,1,1,1,1,0,0,0,1,0,0,0,0,0,0,0,1,1,0,0,0,0,0,0.3333333333333333,233.05384180542848,1
99,0,0,1,0,0,0,0,1,1,0,0,0,1,0,1,1,1,0,0,1,1,0,0,0,0,1,1,0,1,0,1,1,1,1,1,0,1,0,0,1,0,0,1,0,0,0,0,1,1,0,0,1,1,0,0.37037037037037035,276.7480280563789,1
