,0,1,2,3,4,5,6,7,8,9,10,11,12,13,14,15,16,17,18,19,20,21,22,23,24,25,26,27,28,29,30,31,32,33,34,35,36,37,38,39,40,41,42,43,44,45,46,47,48,49,50,51,52,53,chain_break_fraction,energy,num_occurrences
0,1,0,1,0,0,1,0,1,1,0,1,1,0,0,1,0,1,0,0,0,0,0,0,1,1,1,1,1,1,1,1,1,0,0,1,0,1,0,0,1,0,0,1,1,1,1,1,0,0,1,0,0,0,1,0.2777777777777778,489.2744424142745,1
1,0,1,1,0,0,1,0,1,1,0,1,1,0,0,1,0,1,0,1,0,0,0,0,1,1,1,1,1,1,1,1,1,0,0,1,0,1,0,0,1,0,0,1,1,1,1,1,0,0,0,0,0,0,1,0.2962962962962963,576.4974092410596,1
2,1,0,1,0,0,1,0,1,1,0,1,1,0,0,1,0,0,0,1,0,0,0,0,1,1,1,1,1,1,1,1,1,0,0,1,0,1,0,0,1,0,0,1,1,1,1,1,0,0,0,1,0,0,1,0.2777777777777778,455.91314287621003,1
3,0,0,1,0,0,1,0,1,1,0,1,1,0,0,1,0,1,0,1,0,0,0,0,1,1,1,1,1,1,1,1,1,0,0,1,0,1,0,0,1,0,0,1,1,1,1,1,0,0,1,1,0,0,1,0.3148148148148148,480.14272878042755,1
4,1,0,1,0,0,1,0,1,1,0,1,1,0,0,1,0,1,0,1,0,0,0,0,1,1,1,1,1,1,1,1,1,0,0,1,0,1,0,0,1,0,0,1,1,1,1,1,0,0,0,0,0,0,1,0.3148148148148148,541.5166203863118,1
5,0,1,1,1,1,0,1,0,1,1,0,0,1,1,0,1,0,1,0,1,1,1,1,1,0,0,0,0,0,1,0,1,1,1,0,1,0,1,1,0,1,1,0,0,0,0,0,1,1,0,0,1,1,0,0.2962962962962963,478.70441074344,1
6,1,0,1,0,0,1,0,1,1,0,1,1,0,0,1,0,1,0,1,0,0,0,0,1,1,1,1,1,1,1,1,1,0,0,1,0,1,0,0,1,0,0,1,1,1,1,1,0,0,0,1,0,0,1,0.3148148148148148,501.91950756976433,1
7,1,1,1,0,0,1,0,1,1,0,1,1,0,0,1,0,1,0,1,0,0,0,0,1,1,1,1,1,1,1,1,1,0,0,1,0,1,0,0,1,0,0,1,1,1,1,1,0,0,0,0,1,0,1,0.2962962962962963,581.7097864475045,1
8,0,1,1,1,1,0,1,0,1,1,0,0,1,1,0,1,0,1,0,1,1,1,1,1,0,0,0,0,0,1,0,0,1,1,0,1,0,1,1,0,1,1,0,0,0,0,0,1,1,0,0,1,1,0,0.35185185185185186,465.1574309593994,1
9,0,0,1,0,0,1,0,1,1,0,1,1,1,0,1,0,1,0,1,0,0,0,0,1,1,1,1,1,1,1,1,0,0,0,1,0,1,0,0,1,0,0,1,1,1,1,1,0,0,0,1,0,0,1,0.2962962962962963,522.2819296725215,1
10,1,1,0,0,0,1,0,1,1,0,1,1,0,0,1,0,1,0,1,0,0,0,0,1,1,1,1,1,1,1,1,1,0,0,1,0,1,0,0,1,0,0,1,1,1,1,1,0,0,0,0,0,0,0,0.2962962962962963,561.6665994077582,1
11,0,1,1,1,1,0,1,0,1,1,0,0,1,1,0,1,0,0,0,0,1,1,1,1,0,0,0,0,0,1,0,0,1,1,0,1,0,1,1,0,1,1,0,0,0,0,0,1,1,0,0,1,1,0,0.2777777777777778,415.51997187437473,1
12,1,0,0,0,0,1,0,1,1,0,1,1,0,1,1,0,1,0,0,0,0,0,0,1,1,1,1,1,1,1,1,0,0,0,1,0,1,0,0,1,0,0,1,1,1,1,1,0,0,0,0,0,0,1,0.2962962962962963,484.2081225216258,1
13,1,0,1,0,1,1,0,1,1,0,1,1,0,0,1,0,1,0,1,0,0,0,0,1,1,1,1,1,1,1,1,1,0,0,1,0,1,0,0,1,0,0,1,1,1,1,1,0,0,0,1,0,0,1,0.2777777777777778,557.1882029910494,1
14,1,1,0,0,0,1,0,1,1,0,0,1,0,0,1,0,1,0,1,0,0,0,0,0,1,1,1,1,1,1,1,1,0,0,1,0,1,0,0,1,0,0,1,1,1,1,1,0,0,0,0,0,0,0,0.24074074074074073,361.713504864205,1
15,1,1,1,0,0,1,0,1,1,0,1,1,0,0,1,0,0,0,1,0,0,0,0,1,1,1,1,1,1,1,1,1,0,0,1,0,1,0,0,1,0,0,1,1,1,1,1,0,0,0,0,0,0,1,0.2962962962962963,535.0349637595419,1
16,0,0,0,0,0,1,0,1,1,0,1,1,0,1,1,0,1,0,1,0,0,0,0,1,1,1,1,1,1,1,1,1,0,0,1,0,1,0,0,1,0,0,1,1,1,1,1,0,0,0,1,0,0,1,0.2962962962962963,444.23400290670634,1
17,1,1,0,0,0,1,0,1,1,0,1,1,0,0,1,0,1,1,1,0,0,0,0,1,1,1,1,1,1,1,1,1,0,0,1,0,1,0,0,1,0,0,1,1,1,1,1,0,0,0,1,0,0,1,0.2962962962962963,571.9739448017192,1
18,0,0,1,0,0,1,0,1,1,0,0,1,0,1,1,0,1,0,1,0,0,0,0,1,1,1,1,1,1,1,1,1,0,0,1,0,1,0,0,1,0,0,1,1,1,1,1,0,0,0,0,0,0,1,0.3333333333333333,514.0684172818832,1
19,0,0,0,0,0,1,0,1,1,0,1,1,0,0,1,0,1,1,1,0,0,0,0,1,1,1,1,1,1,1,1,1,0,0,1,0,1,0,0,1,0,0,1,1,1,1,1,0,0,0,0,0,0,1,0.3148148148148148,539.498667348094,1
20,1,1,1,1,1,0,1,0,1,1,0,0,1,1,0,1,0,0,0,1,1,1,1,1,0,0,0,0,0,1,0,0,1,1,0,1,0,1,1,0,1,1,0,0,0,0,0,1,1,0,0,1,1,0,0.3148148148148148,409.9526200851152,1
21,0,0,0,0,0,1,0,1,1,0,1,1,0,0,1,0,1,1,1,0,0,0,0,1,1,1,1,1,1,1,1,1,0,0,1,0,1,0,0,1,0,0,1,1,1,1,1,0,0,1,0,0,0,1,0.2962962962962963,512.2675869585374,1
22,1,0,0,0,0,1,0,1,1,0,1,1,0,0,1,0,1,1,1,0,0,0,0,1,1,1,0,1,1,1,1,1,0,0,1,0,1,0,0,1,0,0,1,1,1,1,1,0,0,0,0,0,0,1,0.2962962962962963,450.2361591514206,1
23,0,0,1,1,1,0,1,0,1,1,0,0,1,1,0,1,0,1,0,0,1,1,1,1,0,0,0,0,0,1,0,1,1,1,0,1,0,1,1,0,1,1,0,0,0,0,0,1,1,0,0,1,1,0,0.3148148148148148,478.32937990070724,1
24,1,1,0,0,0,1,0,1,1,0,1,1,0,1,1,0,1,0,1,0,0,0,0,1,1,1,1,1,1,1,1,1,0,0,1,0,1,0,0,1,0,0,1,1,1,1,1,0,0,0,0,1,0,1,0.3333333333333333,507.8710829580403,1
25,0,1,0,0,0,1,0,1,1,0,0,1,0,0,1,0,0,0,1,0,0,0,0,1,1,1,1,1,1,1,1,0,0,0,1,0,1,0,0,1,0,0,1,1,1,1,1,0,0,0,1,0,0,0,0.2222222222222222,398.0238705738093,1
26,1,0,0,0,0,1,0,1,1,0,1,1,0,0,1,0,0,1,1,0,0,0,0,1,1,1,1,1,1,1,1,1,0,0,1,0,1,0,0,1,0,0,1,1,1,1,1,0,0,0,1,0,0,1,0.3148148148148148,476.00942436358054,1
27,1,0,1,0,0,1,0,1,1,0,1,1,0,0,1,0,1,1,1,0,0,0,0,1,1,1,1,0,1,1,1,1,0,0,1,0,1,0,0,1,0,0,1,1,1,1,1,0,0,0,0,0,0,1,0.3333333333333333,755.2582522421683,1
28,0,1,1,1,1,0,1,0,1,1,0,0,1,1,0,1,0,0,0,1,1,1,1,1,0,0,0,0,0,1,0,0,1,1,0,1,0,1,1,0,1,1,0,0,0,0,0,1,1,0,0,1,1,0,0.25925925925925924,407.752864944894,1
29,0,1,0,0,0,1,0,1,1,0,1,1,0,0,1,0,1,0,1,0,0,0,0,1,1,1,1,1,1,1,1,1,0,0,1,0,1,0,0,1,0,0,1,1,1,1,1,0,0,0,1,0,0,1,0.2962962962962963,438.9822739528923,1
30,1,0,1,0,0,1,0,1,1,0,1,1,0,0,1,1,1,0,1,0,0,0,0,1,0,1,1,1,1,1,1,1,0,0,1,0,1,0,0,1,0,0,1,1,1,1,1,0,0,1,0,0,0,1,0.2777777777777778,514.0823147500602,1
31,1,0,0,0,0,1,0,1,1,0,1,1,0,1,1,0,1,1,0,0,0,0,0,1,1,1,1,1,1,1,1,0,0,0,1,0,1,0,0,1,0,0,1,1,1,1,1,0,0,0,1,0,0,1,0.3333333333333333,582.4192186400448,1
32,1,1,1,0,0,1,0,1,1,0,1,1,0,0,1,0,0,0,1,0,0,0,0,1,1,1,1,1,1,1,1,1,0,0,1,0,1,0,0,1,0,0,1,1,1,1,1,0,0,1,1,0,0,1,0.3333333333333333,488.2893637434867,1
33,0,1,0,0,0,1,0,1,1,0,1,1,0,1,1,0,0,0,1,0,0,0,0,1,1,1,1,1,1,1,1,1,0,0,1,0,1,0,0,1,0,0,1,1,1,1,1,0,0,0,1,0,0,1,0.2962962962962963,432.58595523216724,1
34,1,0,0,0,0,1,0,1,1,0,1,1,0,0,1,0,1,1,1,0,0,0,0,1,1,1,1,1,1,1,0,1,0,0,1,0,1,0,0,1,0,0,1,1,1,1,1,0,0,0,0,0,0,1,0.2962962962962963,588.3667253064634,1
35,0,1,1,1,1,0,1,0,1,1,0,0,1,1,0,1,0,0,0,1,1,1,1,1,0,0,0,0,0,1,0,0,1,1,0,1,0,1,1,0,1,1,0,0,0,0,0,1,1,0,0,1,1,0,0.35185185185185186,407.752864944894,1
36,0,1,1,1,1,0,1,0,1,1,0,0,0,1,0,1,0,1,0,1,1,1,1,1,0,0,0,0,0,1,0,0,1,1,0,0,0,1,1,0,1,1,0,0,0,0,0,1,1,0,0,1,1,0,0.2962962962962963,452.2113071949031,1
37,1,0,1,0,1,1,0,1,1,0,1,1,0,1,1,0,1,0,1,1,0,0,0,1,1,1,1,1,1,1,1,1,0,0,1,0,1,0,0,1,0,0,1,1,1,1,1,0,0,1,1,1,0,1,0.3148148148148148,616.5185681787005,1
38,0,0,0,0,0,1,0,1,1,0,1,1,0,0,1,0,1,1,1,0,0,0,0,1,1,1,0,1,1,1,0,1,0,0,1,0,1,0,0,1,0,0,1,1,1,1,1,0,0,0,0,0,0,0,0.2962962962962963,508.197447509051,1
39,0,1,1,0,0,1,0,1,1,0,1,1,0,0,1,0,1,0,1,0,0,0,0,1,1,1,1,1,1,1,1,0,0,1,1,0,1,0,0,1,0,0,1,1,1,1,1,0,0,0,0,0,0,1,0.25925925925925924,595.2152922267464,1
40,1,0,1,0,0,1,0,1,1,0,1,1,0,0,1,0,1,0,1,0,0,0,0,1,1,1,1,0,1,1,1,1,0,0,1,0,1,0,0,1,0,0,1,1,1,1,1,0,0,0,1,0,0,1,0.2777777777777778,513.7819615546123,1
41,0,1,1,1,1,0,1,0,1,1,0,0,1,1,0,1,0,1,0,1,1,1,1,1,0,0,0,0,0,1,0,0,1,1,0,1,0,1,1,0,1,1,0,0,0,0,0,1,1,0,0,1,1,0,0.3148148148148148,465.1574309593994,1
42,0,0,0,0,0,1,0,1,1,0,1,1,0,1,1,0,1,0,1,0,0,0,0,1,1,1,1,1,1,1,1,1,0,0,1,0,1,0,0,1,0,0,1,1,1,1,1,0,0,1,1,1,0,1,0.3148148148148148,449.4685725627908,1
43,0,0,1,0,0,1,0,1,1,0,1,1,0,0,1,0,1,0,1,0,0,0,0,1,1,1,1,1,1,1,1,1,0,0,1,0,1,0,0,1,0,0,1,1,1,1,1,0,0,1,1,1,0,1,0.2777777777777778,473.2482567943458,1
44,0,1,1,1,1,0,1,0,1,1,0,0,0,1,0,1,0,0,0,0,1,1,1,1,0,0,0,0,0,0,0,0,1,1,0,1,0,1,1,0,1,1,0,0,0,0,0,1,1,0,0,1,1,0,0.2962962962962963,351.3389200798425,1
45,0,1,1,1,1,0,1,0,1,1,0,0,1,1,0,1,0,0,0,1,1,1,1,1,0,0,0,0,0,1,0,1,1,1,0,1,0,1,1,0,1,1,0,0,0,0,0,1,1,0,0,1,1,0,0.3333333333333333,441.88405291747057,1
46,1,1,0,0,0,1,0,1,1,0,1,1,0,0,1,0,1,0,1,0,0,0,0,1,1,1,1,1,1,1,1,1,0,1,1,0,1,0,0,1,0,0,1,1,1,1,1,0,0,1,0,0,0,1,0.2962962962962963,439.29750638973024,1
47,1,0,1,1,1,0,1,0,1,1,0,0,1,1,0,1,0,0,0,1,1,1,1,1,0,0,0,0,0,1,0,0,1,1,0,1,0,1,1,0,1,1,0,0,0,0,0,1,1,0,0,1,1,0,0.3333333333333333,405.5531098046726,1
48,1,0,1,0,0,1,0,1,1,0,1,1,0,1,1,0,1,0,1,0,0,0,0,1,1,1,1,1,1,1,1,1,0,0,1,0,1,0,0,1,0,0,0,1,1,1,1,0,0,0,0,0,0,1,0.2962962962962963,640.4934260119608,1
49,1,1,1,1,1,0,1,0,1,1,0,0,1,1,0,1,0,1,0,0,1,1,1,1,0,0,0,0,0,0,0,1,1,1,0,1,0,1,1,0,1,1,0,0,0,0,0,1,1,0,0,1,1,0,0.2962962962962963,446.74266791644766,1
50,0,1,1,0,0,1,0,1,1,0,1,1,0,1,1,0,1,0,1,0,0,0,0,1,0,1,1,1,1,1,1,0,0,0,1,0,1,0,0,1,0,0,1,1,1,1,1,0,0,0,1,0,0,1,0.2777777777777778,585.1555436203491,1
51,0,0,1,1,1,0,1,0,1,1,0,0,1,1,0,1,0,0,0,1,1,1,1,1,0,0,0,0,0,1,0,0,1,1,0,0,0,1,1,0,1,1,0,0,0,0,0,1,1,1,0,1,1,0,0.3333333333333333,373.307271002775,1
52,0,1,0,1,1,0,1,0,1,1,0,0,1,1,0,1,0,0,0,1,1,1,1,1,0,0,0,0,0,0,0,0,1,1,0,0,0,1,1,0,1,1,0,0,0,0,0,1,1,0,0,1,1,0,0.3333333333333333,301.5694259211331,1
53,0,1,1,1,0,0,1,0,1,1,0,0,1,1,0,1,0,0,0,1,1,1,1,1,0,0,0,0,0,1,0,1,1,1,0,1,0,1,1,0,1,1,0,0,0,0,0,1,1,0,0,1,1,0,0.2962962962962963,454.07548400754206,1
54,1,1,1,0,0,1,0,1,1,0,1,1,0,1,1,0,1,0,1,0,0,0,0,1,1,1,1,1,1,1,1,0,0,0,1,1,1,0,0,1,0,0,1,1,1,1,1,0,0,0,1,1,0,1,0.3333333333333333,565.1058286076949,1
55,0,1,1,1,1,0,1,0,1,1,0,0,0,1,0,1,0,0,0,1,1,1,1,1,0,0,0,0,0,1,0,0,1,1,0,1,0,1,1,0,1,1,0,0,0,0,0,1,1,0,0,1,1,0,0.2962962962962963,408.7367297659854,1
56,0,0,1,1,1,0,1,0,1,1,0,0,1,1,0,0,0,1,0,1,1,1,1,1,0,0,0,0,0,1,0,1,1,1,0,1,0,1,1,0,1,1,0,0,0,0,0,1,1,0,0,1,1,0,0.35185185185185186,466.1068572767604,1
57,0,1,1,0,1,1,0,1,1,0,1,1,0,0,1,0,1,0,1,0,0,0,0,1,1,1,1,1,1,1,1,1,0,0,1,0,1,0,0,1,0,0,1,1,1,1,1,0,0,0,1,0,0,1,0.35185185185185186,587.1688863276814,1
58,0,1,1,1,1,0,1,0,1,1,0,0,1,1,0,1,0,0,0,1,1,1,1,1,0,0,0,0,0,1,0,1,1,1,0,1,0,1,1,0,1,1,0,0,0,0,0,1,0,0,0,1,1,0,0.2777777777777778,425.9965888490999,1
59,1,1,1,0,0,1,0,1,1,0,1,1,0,0,1,0,1,0,0,0,0,0,0,1,1,1,1,1,1,1,0,1,0,0,1,0,1,0,0,0,0,0,1,1,1,1,1,0,0,0,1,0,0,1,0.2777777777777778,560.2878952979169,1
60,1,1,1,1,1,0,1,0,1,1,0,0,0,1,0,1,0,1,0,1,1,1,1,1,0,0,0,0,0,1,0,1,1,1,0,1,0,1,1,0,1,1,0,0,0,0,0,1,0,0,0,1,1,0,0.2962962962962963,473.1377179525909,1
61,0,1,1,1,1,0,1,0,1,1,0,0,1,1,0,1,0,1,0,0,1,1,1,1,0,0,0,0,0,1,0,1,1,1,0,1,0,1,1,0,1,1,0,0,0,0,0,1,1,0,0,1,1,0,0.3333333333333333,476.6882688812901,1
62,0,1,1,1,1,0,0,0,1,1,1,0,1,1,0,0,0,1,0,0,1,1,1,1,0,0,0,0,0,1,0,0,1,1,0,1,0,1,1,0,1,1,0,0,0,0,0,1,1,0,0,1,1,0,0.2962962962962963,442.58311949948893,1
63,0,1,1,1,1,0,1,0,1,1,0,0,1,1,0,1,0,1,0,1,1,1,1,1,0,0,0,0,0,1,0,1,1,1,0,1,0,1,1,0,1,1,0,0,0,0,0,1,1,0,0,1,1,0,0.35185185185185186,478.70441074344,1
64,0,1,1,0,0,1,0,1,1,0,1,1,0,0,1,0,1,0,1,0,0,0,0,1,1,1,1,0,1,1,1,1,0,0,1,0,1,0,0,1,0,0,1,1,1,1,1,0,0,0,1,0,0,1,0.3333333333333333,541.28026801551,1
65,1,0,0,0,0,1,0,1,1,0,0,1,0,0,1,0,1,0,1,0,0,0,0,1,1,1,1,1,1,1,1,0,0,1,1,0,1,0,0,1,0,0,1,1,1,1,1,0,0,0,0,1,0,1,0.3148148148148148,375.63014602333953,1
66,1,1,1,1,1,0,1,0,1,1,0,0,1,1,0,0,0,0,1,1,1,1,1,1,0,0,0,0,0,1,0,1,1,1,0,1,0,1,1,0,1,1,0,0,0,0,0,1,1,0,0,1,1,0,0.25925925925925924,433.3909370695959,1
67,1,0,1,0,0,1,0,1,1,0,1,1,0,1,1,0,1,1,0,0,0,0,0,1,1,1,1,1,1,1,1,1,0,0,1,0,1,0,0,1,0,0,1,1,1,1,1,0,0,0,0,0,0,1,0.35185185185185186,773.8999856533109,1
68,0,1,1,0,0,1,0,1,1,0,1,1,0,1,1,0,0,0,1,0,0,0,0,1,1,1,1,1,1,1,1,0,0,0,1,0,1,0,0,1,0,0,1,1,1,1,1,0,0,0,1,0,0,1,0.3148148148148148,545.0547748424854,1
69,1,1,1,0,0,1,0,1,1,0,1,1,0,1,1,0,1,0,0,0,0,0,0,1,1,1,1,0,1,1,1,1,0,0,1,0,1,0,0,1,0,0,1,1,1,1,1,0,0,0,1,0,0,1,0.2962962962962963,606.0900030919605,1
70,1,0,0,0,0,1,0,1,1,0,1,1,0,0,1,0,1,0,1,0,0,0,0,1,0,1,1,1,1,1,1,1,0,0,1,0,1,0,0,1,0,0,1,1,1,1,1,0,0,0,1,1,0,1,0.2777777777777778,415.43279795347354,1
71,0,0,0,0,0,1,0,1,1,0,1,1,0,0,1,0,1,1,1,1,0,0,0,1,1,1,1,1,1,1,1,1,0,0,1,0,1,0,0,1,0,0,1,1,1,1,1,0,0,0,1,0,0,1,0.3148148148148148,546.6358763923558,1
72,0,1,1,1,1,0,1,0,1,1,1,0,1,1,0,1,0,1,0,0,1,1,1,1,0,0,0,0,0,1,0,1,1,1,0,1,0,1,1,0,1,1,0,0,0,0,0,1,1,0,0,1,1,0,0.3333333333333333,482.1308124654027,1
73,0,1,0,1,1,0,1,0,0,1,0,0,1,1,0,1,0,0,0,1,1,1,1,1,0,0,0,0,0,0,0,1,1,1,0,1,0,1,1,0,1,1,0,0,0,0,0,1,1,0,0,1,1,0,0.2777777777777778,372.8669677872767,1
74,1,1,0,0,1,1,0,1,1,0,1,1,0,0,1,0,0,0,1,0,0,0,0,1,1,1,1,1,1,1,1,1,0,0,1,0,1,0,0,1,0,0,1,1,1,1,1,0,0,0,1,0,0,1,0.3148148148148148,450.22115152353524,1
75,1,1,1,0,0,1,0,1,1,0,1,1,0,0,1,0,1,0,0,0,0,0,0,1,1,1,1,1,1,1,1,1,0,1,1,0,1,0,0,1,0,0,1,1,1,1,1,0,0,0,1,0,0,1,0.3333333333333333,519.2203532629038,1
76,1,0,1,0,0,1,0,1,1,0,1,1,0,0,1,0,0,0,1,0,0,0,0,1,1,1,1,1,1,1,1,1,0,1,1,0,1,0,0,1,0,0,1,1,1,1,1,0,0,1,0,1,0,1,0.25925925925925924,431.26137483135403,1
77,0,1,1,1,1,0,1,0,1,1,0,0,1,1,0,0,0,0,0,1,1,1,1,1,1,0,0,0,0,0,0,0,1,1,0,1,0,1,1,0,1,1,0,0,0,0,0,1,1,0,0,1,1,0,0.25925925925925924,362.8661285740554,1
78,0,1,1,1,1,0,1,0,1,1,0,0,1,1,0,1,0,1,0,1,1,0,1,1,0,0,0,0,0,1,0,0,1,1,0,1,0,1,1,0,1,1,0,0,0,0,0,1,1,0,0,1,1,0,0.35185185185185186,451.31738406474096,1
79,0,0,0,0,0,1,0,1,1,0,1,1,0,0,1,0,1,0,1,0,0,0,0,1,0,1,1,1,1,1,1,1,0,0,1,0,1,0,0,1,0,0,1,1,1,1,1,0,0,0,0,0,0,0,0.2962962962962963,440.4348631862331,1
80,1,0,1,0,0,1,0,1,1,0,1,1,0,0,1,0,1,1,1,0,0,0,0,1,1,1,1,0,1,1,1,1,0,1,1,0,1,0,0,1,0,0,1,1,1,1,1,0,0,0,1,0,0,1,0.2962962962962963,640.6920207494607,1
81,1,1,0,0,0,1,0,1,0,0,1,1,0,0,1,0,1,0,1,0,0,0,0,1,1,1,1,1,1,1,0,1,0,0,1,0,1,0,0,1,0,0,1,1,1,1,1,0,1,0,0,0,0,1,0.25925925925925924,358.34971667119817,1
82,1,0,1,0,1,1,0,1,1,0,1,1,0,1,1,0,0,0,1,0,0,0,0,1,1,1,1,1,1,1,1,1,0,0,1,0,1,0,0,1,0,0,1,1,1,1,1,0,0,1,1,0,0,1,0.2962962962962963,531.8343039866119,1
83,0,1,1,1,0,0,1,0,1,0,0,0,1,1,0,1,0,1,0,0,1,1,1,1,0,0,0,0,0,1,0,1,1,1,0,1,0,1,1,0,1,1,0,0,0,0,0,1,1,0,0,1,1,0,0.37037037037037035,485.9043480699268,1
84,1,1,0,0,0,1,0,1,1,0,1,1,0,0,1,0,1,1,1,0,0,0,0,1,1,1,0,1,1,1,1,1,0,0,1,0,1,0,0,1,0,0,0,1,1,1,1,0,0,0,0,0,0,1,0.35185185185185186,513.8721459322263,1
85,1,1,1,1,1,0,1,0,1,1,0,0,1,1,0,1,0,0,0,0,1,1,1,1,1,0,0,0,0,1,0,0,1,1,0,1,0,1,1,0,1,1,0,0,0,0,0,1,0,0,0,1,1,0,0.3148148148148148,399.5924663952455,1
86,1,0,0,0,1,1,0,1,1,0,1,1,0,0,1,0,1,1,1,0,0,0,0,1,1,1,0,1,1,1,0,1,0,0,1,0,1,0,0,1,0,0,1,1,1,1,1,0,0,0,0,1,0,1,0.2962962962962963,503.854896253768,1
87,1,0,0,0,0,1,0,1,1,0,0,1,0,1,1,0,1,0,1,0,0,0,0,1,0,1,1,1,1,1,1,1,0,0,1,0,0,0,0,1,0,0,1,1,1,1,1,0,0,0,0,0,0,0,0.2777777777777778,487.08057525178623,1
88,0,1,1,1,1,0,1,0,1,1,1,0,1,1,0,0,0,1,0,1,1,1,1,1,0,0,0,0,0,0,0,1,1,1,0,0,0,1,1,0,1,1,0,0,0,0,0,1,1,0,0,1,1,0,0.3148148148148148,509.2493959863932,1
89,1,0,0,0,0,1,0,1,0,0,0,1,0,1,1,0,1,0,1,0,0,0,0,1,1,1,1,1,1,1,1,1,0,1,1,0,1,0,0,1,0,0,1,1,1,1,1,0,0,1,1,0,0,1,0.25925925925925924,423.5933755841689,1
90,1,1,0,0,0,1,0,1,1,1,1,1,0,0,1,0,1,0,1,0,0,0,0,1,1,1,1,1,1,1,1,0,0,0,1,0,1,0,0,1,0,0,1,1,1,1,1,0,0,0,0,1,0,1,0.3333333333333333,510.38455316187196,1
91,1,1,1,1,1,0,1,0,1,1,0,0,1,1,0,1,0,0,0,1,1,1,1,1,0,0,0,0,0,1,0,0,1,1,0,1,0,1,1,0,1,1,0,0,0,0,0,1,0,0,0,1,1,0,0.24074074074074073,402.4569340802392,1
92,1,1,1,1,1,0,1,0,1,1,0,0,1,1,0,1,0,0,0,0,1,1,1,1,0,0,0,0,0,1,0,0,1,1,0,1,0,1,1,0,1,1,0,0,0,0,0,1,1,0,0,1,1,0,0.2962962962962963,412.7029224484712,1
93,0,1,1,0,0,1,0,1,1,0,1,1,0,1,1,0,0,0,1,0,0,0,0,1,1,1,1,1,1,1,1,0,0,0,1,0,1,0,0,1,0,0,1,1,1,1,1,0,0,0,1,1,0,1,0.3333333333333333,522.8752352373616,1
94,1,0,0,0,0,1,0,1,1,0,1,1,0,0,1,0,1,1,0,0,0,0,0,1,1,1,1,1,1,0,1,1,0,0,1,0,0,0,0,1,0,0,1,1,1,1,1,0,0,1,0,1,0,1,0.2777777777777778,568.596749638331,1
95,1,0,0,0,0,1,0,1,0,0,1,1,0,0,1,0,1,0,1,0,0,0,0,1,1,1,1,1,1,1,1,1,0,0,1,0,1,0,0,1,0,0,1,1,1,1,1,0,0,1,0,0,0,1,0.3333333333333333,341.34907252058656,1
96,0,1,1,1,1,0,1,0,1,0,1,0,1,0,0,0,0,1,0,0,1,1,1,1,0,0,0,0,0,1,0,0,1,1,0,1,0,1,1,0,1,1,0,0,0,0,0,1,1,0,0,0,1,0,0.25925925925925924,436.32621849509223,1
97,0,1,0,0,0,1,0,1,1,1,1,1,0,1,1,0,0,0,1,0,0,0,0,1,1,1,1,1,1,1,1,1,0,0,1,0,0,0,0,1,0,0,1,1,1,1,1,0,0,0,0,0,0,1,0.3148148148148148,484.4725989788228,1
98,1,1,0,0,1,1,0,1,1,0,1,1,0,0,1,0,0,0,0,0,0,0,0,1,1,1,1,0,1,1,1,1,0,1,1,0,1,0,0,1,0,0,1,1,0,1,1,0,0,0,0,1,0,1,0.24074074074074073,482.1948338716386,1
99,0,1,1,1,1,0,1,0,1,0,0,0,1,1,0,1,1,0,0,1,1,1,1,1,0,0,0,0,0,1,0,0,1,1,0,1,0,1,1,0,1,1,0,0,0,0,0,1,1,0,0,1,1,0,0.37037037037037035,422.77237158356763,1
