,0,1,2,3,4,5,6,7,8,9,10,11,12,13,14,15,16,17,18,19,20,21,22,23,24,25,26,27,28,29,30,31,32,33,34,35,36,37,38,39,40,41,42,43,44,45,46,47,48,49,50,51,52,53,chain_break_fraction,energy,num_occurrences
0,0,0,1,0,1,0,0,1,0,1,0,1,1,0,1,1,1,0,0,0,0,1,1,0,0,0,1,0,1,0,0,0,1,1,0,1,1,0,1,0,1,0,0,0,0,0,1,1,0,0,1,0,1,0,0.18518518518518517,383.9615237058931,1
1,1,0,1,0,1,0,0,1,0,1,0,1,1,0,0,1,1,0,0,0,0,1,1,0,0,0,1,0,1,0,1,0,1,1,1,1,1,0,1,0,1,0,0,0,1,0,1,1,0,0,1,0,1,0,0.24074074074074073,631.4375425949138,1
2,1,0,1,0,1,0,0,1,0,1,0,1,1,0,0,1,1,0,1,0,0,1,1,0,0,0,1,1,1,0,1,0,1,0,0,1,1,0,1,0,1,0,0,0,1,0,1,1,0,0,1,0,1,0,0.2222222222222222,526.1458896261653,1
3,1,0,1,0,1,0,0,1,0,1,0,1,1,0,0,1,1,0,0,0,0,1,1,0,0,0,1,0,1,0,0,0,1,0,1,1,1,0,1,0,1,0,0,0,0,0,1,1,0,0,1,0,1,0,0.25925925925925924,405.8838388758759,1
4,1,0,1,0,1,0,0,1,0,1,0,1,1,0,0,1,1,0,0,0,0,1,1,0,0,0,1,0,1,0,0,0,1,0,0,1,1,0,1,0,1,0,0,0,0,0,1,1,0,0,1,0,1,0,0.2222222222222222,361.3530849243894,1
5,0,1,0,1,0,1,1,1,1,0,1,0,0,1,1,0,0,1,1,1,1,0,0,1,1,1,0,1,0,1,1,0,0,1,1,0,0,1,0,1,0,1,0,1,1,1,0,1,1,1,0,1,0,1,0.24074074074074073,489.62435822506643,1
6,1,0,1,0,1,0,0,1,0,1,0,1,1,0,1,1,1,0,0,0,0,1,1,0,0,0,1,0,1,0,0,0,1,1,0,1,0,0,1,0,1,0,0,0,1,0,1,0,0,0,1,0,1,0,0.2222222222222222,373.2540411207682,1
7,1,0,1,0,1,0,0,1,0,1,0,1,1,0,0,0,1,0,0,0,0,1,1,0,0,0,1,1,1,0,0,0,0,1,1,1,0,0,1,0,1,0,0,0,1,0,1,1,0,0,1,0,1,0,0.2222222222222222,451.5450589782776,1
8,1,0,1,0,1,0,0,1,0,1,0,1,1,0,1,1,1,0,0,0,0,1,1,0,0,0,1,1,1,0,1,0,0,0,0,1,1,0,1,0,1,0,0,0,0,0,1,1,0,0,1,0,0,0,0.24074074074074073,343.84442021427856,1
9,1,0,1,0,1,0,0,0,0,1,0,1,1,0,1,1,1,0,1,0,0,1,1,0,0,0,1,0,1,0,0,0,1,0,1,1,1,0,1,0,1,0,0,0,1,0,1,1,0,0,1,0,1,0,0.25925925925925924,515.2043460889731,1
10,1,0,1,0,1,0,0,0,0,1,0,1,1,0,0,1,1,0,0,0,0,1,1,0,0,0,1,1,1,0,1,0,0,0,1,1,1,0,1,0,1,0,0,0,0,0,1,1,0,0,1,0,1,0,0.24074074074074073,362.9492256576033,1
11,1,0,1,0,1,0,0,1,0,1,0,1,1,0,1,1,1,0,0,0,0,1,1,0,0,0,1,0,1,0,0,0,0,1,1,1,0,0,0,0,1,0,1,0,1,0,1,0,0,0,1,0,1,0,0.2222222222222222,327.0691865452943,1
12,1,0,1,0,1,0,0,0,0,1,0,1,1,0,0,1,1,0,0,0,0,1,1,0,0,0,1,0,1,0,0,1,0,0,0,1,1,0,1,0,1,0,0,0,0,0,1,1,0,0,1,0,1,0,0.2962962962962963,323.2032642392839,1
13,1,0,1,0,1,0,0,1,0,0,0,1,1,0,1,1,1,0,0,0,0,1,1,0,0,0,1,1,1,0,1,0,0,0,0,1,1,0,1,0,1,0,0,0,0,0,1,1,0,0,1,0,1,0,0.24074074074074073,337.8848106621153,1
14,1,0,1,0,1,0,0,0,0,0,0,1,1,0,1,1,1,0,0,0,0,1,1,0,0,0,1,1,1,0,1,0,0,0,1,1,0,0,1,0,1,0,0,0,0,0,1,1,0,0,1,0,1,0,0.24074074074074073,342.78930737401055,1
15,0,0,1,1,0,1,1,1,1,0,1,0,0,1,1,0,0,1,1,1,1,0,0,1,1,1,0,1,0,1,0,0,0,1,1,0,0,1,0,0,0,1,0,1,1,1,0,0,1,1,0,1,0,1,0.24074074074074073,627.1938004619699,1
16,0,0,1,1,0,1,1,0,1,0,1,0,0,1,1,0,0,1,1,1,1,0,1,1,1,1,0,1,0,1,1,1,1,0,1,0,0,1,0,1,0,1,1,1,1,1,0,1,1,1,0,1,0,1,0.24074074074074073,573.901242020767,1
17,1,0,0,0,1,0,0,0,0,1,0,1,1,0,1,1,1,0,0,0,0,1,1,0,0,0,1,0,1,0,0,0,0,1,1,1,0,0,1,0,1,0,0,0,1,0,1,1,0,0,1,0,1,0,0.2777777777777778,441.54603628399366,1
18,1,1,1,0,1,1,0,1,0,1,0,1,1,0,0,1,1,0,0,0,0,1,1,0,0,0,1,1,1,0,0,0,1,0,0,1,1,0,0,1,1,0,1,0,0,0,1,0,0,0,1,0,1,0,0.24074074074074073,336.3189182999356,1
19,0,0,0,1,0,1,0,1,1,0,1,0,0,1,0,0,0,1,1,1,1,0,0,1,0,1,0,1,0,1,0,1,1,0,0,0,0,1,0,1,0,1,1,1,1,1,0,1,1,1,0,1,0,1,0.2222222222222222,510.82933792605115,1
20,1,0,1,0,1,1,0,1,0,1,0,1,1,0,0,1,1,0,0,0,0,1,1,0,0,0,1,0,1,0,0,0,1,0,0,1,0,0,1,0,1,0,0,0,0,0,1,1,0,0,1,0,1,0,0.2962962962962963,337.7897723618169,1
21,1,0,1,0,1,0,0,1,0,1,1,1,1,0,0,1,1,0,1,0,0,1,1,0,0,0,1,1,1,0,0,0,1,1,1,1,1,0,1,0,1,0,1,0,1,0,1,1,0,0,1,0,1,0,0.2037037037037037,591.6726047213277,1
22,1,0,0,0,1,0,0,1,0,1,0,1,1,0,0,1,1,0,0,0,0,0,1,0,0,0,1,0,1,0,1,0,0,0,1,1,0,0,0,0,1,0,0,0,0,0,1,0,0,0,1,0,1,0,0.16666666666666666,180.57796028390942,1
23,0,0,1,1,0,1,1,1,1,0,1,0,0,1,1,0,0,0,1,1,1,0,0,1,1,1,0,1,0,1,1,0,0,0,0,0,0,1,0,1,0,1,0,1,1,1,0,1,1,1,0,1,0,1,0.2222222222222222,467.86023365412404,1
24,0,0,0,1,0,0,1,0,1,0,1,0,0,1,0,0,0,1,1,1,1,0,1,1,1,1,0,1,0,1,1,1,1,0,0,0,0,1,0,0,0,1,1,1,1,1,0,1,1,1,0,1,0,1,0.2222222222222222,552.8243714565643,1
25,1,0,1,0,1,0,0,0,0,0,0,1,1,0,1,1,1,0,0,0,0,1,1,0,0,0,1,0,1,0,0,0,0,1,0,1,1,0,1,0,1,0,0,0,1,0,1,1,0,0,1,0,1,0,0.25925925925925924,402.47302102855247,1
26,1,0,0,0,1,1,0,0,0,1,0,1,1,0,0,1,1,0,1,0,0,1,1,0,0,0,1,0,1,0,0,0,0,0,1,1,1,0,0,0,1,0,1,0,1,0,1,1,0,0,1,0,0,0,0.25925925925925924,274.79481227988026,1
27,0,0,0,1,0,1,1,1,1,1,1,0,0,1,0,0,0,0,1,1,1,0,0,1,1,1,0,1,0,1,1,0,0,1,0,0,0,1,1,1,0,1,0,1,1,1,0,0,1,1,0,1,0,1,0.25925925925925924,361.4702846976484,1
28,1,0,0,0,1,0,0,0,0,1,0,1,1,0,0,1,1,0,0,0,0,1,0,0,0,0,1,0,0,0,0,0,0,1,1,1,1,0,1,0,1,0,0,0,0,0,1,1,0,0,1,0,1,0,0.24074074074074073,369.1405514311802,1
29,1,1,1,0,1,0,0,1,0,1,0,1,1,0,0,1,1,0,0,0,0,1,0,0,0,0,1,0,1,0,0,0,0,1,0,1,1,0,1,0,1,0,0,0,0,0,1,1,0,0,1,0,1,0,0.25925925925925924,307.94965501066173,1
30,0,0,0,1,0,1,1,1,1,0,1,0,0,1,0,0,0,0,1,1,1,0,0,1,1,1,0,1,0,1,1,1,0,1,0,0,0,1,0,1,0,1,1,1,1,1,0,1,1,1,0,1,0,1,0.2777777777777778,436.96644849285116,1
31,0,1,0,1,0,1,1,1,1,0,1,0,0,1,1,0,0,0,1,1,1,0,0,1,1,1,0,1,0,1,1,1,0,0,1,0,0,1,0,1,0,1,1,1,1,0,0,0,1,1,0,1,1,1,0.18518518518518517,391.5217107188372,1
32,0,1,0,1,0,1,1,0,1,0,1,0,0,1,0,0,0,0,1,1,1,0,0,1,1,1,0,1,0,1,1,1,0,1,0,0,0,1,0,1,0,1,1,1,1,1,0,1,1,1,0,1,0,1,0.25925925925925924,437.27736514849664,1
33,1,0,1,0,1,0,0,0,0,1,0,1,0,0,0,1,1,0,1,0,0,1,0,0,0,0,1,1,1,0,0,0,1,1,0,1,1,0,1,0,1,0,0,0,0,0,1,1,0,0,1,0,1,0,0.2222222222222222,472.27150348557694,1
34,0,1,0,1,0,1,1,1,1,0,1,0,0,1,0,0,0,0,1,1,1,0,0,1,1,1,0,1,0,1,1,1,1,0,1,0,0,1,0,0,0,1,0,1,1,1,0,0,1,1,0,1,0,1,0.25925925925925924,396.42054081769874,1
35,0,1,1,1,0,0,1,0,1,0,1,0,0,1,0,0,0,1,0,1,1,0,0,1,1,1,0,1,0,1,0,1,0,1,1,0,0,1,0,1,0,1,0,1,1,1,0,0,0,1,0,1,0,1,0.24074074074074073,388.1483328571575,1
36,1,0,1,0,1,0,0,1,0,1,0,1,1,0,0,0,0,0,0,0,0,1,0,0,0,0,1,1,0,0,0,0,1,0,1,1,1,0,1,0,1,0,0,0,0,0,1,1,0,0,1,0,1,0,0.24074074074074073,463.00120296818164,1
37,1,0,1,0,1,0,0,0,0,1,0,1,1,0,1,1,1,0,1,0,0,1,1,0,0,0,1,1,0,0,0,0,0,0,1,1,0,0,1,0,1,0,1,0,0,0,1,1,0,0,1,0,1,0,0.2222222222222222,330.05159036065095,1
38,0,0,1,1,0,1,1,0,1,0,1,0,0,1,0,0,0,0,1,1,1,0,0,1,1,1,0,1,0,1,1,0,0,1,1,0,0,1,0,1,0,1,1,1,1,1,0,0,1,1,0,1,0,1,0.24074074074074073,344.0679274604353,1
39,0,0,0,1,0,1,1,1,1,0,1,0,0,1,0,0,0,0,1,1,1,0,0,1,1,1,0,0,0,1,1,0,1,0,0,0,0,1,0,1,0,1,1,1,1,1,0,1,1,1,0,1,0,1,0.2777777777777778,459.83551751010873,1
40,1,0,1,0,1,0,0,1,0,1,0,1,1,0,0,1,1,0,0,0,0,1,0,0,0,0,1,0,0,0,0,1,0,1,1,1,1,0,1,0,1,0,0,0,0,0,1,1,0,0,1,0,1,0,0.2777777777777778,349.940106886286,1
41,1,0,1,0,1,0,0,1,0,1,0,1,1,0,0,1,1,0,1,0,0,1,1,0,0,0,1,1,1,0,0,0,0,0,1,1,0,0,1,0,1,0,0,0,0,0,1,1,0,0,1,0,1,0,0.2037037037037037,303.52424944519584,1
42,0,1,0,1,0,1,1,0,1,0,1,0,0,1,1,0,0,0,1,1,1,0,1,1,1,1,0,1,0,1,1,1,0,1,0,0,0,1,0,0,0,1,1,1,1,1,0,1,1,1,0,1,0,1,0.18518518518518517,420.280014500631,1
43,0,0,1,1,0,1,1,0,1,0,1,0,0,1,1,0,0,0,1,1,1,0,0,1,1,1,0,1,0,1,1,0,1,0,1,0,0,1,0,0,0,1,0,1,1,1,0,0,1,1,0,1,0,1,0.25925925925925924,424.5697338713296,1
44,0,0,0,1,0,1,1,0,1,0,1,0,0,1,1,0,0,1,1,1,1,0,0,0,0,1,0,1,0,1,1,1,0,1,0,0,0,1,0,0,0,1,0,1,1,1,0,0,1,1,0,1,1,1,0.2037037037037037,373.9456289914315,1
45,0,0,0,1,0,1,1,1,1,1,1,0,0,1,0,0,0,0,1,1,1,0,0,1,1,1,0,1,0,1,1,1,1,1,0,0,0,1,0,0,0,1,1,1,1,1,0,0,1,1,0,1,0,1,0.24074074074074073,399.03984884006417,1
46,0,0,1,1,0,1,1,0,1,0,1,0,0,1,0,0,0,1,1,1,1,0,0,1,1,1,0,1,0,1,0,1,1,0,0,0,0,1,0,1,0,1,1,1,1,1,0,0,0,1,0,1,0,1,0.2222222222222222,433.6716452890318,1
47,0,1,1,1,0,1,1,0,1,0,1,0,0,1,0,0,0,0,1,1,1,0,0,1,1,1,0,1,0,1,1,0,1,1,1,0,0,1,0,1,0,1,0,1,1,1,0,0,1,1,0,1,1,1,0.25925925925925924,430.1487400685149,1
48,0,0,0,1,0,0,1,1,1,0,1,0,0,1,1,0,0,0,1,1,1,0,0,1,1,1,0,1,0,1,1,0,1,1,0,0,0,1,0,0,0,1,1,1,1,1,0,1,1,1,0,1,0,1,0.2777777777777778,515.3634769878377,1
49,0,1,1,1,0,1,1,0,1,0,1,0,0,1,0,0,0,0,1,1,1,0,0,1,1,1,0,1,0,1,1,1,1,1,1,0,0,1,0,0,0,1,1,1,1,1,0,0,1,1,0,1,0,1,0.2222222222222222,439.55487411537456,1
50,0,0,1,1,0,1,1,0,1,1,1,0,0,1,0,0,0,0,1,1,1,0,0,0,1,1,0,1,0,1,1,0,0,0,0,0,0,1,0,1,0,1,1,1,1,1,0,0,1,1,0,1,0,1,0.2222222222222222,314.60467037188,1
51,0,1,0,1,0,0,1,0,1,1,1,0,0,1,0,0,0,0,1,1,1,0,0,1,1,1,0,1,0,1,1,0,1,0,1,0,0,1,0,1,0,1,0,1,1,1,0,1,1,1,0,1,0,1,0.24074074074074073,585.8754874104417,1
52,0,0,1,1,0,1,1,0,1,0,1,0,0,1,0,0,0,0,1,1,1,0,0,1,1,1,0,1,0,1,0,1,0,0,1,0,0,1,0,0,0,1,1,1,1,1,0,0,1,1,0,1,1,1,0.25925925925925924,360.3435429445259,1
53,0,0,0,1,0,1,1,1,1,0,1,0,0,1,0,0,0,0,1,1,1,0,0,1,1,1,0,0,0,1,1,0,1,0,0,0,0,1,0,0,0,1,0,1,1,1,0,1,1,1,0,1,1,1,0.24074074074074073,457.6168203379165,1
54,1,0,0,0,1,0,0,0,0,1,0,1,1,0,0,1,1,0,1,0,0,1,1,0,0,0,1,0,0,0,1,0,0,1,0,1,0,0,1,0,1,0,0,0,1,0,1,1,0,0,1,0,1,0,0.2777777777777778,382.2627325388599,1
55,0,0,0,1,0,0,1,1,1,0,1,0,0,1,0,0,0,0,1,1,1,0,0,1,1,1,0,1,0,1,0,1,1,1,0,0,0,1,0,1,0,1,1,1,1,1,0,1,1,1,0,1,1,1,0.2962962962962963,760.0588878358932,1
56,0,1,0,1,0,0,1,0,1,0,1,0,0,1,1,0,0,1,1,1,1,0,1,1,1,1,0,1,0,1,1,0,0,1,0,0,0,1,0,1,0,1,1,1,1,1,0,0,1,1,0,1,0,1,0.2222222222222222,426.3841466865659,1
57,1,0,1,0,1,1,0,0,0,1,0,1,1,0,0,1,1,0,0,0,0,1,0,0,0,0,1,1,1,0,0,0,1,1,1,1,1,0,1,0,1,0,1,0,0,0,1,0,0,0,1,0,1,0,0.2777777777777778,352.6797014049341,1
58,0,1,0,1,0,1,1,0,1,0,1,0,0,1,0,0,0,0,1,1,1,0,0,1,0,1,0,1,0,1,0,1,1,0,0,0,0,1,0,0,0,1,1,1,1,1,0,0,1,1,0,1,1,1,0.2037037037037037,425.33179432823135,1
59,1,1,0,0,1,0,0,0,0,1,0,1,1,0,0,1,1,0,1,0,0,1,1,0,0,0,1,1,1,0,0,0,1,0,0,1,0,0,0,0,1,0,0,0,0,0,1,1,0,0,1,0,1,0,0.24074074074074073,266.65060073573386,1
60,0,0,0,1,0,0,1,0,1,1,1,0,0,1,0,0,0,0,1,1,1,0,0,1,1,1,0,1,0,1,1,1,0,1,0,0,0,1,0,0,0,1,1,1,1,1,0,0,1,1,0,1,0,1,0.25925925925925924,360.0513657127294,1
61,0,1,0,1,0,1,1,1,1,0,1,0,0,1,0,0,0,0,1,1,1,0,0,1,1,1,0,1,0,1,1,1,1,0,0,0,0,1,0,0,0,1,0,1,1,1,0,1,0,1,0,1,0,1,0.18518518518518517,444.2809260409377,1
62,0,0,0,1,0,1,1,0,1,0,1,0,0,1,0,0,0,1,1,1,1,0,0,1,1,1,0,1,0,1,0,1,0,1,0,0,1,1,0,1,0,1,0,1,1,1,0,0,1,1,0,1,1,1,0.24074074074074073,359.9443688476251,1
63,0,0,1,1,0,1,1,0,1,0,1,0,0,1,0,0,0,0,1,1,1,0,0,1,1,1,0,1,0,1,1,1,0,1,1,0,0,1,0,0,0,1,1,1,1,1,0,0,1,1,0,1,0,1,0.2777777777777778,358.48467745989035,1
64,0,1,0,1,0,1,1,0,1,1,1,0,0,1,0,0,0,1,1,1,1,0,0,1,1,1,0,1,0,1,0,1,0,1,0,0,0,1,0,1,0,1,0,1,1,1,0,1,1,1,0,1,0,1,0.2777777777777778,405.8574284723834,1
65,0,1,0,1,0,0,1,1,1,0,1,0,0,1,1,0,0,0,1,1,1,0,0,1,1,1,0,1,0,1,1,0,0,1,0,0,0,1,0,0,0,1,1,1,1,1,0,0,1,1,0,1,0,1,0.2777777777777778,350.17827754673016,1
66,0,1,0,1,0,1,1,1,1,0,1,0,0,1,0,0,0,0,1,1,1,0,0,1,1,1,0,1,0,1,1,0,0,0,0,0,0,1,0,1,0,1,1,1,1,1,0,1,1,1,0,1,0,1,0.3148148148148148,371.7360219441893,1
67,0,1,0,1,0,1,1,1,1,0,1,0,0,1,0,0,0,0,1,1,1,0,0,1,1,1,0,1,0,1,1,1,0,0,0,0,0,1,0,1,0,1,1,1,1,1,0,0,1,1,0,1,0,1,0.25925925925925924,333.8667145878442,1
68,0,0,0,1,0,1,1,1,1,1,1,0,0,1,0,0,0,0,1,1,1,0,0,1,0,1,0,1,0,1,1,0,1,1,0,0,0,1,0,0,0,1,0,1,1,1,0,0,1,1,0,1,1,1,0.2222222222222222,380.64831247283007,1
69,0,0,0,1,0,1,1,1,1,0,1,0,0,1,1,0,0,0,1,1,1,0,0,1,1,1,0,1,0,1,1,1,0,0,1,0,0,1,0,1,0,1,0,1,1,1,0,0,1,1,0,1,0,1,0.2777777777777778,363.6320100836633,1
70,1,0,0,1,1,0,0,1,0,1,0,1,1,0,0,1,0,0,1,0,0,1,1,0,0,0,1,1,1,0,0,0,1,1,0,0,1,0,1,0,1,0,1,0,0,0,1,1,0,0,1,0,1,0,0.2222222222222222,338.9912134482657,1
71,0,0,1,1,0,1,0,0,1,0,1,0,0,1,0,0,0,0,1,1,1,0,0,1,1,1,0,1,1,1,0,1,0,1,0,0,0,1,0,0,0,1,1,1,1,1,0,0,1,1,0,1,0,1,0.24074074074074073,349.7231649218461,1
72,0,0,0,1,0,1,1,1,1,0,1,0,0,1,0,0,1,0,1,1,1,0,0,1,0,1,0,1,0,1,1,0,1,1,0,0,0,1,0,0,0,1,1,1,1,0,0,0,1,1,0,1,1,1,0.2222222222222222,380.7216712342262,1
73,0,0,1,1,0,1,1,1,1,0,1,0,0,1,1,0,0,0,1,1,1,0,0,1,1,1,0,1,0,1,0,1,1,1,1,0,1,1,0,1,0,1,0,1,1,1,0,1,0,1,0,1,0,1,0.2777777777777778,523.0858811551318,1
74,0,1,1,1,0,1,1,0,1,1,1,0,0,1,1,0,0,0,1,1,1,0,0,1,1,1,0,1,0,1,1,1,0,1,0,1,0,1,0,1,0,1,1,1,1,1,0,0,1,1,0,1,1,1,0.25925925925925924,463.5370948516762,1
75,0,1,1,1,0,0,1,0,1,0,1,0,0,1,0,0,0,0,1,1,1,0,0,1,1,1,0,1,0,1,1,0,1,0,1,0,0,1,0,1,0,1,1,1,1,1,0,0,1,1,0,1,1,1,0.2962962962962963,490.2666920882629,1
76,1,0,0,1,0,1,1,1,1,1,1,0,0,1,0,0,0,0,1,1,1,0,0,1,1,1,0,1,0,1,1,0,0,1,0,0,0,1,0,1,0,1,1,1,1,1,0,1,1,1,0,1,1,1,0.25925925925925924,409.7219872423005,1
77,0,1,0,0,0,0,1,0,1,0,1,0,0,1,0,0,0,1,1,1,1,0,0,1,0,1,0,1,0,1,1,1,0,1,0,0,0,1,0,0,0,1,0,1,1,0,0,0,1,1,0,1,0,1,0.2037037037037037,337.1029922934519,1
78,0,1,0,1,0,1,1,0,1,1,1,0,0,1,1,0,0,0,1,1,1,0,0,1,1,1,0,1,0,1,0,1,1,1,0,0,0,1,0,1,0,1,1,1,1,1,0,0,1,1,0,1,1,1,0.25925925925925924,434.28547812700367,1
79,0,1,0,1,0,0,1,1,1,1,1,0,0,1,0,0,0,0,1,1,1,0,0,1,1,1,0,1,0,1,0,0,1,0,0,0,0,1,0,1,0,1,0,1,1,0,0,0,1,1,0,1,0,1,0.2222222222222222,335.296006522406,1
80,0,1,1,1,0,1,0,0,1,0,1,0,0,1,1,0,0,0,1,1,1,0,0,1,1,1,0,1,0,1,0,0,0,1,1,0,0,1,0,0,0,1,1,1,1,1,0,0,1,1,0,1,1,1,0.25925925925925924,423.3903316364841,1
81,0,0,0,1,0,1,1,0,1,1,1,0,0,1,0,0,0,1,1,1,1,0,0,1,1,1,0,1,0,1,0,1,0,1,0,0,0,1,0,1,0,1,1,1,1,1,0,0,1,1,0,1,1,1,0.2222222222222222,359.69299108925463,1
82,0,1,0,0,0,0,1,0,1,0,1,0,0,1,0,0,1,0,1,1,1,0,0,1,1,1,0,1,0,1,0,1,0,1,0,0,0,1,0,1,0,1,1,1,1,0,0,1,1,1,0,1,1,1,0.2222222222222222,511.29375256071523,1
83,0,1,0,1,0,1,1,0,1,1,1,0,0,1,0,0,0,0,1,1,1,0,0,1,1,1,0,1,0,1,0,1,0,1,1,0,0,1,0,1,0,1,0,1,1,1,0,1,1,1,0,1,0,1,0.3333333333333333,417.8380910067623,1
84,0,1,0,1,0,0,1,1,1,0,1,0,0,1,0,0,0,0,1,1,1,0,0,1,1,1,0,1,0,1,0,0,1,1,0,0,0,1,0,1,0,1,0,1,1,1,0,1,1,1,0,1,1,1,0.2777777777777778,565.0028504523502,1
85,0,0,1,0,1,0,0,0,0,0,0,1,1,0,1,1,1,0,0,0,0,1,1,0,0,0,1,0,1,0,1,0,0,0,0,1,1,0,1,0,1,0,0,0,0,0,1,1,0,0,1,0,0,0,0.2962962962962963,304.9906844295359,1
86,1,0,1,0,1,0,1,1,0,0,0,1,1,0,0,1,1,0,0,0,0,1,1,0,0,0,1,0,1,0,1,0,0,1,1,0,0,0,1,0,1,0,0,0,0,0,1,1,0,0,1,0,1,0,0.2962962962962963,267.66789459556793,1
87,0,0,0,1,0,1,1,1,1,0,1,0,0,1,0,0,0,0,1,1,1,0,0,1,1,1,0,1,0,1,1,0,1,1,0,0,0,1,0,0,0,1,1,1,1,1,0,0,1,1,0,1,0,1,0.2777777777777778,366.33399022933384,1
88,0,0,0,1,0,0,1,1,1,0,1,0,0,1,0,0,0,0,1,1,1,0,1,1,1,1,0,1,0,1,0,1,1,0,0,0,0,1,0,1,0,1,1,1,1,1,0,0,1,1,0,1,1,1,0.3148148148148148,477.4866019142969,1
89,0,0,0,1,0,0,1,0,1,0,1,0,0,1,0,0,0,1,1,1,1,0,0,1,1,1,0,1,0,1,0,1,1,0,0,0,0,1,0,1,0,1,1,1,1,1,0,0,1,1,0,1,1,1,0.3888888888888889,497.83100171755325,1
90,1,0,1,0,1,0,0,0,0,1,0,1,1,0,0,1,1,0,1,0,0,1,1,0,0,0,1,1,1,0,0,0,0,0,1,1,0,0,1,0,1,0,0,0,0,0,1,0,1,0,1,0,1,0,0.2777777777777778,250.91862681019893,1
91,0,0,0,1,0,1,1,0,1,1,1,0,0,1,1,0,0,0,1,1,1,0,0,1,1,1,0,1,0,1,0,1,1,0,0,0,0,1,0,1,0,1,0,1,1,1,0,0,1,1,0,1,1,1,0.2222222222222222,405.278731503228,1
92,0,0,0,1,0,1,1,1,1,0,1,0,0,1,1,0,0,1,1,1,1,0,1,1,1,1,0,1,0,1,1,1,0,1,0,0,0,1,0,0,0,1,1,1,1,1,0,1,1,1,0,1,0,1,0.2962962962962963,487.01681090909796,1
93,0,1,0,1,0,1,1,1,1,1,1,0,1,1,0,0,0,0,1,1,1,0,0,1,0,1,0,1,0,1,0,1,1,1,0,0,0,1,0,0,0,1,0,1,1,0,0,0,1,1,0,1,1,1,0.25925925925925924,375.646568359524,1
94,0,1,1,1,0,0,1,0,1,0,1,0,0,1,0,0,0,1,1,1,1,0,1,1,1,1,0,1,0,1,1,1,0,1,0,0,0,1,0,1,0,1,0,1,1,0,0,0,0,1,0,1,1,1,0.3148148148148148,421.0901592500808,1
95,0,1,0,1,0,1,1,0,1,0,1,0,0,1,0,0,0,0,1,1,1,0,0,1,0,1,0,1,0,1,0,0,1,0,0,0,0,1,0,1,0,1,0,1,1,0,0,0,1,1,0,1,1,1,0.2962962962962963,354.03168369548933,1
96,0,0,0,0,0,1,1,1,1,0,1,0,0,1,1,0,0,0,1,1,1,0,0,1,1,1,0,1,0,1,1,1,1,0,1,0,1,1,0,0,0,1,1,1,1,0,0,0,1,1,0,1,1,1,0.25925925925925924,473.8080267026727,1
97,1,0,0,0,1,0,0,1,0,1,0,1,1,0,1,1,1,0,0,0,0,1,0,0,0,1,1,1,0,0,0,0,1,1,0,1,0,0,1,0,1,0,1,0,0,0,1,1,1,0,1,0,1,0,0.24074074074074073,390.39072498927095,1
98,1,1,1,1,0,0,0,1,1,0,1,0,0,1,0,0,1,0,1,1,1,0,0,1,1,0,0,1,0,1,1,1,1,1,1,0,0,1,0,1,0,1,0,1,1,1,0,0,1,1,0,1,0,1,0.25925925925925924,477.7209969257072,1
99,1,0,0,0,1,1,1,1,0,1,0,1,1,0,0,1,0,0,0,0,0,1,1,0,0,0,1,1,0,0,0,0,0,1,1,1,0,0,1,1,1,0,1,0,0,0,1,1,0,0,1,0,1,0,0.3333333333333333,309.447055349826,1
