,0,1,2,3,4,5,6,7,8,9,10,11,12,13,14,15,16,17,18,19,20,21,22,23,24,25,26,27,28,29,30,31,32,33,34,35,36,37,38,39,40,41,42,43,44,45,46,47,48,49,50,51,52,53,chain_break_fraction,energy,num_occurrences
0,1,1,0,0,1,0,0,1,0,0,1,0,0,0,1,1,1,1,1,0,0,0,0,1,0,1,0,1,0,0,0,1,0,1,1,0,1,1,1,1,1,0,0,1,1,0,1,0,0,0,1,1,0,1,0.3148148148148148,362.4260353430167,1
1,1,1,0,0,1,0,1,1,0,0,1,0,0,0,1,1,1,1,1,0,0,0,0,1,0,1,0,1,0,0,0,1,0,1,0,0,1,1,1,1,1,0,1,1,1,0,1,0,1,0,0,1,0,1,0.2777777777777778,281.2212597887612,1
2,1,1,0,0,0,0,0,1,0,0,0,0,0,0,1,1,1,1,1,0,0,0,0,1,0,1,0,1,0,0,0,1,0,1,0,0,1,1,1,1,1,0,0,1,1,0,1,0,1,0,1,1,0,1,0.25925925925925924,391.6137988242271,1
3,1,1,0,0,1,1,0,1,0,0,1,0,0,0,1,1,1,1,1,0,0,0,0,1,0,1,0,1,0,0,0,1,0,1,0,0,1,1,1,1,1,0,0,1,0,0,1,0,1,0,1,1,0,1,0.2962962962962963,327.6061502066769,1
4,0,1,0,0,1,0,0,1,0,1,1,0,0,0,1,0,1,1,1,0,0,0,0,1,0,1,0,1,0,0,0,1,0,1,1,0,1,1,1,1,1,0,0,1,1,0,1,0,1,0,1,1,0,1,0.25925925925925924,393.54931787898715,1
5,1,1,0,0,1,1,0,1,0,1,1,0,0,0,1,0,1,1,1,0,0,0,0,1,0,1,0,1,0,0,0,1,0,1,1,0,1,1,1,1,1,0,0,1,1,0,1,0,1,0,1,1,0,0,0.3148148148148148,328.005723574256,1
6,1,0,0,0,1,1,0,1,0,0,1,0,1,0,1,0,1,0,0,0,0,0,0,1,0,1,0,1,0,0,0,1,0,1,0,0,1,1,1,1,1,0,0,1,0,0,1,0,1,0,1,1,0,1,0.2962962962962963,269.65999627751745,1
7,1,1,0,0,1,1,0,1,0,0,1,0,0,0,1,0,1,1,1,0,0,0,0,1,0,1,0,1,0,0,0,1,0,1,1,0,1,1,1,1,1,0,0,1,1,0,1,0,0,0,1,1,0,0,0.3148148148148148,321.0703003722189,1
8,1,1,0,0,1,1,0,1,0,1,1,0,0,0,1,0,1,0,0,0,0,0,0,1,0,1,0,1,0,0,0,1,0,1,0,0,1,1,1,1,1,0,0,1,1,0,1,0,1,0,1,1,0,1,0.25925925925925924,349.8557361346485,1
9,1,1,0,0,0,0,0,1,0,0,1,0,0,0,1,1,1,1,1,0,0,0,0,1,0,1,0,1,1,0,0,1,0,1,0,0,1,1,1,1,1,0,0,1,1,0,1,0,0,0,0,1,0,1,0.3148148148148148,293.101156157913,1
10,1,0,0,0,0,1,0,1,0,1,1,0,0,0,1,0,1,1,1,0,0,0,0,1,0,1,0,1,0,0,0,1,0,1,0,0,1,1,1,1,1,0,0,1,1,0,1,0,0,0,0,1,0,1,0.2962962962962963,277.79472455610124,1
11,1,1,0,0,0,1,0,1,0,0,1,0,0,1,1,1,1,0,1,0,0,0,0,1,0,1,0,1,0,0,0,1,0,1,1,0,1,1,1,1,1,0,0,1,1,0,1,0,0,0,0,1,0,1,0.2962962962962963,277.614869311315,1
12,0,1,0,0,1,0,0,1,0,0,1,0,0,0,1,1,1,1,1,0,0,0,0,1,0,1,0,1,1,0,0,1,0,1,1,0,1,1,1,1,1,0,0,1,1,0,1,0,0,0,1,1,0,1,0.3148148148148148,433.8413188850542,1
13,1,1,0,0,1,1,0,1,0,0,1,0,0,0,1,0,1,1,1,0,0,0,0,1,0,1,0,1,0,0,0,1,0,1,0,0,1,1,1,1,1,0,0,1,0,0,1,0,0,0,1,1,0,1,0.24074074074074073,316.2121783111745,1
14,1,0,0,0,1,1,0,1,0,0,1,0,0,0,1,0,1,0,1,0,0,0,0,1,0,1,0,1,0,0,0,1,0,1,0,0,1,1,1,1,1,0,0,1,1,0,1,0,1,0,1,1,0,1,0.25925925925925924,370.7768176211402,1
15,0,1,0,0,1,0,0,1,0,0,1,0,0,0,1,0,1,1,1,0,0,0,0,1,0,1,0,1,0,0,0,1,0,1,1,0,1,1,1,1,1,0,0,1,1,0,1,0,1,0,0,1,0,1,0.3148148148148148,305.2333915327231,1
16,0,1,0,0,1,1,0,1,0,0,1,0,1,0,1,1,1,0,1,0,0,0,0,1,0,1,0,1,0,0,0,1,0,1,1,0,1,1,1,1,1,0,0,1,1,0,1,0,1,0,0,1,0,1,0.3148148148148148,291.85814978716814,1
17,1,1,0,0,1,1,0,1,0,1,1,0,0,0,1,0,1,1,1,0,0,0,0,1,0,1,0,1,0,0,0,1,0,1,1,0,1,1,1,1,1,0,0,1,1,0,1,0,0,0,0,1,0,1,0.37037037037037035,329.75292602073057,1
18,1,1,0,0,0,1,0,1,0,0,1,0,0,0,1,1,1,1,1,0,0,0,0,1,0,1,0,1,0,0,0,1,0,1,0,0,1,1,1,1,1,0,1,1,1,0,1,0,0,0,1,1,0,1,0.25925925925925924,350.6354362561073,1
19,0,1,0,0,1,1,0,1,0,0,1,0,0,0,1,0,1,1,1,0,0,0,0,1,0,1,0,1,0,0,0,1,0,1,0,0,1,1,1,1,1,0,0,1,0,0,1,0,1,0,1,1,0,1,0.2962962962962963,302.057750104175,1
20,1,1,0,0,1,0,0,1,0,0,1,0,0,0,1,1,1,1,1,0,0,0,0,1,0,1,0,1,0,0,0,1,0,1,1,0,1,1,1,1,1,0,0,1,1,0,1,0,1,0,0,1,0,1,0.35185185185185186,297.1880762660107,1
21,1,1,0,0,1,1,0,1,0,0,1,0,0,0,1,0,1,1,0,0,0,0,0,1,0,1,0,1,1,0,0,1,0,1,0,0,1,1,1,1,1,0,0,1,0,0,1,0,1,0,0,1,0,1,0.2962962962962963,306.54583963007707,1
22,1,1,0,0,1,0,1,1,0,1,1,0,0,0,1,0,1,1,1,1,0,0,0,1,0,1,0,1,0,0,0,1,0,1,1,0,1,1,1,1,1,0,0,1,1,0,1,0,1,0,1,1,0,1,0.35185185185185186,348.3237060399922,1
23,1,1,0,0,1,0,0,1,0,1,1,0,0,1,1,1,1,1,0,0,0,0,0,1,0,1,0,1,0,0,0,1,0,1,1,0,1,1,1,1,1,0,0,1,1,0,1,0,0,0,1,1,0,1,0.35185185185185186,343.5211165074388,1
24,1,1,0,0,1,1,0,1,0,0,1,0,0,0,1,1,1,1,0,0,0,0,0,1,0,1,0,1,0,0,0,1,0,1,0,0,1,1,1,1,1,0,0,1,1,0,1,0,0,0,1,1,0,1,0.35185185185185186,351.6617142438267,1
25,0,1,0,0,1,1,0,1,0,1,1,0,0,0,1,1,1,1,0,0,0,0,0,1,0,1,0,1,0,0,0,1,0,1,1,0,1,1,1,1,1,0,0,1,0,0,1,0,1,0,0,1,0,1,0.3333333333333333,312.90006184186694,1
26,1,1,0,0,1,1,1,1,0,1,1,0,0,0,1,0,1,0,1,1,0,0,0,1,0,1,0,1,1,0,0,1,0,1,1,0,1,1,1,1,1,0,0,1,1,0,1,0,1,0,1,1,0,1,0.3148148148148148,394.77273397058934,1
27,1,1,0,0,1,1,0,1,0,1,1,0,0,0,1,1,1,1,0,0,0,0,0,1,0,1,0,1,0,0,0,0,0,1,1,0,1,1,1,1,1,0,0,1,1,0,1,0,0,0,0,1,0,1,0.35185185185185186,333.95533905546307,1
28,0,1,0,0,1,1,0,1,0,1,1,0,0,0,1,0,1,0,0,0,0,0,0,1,0,1,0,1,0,0,0,1,0,1,1,0,1,1,1,1,1,0,0,1,1,0,1,0,0,0,0,1,0,0,0.35185185185185186,235.08717790923475,1
29,0,1,0,0,1,0,0,1,0,0,1,0,0,0,1,1,1,1,1,0,0,0,0,1,0,1,0,1,0,0,0,1,0,1,1,0,1,1,1,1,1,0,0,1,1,0,1,0,0,0,0,1,0,1,0.3333333333333333,287.3798462714609,1
30,0,1,0,0,1,0,0,1,0,1,0,0,0,0,1,0,1,1,1,0,0,0,0,1,0,1,0,1,0,0,0,1,0,1,1,0,1,1,1,1,1,0,0,1,1,0,1,0,1,0,1,1,0,1,0.3333333333333333,432.24377636094323,1
31,1,0,0,0,1,1,0,1,0,0,1,0,0,0,1,1,1,1,1,0,0,0,0,1,0,1,0,1,0,0,0,1,0,1,1,0,1,1,1,1,1,0,0,1,1,0,1,0,0,0,1,1,0,1,0.3333333333333333,365.8713124628786,1
32,1,1,0,0,1,0,0,1,0,0,1,0,0,0,1,1,1,1,0,0,0,0,0,1,0,1,0,1,0,0,0,1,0,1,1,0,1,1,1,1,1,0,0,1,1,0,0,0,0,0,1,1,0,1,0.35185185185185186,331.1360953220168,1
33,1,1,0,0,1,1,0,1,0,1,1,0,0,0,1,1,1,1,1,0,0,0,0,1,0,1,0,1,0,0,0,1,0,1,0,0,1,1,1,1,1,0,1,1,1,0,1,0,0,0,1,1,0,1,0.3333333333333333,359.7750606060496,1
34,1,1,0,0,1,0,0,1,0,0,1,0,0,0,1,1,1,1,1,0,0,0,0,1,0,1,0,1,0,0,0,1,0,1,1,0,1,1,1,1,1,0,0,1,1,0,1,0,0,0,0,1,0,1,0.37037037037037035,287.4420899070087,1
35,0,1,0,0,1,1,0,1,0,0,1,0,1,0,1,1,1,1,0,0,0,0,0,1,0,1,0,1,0,0,0,1,0,1,1,0,1,1,1,1,1,0,0,1,0,0,1,0,1,0,1,1,0,1,0.3333333333333333,320.4537772387757,1
36,0,0,0,0,1,0,0,1,0,1,1,0,0,0,1,1,1,1,1,0,0,0,0,1,0,1,0,1,0,0,0,1,0,1,1,0,1,1,1,1,1,0,0,1,1,0,1,0,0,0,1,1,0,1,0.3148148148148148,379.9751644152778,1
37,1,1,0,0,1,1,1,1,0,0,1,0,1,0,1,1,1,1,1,0,0,0,0,1,0,1,0,1,0,0,0,1,0,1,1,0,1,1,1,1,1,0,0,1,1,0,1,0,0,0,0,1,0,1,0.3333333333333333,353.4277144148906,1
38,1,1,0,0,1,0,0,1,0,0,1,0,0,0,1,0,1,1,1,0,0,0,0,1,0,1,0,1,0,0,0,1,0,1,0,0,1,1,1,1,1,0,0,1,1,0,1,0,0,0,1,1,0,0,0.3333333333333333,265.19012084104816,1
39,1,1,0,0,1,1,0,1,0,0,1,0,0,0,1,0,1,1,1,0,0,0,0,1,0,1,0,1,0,0,0,1,0,1,1,0,1,1,1,1,1,0,0,1,1,0,1,0,1,0,1,1,0,1,0.37037037037037035,381.5852335750993,1
40,0,1,0,0,0,1,0,1,0,1,1,0,0,0,1,0,1,1,0,0,0,0,0,1,0,1,0,1,0,0,0,1,0,1,0,0,1,1,1,1,1,0,0,1,0,0,1,0,0,0,0,1,0,1,0.2777777777777778,273.71912596530757,1
41,1,1,0,0,1,0,0,1,0,1,1,0,0,0,1,0,1,1,1,0,0,0,0,1,0,1,0,1,0,0,0,1,0,1,1,0,1,1,1,1,1,0,0,1,1,0,1,0,0,0,0,1,0,1,0.3333333333333333,283.4439656853802,1
42,1,1,0,0,0,1,0,1,0,0,1,0,0,0,1,1,1,1,0,0,0,0,0,1,0,1,0,1,0,0,0,1,0,1,1,0,1,1,1,1,1,0,0,1,0,0,1,0,0,0,0,1,0,1,0.35185185185185186,289.29809752222747,1
43,0,1,0,0,1,1,0,1,0,0,0,0,0,0,1,0,1,1,1,1,0,0,0,1,0,1,0,1,0,0,0,1,0,1,1,0,1,1,1,1,1,0,0,1,1,0,1,0,0,0,1,1,0,0,0.3333333333333333,312.42992002778533,1
44,0,1,0,0,0,1,0,1,0,1,1,0,0,0,1,1,1,1,1,1,0,0,0,1,0,1,0,1,0,0,0,1,0,1,1,0,1,1,1,1,1,0,0,1,1,0,1,0,0,0,0,1,0,1,0.37037037037037035,319.1392240570767,1
45,1,1,0,0,1,1,1,1,0,0,1,0,0,0,1,0,1,1,1,0,0,0,0,1,0,1,0,1,0,0,0,1,0,1,0,0,1,1,1,1,1,0,0,1,1,0,1,0,0,0,1,1,0,1,0.3148148148148148,344.9779696944792,1
46,0,1,0,0,1,1,0,1,0,1,1,0,1,0,1,1,1,1,0,0,0,0,0,1,0,1,0,1,0,0,0,1,0,1,1,0,1,1,1,1,1,0,0,1,1,0,1,0,1,0,1,1,0,1,0.3148148148148148,374.5766961429321,1
47,1,1,0,0,0,0,0,1,0,0,1,0,0,1,1,1,1,1,0,0,0,0,0,1,0,1,0,1,1,0,0,1,0,1,1,0,1,1,1,1,1,0,0,1,0,0,1,0,1,0,0,1,0,1,0.3148148148148148,263.97415888720536,1
48,0,1,0,0,1,1,0,1,0,1,1,0,0,0,1,0,1,1,1,0,0,0,0,1,0,1,0,1,0,0,0,1,0,1,1,0,1,1,1,1,1,0,0,1,1,0,1,0,0,0,1,1,0,1,0.3148148148148148,362.1633394563811,1
49,1,1,0,0,1,1,0,1,0,0,1,0,0,0,1,0,1,0,1,0,0,0,0,1,0,1,0,1,1,0,0,1,0,1,0,0,1,1,1,1,1,0,0,1,1,1,1,0,0,0,1,1,0,1,0.25925925925925924,406.1444530580693,1
50,1,1,0,0,1,0,0,1,0,1,1,0,0,0,1,0,1,1,1,0,0,0,0,1,0,1,0,1,0,0,0,1,0,1,1,0,1,1,1,1,1,0,0,1,0,0,1,0,1,0,1,1,0,1,0.3148148148148148,289.3933281817132,1
51,1,1,0,0,1,0,1,1,0,0,1,0,0,0,1,0,1,1,1,0,0,0,0,1,0,1,0,1,0,0,0,1,0,1,0,0,1,1,1,1,1,0,0,1,1,0,1,0,0,0,1,1,0,1,0.3148148148148148,320.062362991043,1
52,0,0,0,0,1,1,1,1,0,0,1,0,1,0,1,0,1,1,1,1,0,0,0,1,0,1,0,1,0,0,0,1,0,1,0,0,1,1,1,1,1,0,0,1,1,0,1,0,1,0,1,1,0,1,0.2777777777777778,336.4409492626315,1
53,1,1,0,0,0,1,1,1,0,0,0,0,0,0,1,0,1,1,1,0,0,0,0,1,0,1,0,1,0,0,0,0,0,1,0,0,1,1,1,1,1,0,0,1,1,0,1,0,0,0,1,1,0,1,0.25925925925925924,308.8645312159405,1
54,1,1,0,0,1,0,0,1,0,1,1,0,0,1,1,0,1,1,1,0,0,0,0,1,0,1,0,1,1,0,0,1,0,1,1,0,1,1,1,1,1,0,1,1,1,0,1,0,1,0,1,1,0,0,0.3148148148148148,333.6905900106251,1
55,0,1,0,0,1,0,0,1,0,0,1,0,0,0,1,1,1,1,1,0,0,0,0,1,0,1,0,1,1,0,0,1,0,1,1,0,0,1,1,1,1,0,0,1,1,0,1,0,0,0,0,1,0,1,0.3333333333333333,310.7373545169385,1
56,1,1,0,0,1,0,0,1,0,0,1,0,0,0,1,0,1,1,1,0,0,0,0,1,0,1,0,1,0,0,0,1,0,0,0,0,1,1,1,1,1,0,1,1,0,0,1,0,1,0,0,0,0,1,0.3148148148148148,239.55512505736604,1
57,0,1,0,0,0,0,0,1,0,0,1,0,0,1,1,0,1,1,0,0,0,0,0,1,0,1,0,1,0,0,0,1,0,1,0,0,1,1,1,1,1,0,0,1,1,0,1,0,0,0,0,1,0,1,0.3333333333333333,260.8019555533138,1
58,1,1,0,0,1,0,0,1,0,0,1,0,1,0,1,1,1,0,0,0,0,0,0,1,0,1,0,1,0,0,0,1,0,1,1,0,1,1,1,1,1,0,0,1,0,0,1,0,1,0,1,1,0,1,0.2777777777777778,303.5772593032222,1
59,1,0,0,0,1,1,0,1,0,0,1,0,0,1,1,0,1,1,1,0,0,0,0,1,0,1,0,1,0,0,0,1,0,1,1,0,1,1,1,1,1,0,0,1,1,0,1,0,0,0,1,1,0,1,0.37037037037037035,355.4359268682144,1
60,1,1,0,0,1,0,0,1,0,1,1,0,0,0,1,1,1,1,1,0,0,0,0,1,0,1,0,1,0,0,0,0,0,1,1,0,1,1,1,1,1,0,0,1,1,0,1,0,0,0,0,1,0,0,0.3148148148148148,265.0341981109713,1
61,1,1,0,0,1,0,0,1,0,1,1,0,0,0,1,0,1,1,1,0,0,0,0,1,1,1,0,1,0,0,0,1,0,1,1,0,1,1,1,1,1,0,1,1,1,0,1,0,0,0,1,1,0,1,0.2777777777777778,367.084257358339,1
62,1,1,0,0,0,0,0,1,0,1,1,0,0,0,1,0,1,1,1,0,0,0,0,1,0,1,0,1,0,0,1,1,0,1,1,0,1,1,1,1,1,0,0,1,1,0,1,0,0,0,1,1,0,1,0.3333333333333333,410.07374187786735,1
63,1,0,0,0,0,1,0,1,0,1,1,0,0,0,1,1,1,1,0,0,0,0,0,1,0,1,0,1,0,0,0,0,0,1,1,0,1,1,1,1,1,0,1,1,0,0,1,0,0,0,1,1,0,1,0.2777777777777778,278.6473395353389,1
64,1,0,0,0,1,1,0,1,0,0,1,0,0,0,1,0,1,1,0,0,0,0,0,1,0,1,0,1,0,0,0,1,0,1,0,0,1,1,1,1,1,0,0,1,0,0,1,0,0,0,1,1,0,1,0.2962962962962963,285.7092873022207,1
65,0,0,0,0,1,1,0,1,0,1,1,0,0,0,1,1,1,1,0,0,0,0,0,1,0,1,0,1,1,0,0,1,0,1,0,0,1,1,1,1,1,0,0,1,1,0,1,0,0,0,1,1,0,1,0.2962962962962963,377.8109481239907,1
66,0,1,0,0,1,1,0,1,0,0,1,0,0,0,1,1,1,1,0,0,0,0,0,1,0,1,0,1,0,0,0,0,0,1,1,0,0,1,1,1,1,0,1,1,0,0,1,0,0,0,0,1,0,1,0.3148148148148148,316.1022598232023,1
67,1,1,0,0,1,0,0,1,0,0,1,0,1,0,1,0,1,0,1,0,0,0,0,1,0,1,0,1,1,0,0,1,0,1,1,0,1,1,1,1,1,0,0,1,1,0,1,0,0,0,0,1,0,1,0.35185185185185186,338.5230776029803,1
68,1,1,0,0,1,1,1,1,0,1,1,0,0,0,1,0,1,1,1,0,0,0,0,1,0,1,0,1,0,0,0,0,0,1,0,0,1,1,1,1,1,0,0,1,1,0,1,0,1,0,1,1,0,0,0.2962962962962963,347.34309924315687,1
69,0,1,0,0,0,1,1,1,0,1,1,0,0,0,1,0,1,1,1,0,0,0,0,1,0,1,0,1,0,0,0,1,0,1,1,0,1,1,1,1,1,0,0,1,1,0,1,0,0,0,0,1,0,1,0.3888888888888889,301.79035739736526,1
70,1,0,0,0,1,1,0,1,0,1,1,0,0,0,1,1,1,1,1,0,0,0,0,1,0,1,0,1,1,0,0,1,0,1,0,0,1,1,1,1,1,0,0,1,1,0,1,0,0,0,1,0,0,1,0.3333333333333333,354.288145530643,1
71,1,1,0,0,1,1,0,1,0,1,1,0,1,0,1,1,1,0,0,0,0,0,0,1,0,1,0,1,0,0,0,1,0,1,1,0,1,1,1,1,1,0,0,1,1,0,1,0,0,0,0,1,0,1,0.3333333333333333,285.4009597715494,1
72,1,1,0,0,0,1,0,1,0,0,1,0,0,0,1,1,1,1,0,0,0,0,0,1,0,1,0,1,0,0,0,0,0,1,0,0,1,1,1,1,1,0,0,1,0,0,1,0,0,0,1,1,0,1,0.2777777777777778,287.778670480648,1
73,1,1,0,0,1,1,1,1,0,0,1,0,0,0,1,1,1,0,1,0,0,1,0,1,0,1,0,1,0,0,0,1,0,1,1,0,1,1,1,1,1,0,0,1,1,0,1,0,0,0,1,1,0,1,0.3333333333333333,335.610453814716,1
74,0,1,0,0,1,0,0,1,0,1,1,0,0,0,1,0,1,1,1,0,0,0,0,1,0,1,0,1,0,0,0,1,0,1,1,0,1,1,1,1,1,0,0,1,1,1,1,0,0,0,1,1,0,0,0.3148148148148148,298.03530389792536,1
75,1,1,0,0,1,1,0,1,0,0,1,0,1,0,1,0,1,1,1,0,0,0,0,1,0,1,0,1,1,0,0,0,0,1,1,0,1,1,1,1,1,0,0,1,1,0,1,0,0,0,1,1,0,0,0.2962962962962963,326.1788677102764,1
76,1,1,0,0,1,0,0,1,0,1,1,0,0,0,1,1,1,1,1,0,0,0,0,1,0,1,0,1,0,0,0,0,0,1,1,0,1,1,1,1,1,0,1,1,0,0,1,0,1,0,1,1,0,0,0.3333333333333333,247.86272302347948,1
77,1,0,0,0,1,1,0,1,0,0,1,0,0,0,1,0,1,1,0,0,0,0,0,1,0,1,0,1,0,0,0,1,0,1,1,0,1,1,1,1,1,0,1,1,1,0,1,0,0,0,1,1,0,1,0.3333333333333333,405.7662122752734,1
78,0,1,0,0,1,1,0,1,0,0,1,0,1,0,1,0,1,0,1,0,0,0,0,1,0,1,0,1,0,0,0,1,0,1,1,0,1,1,1,1,1,0,0,1,1,0,1,0,0,0,1,1,0,1,0.35185185185185186,368.12397353937735,1
79,0,1,0,0,1,0,0,1,0,1,1,0,0,0,1,0,1,1,0,0,0,0,0,1,0,1,0,1,0,0,0,1,0,1,0,0,1,1,1,1,1,0,0,1,1,0,1,0,0,0,1,1,0,1,0.24074074074074073,338.84840583991064,1
80,1,0,0,0,0,1,0,1,0,1,1,0,0,0,1,1,1,1,1,1,0,0,0,1,0,1,0,1,0,0,0,1,0,1,0,0,1,1,1,1,1,0,0,1,1,1,1,0,0,0,1,1,0,1,0.2962962962962963,337.58936968978804,1
81,1,1,0,0,0,1,0,1,0,0,1,0,0,0,1,0,1,1,0,0,0,1,0,1,0,1,0,1,0,0,0,0,0,1,1,0,1,1,1,1,1,0,0,1,0,0,1,0,0,0,0,1,0,0,0.2962962962962963,321.0261909869139,1
82,1,1,0,0,1,0,0,1,0,1,1,0,0,0,1,1,1,1,1,0,0,0,0,1,0,1,0,1,1,0,0,1,0,1,1,0,1,1,1,1,1,0,1,1,1,0,1,0,0,0,1,1,0,0,0.35185185185185186,327.77781078061713,1
83,0,1,0,0,0,1,0,1,0,0,1,0,0,0,1,0,1,0,0,1,0,0,0,1,0,1,0,1,0,0,0,1,0,1,1,0,1,1,1,1,1,0,0,1,0,0,1,0,0,0,1,1,0,0,0.3333333333333333,223.52017304940048,1
84,1,1,0,0,1,1,0,1,0,1,1,0,0,0,1,0,1,1,1,0,0,0,0,1,0,1,0,1,0,0,0,1,0,1,0,0,0,1,1,0,1,0,0,1,1,0,1,0,0,0,1,1,0,1,0.35185185185185186,338.27558291147693,1
85,1,1,0,0,1,1,0,1,0,0,1,0,0,0,1,0,1,0,0,0,0,0,0,1,0,1,0,1,1,0,0,1,0,1,1,0,1,1,1,1,1,0,1,1,0,0,1,0,1,0,1,1,0,1,0.35185185185185186,380.0665429039014,1
86,0,0,1,1,0,0,1,0,1,0,0,1,1,0,0,0,0,1,0,1,1,1,1,1,1,0,1,0,1,1,1,1,1,0,1,1,0,0,0,0,0,1,1,0,0,1,0,1,0,1,1,0,1,1,0.3333333333333333,602.8528905440963,1
87,1,0,0,0,0,1,0,1,0,0,1,0,0,0,1,1,1,1,1,0,0,0,0,1,0,1,0,1,0,0,0,1,0,1,0,0,1,1,1,1,1,0,0,1,1,0,1,0,0,0,0,1,0,1,0.3148148148148148,281.79775431381506,1
88,1,1,0,0,0,0,0,1,0,1,0,0,0,0,1,0,1,1,1,0,0,0,0,1,0,1,0,1,0,0,0,1,0,1,0,0,1,1,1,1,1,0,0,1,0,0,1,0,0,0,1,1,0,1,0.2777777777777778,261.05190356807606,1
89,0,1,0,0,1,1,0,1,0,0,1,0,0,0,1,1,1,0,0,0,0,0,0,1,0,1,0,1,0,0,0,1,0,1,1,0,0,1,1,1,1,0,0,1,0,0,1,0,0,0,0,1,0,1,0.2962962962962963,239.15064586051784,1
90,1,0,0,0,1,1,1,1,0,0,1,0,0,0,1,0,1,1,0,0,0,0,0,1,0,1,0,1,0,0,0,1,0,1,0,0,1,1,1,1,1,0,0,1,1,0,0,0,0,0,0,1,0,1,0.3333333333333333,288.5027147844689,1
91,0,0,1,1,0,0,1,0,1,0,1,1,1,1,0,0,0,1,0,0,1,1,1,1,1,0,1,0,1,1,1,1,0,0,0,1,0,0,0,0,0,1,1,0,0,1,0,1,0,1,1,0,1,1,0.35185185185185186,510.09493611292106,1
92,0,1,0,0,0,1,1,1,0,0,1,0,0,0,1,1,1,1,0,0,0,0,1,1,0,1,0,1,0,0,0,0,0,1,1,0,1,1,1,1,1,0,0,1,1,0,1,0,0,0,0,1,0,1,0.24074074074074073,295.68079917246536,1
93,0,0,1,1,0,0,0,0,1,0,0,1,0,1,0,0,0,1,0,1,1,1,1,1,1,0,1,0,1,1,1,1,1,0,1,1,0,0,0,0,0,1,1,0,0,1,0,1,0,1,1,0,1,1,0.3333333333333333,597.6646370974605,1
94,0,0,1,1,0,0,1,0,1,0,0,1,0,1,0,1,0,1,0,0,1,1,1,0,1,0,1,0,1,1,1,0,1,0,1,1,0,0,1,0,0,1,1,0,0,1,0,1,0,1,1,0,1,1,0.35185185185185186,698.896684567713,1
95,0,1,0,0,0,1,0,1,0,0,1,0,0,0,1,0,1,0,0,1,0,0,0,1,0,1,0,1,0,0,0,1,0,1,1,0,1,1,1,1,1,0,1,1,0,0,1,0,1,0,0,1,0,0,0.4444444444444444,200.51392831709302,1
96,0,1,0,0,0,1,0,1,0,1,1,0,1,0,1,1,1,1,0,1,0,0,0,1,0,1,0,1,0,0,0,1,0,1,1,0,1,1,1,1,1,0,1,1,1,1,1,0,0,0,0,1,0,0,0.2962962962962963,308.2852814783962,1
97,0,1,0,0,1,1,1,1,0,0,1,0,1,0,1,1,1,1,0,0,0,0,0,1,0,1,0,1,1,0,0,0,0,1,0,0,1,1,1,1,1,1,1,1,1,0,1,0,0,0,0,1,0,1,0.37037037037037035,367.9999739774296,1
98,0,0,1,1,0,0,0,0,1,0,0,1,0,1,0,1,0,1,0,1,1,1,1,0,0,0,1,0,1,1,1,1,0,0,0,1,0,0,1,0,0,1,1,0,0,1,0,1,0,1,1,0,1,1,0.2962962962962963,559.0611369469367,1
99,1,1,0,0,0,1,0,1,0,1,1,0,0,0,1,0,1,1,1,0,0,1,0,1,0,1,0,1,0,0,0,0,0,1,0,0,1,1,1,0,1,0,0,1,0,0,1,0,0,0,0,1,0,1,0.2962962962962963,365.60784936597145,1
