,0,1,2,3,4,5,6,7,8,9,10,11,12,13,14,15,16,17,18,19,20,21,22,23,24,25,26,27,28,29,30,31,32,33,34,35,36,37,38,39,40,41,42,43,44,45,46,47,48,49,50,51,52,53,chain_break_fraction,energy,num_occurrences
0,0,1,1,0,0,1,1,0,1,0,0,0,1,0,1,0,0,0,0,1,0,1,1,0,1,1,0,0,1,1,1,1,1,1,1,0,1,1,0,0,1,1,0,1,0,1,0,0,0,0,0,0,0,0,0.3888888888888889,229.1745631107745,1
1,0,1,1,0,0,1,1,0,1,0,0,1,1,0,1,0,0,0,0,1,1,1,1,0,1,1,0,0,1,0,1,1,1,1,1,0,1,1,0,0,0,1,1,1,0,1,0,0,0,0,0,0,0,0,0.3148148148148148,449.99366576798735,1
2,0,1,1,0,0,1,1,0,1,0,0,1,1,0,1,0,0,0,0,1,1,1,1,0,1,1,0,0,1,0,1,1,1,1,1,0,1,1,0,0,0,1,0,1,0,1,0,0,0,1,0,0,0,0,0.37037037037037035,417.2610139247757,1
3,0,1,1,0,0,1,1,0,1,0,0,0,1,0,1,0,0,0,0,1,0,1,1,0,1,1,0,0,1,1,1,1,1,1,1,0,1,1,0,0,0,1,1,1,0,1,0,0,0,0,0,0,0,0,0.35185185185185186,225.79378304561692,1
4,0,1,1,0,0,1,1,0,1,0,0,0,1,0,1,0,0,0,0,1,1,1,1,0,1,1,0,0,1,1,1,1,1,1,1,0,1,1,0,0,0,1,1,1,0,1,0,0,0,0,0,0,0,0,0.35185185185185186,280.8114460538256,1
5,0,1,1,0,0,1,1,0,1,0,0,0,1,0,1,0,0,0,0,1,0,1,1,0,1,1,0,0,1,0,1,1,1,1,1,0,1,1,0,0,0,1,0,1,0,1,0,0,0,0,0,0,0,0,0.35185185185185186,233.27430056487495,1
6,0,1,1,0,0,1,1,0,1,0,0,0,1,0,1,0,0,0,0,1,0,1,1,0,1,1,0,0,1,0,1,1,1,1,1,0,1,1,0,0,0,1,1,1,0,1,0,0,0,0,0,0,0,0,0.35185185185185186,222.30873696994414,1
7,0,1,1,0,0,1,1,0,1,0,0,0,1,0,1,0,0,0,0,1,0,1,0,0,1,1,0,0,1,0,1,1,1,0,1,0,1,1,0,0,0,1,0,1,0,1,1,0,0,0,0,0,0,0,0.35185185185185186,196.1550200002677,1
8,0,1,1,0,0,1,1,0,1,0,0,0,1,0,1,0,0,0,0,1,1,1,1,0,1,1,0,0,1,0,1,1,1,1,1,0,1,1,0,0,0,1,1,1,0,1,1,0,0,0,0,0,0,0,0.2962962962962963,285.4483049581797,1
9,0,1,1,0,0,1,1,0,1,0,0,0,1,0,1,0,0,0,0,1,0,1,1,0,1,1,0,0,0,0,1,1,1,1,1,0,1,1,0,0,1,1,0,1,0,1,1,0,0,0,0,0,0,0,0.3333333333333333,213.1837663837927,1
10,0,1,1,0,0,1,1,0,1,0,0,1,1,0,1,0,0,0,0,1,0,1,1,0,1,1,0,0,0,0,1,1,1,0,1,0,1,1,0,0,0,1,1,1,0,1,0,0,0,0,0,0,0,0,0.4074074074074074,382.8469374029863,1
11,1,0,0,1,1,0,0,1,0,1,1,1,0,1,0,1,1,1,1,0,1,0,0,1,0,0,1,1,1,0,0,0,0,0,0,1,0,0,1,1,0,0,0,0,1,0,0,1,1,1,1,1,1,1,0.37037037037037035,328.3588708842449,1
12,0,1,1,0,0,1,1,0,1,0,0,0,1,0,1,0,0,0,0,1,1,1,1,0,1,1,0,0,1,0,1,1,1,1,1,0,1,1,0,0,1,1,1,1,0,1,0,0,0,0,0,0,0,0,0.35185185185185186,289.29503489607777,1
13,0,1,1,0,0,1,1,0,1,0,0,1,1,0,1,0,0,0,0,1,1,1,1,0,1,1,0,0,1,1,1,1,1,1,1,0,1,1,0,0,0,1,1,1,0,1,0,0,0,0,0,0,0,0,0.4074074074074074,363.03144586388146,1
14,0,1,1,0,0,1,1,0,1,0,0,0,1,0,1,0,0,0,0,1,0,1,1,0,1,1,0,0,1,1,1,1,1,1,1,0,1,1,0,0,0,1,1,1,0,1,0,0,0,0,0,0,0,0,0.35185185185185186,225.79378304561692,1
15,0,1,1,0,0,1,1,0,1,0,0,1,0,0,1,0,0,0,0,1,0,1,1,0,1,1,0,0,1,0,1,1,1,1,1,0,1,1,0,0,0,1,0,1,0,1,1,0,0,0,0,0,0,0,0.3888888888888889,269.31568795173007,1
16,0,1,1,0,0,1,1,0,1,0,0,0,0,0,1,0,0,0,0,1,1,1,1,0,1,1,0,0,1,0,1,1,1,1,1,0,1,1,0,0,0,1,1,1,0,1,0,0,0,0,0,0,0,0,0.3148148148148148,297.33350082444576,1
17,0,1,1,0,0,1,1,0,1,0,0,1,1,0,1,0,0,0,0,1,0,1,1,0,1,1,0,0,1,0,1,1,1,1,1,0,1,1,0,0,0,1,1,1,0,1,0,0,0,1,0,1,0,0,0.37037037037037035,257.5357331385652,1
18,0,1,1,0,0,1,0,0,1,0,0,1,1,0,1,0,0,0,0,1,1,1,1,0,1,1,0,0,0,0,1,1,1,1,1,0,1,1,0,0,0,1,1,1,0,1,1,0,0,0,0,0,0,0,0.3148148148148148,418.69357983235255,1
19,1,0,0,1,1,0,0,1,0,1,1,1,0,1,0,1,1,1,1,0,1,0,0,1,0,0,1,1,1,0,0,0,0,0,0,1,0,0,1,1,0,0,0,0,1,0,1,1,1,1,1,1,1,1,0.3333333333333333,343.09168415472953,1
20,0,1,1,0,0,1,1,0,1,0,0,0,1,0,1,0,0,0,0,1,0,1,1,0,1,1,0,0,1,0,1,1,1,0,1,0,1,1,0,0,0,1,1,1,0,1,1,0,0,0,0,0,0,0,0.37037037037037035,213.37657069203968,1
21,0,1,1,0,0,1,1,0,1,0,0,0,1,0,1,0,0,0,0,1,0,1,0,0,1,1,0,0,1,0,1,1,1,0,1,0,1,1,0,0,0,1,0,1,0,1,0,0,0,1,0,0,0,0,0.35185185185185186,195.62716275048282,1
22,1,0,0,1,1,0,0,1,0,1,1,1,0,1,0,1,1,1,1,0,1,0,0,1,0,0,1,1,1,0,0,0,0,0,0,1,0,0,1,1,0,0,0,0,1,0,1,1,1,0,1,1,1,1,0.35185185185185186,334.87173664028705,1
23,0,1,1,0,0,1,1,0,1,0,0,1,1,0,1,0,0,0,0,1,0,1,1,0,1,1,0,0,1,1,1,1,1,0,1,0,1,1,0,0,1,1,1,1,0,1,0,0,0,0,0,0,0,0,0.35185185185185186,259.16925685798645,1
24,0,1,1,0,0,1,1,0,1,0,0,0,0,0,1,0,0,0,0,1,1,1,1,0,1,1,0,0,1,0,1,1,1,1,1,0,1,1,0,0,1,1,1,1,0,1,0,0,0,0,0,0,0,0,0.35185185185185186,270.29017669690705,1
25,0,1,1,0,0,1,1,0,1,0,0,1,1,0,1,0,0,0,0,1,0,1,0,0,1,1,0,0,0,0,1,1,1,1,1,0,1,1,0,0,0,1,1,1,0,1,0,0,0,0,0,0,0,0,0.35185185185185186,296.96488772300177,1
26,0,1,1,0,0,1,1,0,1,0,0,0,1,0,1,0,0,0,0,1,0,1,1,0,1,1,0,0,1,0,1,1,1,0,1,0,1,1,0,0,1,1,0,1,0,1,0,0,0,1,0,0,0,0,0.35185185185185186,208.32927680725882,1
27,1,0,0,1,1,0,0,1,0,1,1,1,0,1,0,1,1,1,1,0,0,0,0,1,0,0,1,1,0,0,0,0,0,0,0,1,0,0,1,1,0,0,0,0,1,0,1,1,1,1,1,1,1,1,0.37037037037037035,331.21755321136357,1
28,1,0,0,1,1,0,0,1,0,1,1,0,0,1,0,1,1,1,1,0,0,0,0,1,0,0,1,1,1,0,0,0,0,0,0,1,0,0,1,1,0,0,1,0,1,0,1,1,1,1,1,1,1,1,0.4074074074074074,457.62272076536874,1
29,0,1,1,0,0,1,0,0,1,0,0,0,0,0,1,0,0,0,0,1,0,1,1,0,1,1,0,0,1,0,1,1,1,0,1,0,1,1,0,0,0,1,1,1,0,1,0,0,0,0,0,0,0,0,0.37037037037037035,205.08317052203148,1
30,0,1,1,0,0,1,1,0,1,0,0,1,1,0,1,0,0,0,0,1,0,1,1,0,1,1,0,0,0,0,1,1,1,1,1,0,1,1,0,0,1,1,1,1,0,1,1,0,0,0,0,0,0,0,0.3148148148148148,274.93085090561675,1
31,0,1,1,0,0,1,1,0,1,0,0,0,1,0,1,0,0,0,0,1,1,1,0,0,1,1,0,0,1,0,1,1,1,1,1,0,1,1,0,0,0,1,1,1,0,1,0,0,0,0,0,0,0,0,0.35185185185185186,271.8315066527388,1
32,0,1,1,0,0,1,0,0,1,0,0,0,1,0,1,0,0,0,0,1,1,1,1,0,1,1,0,0,1,0,1,1,1,1,1,0,1,1,0,0,0,1,0,1,0,1,0,0,0,0,0,0,0,0,0.35185185185185186,319.01456826432883,1
33,1,0,0,1,1,0,0,1,0,1,1,1,0,1,0,1,1,1,1,0,1,0,0,1,0,0,1,1,1,0,0,0,0,0,0,1,0,0,1,1,0,0,1,0,1,0,1,1,1,1,1,1,1,1,0.4074074074074074,352.77779846161866,1
34,0,1,1,0,0,1,1,0,1,0,0,0,1,0,1,0,0,0,0,1,1,1,1,0,1,1,0,0,1,1,1,1,1,1,1,0,1,1,0,0,1,1,1,1,0,1,1,0,0,0,0,0,0,0,0.3148148148148148,265.56395187527943,1
35,1,0,0,1,1,0,0,1,0,1,1,0,1,1,0,1,1,1,1,0,1,0,0,1,0,0,1,1,1,0,0,0,0,0,0,1,0,0,1,1,0,0,1,0,1,0,1,1,1,0,1,1,1,1,0.3148148148148148,338.52429637642376,1
36,1,0,0,1,1,0,0,1,0,1,1,1,0,1,0,1,1,1,1,0,1,0,0,1,0,0,1,1,1,0,0,0,0,0,0,1,0,0,1,1,1,0,0,0,1,0,1,1,1,1,1,1,1,1,0.35185185185185186,360.04747256154747,1
37,1,0,0,1,1,0,0,1,1,1,1,1,0,1,0,1,1,1,1,0,0,0,0,1,0,0,1,1,0,0,0,0,0,0,0,1,0,0,1,1,0,0,1,0,1,0,1,1,1,1,1,1,1,1,0.35185185185185186,351.57301375707414,1
38,0,1,1,0,0,1,1,0,1,0,0,1,1,0,1,0,0,0,0,1,1,1,1,0,1,1,0,0,1,0,1,1,1,0,1,0,1,1,0,0,0,1,1,1,0,1,0,0,0,0,1,0,0,0,0.3333333333333333,375.1119618978172,1
39,0,1,1,0,0,1,0,0,1,0,0,0,1,0,1,0,0,0,0,1,0,1,0,0,1,1,0,0,1,0,1,1,1,1,1,0,1,1,0,0,1,1,1,1,0,1,0,0,0,0,0,0,0,0,0.35185185185185186,194.14938296355123,1
40,0,1,1,0,0,1,1,0,1,0,0,1,1,0,1,0,0,0,0,1,0,0,1,0,1,1,0,0,1,0,1,1,1,1,1,0,1,1,0,0,0,1,0,1,0,1,0,0,0,0,0,0,0,0,0.37037037037037035,305.39194474735706,1
41,0,1,1,0,0,1,1,0,1,0,0,1,1,0,1,0,0,0,1,1,0,1,1,0,1,1,0,0,1,1,1,1,1,0,1,0,1,1,0,0,0,1,1,1,0,1,1,0,0,0,0,0,0,0,0.35185185185185186,269.9316217295487,1
42,1,0,0,1,1,0,0,1,0,1,1,1,0,1,0,1,1,1,1,0,1,0,0,1,0,0,1,1,1,0,0,0,0,0,0,1,0,0,1,1,0,0,0,0,1,0,1,1,1,1,1,1,1,1,0.3148148148148148,343.09168415472953,1
43,0,1,1,0,0,1,1,0,1,0,0,1,1,0,1,0,0,0,0,1,0,1,1,0,1,0,0,0,0,0,1,1,1,0,1,0,1,1,0,0,1,1,1,1,0,1,0,0,0,0,0,0,0,0,0.2962962962962963,282.60246906887136,1
44,0,1,1,0,0,1,0,0,1,0,0,0,1,0,1,0,0,0,0,1,0,1,0,0,1,1,0,0,1,0,1,1,1,0,1,0,1,1,0,0,1,1,1,1,0,1,0,0,0,0,0,0,0,0,0.35185185185185186,191.57880160889542,1
45,0,1,1,0,0,1,1,0,1,1,0,1,1,0,1,0,0,0,0,1,1,1,1,0,1,1,0,0,1,1,1,1,1,1,1,0,1,1,0,0,0,1,1,1,0,1,0,0,0,1,0,0,0,0,0.3148148148148148,343.6258054385067,1
46,1,0,0,1,1,0,0,1,0,1,1,0,0,1,0,1,1,1,1,0,1,0,0,1,0,0,1,1,0,0,0,0,0,1,0,1,0,0,1,1,0,0,1,0,1,0,1,1,1,1,1,1,1,1,0.37037037037037035,359.511150146909,1
47,0,1,1,0,0,1,1,0,1,1,0,0,1,0,1,0,0,0,0,1,1,0,1,0,1,1,0,0,0,0,1,1,1,1,1,0,1,1,0,0,0,1,1,1,0,1,0,0,0,0,0,0,0,0,0.3333333333333333,361.70139849787125,1
48,0,1,1,0,0,1,1,0,1,0,0,0,1,0,1,0,0,0,0,1,1,1,1,0,1,1,0,0,1,1,1,1,1,1,1,0,1,1,0,0,0,1,0,1,0,1,0,0,0,0,0,0,0,0,0.37037037037037035,290.8304595101398,1
49,1,0,0,1,1,0,0,1,0,1,1,1,0,1,0,1,1,1,1,0,0,0,0,1,0,0,1,1,1,0,0,0,0,0,0,1,0,0,1,1,0,0,1,0,1,0,0,1,1,1,1,1,1,1,0.4074074074074074,344.58181793949007,1
50,1,0,0,1,1,0,0,1,0,1,1,0,0,1,0,1,1,1,1,0,1,0,0,1,0,0,1,1,0,0,0,0,0,0,0,1,0,0,1,1,0,0,1,0,1,0,0,1,1,0,1,1,1,1,0.4074074074074074,296.8288357142503,1
51,0,1,1,0,0,1,1,0,1,0,0,0,1,0,1,0,0,0,0,1,0,1,0,0,1,1,0,0,1,0,1,1,1,1,1,0,1,0,0,0,0,1,0,1,0,1,0,0,0,0,0,0,0,0,0.3888888888888889,225.98047407330768,1
52,0,1,1,0,0,1,1,0,1,0,0,1,1,0,1,0,0,0,0,1,1,1,1,0,1,1,0,0,1,0,1,1,1,1,1,0,1,1,0,0,0,1,1,1,0,1,1,0,0,0,0,0,0,0,0.35185185185185186,393.85569155456517,1
53,0,1,1,0,0,1,0,0,1,0,0,0,1,0,1,0,0,0,0,1,0,1,1,0,1,1,0,0,1,0,1,1,1,0,1,0,1,1,0,0,0,1,1,1,0,1,0,0,0,1,0,0,0,0,0.35185185185185186,203.25913886684248,1
54,0,1,1,0,0,1,1,0,1,0,1,1,0,0,1,0,0,0,0,1,0,1,1,0,1,1,0,0,1,0,1,1,1,1,1,0,1,1,0,0,0,1,1,1,0,1,0,0,0,0,0,0,0,0,0.35185185185185186,334.66217830362524,1
55,1,0,0,1,1,0,0,1,0,1,1,1,0,1,0,1,1,1,1,0,0,0,0,1,0,0,1,1,1,0,0,0,0,0,0,1,0,0,1,1,1,0,0,0,1,0,0,1,1,1,1,1,1,1,0.4074074074074074,356.1860829178397,1
56,1,0,0,1,1,0,0,1,0,1,1,1,0,1,0,1,1,1,1,0,1,0,0,1,0,0,1,1,1,0,0,0,0,0,0,1,0,0,1,1,1,0,1,0,1,0,1,1,1,0,1,1,1,1,0.3888888888888889,350.9623798547697,1
57,0,1,1,0,0,1,1,0,1,1,0,0,1,0,1,0,0,0,0,1,0,1,0,0,1,1,0,0,1,0,1,1,1,0,1,0,1,1,0,0,0,1,0,1,0,1,0,0,0,0,0,0,0,0,0.3333333333333333,223.83942749312888,1
58,0,1,1,0,0,1,0,0,1,0,0,0,1,0,1,0,0,0,0,1,0,0,1,0,1,1,0,0,1,0,1,1,1,1,1,0,1,1,0,0,0,1,0,1,0,1,1,0,0,0,0,0,0,0,0.37037037037037035,196.41150326564787,1
59,1,0,0,1,1,0,0,1,0,1,1,0,0,1,0,1,1,1,1,0,1,0,0,1,0,0,1,1,1,1,0,0,0,1,0,1,0,0,1,1,0,0,1,0,1,0,0,1,1,1,1,1,1,1,0.3888888888888889,482.5066090281352,1
60,0,1,1,0,0,1,1,0,1,0,0,0,1,0,1,0,0,0,0,1,0,1,1,0,1,1,0,0,0,0,1,1,1,1,1,0,1,1,1,0,0,1,1,1,0,1,0,0,0,1,0,0,0,0,0.3333333333333333,206.1518427266408,1
61,0,1,1,0,0,1,1,0,1,0,0,1,1,0,1,0,0,0,0,1,1,1,0,0,1,1,0,0,1,0,1,1,1,0,1,0,1,1,0,0,1,1,1,1,0,1,0,0,0,0,0,0,0,0,0.3148148148148148,358.29941767847123,1
62,1,0,0,1,1,0,0,1,0,1,1,0,0,1,0,1,1,1,1,0,1,0,0,1,0,0,1,1,0,0,0,0,0,1,0,1,0,0,1,1,1,0,0,0,1,0,0,1,1,0,1,1,1,1,0.37037037037037035,309.6718697195066,1
63,0,1,1,0,0,1,1,0,1,0,0,1,1,0,1,0,0,0,0,1,0,1,1,0,1,1,0,0,1,1,1,1,1,0,1,0,1,1,0,0,1,1,1,1,0,1,0,0,0,0,0,0,0,0,0.37037037037037035,259.16925685798645,1
64,0,1,1,0,0,1,1,0,1,0,0,0,1,0,1,0,0,0,0,1,1,1,1,0,1,1,0,0,1,0,1,1,1,0,1,0,1,1,0,0,0,1,1,1,0,1,0,0,0,1,0,0,0,0,0.37037037037037035,299.8246700674411,1
65,1,0,0,1,1,0,0,1,0,1,1,1,0,1,0,1,1,1,1,0,1,0,0,1,0,0,1,1,1,0,0,0,0,0,0,1,0,0,1,1,0,0,0,0,1,0,0,1,1,1,1,1,1,1,0.37037037037037035,328.3588708842449,1
66,1,0,0,1,1,0,0,1,0,1,1,1,0,1,0,1,1,1,1,0,1,0,0,1,0,0,1,1,1,0,0,0,0,0,0,1,0,0,1,1,1,0,1,0,1,0,1,1,0,1,1,1,1,1,0.3333333333333333,363.06839257862913,1
67,1,0,0,1,1,0,0,1,0,1,1,1,0,1,0,1,1,1,1,0,1,0,0,1,0,0,1,1,0,0,0,0,0,0,0,1,0,0,1,1,0,0,1,0,1,0,1,1,0,1,1,1,1,1,0.4074074074074074,333.6399628968696,1
68,0,1,1,1,0,1,1,0,1,0,0,1,1,0,1,0,0,0,1,1,0,1,1,0,1,1,0,0,1,0,1,1,1,1,1,0,1,1,0,0,0,1,0,1,0,1,0,0,0,0,0,0,0,0,0.35185185185185186,392.33865861283164,1
69,1,0,0,1,1,0,0,0,1,1,1,0,0,1,0,1,1,1,1,0,1,0,0,1,0,0,1,1,1,0,0,0,0,0,0,1,0,0,1,1,1,0,1,0,1,0,1,1,1,1,1,1,1,1,0.35185185185185186,406.9002359968231,1
70,0,1,1,0,0,1,0,0,1,0,0,1,1,0,1,0,0,0,0,1,1,1,0,0,1,1,0,0,1,1,1,1,1,1,1,0,1,1,0,0,1,1,1,1,0,1,0,0,0,0,0,1,0,0,0.3148148148148148,275.8815801207802,1
71,0,1,1,0,0,1,1,1,1,0,0,0,1,0,1,0,0,0,0,1,0,1,1,0,1,1,0,0,1,0,1,1,1,1,1,0,1,1,0,0,0,1,1,1,0,1,0,0,0,0,0,0,0,0,0.2962962962962963,257.75281210702303,1
72,0,1,1,0,0,1,0,0,1,0,0,1,1,1,1,0,0,0,0,1,1,1,1,0,1,1,0,0,1,1,1,1,1,1,1,0,1,1,0,0,0,1,1,1,0,1,1,0,0,0,0,0,0,0,0.35185185185185186,356.6449838131784,1
73,0,1,1,0,0,1,0,0,1,0,0,1,1,0,1,0,0,0,0,1,1,0,1,0,1,0,0,0,1,0,1,1,1,0,1,0,1,1,0,0,1,1,1,1,0,1,0,0,0,0,0,0,0,0,0.3148148148148148,314.59342501964466,1
74,1,0,0,1,1,0,0,1,0,1,1,1,0,1,0,1,1,1,1,0,1,0,0,1,0,0,1,1,1,0,0,0,0,1,0,1,0,0,1,1,0,0,0,0,1,0,1,1,0,1,1,1,1,1,0.3148148148148148,345.8109195072309,1
75,1,0,0,1,1,0,0,1,0,1,1,1,0,1,0,1,1,1,1,0,1,0,0,1,0,0,1,1,1,0,0,0,0,0,0,1,0,0,1,1,0,0,1,0,1,0,0,1,1,0,1,1,1,1,0.37037037037037035,329.0755121849421,1
76,0,1,1,0,0,1,1,0,1,0,0,0,1,0,1,0,0,0,0,1,0,1,1,0,1,1,0,0,1,0,1,1,1,1,1,0,1,0,0,0,0,1,0,1,0,1,1,0,0,0,0,0,0,0,0.35185185185185186,238.4426978291078,1
77,1,0,0,1,1,0,0,1,0,1,1,1,0,1,0,1,1,1,1,0,1,0,0,1,0,0,1,1,1,0,0,0,0,1,0,1,0,0,1,1,0,0,1,0,1,0,1,1,0,1,1,1,1,1,0.4074074074074074,355.6401286169539,1
78,1,0,0,1,1,0,0,0,0,1,1,1,0,1,0,1,1,1,1,0,0,0,0,1,0,0,1,1,1,1,0,0,0,0,0,1,0,0,1,1,1,0,1,0,1,0,0,1,1,1,1,1,1,1,0.2962962962962963,559.4482183076008,1
79,1,0,0,0,1,0,1,1,0,1,1,0,0,1,0,1,1,1,1,0,1,0,0,1,0,0,1,1,0,0,0,0,0,0,0,1,0,0,1,1,0,0,0,0,1,0,0,1,1,1,1,1,1,1,0.37037037037037035,304.3201575581796,1
80,1,0,0,1,1,0,0,1,0,1,1,0,0,1,0,1,1,1,1,0,1,0,0,1,0,0,1,1,0,0,0,0,0,0,0,1,0,0,1,1,0,1,1,0,1,0,1,1,1,0,1,1,1,1,0.2962962962962963,386.3558169693699,1
81,0,0,0,1,1,0,0,1,0,1,1,1,0,1,0,1,1,1,1,0,0,0,0,1,0,0,1,1,1,1,0,0,0,0,0,1,0,0,1,1,0,0,0,0,1,0,1,1,1,0,1,1,1,1,0.3333333333333333,450.19487845985566,1
82,1,0,0,1,1,0,1,1,0,1,1,1,0,1,0,1,1,1,0,0,1,0,0,1,0,0,1,1,0,0,0,0,0,0,0,1,0,1,1,1,1,0,1,0,1,0,1,1,1,1,1,1,1,1,0.3148148148148148,370.9592754903953,1
83,0,1,1,0,0,1,1,0,1,0,0,0,1,0,1,0,0,0,0,1,1,1,1,0,1,1,0,0,0,0,1,1,1,1,1,0,1,1,1,0,1,1,1,1,0,1,0,0,0,0,0,1,0,0,0.3333333333333333,252.23932611148473,1
84,0,1,1,0,0,1,0,0,1,0,0,0,1,0,1,0,0,0,0,1,0,1,1,0,1,1,0,0,1,0,1,1,1,1,1,0,1,1,0,0,1,1,0,1,0,1,1,0,0,0,0,0,0,0,0.42592592592592593,202.7727635352689,1
85,0,1,1,0,0,1,1,1,1,0,0,0,1,0,1,0,0,0,0,1,1,1,1,0,1,1,0,0,1,0,1,1,1,1,1,0,1,1,0,0,0,1,1,1,0,0,0,0,0,0,0,0,0,0,0.3333333333333333,405.820362914239,1
86,0,1,1,1,0,1,1,0,1,0,0,0,1,0,1,0,0,0,0,1,1,1,1,0,1,1,0,0,1,0,1,1,1,0,1,0,1,1,0,0,1,1,1,1,0,1,0,0,0,0,0,0,0,0,0.35185185185185186,331.22419566931666,1
87,1,0,0,1,1,0,0,1,0,1,1,0,0,1,0,1,1,1,1,0,1,0,0,1,0,0,1,1,1,0,0,0,0,0,0,1,0,0,1,1,1,0,1,0,1,0,0,1,0,0,1,1,1,1,0.37037037037037035,327.3654711905477,1
88,1,0,0,1,1,0,0,1,0,1,1,1,0,1,0,1,1,1,1,0,1,0,0,1,0,0,1,1,1,1,0,0,0,0,0,1,0,0,1,1,0,0,1,0,1,0,1,1,1,0,1,1,0,1,0.35185185185185186,366.2891456525193,1
89,0,1,1,0,0,1,1,0,1,0,0,1,1,0,1,0,0,0,0,1,0,1,1,0,1,1,0,0,1,0,1,1,1,1,1,0,1,1,0,0,0,1,0,1,0,1,1,0,0,0,0,0,0,0,0.4444444444444444,291.26583627932814,1
90,0,1,1,0,0,1,0,0,1,0,0,1,1,0,1,0,0,0,0,1,0,1,0,0,1,1,0,0,0,1,1,1,1,0,1,0,1,1,0,0,0,1,0,1,0,1,1,0,0,0,0,0,0,0,0.2962962962962963,240.49311934371596,1
91,0,1,1,0,0,1,1,0,1,0,0,1,1,0,1,0,0,0,0,1,0,1,1,0,0,1,0,0,0,1,1,1,1,1,1,0,1,1,0,0,0,1,1,1,0,0,0,0,0,0,0,0,0,0,0.37037037037037035,285.4931277142513,1
92,0,0,0,1,1,0,0,1,1,1,1,0,0,1,0,1,1,1,1,0,0,0,0,1,0,0,1,1,0,0,0,0,0,0,0,1,0,0,1,1,0,0,1,0,1,0,1,1,1,1,1,1,1,1,0.3333333333333333,374.2958972441955,1
93,1,0,0,1,1,0,0,1,0,1,1,1,0,1,0,1,1,1,1,0,1,0,1,1,0,0,1,1,0,0,0,0,0,0,0,1,0,0,1,1,0,0,1,0,1,0,1,1,0,1,1,1,1,1,0.3148148148148148,345.77493957230035,1
94,1,0,0,1,1,0,0,1,0,1,1,0,0,1,0,1,1,1,1,0,1,0,0,1,0,0,1,1,0,1,0,0,0,0,0,1,0,0,1,1,1,0,1,0,1,0,1,1,0,0,1,1,1,1,0.42592592592592593,421.03407399836243,1
95,0,1,1,0,0,1,0,0,1,1,0,0,1,0,1,0,0,0,0,1,0,1,0,0,1,1,0,0,0,0,1,1,1,0,1,0,1,1,0,0,0,1,1,1,0,1,1,0,0,0,0,0,0,0,0.3888888888888889,198.80807302901357,1
96,1,0,0,1,1,0,0,1,0,1,1,1,0,1,0,1,1,0,0,0,0,0,0,1,0,0,1,1,0,0,0,0,0,0,0,1,0,0,1,1,1,0,0,0,1,0,1,1,0,1,1,1,1,1,0.37037037037037035,395.2575428849861,1
97,1,0,0,1,1,0,0,1,0,1,1,1,0,1,0,1,1,1,1,0,0,0,0,1,0,0,1,1,0,0,0,0,0,0,0,1,0,0,1,1,0,0,0,0,1,0,1,1,1,0,1,1,1,1,0.35185185185185186,311.78875465565443,1
98,0,1,1,0,0,1,1,0,1,1,0,0,1,0,1,0,0,0,0,1,1,1,1,0,1,1,0,0,1,0,1,1,1,1,1,0,1,1,0,0,0,1,1,1,0,1,0,0,0,0,0,1,0,0,0.35185185185185186,322.69991909152077,1
99,1,0,0,1,1,0,0,1,0,0,1,1,0,1,0,1,1,1,1,0,1,0,0,1,0,1,1,1,0,0,0,0,0,1,0,1,0,0,1,1,0,0,0,0,1,0,1,1,0,1,1,1,1,1,0.3333333333333333,346.18255105726837,1
