,0,1,2,3,4,5,6,7,8,9,10,11,12,13,14,15,16,17,18,19,20,21,22,23,24,25,26,27,28,29,30,31,32,33,34,35,chain_break_fraction,energy,num_occurrences
0,0,0,0,0,0,0,1,1,0,0,1,0,1,1,1,0,1,0,0,1,0,1,0,0,1,0,0,0,0,0,1,0,0,1,1,0,0.2777777777777778,7.100169223182933,1
1,0,0,1,0,0,0,1,1,0,0,1,0,1,1,1,0,1,0,0,1,0,0,0,1,1,0,0,0,0,0,1,0,0,1,1,1,0.2222222222222222,9.774502403832983,1
2,0,0,0,0,0,0,1,1,0,0,1,0,1,1,1,1,1,0,0,1,0,1,0,0,0,0,0,0,0,0,1,0,0,1,1,1,0.2222222222222222,11.201392738602516,1
3,0,0,0,0,0,0,1,1,0,0,1,0,1,1,1,1,1,0,0,1,1,1,0,0,1,0,0,0,0,0,1,0,0,1,1,0,0.2777777777777778,9.596713649802284,1
4,0,0,1,0,0,0,1,1,0,0,1,0,0,1,1,0,1,0,0,1,0,1,1,0,1,0,0,0,0,0,1,0,0,1,1,0,0.2222222222222222,6.368319189636528,1
5,0,0,1,0,0,0,1,1,0,0,1,0,1,1,1,1,1,0,0,1,0,1,0,0,1,0,0,0,0,0,1,0,0,1,1,1,0.2222222222222222,13.146684924552062,1
6,0,0,1,0,0,0,1,1,0,0,1,0,1,1,1,0,1,0,0,1,0,1,1,0,1,0,0,0,0,0,1,0,0,1,1,0,0.3333333333333333,6.905107335335586,1
7,0,0,0,1,0,0,1,1,0,0,1,1,1,1,1,0,1,0,0,1,0,1,0,0,1,0,0,0,0,0,1,0,0,1,1,0,0.2777777777777778,14.620599592700817,1
8,0,0,0,0,0,0,1,1,0,0,1,1,0,1,1,1,1,0,0,1,0,0,0,1,1,0,0,0,0,0,1,0,0,1,1,1,0.2222222222222222,12.866053826229976,1
9,0,0,1,0,0,0,1,1,0,0,1,0,1,1,1,1,1,0,0,1,0,0,0,1,1,0,0,0,0,0,1,0,0,1,1,0,0.3055555555555556,9.649627083872218,1
10,0,0,0,0,0,0,1,1,1,0,1,0,1,1,1,0,1,0,0,1,0,1,0,0,1,0,0,0,0,0,1,0,0,1,1,1,0.2777777777777778,10.346119557251818,1
11,0,0,0,0,0,0,1,1,0,0,1,0,0,1,1,0,1,0,0,1,1,1,1,0,1,0,0,0,0,0,1,0,0,1,1,0,0.2777777777777778,9.561070319787554,1
12,0,0,0,0,0,0,1,0,0,0,1,0,1,1,1,1,1,0,0,1,0,1,0,0,1,0,0,0,0,0,1,0,0,1,1,0,0.25,8.550713117697278,1
13,0,0,1,0,0,0,1,1,0,0,1,1,0,1,1,0,1,0,0,1,1,1,0,1,1,0,0,0,0,0,1,0,0,1,1,0,0.3055555555555556,11.44752004634022,1
14,0,0,0,0,0,0,1,1,0,0,1,0,1,1,1,1,0,0,0,1,0,1,1,0,0,0,0,0,0,0,1,0,0,1,1,0,0.3333333333333333,7.6616223971607305,1
15,0,0,1,0,0,0,1,1,0,0,1,0,0,1,1,1,1,0,0,1,1,1,0,1,0,0,0,0,0,0,1,0,0,1,1,0,0.2222222222222222,8.992560640061015,1
16,0,0,1,1,0,0,1,1,1,0,1,0,1,1,1,0,1,0,0,1,0,1,0,0,1,0,0,0,0,0,1,0,0,1,1,0,0.2777777777777778,12.584475480116772,1
17,0,0,1,0,0,0,1,1,0,0,1,0,0,1,1,0,1,0,0,1,0,1,0,0,1,0,0,0,0,0,0,0,0,1,1,0,0.25,5.401357857732285,1
18,0,0,1,0,0,0,1,1,0,0,1,0,1,1,1,0,1,0,0,1,0,1,1,0,1,0,0,0,0,0,0,0,0,1,1,0,0.2777777777777778,6.090661235191068,1
19,0,0,0,0,0,0,1,1,0,0,1,1,0,1,1,1,1,0,0,1,0,1,0,1,0,0,0,0,0,0,1,0,0,1,1,0,0.25,10.910373220691806,1
20,0,0,1,0,0,0,1,1,0,0,1,0,1,1,1,1,1,0,0,1,1,0,0,0,1,0,0,0,0,0,1,0,0,1,1,0,0.3055555555555556,11.59860417627888,1
21,0,0,0,0,0,0,1,1,0,0,1,1,1,0,1,1,1,0,0,1,1,1,0,1,1,0,0,0,0,0,1,0,0,0,1,0,0.2222222222222222,9.13483331555858,1
22,1,1,0,0,1,1,0,0,1,1,0,0,1,0,0,0,0,1,0,1,1,0,1,0,0,1,1,0,1,0,0,1,0,0,0,0,0.16666666666666666,11.498743595433055,1
23,0,0,1,0,0,0,1,1,0,0,1,0,0,1,1,1,1,0,0,1,0,1,1,0,1,0,0,0,0,0,0,0,0,1,1,0,0.16666666666666666,7.67008844401645,1
24,0,0,1,0,0,0,1,1,0,0,1,0,1,1,1,1,1,0,1,1,1,0,0,0,1,0,0,0,0,0,0,0,0,1,1,0,0.2222222222222222,11.348357480203463,1
25,0,0,0,0,0,0,1,1,0,0,1,0,0,1,1,0,1,0,0,1,1,1,0,1,0,0,0,0,0,0,1,0,0,1,1,0,0.2777777777777778,9.844066983452738,1
26,0,0,0,0,0,0,1,1,0,0,1,0,0,1,1,0,1,0,0,1,0,1,0,0,1,0,0,0,0,0,1,0,0,1,1,0,0.25,6.563381041757086,1
27,0,0,1,1,0,0,1,1,0,0,1,0,1,1,1,0,1,0,0,1,0,1,0,0,1,0,0,0,0,0,1,0,0,1,1,1,0.2777777777777778,13.784448268634133,1
28,0,0,0,0,0,0,1,1,0,0,1,0,0,0,1,1,1,0,0,1,0,1,0,1,0,0,0,0,0,0,1,0,0,1,1,0,0.25,7.695285514310961,1
29,0,0,1,0,0,0,1,0,0,0,1,1,0,1,1,0,1,0,1,1,0,0,1,0,1,0,0,0,0,0,1,0,0,1,1,0,0.25,6.91962582180822,1
30,0,0,1,0,0,0,1,1,0,0,1,0,1,1,1,1,1,0,0,1,1,1,1,0,1,0,0,0,0,0,1,0,0,1,1,0,0.3055555555555556,9.8042989190821,1
31,0,0,1,1,0,0,1,1,0,0,1,0,0,1,1,0,1,0,0,1,1,1,0,0,1,0,0,0,0,0,0,0,0,1,1,0,0.25,9.037925300184732,1
32,0,0,1,0,0,0,0,1,0,0,1,1,1,1,1,1,1,0,0,1,0,1,0,0,1,0,0,0,0,0,1,0,0,1,1,1,0.19444444444444445,16.62398116721821,1
33,0,0,0,0,0,0,1,1,1,0,1,1,1,1,1,1,1,0,0,1,0,1,0,1,1,0,0,0,0,0,1,0,0,1,1,0,0.2777777777777778,13.711757844671709,1
34,0,0,1,0,0,0,1,1,0,0,1,0,1,1,1,1,1,0,0,1,0,1,0,1,0,0,0,0,0,0,1,0,0,1,1,0,0.3055555555555556,9.43714525243649,1
35,0,0,1,0,0,0,1,1,0,0,1,0,0,1,1,1,1,0,0,1,1,0,0,0,1,0,0,0,0,0,0,0,0,1,1,0,0.3333333333333333,9.771667952165545,1
36,0,0,0,1,0,0,1,1,0,0,1,0,0,1,1,1,0,0,0,1,1,0,0,1,1,0,0,0,0,0,0,0,0,1,1,0,0.25,8.554436744571884,1
37,0,0,0,0,0,0,1,1,0,0,1,0,0,1,1,0,1,0,1,1,0,1,0,0,1,0,0,0,0,0,1,0,0,0,1,0,0.2222222222222222,5.058640964524699,1
38,0,0,1,0,0,0,1,1,0,0,0,1,1,0,1,1,1,0,1,1,0,1,0,0,1,0,0,0,0,0,1,0,1,0,1,1,0.2222222222222222,11.692983847625108,1
39,0,0,0,0,0,0,1,0,0,0,1,1,1,1,1,1,1,0,0,0,0,1,1,1,0,0,0,0,0,0,1,0,0,1,1,0,0.25,10.709620862719259,1
40,0,0,0,0,0,0,1,1,0,0,1,1,1,0,1,0,0,0,0,1,0,0,0,1,1,0,0,0,0,0,0,0,0,1,1,0,0.19444444444444445,4.762490394173435,1
41,0,0,1,0,0,0,1,1,1,0,1,0,0,1,0,1,1,0,0,1,0,1,1,0,1,0,0,0,0,0,1,0,0,1,1,0,0.25,6.628271711162891,1
42,0,0,0,1,0,0,1,1,0,0,1,0,0,1,1,1,1,0,1,1,1,1,0,0,0,0,0,0,0,0,1,0,0,1,1,0,0.2222222222222222,10.835961620684532,1
43,0,0,1,0,0,0,1,0,0,0,1,0,0,1,1,0,1,0,1,1,0,0,0,1,1,0,0,0,0,0,0,0,0,1,1,0,0.2777777777777778,6.3845236790198046,1
44,1,1,0,0,1,1,0,0,1,1,0,1,0,0,0,0,0,1,0,1,1,0,1,0,0,0,1,0,1,0,0,1,1,0,0,1,0.19444444444444445,13.87507059770572,1
45,0,0,1,0,0,0,1,1,0,0,1,0,1,1,1,1,1,0,0,1,1,1,0,0,1,0,0,0,0,0,1,0,0,1,1,0,0.3333333333333333,10.240666572306772,1
46,0,0,1,0,0,0,1,1,0,0,1,0,1,1,1,0,1,0,0,1,1,1,1,1,1,0,0,0,0,0,0,0,0,1,1,0,0.3333333333333333,11.116276279821214,1
47,0,0,1,0,0,0,1,1,1,0,1,1,0,1,1,0,1,0,1,1,0,1,1,0,1,0,0,0,0,0,1,0,0,1,1,1,0.19444444444444445,14.192527825737832,1
48,0,0,1,0,0,0,1,1,0,0,1,0,1,0,1,1,1,0,0,1,0,1,0,1,0,0,0,0,0,0,1,0,0,1,1,0,0.2222222222222222,6.363256508035035,1
49,0,0,0,0,0,0,1,1,0,0,1,0,0,1,1,1,1,0,0,1,0,0,1,1,0,0,0,0,0,0,0,0,0,1,1,0,0.2222222222222222,5.714130504540078,1
50,1,1,0,1,1,1,0,0,1,1,0,0,0,0,0,0,0,1,1,1,1,0,1,0,0,0,1,0,1,0,0,1,0,0,0,0,0.2222222222222222,17.908150038150517,1
51,0,0,1,0,0,0,1,1,0,0,1,0,1,1,1,0,1,0,0,1,0,1,0,0,1,0,0,0,0,0,1,0,0,1,1,0,0.2777777777777778,7.248494145467923,1
52,0,0,1,0,0,0,1,1,0,0,1,0,0,1,1,0,0,0,0,1,0,1,0,0,1,0,0,0,0,0,0,0,0,1,1,0,0.2777777777777778,4.9273118303872945,1
53,0,0,1,0,0,0,1,1,1,0,1,0,1,1,1,1,1,0,0,1,1,1,1,0,0,0,0,0,0,0,1,0,0,1,1,0,0.25,9.593506495533656,1
54,0,0,0,0,0,0,1,1,0,0,1,1,0,1,1,0,1,0,0,1,0,0,0,0,0,0,1,0,0,0,1,0,0,1,1,1,0.2777777777777778,9.713454652148748,1
55,0,0,0,0,0,0,1,1,0,0,1,0,0,1,1,0,1,0,1,1,0,1,0,1,1,0,0,0,0,0,1,0,0,1,1,0,0.3055555555555556,13.594500209308826,1
56,1,1,0,0,1,1,0,0,1,1,0,0,0,0,1,0,0,1,1,1,1,0,1,0,0,0,1,0,1,1,0,1,1,0,0,0,0.2777777777777778,13.283627676345716,1
57,0,0,1,0,0,0,1,1,0,0,1,0,1,1,1,1,0,0,0,1,1,1,0,0,1,0,0,0,0,0,1,0,0,1,1,0,0.2777777777777778,9.558274364902347,1
58,1,0,0,0,0,0,1,1,0,0,1,0,1,1,1,1,1,0,0,1,1,1,0,1,1,0,0,0,0,0,0,0,0,1,1,0,0.2777777777777778,10.607807910558966,1
59,1,1,0,1,1,1,0,1,1,1,0,0,0,0,0,1,0,1,1,1,0,0,1,0,0,1,1,1,1,0,0,1,1,0,0,0,0.2222222222222222,25.642808853795437,1
60,1,1,0,0,1,1,0,1,1,1,1,0,1,0,0,0,0,1,0,1,1,1,1,1,0,1,1,0,1,0,0,1,0,0,0,1,0.25,23.17260942589097,1
61,1,1,0,1,1,1,0,1,1,1,0,1,0,0,0,0,0,1,1,1,0,0,1,0,0,1,1,1,1,1,0,1,1,0,0,1,0.3333333333333333,33.07005660247276,1
62,0,0,0,0,0,0,1,1,0,0,1,1,0,1,1,0,1,0,0,1,1,1,0,1,1,0,0,0,0,0,1,0,0,1,1,1,0.3333333333333333,21.190069359676336,1
63,0,0,1,0,0,0,0,1,0,0,1,0,1,0,1,1,1,0,1,0,0,1,0,0,1,0,0,0,0,0,0,0,0,1,1,1,0.16666666666666666,7.597022052843565,1
64,1,1,0,1,1,1,0,0,1,1,0,1,0,0,0,0,1,1,0,1,1,0,1,1,0,0,1,1,1,1,0,1,1,0,0,1,0.25,30.0621657121324,1
65,0,0,0,0,0,0,1,1,0,0,1,0,1,1,1,1,1,0,0,1,1,1,1,0,1,0,0,0,0,0,0,0,0,1,1,0,0.3888888888888889,8.834598357918617,1
66,1,1,0,1,1,1,0,1,1,1,0,0,0,0,0,1,0,1,0,0,1,1,1,0,0,0,1,1,1,1,0,1,1,0,0,0,0.2222222222222222,22.652516808621236,1
67,0,0,1,0,0,0,1,1,0,0,1,0,1,1,1,1,1,0,0,0,1,1,1,0,0,0,0,0,0,0,0,0,0,1,1,0,0.3055555555555556,10.577326805640828,1
68,0,0,1,0,0,0,1,1,0,0,1,0,1,1,1,1,1,0,0,1,0,1,1,0,1,0,1,0,0,0,1,0,0,0,1,0,0.2777777777777778,8.869633792965097,1
69,0,0,0,0,0,0,1,1,0,1,1,0,0,1,1,0,0,0,0,0,0,1,1,0,1,0,0,0,0,0,0,0,0,1,1,0,0.25,3.4714130208426313,1
70,0,0,1,0,0,0,1,1,0,0,1,0,0,1,1,1,0,0,0,1,1,1,0,1,0,0,0,0,0,0,1,0,0,1,1,0,0.3055555555555556,9.970939613682596,1
71,0,0,0,0,0,0,1,1,1,0,1,0,1,1,1,1,0,0,0,1,1,1,0,0,0,0,0,0,0,0,0,0,0,1,1,0,0.16666666666666666,8.833052795491213,1
72,0,0,1,0,0,0,1,1,1,0,1,0,0,1,1,0,1,0,0,1,0,0,1,0,0,0,0,0,0,0,1,0,0,1,1,0,0.3333333333333333,5.2728510891172675,1
73,0,0,1,0,0,0,1,1,1,0,1,0,1,1,1,1,1,0,0,0,1,1,1,0,1,0,0,0,0,0,1,0,0,1,1,0,0.3055555555555556,9.441465346143415,1
74,1,1,0,1,1,1,0,0,1,1,0,0,0,0,0,0,0,1,1,1,0,0,1,0,0,1,1,0,1,1,0,1,1,0,0,0,0.2777777777777778,21.129598964559097,1
75,1,1,0,1,1,1,0,0,1,1,1,0,0,0,0,0,0,1,1,1,0,0,1,0,0,0,1,1,1,0,0,1,1,0,0,0,0.2777777777777778,16.529517044484344,1
76,1,1,0,0,1,1,0,0,1,1,1,0,0,0,0,0,0,1,1,1,1,0,0,0,0,1,1,1,1,0,0,1,1,0,0,0,0.2777777777777778,15.6096957051148,1
77,1,1,0,1,1,1,0,0,1,1,1,0,0,0,0,0,0,1,1,1,0,0,1,1,0,0,1,1,1,1,0,1,1,0,0,1,0.25,31.422884920165924,1
78,0,1,0,1,1,1,0,0,1,1,0,1,1,0,0,0,1,1,1,1,0,0,1,0,0,0,1,1,1,1,0,1,1,0,0,1,0.2777777777777778,25.086850218940835,1
79,1,1,0,0,1,1,0,0,1,1,0,0,1,0,0,1,0,1,0,0,1,1,0,0,0,1,1,1,0,0,0,1,1,0,0,0,0.2222222222222222,14.607981480076498,1
80,1,1,0,1,1,1,0,0,1,1,0,0,0,0,0,0,0,1,1,1,1,0,1,1,1,1,1,0,1,0,0,1,0,0,0,0,0.19444444444444445,22.02998838168223,1
81,0,0,1,0,0,0,1,1,0,0,1,1,1,1,0,0,1,0,0,1,0,1,0,0,1,0,0,1,0,0,1,0,0,1,1,0,0.2777777777777778,12.331073594218296,1
82,0,1,0,0,1,1,0,0,1,1,0,0,0,0,1,0,0,1,1,0,1,1,1,0,0,1,1,0,0,0,0,1,0,0,0,0,0.1388888888888889,9.051987464188777,1
83,1,1,0,0,1,1,0,0,0,1,0,0,0,1,0,0,0,1,0,1,1,0,1,0,0,1,1,0,1,0,0,0,0,0,0,0,0.16666666666666666,14.049260174934806,1
84,1,0,0,0,0,0,1,1,0,0,1,0,1,1,1,1,0,0,0,1,1,1,0,0,0,0,1,0,0,0,0,0,0,1,1,0,0.2222222222222222,8.884273720466972,1
85,0,0,0,0,0,0,1,1,1,0,1,1,1,1,1,1,1,0,0,1,0,1,1,1,0,0,0,0,0,0,0,0,0,1,1,0,0.3611111111111111,14.33410830851604,1
86,0,0,1,0,0,0,1,1,0,0,1,1,0,1,1,1,0,0,0,1,1,1,0,1,0,1,0,0,0,0,1,0,0,1,0,0,0.19444444444444445,14.390760745913907,1
87,0,0,1,0,0,0,1,0,0,0,1,0,0,1,0,1,1,0,1,0,0,0,0,1,1,0,1,1,0,0,0,0,0,1,1,0,0.16666666666666666,8.266781164233588,1
88,0,0,0,0,0,0,1,1,0,0,0,0,0,1,1,1,1,0,0,1,0,0,0,1,1,0,0,0,0,0,1,0,0,1,1,0,0.3055555555555556,6.9058427263965605,1
89,1,1,0,1,1,1,0,0,1,1,0,1,0,0,0,0,0,1,1,1,1,0,0,0,0,0,1,1,1,0,0,1,1,0,0,0,0.3055555555555556,20.55308912661386,1
90,1,0,1,0,0,0,0,1,1,1,1,0,0,0,0,0,0,1,1,0,1,0,0,0,0,0,1,1,1,0,0,1,1,0,0,0,0.1111111111111111,3.6776899954395073,1
91,1,0,0,0,0,1,1,1,0,0,1,0,0,0,0,0,0,0,1,0,0,1,0,0,0,0,1,0,0,0,0,0,1,0,1,0,0.05555555555555555,2.235113132221373,1
92,1,1,0,0,1,1,0,0,1,1,1,0,0,0,0,1,0,1,0,1,1,0,1,1,0,0,1,1,1,0,0,1,1,0,0,0,0.2222222222222222,12.180004725037795,1
93,0,0,1,0,0,0,1,1,0,0,1,0,0,1,0,1,0,0,0,1,1,1,0,1,0,0,0,0,0,0,1,0,0,0,1,0,0.25,7.097172457054463,1
94,1,1,0,0,1,1,0,0,1,1,0,0,0,0,0,0,0,1,0,1,0,0,1,0,0,0,1,1,1,1,0,1,0,0,0,1,0.2777777777777778,17.855306262131826,1
95,1,1,0,0,1,1,0,0,1,1,1,0,0,0,0,0,0,1,1,1,0,0,0,0,0,0,1,1,1,0,0,1,1,0,0,0,0.2777777777777778,10.922660317080185,1
96,1,1,0,0,0,1,0,0,1,1,0,0,0,0,0,0,0,1,1,1,0,0,1,0,0,0,1,1,1,1,0,1,1,0,0,1,0.3055555555555556,25.55257266630948,1
97,1,1,0,1,1,1,0,0,1,1,0,0,1,0,0,0,1,1,1,1,1,0,1,0,0,0,1,1,1,1,0,1,1,0,0,0,0.3333333333333333,20.77318279329747,1
98,1,1,0,0,1,1,0,0,1,1,0,1,1,0,0,0,0,1,1,1,0,0,0,0,0,0,1,1,1,0,0,1,1,0,0,0,0.3611111111111111,15.104147279763508,1
99,0,0,1,0,0,0,1,0,0,0,1,1,0,1,1,0,1,0,0,1,0,1,1,1,1,0,0,0,0,0,1,0,1,0,1,0,0.3611111111111111,11.888671106435886,1
