,0,1,2,3,4,5,6,7,8,9,10,11,12,13,14,15,16,17,18,19,20,21,22,23,24,25,26,27,28,29,30,31,32,33,34,35,chain_break_fraction,energy,num_occurrences
0,1,1,1,1,0,0,1,0,0,1,1,0,0,0,0,1,0,0,0,1,0,0,1,0,0,1,0,0,0,1,0,1,1,0,0,1,0.2777777777777778,12.88356239164318,1
1,1,1,1,1,0,0,1,0,0,1,1,0,0,0,0,1,0,0,0,1,0,0,1,0,0,1,0,0,0,1,0,1,1,0,0,0,0.2777777777777778,13.790799445152578,1
2,1,1,1,1,0,0,1,0,0,1,1,0,0,0,0,1,0,0,0,1,0,0,1,0,0,1,1,0,0,1,1,1,1,0,0,0,0.25,13.809880835041566,1
3,1,1,1,1,0,0,1,0,0,1,0,0,0,0,0,1,0,0,0,1,0,0,1,0,0,1,0,0,0,1,0,1,1,0,0,0,0.2777777777777778,14.843338633748635,1
4,1,1,1,1,0,0,1,0,0,1,0,0,0,0,0,1,0,0,0,1,0,0,1,0,0,0,1,0,0,1,1,1,1,0,0,0,0.25,11.133195333305075,1
5,0,1,1,1,1,0,1,0,0,1,0,0,0,0,0,1,0,0,0,1,0,0,1,0,0,1,0,0,0,1,0,1,1,0,0,0,0.2777777777777778,12.452642069862742,1
6,1,1,1,1,0,0,1,0,0,1,0,0,0,0,0,1,0,0,0,1,0,0,1,0,0,1,1,0,0,1,0,1,1,0,0,1,0.2777777777777778,16.100996862843566,1
7,0,1,1,1,1,0,1,0,0,1,1,0,0,0,0,1,0,0,0,1,0,0,1,0,0,1,1,0,0,1,0,1,1,0,0,0,0.2222222222222222,10.930411839160175,1
8,1,1,1,1,0,0,1,0,0,1,1,0,0,0,0,1,0,0,0,1,0,0,1,0,0,1,0,0,0,1,0,1,1,0,0,0,0.3055555555555556,13.790799445152578,1
9,1,1,1,1,1,0,1,0,0,1,1,1,0,0,0,1,0,0,0,1,0,0,1,0,0,1,0,0,0,1,1,1,1,0,0,1,0.3888888888888889,12.46049328991761,1
10,1,1,1,1,0,0,1,0,0,1,0,0,0,0,0,1,0,0,0,1,0,0,1,0,0,1,1,0,0,1,0,1,1,0,0,1,0.2777777777777778,16.100996862843566,1
11,0,1,1,1,0,0,1,0,0,1,1,0,0,0,0,1,0,0,0,1,1,0,1,0,0,1,1,0,0,1,0,1,1,0,0,1,0.2777777777777778,15.009756874351572,1
12,1,1,1,1,1,0,1,0,0,1,0,0,0,0,0,0,0,0,0,1,0,0,1,0,0,1,1,0,0,1,0,1,1,0,0,1,0.2777777777777778,13.050848415802772,1
13,1,1,1,1,0,0,1,0,0,1,1,0,0,0,0,1,0,0,0,1,0,0,1,0,0,1,0,0,0,1,1,1,1,0,0,0,0.3055555555555556,13.300340140097077,1
14,1,1,1,1,0,0,1,0,0,1,1,0,0,0,0,1,0,0,0,1,0,0,0,0,0,1,1,0,0,1,1,1,1,0,0,1,0.3055555555555556,12.460099092412623,1
15,1,1,1,1,0,0,1,0,0,1,0,0,0,0,0,1,1,0,0,1,0,0,0,0,0,1,1,0,0,1,1,1,1,0,0,0,0.2222222222222222,12.138070302681799,1
16,1,1,1,1,1,0,1,0,0,1,1,0,0,0,0,0,0,0,0,1,1,0,1,0,0,1,1,0,0,1,0,1,1,0,0,0,0.2777777777777778,9.69829754529296,1
17,1,1,1,1,1,0,1,0,0,1,1,1,0,0,0,1,0,0,0,1,0,0,0,0,0,1,1,0,0,1,1,1,1,0,0,1,0.2777777777777778,11.93483042708497,1
18,1,1,1,1,1,0,1,0,0,1,1,1,0,0,0,1,0,0,0,1,0,0,1,0,0,1,1,0,0,1,0,1,1,0,0,1,0.3611111111111111,12.460493289917611,1
19,1,1,1,1,1,0,1,0,0,1,1,0,0,0,0,1,0,0,0,1,0,0,1,0,0,1,1,0,0,1,1,1,1,0,0,0,0.25,13.444198386159227,1
20,1,1,1,1,0,0,1,0,0,1,0,0,0,0,0,1,0,0,0,1,1,0,1,0,0,1,1,0,0,1,0,1,1,0,0,0,0.2777777777777778,16.091940904575345,1
21,1,1,1,1,0,0,1,0,0,1,1,0,0,0,0,1,0,0,0,1,1,0,1,0,0,1,1,0,0,1,0,1,1,0,0,0,0.3333333333333333,13.98543897971486,1
22,1,1,1,1,0,0,1,0,0,1,1,0,0,0,0,1,0,0,0,1,0,0,1,0,0,1,0,0,0,1,0,1,1,0,0,0,0.25,13.790799445152578,1
23,1,1,1,1,1,0,1,0,0,1,0,1,0,0,0,1,0,0,0,1,0,0,0,0,0,1,1,0,0,1,1,1,1,0,0,0,0.3055555555555556,13.444404657481284,1
24,0,0,0,1,1,1,0,1,1,0,0,1,1,1,1,0,1,1,1,0,1,1,0,1,1,0,0,1,1,0,0,0,0,1,1,0,0.3055555555555556,15.535316288370954,1
25,0,0,0,1,1,1,0,1,1,0,0,1,1,1,1,0,1,1,1,0,0,1,0,1,1,0,0,1,1,0,0,0,0,1,1,0,0.3333333333333333,16.201083679018293,1
26,1,1,1,1,0,0,1,0,0,1,1,0,0,0,0,1,0,0,0,1,0,0,1,0,0,1,0,0,0,1,0,1,1,0,0,0,0.3611111111111111,13.790799445152578,1
27,1,1,1,1,1,0,1,0,0,1,1,0,0,0,0,1,0,0,0,1,0,0,1,0,0,1,1,0,0,1,0,1,1,0,0,0,0.3611111111111111,13.438794997792002,1
28,0,0,0,1,0,1,0,1,1,0,0,1,1,1,1,0,1,1,1,0,0,1,0,1,1,0,0,1,1,0,0,0,0,1,1,0,0.2777777777777778,14.064403486933221,1
29,1,1,1,1,1,0,1,0,0,1,1,0,0,0,0,0,0,0,0,1,0,0,1,0,0,1,1,0,0,1,0,1,1,0,0,1,0.3333333333333333,9.953066163267977,1
30,1,1,1,1,1,0,1,0,0,1,0,0,0,0,0,0,1,0,0,1,0,0,1,0,0,1,1,0,0,1,1,1,1,0,0,1,0.2222222222222222,12.102089361228229,1
31,1,1,1,1,0,0,1,0,0,1,1,0,0,0,0,1,0,0,1,1,0,0,1,0,0,1,1,0,0,1,1,1,1,0,0,0,0.25,16.135197576361154,1
32,1,1,1,1,1,0,1,0,0,1,1,0,0,0,0,0,0,0,0,1,0,0,1,0,0,1,1,0,0,1,1,1,1,0,0,0,0.3055555555555556,9.557570538341292,1
33,0,1,1,1,0,0,1,0,0,1,1,1,0,0,0,1,0,0,0,1,0,0,0,0,0,1,0,0,0,1,1,1,1,0,0,0,0.3055555555555556,11.194265346378891,1
34,1,1,1,1,0,0,1,0,0,1,0,0,0,0,0,1,0,0,0,1,0,0,1,0,0,0,0,0,0,1,1,1,1,0,0,1,0.25,10.585014128706929,1
35,1,1,1,1,0,0,1,0,0,1,1,0,0,0,0,1,0,0,0,1,0,0,1,0,0,1,1,0,0,1,0,1,1,0,0,0,0.3888888888888889,13.300340140097074,1
36,0,0,0,1,1,1,0,1,1,0,0,1,1,1,1,0,1,1,1,0,0,1,0,1,0,1,0,1,1,0,0,0,0,1,1,0,0.2222222222222222,16.21097240618226,1
37,1,1,1,1,0,0,1,0,0,1,1,0,0,0,0,0,1,0,0,1,1,0,1,0,0,1,1,0,0,1,0,1,1,0,0,0,0.19444444444444445,8.965738541176794,1
38,1,1,1,1,0,0,1,0,0,1,1,0,0,0,0,1,0,0,1,1,0,0,1,0,0,1,1,0,0,1,0,1,1,0,0,0,0.3333333333333333,15.083549275623415,1
39,0,1,1,0,0,0,1,0,0,1,1,0,0,0,0,1,0,0,0,1,0,0,1,0,0,1,0,0,0,1,0,1,1,0,0,0,0.16666666666666666,12.52378052332555,1
40,1,1,1,1,0,0,1,0,0,1,0,0,0,0,0,1,0,0,1,1,0,0,0,0,0,0,1,0,0,1,0,1,1,0,0,1,0.2777777777777778,10.706679495238266,1
41,0,1,1,1,1,0,1,0,0,1,1,1,0,0,0,1,0,0,0,1,0,0,1,0,0,1,1,0,0,1,0,1,1,0,0,0,0.25,11.741239723093898,1
42,1,1,1,1,0,1,1,0,0,1,1,0,0,0,0,0,0,0,0,1,1,0,1,0,0,1,0,0,0,1,1,1,1,0,0,1,0.2777777777777778,11.831006535510767,1
43,0,1,1,1,1,0,1,0,0,1,1,0,0,0,0,1,0,0,0,1,0,0,1,0,0,1,0,0,0,1,1,1,1,0,1,1,0.3055555555555556,12.583033073758315,1
44,1,1,1,1,0,0,1,0,0,0,0,0,0,0,0,1,0,0,0,1,1,0,1,0,0,0,0,0,0,1,0,1,1,0,0,0,0.3055555555555556,9.732800460797057,1
45,0,1,1,1,0,0,1,0,0,1,1,0,0,0,0,1,0,0,1,1,0,0,1,0,0,1,0,0,0,1,0,1,1,0,0,0,0.25,12.996100730423448,1
46,1,1,1,1,0,0,1,0,0,1,1,1,0,0,0,1,0,0,0,1,0,0,1,0,0,1,1,0,0,1,1,1,1,0,0,0,0.3888888888888889,13.5482851868691,1
47,1,1,1,1,1,1,1,0,0,1,0,0,0,0,0,0,0,0,0,1,0,0,1,0,0,1,0,0,0,1,1,1,1,0,0,1,0.2777777777777778,12.322323816738171,1
48,1,1,1,1,0,0,1,0,0,1,0,0,0,0,0,0,1,0,0,1,0,0,1,0,0,1,1,0,0,1,1,1,1,0,0,0,0.2777777777777778,10.923253980648363,1
49,0,1,1,1,0,0,1,0,0,1,0,0,0,0,0,1,0,0,0,1,0,0,0,0,0,1,1,0,0,1,1,1,1,0,0,0,0.3333333333333333,11.985502474583331,1
50,1,1,1,1,0,0,1,0,0,1,1,0,0,0,1,1,0,0,0,1,1,0,1,0,0,1,1,0,0,1,0,1,1,0,0,0,0.2222222222222222,16.439187488089317,1
51,0,1,1,1,1,0,1,0,0,1,0,1,0,0,0,1,0,0,0,1,0,0,0,0,0,1,1,0,0,1,0,1,1,0,0,0,0.3055555555555556,11.124647588227178,1
52,1,0,0,1,1,1,0,1,1,0,0,1,1,1,1,0,1,1,1,0,0,1,0,1,1,0,0,1,1,0,1,0,0,1,1,0,0.2777777777777778,17.652183118180744,1
53,1,1,1,1,0,0,1,0,1,1,1,0,0,0,0,0,0,0,0,1,0,0,1,0,0,1,1,0,0,1,1,1,1,0,0,0,0.2777777777777778,10.8666878138671,1
54,1,1,1,1,0,0,0,0,0,1,1,0,0,0,0,0,0,0,0,1,0,0,0,0,0,1,1,0,0,1,0,1,1,0,1,0,0.2222222222222222,8.243247760851952,1
55,1,1,1,1,1,0,1,0,0,1,1,1,0,0,0,0,0,0,0,1,0,0,1,0,0,1,0,0,0,1,0,1,1,0,0,1,0.3333333333333333,7.686737095728323,1
56,1,1,1,1,0,0,1,0,0,1,1,0,0,0,0,0,0,0,0,1,0,0,1,0,0,1,1,0,0,1,0,1,1,0,0,0,0.3611111111111111,9.385905640140892,1
57,0,0,0,1,1,1,0,1,1,0,1,1,1,1,1,0,0,1,1,0,0,1,0,1,1,0,0,1,1,0,0,0,0,1,1,0,0.2777777777777778,16.201083679018307,1
58,0,0,0,1,1,0,0,1,1,0,0,1,1,1,1,0,1,1,1,0,0,1,0,1,1,0,0,1,1,0,0,0,0,1,1,0,0.2777777777777778,11.927723294848118,1
59,0,0,0,1,0,1,0,1,0,0,1,1,1,1,1,0,1,1,1,0,0,1,0,1,1,0,0,1,1,0,0,0,0,1,1,0,0.3055555555555556,15.351816745560663,1
60,1,0,0,1,1,0,0,1,0,0,1,1,1,1,1,0,1,1,1,0,0,1,0,1,1,1,0,1,1,0,0,0,0,1,1,0,0.2777777777777778,15.919236736528775,1
61,0,1,1,1,1,0,1,0,0,1,1,0,0,0,0,0,0,0,0,1,0,0,1,0,0,0,1,0,0,1,0,1,1,0,0,0,0.25,3.6865497261897797,1
62,1,1,1,1,0,0,1,0,0,1,1,0,0,0,0,1,0,0,0,1,0,0,0,0,0,1,1,0,0,1,1,1,1,0,1,0,0.3333333333333333,11.299084697547222,1
63,1,1,1,1,0,0,1,0,0,1,1,0,0,0,0,1,0,0,0,1,0,0,1,0,0,0,0,0,0,1,1,1,1,0,0,0,0.3055555555555556,11.04324393196814,1
64,1,1,1,0,0,0,1,0,1,1,0,0,0,0,0,1,0,0,0,1,1,0,1,0,0,0,1,0,0,0,0,1,1,0,0,0,0.19444444444444445,10.626308386413863,1
65,1,1,1,1,1,0,1,0,0,1,1,0,0,0,0,0,0,0,0,1,0,0,1,0,0,1,0,0,0,1,0,1,1,1,0,0,0.25,9.45233506287556,1
66,1,1,1,1,1,0,1,0,0,1,1,0,0,0,0,1,1,0,0,1,0,0,1,0,0,1,1,0,0,1,1,1,1,0,0,1,0.3888888888888889,12.134660280175925,1
67,0,0,0,0,1,1,0,1,1,0,1,1,1,1,0,0,1,1,1,0,0,0,0,1,1,0,0,1,1,0,0,0,0,1,1,1,0.19444444444444445,14.26845875419388,1
68,1,1,1,1,1,0,1,0,0,1,1,0,0,0,0,0,0,0,0,1,0,0,0,0,0,1,0,0,0,1,0,1,1,0,0,0,0.3611111111111111,7.637043906231745,1
69,1,1,1,1,1,0,1,0,0,1,1,0,0,0,1,1,0,0,0,1,0,0,1,0,0,1,0,0,0,1,0,1,1,0,0,0,0.3611111111111111,18.404513178896707,1
70,1,1,1,1,0,0,1,0,0,1,0,1,0,0,0,0,1,0,0,1,1,0,1,0,0,0,0,0,0,1,1,1,1,0,0,0,0.3333333333333333,5.833106408154755,1
71,1,1,1,1,0,0,0,0,0,1,0,0,0,0,0,1,0,0,0,1,0,0,0,0,0,0,0,0,0,1,1,1,1,0,0,0,0.25,10.398067117508544,1
72,0,1,0,1,0,0,1,0,0,1,1,1,0,0,0,1,0,0,0,1,0,0,1,0,0,1,1,0,0,1,0,1,1,0,0,0,0.3888888888888889,11.423659471188293,1
73,1,1,1,1,0,0,1,0,0,1,1,0,0,0,0,0,0,0,0,1,0,0,1,0,0,0,0,0,0,1,1,1,1,0,0,1,0.3888888888888889,5.556324297550447,1
74,1,1,1,1,0,0,1,0,0,1,1,1,0,0,0,1,0,0,0,1,0,0,1,0,0,1,0,0,0,1,1,1,1,0,0,1,0.3055555555555556,12.324752026166049,1
75,0,1,1,1,1,0,1,0,0,0,0,0,0,0,0,1,0,0,0,1,0,0,0,0,0,1,1,0,0,1,1,1,1,0,0,0,0.3055555555555556,11.150129003589406,1
76,0,0,0,1,1,1,0,1,1,0,0,1,1,1,1,0,1,1,1,0,0,1,0,1,1,0,0,1,0,0,0,0,0,1,1,0,0.2777777777777778,18.773475336121898,1
77,1,1,1,1,1,0,1,0,1,0,1,1,0,0,0,0,0,0,0,1,0,0,1,0,0,1,1,0,0,1,1,1,1,0,0,0,0.3888888888888889,6.7996864915082496,1
78,0,0,0,1,0,1,0,1,1,0,0,1,1,1,1,0,1,1,1,0,0,1,0,1,1,0,0,1,1,0,0,0,0,1,1,1,0.3333333333333333,13.222572721991432,1
79,0,1,1,1,0,0,1,0,0,1,1,0,0,0,0,1,0,0,0,1,0,0,0,0,0,1,0,0,0,1,1,1,1,0,0,0,0.3611111111111111,9.777968243101382,1
80,1,1,1,1,0,0,0,0,0,1,1,1,0,0,0,1,0,0,0,1,0,0,1,0,0,0,1,0,0,1,0,1,1,0,0,1,0.19444444444444445,9.635820341085068,1
81,0,1,1,1,0,1,1,0,0,1,1,1,0,0,0,1,0,0,0,1,1,0,1,0,0,1,1,0,0,1,0,1,1,0,1,0,0.2222222222222222,11.766418828320962,1
82,0,0,0,1,1,1,0,1,0,0,0,1,1,1,1,0,1,1,1,0,0,1,0,1,1,0,0,1,1,0,0,0,0,1,1,1,0.25,13.36132412994306,1
83,0,0,0,1,1,1,0,1,1,0,0,1,0,1,1,0,1,1,1,0,0,1,0,1,0,0,0,1,1,0,1,0,0,1,1,0,0.3333333333333333,13.025735064270412,1
84,1,1,1,1,0,0,1,0,0,1,0,0,0,0,0,1,0,0,0,1,0,0,1,0,0,0,0,0,0,1,1,1,1,0,0,1,0.3888888888888889,10.585014128706929,1
85,0,1,1,1,1,0,1,0,0,1,1,0,0,0,0,1,0,0,1,1,0,0,1,0,0,1,1,0,0,1,0,1,1,0,0,0,0.3055555555555556,12.714017580647486,1
86,1,1,1,0,1,0,1,0,0,1,0,0,0,0,0,1,0,0,0,1,0,0,1,0,0,1,1,0,0,1,0,1,1,0,1,0,0.3333333333333333,16.891512383071948,1
87,1,1,1,1,1,0,1,0,0,1,0,1,0,0,0,0,1,0,1,1,0,0,1,0,0,1,1,0,0,1,1,1,1,0,0,0,0.2777777777777778,9.424427708244181,1
88,0,0,0,0,1,1,0,1,1,0,0,1,1,1,1,0,0,1,1,0,0,1,0,1,1,0,0,1,1,0,0,0,0,1,1,1,0.2222222222222222,14.314368614061486,1
89,1,0,0,1,1,1,0,1,1,0,1,1,1,1,1,0,1,1,1,0,0,1,0,1,1,0,0,1,1,0,1,0,0,1,1,1,0.3055555555555556,18.40927939860345,1
90,0,0,0,1,1,1,0,1,1,0,1,1,0,1,1,0,1,1,1,0,0,1,1,1,1,0,0,1,1,0,0,0,0,1,1,1,0.2777777777777778,13.013667844738638,1
91,1,1,1,1,0,0,1,0,0,1,1,0,1,0,0,1,0,0,0,1,0,0,1,0,0,0,0,0,0,1,1,1,1,0,0,1,0.2777777777777778,10.046896757378276,1
92,0,1,1,1,0,0,1,0,0,1,0,0,1,0,0,0,1,0,0,1,0,0,0,0,0,1,1,0,0,1,0,1,1,0,0,0,0.3055555555555556,6.578100218879038,1
93,0,1,1,1,0,0,1,0,0,1,1,0,0,0,0,1,0,0,0,1,1,0,1,0,0,0,1,0,0,1,1,1,1,0,1,0,0.3611111111111111,8.44496602970195,1
94,0,1,1,1,0,0,1,0,0,1,1,0,0,0,0,1,0,0,1,1,1,1,1,0,0,0,0,0,0,1,1,1,1,0,0,0,0.2777777777777778,14.061680544551011,1
95,0,1,1,1,0,0,1,0,0,1,1,0,0,0,0,0,1,0,1,1,1,0,1,0,0,0,0,0,0,1,0,1,1,0,0,0,0.16666666666666666,4.289737030215474,1
96,1,1,1,1,0,0,1,0,0,1,0,1,0,0,0,0,0,0,1,1,1,0,0,0,0,0,1,0,0,0,0,1,0,0,0,1,0.25,5.195760438492625,1
97,0,0,0,0,1,0,0,1,1,0,0,1,0,1,1,0,1,1,1,0,0,0,0,1,1,0,0,1,1,0,0,0,0,1,1,1,0.2777777777777778,9.086673835887307,1
98,0,0,0,0,1,1,0,1,1,0,1,1,1,1,1,0,1,1,1,0,0,0,1,1,1,0,0,1,1,0,1,0,0,1,1,1,0.3055555555555556,14.614666763112139,1
99,1,1,1,1,0,1,1,0,0,1,1,0,0,0,1,0,0,0,0,1,0,0,1,0,1,1,0,0,0,1,1,1,1,0,0,0,0.2777777777777778,13.247939063504262,1
