,0,1,2,3,4,5,6,7,8,9,10,11,12,13,14,15,16,17,18,19,20,21,22,23,24,25,26,27,28,29,30,31,32,33,34,35,chain_break_fraction,energy,num_occurrences
0,1,0,0,1,0,1,1,0,0,1,1,0,0,0,0,0,0,1,1,1,0,0,0,0,0,0,0,0,0,1,1,1,0,1,0,0,0.16666666666666666,7.997661841116992,1
1,1,0,0,1,0,1,1,0,0,1,0,1,1,0,0,0,0,1,1,1,0,0,0,0,0,0,0,0,0,1,1,1,0,1,0,0,0.1388888888888889,12.03412911973566,1
2,1,0,0,1,0,1,1,0,1,0,0,0,1,0,0,0,0,1,1,0,0,0,0,0,0,0,0,0,0,1,1,1,1,1,0,0,0.2222222222222222,7.171266931411962,1
3,1,0,0,1,0,1,1,0,0,1,1,0,0,0,0,0,0,0,1,1,0,0,0,0,0,0,0,0,0,1,1,1,0,1,0,0,0.1388888888888889,9.272097875579997,1
4,0,0,1,0,1,0,1,0,1,1,0,0,0,0,1,1,1,1,0,1,0,1,1,1,1,0,1,1,1,0,0,0,0,0,1,0,0.16666666666666666,13.024210408716325,1
5,0,0,1,0,1,0,0,0,0,1,0,0,0,1,0,1,1,0,0,0,1,1,1,0,1,0,0,1,1,0,0,0,0,0,1,0,0.1388888888888889,7.176575943399634,1
6,1,0,0,1,0,1,1,0,0,0,0,1,0,0,1,0,0,1,1,1,0,0,0,0,0,0,0,0,0,1,1,1,0,1,0,0,0.1111111111111111,10.263760655013176,1
7,1,0,0,1,0,1,1,0,0,0,0,1,1,0,0,0,0,1,1,1,0,0,0,0,0,0,0,0,0,1,1,1,1,0,0,0,0.1111111111111111,10.422798179011847,1
8,1,0,0,1,0,0,1,0,1,0,0,1,0,0,1,0,0,1,1,1,0,0,0,0,0,0,0,0,0,1,1,1,0,1,0,0,0.1388888888888889,7.774602773138103,1
9,0,0,1,0,1,0,1,0,1,1,0,0,0,0,0,1,1,1,0,1,1,1,1,0,0,0,1,1,1,0,0,0,0,0,1,0,0.16666666666666666,7.320618682267115,1
10,1,1,0,1,0,1,1,0,1,0,0,1,1,0,0,0,0,1,1,1,0,0,0,0,0,0,0,0,0,1,1,1,0,1,0,0,0.19444444444444445,15.645744228082512,1
11,1,0,0,0,0,1,0,1,1,0,0,0,0,0,0,0,0,1,1,0,0,0,0,0,0,0,0,0,0,1,1,1,0,1,0,0,0.16666666666666666,7.371181557600188,1
12,1,0,0,1,0,1,1,0,1,0,1,0,1,0,0,0,0,1,0,1,0,0,0,0,0,0,0,0,0,1,1,1,0,1,0,0,0.16666666666666666,8.404614846108407,1
13,1,1,0,1,0,1,0,1,0,1,0,1,1,0,0,0,0,1,1,0,0,0,0,0,0,0,0,0,0,1,1,1,1,1,0,0,0.2222222222222222,24.967408620858293,1
14,1,0,0,1,0,1,1,0,1,0,0,1,0,0,0,0,0,1,1,1,0,0,0,0,0,0,0,0,0,1,1,1,1,1,0,0,0.19444444444444445,9.906424715933467,1
15,0,0,1,0,1,0,1,0,1,1,0,0,0,0,1,1,1,1,0,1,0,1,1,1,1,0,1,1,1,0,0,0,0,0,1,0,0.19444444444444445,13.024210408716325,1
16,1,0,0,0,0,1,1,0,0,0,0,1,0,0,1,0,0,1,1,1,0,0,0,0,0,0,0,0,0,1,1,1,0,1,0,0,0.19444444444444445,10.626249320518001,1
17,0,0,0,0,0,0,1,0,0,1,0,0,0,0,1,1,1,1,0,1,0,1,1,0,1,0,1,1,1,0,0,0,0,0,1,0,0.16666666666666666,10.95449455258336,1
18,0,0,1,0,1,0,0,0,1,1,0,0,0,0,1,1,1,0,0,1,0,1,1,1,1,0,1,1,1,0,0,0,0,0,1,0,0.2222222222222222,18.36232076603022,1
19,1,0,0,1,0,1,1,0,0,0,1,1,1,0,0,0,0,1,1,1,0,0,0,0,0,0,0,0,0,1,1,1,1,1,0,0,0.2222222222222222,13.58449077468812,1
20,0,0,1,0,1,0,1,0,1,0,0,0,0,0,1,1,1,1,0,1,0,1,1,1,1,0,0,1,1,0,0,0,0,0,1,0,0.19444444444444445,14.542079647117077,1
21,1,0,0,1,0,1,0,0,0,0,0,1,1,0,0,0,0,1,1,0,1,0,0,0,0,0,0,0,0,1,1,0,1,1,0,0,0.19444444444444445,7.538638155635034,1
22,1,0,0,1,0,1,1,0,0,0,0,1,1,0,0,0,0,1,1,0,0,0,0,0,0,0,0,0,0,1,1,1,1,1,0,0,0.2222222222222222,11.055662518664054,1
23,1,0,0,0,0,1,0,0,0,1,1,1,0,0,0,0,0,1,1,0,0,0,0,0,0,0,0,0,0,1,1,1,0,1,0,0,0.16666666666666666,9.449235699599521,1
24,1,0,0,1,0,1,1,0,0,1,0,0,0,0,0,0,0,1,1,1,0,0,0,0,0,0,0,0,0,1,1,1,0,1,0,1,0.19444444444444445,14.092036730624947,1
25,1,1,0,0,0,1,0,0,1,0,1,0,0,0,0,0,0,1,1,0,0,0,0,0,0,0,0,0,0,1,1,1,0,1,0,0,0.16666666666666666,8.291349886881255,1
26,0,0,0,0,1,0,1,0,0,1,0,0,0,0,1,1,1,1,0,1,0,1,1,0,1,0,0,1,1,0,0,0,0,0,1,0,0.2222222222222222,7.808181842994553,1
27,0,0,1,0,1,0,0,0,1,1,0,0,0,1,0,1,1,0,0,1,0,1,1,0,1,1,0,1,1,0,0,0,0,0,1,0,0.16666666666666666,13.995815640159234,1
28,0,0,1,0,1,0,1,0,1,1,0,0,0,0,0,1,1,0,0,1,1,1,1,1,1,0,1,0,1,0,0,0,0,0,1,0,0.16666666666666666,13.338634814676059,1
29,0,0,1,0,1,0,0,0,1,1,0,0,0,0,0,1,1,1,0,0,0,1,1,0,0,0,1,0,1,0,0,0,1,0,1,0,0.1388888888888889,3.483203967863513,1
30,0,0,1,0,0,0,1,0,0,1,0,0,0,0,0,1,1,1,0,0,0,1,1,0,1,0,0,1,1,0,0,0,0,0,1,0,0.16666666666666666,5.541380769700125,1
31,1,0,0,0,0,1,1,0,0,1,0,1,0,0,0,0,0,1,1,0,0,0,0,0,0,0,0,0,0,1,1,1,0,1,0,1,0.16666666666666666,12.580200651776236,1
32,0,0,1,0,1,0,0,0,0,1,0,0,0,0,1,1,1,0,0,1,1,1,1,0,1,0,0,1,1,0,0,0,0,0,1,0,0.2222222222222222,12.566039874962117,1
33,1,0,0,1,0,1,1,1,1,0,0,0,1,0,1,0,0,1,1,1,0,0,0,0,0,0,0,0,0,1,1,1,1,1,0,0,0.19444444444444445,11.695533983915857,1
34,1,0,0,1,0,1,1,0,1,0,0,1,0,0,0,0,0,1,1,1,0,0,0,0,0,0,0,0,0,1,1,1,0,1,0,0,0.1388888888888889,9.140221766877763,1
35,1,0,0,1,0,1,0,1,1,0,1,1,0,0,0,0,0,1,1,1,0,0,0,0,0,0,0,0,0,1,1,1,1,1,0,0,0.2222222222222222,13.059538910568094,1
36,1,0,0,1,0,1,1,1,1,0,0,0,1,0,0,0,0,1,1,0,0,0,0,0,0,0,0,0,0,1,1,0,1,1,0,0,0.19444444444444445,11.227069238156878,1
37,1,0,0,1,0,1,1,0,1,0,0,1,0,0,0,0,0,1,1,1,1,0,0,0,0,0,0,0,0,1,1,1,0,1,0,0,0.19444444444444445,10.17276145113107,1
38,1,0,0,1,0,1,0,0,0,1,0,0,1,0,1,0,0,1,1,0,0,0,0,0,0,0,0,0,0,1,1,1,0,1,0,0,0.25,8.66511605882353,1
39,1,0,0,1,0,1,1,1,1,0,1,1,1,0,0,0,0,1,1,1,0,0,0,0,0,0,0,0,0,1,1,1,1,1,0,1,0.25,21.384239501853664,1
40,0,0,1,0,1,0,0,0,1,1,0,0,0,1,0,1,1,0,0,0,1,1,1,1,1,1,0,1,1,0,0,0,0,0,1,0,0.2222222222222222,18.788726389609877,1
41,1,0,0,1,0,1,0,0,1,0,0,1,0,0,1,0,0,1,0,1,0,0,0,0,0,0,0,0,0,1,1,1,1,1,0,0,0.16666666666666666,9.387861113938886,1
42,0,0,1,0,1,0,1,0,0,1,0,0,0,1,0,1,1,1,0,1,0,1,1,1,0,0,1,1,1,0,0,0,1,0,0,0,0.19444444444444445,11.33675370065785,1
43,1,0,0,1,0,0,1,0,1,1,1,1,1,0,0,0,0,1,1,0,1,0,0,0,0,0,0,0,0,1,1,1,1,1,0,0,0.2777777777777778,11.907347125507522,1
44,1,0,0,1,0,1,0,1,0,1,0,1,0,0,1,0,0,1,1,0,0,0,0,0,0,0,0,0,0,1,1,1,1,1,0,0,0.3333333333333333,15.948290741713782,1
45,0,0,1,0,1,0,1,0,1,1,0,0,0,1,0,1,1,1,0,0,0,1,1,1,0,1,1,0,1,0,0,0,1,0,1,0,0.16666666666666666,9.497098242438442,1
46,1,0,1,0,1,0,0,0,1,1,0,0,0,0,1,1,1,1,0,0,1,1,1,0,1,0,1,1,1,0,0,0,0,0,1,0,0.16666666666666666,8.196541922388656,1
47,0,0,1,0,1,0,1,0,1,1,1,0,0,1,0,1,1,1,0,0,1,1,1,1,0,1,1,0,1,0,0,0,1,0,1,0,0.16666666666666666,12.024637422895244,1
48,0,0,1,0,1,0,0,0,0,1,0,0,0,1,0,1,1,0,0,0,1,1,1,0,1,0,0,0,1,0,0,0,1,0,0,0,0.1388888888888889,3.7997906167505646,1
49,1,0,0,1,0,1,1,0,0,0,0,0,1,0,1,0,0,1,1,1,0,0,0,0,0,0,0,0,0,1,1,1,1,1,0,0,0.19444444444444445,10.105593879262043,1
50,1,0,0,1,0,1,0,0,1,1,1,0,0,0,1,0,0,1,1,1,0,0,0,0,0,0,0,0,0,1,1,0,1,1,0,0,0.2222222222222222,6.261775704976428,1
51,0,0,0,0,1,0,1,0,0,1,0,0,0,0,0,1,1,1,0,1,0,1,1,0,1,0,1,1,1,0,0,0,0,0,1,0,0.19444444444444445,9.901119648141815,1
52,1,0,1,1,0,1,1,0,0,1,0,0,1,0,0,0,0,1,1,0,0,0,0,0,0,0,0,0,0,1,1,0,1,1,0,0,0.2222222222222222,9.676654178151587,1
53,0,1,1,0,1,0,0,0,1,1,0,0,0,0,0,1,1,0,0,1,1,1,1,1,0,0,0,0,1,0,0,0,0,0,1,0,0.1388888888888889,10.09394167848907,1
54,0,0,1,0,1,0,0,0,1,1,1,0,0,1,0,1,1,1,0,0,1,1,1,1,1,0,1,1,1,0,0,0,0,0,1,0,0.19444444444444445,12.554352967884347,1
55,0,0,0,1,0,1,0,0,1,0,0,1,1,0,0,0,0,1,1,1,1,0,0,0,0,0,0,0,0,1,1,1,0,1,0,0,0.16666666666666666,11.523032172316139,1
56,0,0,0,0,1,0,1,0,1,1,0,0,0,1,0,1,1,1,0,1,0,1,1,1,1,0,1,1,1,0,0,0,1,0,0,0,0.19444444444444445,12.671611862707152,1
57,1,0,0,1,0,1,1,0,0,1,0,1,1,0,0,0,0,1,1,0,1,0,0,0,0,0,0,0,0,1,1,1,1,1,0,0,0.2777777777777778,12.007132754908467,1
58,0,0,0,0,1,0,1,0,1,1,0,0,0,0,0,1,1,1,0,1,1,1,1,1,1,0,1,0,1,0,0,0,0,0,0,0,0.2222222222222222,8.764017125806946,1
59,0,0,0,0,1,0,1,0,1,1,0,0,0,1,1,1,1,1,0,0,1,1,1,0,1,1,0,1,1,0,0,0,0,0,1,0,0.19444444444444445,12.656167522166456,1
60,0,0,0,0,1,0,0,0,0,1,1,0,0,1,0,1,1,1,0,0,0,1,1,0,0,0,0,0,1,0,0,0,1,0,1,0,0.1388888888888889,9.271481374854794,1
61,0,0,1,0,1,0,0,0,0,1,0,1,0,0,1,1,1,1,0,1,0,1,1,1,1,0,1,1,1,0,0,0,0,0,1,0,0.19444444444444445,15.834471450680734,1
62,1,0,0,1,0,1,1,0,0,1,1,0,0,0,0,0,0,1,1,1,0,0,0,0,0,0,0,0,0,1,1,1,1,1,0,0,0.2222222222222222,8.695566263493488,1
63,0,0,1,0,1,0,1,0,0,1,0,0,0,1,1,1,1,1,0,1,0,1,1,1,1,0,1,1,0,0,0,0,1,0,0,0,0.2222222222222222,12.03504545509034,1
64,0,0,0,0,1,0,1,0,1,1,0,0,0,1,0,1,1,1,0,1,0,1,1,1,1,0,0,0,1,0,0,0,0,0,1,0,0.2222222222222222,8.997349161217837,1
65,1,0,1,1,0,1,1,0,0,1,1,0,1,0,0,0,0,0,1,0,0,0,0,0,0,0,0,0,0,1,1,1,1,1,0,1,0.19444444444444445,13.941203839732312,1
66,0,0,0,0,1,0,1,0,0,1,0,0,0,1,0,1,1,1,0,1,0,1,1,0,0,0,1,1,1,0,0,0,1,0,1,0,0.19444444444444445,8.860509983159986,1
67,1,0,0,1,0,1,0,1,1,1,0,1,0,0,0,0,0,1,1,0,0,0,0,0,0,0,0,0,0,1,1,1,1,1,0,0,0.25,16.063083198432842,1
68,1,0,0,1,0,1,1,0,0,1,0,1,0,0,0,0,1,0,0,0,1,0,0,0,0,0,0,0,0,1,0,1,1,1,0,0,0.1388888888888889,9.39754777841485,1
69,1,0,0,1,0,0,0,0,0,1,0,1,1,0,1,0,0,1,1,0,1,0,0,0,0,0,0,0,0,1,1,1,0,1,0,0,0.2222222222222222,8.712035231725666,1
70,0,0,1,0,1,0,1,0,0,1,0,0,0,0,1,1,1,1,0,1,0,1,1,1,1,0,1,1,1,0,0,0,0,0,1,0,0.2777777777777778,15.444373924614998,1
71,0,0,1,0,1,0,0,0,1,1,0,0,0,1,0,1,1,1,0,1,0,1,1,1,1,1,0,1,1,0,0,0,0,0,0,0,0.2777777777777778,14.345153033695643,1
72,0,0,1,0,1,0,1,0,0,1,0,0,0,1,0,1,1,1,0,1,0,1,0,1,0,0,1,1,1,0,0,0,1,0,1,0,0.25,11.297698718537296,1
73,1,0,0,1,0,1,1,0,0,1,0,1,1,0,1,0,1,1,1,0,0,0,0,0,0,0,0,0,0,1,1,1,1,1,0,0,0.25,17.559264473169208,1
74,0,0,1,0,1,0,1,0,1,1,0,0,0,1,0,1,1,1,0,1,0,1,1,1,1,0,1,0,1,0,0,0,1,0,0,0,0.2222222222222222,8.612348204227496,1
75,1,0,0,1,0,1,1,0,0,1,0,1,0,0,1,0,0,0,1,1,0,0,0,0,0,0,0,0,0,1,1,1,0,0,0,0,0.16666666666666666,9.147393893277016,1
76,0,0,1,1,1,0,0,0,1,1,0,0,0,0,1,1,1,1,0,0,1,1,1,0,1,0,1,1,1,0,0,0,1,0,1,1,0.1388888888888889,15.776013744425303,1
77,1,0,1,0,1,0,1,0,0,1,0,0,0,1,0,1,1,0,0,0,0,1,1,0,1,0,1,1,1,0,0,0,1,0,1,0,0.19444444444444445,9.0965481921472,1
78,1,1,0,1,0,1,0,0,0,0,1,1,0,0,0,0,0,1,0,0,0,0,0,0,0,0,0,0,0,1,1,0,1,1,0,0,0.25,17.0243150433681,1
79,1,0,0,1,0,0,1,0,1,0,1,1,0,0,0,0,0,1,1,0,0,0,0,0,0,0,0,0,0,1,1,1,1,1,0,0,0.16666666666666666,8.218236023223042,1
80,1,0,0,0,1,0,0,0,0,1,0,0,0,1,0,1,1,1,0,1,0,1,1,1,1,0,1,0,1,0,0,0,1,0,0,0,0.16666666666666666,9.384628495195594,1
81,1,0,0,1,0,1,1,0,0,0,0,0,0,0,0,0,1,0,1,0,0,0,0,0,0,0,0,0,0,1,1,1,1,1,0,0,0.2222222222222222,9.40501077258339,1
82,1,1,0,1,0,1,1,1,1,0,0,1,1,0,0,0,1,0,1,1,0,0,0,0,0,0,0,0,0,1,1,1,1,1,0,0,0.2777777777777778,19.256391117119634,1
83,0,0,1,0,1,0,1,0,1,1,0,0,0,0,0,1,1,1,0,1,1,1,1,1,1,0,0,1,1,0,0,0,0,0,0,1,0.19444444444444445,18.182241924002614,1
84,1,0,0,1,0,1,0,0,1,1,1,0,0,0,0,0,0,1,1,1,1,0,0,0,0,0,0,0,0,1,1,1,0,1,0,0,0.19444444444444445,8.143628481276695,1
85,1,0,0,1,0,1,0,0,1,0,1,1,0,0,1,0,0,1,1,0,0,0,0,0,0,0,0,0,0,1,1,0,1,1,0,0,0.2222222222222222,10.765251905592837,1
86,0,0,1,0,0,0,0,0,0,1,1,0,0,1,0,1,1,1,0,0,0,1,1,0,0,1,1,0,1,0,0,0,1,0,1,0,0.16666666666666666,8.356877860076091,1
87,1,1,0,1,0,1,0,1,0,1,0,1,0,0,1,0,0,0,1,1,0,0,0,0,0,0,0,0,0,1,1,1,1,1,0,0,0.3055555555555556,17.444325021481383,1
88,1,0,0,1,0,1,1,0,1,0,1,0,0,0,1,0,0,1,1,0,1,0,0,0,0,0,0,0,0,1,1,0,1,1,0,1,0.25,7.954756523239937,1
89,1,0,0,1,0,1,1,0,0,0,1,1,0,0,1,0,0,1,1,0,0,0,0,0,0,0,0,0,0,1,0,1,1,1,0,0,0.16666666666666666,11.84836702214106,1
90,1,0,0,1,0,1,0,1,0,1,0,1,1,0,0,0,0,1,1,0,1,0,0,0,0,0,0,0,0,1,1,0,1,1,0,0,0.2777777777777778,15.822068854887139,1
91,1,0,0,1,0,1,1,0,1,0,0,1,0,0,0,0,1,0,1,1,1,0,0,0,0,0,0,0,0,1,1,1,0,1,0,0,0.16666666666666666,10.556602397053279,1
92,1,0,0,1,0,1,1,1,0,0,0,1,1,0,1,0,0,0,1,0,1,0,0,0,0,0,0,0,0,1,1,1,1,0,0,0,0.2222222222222222,14.770932023481128,1
93,1,1,1,1,0,0,1,0,1,0,0,1,1,0,0,0,0,1,1,1,1,0,0,0,0,0,0,0,0,1,1,1,0,1,0,0,0.19444444444444445,12.992219722543656,1
94,0,0,1,0,1,0,1,0,1,1,1,0,0,0,0,1,1,1,0,1,0,1,1,1,1,0,1,0,1,0,0,0,0,0,1,0,0.19444444444444445,7.719933998867767,1
95,0,0,0,0,1,0,1,0,1,1,0,0,0,1,0,1,1,1,0,0,1,1,0,0,1,1,1,1,1,0,0,0,1,0,1,0,0.25,14.002968115532987,1
96,0,0,0,0,1,0,1,0,1,1,0,0,0,1,0,1,1,1,0,1,0,1,0,1,0,0,1,1,1,0,0,0,0,0,1,1,0.16666666666666666,15.414750860868047,1
97,0,0,1,0,1,0,0,0,1,1,0,0,0,1,0,1,1,1,0,0,1,1,1,1,0,0,0,0,1,0,0,0,0,0,1,1,0.16666666666666666,10.452504624301067,1
98,0,0,0,0,1,0,0,0,1,1,0,0,0,0,1,1,1,1,0,1,0,1,1,1,1,0,1,1,1,0,0,1,0,0,0,1,0.2222222222222222,33.394000508551116,1
99,1,0,0,1,0,1,1,0,0,0,0,1,1,0,0,0,0,1,1,0,0,0,0,0,0,0,0,0,0,1,1,1,1,1,0,0,0.19444444444444445,11.055662518664054,1
