,0,1,2,3,4,5,6,7,8,9,10,11,12,13,14,15,16,17,18,19,20,21,22,23,24,25,26,27,28,29,30,31,32,33,34,35,chain_break_fraction,energy,num_occurrences
0,0,0,0,1,1,1,0,1,0,1,0,0,1,1,0,1,1,1,1,0,1,0,0,1,1,0,0,0,1,0,0,0,1,1,1,1,0.25,16.28061005457779,2
1,0,0,0,1,1,1,0,1,0,1,0,0,1,1,0,1,1,1,1,0,1,0,0,1,1,0,0,0,1,0,0,0,1,1,1,1,0.2777777777777778,16.28061005457779,1
2,0,0,0,1,1,1,0,1,0,1,1,0,1,1,0,1,0,1,1,0,1,0,0,1,1,0,0,0,1,0,0,0,1,1,1,1,0.25,16.373616634535885,1
3,0,0,1,1,1,1,0,1,0,1,0,0,1,1,0,1,0,1,1,0,1,0,0,1,1,0,0,0,1,1,0,0,1,1,1,1,0.25,14.633285209937391,1
4,0,0,1,1,1,1,0,1,0,1,0,0,1,1,0,1,0,1,1,0,1,0,0,1,1,0,0,0,1,0,0,0,1,1,1,1,0.25,16.373616634535917,1
5,0,0,0,1,1,1,0,1,0,1,0,0,1,1,0,0,1,1,1,0,1,0,0,1,1,0,0,0,1,0,0,0,1,1,1,1,0.3055555555555556,9.298957110779302,1
6,0,0,0,1,1,1,0,1,0,1,0,0,1,1,0,1,1,1,1,0,1,0,0,1,1,1,0,0,1,0,0,0,1,1,1,1,0.25,14.26676548918487,1
7,0,0,0,1,1,1,0,1,1,1,0,0,1,1,0,1,1,1,1,0,1,1,0,1,0,0,0,0,1,0,0,0,1,1,1,1,0.25,16.789822462183466,1
8,0,0,0,1,1,1,0,1,1,1,1,0,1,1,0,1,0,1,1,0,1,0,0,1,1,0,0,0,1,0,0,0,1,1,1,1,0.2222222222222222,18.43513330278161,1
9,0,0,0,1,1,1,0,1,0,1,0,0,1,1,0,1,1,1,1,0,1,0,0,1,1,0,0,0,1,0,0,0,1,1,1,1,0.3055555555555556,16.28061005457779,1
10,0,0,1,1,1,1,0,1,0,1,0,0,1,1,0,1,0,0,1,0,1,0,0,1,1,0,0,0,1,0,0,0,1,1,1,0,0.19444444444444445,11.92814786661009,1
11,0,0,1,1,1,1,0,1,1,1,0,0,1,1,0,1,0,1,1,0,1,0,0,1,1,0,0,0,1,1,0,0,1,1,1,1,0.2222222222222222,15.02261888184996,1
12,0,0,0,1,1,1,0,1,0,1,0,0,1,1,0,1,1,1,1,0,1,0,0,1,1,0,0,0,1,0,0,0,1,1,1,1,0.2777777777777778,16.28061005457779,1
13,1,1,0,0,0,0,1,0,1,0,1,1,0,0,1,0,0,1,0,1,0,0,1,0,0,0,1,1,0,1,1,1,0,1,0,0,0.25,18.890869438793718,1
14,0,0,0,1,1,1,0,1,0,1,0,0,1,1,0,1,0,1,1,0,1,0,0,1,1,0,0,0,1,0,0,0,0,1,1,1,0.2777777777777778,15.121643460888162,1
15,0,0,1,1,1,1,0,1,0,1,0,0,1,1,0,1,1,1,1,0,1,0,0,1,1,0,0,0,1,0,0,0,1,1,1,0,0.25,26.299297163753007,1
16,0,0,1,1,1,1,0,1,0,1,0,0,1,1,0,1,1,1,1,0,1,0,0,1,1,0,0,0,1,0,0,0,1,1,1,1,0.2777777777777778,20.825678839056284,1
17,0,0,0,1,1,1,0,1,0,1,0,0,1,1,0,1,1,1,1,0,1,0,0,1,1,0,0,0,1,0,0,0,1,1,1,1,0.25,16.28061005457779,1
18,0,0,0,1,1,1,0,1,1,1,0,0,1,1,0,1,0,1,1,0,1,1,0,1,1,0,0,0,1,0,0,0,1,1,0,1,0.2222222222222222,13.330521028886197,1
19,0,0,0,1,1,1,0,1,0,1,1,0,1,1,0,1,1,1,1,0,1,0,0,1,1,0,0,0,1,0,0,0,1,1,1,1,0.2777777777777778,20.825678839056238,1
20,0,0,0,1,1,1,0,1,0,1,0,0,1,1,0,1,1,1,1,0,1,0,0,1,0,0,0,0,1,0,0,0,1,1,1,1,0.3055555555555556,19.28753233727426,1
21,1,1,0,0,0,0,1,0,1,0,1,1,0,0,1,0,0,1,0,1,0,1,1,0,0,0,1,1,0,1,1,1,0,1,0,0,0.2777777777777778,24.106033296083755,1
22,0,0,0,1,1,1,0,1,0,1,0,0,1,1,0,0,1,1,1,0,1,0,0,1,1,0,0,0,1,0,0,0,1,1,1,0,0.2777777777777778,11.684816867906742,1
23,0,0,0,1,1,1,0,1,0,1,0,0,1,1,0,1,1,1,1,0,1,0,0,1,1,0,0,0,1,1,0,0,1,1,1,0,0.25,16.266624824264433,1
24,0,0,1,1,1,1,0,1,0,1,0,0,1,1,0,1,1,1,1,0,1,0,0,1,1,0,0,0,1,0,0,0,1,1,0,1,0.25,23.562488001404642,1
25,0,0,1,1,1,1,0,1,0,1,1,0,1,1,0,1,1,0,1,0,1,1,0,1,1,0,0,0,1,0,0,0,1,1,1,1,0.2222222222222222,13.620012053571628,1
26,0,0,0,1,1,1,0,0,0,1,0,0,1,1,0,1,1,1,1,0,1,0,0,1,1,0,0,0,1,0,0,0,1,1,1,0,0.2222222222222222,11.815608448098047,1
27,0,0,1,1,1,1,0,1,0,1,0,0,1,1,0,1,0,1,1,0,1,0,0,1,1,0,0,0,1,0,0,0,1,1,0,1,0.3055555555555556,18.6079320162873,1
28,0,0,0,1,1,1,0,1,0,1,0,0,1,1,0,1,0,1,1,0,1,0,0,1,1,0,0,0,1,0,0,0,1,1,1,1,0.3333333333333333,12.639992062452206,1
29,0,0,1,1,1,1,0,1,0,1,1,0,1,1,0,1,0,1,1,0,1,0,0,1,1,0,0,0,1,0,0,0,1,1,0,1,0.2777777777777778,23.865539690526774,1
30,0,0,0,1,1,1,0,1,0,1,1,0,1,1,0,1,1,0,1,0,1,0,0,1,1,0,0,0,1,0,0,0,0,1,1,0,0.19444444444444445,18.91597105476088,1
31,0,0,0,1,1,1,0,1,0,1,0,0,0,1,0,1,1,1,1,0,1,0,0,1,1,0,0,0,1,1,0,0,1,1,1,0,0.2222222222222222,13.634621643777084,1
32,0,0,1,1,1,1,0,1,0,1,0,0,1,1,0,1,1,1,1,0,1,1,0,1,1,0,0,0,1,0,0,0,1,1,1,1,0.2777777777777778,17.694978536205518,1
33,0,0,0,1,1,1,0,1,0,1,0,0,1,1,0,1,1,1,1,0,1,0,0,1,1,0,0,0,1,0,0,0,1,1,1,1,0.3055555555555556,16.28061005457779,1
34,0,0,0,1,1,1,0,1,0,1,0,0,1,1,0,1,0,0,1,0,1,0,0,1,1,0,0,0,1,0,0,0,0,1,1,0,0.19444444444444445,11.299921657520626,1
35,1,1,0,0,0,0,1,0,1,0,0,1,0,0,1,0,0,1,0,1,0,1,1,0,0,0,1,1,0,1,1,1,0,1,0,0,0.3055555555555556,25.153690265793532,1
36,0,0,1,1,1,1,0,1,0,1,0,0,1,1,0,1,1,1,1,0,1,1,0,1,1,0,0,0,1,0,0,0,1,1,1,1,0.3333333333333333,17.694978536205518,1
37,0,0,1,1,1,1,0,1,0,1,0,0,1,1,0,0,0,1,1,0,1,0,0,1,1,0,0,0,1,1,0,0,1,1,1,1,0.25,9.705929409466576,1
38,0,0,1,1,1,1,0,1,1,1,0,0,1,1,0,0,1,1,1,0,1,1,0,1,1,0,0,0,1,0,0,0,1,1,1,1,0.2777777777777778,12.115318459176088,1
39,0,0,0,1,1,1,0,1,0,1,1,0,1,1,0,1,0,1,1,0,1,1,0,1,0,1,0,0,1,0,0,0,1,1,1,1,0.25,15.195441158391567,1
40,1,1,0,0,0,0,1,0,1,0,0,1,0,0,1,0,0,1,0,1,0,1,1,0,0,0,1,1,0,1,1,1,0,1,0,0,0.3055555555555556,25.153690265793532,1
41,0,0,1,1,1,1,0,1,0,1,0,0,1,1,0,0,0,1,1,0,1,0,0,1,0,0,0,0,1,0,0,0,1,1,1,1,0.25,11.451273961010543,1
42,0,0,0,1,1,1,0,1,0,1,0,0,1,1,0,1,1,1,1,0,1,0,0,1,1,1,0,0,1,0,0,0,1,1,1,0,0.16666666666666666,16.61571226383,1
43,0,0,1,1,1,1,0,1,0,1,0,0,1,1,0,1,0,1,1,0,1,0,0,1,0,0,0,0,1,0,0,0,1,1,0,1,0.3055555555555556,22.18650017810376,1
44,0,0,1,1,1,1,0,1,0,1,0,0,0,1,0,1,0,1,0,0,1,0,0,1,1,0,0,0,1,1,0,0,1,1,1,1,0.2777777777777778,14.53647908753222,1
45,0,0,0,1,1,1,0,1,0,1,1,0,1,1,0,1,1,1,1,0,1,0,0,1,1,0,0,0,1,0,0,0,1,1,1,1,0.3333333333333333,20.825678839056238,1
46,0,0,0,1,1,1,0,1,0,1,0,0,1,1,0,1,1,0,1,0,1,0,0,1,1,1,0,0,1,0,0,0,1,1,1,0,0.2222222222222222,9.348334461366683,1
47,0,0,0,1,1,1,0,1,0,1,0,0,1,1,0,1,0,1,1,0,1,0,0,1,1,1,0,0,1,0,0,0,1,1,1,1,0.2222222222222222,11.638064149147144,1
48,0,0,0,1,1,1,0,1,0,1,0,0,1,1,0,1,0,1,1,0,1,1,0,1,1,0,0,0,1,0,0,0,1,1,1,1,0.2777777777777778,11.638064149147144,1
49,0,0,0,1,1,1,0,0,0,1,1,0,1,1,0,1,0,0,1,0,1,0,0,1,1,0,0,0,1,1,0,0,1,1,1,0,0.1111111111111111,5.0296275458430815,1
50,0,0,0,1,1,1,0,1,0,1,0,0,1,1,0,1,0,1,1,0,1,1,0,1,1,0,0,0,0,0,0,0,1,1,1,1,0.3055555555555556,12.751026791755573,1
51,0,0,0,1,1,1,0,1,0,1,1,0,1,1,0,1,1,0,1,0,1,0,0,1,1,0,0,0,1,0,0,0,1,1,1,1,0.3055555555555556,11.921554430015535,1
52,1,1,0,0,0,0,1,0,1,0,0,1,0,0,1,0,1,1,0,1,0,0,1,0,0,0,1,1,0,1,1,1,0,0,0,0,0.25,13.406297533756284,1
53,0,0,0,1,1,1,0,1,0,1,1,0,1,1,0,1,0,1,1,0,1,1,0,1,1,0,0,0,0,0,0,0,1,1,1,0,0.2222222222222222,19.6301899861304,1
54,1,1,0,0,0,0,1,0,1,0,0,1,0,0,1,0,0,1,1,1,0,0,1,0,0,0,1,1,0,1,1,1,0,1,0,0,0.25,22.12495271533379,1
55,0,0,0,1,1,1,0,1,1,1,0,0,1,1,0,1,0,1,1,0,1,0,0,1,0,0,0,0,1,0,0,0,1,1,1,1,0.25,17.246514675811333,1
56,0,0,0,1,1,1,0,1,1,1,0,0,1,1,0,1,0,1,1,0,1,1,0,1,0,1,0,0,1,0,0,0,1,1,1,1,0.25,13.063785823756573,1
57,0,0,0,1,1,1,0,1,1,1,1,0,1,1,0,1,0,0,1,0,1,0,0,1,1,0,0,0,1,0,0,0,1,1,1,1,0.25,10.530983801105052,1
58,0,0,0,1,1,1,0,1,0,1,0,0,1,1,0,1,1,1,1,0,1,0,0,1,1,0,0,0,1,0,0,0,0,1,1,0,0.2222222222222222,24.73675122654845,1
59,0,0,0,1,1,1,0,1,0,1,1,0,1,1,0,1,1,1,0,0,1,0,0,1,1,0,0,0,1,0,0,0,1,1,1,1,0.2777777777777778,24.706243213665196,1
60,0,0,0,1,1,1,0,1,0,1,0,0,1,1,0,1,1,1,1,0,1,0,0,1,1,0,0,0,1,0,0,0,1,1,1,0,0.2777777777777778,20.70626217496294,1
61,0,0,1,1,1,1,0,1,0,1,0,0,1,1,0,1,1,1,1,0,1,0,0,1,1,1,0,0,1,0,0,0,1,1,1,1,0.25,17.694978536205532,1
62,1,1,0,0,0,0,1,0,1,0,1,1,0,0,1,0,0,1,0,1,0,1,1,0,0,0,1,1,0,1,1,1,0,1,0,0,0.2222222222222222,24.106033296083755,1
63,0,0,0,1,1,1,0,1,1,1,0,0,1,1,0,1,1,1,1,0,1,0,0,1,1,1,0,0,1,1,0,0,1,1,1,1,0.2777777777777778,14.339139360304642,1
64,0,0,0,1,1,1,0,1,0,1,0,0,1,1,0,1,1,1,1,0,1,0,0,1,1,1,0,0,1,0,0,0,1,1,1,0,0.25,16.61571226383,1
65,0,0,0,1,1,1,0,1,0,1,1,0,1,1,0,1,1,1,1,0,1,0,0,1,1,0,0,0,1,1,0,0,0,1,1,1,0.3055555555555556,20.05721609859988,1
66,0,0,0,1,1,1,0,1,0,1,0,0,1,1,0,1,0,1,1,0,0,0,0,1,1,0,0,0,1,0,0,0,1,1,1,0,0.25,19.59997325116596,1
67,0,0,0,1,1,1,0,1,0,1,0,0,1,1,0,0,1,1,1,0,1,1,0,1,0,0,0,0,1,0,0,0,1,1,1,0,0.2222222222222222,10.639621824386637,1
68,0,0,0,1,1,1,0,1,0,1,1,0,1,1,0,0,1,1,1,0,1,0,0,1,1,0,0,0,1,0,0,0,1,1,1,0,0.2777777777777778,16.277850200552525,1
69,0,0,0,1,1,1,0,1,1,1,1,0,0,1,0,1,0,1,1,0,1,0,0,1,0,0,0,0,1,0,0,0,1,1,1,1,0.2777777777777778,18.39231082615672,1
70,0,0,0,1,1,1,0,1,0,1,0,0,0,1,0,1,1,1,1,0,1,0,0,1,1,0,0,0,1,0,0,0,1,1,1,0,0.2777777777777778,16.8173028857622,1
71,0,0,0,1,1,1,0,1,0,1,1,0,1,1,0,0,1,1,1,0,1,0,0,1,1,0,0,0,1,0,0,0,1,1,1,0,0.2777777777777778,16.277850200552525,1
72,0,0,0,1,1,1,0,1,0,1,1,0,1,1,0,1,0,0,1,0,1,0,0,1,1,0,0,0,1,0,0,0,0,1,1,1,0.2777777777777778,11.451427994782197,1
73,0,1,0,0,1,0,1,0,1,0,1,1,0,0,1,0,0,1,1,1,0,0,1,0,0,0,1,1,0,1,1,1,0,0,0,0,0.2222222222222222,12.754144451676506,1
74,0,0,0,1,1,0,0,1,0,1,0,0,1,1,0,0,0,1,1,1,1,0,0,1,0,1,0,0,1,0,0,0,0,1,0,0,0.19444444444444445,5.950927207786606,1
75,1,0,1,1,1,1,0,1,1,1,0,0,1,1,0,0,0,1,1,0,1,1,0,1,0,1,0,0,1,0,0,0,1,1,1,1,0.2222222222222222,11.071129099370589,1
76,1,1,0,0,0,0,1,0,1,0,1,1,0,0,1,0,0,1,0,1,0,0,1,0,0,0,1,1,0,1,1,1,0,0,0,0,0.3055555555555556,13.355438339610629,1
77,0,0,0,1,1,1,0,1,0,1,0,0,1,1,0,1,0,0,1,0,1,0,0,1,1,0,0,0,1,0,0,0,0,1,1,1,0.25,8.840398870590882,1
78,0,0,0,1,1,1,1,1,0,1,1,0,1,1,0,1,1,1,1,0,1,0,0,1,1,0,0,0,1,0,0,0,1,1,1,1,0.2777777777777778,25.645220091209534,1
79,0,0,0,1,1,1,0,1,0,1,1,0,1,1,0,1,0,1,0,0,1,0,0,1,1,1,0,0,1,0,0,0,1,1,1,1,0.25,16.628784292910503,1
80,1,1,0,0,0,0,1,0,1,0,0,1,0,0,1,0,0,1,0,1,0,1,1,0,0,0,1,1,0,1,1,1,1,1,1,0,0.3333333333333333,35.13785869855186,1
81,0,0,0,1,1,1,0,1,1,1,0,0,1,1,0,0,1,1,1,0,1,0,0,1,1,0,0,1,1,0,0,0,0,1,1,0,0.2777777777777778,10.298405290748704,1
82,0,0,0,1,1,1,0,1,1,1,0,0,1,1,0,1,1,1,1,0,1,0,0,1,1,0,0,0,1,0,0,0,0,1,0,1,0.2777777777777778,25.586994374278976,1
83,0,0,1,1,1,1,0,1,0,1,0,0,1,1,0,1,1,1,1,0,1,0,0,1,0,0,0,0,1,0,0,0,1,1,1,1,0.2777777777777778,24.391028990481637,1
84,1,1,1,0,0,0,1,0,1,0,1,1,0,0,1,0,0,0,1,1,0,0,1,0,0,0,1,1,0,1,1,1,0,1,0,0,0.25,21.7737161750495,1
85,0,1,0,0,0,0,1,0,1,0,1,1,0,0,1,0,0,1,0,1,0,0,1,0,1,0,1,1,0,1,1,1,0,0,0,0,0.2222222222222222,13.89131897576689,1
86,0,0,0,1,1,1,0,1,1,1,1,0,0,1,0,1,1,0,1,0,1,0,0,1,1,0,0,0,1,0,0,0,1,1,1,1,0.2222222222222222,10.838323900060319,1
87,0,0,0,1,1,1,0,1,0,1,1,0,1,1,0,1,0,1,1,0,1,0,0,1,1,0,0,0,1,0,0,0,1,1,1,0,0.25,20.842247398038655,1
88,0,0,0,1,1,1,0,1,1,1,0,0,0,1,0,1,1,1,1,0,1,0,0,1,1,1,0,0,1,0,0,0,1,1,0,1,0.25,14.143613893819374,1
89,0,0,0,1,1,1,0,1,0,1,1,0,1,1,0,1,1,1,1,0,1,0,0,1,1,1,0,0,1,0,0,0,0,1,1,0,0.25,24.55097224527354,1
90,0,0,0,1,1,1,0,1,0,1,0,0,1,1,0,1,1,1,1,0,1,1,0,1,0,1,0,0,1,0,0,0,0,1,1,1,0.2777777777777778,16.633946960390368,1
91,0,0,1,1,1,1,0,0,0,1,1,0,1,1,0,1,0,1,1,0,1,0,0,1,1,0,0,0,1,0,0,0,0,1,1,1,0.25,15.665317718413498,1
92,0,0,0,1,1,1,0,0,1,1,1,0,0,1,0,1,0,0,1,0,1,0,0,1,1,0,0,0,0,1,0,0,1,1,0,0,0.1111111111111111,5.1854277207357375,1
93,1,1,0,0,0,0,1,0,1,0,0,1,0,0,1,0,0,1,0,1,0,0,1,0,0,0,1,1,0,1,1,1,0,1,0,0,0.25,18.821670671045684,1
94,0,0,0,1,1,1,0,1,0,1,0,0,1,1,0,0,1,1,1,0,1,0,0,1,1,1,0,0,1,0,0,0,1,1,1,0,0.2777777777777778,9.594426780866533,1
95,0,0,0,1,1,1,0,0,0,1,1,0,1,1,0,1,0,1,1,0,1,0,0,1,1,1,0,0,1,0,0,0,0,1,1,1,0.3055555555555556,10.247489005634977,1
96,0,1,0,0,0,0,1,1,1,0,1,1,1,0,1,0,0,1,1,1,0,0,1,0,0,0,1,1,0,1,1,0,0,0,0,0,0.19444444444444445,8.83186482817992,1
97,0,0,0,1,1,1,1,0,1,1,0,0,1,1,0,0,0,1,0,0,1,1,0,1,0,1,1,0,1,0,0,0,1,1,1,0,0.16666666666666666,5.878618005010798,1
98,0,0,0,1,1,1,0,1,0,1,0,0,1,1,0,0,1,1,1,0,0,0,0,1,1,1,0,0,1,1,0,0,1,1,1,0,0.3333333333333333,9.500844769982656,1
