,0,1,2,3,4,5,6,7,8,9,10,11,12,13,14,15,16,17,18,19,20,21,22,23,24,25,26,27,28,29,30,31,32,33,34,35,chain_break_fraction,energy,num_occurrences
0,0,0,0,0,1,1,0,0,1,0,1,0,0,1,0,0,1,0,0,1,0,0,0,1,0,0,0,1,0,1,1,0,1,0,0,0,0.3055555555555556,17.050853919894724,1
1,0,0,0,0,1,1,0,0,1,0,1,0,0,1,0,0,1,0,0,1,0,0,0,1,0,0,0,0,0,1,1,0,1,0,0,0,0.25,11.66290564912828,1
2,0,0,0,0,1,1,0,0,1,0,1,0,0,1,0,0,1,0,0,1,0,0,0,1,0,0,0,0,0,1,1,0,1,0,0,0,0.2777777777777778,11.66290564912828,1
3,0,0,0,0,1,1,0,0,1,0,1,0,0,1,0,0,1,0,1,1,0,0,0,1,0,0,0,0,0,1,1,0,1,0,0,0,0.3055555555555556,14.109832065129106,1
4,0,0,0,0,1,1,0,0,1,0,1,0,0,1,0,1,1,0,0,1,0,0,0,1,0,0,0,1,0,1,1,0,1,0,0,0,0.2777777777777778,16.916599962562493,1
5,0,0,1,0,1,1,0,0,1,0,1,0,0,1,0,0,1,0,0,1,0,0,0,1,0,0,0,1,0,1,1,0,1,0,0,0,0.3055555555555556,18.030249159965933,1
6,0,0,0,0,1,1,0,0,0,0,1,0,0,1,0,0,1,0,0,1,0,0,0,1,0,0,0,1,0,1,1,0,1,0,0,0,0.3333333333333333,17.071458679823515,1
7,0,0,0,0,1,1,0,0,1,0,1,0,0,1,0,0,1,0,0,1,0,0,0,1,0,0,0,0,0,1,1,0,1,0,0,0,0.2777777777777778,11.66290564912828,1
8,0,0,1,0,1,1,0,0,1,0,1,0,0,1,0,1,1,0,0,1,0,0,0,1,0,0,0,1,0,1,1,0,1,0,0,0,0.3333333333333333,18.89599520425544,1
9,0,0,1,0,1,1,0,0,1,0,1,0,0,1,0,1,1,0,0,1,0,0,0,1,0,0,0,1,0,1,1,0,1,0,0,0,0.2777777777777778,18.89599520425544,1
10,0,0,0,0,1,1,0,0,1,0,1,0,1,1,0,0,1,0,0,1,0,0,0,1,0,0,0,1,0,1,1,0,1,0,0,0,0.3333333333333333,16.714190169550804,1
11,0,0,0,0,1,1,0,0,1,0,1,0,0,1,0,0,1,0,0,1,0,1,0,1,0,0,0,1,0,1,1,0,1,0,0,0,0.25,23.288540643752107,1
12,0,0,0,0,1,1,0,0,1,0,1,0,0,1,0,0,1,0,0,1,0,0,0,1,0,0,0,1,0,1,1,0,1,0,0,0,0.3333333333333333,17.050853919894724,1
13,0,0,0,0,0,1,0,0,1,0,1,0,0,1,0,0,1,0,0,1,0,0,0,1,0,0,0,1,0,1,1,0,1,0,0,0,0.2777777777777778,17.071458679823518,1
14,0,0,1,0,1,1,0,0,1,0,1,0,0,1,0,1,1,0,0,1,1,0,0,1,0,0,0,1,0,1,1,0,1,0,0,0,0.3611111111111111,19.51104569855832,1
15,0,0,0,0,1,1,0,0,1,0,1,0,0,1,0,0,1,0,0,1,0,0,0,1,0,0,0,1,0,1,0,0,1,0,0,0,0.25,14.860627557360313,1
16,0,0,1,0,1,1,0,0,1,0,1,0,0,1,0,0,1,0,0,1,0,1,0,1,0,0,0,1,0,1,1,0,1,0,0,0,0.2777777777777778,23.26195231887219,1
17,0,0,1,0,1,1,0,0,1,0,1,0,0,1,0,0,1,0,0,1,0,0,0,1,0,0,0,1,0,1,1,0,1,0,0,0,0.3333333333333333,18.030249159965933,1
18,0,0,1,0,1,1,0,0,1,0,1,0,0,1,0,0,1,0,0,1,0,0,0,1,0,0,0,1,0,1,1,0,1,0,0,0,0.2777777777777778,18.030249159965933,1
19,0,0,1,0,1,1,0,0,1,0,1,0,0,1,0,0,1,0,0,1,0,0,1,1,0,0,0,1,0,1,1,0,1,0,0,0,0.25,22.01992601649145,1
20,0,0,0,0,1,1,0,0,1,0,1,0,0,1,0,0,1,0,0,1,0,0,1,1,0,0,0,0,0,1,1,0,1,0,0,0,0.3055555555555556,14.383384860140774,1
21,0,0,0,0,1,1,0,0,1,0,1,0,0,1,0,1,1,0,0,1,1,0,0,1,0,0,0,0,0,1,1,0,1,0,0,0,0.3055555555555556,13.629693082300609,1
22,0,0,1,0,1,1,0,0,1,0,1,0,0,1,0,0,1,0,0,1,1,0,0,1,0,0,0,1,0,1,1,0,1,0,0,0,0.3333333333333333,19.64610073941906,1
23,0,0,0,0,0,1,0,0,1,0,1,0,0,1,0,1,1,0,1,1,0,0,0,1,0,0,0,0,0,1,1,0,1,0,0,0,0.3055555555555556,13.533810389280225,1
24,0,0,1,0,1,1,0,0,1,0,1,0,0,1,0,0,1,0,1,1,0,0,0,1,0,0,0,0,0,1,1,0,1,0,0,0,0.3055555555555556,15.581588979897973,1
25,0,0,0,0,1,1,0,0,1,0,1,0,0,1,0,0,1,0,0,1,1,0,0,1,0,0,0,0,0,1,0,0,1,0,0,0,0.2777777777777778,10.938763761761837,1
26,0,0,0,0,1,1,0,0,1,0,1,0,0,1,0,0,1,0,0,1,0,1,0,1,0,0,0,1,0,1,1,0,1,0,0,0,0.2222222222222222,23.288540643752107,1
27,0,0,0,0,1,1,0,0,1,0,1,0,0,1,0,0,1,0,0,1,0,0,0,1,0,0,0,1,0,1,1,0,1,0,0,0,0.3333333333333333,17.050853919894724,1
28,0,0,0,0,1,1,0,0,1,0,1,0,0,1,0,1,1,0,0,1,0,1,0,1,0,0,0,1,0,1,1,0,1,0,0,0,0.3055555555555556,21.152684516119365,1
29,0,0,1,0,1,1,0,0,1,0,1,0,1,1,0,0,1,0,0,1,0,0,0,1,0,0,0,0,0,1,1,0,1,0,0,0,0.25,15.03095483168403,1
30,0,0,0,0,1,1,0,0,1,0,1,0,0,1,0,0,1,0,0,1,0,0,1,1,0,0,0,1,0,1,0,0,1,0,0,0,0.2777777777777778,18.686691380638074,1
31,0,0,1,0,1,1,0,0,1,0,1,0,0,1,0,0,1,0,0,1,0,0,0,1,0,0,0,1,0,1,1,0,1,0,0,0,0.3333333333333333,18.030249159965933,1
32,0,0,0,0,1,1,0,0,1,0,1,0,0,1,0,0,1,0,1,1,0,0,0,1,0,0,0,0,0,1,1,0,1,0,0,0,0.3055555555555556,14.109832065129106,1
33,0,0,0,0,1,0,0,0,1,0,1,0,1,1,0,0,1,0,0,1,0,0,0,1,0,0,0,0,0,1,1,0,1,0,0,0,0.25,9.590055486966548,1
34,0,0,1,0,1,1,0,0,1,0,1,0,0,1,0,0,1,0,0,1,0,0,0,1,0,0,0,0,0,1,1,0,1,0,0,0,0.3333333333333333,13.643202205016467,1
35,0,0,0,0,1,1,0,0,1,0,1,0,0,1,0,0,1,0,0,1,0,1,0,1,0,0,0,0,0,1,0,0,1,0,0,0,0.25,13.276189805333036,1
36,0,0,0,0,1,1,0,0,1,0,1,0,1,1,0,0,1,0,0,1,0,0,0,1,0,0,0,0,0,1,1,0,1,0,0,0,0.2222222222222222,12.550655050111537,1
37,0,0,1,0,1,1,0,0,1,0,1,0,1,1,0,0,1,0,0,1,0,0,0,1,0,0,0,1,0,1,1,0,1,0,0,0,0.25,18.193588635306327,1
38,0,0,0,0,1,1,0,0,1,0,1,0,0,1,0,0,1,0,0,1,0,0,0,1,0,0,0,0,0,1,1,0,0,0,0,0,0.2777777777777778,9.942426438115785,1
39,0,0,0,0,1,1,0,0,1,0,1,1,0,1,0,0,1,0,0,1,0,0,0,1,0,0,0,1,0,1,0,0,1,0,0,0,0.2777777777777778,16.350895726446822,1
40,0,0,0,0,1,1,0,1,1,0,1,0,0,1,0,1,1,0,0,1,0,0,0,1,0,0,0,1,0,1,1,0,1,0,0,0,0.2777777777777778,19.266046321257956,1
41,0,0,0,0,1,0,0,0,1,0,1,1,0,1,0,0,1,0,0,1,0,0,0,1,0,0,0,0,0,1,0,0,1,0,0,0,0.25,9.124787211548135,1
42,0,0,0,0,1,1,0,0,1,0,1,0,0,1,0,0,1,0,0,1,0,1,0,1,0,0,0,1,0,1,1,0,1,0,0,0,0.3333333333333333,23.288540643752107,1
43,0,0,0,0,1,1,0,0,1,0,1,1,0,1,0,1,1,0,0,1,0,0,1,1,0,0,0,0,0,1,0,0,1,0,0,0,0.2777777777777778,19.05273486403041,1
44,0,0,0,0,1,0,0,0,1,0,1,1,0,1,0,0,1,0,0,1,0,0,1,1,0,0,0,0,0,1,0,0,1,0,0,0,0.2222222222222222,11.15778632893841,1
45,0,0,1,0,1,1,0,0,1,0,1,0,0,1,0,0,1,0,0,1,0,0,1,1,0,0,0,1,0,1,1,0,1,0,0,0,0.3333333333333333,22.01992601649145,1
46,0,0,0,0,1,1,0,0,1,0,1,0,0,1,0,0,1,0,0,1,1,0,1,1,0,0,0,0,0,1,1,0,1,0,0,0,0.3055555555555556,16.063621785230044,1
47,0,0,1,0,1,1,0,0,1,0,1,0,0,1,0,0,1,0,1,1,0,1,0,1,0,0,0,0,0,1,1,0,1,0,0,0,0.2777777777777778,19.922051012149726,1
48,0,0,0,0,1,1,0,0,1,0,1,0,1,1,0,1,1,0,0,1,0,0,0,1,0,0,0,0,0,1,1,0,1,0,0,0,0.3333333333333333,15.451697292445083,1
49,0,0,1,0,1,0,0,0,1,0,1,1,0,1,0,0,1,0,0,1,0,0,0,1,0,0,0,0,0,1,0,0,1,0,0,0,0.2222222222222222,10.6109975776318,1
50,0,0,1,0,1,1,0,0,0,0,1,0,0,1,0,0,1,0,0,1,0,0,0,1,0,0,0,0,0,1,1,0,1,0,0,0,0.2777777777777778,11.662905649128287,1
51,0,0,0,0,1,1,0,0,1,0,1,0,0,1,0,0,1,0,1,1,0,1,0,1,0,0,0,0,0,1,1,0,1,0,0,0,0.2777777777777778,19.456277662331978,1
52,0,0,0,0,1,1,0,0,1,0,1,0,0,1,0,1,1,0,0,1,0,1,0,1,0,0,0,0,0,1,0,1,1,0,0,0,0.25,19.186674415184296,1
53,0,0,1,0,1,1,0,0,1,0,1,0,0,1,0,0,1,0,0,1,0,0,0,1,0,0,0,1,0,1,1,0,1,1,0,0,0.2777777777777778,28.009602873016966,1
54,0,0,0,0,1,0,1,0,1,0,1,1,0,1,0,0,1,0,0,0,0,0,1,1,0,0,0,0,0,1,0,0,1,0,0,0,0.19444444444444445,9.26208610624688,1
55,0,0,0,0,1,0,0,0,1,0,1,1,0,1,0,1,1,0,0,1,0,0,0,1,0,0,0,0,0,1,0,0,1,0,0,0,0.2777777777777778,12.061369607119515,1
56,0,0,1,0,1,1,0,0,1,0,1,0,0,1,0,0,1,0,0,1,0,0,0,1,0,0,0,1,0,1,1,0,1,0,0,0,0.3611111111111111,18.030249159965933,1
57,0,0,0,0,1,1,0,0,1,0,1,0,0,1,0,0,1,0,0,1,1,0,0,1,0,0,0,0,0,1,0,0,1,0,0,0,0.3055555555555556,10.938763761761837,1
58,0,0,0,0,1,1,0,1,1,0,1,0,0,1,0,1,1,0,0,1,0,0,0,1,0,0,0,1,0,1,1,0,1,0,0,0,0.2777777777777778,19.266046321257956,1
59,0,0,0,0,1,1,0,0,1,0,1,0,0,1,0,1,1,0,0,1,0,0,0,1,0,0,0,0,0,1,0,0,1,0,0,0,0.3333333333333333,13.537879685878984,1
60,0,0,0,0,1,0,0,0,1,0,1,0,0,1,0,0,1,0,0,1,0,0,1,1,0,0,0,1,0,1,1,0,1,0,0,0,0.2777777777777778,22.58696080718647,1
61,0,0,0,0,1,1,0,1,1,0,1,0,0,1,0,0,1,0,0,1,0,0,0,1,0,0,0,0,0,1,1,0,1,0,0,0,0.2222222222222222,14.01244910235859,1
62,0,0,0,0,1,1,0,0,1,0,1,0,0,1,0,0,1,0,1,1,0,0,0,1,0,0,0,1,0,1,1,0,1,0,0,0,0.3333333333333333,21.118497931118693,1
63,0,0,1,0,1,1,0,0,1,0,1,0,0,1,0,0,1,0,1,1,0,0,0,1,0,0,0,1,0,1,1,0,1,0,0,0,0.3055555555555556,21.58935353007059,1
64,0,0,0,0,1,1,0,0,1,0,1,0,0,1,0,0,1,0,1,1,0,1,0,1,0,0,0,1,0,1,0,0,1,0,0,0,0.25,24.320872315702626,1
65,0,0,1,0,1,1,0,0,1,0,1,0,0,1,0,0,1,0,0,1,0,0,0,1,0,0,0,1,0,1,0,0,1,0,0,0,0.3055555555555556,16.340099791003595,1
66,0,0,0,0,1,1,0,1,1,0,1,0,0,1,0,1,1,0,0,1,0,1,0,1,0,0,0,1,0,1,1,0,1,0,0,0,0.3333333333333333,21.235595335575333,1
67,0,0,0,0,1,1,0,1,1,0,1,0,1,1,0,1,1,0,0,1,0,0,1,1,0,0,0,0,0,1,1,0,1,0,0,0,0.2777777777777778,20.985264020862328,1
68,0,0,0,0,1,1,0,0,1,0,0,0,0,1,0,0,1,0,1,1,0,0,0,1,0,0,0,1,0,1,0,0,1,0,0,0,0.3611111111111111,20.111627288684993,1
69,0,0,1,0,1,0,0,0,1,0,1,0,0,1,0,1,1,0,0,1,0,0,0,1,0,0,0,0,0,1,1,0,1,0,0,0,0.25,10.580187598138686,1
70,0,0,1,0,1,0,0,0,1,0,1,1,0,1,1,0,1,0,0,1,0,0,1,1,0,1,0,0,0,1,0,0,1,0,0,0,0.19444444444444445,17.547228763334573,1
71,0,0,1,0,1,1,1,0,1,0,1,0,0,1,0,0,1,0,0,1,0,0,0,1,0,0,0,0,0,1,1,0,1,0,0,0,0.3055555555555556,14.318023516961476,1
72,0,0,1,0,1,1,0,0,1,0,1,0,0,1,0,1,1,0,1,1,0,0,0,1,0,0,0,0,0,1,1,0,1,0,0,0,0.4166666666666667,17.477324222061444,1
73,0,0,0,0,1,1,0,1,1,0,1,0,1,1,0,1,1,0,0,1,0,0,0,1,0,0,0,1,0,1,1,0,1,0,0,0,0.25,20.9328463121284,1
74,0,0,0,0,1,0,0,0,1,0,1,0,0,1,0,1,1,0,0,1,1,0,0,1,0,0,0,0,0,1,1,0,0,0,0,0,0.2777777777777778,8.351471322611008,1
75,0,0,0,0,1,1,0,0,1,0,1,0,0,1,0,1,1,0,1,1,1,0,0,1,0,0,0,1,0,1,1,0,1,0,0,0,0.4444444444444444,21.703655771385495,1
76,0,0,0,0,1,1,0,0,0,0,1,0,0,1,0,1,1,0,0,1,0,1,0,1,0,0,0,1,0,1,1,0,1,0,0,0,0.19444444444444445,21.179272839377532,1
77,0,0,0,0,1,1,0,0,1,0,1,0,1,1,0,0,1,0,1,1,0,0,0,1,0,0,0,0,0,1,0,0,1,0,0,0,0.2777777777777778,13.33226804736009,1
78,0,0,0,0,1,1,1,0,1,0,1,0,0,1,0,0,1,0,0,1,0,0,1,1,0,0,0,0,0,1,1,0,0,1,0,0,0.2777777777777778,18.277702560898174,1
79,0,0,1,0,1,1,0,1,1,0,1,0,0,1,0,1,1,0,1,1,0,0,0,1,0,0,0,0,0,1,1,0,1,0,0,0,0.3055555555555556,21.826162833524524,1
80,0,0,1,0,1,1,0,0,1,0,1,0,0,1,0,1,1,0,1,1,1,0,0,1,0,0,0,1,0,1,1,0,1,0,0,0,0.4444444444444444,22.671519589483573,1
81,0,1,1,0,1,0,0,0,1,0,0,1,0,1,0,0,1,0,1,1,0,0,1,1,0,1,0,0,0,1,0,0,1,0,0,0,0.2222222222222222,22.904925965711275,1
82,0,0,0,0,1,1,0,0,1,0,1,0,0,1,0,0,1,0,0,1,0,0,0,1,0,0,0,1,0,1,1,0,1,0,0,0,0.3333333333333333,17.050853919894724,1
83,0,0,1,0,1,1,0,0,1,0,1,0,0,1,0,1,1,0,1,1,0,0,1,1,0,0,0,0,0,1,1,0,1,0,0,0,0.3611111111111111,19.61869175067097,1
84,0,0,0,0,1,1,0,0,1,0,1,0,0,1,0,1,1,0,0,1,0,0,1,1,0,0,0,0,0,1,0,0,1,0,0,0,0.3055555555555556,14.582431438056407,1
85,0,1,1,0,1,0,0,0,1,0,1,0,0,1,0,1,1,0,1,1,1,0,0,1,0,0,0,0,0,1,1,0,1,0,0,0,0.2777777777777778,15.709245188803413,1
86,0,0,1,0,0,0,0,0,1,0,1,0,0,1,0,0,1,0,0,1,0,1,0,1,0,0,0,0,0,1,0,0,1,0,0,0,0.25,12.32740983631478,1
87,0,0,0,0,1,1,1,0,1,0,1,0,0,1,0,0,1,0,0,1,0,0,0,1,0,0,0,0,0,1,1,0,1,0,0,0,0.25,11.837677375743443,1
88,0,0,1,0,1,1,0,0,1,0,1,0,0,1,0,0,1,0,0,1,0,0,0,1,0,0,0,0,0,1,1,0,1,0,0,0,0.3333333333333333,13.643202205016467,1
89,0,0,1,0,1,1,0,0,1,0,1,0,1,1,0,1,1,0,0,1,0,0,0,1,0,0,0,1,0,1,1,0,1,0,0,0,0.2222222222222222,20.06279841540906,1
90,1,0,0,0,1,1,0,0,0,0,1,0,0,1,0,0,1,0,0,1,0,0,0,1,1,0,0,0,0,1,0,0,1,0,0,0,0.3055555555555556,11.16151919810867,1
91,1,1,0,1,0,0,1,1,0,1,0,1,1,0,1,1,0,1,0,0,0,1,0,0,1,1,1,0,1,0,0,1,0,1,1,1,0.3055555555555556,39.64019155663508,1
92,1,0,0,1,1,0,1,0,0,0,1,1,0,0,1,0,0,1,0,0,1,1,1,0,1,0,1,0,1,0,0,0,0,0,1,0,0.1388888888888889,9.177430843539334,1
93,0,0,0,0,1,1,0,0,1,0,1,0,0,1,0,0,1,0,0,1,0,0,0,1,0,0,0,1,0,1,1,0,1,0,0,0,0.3333333333333333,17.050853919894724,1
94,0,0,1,0,1,1,0,0,1,0,1,0,0,1,0,1,1,0,0,1,0,0,0,1,0,0,0,0,0,1,1,0,1,0,0,0,0.4444444444444444,16.540780713158536,1
95,0,0,0,0,1,1,0,0,1,0,1,0,1,1,0,1,1,0,1,1,0,1,0,1,0,0,0,0,0,1,1,0,1,0,0,0,0.3888888888888889,18.723368977713058,1
96,0,0,0,1,0,0,1,0,0,1,1,1,1,0,1,0,1,1,0,0,1,1,1,0,1,1,1,0,1,0,0,0,0,1,0,1,0.19444444444444445,22.5114758308867,1
97,1,0,1,1,0,0,1,1,0,1,0,1,1,0,1,0,0,1,1,0,0,1,0,0,0,1,1,0,1,0,0,0,0,1,1,0,0.3055555555555556,25.85795850265959,1
98,1,1,1,1,0,0,0,1,0,1,0,1,1,0,1,0,0,1,1,0,1,1,0,0,1,1,1,0,1,0,0,0,0,1,1,1,0.2777777777777778,32.72673250210547,1
99,1,1,1,1,0,0,1,1,0,0,1,1,1,0,1,1,0,1,0,0,0,1,1,0,1,1,1,0,1,0,0,1,0,1,1,1,0.3611111111111111,39.675640684380625,1
