,0,1,2,3,4,5,6,7,8,9,10,11,12,13,14,15,16,17,18,19,20,21,22,23,24,25,26,27,28,29,30,31,32,33,34,35,chain_break_fraction,energy,num_occurrences
0,0,1,1,0,1,0,1,0,1,1,0,0,1,0,1,0,1,1,0,0,1,0,1,0,1,0,0,1,0,0,1,0,1,0,1,0,0.19444444444444445,10.47536580677943,1
1,0,1,1,0,1,0,1,0,1,1,0,0,1,0,1,0,1,1,0,0,1,0,1,0,1,0,0,1,0,0,1,0,1,0,1,0,0.2222222222222222,10.47536580677943,1
2,0,1,1,0,1,0,1,0,1,1,0,0,1,0,1,0,1,1,0,0,1,0,1,1,1,0,0,1,0,0,1,0,1,0,1,0,0.19444444444444445,8.684529839435088,1
3,0,0,1,0,1,0,1,0,1,1,0,0,1,0,1,0,1,1,0,0,1,0,1,0,1,0,0,1,0,0,1,0,1,0,1,0,0.19444444444444445,3.649779514195466,1
4,0,1,1,0,1,0,1,0,1,1,0,0,1,0,1,0,1,1,0,0,1,0,1,1,1,0,1,1,0,0,1,0,0,0,1,0,0.19444444444444445,9.534227142220875,1
5,0,0,1,0,1,0,1,0,1,1,0,0,1,0,1,0,1,1,0,0,1,0,1,1,1,0,0,1,0,0,1,0,1,0,1,0,0.2222222222222222,3.932489665220985,1
6,0,0,0,0,1,0,1,0,1,1,0,0,1,0,1,0,1,1,0,0,1,0,1,0,1,0,0,1,0,0,1,0,1,0,1,0,0.19444444444444445,3.1551332998297403,1
7,0,0,0,0,1,0,1,0,1,1,0,0,1,0,1,0,1,1,0,0,1,0,1,0,1,0,0,1,0,0,1,0,1,0,1,0,0.2222222222222222,3.1551332998297403,1
8,0,1,1,0,1,0,1,0,1,1,0,0,1,0,1,0,1,1,0,0,1,0,1,0,1,0,1,1,0,0,0,0,1,0,1,0,0.19444444444444445,10.639909116448784,1
9,0,1,1,0,1,0,1,0,1,1,0,0,1,0,1,0,1,1,0,0,1,0,1,1,1,0,0,1,1,0,1,0,1,0,1,0,0.19444444444444445,8.536103936028137,1
10,0,1,1,0,1,0,1,0,1,1,0,1,1,0,1,0,1,1,0,0,1,0,1,0,1,0,0,1,0,0,1,0,0,0,1,1,0.2222222222222222,16.801894388868583,1
11,0,1,1,0,1,0,1,0,1,1,0,0,1,0,1,0,1,0,0,0,1,0,1,0,1,0,0,1,0,1,1,0,1,0,1,0,0.19444444444444445,6.214271313701131,1
12,0,0,1,0,1,0,1,0,1,1,0,0,1,0,0,0,1,0,0,0,1,0,1,1,1,0,0,1,0,0,1,0,0,0,1,0,0.16666666666666666,2.2999277650918337,1
13,0,0,1,0,1,0,1,0,1,1,0,0,1,0,1,0,1,1,0,0,1,0,1,1,1,0,0,1,0,0,1,0,0,0,1,1,0.25,7.7455517015330955,1
14,0,0,1,0,1,0,1,0,1,1,0,1,1,0,1,0,1,1,0,0,1,0,1,0,1,0,0,1,0,1,1,0,1,0,1,0,0.25,7.989994468024815,1
15,0,1,1,0,1,0,1,0,1,1,1,0,1,0,1,0,1,1,0,0,1,0,1,1,1,0,0,1,0,0,1,0,1,0,1,0,0.25,10.062063242560416,1
16,0,1,1,0,1,0,1,0,1,1,0,0,1,0,1,0,1,1,0,0,1,0,1,1,1,0,0,1,0,0,1,0,0,0,1,0,0.25,10.199764424551207,1
17,0,0,1,0,1,0,1,0,1,1,0,0,1,0,1,0,1,1,0,0,1,0,1,0,1,0,0,1,0,0,1,0,1,0,1,0,0.2777777777777778,3.649779514195466,1
18,0,1,1,0,1,0,1,0,1,1,0,0,1,0,1,0,1,1,0,0,1,0,1,0,1,0,0,1,0,0,1,0,1,0,0,1,0.2222222222222222,10.047581216904842,1
19,0,1,1,0,1,0,1,0,1,1,0,0,1,0,0,0,1,1,0,0,1,0,1,0,1,0,0,1,0,0,1,0,0,0,1,1,0.2222222222222222,9.543594700565023,1
20,0,0,1,0,1,0,1,0,1,1,0,0,1,0,1,0,1,1,0,0,1,0,1,0,1,0,1,1,0,1,1,0,0,0,1,1,0.2222222222222222,10.840765965705733,1
21,0,1,1,0,1,0,1,0,1,1,0,0,1,0,1,0,1,1,0,0,1,0,1,0,1,0,1,1,0,1,1,0,0,0,1,1,0.2222222222222222,13.414968705868047,1
22,0,0,1,0,1,0,1,0,1,1,0,0,0,0,1,0,1,1,0,0,1,0,1,0,1,0,0,1,0,0,1,0,1,0,1,1,0.2222222222222222,4.453862525645292,1
23,0,1,1,0,1,0,1,0,1,1,0,0,1,0,1,0,1,1,0,0,1,0,1,0,1,0,0,1,0,0,1,0,0,0,1,1,0.25,11.046977152530085,1
24,0,1,1,0,1,0,1,0,1,1,0,0,1,0,1,0,1,1,0,0,1,0,1,0,1,0,0,1,0,0,1,0,1,0,1,1,0.2777777777777778,9.619796627030262,1
25,0,0,1,0,1,0,1,0,1,1,0,0,1,0,1,0,1,1,0,0,0,1,1,1,1,0,1,1,0,0,1,0,1,0,1,0,0.19444444444444445,7.421712666376584,1
26,0,1,1,0,1,0,1,0,1,1,0,0,1,0,1,0,1,1,0,0,1,0,1,0,1,0,1,1,0,0,1,0,0,0,1,1,0.25,10.502974336976077,1
27,0,1,1,0,1,0,1,0,1,1,0,0,1,0,1,0,1,1,0,0,1,0,1,1,1,0,0,1,0,0,1,0,1,0,1,0,0.2777777777777778,8.684529839435088,1
28,0,1,1,0,1,0,1,0,1,1,0,0,1,0,1,0,1,1,0,0,1,1,1,0,1,0,0,1,0,0,1,0,1,0,1,0,0.2222222222222222,8.495289104929341,1
29,0,0,1,0,1,0,1,0,1,1,0,0,1,0,0,0,1,1,0,0,1,0,1,0,1,0,0,1,0,0,1,0,0,0,1,1,0.25,4.7652098759367165,1
30,0,0,1,0,1,0,1,0,1,1,0,0,1,0,1,0,1,1,0,0,1,0,1,0,1,0,1,1,0,0,1,0,0,0,1,0,0.2222222222222222,4.95940617515629,1
31,0,0,1,0,1,0,1,0,1,1,0,0,1,0,1,0,1,1,0,0,1,0,0,0,1,0,0,1,0,0,1,0,1,0,1,0,0.25,5.508424438682708,1
32,0,1,0,0,1,0,1,0,1,1,0,1,1,0,1,0,1,1,0,0,1,0,1,0,1,0,1,1,0,1,1,0,1,0,1,0,0.25,13.412272883228779,1
33,0,0,0,0,1,0,1,0,1,1,0,0,1,0,1,0,1,1,0,0,1,0,1,0,1,0,1,1,0,0,1,0,1,0,1,0,0.2222222222222222,3.485586613506268,1
34,0,0,1,0,1,0,1,0,1,1,0,0,1,0,1,0,1,1,0,0,1,0,1,0,1,0,0,1,0,0,1,0,0,0,1,0,0.19444444444444445,5.671017705515731,1
35,1,1,1,0,1,0,1,0,1,1,0,0,1,0,1,0,1,1,0,0,1,0,1,0,1,0,0,1,0,0,1,0,1,0,1,0,0.19444444444444445,14.888158953071422,1
36,0,1,1,0,1,0,1,0,1,1,0,0,1,0,0,0,1,1,0,0,1,0,1,0,1,0,0,1,0,0,1,0,1,0,1,0,0.25,8.471984814250364,1
37,0,1,1,0,1,0,1,0,1,1,0,0,1,0,0,0,1,1,0,0,1,0,1,0,1,0,1,1,0,0,1,0,0,0,1,1,0.2777777777777778,9.499591885012325,1
38,0,1,1,0,1,0,1,0,1,1,0,0,1,0,1,0,1,1,0,0,1,0,1,0,1,0,1,1,0,0,1,0,1,0,1,0,0.2777777777777778,9.212804960521368,1
39,0,0,1,0,1,0,1,0,1,1,0,0,1,0,1,0,1,1,0,0,1,0,1,0,1,0,0,1,0,0,1,0,1,0,1,0,0.2777777777777778,3.649779514195466,1
40,0,1,1,0,1,0,1,0,1,1,0,1,1,0,1,0,1,1,0,0,1,0,1,0,1,0,0,1,0,0,1,0,0,0,1,1,0.2222222222222222,16.801894388868583,1
41,0,0,1,0,1,0,1,0,1,1,0,1,1,0,0,0,1,1,0,0,1,0,1,0,1,0,0,1,0,0,1,0,1,0,1,1,0.2777777777777778,6.5940270699445165,1
42,0,1,1,0,1,0,1,0,1,1,0,1,1,0,1,0,1,1,0,0,1,1,1,0,1,0,0,1,0,0,1,0,0,0,1,1,0.25,15.200211026098925,1
43,0,0,1,0,1,0,1,0,1,1,0,0,1,0,1,0,1,1,0,0,1,0,1,1,1,0,1,1,0,0,1,0,0,0,1,0,0.2777777777777778,4.849152239123775,1
44,0,0,1,0,1,0,1,0,1,1,0,0,1,0,1,0,1,1,0,0,0,0,1,1,1,0,1,1,0,0,1,0,1,0,1,0,0.2222222222222222,4.282536246895505,1
45,0,0,1,0,1,0,1,0,1,1,0,0,1,0,1,0,1,1,0,0,1,0,1,0,1,0,1,1,0,0,1,0,0,0,1,1,0.25,5.792650207169748,1
46,0,1,0,0,1,0,1,0,1,1,0,0,1,0,1,0,1,1,0,0,1,0,1,1,1,0,0,1,0,0,1,0,1,0,1,1,0.3055555555555556,12.032817755960039,1
47,0,1,1,0,1,0,1,0,1,1,0,0,1,0,1,0,1,1,0,0,1,0,1,1,1,0,0,1,1,0,1,0,0,0,1,0,0.2777777777777778,9.534227142220878,1
48,0,1,0,0,1,0,1,0,1,1,0,0,1,0,1,1,1,1,0,0,1,0,1,1,1,0,0,1,0,0,1,0,1,0,1,0,0.2222222222222222,13.193614757929051,1
49,0,0,1,0,1,0,1,0,1,1,0,0,1,0,0,0,1,1,0,0,1,0,1,0,1,0,1,1,0,1,1,0,1,0,1,0,0.2777777777777778,7.5628980673621555,1
50,0,1,1,0,1,0,1,0,1,1,0,0,1,0,1,0,1,1,0,0,1,1,1,0,1,0,0,1,0,0,1,0,1,0,1,0,0.19444444444444445,8.495289104929341,1
51,0,0,1,0,1,0,1,0,1,1,0,0,1,0,1,0,1,1,0,0,1,0,1,0,1,0,0,1,0,0,1,0,0,0,1,1,0.2777777777777778,5.268592327901763,1
52,0,0,1,0,1,0,1,0,1,1,0,0,1,0,1,0,1,1,0,0,1,0,1,1,1,0,1,1,0,0,1,0,1,0,1,0,0.3055555555555556,4.852124456636039,1
53,0,1,1,0,1,0,1,0,1,1,0,0,1,0,1,0,0,1,0,0,1,0,1,1,1,0,0,1,0,0,1,0,1,0,1,0,0.2222222222222222,7.042624737182972,1
54,0,1,1,0,1,0,1,0,1,1,0,0,1,0,1,0,1,1,0,0,1,0,1,0,1,0,0,1,0,0,1,0,1,0,1,0,0.25,10.47536580677943,1
55,0,1,0,0,1,0,1,0,1,1,0,0,1,0,1,0,1,1,0,0,0,0,1,0,1,0,1,1,0,0,1,0,1,0,1,1,0.25,9.593132648949165,1
56,0,0,1,0,1,0,1,0,1,1,0,0,1,0,0,0,1,1,0,0,1,0,1,0,1,0,0,1,0,1,1,0,0,0,1,1,0.2222222222222222,8.813325634475314,1
57,0,1,0,0,1,0,1,0,1,1,0,0,1,0,1,0,1,1,0,0,1,0,1,0,1,0,1,1,0,0,1,0,1,0,1,1,0.3333333333333333,9.620323257475437,1
58,0,0,1,0,1,0,1,0,1,1,0,0,1,0,0,0,1,1,0,0,1,0,1,0,1,0,0,1,0,0,1,0,0,0,1,0,0.2222222222222222,4.167635241605789,1
59,0,1,1,0,1,0,1,0,1,1,0,0,1,0,1,0,1,1,0,0,1,0,1,0,1,0,1,1,0,0,1,0,0,0,0,1,0.2222222222222222,11.110500766799673,1
60,0,1,1,0,1,0,1,0,1,1,0,0,1,0,1,0,1,1,0,0,1,0,1,0,1,0,1,1,0,1,1,0,1,0,1,0,0.2777777777777778,10.687683268005234,1
61,0,0,1,0,1,0,1,0,1,1,0,0,1,0,1,0,1,0,0,0,0,0,1,1,1,0,1,1,0,0,1,0,1,0,1,0,0.2777777777777778,2.9524168929721193,1
62,0,1,1,0,1,0,1,0,1,1,0,0,1,0,0,0,1,1,0,0,0,1,1,0,1,0,1,1,0,0,0,0,0,0,1,1,0.19444444444444445,10.707254826681321,1
63,0,1,1,0,1,0,1,0,1,1,0,0,1,0,1,0,1,1,0,0,0,0,1,1,1,1,0,1,0,0,1,0,0,0,1,1,0.2777777777777778,11.541804325258374,1
64,0,1,1,0,1,0,1,0,1,1,0,0,1,0,1,0,1,0,0,0,0,0,1,1,1,0,0,1,0,0,1,0,0,0,1,1,0.19444444444444445,8.055243407582303,1
65,0,1,1,0,1,0,1,0,1,1,0,0,1,0,0,0,1,1,0,0,0,1,0,1,1,0,0,1,0,0,1,0,0,0,1,1,0.19444444444444445,11.82183229551788,1
66,0,1,1,0,1,0,1,0,1,1,0,0,0,0,1,1,1,1,0,0,1,1,1,0,1,0,0,1,0,0,1,0,1,0,1,0,0.16666666666666666,11.197380528079599,1
67,0,0,1,0,1,0,1,0,1,1,0,0,1,0,1,0,1,0,0,0,0,0,1,1,1,0,0,1,0,1,1,0,1,0,1,0,0.2777777777777778,6.175964164158389,1
68,0,0,1,0,1,0,1,0,1,1,0,0,1,0,1,0,1,0,0,0,1,0,1,1,1,0,0,1,0,0,1,0,1,0,1,0,0.2777777777777778,2.649155908943725,1
69,0,0,1,0,1,0,1,0,1,1,0,0,1,0,1,0,1,0,0,0,1,0,1,0,1,0,0,1,0,0,1,0,0,0,1,1,0.25,2.4213841146699746,1
70,1,0,1,0,1,0,1,0,1,1,0,0,1,0,1,0,1,1,0,0,1,1,1,1,1,0,0,1,0,0,1,0,0,0,1,0,0.19444444444444445,7.699402767763522,1
71,0,1,1,0,1,0,1,0,1,1,0,0,1,0,0,0,1,1,0,0,1,0,1,0,1,0,0,1,0,0,1,0,0,0,1,1,0.2777777777777778,9.543594700565023,1
72,0,1,1,0,1,0,1,0,1,1,0,0,1,0,0,0,1,1,0,0,0,0,1,0,1,0,1,1,0,0,1,0,1,0,1,0,0.25,9.502441561710969,1
73,0,1,1,0,1,0,1,0,1,1,0,0,1,0,1,0,1,1,0,0,1,0,1,0,1,0,1,1,0,0,1,0,0,0,1,0,0.3055555555555556,11.71802719662327,1
74,0,0,1,0,1,0,1,0,1,1,0,0,1,0,1,0,1,1,0,0,1,0,1,0,1,0,1,1,0,0,1,0,1,0,1,0,0.3055555555555556,3.4552793627594007,1
75,1,1,1,0,1,0,1,0,1,1,0,0,1,0,1,0,1,1,0,0,1,1,1,1,1,0,0,1,0,0,1,0,1,0,1,0,0.2777777777777778,12.48131707736875,1
76,0,1,0,0,1,0,1,0,1,1,0,0,1,0,1,1,1,1,0,0,0,1,1,0,1,0,1,1,0,1,1,0,0,0,1,1,0.2222222222222222,18.78988606641151,1
77,0,1,1,0,1,0,1,0,1,1,1,0,1,0,1,0,1,1,0,0,1,0,1,1,1,0,0,1,0,0,1,0,0,0,1,1,0.25,12.327841001723447,1
78,0,1,0,0,1,0,1,0,1,1,0,0,1,0,0,1,1,1,0,0,1,0,1,1,1,0,1,1,0,0,1,0,0,0,1,0,0.19444444444444445,11.56488443574663,1
79,0,1,1,0,1,0,1,0,1,1,0,0,1,0,0,0,1,1,0,0,1,1,1,1,1,0,0,1,0,1,1,0,1,0,1,0,0.2777777777777778,15.701269809463005,1
80,0,1,1,0,1,0,1,0,1,1,1,0,0,0,0,0,1,1,0,0,1,1,1,1,1,0,0,1,0,0,1,0,0,0,1,1,0.19444444444444445,14.48757368224005,1
81,0,0,1,0,1,0,0,0,1,1,0,0,1,0,1,0,1,1,0,0,1,0,1,0,1,0,1,1,0,0,1,0,1,0,1,0,0.3055555555555556,2.9570124085950256,1
82,0,0,0,0,1,0,0,0,1,1,1,0,0,0,1,0,1,1,0,0,1,0,1,1,1,0,0,1,0,0,1,0,0,0,1,0,0.19444444444444445,3.902917643131479,1
83,0,0,1,0,1,0,1,0,1,1,0,0,1,0,1,0,1,0,0,0,0,0,1,1,1,0,0,1,1,0,0,0,0,0,1,1,0.25,5.5463584577777825,1
84,0,1,1,0,1,0,1,0,1,1,0,0,0,0,0,0,1,1,0,0,1,0,1,1,0,0,1,1,0,0,1,0,0,0,1,0,0.25,7.585101317469881,1
85,0,1,1,0,1,0,1,0,1,1,0,0,1,0,1,0,1,1,0,0,0,0,1,1,1,0,0,1,1,1,1,0,0,0,1,0,0.3611111111111111,11.978048527586582,1
86,0,1,0,0,1,0,1,1,1,1,0,0,1,0,1,0,1,1,0,0,0,0,1,0,1,0,0,1,0,0,1,0,1,0,1,0,0.2777777777777778,19.464318667211774,1
87,0,0,0,0,1,0,1,0,1,1,0,0,1,0,0,0,1,1,0,0,0,1,1,0,1,0,1,1,0,1,1,0,1,0,1,1,0.2222222222222222,21.072388808829253,1
88,0,1,0,0,0,0,1,0,1,1,0,0,1,0,1,0,1,1,0,0,1,0,1,1,1,0,1,1,0,0,1,0,0,0,1,0,0.2777777777777778,7.911611923934837,1
89,1,0,0,1,0,1,0,1,0,1,1,1,0,1,0,0,0,1,0,1,0,0,0,1,0,1,0,0,1,1,0,1,1,1,0,1,0.25,25.485330703944953,1
90,0,0,0,1,0,1,0,1,0,1,1,1,0,0,0,1,0,1,1,1,0,0,0,1,0,1,0,0,0,0,0,1,0,1,0,0,0.19444444444444445,18.042920158153052,1
91,0,1,1,0,1,0,1,0,1,1,0,0,1,0,1,1,1,1,0,0,0,0,1,0,1,0,0,1,0,0,1,0,1,0,1,0,0.3333333333333333,22.472166142979994,1
92,0,0,0,1,0,1,0,1,0,0,1,0,0,1,0,0,0,1,1,1,0,0,0,1,0,1,0,0,1,0,0,1,0,1,0,1,0.25,23.74217571740899,1
93,0,0,0,1,0,1,0,1,0,1,1,1,0,1,0,0,0,1,1,1,0,0,0,1,0,1,0,0,1,0,0,1,0,1,0,1,0.25,21.622016955090686,1
94,0,0,0,1,0,1,0,1,0,1,1,1,0,1,0,0,0,0,1,1,0,0,0,1,0,1,1,0,0,1,0,1,0,1,0,0,0.25,19.039465541786154,1
95,1,0,0,1,0,1,0,1,0,0,0,1,0,1,0,1,0,1,1,1,1,0,0,1,0,1,0,0,1,0,0,1,1,1,0,0,0.16666666666666666,21.33252692543214,1
96,1,0,0,1,0,1,0,1,0,0,1,0,0,1,0,0,0,1,1,1,0,0,0,1,0,1,0,0,1,0,0,1,0,1,0,1,0.2777777777777778,23.061211287568312,1
97,0,0,1,0,1,0,1,0,1,1,0,0,0,0,0,0,1,1,0,0,1,1,1,1,1,0,0,1,0,0,1,0,1,0,1,1,0.2777777777777778,20.464032093927223,1
98,1,0,0,1,0,1,0,1,0,0,1,1,0,0,0,1,0,1,1,1,0,0,0,0,0,1,1,0,0,0,0,1,0,1,0,1,0.16666666666666666,18.145127348845982,1
99,0,0,0,1,0,1,0,1,0,0,1,0,0,1,0,1,0,0,0,1,1,0,0,1,0,1,0,0,1,0,0,1,0,1,0,0,0.16666666666666666,14.953648833507783,1
