,0,1,2,3,4,5,6,7,8,9,10,11,12,13,14,15,16,17,18,19,20,21,22,23,24,25,26,27,28,29,30,31,32,33,34,35,chain_break_fraction,energy,num_occurrences
0,1,1,0,0,1,0,0,0,1,1,1,0,1,0,0,1,1,1,1,1,1,0,0,0,1,1,0,0,1,0,1,1,0,0,0,0,0.19444444444444445,10.046741287034337,1
1,1,1,0,0,0,0,0,0,1,1,1,0,1,0,0,1,1,1,1,1,1,0,0,0,1,1,0,0,1,0,1,1,0,0,0,0,0.19444444444444445,8.999261896151541,1
2,1,1,0,0,1,0,0,0,1,1,1,0,1,0,0,1,1,1,1,1,1,0,0,0,1,1,0,0,1,0,1,1,0,0,0,0,0.2222222222222222,10.046741287034337,1
3,1,1,0,0,1,0,0,0,1,1,1,0,1,0,0,1,1,1,1,1,1,0,0,0,1,1,0,0,1,0,1,1,0,0,0,0,0.2222222222222222,10.046741287034337,1
4,1,1,0,0,1,0,0,0,1,1,1,0,1,0,0,1,1,1,1,1,1,0,0,0,1,1,0,0,0,0,1,1,0,0,0,0,0.19444444444444445,12.161898637077552,1
5,1,1,0,0,0,0,0,0,1,1,1,0,1,0,0,1,1,1,1,1,1,0,0,0,1,1,0,0,1,0,1,1,0,0,0,0,0.19444444444444445,8.999261896151541,1
6,1,1,0,0,1,0,0,0,1,0,1,0,1,0,0,1,1,1,1,1,1,0,0,0,1,1,0,0,1,0,1,1,0,0,0,0,0.19444444444444445,5.965711035470363,1
7,1,1,0,1,1,0,0,0,1,1,1,0,1,0,0,1,1,1,1,1,1,0,0,0,1,1,0,0,1,0,1,1,0,0,0,0,0.2222222222222222,15.176952612287264,1
8,1,0,0,0,1,0,0,0,1,0,1,0,1,0,0,1,1,1,1,1,0,0,0,0,1,1,0,0,1,0,1,1,0,0,0,0,0.2222222222222222,4.670282531772104,1
9,1,1,0,0,1,0,0,0,1,1,1,0,1,0,0,1,1,1,1,1,1,0,0,0,1,1,0,0,1,0,1,1,0,0,0,0,0.19444444444444445,10.046741287034337,1
10,1,1,0,0,1,0,0,0,1,1,1,0,1,0,0,1,1,1,1,1,1,0,0,0,1,1,0,0,1,0,1,1,0,0,0,0,0.2222222222222222,10.046741287034337,1
11,1,1,0,0,1,0,0,0,1,1,0,0,1,0,0,1,1,1,1,1,1,0,0,0,1,1,0,0,1,0,1,1,0,0,0,0,0.25,9.092412482780775,1
12,1,1,0,0,1,0,0,0,1,1,1,0,1,0,0,1,1,1,1,1,1,0,0,0,1,1,0,0,1,0,0,1,0,0,0,0,0.19444444444444445,11.20786803987126,1
13,1,1,0,0,1,0,0,0,1,1,1,0,1,0,0,1,1,1,1,1,1,0,0,0,1,1,0,0,1,0,1,1,0,0,0,0,0.2222222222222222,10.046741287034337,1
14,1,0,0,0,1,0,0,0,1,1,1,0,1,0,0,1,1,1,1,0,1,0,0,0,1,1,0,0,1,0,1,1,0,0,0,0,0.2777777777777778,5.8711896868985844,1
15,1,1,0,0,1,0,0,0,1,1,1,0,1,0,0,1,1,1,1,1,1,0,0,0,1,1,0,0,1,0,0,1,0,0,0,0,0.19444444444444445,11.20786803987126,1
16,1,1,0,1,1,0,0,0,1,0,1,0,1,0,0,1,1,1,1,1,1,0,1,0,1,1,0,0,1,0,1,1,0,0,0,0,0.19444444444444445,9.479467629009484,1
17,1,1,0,1,1,0,0,0,1,1,1,0,1,0,0,1,1,1,0,1,1,0,0,0,1,1,0,0,1,0,1,1,0,0,0,0,0.19444444444444445,17.6577348679063,1
18,1,1,0,0,1,0,0,0,1,0,0,0,1,0,0,1,1,1,1,0,1,0,0,0,1,1,0,0,1,0,1,1,0,0,0,0,0.19444444444444445,4.913691811038944,1
19,1,1,0,1,1,0,0,0,1,1,0,0,1,0,0,1,1,1,1,1,1,0,0,0,1,1,0,0,1,0,1,1,0,0,0,0,0.2222222222222222,13.147769351374988,1
20,1,0,0,1,1,0,0,0,1,0,1,0,1,0,0,1,1,1,1,1,1,0,0,0,0,1,0,0,1,0,1,1,0,0,0,0,0.2222222222222222,6.40890899534202,1
21,1,0,0,0,1,0,0,0,1,0,1,0,1,1,0,1,1,1,1,1,1,0,0,0,1,1,0,0,1,0,1,1,0,0,0,0,0.2222222222222222,9.565675432082353,1
22,1,1,0,0,1,0,0,0,1,1,1,0,1,0,0,1,1,1,1,0,1,0,0,0,1,1,0,0,1,0,1,1,0,0,0,0,0.19444444444444445,13.007090876471734,1
23,1,1,0,0,0,0,0,0,1,1,1,0,1,0,0,1,1,1,1,1,1,0,0,0,1,1,0,0,1,0,0,1,0,1,0,0,0.19444444444444445,10.230659952980233,1
24,1,1,0,0,1,0,0,0,1,1,1,0,1,0,0,1,1,1,1,1,1,0,0,0,1,1,0,0,1,0,1,1,0,0,0,0,0.3055555555555556,10.046741287034337,1
25,1,1,0,0,0,0,0,0,1,1,1,0,1,0,0,1,1,1,1,1,1,0,0,0,1,1,0,0,1,0,0,1,0,1,0,0,0.19444444444444445,10.230659952980233,1
26,1,0,0,0,1,0,0,0,1,0,1,0,1,0,0,1,1,1,1,1,1,0,0,0,1,1,0,0,1,0,1,1,0,0,0,0,0.25,5.884680783906385,1
27,1,1,0,1,1,0,0,0,1,1,1,0,1,0,0,1,1,1,1,1,1,0,0,0,1,1,0,0,1,0,0,1,0,1,0,0,0.19444444444444445,14.907934084414565,1
28,1,1,0,0,1,0,0,0,1,0,1,0,1,0,0,1,1,1,1,1,1,0,0,0,1,1,0,0,1,0,1,1,0,0,1,0,0.19444444444444445,6.219703495304488,1
29,1,1,0,0,1,0,0,0,1,1,1,0,1,0,0,1,1,1,1,1,1,0,0,0,1,1,0,0,1,0,1,1,0,0,0,0,0.3055555555555556,10.046741287034337,1
30,1,0,0,0,1,0,0,0,1,1,1,0,1,0,0,1,1,1,1,0,1,0,0,0,1,1,0,0,1,0,1,1,0,0,0,0,0.25,5.8711896868985844,1
31,1,0,0,1,1,0,0,0,1,0,1,0,1,0,0,1,1,1,1,1,1,0,0,0,1,1,0,0,1,0,1,1,0,0,0,0,0.19444444444444445,7.01487275192078,1
32,1,0,0,1,1,0,0,0,1,1,0,0,1,0,0,1,1,1,1,1,1,0,0,0,1,1,0,0,1,0,1,1,0,0,0,0,0.25,8.066893251347343,1
33,1,1,0,1,0,0,0,0,1,0,1,0,1,0,0,1,1,1,1,1,1,0,0,0,1,1,0,0,1,0,1,1,0,0,0,0,0.19444444444444445,8.048433291252113,1
34,1,1,0,0,0,0,0,0,1,1,1,0,1,0,0,1,1,1,1,1,1,0,0,0,0,1,0,0,1,0,1,1,0,0,0,0,0.19444444444444445,9.333128197725369,1
35,1,1,0,0,1,0,0,0,1,1,1,0,1,0,0,1,1,1,1,1,1,0,0,0,1,1,0,1,1,1,1,1,0,0,0,0,0.2222222222222222,11.717127141943555,1
36,1,0,0,0,1,0,0,0,1,0,0,0,1,1,0,1,1,1,1,1,1,0,0,0,1,1,0,0,1,0,1,1,0,0,0,0,0.2222222222222222,9.611674288139579,1
37,0,0,1,1,1,0,1,0,0,1,0,0,0,0,0,0,0,0,0,0,0,0,0,0,0,0,1,1,0,1,0,0,1,1,1,1,0.25,12.962855595704418,1
38,1,1,0,0,1,1,0,0,1,0,1,0,1,0,0,1,1,1,1,1,1,0,0,0,1,1,0,0,1,0,1,1,0,0,0,0,0.16666666666666666,10.060669817174196,1
39,1,1,0,0,0,0,0,0,1,0,1,0,1,0,0,1,1,1,1,1,1,0,0,0,1,1,0,0,1,0,1,1,0,0,0,0,0.2222222222222222,5.918231644618437,1
40,1,1,0,0,1,0,0,0,0,1,1,0,0,0,0,1,1,1,1,1,1,0,0,0,1,1,0,0,1,0,1,1,0,0,0,0,0.19444444444444445,6.665726678680782,1
41,1,0,0,0,1,0,0,0,1,0,1,0,1,0,0,1,1,1,1,0,1,0,0,0,1,1,0,0,1,0,1,1,0,1,0,0,0.2222222222222222,6.264220481924838,1
42,1,1,0,0,1,0,0,0,1,1,0,0,1,0,0,1,1,1,0,1,1,0,0,0,1,1,0,0,1,0,1,1,0,0,0,0,0.25,10.070920826618641,1
43,1,1,0,0,1,0,0,0,1,0,1,0,1,0,0,1,1,1,0,1,1,0,1,0,1,1,0,0,1,0,1,1,0,0,0,0,0.16666666666666666,6.447176506495419,1
44,1,0,0,0,1,0,0,0,1,0,1,0,1,0,0,1,1,1,0,1,0,0,0,0,1,1,0,0,1,0,1,1,0,0,0,0,0.2222222222222222,3.9714471125395967,1
45,1,1,0,0,1,0,0,0,1,1,1,0,1,0,0,1,1,1,1,1,1,0,0,0,1,1,0,0,1,0,1,1,0,0,1,0,0.2222222222222222,9.091002627151285,1
46,1,1,0,0,0,0,0,0,1,0,1,0,1,0,0,1,1,1,0,1,1,0,1,0,1,1,0,0,1,0,1,1,0,0,0,0,0.1388888888888889,6.39969711562948,1
47,1,1,0,0,1,0,0,0,0,1,1,0,1,0,0,1,1,1,0,1,1,0,0,0,1,1,0,0,1,0,0,1,0,0,0,0,0.16666666666666666,9.886748085519832,1
48,1,0,0,0,1,0,0,0,1,0,0,0,1,0,0,1,1,1,1,1,1,0,0,0,1,1,0,0,1,0,1,1,0,0,0,0,0.16666666666666666,6.930679639964076,1
49,1,1,0,1,1,0,0,0,1,0,1,0,1,0,0,1,1,1,1,0,1,0,1,0,1,1,0,0,1,0,0,1,0,0,0,0,0.25,11.332848882039054,1
50,1,1,0,0,1,0,0,0,1,1,1,0,1,0,0,1,1,1,0,1,0,0,0,0,1,1,0,0,1,0,1,1,0,0,0,0,0.25,14.597204216848576,1
51,1,1,0,0,0,0,0,0,1,1,0,0,1,0,0,1,1,1,1,0,1,0,1,0,1,1,0,0,1,0,0,1,0,0,0,0,0.16666666666666666,9.640780444073455,1
52,1,1,0,1,1,0,0,0,1,1,0,0,0,0,0,1,1,1,0,1,1,0,0,0,1,1,0,0,1,0,1,1,0,0,0,0,0.16666666666666666,12.286381351416926,1
53,1,1,0,0,0,0,0,0,1,1,1,0,1,0,0,1,1,1,1,1,1,0,0,0,1,1,0,0,1,0,1,1,0,0,0,0,0.1388888888888889,8.999261896151541,1
54,1,1,0,0,0,0,0,0,1,0,1,0,1,0,0,1,1,1,1,1,1,0,0,0,1,1,0,0,1,0,1,1,0,0,0,0,0.16666666666666666,5.918231644618437,1
55,1,1,0,0,1,0,0,0,0,1,0,0,1,0,0,1,1,1,0,1,1,0,0,0,1,1,0,0,1,0,0,1,0,0,0,0,0.16666666666666666,8.430834737052066,1
56,1,0,1,0,0,0,0,0,1,0,1,0,1,0,0,1,1,1,1,0,1,0,1,0,1,1,0,0,1,0,1,1,0,0,0,0,0.19444444444444445,3.642337362982616,1
57,1,1,0,1,0,0,0,0,0,1,1,0,1,0,0,1,1,1,1,0,1,0,0,0,1,1,0,0,1,0,0,1,0,0,0,0,0.19444444444444445,15.193766705639819,1
58,0,1,1,1,0,1,1,0,0,1,1,0,0,0,1,0,0,0,0,0,0,0,0,1,0,0,1,1,0,1,0,0,1,1,1,1,0.2777777777777778,13.305417883949392,1
59,1,1,0,0,1,0,0,0,0,1,1,0,1,0,0,1,1,1,1,1,1,0,0,0,1,1,0,0,1,0,0,1,0,0,1,0,0.19444444444444445,7.639938829708355,1
60,1,1,0,0,1,1,0,0,1,1,0,0,1,0,0,1,1,1,1,0,1,0,0,1,1,1,0,0,1,0,1,1,0,0,0,0,0.2222222222222222,16.074409763258373,1
61,1,1,0,1,1,0,0,0,1,1,0,0,0,0,0,1,1,1,1,1,1,0,0,0,1,1,0,0,1,0,1,1,0,0,0,0,0.2222222222222222,10.807269148570638,1
62,1,1,0,0,1,0,0,0,1,0,1,0,1,0,0,1,1,1,1,0,1,0,0,1,1,1,0,0,1,0,1,1,0,0,0,0,0.19444444444444445,7.209009251943502,1
63,0,0,1,1,1,1,1,0,0,0,0,0,0,0,1,0,0,0,0,0,0,0,1,0,0,0,1,1,0,1,0,0,1,1,1,1,0.2777777777777778,18.16770400193728,1
64,1,1,0,1,1,0,0,0,1,0,1,0,1,0,0,1,1,1,1,1,1,0,0,0,1,1,0,0,1,0,1,1,0,0,0,0,0.25,9.095912682104041,1
65,1,1,0,1,1,0,0,0,1,0,0,0,1,0,0,1,1,1,1,1,0,0,0,0,1,1,0,0,1,0,1,1,0,0,0,0,0.25,9.05513655269247,1
66,1,0,0,1,1,0,0,0,1,0,0,0,1,0,0,1,1,1,0,0,0,0,0,0,1,1,0,0,1,0,1,1,0,0,0,0,0.19444444444444445,7.670164393439843,1
67,0,1,0,0,1,0,0,0,1,1,1,0,1,0,0,1,1,1,1,1,1,0,0,1,1,1,0,0,1,0,0,1,0,0,0,0,0.19444444444444445,11.216844795633298,1
68,0,1,0,0,1,0,0,0,1,1,1,0,1,0,0,1,1,1,0,1,1,0,0,0,1,1,0,0,1,0,1,1,0,0,0,0,0.19444444444444445,8.722683221468774,1
69,1,1,0,0,1,0,0,0,1,0,1,0,1,0,0,1,1,1,0,0,1,0,1,0,1,1,0,0,1,0,1,1,0,0,0,0,0.19444444444444445,6.633022432346688,1
70,1,0,1,0,1,0,0,0,1,0,1,0,1,0,0,1,1,1,1,1,1,0,0,0,1,1,0,0,1,0,1,0,0,0,0,0,0.2222222222222222,4.741482125584951,1
71,0,0,1,1,1,1,1,0,0,1,0,0,0,0,1,0,0,0,0,0,0,0,1,0,0,0,1,1,1,1,0,0,1,1,1,1,0.2222222222222222,15.97728670451718,1
72,1,1,0,0,1,0,0,0,1,1,0,0,1,0,0,1,1,1,0,1,1,0,0,0,1,1,0,0,1,0,0,1,0,0,0,0,0.19444444444444445,11.238804239976856,1
73,0,0,1,0,0,0,1,0,0,1,0,0,0,0,1,0,0,0,0,0,0,0,0,1,0,0,1,1,0,1,0,0,1,1,0,1,0.25,21.19153153589278,1
74,1,0,0,0,1,0,0,0,1,1,1,0,1,0,0,1,1,1,0,1,1,0,0,0,1,1,0,0,1,0,1,1,0,0,0,0,0.2222222222222222,5.918450361184486,1
75,1,0,0,0,1,0,0,0,0,0,1,0,1,0,0,1,1,1,0,1,1,0,0,0,1,1,0,0,0,0,0,1,0,0,0,0,0.19444444444444445,5.319882409037998,1
76,0,0,1,0,1,1,1,0,0,1,0,1,0,0,1,0,0,0,0,0,0,0,0,1,0,0,1,1,0,1,0,0,1,1,1,1,0.2777777777777778,15.654758490132682,1
77,1,0,0,0,1,0,0,0,1,0,1,0,1,0,0,1,1,1,1,1,0,0,0,0,1,1,0,0,0,0,1,1,0,0,0,0,0.1388888888888889,5.183259245865218,1
78,0,1,0,0,1,0,0,0,1,0,0,0,1,0,0,1,1,1,0,0,1,0,0,0,1,1,0,0,1,0,1,1,0,0,0,0,0.1388888888888889,4.533178271661151,1
79,1,0,0,0,1,0,0,0,1,0,1,0,1,0,0,1,1,1,1,0,1,0,0,0,1,1,0,0,1,1,1,1,0,0,0,0,0.19444444444444445,3.898405278679558,1
80,1,1,0,0,1,0,0,0,1,0,1,0,1,0,0,1,1,1,1,0,1,0,0,1,0,1,0,0,1,0,1,1,0,0,0,0,0.16666666666666666,6.540099469421056,1
81,1,1,0,0,0,1,0,0,0,0,0,0,1,1,0,1,1,1,0,0,1,0,1,0,1,1,0,0,1,0,1,1,0,0,0,0,0.19444444444444445,13.232410594729236,1
82,0,0,1,1,0,1,1,0,0,0,0,0,0,0,1,0,0,0,0,0,0,0,1,0,0,0,1,1,0,1,1,0,1,0,1,1,0.25,15.414818094593231,1
83,0,0,1,0,0,1,1,1,0,1,0,1,0,1,0,0,0,0,0,0,0,1,0,1,0,0,1,1,0,1,0,0,1,1,1,1,0.3055555555555556,24.665013504978216,1
84,0,0,1,1,0,1,1,0,0,1,0,1,0,0,1,0,0,0,0,0,0,0,0,1,0,0,0,1,0,1,0,0,1,1,0,1,0.19444444444444445,12.19978536347277,1
85,0,0,1,1,0,1,1,0,0,1,0,0,0,0,1,0,0,0,0,1,0,1,0,0,0,0,1,1,0,1,0,0,1,1,1,1,0.2777777777777778,28.250527355322056,1
86,1,1,0,1,1,0,0,0,1,1,1,0,1,0,0,1,1,1,1,1,1,0,0,0,1,1,0,0,1,0,1,1,0,0,0,0,0.3055555555555556,15.176952612287264,1
87,1,1,0,1,1,0,0,0,1,1,1,0,0,0,0,1,1,1,1,1,1,0,0,0,0,1,0,0,1,0,1,1,0,0,0,0,0.16666666666666666,13.675306107000251,1
88,0,1,0,1,1,0,0,0,1,0,0,0,1,0,0,1,1,1,1,1,1,0,0,0,1,1,0,0,1,0,1,1,0,1,0,0,0.2222222222222222,11.065406684617413,1
89,1,0,1,1,0,1,1,1,0,0,0,0,0,0,1,0,0,0,0,0,0,0,0,1,0,0,1,1,0,1,0,0,1,1,1,1,0.25,19.028378601288566,1
90,1,1,1,0,1,0,0,0,1,0,0,0,1,0,0,1,1,1,0,1,1,0,0,0,1,1,0,0,1,0,1,1,0,0,0,0,0.25,5.990596261643328,1
91,1,1,0,0,1,0,0,0,1,1,0,0,0,0,0,1,1,1,1,1,0,0,0,0,1,1,0,1,1,0,0,1,0,0,0,0,0.16666666666666666,8.161042719867774,1
92,1,1,1,1,1,0,0,0,1,0,1,0,0,0,1,1,1,1,1,1,1,0,0,0,1,1,0,0,1,0,1,1,0,0,0,0,0.2222222222222222,11.661013505420877,1
93,0,0,1,1,0,1,1,0,1,0,0,1,0,0,0,0,0,0,0,0,0,0,1,0,0,1,1,1,0,1,0,0,1,1,1,1,0.2777777777777778,23.2992689883667,1
94,1,1,0,1,0,0,0,0,1,0,1,0,1,0,0,1,1,1,0,0,1,0,0,0,1,1,0,0,1,0,1,1,0,0,0,0,0.2222222222222222,11.408473651053187,1
95,1,1,0,1,1,0,0,0,0,0,1,0,0,0,0,1,1,1,0,1,1,1,0,0,1,1,0,1,1,0,1,1,0,0,0,0,0.2222222222222222,14.349349395299308,1
96,1,1,0,1,0,0,0,0,1,0,0,0,1,0,0,1,1,1,1,0,1,0,0,0,1,1,0,0,1,0,0,1,0,0,0,0,0.2222222222222222,8.589640372911184,1
97,0,1,1,0,1,0,0,0,0,0,1,0,0,0,0,1,1,1,0,1,1,0,1,0,0,1,0,0,0,0,1,1,0,0,0,0,0.1111111111111111,5.216346002170495,1
98,1,1,0,0,1,0,0,0,1,1,1,0,1,0,0,1,1,1,0,1,1,0,0,0,1,1,0,0,1,0,1,0,0,0,0,0,0.2777777777777778,14.862682925291791,1
99,1,1,0,0,0,1,0,0,1,0,0,0,1,0,0,1,0,1,0,1,1,0,0,0,1,1,0,0,0,0,1,1,0,0,1,0,0.19444444444444445,7.822254316359549,1
