,0,1,2,3,4,5,6,7,8,9,10,11,12,13,14,15,16,17,18,19,20,21,22,23,24,25,26,27,28,29,30,31,32,33,34,35,chain_break_fraction,energy,num_occurrences
0,0,0,1,1,0,0,1,1,0,1,1,0,0,0,0,1,0,0,1,0,1,0,1,0,0,0,0,1,0,0,1,0,0,0,1,1,0.25,6.0815440453695135,1
1,0,0,1,1,0,0,1,1,0,1,1,0,0,0,0,1,0,0,0,0,1,0,1,0,0,0,0,1,0,0,1,1,1,0,1,1,0.2777777777777778,8.826300089202624,1
2,0,0,1,1,0,0,1,1,0,1,1,0,0,0,0,1,0,0,1,0,1,0,1,0,0,0,0,1,0,0,1,0,0,0,1,1,0.2777777777777778,6.0815440453695135,1
3,0,0,1,1,0,0,1,1,0,1,1,0,0,0,0,1,0,0,0,0,0,0,1,0,0,0,0,1,0,0,1,1,1,0,1,1,0.2222222222222222,9.44037694588883,1
4,0,0,1,1,0,0,1,1,0,1,1,0,0,0,0,1,0,0,0,0,0,0,1,0,0,0,0,1,0,0,1,0,1,0,1,1,0.25,8.255661936246838,1
5,0,0,1,1,0,0,1,1,0,1,1,0,0,0,0,1,0,0,0,0,1,0,1,0,0,0,0,1,0,0,1,1,1,0,1,1,0.2222222222222222,8.826300089202624,1
6,0,0,1,1,0,0,0,1,0,1,1,0,0,0,0,1,0,0,0,0,1,0,1,1,0,0,0,1,0,0,1,0,0,0,1,1,0.19444444444444445,4.353357527377279,1
7,0,0,1,1,0,0,1,1,0,1,1,0,0,0,0,1,0,1,0,0,0,0,1,0,0,0,0,1,0,0,1,0,0,0,1,1,0.2222222222222222,15.446391067979967,1
8,0,0,1,1,0,0,0,1,0,1,1,0,0,0,0,1,0,0,0,0,0,0,1,1,0,0,0,1,0,0,1,0,1,0,1,1,0.25,5.105029924487011,1
9,0,0,1,1,0,0,1,1,0,1,1,0,0,0,0,1,0,0,1,0,0,0,1,0,0,0,0,1,0,0,1,0,0,0,1,1,0.2777777777777778,7.945796144565066,1
10,0,0,1,1,0,0,0,1,0,1,1,0,1,0,0,1,0,0,1,0,0,0,1,0,0,0,0,1,0,0,1,0,0,0,1,1,0.2222222222222222,6.8061823165202595,1
11,0,0,1,1,1,0,1,1,0,1,1,0,0,0,0,1,0,0,1,0,1,0,1,0,0,0,0,1,0,0,1,0,0,0,1,1,0.19444444444444445,6.5790015342431545,1
12,0,0,1,1,0,0,0,1,0,1,1,0,0,0,0,1,0,0,0,0,1,0,1,0,0,0,0,1,0,0,1,0,1,0,1,1,0.2777777777777778,4.660956102808169,1
13,0,0,1,1,0,0,0,1,0,1,1,0,0,0,0,1,0,0,0,0,0,0,1,1,0,0,0,1,0,0,1,0,0,0,1,1,0.2222222222222222,4.553463499793857,1
14,0,0,1,1,0,0,1,1,0,1,1,0,0,0,0,1,0,0,1,0,1,0,1,1,0,0,0,1,0,0,1,0,1,0,1,1,0.3055555555555556,7.747588158098191,1
15,0,0,1,1,0,0,1,1,0,1,1,0,0,0,0,1,0,0,0,0,1,0,1,0,0,0,1,1,0,0,1,0,1,0,1,1,0.3055555555555556,6.240908761875142,1
16,0,0,1,1,0,0,1,1,0,1,1,0,0,0,0,1,0,0,1,0,0,0,1,1,0,0,0,1,0,0,1,0,0,0,1,1,0.3055555555555556,6.25210867418262,1
17,0,0,1,1,0,0,0,1,0,1,1,0,0,0,0,1,0,1,1,0,0,0,1,1,0,0,0,1,0,0,1,0,0,0,1,1,0.2222222222222222,7.250648559255415,1
18,0,0,1,1,0,0,0,1,0,1,1,0,0,0,0,1,0,0,0,0,0,0,1,0,0,0,0,1,0,0,1,0,1,0,1,1,0.25,6.255660808306914,1
19,0,0,1,1,0,0,0,1,0,1,1,0,1,0,0,1,0,0,1,0,1,0,1,0,0,0,0,1,0,0,1,0,1,0,1,1,0.2777777777777778,5.0538220747115625,1
20,0,0,1,1,0,0,1,1,0,1,1,0,1,0,0,1,0,1,1,0,1,0,1,0,0,0,0,1,0,0,1,0,0,0,1,1,0.25,11.971238080887009,1
21,0,0,1,1,0,0,0,1,0,1,1,0,0,0,0,1,0,1,0,0,1,0,1,0,0,0,0,1,0,0,1,0,0,0,1,1,0.25,8.75735023357251,1
22,0,0,1,1,0,0,0,1,0,1,1,0,0,0,0,1,0,1,0,0,1,0,1,1,0,0,0,1,0,0,1,0,1,0,1,1,0.25,6.49779533881443,1
23,0,0,1,1,0,0,1,1,0,1,1,0,1,0,0,1,0,0,1,0,1,0,1,1,0,0,0,1,0,0,1,0,1,0,1,1,0.2777777777777778,7.071779939576555,1
24,0,0,1,1,1,0,0,1,0,1,1,0,0,0,0,1,0,0,1,0,0,0,1,0,0,0,0,1,0,0,1,0,1,0,1,1,0.2777777777777778,5.850867849904225,1
25,0,0,1,1,0,0,0,1,0,1,1,0,0,0,0,1,0,1,1,0,1,0,1,0,0,0,0,1,0,0,1,0,0,0,1,1,0.2222222222222222,7.580084307574717,1
26,0,0,1,1,0,0,1,1,0,1,1,0,0,0,0,1,0,0,0,0,1,0,1,0,0,0,0,1,0,0,1,0,0,0,1,1,0.19444444444444445,6.758807627403732,1
27,0,0,1,1,0,0,0,1,0,1,1,0,1,0,0,1,0,0,1,0,0,0,1,0,0,0,0,1,1,0,1,0,0,0,1,1,0.2222222222222222,4.071093276828585,1
28,0,0,1,1,0,0,1,1,0,1,1,0,0,0,1,1,0,0,0,0,1,0,1,1,0,0,0,1,0,0,1,0,1,0,1,1,0.2777777777777778,7.182733250931503,1
29,0,0,1,1,0,0,0,1,0,1,1,0,0,0,0,1,0,0,0,0,1,0,1,0,0,0,0,1,0,0,1,0,1,0,1,1,0.25,4.660956102808169,1
30,0,0,1,1,0,0,1,1,0,1,1,0,0,0,1,1,0,0,0,0,1,0,1,0,0,0,0,1,0,0,1,0,1,0,1,1,0.2777777777777778,8.360041549959135,1
31,0,0,1,1,0,0,1,1,0,1,1,0,1,0,0,1,0,0,1,0,1,0,1,0,0,0,0,1,0,0,1,0,0,0,1,1,0.2222222222222222,6.9268357246063825,1
32,0,1,1,1,0,0,1,1,0,1,1,0,0,0,0,1,0,0,0,0,1,0,1,0,0,0,0,1,0,0,0,0,0,0,1,1,0.25,14.27530682953282,1
33,0,0,1,1,0,0,1,1,0,1,1,0,0,0,0,1,0,1,1,0,0,0,1,0,0,0,1,1,0,0,1,1,0,0,1,1,0.3055555555555556,12.213695728415374,1
34,0,0,1,1,0,0,1,1,0,1,1,0,0,0,0,1,0,0,1,0,1,0,1,0,0,0,0,1,0,0,1,0,0,0,1,1,0.3055555555555556,6.0815440453695135,1
35,0,0,1,1,0,0,1,1,0,1,1,0,0,0,0,1,0,0,1,0,1,0,1,0,0,0,0,1,0,0,1,1,1,0,1,1,0.3333333333333333,10.786926940422608,1
36,0,0,1,1,0,0,1,1,0,1,1,0,1,0,0,1,0,0,0,0,1,0,1,1,0,0,0,1,0,0,1,0,0,0,1,1,0.2222222222222222,5.683660900606302,1
37,0,0,1,1,0,0,1,1,0,1,1,0,0,0,0,1,0,0,1,0,1,0,1,0,0,0,0,1,0,0,1,0,0,0,1,1,0.2777777777777778,6.0815440453695135,1
38,0,0,1,1,0,0,1,1,0,1,1,0,1,0,0,1,0,0,0,0,0,0,1,0,0,0,1,1,0,0,1,0,1,0,1,1,0.25,8.486710296096746,1
39,0,0,1,1,0,0,1,1,0,1,1,0,0,0,0,1,0,0,1,0,1,0,1,1,0,0,0,1,0,0,1,0,1,0,1,1,0.3333333333333333,7.747588158098191,1
40,0,0,1,1,0,0,1,1,0,1,1,0,0,0,0,1,0,1,0,0,1,0,1,0,0,0,1,1,0,0,1,0,0,0,1,1,0.19444444444444445,10.316457112534192,1
41,0,0,1,1,0,0,0,1,0,1,1,0,0,0,0,1,0,0,1,0,1,0,1,0,0,0,0,1,0,0,1,0,0,0,1,1,0.2777777777777778,4.581542917366173,1
42,0,0,1,1,0,0,0,1,0,1,1,0,0,0,0,1,0,1,1,0,0,0,1,0,0,0,1,1,0,0,1,0,1,0,1,1,0.2777777777777778,8.629163863718611,1
43,0,0,1,1,0,0,1,1,0,1,1,0,1,0,0,1,0,0,0,0,1,0,1,1,0,0,0,1,0,0,1,0,0,0,1,1,0.2777777777777778,5.683660900606302,1
44,0,0,1,1,1,0,0,1,0,1,1,0,0,0,0,1,0,0,1,0,1,0,1,0,0,0,1,1,0,0,1,0,0,0,1,1,0.25,4.845280815106923,1
45,0,0,1,1,0,0,0,1,0,1,1,0,1,0,0,1,0,0,1,0,0,0,1,1,0,0,0,1,0,0,1,0,0,0,1,1,0.2777777777777778,5.09146046671437,1
46,0,0,1,1,0,0,1,1,0,1,1,0,0,0,0,1,0,0,0,0,0,0,1,0,0,0,0,1,0,0,1,1,0,0,1,1,0.19444444444444445,8.934217487521014,1
47,0,0,1,1,0,0,1,1,0,1,1,0,1,0,0,1,0,0,0,0,1,0,1,0,0,0,1,0,0,0,1,0,1,0,1,1,0.2777777777777778,7.510268086589003,1
48,0,0,1,1,0,0,1,1,0,1,1,0,1,0,0,1,0,0,1,0,0,0,1,0,0,0,0,1,0,0,1,1,1,0,1,1,0.25,10.433430625848994,1
49,1,0,1,1,0,0,0,1,0,1,1,0,0,0,0,1,0,0,1,0,0,0,1,0,0,0,0,1,0,0,1,0,1,0,1,1,0.2777777777777778,6.4785166164355115,1
50,0,0,1,1,0,0,0,1,0,1,1,0,0,0,0,1,0,0,0,0,1,0,1,0,0,0,1,1,0,0,0,0,0,0,1,1,0.3055555555555556,5.216135332594221,1
51,0,0,1,1,1,0,0,1,0,1,1,0,0,0,0,1,0,1,0,0,1,0,1,1,0,0,0,1,0,0,1,0,0,0,1,1,0.2777777777777778,6.873430516063206,1
52,0,0,1,1,0,0,1,1,0,1,1,0,0,0,0,1,0,0,1,0,1,0,1,0,0,0,0,1,0,0,1,0,1,0,1,1,0.3333333333333333,6.20859704170423,1
53,0,0,1,1,0,0,1,1,1,1,1,0,0,0,0,1,0,0,0,0,1,0,1,1,0,0,0,1,0,0,1,0,1,0,1,1,0.2222222222222222,6.474371150754149,1
54,0,0,1,1,0,0,0,1,0,1,1,0,0,0,0,1,0,0,0,0,1,0,1,0,0,0,0,1,0,0,1,0,1,0,0,1,0.3055555555555556,4.410994922783302,1
55,0,0,1,1,0,0,0,1,0,1,1,0,0,0,0,1,0,0,1,0,0,0,1,1,0,0,0,1,0,0,1,0,1,0,1,1,0.3611111111111111,6.528577363862996,1
56,0,0,1,1,1,0,1,1,0,1,1,0,0,0,0,1,0,1,1,0,1,0,1,1,0,0,0,1,0,0,1,0,0,0,1,1,0.25,8.863895447727264,1
57,0,0,1,1,0,0,1,1,0,1,1,0,0,0,1,1,0,1,1,0,1,0,1,0,0,0,0,1,0,0,1,0,0,0,1,1,0.3055555555555556,13.282279701631726,1
58,0,0,1,1,0,0,1,1,0,1,1,0,1,0,0,1,0,0,1,0,1,0,1,1,0,0,0,1,0,1,1,0,1,0,1,1,0.25,8.337475770409895,1
59,1,0,1,1,0,0,1,1,0,1,1,0,0,0,0,1,0,0,0,0,0,0,1,0,0,0,1,1,0,0,1,0,1,0,1,1,0.3333333333333333,8.698334929136589,1
60,0,0,0,1,0,0,1,1,0,1,1,0,0,0,0,1,0,0,0,0,1,0,1,0,0,0,0,0,0,0,1,0,0,0,1,1,0.16666666666666666,7.659819624629182,1
61,0,0,1,1,0,0,0,1,0,1,1,0,0,0,1,1,0,1,0,0,1,0,1,0,0,0,0,1,0,0,1,0,1,0,1,1,0.3333333333333333,10.358584154301951,1
62,0,0,1,1,0,0,1,1,0,1,1,0,1,0,0,1,0,0,0,0,1,0,1,0,0,0,1,1,0,0,1,0,0,0,1,1,0.2222222222222222,7.091987235221493,1
63,0,0,1,1,0,0,1,1,0,1,1,0,0,0,1,1,0,0,1,0,1,0,1,0,0,0,1,1,0,0,1,1,0,0,1,1,0.25,11.168098618703507,1
64,0,0,1,1,0,0,0,1,1,1,1,0,0,0,0,1,0,0,1,0,1,0,1,0,0,0,0,1,0,0,1,0,0,0,1,1,0.2222222222222222,6.022568784031423,1
65,0,0,1,1,0,0,0,1,0,1,1,0,1,0,1,1,0,0,0,0,1,0,1,0,0,0,0,1,0,0,1,0,1,0,1,1,0.3055555555555556,7.211311947141351,1
66,0,0,1,1,0,0,1,1,0,1,1,0,0,0,0,1,0,0,1,0,0,0,1,0,0,0,1,1,0,0,1,0,0,0,1,1,0.3333333333333333,7.5785098842873415,1
67,0,0,1,1,0,0,1,1,0,1,1,0,1,0,0,1,0,0,0,0,0,0,1,1,0,0,1,1,0,1,1,0,1,0,1,1,0.3055555555555556,6.151239784665096,1
68,0,0,1,1,0,0,0,1,0,1,1,0,1,0,0,1,0,1,0,0,0,0,1,0,0,0,0,1,0,1,1,0,0,0,1,1,0.19444444444444445,7.679650575199229,1
69,0,0,1,1,1,0,0,1,0,1,1,0,1,0,0,1,0,0,0,0,0,0,1,0,0,0,1,1,0,0,1,1,0,0,1,1,0.25,7.770950847951705,1
70,0,0,1,1,0,0,1,1,0,1,1,0,0,0,0,1,0,0,0,0,1,0,1,0,0,0,1,1,0,0,1,0,0,0,1,1,0.3055555555555556,6.318641891315721,1
71,0,0,1,1,0,0,0,1,0,1,1,0,0,0,0,1,0,0,0,0,1,0,1,0,0,0,1,1,0,0,1,0,0,0,1,1,0.3055555555555556,4.818640763362273,1
72,0,0,1,1,0,0,1,1,0,1,1,0,0,0,1,1,0,0,0,0,0,0,1,0,0,0,1,1,0,0,1,0,1,0,1,1,0.3055555555555556,9.903966359959874,1
73,0,0,0,1,0,0,1,1,1,1,1,0,1,0,0,1,0,0,1,0,1,0,1,0,0,0,0,1,0,0,1,1,1,0,1,1,0.25,11.616893076454783,1
74,0,0,1,1,0,0,1,1,0,1,1,0,0,0,1,1,0,0,0,0,0,0,1,0,0,0,0,1,0,1,1,0,0,0,1,1,0.25,6.768316945963006,1
75,0,0,1,1,0,0,1,1,0,1,1,0,0,0,0,1,0,0,0,0,1,0,1,1,0,0,1,1,0,0,1,0,0,0,1,1,0.19444444444444445,6.1671855732875205,1
76,0,0,1,1,0,0,1,1,0,1,1,0,0,0,1,1,0,1,0,0,1,0,1,0,0,0,0,1,0,1,1,0,0,0,1,1,0.25,9.067001845117584,1
77,0,0,1,1,0,0,1,1,0,1,1,0,0,0,0,1,0,0,0,0,0,0,1,0,0,0,0,1,0,0,1,0,0,0,0,1,0.3055555555555556,11.130815507483828,1
78,0,0,0,1,0,0,0,1,0,1,1,0,1,0,0,1,0,0,1,0,1,0,1,0,0,0,0,1,0,0,1,0,0,0,1,1,0.2777777777777778,5.022795233976397,1
79,1,0,1,1,1,0,0,1,0,1,1,0,0,0,0,1,0,0,0,0,1,0,1,0,0,0,1,1,0,0,1,0,0,0,1,1,0.2777777777777778,5.845349411341144,1
80,0,0,1,1,0,0,1,1,0,1,1,0,0,0,1,1,0,0,1,0,0,0,1,0,0,0,1,1,0,0,1,0,1,0,1,1,0.3333333333333333,9.335715580807607,1
81,0,0,0,1,1,0,1,1,0,1,1,0,1,0,0,1,0,0,0,0,1,0,1,1,0,0,1,1,0,1,1,0,0,0,1,1,0.19444444444444445,7.254310393403479,1
82,0,1,1,1,1,0,1,1,0,1,1,0,1,0,0,1,0,0,0,0,1,0,1,0,0,0,0,1,0,0,1,0,1,0,1,1,0.2777777777777778,13.91486809252215,1
83,0,0,1,1,1,0,1,1,1,1,1,0,0,0,0,1,0,0,0,0,1,0,1,0,0,0,0,1,0,1,1,1,1,0,1,1,0.25,6.777400168325934,1
84,0,0,1,1,0,0,0,1,0,1,1,0,1,0,0,1,0,0,0,0,1,0,1,0,0,0,1,1,0,0,1,0,0,0,1,1,0.2777777777777778,5.091986107268035,1
85,0,0,1,1,0,0,0,1,0,1,1,0,0,0,0,1,0,0,0,0,1,0,1,0,0,0,1,1,0,0,1,0,1,0,0,1,0.3055555555555556,4.467875177244574,1
86,0,0,1,1,0,0,0,1,0,1,1,0,0,0,1,1,0,0,1,0,1,0,1,0,0,0,0,1,0,0,1,1,0,0,1,1,0.2777777777777778,9.160112490197918,1
87,0,0,0,1,0,0,1,1,1,1,1,0,1,0,0,1,0,0,0,0,1,0,1,1,0,0,0,1,0,1,1,0,0,0,1,1,0.2222222222222222,6.080959547323376,1
88,0,0,1,1,0,0,1,1,0,1,1,0,0,0,0,1,0,1,0,0,1,0,1,0,0,0,0,1,0,0,1,0,0,0,1,1,0.2222222222222222,11.757351361621037,1
89,0,0,1,1,0,0,1,1,0,1,1,0,1,0,0,1,0,0,0,0,0,0,1,0,0,0,1,1,0,0,1,0,0,0,1,1,0.2777777777777778,9.6588404600992,1
90,0,0,1,1,0,0,1,1,1,1,1,0,1,0,0,1,0,0,1,0,1,0,1,1,0,0,1,1,0,0,1,0,0,0,1,1,0.3333333333333333,7.7065979887913105,1
91,0,0,0,1,0,0,1,1,0,1,1,0,0,0,0,1,1,0,1,0,0,0,1,0,0,0,0,1,0,0,1,1,1,0,1,1,0.25,11.316696057543071,1
92,0,0,1,1,0,0,0,1,0,1,1,0,1,0,0,1,1,0,1,0,1,0,1,1,0,0,0,1,0,0,1,0,0,0,1,1,0.2777777777777778,5.223242243363846,1
93,0,0,0,1,1,0,0,1,0,1,1,0,1,0,0,1,0,0,0,0,0,0,1,0,0,0,1,1,0,0,1,0,1,0,1,1,0.3055555555555556,5.883800718653928,1
94,0,0,1,1,1,0,0,1,0,1,1,0,0,0,1,1,0,0,0,0,1,0,1,1,0,0,0,1,0,1,1,0,1,0,1,1,0.3333333333333333,5.420350315685167,1
95,0,0,1,1,0,0,1,1,0,1,1,0,0,0,1,1,0,0,1,0,0,0,1,0,0,0,0,1,0,1,1,0,0,0,1,1,0.2777777777777778,5.9738591627466056,1
96,0,0,1,1,0,0,0,1,0,1,1,0,0,0,0,1,0,0,0,0,0,0,1,0,0,1,0,0,1,0,1,0,0,0,1,1,0.2777777777777778,6.8266437146877745,1
97,0,0,1,1,0,0,1,1,1,1,1,0,0,0,0,1,0,0,0,0,1,0,1,0,0,0,1,1,0,0,1,1,0,0,1,1,0.3055555555555556,9.275593242826773,1
98,1,1,1,1,1,1,0,0,1,0,0,1,0,1,1,0,1,1,0,1,1,1,0,1,1,1,0,0,1,1,0,1,0,1,0,0,0.3055555555555556,22.490603179809757,1
99,0,0,1,1,1,0,1,1,0,1,1,0,0,0,0,1,0,0,1,0,0,0,1,0,0,0,0,1,0,0,1,0,1,0,1,1,0.3611111111111111,7.850870133268132,1
