,0,1,2,3,4,5,6,7,8,9,10,11,12,13,14,15,16,17,18,19,20,21,22,23,24,25,26,27,28,29,30,31,32,33,34,35,chain_break_fraction,energy,num_occurrences
0,1,0,1,1,0,1,1,1,1,0,0,0,1,0,0,1,0,1,0,0,0,1,1,0,0,1,0,0,1,1,1,0,1,0,1,1,0.2222222222222222,9.217942033190273,1
1,1,0,1,1,0,1,1,0,1,0,1,0,1,0,0,1,0,1,0,1,0,1,1,0,0,1,0,0,0,1,1,0,1,0,1,1,0.19444444444444445,16.326044954691234,1
2,1,0,1,1,0,1,1,0,1,0,0,0,1,0,0,1,0,1,0,0,0,1,1,0,0,0,0,0,0,1,1,0,1,0,1,1,0.16666666666666666,9.0740676892955,1
3,1,0,1,1,0,1,1,0,1,0,1,0,1,0,0,1,0,1,0,0,0,1,1,0,0,1,0,0,1,1,1,0,1,0,1,1,0.19444444444444445,13.50058264141302,1
4,1,0,1,1,0,1,1,0,1,0,0,0,1,0,0,1,0,1,0,0,0,1,1,0,0,0,0,1,0,1,1,0,1,0,1,1,0.16666666666666666,11.214110400935022,1
5,1,0,1,0,0,1,1,0,1,0,1,0,1,0,0,1,0,1,0,0,0,1,1,0,0,1,0,1,0,1,1,0,1,0,1,1,0.2222222222222222,17.97273805445306,1
6,0,0,1,1,0,1,1,0,1,0,0,0,1,0,0,1,0,1,0,0,0,1,1,0,0,1,0,1,0,1,1,0,0,0,1,1,0.2222222222222222,14.999106622697765,1
7,1,0,1,0,0,1,1,0,1,0,0,0,1,0,0,1,0,1,0,0,0,1,1,0,0,0,0,1,0,1,1,0,0,0,1,1,0.2222222222222222,10.80236788434355,1
8,0,0,1,0,0,1,1,0,1,0,0,0,1,0,0,1,0,1,0,0,0,1,1,0,0,1,0,1,0,1,1,0,0,0,1,1,0.25,18.653028719030274,1
9,1,0,1,1,0,1,1,0,1,0,0,0,1,0,0,1,0,1,0,0,0,1,1,0,0,0,0,1,0,1,0,0,1,0,1,1,0.19444444444444445,12.383788115413063,1
10,1,0,1,1,0,1,1,0,1,0,0,0,1,0,0,1,0,1,0,1,0,1,1,0,0,1,0,1,0,1,1,0,1,0,1,1,0.2222222222222222,24.177960433336164,1
11,1,0,1,1,0,1,1,0,1,0,0,0,1,0,0,1,0,1,0,0,0,1,1,0,0,1,0,1,0,1,1,0,0,0,1,0,0.1388888888888889,11.074852366117069,1
12,1,0,1,1,0,1,1,0,1,0,1,0,1,0,0,1,0,1,0,0,0,1,1,0,0,1,0,0,0,1,0,0,1,0,1,1,0.19444444444444445,13.218630105877011,1
13,1,0,1,1,0,1,1,0,1,0,0,0,1,0,0,1,0,1,0,0,0,1,1,0,0,0,0,1,0,1,1,0,0,0,1,1,0.19444444444444445,11.133968996444647,1
14,1,0,1,1,0,1,1,0,1,0,0,0,1,0,0,1,0,1,0,0,0,1,1,0,0,0,0,1,0,1,0,0,1,0,1,1,0.2222222222222222,12.383788115413063,1
15,1,0,1,0,0,1,1,1,1,0,0,0,1,0,0,1,0,1,0,0,0,1,1,0,0,1,0,1,0,1,0,0,1,0,1,1,0.19444444444444445,11.846695077766634,1
16,1,0,1,1,0,1,1,0,0,0,1,0,1,0,0,1,0,1,0,0,0,1,1,0,0,1,0,0,1,1,1,0,1,0,1,1,0.25,13.392336962415069,1
17,1,0,1,1,0,1,1,0,1,0,1,0,1,0,0,1,0,1,0,1,0,1,1,0,0,1,0,1,1,1,1,0,0,0,1,0,0.2222222222222222,17.339445713919986,1
18,1,0,1,1,0,1,1,0,1,0,0,0,1,0,0,1,0,1,0,0,0,1,0,0,0,1,0,1,0,1,1,0,1,0,1,1,0.25,13.392840587529875,1
19,1,0,1,0,0,1,1,0,1,0,0,0,1,0,0,1,0,1,0,0,0,1,0,0,0,0,0,1,0,1,1,0,1,0,1,1,0.19444444444444445,9.581924997223796,1
20,1,0,1,1,0,1,1,0,1,0,0,0,1,0,0,1,0,1,0,0,0,1,1,0,0,1,0,1,0,1,0,0,1,0,1,1,0.2222222222222222,15.626232997083891,1
21,1,0,1,0,0,1,1,0,1,0,0,0,1,0,0,1,0,1,0,0,0,1,1,0,0,1,0,1,1,1,1,0,1,0,1,1,0.3055555555555556,24.230246250635513,1
22,0,0,1,0,0,1,1,0,1,0,0,0,1,0,0,1,0,1,0,0,0,1,0,0,0,1,0,1,1,1,1,0,1,0,1,1,0.25,21.697599119631956,1
23,1,0,1,0,0,1,1,0,0,0,0,0,1,0,0,1,0,1,0,0,0,1,1,0,0,0,0,0,0,1,0,0,1,0,1,1,0.16666666666666666,7.6666035709153135,1
24,0,0,1,1,0,1,1,0,1,0,0,0,1,0,0,1,0,1,0,0,0,1,1,0,0,1,0,1,0,1,1,0,1,0,1,1,0.25,16.774896599761263,1
25,1,0,1,1,0,1,1,0,1,0,0,0,1,0,0,1,0,1,0,0,0,1,1,0,0,0,0,1,1,1,0,0,1,0,1,1,0.2222222222222222,13.00501055624847,1
26,0,0,1,1,0,1,1,0,1,0,1,0,1,0,0,1,0,1,0,1,0,1,1,0,0,0,0,1,0,1,1,0,1,0,1,1,0.19444444444444445,16.151418334092234,1
27,1,0,1,1,0,1,1,0,1,0,0,0,1,0,0,1,0,1,0,0,0,1,1,0,0,1,0,0,0,1,0,0,1,0,1,1,0.19444444444444445,12.20041515476568,1
28,1,0,1,1,0,1,1,0,1,0,0,0,1,0,0,1,0,1,0,0,0,1,1,0,0,0,0,1,1,1,1,0,1,0,1,1,0.2222222222222222,12.496548724567544,1
29,0,0,1,1,0,1,1,0,0,0,0,0,1,0,0,1,0,1,0,0,0,1,0,0,0,1,0,0,0,1,1,0,1,0,1,0,0.19444444444444445,6.863343444482522,1
30,1,0,1,1,0,1,1,0,1,0,1,0,0,0,0,1,0,1,0,1,0,1,1,0,0,1,0,1,0,1,0,0,1,0,1,1,0.16666666666666666,22.828356267186688,1
31,1,0,1,1,0,1,1,1,1,0,0,0,1,0,0,1,0,1,0,0,0,1,1,0,0,1,0,1,0,0,1,0,1,0,1,1,0.19444444444444445,9.895297387403193,1
32,1,0,1,0,0,1,1,0,1,0,0,0,1,0,0,1,0,1,0,0,0,1,1,0,0,1,0,1,0,1,1,0,1,0,1,0,0.16666666666666666,12.140571414119162,1
33,0,0,1,1,0,1,1,0,1,0,0,0,1,0,0,1,0,1,0,0,0,1,1,0,0,0,0,0,1,1,0,0,1,0,1,0,0.16666666666666666,8.934284943255939,1
34,1,0,1,1,0,1,1,0,0,0,0,0,1,0,0,1,0,1,0,0,0,1,1,0,0,1,0,0,1,1,1,0,1,0,1,1,0.25,13.8746476608345,1
35,0,0,1,1,0,1,1,0,1,0,0,0,1,0,0,1,0,1,0,0,0,1,1,0,0,0,0,1,0,1,1,0,1,0,1,1,0.25,11.210019952467922,1
36,0,0,1,0,0,1,1,0,1,0,0,0,1,0,0,1,0,1,0,0,0,1,1,0,0,1,0,1,1,1,1,0,0,0,1,1,0.2777777777777778,23.33040433384112,1
37,0,0,1,1,0,1,1,0,0,0,1,0,1,0,0,1,0,1,0,1,0,1,1,0,0,1,0,1,0,1,1,0,0,0,1,1,0.25,23.105335560151246,1
38,0,0,1,1,0,1,1,0,1,0,0,0,1,0,0,1,0,1,0,0,0,1,1,0,0,1,0,1,0,1,1,0,1,0,1,1,0.25,16.774896599761263,1
39,1,0,1,1,0,1,1,0,0,0,0,0,1,0,0,1,0,1,0,0,0,1,1,0,0,0,0,1,1,1,1,0,0,0,1,1,0.3055555555555556,11.709864202346093,1
40,0,0,1,1,0,1,1,0,1,0,0,0,1,0,0,1,0,1,0,0,0,1,1,0,0,1,0,1,1,1,1,0,1,0,1,0,0.2222222222222222,12.832782650202805,1
41,1,0,1,0,0,1,1,1,1,0,0,0,1,0,0,1,0,1,0,0,0,1,1,0,0,1,0,1,0,1,1,0,0,0,1,1,0.2777777777777778,11.559262077374981,1
42,0,0,1,1,0,1,1,0,1,0,0,0,1,0,0,1,0,1,0,0,0,1,1,0,0,1,0,1,0,1,0,0,1,0,1,0,0.2222222222222222,11.253684175804471,1
43,1,0,1,0,0,1,1,1,0,0,0,0,1,0,0,1,0,1,0,1,0,1,1,0,0,0,0,0,0,1,0,0,1,0,1,0,0.16666666666666666,7.912783119403447,1
44,1,0,1,1,0,1,1,0,1,0,0,0,1,0,0,1,0,1,0,0,0,1,1,0,0,0,0,1,0,1,1,0,1,0,1,1,0.25,11.214110400935022,1
45,0,0,1,1,0,1,1,0,1,0,1,0,1,0,0,1,0,1,0,0,0,1,1,0,0,0,0,1,0,1,0,0,1,0,1,1,0.19444444444444445,12.397923498967184,1
46,1,0,1,1,0,1,1,0,1,0,1,0,1,0,0,1,0,1,0,1,0,1,1,0,0,1,0,1,0,1,0,0,1,0,1,1,0.25,21.90070615504202,1
47,1,0,1,0,0,1,1,0,0,0,1,0,1,0,0,1,0,1,0,0,0,1,1,0,0,1,0,1,1,1,1,0,1,0,1,1,0.2777777777777778,24.165292786946015,1
48,1,0,1,1,0,1,1,0,1,0,0,0,1,0,0,1,0,1,0,0,0,1,1,0,0,1,0,1,0,1,1,0,0,0,1,1,0.25,14.503197071136583,1
49,1,0,1,1,0,1,1,0,1,0,1,0,1,0,0,1,0,1,0,0,0,1,1,0,0,0,0,1,0,1,1,0,1,0,1,1,0.25,11.731816066125466,1
50,1,0,1,0,0,1,1,0,1,0,0,0,1,0,1,1,0,1,0,1,0,1,1,0,0,0,0,1,0,1,0,0,1,0,1,1,0.2222222222222222,18.71528458075592,1
51,0,1,0,0,1,0,0,1,0,1,1,1,0,1,0,0,1,0,1,0,1,0,0,1,1,0,1,0,1,0,0,1,0,1,0,0,0.2222222222222222,11.976676162438201,1
52,1,0,1,1,0,1,1,0,1,0,0,0,1,0,0,1,0,1,0,0,0,1,1,0,0,1,0,1,1,1,0,0,0,0,1,0,0.2777777777777778,12.77673448283748,1
53,1,0,1,1,0,1,1,0,1,0,0,0,0,0,0,1,0,1,0,0,0,1,1,0,0,0,0,1,0,1,0,0,1,0,1,0,0.1388888888888889,10.470026861611123,1
54,1,0,1,1,0,1,1,0,1,0,0,0,1,0,0,1,0,1,0,0,0,1,1,0,0,1,0,1,0,1,1,0,1,0,1,0,0.3055555555555556,10.817958463843997,1
55,1,0,1,1,0,1,1,0,1,0,0,0,0,0,0,1,0,1,0,0,0,1,0,0,0,0,0,1,0,1,0,0,1,0,1,1,0.2222222222222222,10.921968081987025,1
56,0,0,1,1,0,1,1,0,1,0,1,0,1,0,0,1,0,1,0,1,0,1,1,0,0,1,0,1,0,1,1,0,0,0,1,0,0.2777777777777778,15.176630167273979,1
57,1,0,1,1,0,1,1,0,1,0,1,0,1,0,0,1,0,1,0,0,0,1,1,0,0,0,0,1,0,1,0,0,1,0,1,1,0.2222222222222222,13.402013950180027,1
58,1,0,1,0,0,1,1,1,1,0,0,0,1,0,0,1,0,1,0,1,0,1,1,0,0,0,0,1,0,1,1,0,1,0,1,1,0.25,13.335831680086827,1
59,1,0,1,0,0,1,1,0,1,0,0,0,1,0,0,1,0,1,0,0,0,1,1,0,0,0,0,0,1,1,0,0,1,0,1,0,0.19444444444444445,7.083615001957673,1
60,0,0,1,0,0,1,1,0,1,0,0,0,1,0,0,1,0,0,0,0,0,1,1,0,0,1,0,0,1,1,0,0,1,0,1,0,0.19444444444444445,9.341779412352437,1
61,1,0,1,0,0,1,1,0,1,0,1,0,1,0,0,1,0,1,0,0,0,1,1,0,0,0,0,1,1,1,1,0,1,0,1,1,0.2777777777777778,13.6975435952761,1
62,1,0,1,1,0,1,1,0,1,0,0,0,1,0,0,0,0,1,0,0,0,1,0,0,0,1,0,1,0,1,1,0,1,0,1,1,0.16666666666666666,13.235805382877015,1
63,1,0,1,1,0,1,1,0,0,0,1,0,1,0,0,1,0,1,0,0,0,1,0,0,0,1,0,1,1,1,1,0,1,0,1,0,0.25,10.52883439524695,1
64,0,1,0,0,1,0,0,1,0,1,0,1,0,1,1,0,1,0,1,0,0,0,0,1,1,0,1,0,1,0,0,1,0,1,0,0,0.2222222222222222,10.868317726965744,1
65,1,0,1,0,0,1,1,0,1,0,0,0,1,0,0,1,0,1,0,0,0,1,1,0,0,0,0,1,1,1,1,0,1,0,1,1,0.25,14.679846448468975,1
66,0,0,1,1,0,1,1,0,1,0,1,0,1,0,0,1,0,1,0,0,0,1,1,0,1,0,0,1,0,1,1,0,1,0,1,1,0.19444444444444445,12.510158499398711,1
67,1,0,1,0,0,1,1,0,0,0,0,0,1,0,0,1,0,1,0,0,0,0,1,0,0,1,0,1,1,1,1,0,0,0,1,0,0.25,9.348239603934399,1
68,0,0,1,1,0,1,1,0,1,0,0,0,1,0,0,1,0,1,0,0,0,1,1,0,0,1,0,1,0,1,1,0,0,0,1,1,0.2777777777777778,14.999106622697765,1
69,0,0,1,1,0,1,1,0,1,0,0,0,1,0,0,1,0,1,0,0,0,1,1,0,1,0,0,0,0,0,1,0,1,0,1,1,0.2222222222222222,7.433702036602341,1
70,1,0,0,1,0,1,1,0,1,0,0,0,1,0,0,1,0,1,0,0,0,1,1,0,0,0,0,0,0,1,1,0,1,1,1,1,0.19444444444444445,11.113287801266292,1
71,0,0,1,1,0,1,1,0,1,0,0,0,1,0,0,1,0,1,0,0,0,1,1,0,0,1,0,1,0,1,0,0,1,0,1,1,0.25,16.122142545899344,1
72,1,0,1,0,0,1,1,0,1,0,0,0,1,0,0,1,0,1,0,1,0,1,1,0,0,1,0,1,0,1,1,0,1,0,1,1,0.3055555555555556,31.044799908434833,1
73,0,0,1,0,0,1,1,0,1,0,0,0,1,0,0,1,0,1,0,0,0,1,1,0,0,0,0,0,1,1,0,0,0,0,1,0,0.16666666666666666,7.09017055262826,1
74,1,0,1,1,0,1,1,0,0,0,1,0,1,0,0,1,0,1,0,0,0,1,1,0,1,0,0,1,1,1,0,0,0,0,1,1,0.2222222222222222,13.756470731289204,1
75,1,0,1,1,0,1,1,0,0,0,1,0,1,0,0,1,0,1,0,1,0,1,1,0,0,0,0,1,1,1,0,0,1,0,1,1,0.19444444444444445,18.428334131529787,1
76,1,0,0,0,0,1,1,0,1,0,1,0,1,0,0,1,0,0,0,0,0,1,1,0,0,0,0,1,0,1,0,0,1,0,1,1,0.16666666666666666,12.691979973864093,1
77,0,0,1,1,1,1,1,0,0,0,1,0,1,0,0,1,0,1,0,0,0,1,1,0,0,0,0,0,0,1,1,0,1,0,1,0,0.16666666666666666,10.876388760421438,1
78,1,0,1,0,0,1,1,0,1,0,0,0,1,0,0,1,0,1,0,0,0,1,0,0,1,0,0,1,0,1,1,0,1,1,1,1,0.2222222222222222,17.794111108901365,1
79,0,1,0,1,1,0,0,1,1,1,1,1,0,1,0,0,1,0,1,0,1,0,0,1,1,0,1,0,1,0,0,1,0,1,0,0,0.2777777777777778,15.88491100161971,1
80,0,0,1,1,0,1,1,0,1,0,0,0,1,0,0,1,0,1,0,0,0,1,0,0,0,1,0,1,0,1,0,0,1,0,1,1,0.2777777777777778,13.762116707934378,1
81,1,0,1,1,0,1,1,0,0,0,1,0,1,0,0,1,0,1,0,1,0,1,0,0,0,1,0,1,0,1,1,0,1,0,1,1,0.25,19.8090191411416,1
82,1,0,1,0,0,1,1,1,0,0,0,0,1,0,0,1,0,1,0,0,0,1,1,0,1,0,0,1,0,1,1,0,1,0,1,1,0.25,9.707742759064681,1
83,1,1,0,1,1,0,0,1,0,1,0,1,0,1,0,0,1,0,1,0,1,0,0,1,0,0,1,0,1,0,0,1,0,1,0,0,0.3055555555555556,14.590367515840306,1
84,0,0,1,1,0,1,1,0,0,0,0,0,1,0,1,1,0,1,0,0,0,1,0,0,0,1,0,1,0,1,0,0,1,0,1,1,0.19444444444444445,14.729824059599132,1
85,1,0,1,0,0,1,1,0,1,0,0,0,1,0,0,1,0,1,0,0,0,1,1,0,0,0,0,1,0,1,1,0,1,0,1,1,0.2777777777777778,11.904646547385699,1
86,1,0,1,1,0,1,1,0,1,0,0,0,1,0,0,1,0,1,0,0,0,1,0,0,0,1,0,1,1,1,1,1,1,0,1,1,0.3055555555555556,20.515699138124123,1
87,0,0,0,0,0,1,1,0,0,0,0,0,1,0,0,1,0,1,0,0,0,1,0,0,0,0,0,1,0,1,0,0,0,0,1,0,0.2222222222222222,7.792605244528889,1
88,1,0,1,1,0,1,1,0,0,0,0,0,1,0,0,1,0,1,0,0,0,1,1,0,0,1,0,1,1,0,1,0,1,0,1,0,0.3333333333333333,8.690294805947476,1
89,0,1,0,1,1,0,0,1,1,1,0,1,0,1,1,0,1,0,1,0,0,0,0,1,0,0,1,0,1,0,0,1,0,1,0,0,0.2777777777777778,19.24028263066001,1
90,0,1,0,1,1,0,0,0,1,1,0,1,0,1,1,0,1,0,1,0,0,0,0,1,1,0,1,0,1,0,0,1,0,1,0,0,0.25,14.114737768968686,1
91,0,0,1,1,0,1,1,0,0,0,1,0,1,0,0,1,0,1,0,0,1,0,0,0,0,0,0,1,0,1,0,1,1,0,1,1,0.16666666666666666,8.317999365478848,1
92,1,0,0,1,0,1,1,0,0,0,1,0,1,0,0,1,0,1,0,1,0,1,0,0,1,0,0,0,1,1,1,0,1,0,1,0,0.2777777777777778,9.276625572336691,1
93,0,1,0,0,1,0,0,1,0,1,0,1,0,1,0,0,1,0,1,0,1,0,0,1,1,0,1,0,0,0,0,1,0,1,0,0,0.3055555555555556,10.237944581101711,1
94,1,0,1,1,0,1,1,0,1,0,0,0,1,0,0,1,0,1,0,1,1,1,1,0,0,1,0,1,0,0,1,0,1,0,1,1,0.3055555555555556,19.67644527036744,1
95,1,0,1,1,0,1,1,0,1,0,0,0,1,0,0,1,0,1,0,1,0,1,1,0,0,0,0,1,0,0,0,0,1,0,1,1,0.2777777777777778,13.447040958562146,1
96,0,1,0,1,1,0,1,1,0,1,1,1,0,1,0,0,1,0,1,0,1,0,0,1,1,0,1,0,0,0,0,1,0,1,0,0,0.3888888888888889,16.531357687790802,1
97,0,1,0,0,0,0,0,1,0,1,1,1,0,1,0,0,1,0,1,0,1,0,0,1,0,0,0,0,0,0,0,1,0,1,0,0,0.19444444444444445,12.438978502126695,1
98,1,0,1,0,0,1,1,0,1,0,0,0,1,0,0,1,0,1,0,0,0,1,1,0,1,0,0,1,0,1,0,0,1,0,0,1,0.2777777777777778,11.547947934179128,1
99,0,1,0,1,1,0,0,1,0,1,1,1,0,1,0,0,0,0,1,0,1,0,0,1,0,0,1,0,1,0,0,1,0,1,0,0,0.25,12.43178381003617,1
