,0,1,2,3,4,5,6,7,8,9,10,11,12,13,14,15,16,17,18,19,20,21,22,23,24,25,26,27,28,29,30,31,32,33,34,35,chain_break_fraction,energy,num_occurrences
0,1,0,0,0,1,0,1,0,0,0,0,1,0,1,0,1,0,0,0,0,1,1,0,1,1,1,0,0,1,0,0,0,0,1,0,0,0.19444444444444445,7.66369368146335,1
1,1,1,0,1,1,0,1,0,0,0,0,1,0,1,0,1,0,0,0,0,0,1,0,1,1,1,0,0,1,0,0,0,0,1,0,0,0.25,15.105503019511106,1
2,1,1,0,0,1,0,1,0,1,0,0,1,0,1,0,1,0,0,0,0,1,1,0,1,1,1,0,0,1,0,0,0,0,1,0,0,0.2222222222222222,10.372100930493426,1
3,1,0,0,1,1,0,0,0,0,0,0,1,0,1,0,1,0,0,1,0,0,1,0,1,1,1,0,0,1,0,0,0,0,1,0,0,0.2777777777777778,10.984552605849776,1
4,0,0,0,0,1,0,1,0,0,0,0,1,0,1,0,1,0,0,0,0,0,1,0,1,1,1,0,0,1,0,0,0,0,1,0,0,0.19444444444444445,6.9817717999624,1
5,1,1,0,0,1,0,1,0,0,0,0,1,0,1,0,1,0,0,0,0,0,1,0,1,1,1,0,0,1,0,0,0,0,1,0,0,0.2222222222222222,9.78638473455373,1
6,1,1,0,0,1,0,0,0,0,0,0,1,0,1,0,1,1,0,0,0,1,1,0,1,1,1,0,0,0,0,0,0,0,1,1,0,0.19444444444444445,8.762592282993989,1
7,1,1,0,1,1,0,0,0,0,0,0,1,0,1,0,1,0,0,0,0,0,1,0,1,1,1,0,0,1,0,0,0,0,1,1,0,0.2777777777777778,11.16868175797417,1
8,0,1,0,1,1,0,1,0,0,0,0,1,0,1,0,1,0,0,1,0,1,1,0,1,1,1,0,0,1,0,0,0,0,1,0,0,0.2222222222222222,13.073308599180079,1
9,1,0,0,0,1,0,0,0,0,0,0,1,0,1,0,1,0,0,1,0,0,1,0,1,1,1,0,0,1,0,0,0,0,1,0,0,0.25,10.78592614705646,1
10,1,1,0,1,1,0,0,0,0,0,0,1,0,1,0,1,0,0,1,0,1,1,0,1,1,1,0,0,0,0,0,0,0,1,0,0,0.3333333333333333,16.758419485062117,1
11,1,0,0,0,1,0,0,1,0,0,0,1,0,1,0,1,0,0,0,0,0,1,0,1,1,1,0,0,0,1,1,0,0,1,0,0,0.25,8.553846205425756,1
12,1,1,0,0,1,0,1,1,0,0,0,1,0,1,0,1,1,0,0,0,1,1,0,1,1,1,0,0,1,0,0,0,0,1,0,0,0.25,13.509179729698106,1
13,1,0,0,1,1,0,0,0,0,0,0,1,0,1,0,1,0,0,1,0,0,1,0,1,1,1,0,0,1,0,1,0,0,1,0,0,0.2222222222222222,11.789280982127122,1
14,1,1,0,0,1,0,1,0,1,0,0,1,0,1,0,1,0,0,1,0,0,1,0,1,1,1,0,0,1,0,0,0,0,1,0,0,0.2777777777777778,11.780204428837378,1
15,1,1,0,0,1,0,0,0,0,0,0,1,0,1,0,1,0,0,0,0,1,1,0,0,1,1,0,0,0,0,0,0,0,1,0,0,0.25,11.048767567864623,1
16,1,1,0,0,1,0,1,1,0,0,0,1,0,1,0,1,0,0,1,0,0,1,0,1,1,1,0,0,1,0,0,0,0,1,0,0,0.3055555555555556,13.906741365228166,1
17,1,0,0,1,1,0,1,0,0,0,0,1,0,1,0,1,0,0,1,0,0,1,0,1,1,1,0,0,1,0,0,0,0,1,0,0,0.3055555555555556,10.274187217145643,1
18,1,0,0,1,1,0,0,0,0,0,0,1,0,1,0,1,0,0,1,0,0,1,0,1,1,1,0,0,1,0,0,0,0,1,0,0,0.3333333333333333,10.984552605849776,1
19,1,0,0,0,1,0,0,0,0,0,0,1,0,1,0,1,0,1,0,0,1,1,0,0,1,0,0,0,0,0,0,0,0,1,0,0,0.16666666666666666,8.599003935598734,1
20,1,1,0,0,1,0,1,0,1,0,0,1,0,1,0,1,0,0,1,0,0,1,0,1,1,1,0,0,1,0,0,0,0,1,0,0,0.3055555555555556,11.780204428837378,1
21,1,1,0,0,1,0,0,0,0,0,0,1,0,1,0,1,1,0,1,0,0,1,0,1,1,1,0,0,1,0,0,0,0,1,0,0,0.2222222222222222,11.447802851041706,1
22,1,0,0,0,1,0,1,1,0,0,0,1,0,1,0,1,0,0,1,0,0,1,0,1,1,1,1,0,1,0,0,0,0,1,0,0,0.25,8.64995723703289,1
23,1,0,0,0,1,0,0,0,0,0,0,1,0,1,0,1,0,0,1,0,0,1,0,1,0,1,0,0,1,0,0,0,0,1,0,0,0.25,8.229034396711342,1
24,1,1,0,0,1,0,0,0,0,0,1,1,0,1,0,1,0,0,1,0,0,1,0,1,1,0,0,0,1,0,0,0,0,1,0,0,0.2222222222222222,9.540218460261634,1
25,0,0,1,0,0,1,1,1,1,1,0,0,1,0,1,0,1,0,0,1,0,0,1,0,0,0,1,1,0,1,1,1,0,0,1,1,0.2777777777777778,17.025739088188146,1
26,1,0,0,0,1,0,0,0,1,0,0,1,0,1,0,1,0,0,1,0,0,1,0,1,1,1,0,0,0,0,0,0,1,1,0,0,0.19444444444444445,12.821866897113786,1
27,1,1,0,1,1,0,1,0,0,0,0,1,0,1,0,1,1,0,1,0,1,1,0,1,1,1,0,0,1,0,0,0,0,1,1,0,0.3055555555555556,12.57085419873549,1
28,1,0,0,0,1,0,0,0,0,0,0,1,0,1,0,1,0,0,1,0,0,1,0,1,1,1,0,0,0,0,0,0,0,1,0,0,0.3333333333333333,10.319799696790952,1
29,1,0,0,0,1,0,0,1,0,0,0,1,0,1,0,1,0,0,1,0,0,1,0,1,1,1,0,0,1,0,1,0,0,1,0,0,0.19444444444444445,10.170297315970428,1
30,1,1,0,0,1,0,1,0,0,0,0,1,0,1,1,1,0,0,1,0,0,1,0,1,1,1,0,0,1,0,0,0,0,1,1,0,0.25,10.445580555091821,1
31,1,0,0,0,1,0,0,1,0,0,0,1,0,1,0,1,0,0,1,0,1,1,0,1,1,1,0,0,1,0,0,0,1,1,0,0,0.3055555555555556,14.0684823082147,1
32,1,1,0,0,1,0,1,0,0,0,0,1,0,1,0,1,0,0,0,0,0,1,0,1,1,1,0,0,1,0,0,0,1,1,0,0,0.2777777777777778,11.267504407383706,1
33,1,1,0,1,1,0,0,0,0,0,0,1,0,1,0,1,1,0,1,0,0,1,0,1,1,1,0,0,1,0,0,0,1,1,0,0,0.3055555555555556,17.249445755307526,1
34,1,1,0,0,1,0,1,0,0,1,0,1,0,1,0,1,0,0,1,0,0,1,0,1,1,1,0,0,1,0,1,0,0,1,0,0,0.19444444444444445,13.594092935834984,1
35,1,1,0,1,1,0,0,0,0,0,0,1,0,1,0,1,1,0,1,0,0,1,0,1,1,1,0,0,1,0,0,0,0,1,0,0,0.2777777777777778,15.765124336898696,1
36,1,1,0,0,1,0,1,1,0,0,0,1,0,1,0,1,0,0,1,0,1,1,0,1,1,1,0,0,1,0,0,0,0,1,0,0,0.25,13.54857737148176,1
37,1,1,0,1,1,0,1,0,0,0,1,1,0,1,0,1,1,0,1,0,0,1,0,1,1,1,0,0,0,0,1,0,0,1,1,0,0.2222222222222222,14.852322681203841,1
38,1,0,0,0,1,0,0,0,0,0,0,1,0,1,0,1,0,0,0,1,0,1,0,1,1,1,0,0,1,0,0,0,0,1,1,0,0.2777777777777778,16.85373940250196,1
39,1,1,0,1,1,0,0,0,0,0,0,1,0,1,0,1,0,0,1,0,0,1,0,1,1,1,0,0,0,0,0,0,0,1,0,0,0.3888888888888889,17.11922695349374,1
40,0,0,1,0,0,1,1,1,1,1,1,0,1,0,1,0,1,0,0,1,0,0,1,0,0,0,1,1,1,1,1,1,1,0,1,1,0.2222222222222222,19.28937284773799,1
41,0,1,1,0,0,1,1,1,1,0,1,0,1,0,1,0,1,1,0,1,1,0,1,0,0,0,1,1,0,1,0,1,0,0,1,1,0.25,9.783844873167904,1
42,1,1,0,0,1,0,0,1,0,0,1,1,0,1,0,1,0,0,0,0,0,1,0,1,1,1,0,0,1,0,1,0,0,1,0,0,0.2777777777777778,11.154275191261378,1
43,0,0,1,0,0,1,0,1,1,1,1,0,1,0,1,0,1,1,0,1,1,0,1,0,0,0,1,1,0,1,1,1,1,0,1,1,0.2777777777777778,19.685622221324888,1
44,1,1,0,0,1,0,0,0,0,0,0,1,0,1,0,1,1,0,1,0,0,1,0,1,1,0,0,0,1,0,0,0,0,1,0,0,0.25,9.334320399377695,1
45,0,1,1,0,0,1,1,1,1,0,1,0,1,0,1,0,1,0,0,1,1,0,1,0,0,0,1,1,1,1,1,1,0,0,1,1,0.25,12.082275898686392,1
46,0,0,0,0,1,0,0,0,0,0,0,1,0,1,0,1,1,0,0,0,0,1,0,0,1,1,0,0,1,0,1,0,0,1,0,0,0.19444444444444445,4.577033430243612,1
47,1,1,0,1,1,0,0,1,0,0,0,1,0,1,0,1,0,0,0,0,0,1,0,1,1,1,0,0,1,0,0,0,0,1,1,0,0.2222222222222222,13.711243792736905,1
48,1,1,0,0,1,0,1,0,0,0,0,1,0,1,0,1,0,0,0,0,0,1,0,1,1,1,0,0,1,1,0,0,0,1,0,0,0.2777777777777778,9.586888973859507,1
49,1,0,0,0,1,0,1,0,0,0,0,1,0,1,0,1,0,0,0,0,1,1,0,1,0,1,0,0,1,0,0,0,1,1,0,0,0.2777777777777778,8.149854399596492,1
50,0,1,1,0,0,0,0,1,1,0,1,0,1,0,1,0,1,0,0,1,0,0,1,0,0,0,1,1,1,1,1,1,0,0,1,1,0.25,13.506745549047475,1
51,0,1,1,0,0,1,0,1,1,0,1,0,1,0,1,0,0,0,0,1,0,0,1,0,0,0,1,1,0,1,1,1,0,0,0,1,0.2777777777777778,7.656596715818491,1
52,1,0,0,1,1,0,1,1,0,0,0,1,0,1,0,1,0,0,1,0,0,1,0,1,1,1,0,0,0,1,0,0,0,1,1,0,0.2777777777777778,10.340750934355095,1
53,1,1,0,1,0,0,0,0,0,1,0,1,0,1,0,1,0,0,0,0,1,1,0,1,1,1,0,0,1,0,0,0,0,1,0,0,0.2222222222222222,15.864089904225237,1
54,0,1,0,0,1,0,1,0,0,0,0,1,0,1,0,1,0,0,0,0,1,1,0,1,0,1,0,0,0,0,0,0,0,1,0,0,0.3055555555555556,8.901945916706552,1
55,1,1,0,1,1,0,0,0,0,0,0,1,0,1,0,1,0,0,0,0,1,1,0,1,1,1,0,0,1,0,0,0,0,1,0,0,0.2777777777777778,13.851120829566645,1
56,0,0,1,0,0,1,1,1,1,1,1,0,1,0,1,0,1,1,0,1,1,0,1,0,0,0,1,1,1,1,1,1,0,0,1,1,0.3333333333333333,19.368735587174527,1
57,1,0,0,0,1,0,0,0,0,0,0,1,0,1,0,1,1,0,1,0,0,1,0,1,1,1,0,0,1,0,0,0,0,1,0,0,0.2777777777777778,9.285842956374951,1
58,1,1,0,0,1,0,0,0,0,0,0,1,0,1,1,1,0,0,1,0,0,1,0,1,1,1,0,0,1,0,0,0,0,1,0,0,0.2222222222222222,13.444435941185317,1
59,0,0,1,0,0,1,1,1,1,0,1,0,1,0,1,0,1,1,1,1,0,0,0,0,0,0,1,0,1,1,1,1,1,0,1,1,0.2222222222222222,10.188160520995403,1
60,1,1,0,0,1,0,0,0,0,0,1,1,0,1,0,1,0,0,1,0,0,1,0,1,1,1,0,0,1,0,0,0,1,1,0,0,0.3055555555555556,14.126584273043248,1
61,1,1,0,0,1,0,0,0,0,0,1,1,0,1,0,1,0,0,1,0,1,1,0,1,1,0,0,0,1,0,0,0,0,1,0,0,0.25,8.800475864037027,1
62,0,1,1,0,0,1,1,1,1,0,0,0,1,0,1,0,0,1,0,1,0,0,1,0,0,0,1,1,0,1,0,1,0,0,0,1,0.19444444444444445,8.49989534246025,1
63,1,0,0,0,1,0,0,0,1,0,0,1,0,1,0,1,0,0,1,0,1,1,0,1,1,1,0,0,0,0,0,0,0,1,1,0,0.2777777777777778,10.76906168164216,1
64,0,1,1,0,0,1,1,1,1,1,0,0,1,0,1,0,1,1,0,1,0,0,1,0,0,0,1,1,0,1,1,1,0,0,1,1,0.3055555555555556,16.08356985408073,1
65,1,0,0,0,1,0,1,0,0,0,0,1,0,1,0,1,0,0,0,0,1,1,0,1,1,1,0,0,1,0,0,0,1,1,0,0,0.3611111111111111,10.72377790733532,1
66,0,0,1,0,0,1,1,1,1,1,0,0,1,0,1,0,1,1,0,1,1,0,0,0,0,0,1,1,0,1,1,1,1,0,1,1,0.25,19.589227427274295,1
67,1,1,0,1,1,0,0,0,0,0,1,1,0,1,0,1,1,0,1,0,0,1,0,1,1,1,0,0,1,0,0,0,0,1,1,0,0.2777777777777778,13.366107573019208,1
68,1,1,0,1,1,0,0,0,0,0,1,1,0,1,1,1,0,0,1,0,0,1,0,1,1,1,0,0,1,0,0,0,0,1,0,0,0.3611111111111111,19.36440275860477,1
69,0,1,1,0,0,1,1,1,0,0,1,0,1,0,1,0,1,1,0,1,1,0,1,0,0,0,1,1,1,1,0,1,0,0,1,1,0.3333333333333333,10.405685430318421,1
70,1,0,0,0,1,0,0,0,1,0,1,1,0,1,1,1,0,0,1,0,0,1,0,1,1,1,0,0,1,0,1,0,0,1,0,0,0.3055555555555556,9.41631899218385,1
71,1,1,0,0,1,0,0,0,0,0,1,1,0,1,1,1,0,0,1,0,1,1,0,1,1,1,0,0,0,0,1,0,0,1,0,0,0.3333333333333333,14.821016891864698,1
72,0,0,1,0,0,1,1,1,1,0,0,0,1,0,1,0,1,1,0,1,1,0,1,0,0,0,1,1,1,1,1,1,1,0,1,1,0.3055555555555556,24.305573661892193,1
73,1,1,0,0,1,0,1,0,0,0,1,1,0,1,0,1,0,0,1,0,1,1,0,1,0,0,0,0,1,0,0,0,0,1,0,0,0.2222222222222222,10.048077085648785,1
74,1,1,0,1,1,0,1,0,0,0,1,1,0,1,0,1,1,0,1,0,1,1,0,1,1,1,0,0,1,0,0,0,0,1,0,0,0.2222222222222222,16.58556420604907,1
75,0,1,0,0,0,1,0,1,1,0,1,0,1,0,1,0,1,1,0,1,0,0,1,0,0,0,1,1,0,1,0,1,0,0,1,1,0.2222222222222222,9.471566340183635,1
76,0,0,1,0,0,1,1,1,1,0,1,0,1,0,1,0,1,0,0,1,0,0,1,0,0,0,1,1,0,1,0,1,1,0,0,1,0.2222222222222222,9.787525165625482,1
77,1,1,0,0,1,0,0,1,1,0,1,1,0,1,0,1,0,0,0,0,1,1,0,1,1,1,0,0,1,0,0,0,1,1,0,0,0.2222222222222222,13.59753888645262,1
78,1,0,0,1,1,0,0,0,0,0,0,1,0,1,1,1,1,0,1,0,0,1,0,1,1,1,0,0,1,0,0,0,0,1,0,0,0.19444444444444445,11.925368088967739,1
79,1,1,0,0,1,0,1,0,0,0,1,1,0,1,0,1,1,0,1,0,1,1,0,1,1,1,0,0,1,0,1,0,0,1,1,0,0.2777777777777778,9.24914876100154,1
80,0,1,0,0,1,0,0,1,1,0,1,1,0,1,0,1,0,0,1,0,1,1,0,1,1,0,0,0,1,0,0,0,0,1,0,0,0.2222222222222222,10.363881182584173,1
81,0,0,1,0,0,1,1,1,0,0,1,0,1,0,1,0,1,0,1,1,0,0,1,0,0,0,1,0,0,1,1,1,0,0,1,1,0.25,7.918560057928515,1
82,1,1,0,0,1,0,0,0,0,0,0,1,0,1,0,1,0,0,1,0,0,1,0,1,1,1,0,0,1,0,0,0,0,1,0,0,0.3333333333333333,11.947885928461472,1
83,0,0,0,1,1,0,0,0,0,0,0,1,0,1,0,1,1,0,1,1,0,1,0,1,1,1,0,0,0,0,0,0,0,1,0,0,0.25,17.261474592501386,1
84,0,1,0,1,1,0,0,0,0,0,0,1,0,1,0,1,0,0,0,0,1,1,0,1,0,0,0,0,0,0,0,0,0,1,0,0,0.3611111111111111,13.974096723151426,1
85,1,0,0,0,1,0,1,0,0,0,1,1,0,1,0,1,0,0,1,0,1,1,0,1,0,1,0,0,1,0,0,0,0,1,1,0,0.3333333333333333,6.5167246077654575,1
86,1,1,0,0,1,0,1,0,0,1,0,1,0,1,0,1,0,0,1,0,0,1,0,1,1,1,0,0,1,0,0,0,0,0,0,0,0.25,13.332122130628722,1
87,0,1,1,0,0,1,1,1,1,0,1,0,0,0,1,0,1,1,0,1,0,0,1,0,0,0,1,1,0,1,1,1,0,0,1,1,0.3333333333333333,10.004957978306189,1
88,0,1,1,0,0,1,1,1,1,0,1,0,1,0,1,0,1,1,0,1,1,0,1,0,0,0,1,1,0,1,1,1,0,0,0,1,0.3055555555555556,9.525342637924679,1
89,1,0,0,0,1,0,0,1,0,0,0,1,0,1,0,1,0,0,1,0,0,1,0,1,1,1,0,0,1,0,1,0,0,1,1,0,0.3055555555555556,10.130585104224764,1
90,0,1,0,0,1,0,0,1,0,0,1,1,0,1,0,1,0,0,0,0,0,1,0,1,0,1,0,0,1,0,1,0,0,1,0,0,0.25,8.7324689278348,1
91,0,0,1,0,0,1,1,1,1,1,0,0,1,0,1,0,1,1,1,1,1,0,1,0,0,0,1,1,0,1,1,1,1,0,0,1,0.3611111111111111,20.87494150743001,1
92,1,1,0,1,1,0,0,0,0,0,0,1,0,1,0,1,0,0,1,0,0,1,0,1,1,1,0,0,1,0,1,0,1,1,0,0,0.3055555555555556,17.5831913036085,1
93,0,1,1,0,0,0,1,1,1,0,1,0,1,0,1,0,0,1,0,1,0,0,1,0,0,0,1,0,1,1,1,1,1,0,1,1,0.25,5.748734317393624,1
94,1,1,0,0,1,0,0,0,0,0,0,1,0,1,1,1,1,0,1,0,1,1,0,1,0,1,0,0,1,0,0,0,0,1,1,0,0.3333333333333333,9.71262338761751,1
95,1,1,0,0,1,0,0,0,0,0,0,1,0,1,0,1,0,0,1,0,0,0,0,1,1,1,0,0,0,0,1,0,0,1,1,0,0.2777777777777778,9.24057498700375,1
96,0,1,1,0,0,1,1,1,1,0,1,0,1,0,1,0,0,1,0,1,0,0,1,0,0,0,1,1,0,1,1,1,0,0,1,1,0.3055555555555556,8.680775532604429,1
97,1,0,0,0,1,0,0,0,0,1,0,1,0,1,0,1,0,0,0,0,0,1,0,1,1,1,0,0,1,0,0,0,0,1,1,0,0.3055555555555556,7.875099580848554,1
98,1,0,0,0,1,0,1,0,0,0,1,1,0,1,0,1,0,0,1,0,0,1,0,1,0,0,0,0,1,0,1,0,0,1,0,0,0.3333333333333333,4.459858702848994,1
99,0,1,1,0,1,1,1,1,1,0,0,0,1,0,0,0,0,1,0,1,1,0,1,0,0,0,1,0,1,1,1,1,0,0,0,1,0.19444444444444445,10.79676869579191,1
