,0,1,2,3,4,5,6,7,8,9,10,11,12,13,14,15,16,17,18,19,20,21,22,23,24,25,26,27,28,29,30,31,32,33,34,35,chain_break_fraction,energy,num_occurrences
0,0,1,0,1,0,0,0,1,0,1,0,0,1,1,1,1,0,1,0,1,0,0,1,0,0,0,1,0,1,0,1,0,1,0,1,0,0.3888888888888889,21.991526366521637,1
1,0,1,0,0,0,0,0,1,0,1,0,0,1,1,1,1,0,1,0,1,0,0,1,0,1,0,1,0,1,0,1,0,1,0,1,0,0.3611111111111111,12.559936865156407,1
2,0,1,0,1,0,0,0,1,0,1,0,0,1,1,1,1,0,1,0,1,0,0,1,0,1,0,1,0,1,0,1,0,0,0,1,0,0.3611111111111111,22.593185438769897,1
3,0,1,0,1,0,0,0,1,0,1,0,0,1,1,1,1,0,1,0,1,0,0,1,0,1,0,1,0,1,0,1,0,0,0,1,0,0.3055555555555556,22.593185438769897,1
4,0,1,0,1,0,0,0,1,0,1,0,0,1,1,1,1,0,1,0,1,0,0,1,0,0,0,1,0,1,0,1,0,1,0,1,0,0.4166666666666667,21.991526366521637,1
5,0,1,0,1,0,0,0,1,0,1,0,0,1,1,1,1,0,1,0,1,0,0,1,0,0,0,1,0,1,0,1,0,1,0,1,0,0.3888888888888889,21.991526366521637,1
6,0,1,0,1,0,0,0,1,0,0,0,0,1,1,1,1,0,1,0,1,0,0,1,0,0,0,1,0,1,0,1,0,1,0,1,0,0.3888888888888889,13.927595765850086,1
7,0,1,0,1,0,0,0,1,0,1,0,1,1,1,1,1,0,1,0,1,0,0,1,0,0,0,1,0,1,0,1,0,0,0,1,0,0.3888888888888889,40.09443485620986,1
8,0,1,0,1,0,0,0,1,0,1,0,0,1,1,1,1,0,1,0,1,0,0,1,0,0,0,1,0,1,0,1,0,1,0,1,0,0.3888888888888889,21.991526366521637,1
9,0,1,0,0,0,0,0,1,0,1,0,0,1,1,1,1,0,1,0,1,0,0,1,0,1,0,1,0,1,0,1,0,0,0,1,0,0.3055555555555556,16.072124698222257,1
10,0,1,0,1,0,0,0,1,0,1,0,0,1,1,1,1,0,1,0,1,0,0,1,0,1,0,1,0,1,1,1,0,0,0,1,0,0.2777777777777778,15.556331340973975,1
11,0,1,0,1,0,0,0,1,0,1,0,0,1,1,1,1,0,1,0,1,0,0,1,0,0,0,1,0,1,1,1,0,1,0,1,0,0.3333333333333333,15.920167318405346,1
12,0,1,0,1,0,0,0,1,0,1,0,1,1,1,1,1,0,1,0,1,0,0,1,0,1,0,1,0,1,1,1,0,1,0,1,0,0.3611111111111111,22.09522750605348,1
13,0,1,0,1,0,0,0,1,0,1,0,0,1,1,1,1,0,1,0,1,0,0,1,0,1,0,1,0,1,1,1,0,1,0,1,0,0.3333333333333333,13.03790429207602,1
14,0,1,0,1,0,0,0,1,0,1,0,0,1,1,1,1,0,1,0,1,0,0,1,0,0,0,1,0,1,0,1,0,1,0,1,0,0.3611111111111111,21.991526366521637,1
15,0,1,0,1,0,0,0,1,0,1,0,0,1,1,1,1,0,1,0,1,0,0,1,0,1,0,1,0,1,1,1,0,1,0,1,0,0.3055555555555556,13.03790429207602,1
16,0,1,0,0,0,0,0,1,0,1,0,0,1,1,1,1,0,1,0,1,0,0,1,0,1,0,1,0,1,1,1,0,1,0,1,0,0.3055555555555556,9.535561199024702,1
17,0,1,0,1,0,0,0,1,0,1,0,1,1,1,1,1,0,1,0,1,0,0,1,0,0,0,1,0,1,0,1,0,1,0,1,0,0.3333333333333333,34.05545696719318,1
18,0,1,0,1,0,0,0,1,0,1,0,0,1,1,1,1,0,1,0,1,0,0,1,0,0,0,1,0,1,1,1,0,0,0,1,0,0.3055555555555556,18.95584684246349,1
19,0,1,0,1,0,0,0,1,0,1,0,0,1,1,1,1,0,1,0,1,0,0,1,0,1,0,1,0,1,1,1,0,0,0,1,0,0.3055555555555556,15.556331340973975,1
20,0,1,0,1,0,0,0,1,0,1,0,0,1,1,1,1,0,1,0,1,0,0,1,0,0,0,1,0,1,1,1,0,1,0,1,0,0.3888888888888889,15.920167318405346,1
21,0,1,0,1,0,0,0,1,0,1,0,0,1,1,1,1,0,1,0,1,0,0,1,0,0,1,1,0,1,1,1,0,1,0,1,0,0.3333333333333333,12.155641265746716,1
22,0,1,0,1,0,0,0,1,0,0,0,0,1,1,1,1,0,1,0,1,0,0,1,0,0,0,1,0,1,1,1,0,0,0,1,0,0.3333333333333333,11.895214606750475,1
23,0,1,0,1,0,0,0,1,0,1,0,1,1,1,1,1,0,1,0,1,0,0,1,0,0,0,1,0,1,1,1,0,1,0,1,0,0.3611111111111111,25.977501189159828,1
24,0,1,0,1,0,0,0,1,0,1,0,0,1,1,1,1,0,1,0,1,0,0,1,0,1,0,1,0,1,1,1,0,1,0,1,0,0.3333333333333333,13.03790429207602,1
25,0,1,0,0,0,0,0,1,0,1,0,0,1,1,1,1,0,1,0,1,0,0,1,0,1,0,1,0,1,1,1,0,0,0,1,0,0.3333333333333333,11.047749032090556,1
26,0,1,0,1,0,0,0,1,0,1,0,1,0,1,1,1,0,1,0,1,0,0,1,0,0,0,1,0,1,1,1,0,1,0,1,0,0.3333333333333333,21.476490894556086,1
27,0,1,0,1,0,0,0,1,0,1,0,0,1,1,1,1,0,1,0,1,0,0,1,0,0,0,1,0,1,1,1,0,1,0,1,0,0.3888888888888889,15.920167318405346,1
28,0,1,0,1,0,0,0,1,0,1,0,0,1,1,1,1,0,1,0,1,0,0,1,0,1,0,1,0,1,1,1,0,1,0,1,0,0.3611111111111111,13.03790429207602,1
29,0,1,0,0,0,0,0,1,0,1,0,0,1,1,1,1,0,1,0,1,0,0,1,0,0,0,1,0,1,1,1,0,0,0,1,0,0.3888888888888889,12.639196154025123,1
30,0,1,0,0,0,0,0,1,0,1,0,1,1,1,1,1,0,1,0,1,0,0,1,0,1,0,1,0,1,1,1,0,1,0,1,0,0.3611111111111111,16.59287826004813,1
31,0,1,0,1,0,0,0,1,0,1,0,1,1,1,1,1,0,1,0,1,0,0,1,0,0,0,1,0,1,1,1,0,1,0,1,0,0.3333333333333333,25.977501189159828,1
32,0,1,0,1,0,0,0,1,0,0,0,0,1,1,1,1,0,1,0,1,0,0,1,0,1,0,1,0,0,1,1,0,1,0,1,0,0.3888888888888889,9.495709762037984,2
33,0,1,0,1,0,0,0,1,0,1,0,0,1,1,1,1,0,1,0,1,0,0,1,0,1,0,1,0,1,1,1,0,0,0,1,0,0.3333333333333333,15.556331340973975,1
34,0,1,0,1,0,0,0,1,0,0,0,0,1,1,1,1,0,1,0,1,0,0,1,0,0,0,1,0,1,1,1,0,1,0,1,0,0.3333333333333333,9.862833447650862,1
35,0,1,0,0,0,0,0,1,0,1,0,0,1,1,1,1,0,1,0,1,0,0,1,0,0,0,1,0,1,1,1,0,1,0,1,0,0.3611111111111111,10.609755845799082,1
36,0,1,0,1,0,0,0,1,0,1,0,1,1,1,1,1,0,1,0,1,0,0,1,0,1,1,1,0,1,1,1,0,1,0,1,0,0.3055555555555556,18.33068013984082,1
37,0,1,0,1,0,0,0,1,0,1,0,1,1,1,1,1,0,1,0,1,0,0,1,0,0,0,1,0,1,0,1,0,1,0,1,0,0.4166666666666667,34.05545696719318,1
38,0,1,0,0,0,0,0,1,0,1,0,0,1,1,1,1,0,1,0,1,0,0,1,0,0,0,1,0,1,1,1,0,1,0,1,0,0.4166666666666667,10.609755845799082,1
39,0,1,0,1,0,0,0,1,0,0,0,0,1,1,1,1,0,1,0,1,0,0,1,0,0,0,1,0,1,1,1,0,1,0,1,0,0.3333333333333333,9.862833447650862,1
40,0,1,0,0,0,0,0,1,0,1,0,0,1,1,1,1,0,1,0,1,0,0,1,0,0,0,1,0,1,0,1,0,0,0,1,0,0.3333333333333333,18.698076770477194,1
41,0,1,0,1,0,0,0,1,0,1,0,1,1,1,1,1,0,1,0,1,0,0,1,0,1,0,1,0,1,1,1,0,1,0,1,0,0.25,22.09522750605348,1
42,0,1,0,0,0,0,0,1,0,1,0,0,1,1,1,1,0,1,0,1,0,0,1,0,0,0,1,0,1,0,1,0,1,0,1,0,0.3333333333333333,14.66863646225116,1
43,0,1,0,1,0,0,0,1,0,1,0,0,1,1,1,1,0,1,0,1,0,0,1,0,0,0,1,0,1,1,1,0,1,0,1,0,0.4444444444444444,15.920167318405346,1
44,0,1,0,1,1,0,0,1,0,1,0,0,1,1,1,0,0,1,0,1,0,0,1,0,0,0,1,0,1,1,1,0,0,0,1,0,0.3888888888888889,14.686621527860208,1
45,0,1,0,0,0,0,0,1,0,1,0,0,1,1,1,1,0,1,0,1,0,0,1,0,0,0,1,0,1,0,1,0,1,0,1,0,0.4444444444444444,14.66863646225116,1
46,0,1,0,1,0,0,0,1,0,1,0,0,1,1,1,1,0,1,0,1,0,0,1,0,0,1,1,0,1,1,1,0,1,0,1,0,0.3888888888888889,12.155641265746716,1
47,0,1,0,1,0,0,0,1,0,1,0,0,1,1,1,1,0,1,0,1,0,0,1,0,0,0,1,0,1,1,1,0,0,0,1,0,0.3888888888888889,18.95584684246349,1
48,0,1,0,1,1,0,0,1,0,1,0,0,1,1,1,1,0,1,0,1,0,0,1,0,0,0,1,0,1,1,1,0,1,0,1,0,0.4166666666666667,18.601217217207612,1
49,0,1,0,1,0,0,0,1,0,0,0,0,1,1,1,1,0,1,0,1,0,0,1,0,0,0,1,1,1,1,1,0,1,0,1,0,0.3055555555555556,9.514011239299945,1
50,0,1,0,1,0,0,0,1,0,1,0,1,1,1,1,1,0,1,0,1,0,0,1,0,0,0,1,0,1,1,1,0,1,0,1,0,0.3611111111111111,25.977501189159828,1
51,1,0,1,1,1,0,1,0,1,0,1,0,0,0,0,0,1,1,1,0,1,1,0,1,0,1,0,0,0,0,0,1,1,1,0,1,0.25,11.455379264433674,1
52,0,1,0,0,0,0,0,1,0,1,0,0,1,1,1,1,0,1,0,1,0,0,1,0,1,0,1,0,0,1,1,0,1,0,1,0,0.3333333333333333,11.04774903209056,1
53,1,0,1,1,1,0,1,0,1,0,1,0,0,0,0,0,1,1,1,0,1,1,0,1,0,1,0,0,0,0,0,1,1,1,0,1,0.25,11.455379264433674,1
54,0,1,0,0,0,0,0,1,0,1,0,0,1,1,1,1,0,1,0,1,0,0,1,0,1,0,1,0,1,1,1,0,0,0,1,0,0.3888888888888889,11.047749032090556,1
55,0,1,0,1,0,0,0,1,0,1,0,1,1,1,1,1,0,1,0,1,0,0,1,0,0,0,1,0,1,1,1,0,1,0,1,0,0.4444444444444444,25.977501189159828,1
56,0,1,0,1,0,0,0,1,1,1,0,0,1,1,1,0,0,1,0,1,0,0,1,0,0,1,1,0,1,0,1,0,0,0,1,0,0.3888888888888889,16.257381329918115,1
57,1,0,1,1,1,1,1,0,0,0,1,0,0,0,0,0,1,1,1,0,1,1,0,1,0,1,0,0,0,1,0,1,0,1,0,1,0.2777777777777778,14.0169439367762,1
58,1,0,1,1,1,1,1,0,1,0,1,0,0,0,0,0,1,1,1,0,1,1,0,1,0,1,0,1,1,0,0,1,0,1,0,1,0.3333333333333333,16.308457391829002,1
59,1,0,1,1,1,1,1,0,0,0,1,0,0,0,0,0,1,1,1,0,1,1,0,1,0,1,0,0,0,1,0,1,1,1,0,1,0.3055555555555556,16.4494865618031,1
60,1,0,1,0,1,1,1,0,1,0,1,0,0,0,0,0,1,1,1,0,1,1,0,1,0,1,0,1,0,0,0,1,0,1,0,1,0.3333333333333333,21.299251238424922,1
61,1,0,1,0,1,1,1,0,1,0,1,0,0,0,0,0,1,1,1,0,1,1,0,1,0,1,0,1,0,0,0,1,0,1,0,1,0.3333333333333333,21.299251238424922,1
62,0,1,0,0,1,0,0,1,1,1,0,0,1,1,1,1,0,1,0,1,0,0,1,0,0,0,1,0,1,0,1,0,1,0,1,0,0.3888888888888889,22.556477359887722,1
63,0,1,0,1,0,0,0,1,0,0,0,1,1,1,1,1,0,1,0,1,0,0,1,0,0,0,1,0,1,1,1,0,1,0,1,0,0.4166666666666667,15.920167318405346,1
64,1,0,1,0,1,1,1,0,1,0,1,0,0,0,0,0,1,1,1,0,1,1,0,1,1,1,0,1,0,0,0,1,1,1,0,1,0.3888888888888889,28.50631433381642,1
65,1,0,1,1,1,1,1,0,1,0,1,0,0,0,0,0,1,1,1,0,1,1,0,1,0,1,0,0,0,0,0,1,1,1,0,1,0.3055555555555556,10.694205972831607,1
66,1,0,1,1,1,1,1,0,1,0,1,0,0,0,0,0,1,1,1,0,1,1,0,1,0,1,0,0,1,0,0,1,1,1,0,1,0.3333333333333333,11.625099415379239,1
67,1,0,1,1,1,1,1,0,1,0,1,1,0,0,0,0,1,1,1,0,1,1,0,1,0,1,0,1,0,1,0,1,1,1,0,1,0.3333333333333333,20.38379734563732,1
68,1,0,1,1,1,1,1,0,1,0,1,0,0,0,0,0,1,1,1,0,1,1,0,1,0,1,0,1,0,0,0,1,1,1,0,1,0.3333333333333333,16.308457391829002,1
69,1,0,1,1,1,1,1,0,0,0,1,0,0,0,0,0,1,1,1,0,1,1,0,1,0,1,0,1,0,0,0,1,1,1,0,1,0.3611111111111111,18.198652730903646,1
70,0,1,0,1,0,0,0,1,0,0,0,1,1,1,1,1,0,1,0,1,0,0,1,0,0,0,1,0,1,1,1,0,0,0,1,0,0.3888888888888889,18.95584684246349,1
71,1,0,1,0,1,1,1,0,0,0,1,1,0,0,0,0,1,1,1,0,1,1,0,1,0,1,0,0,0,1,0,1,1,1,0,1,0.3055555555555556,20.329729317042066,1
72,1,0,1,1,1,1,1,0,1,0,1,0,0,0,0,0,1,1,1,0,1,1,0,1,0,1,0,1,0,1,0,1,1,1,0,1,0.4166666666666667,22.170784753703643,1
73,1,0,1,0,1,1,1,0,0,0,1,0,0,0,0,0,1,1,1,0,1,1,0,1,0,1,0,0,0,0,0,1,0,1,0,1,0.3055555555555556,15.800377355171495,1
74,0,1,0,1,0,0,0,1,0,1,0,1,1,1,1,1,0,1,0,0,0,0,1,0,0,0,1,0,1,0,1,0,1,0,1,0,0.3611111111111111,43.63934900491008,1
75,0,1,0,0,0,0,0,1,0,1,0,0,1,1,1,1,0,1,0,1,0,1,1,0,1,0,1,0,1,1,1,0,1,0,1,0,0.4166666666666667,10.013358920564976,1
76,1,0,1,1,1,1,1,0,1,0,1,0,0,0,0,0,1,1,1,0,1,1,0,1,1,1,0,1,0,0,0,1,0,1,0,1,0.3888888888888889,18.3216330547986,1
77,1,0,1,1,1,1,1,0,0,0,1,0,0,0,0,0,1,1,1,0,1,1,0,1,1,1,0,0,0,0,0,1,1,1,0,1,0.3611111111111111,14.401220770669545,1
78,1,0,1,1,1,1,1,0,1,0,1,0,0,0,0,0,1,1,1,0,1,1,0,1,1,1,0,1,0,0,0,1,0,1,0,1,0.3055555555555556,18.3216330547986,1
79,1,0,1,1,1,1,1,0,0,0,1,1,0,0,0,0,1,1,1,0,1,1,0,1,0,1,0,1,0,1,0,1,1,1,0,1,0.3333333333333333,21.277291049670477,1
80,1,0,1,1,1,1,1,0,0,0,1,0,0,0,0,0,1,1,1,0,1,1,0,1,0,1,0,1,0,0,0,1,0,1,0,1,0.3055555555555556,16.76583986748706,1
81,1,0,1,1,1,1,1,0,1,0,1,1,0,0,0,0,1,1,1,0,1,1,0,1,1,1,0,0,0,0,0,1,1,1,0,1,0.3611111111111111,14.230618768751008,1
82,1,0,1,0,1,1,1,0,1,0,1,0,0,0,0,0,1,1,1,0,1,1,0,1,0,1,0,1,1,0,0,1,0,1,0,1,0.3888888888888889,23.23665413519435,1
83,1,0,1,0,1,1,1,0,1,0,1,1,0,0,0,0,1,1,1,0,1,1,0,1,0,1,0,1,0,0,0,1,0,1,0,1,0.3888888888888889,20.522152772280137,1
84,1,0,1,1,1,1,1,0,1,0,1,0,0,0,0,0,1,1,1,0,1,1,0,1,0,1,0,0,0,0,0,1,1,1,0,1,0.3611111111111111,10.694205972831607,1
85,1,0,1,0,1,1,1,0,1,0,1,0,0,0,0,0,1,1,1,0,1,1,0,1,1,1,0,1,0,1,0,1,0,1,0,1,0.3611111111111111,32.960969705746024,1
86,1,0,1,0,1,1,1,0,0,0,1,0,0,0,0,0,1,1,1,0,1,1,0,1,0,1,0,0,0,1,0,1,1,1,0,1,0.3611111111111111,24.11672287774853,1
87,1,0,1,1,1,1,1,0,1,0,1,0,0,0,0,0,1,1,1,0,1,1,0,1,0,1,1,1,1,0,0,1,1,1,0,1,0.3333333333333333,22.546881901459862,1
88,1,0,1,1,1,1,1,0,0,0,1,1,0,0,0,0,1,1,1,0,1,1,0,1,0,1,0,1,0,0,0,1,1,1,0,1,0.3888888888888889,16.418262052754375,1
89,1,0,1,1,1,1,1,0,1,0,1,1,0,0,0,0,1,1,1,0,1,1,0,1,1,1,0,1,0,0,0,1,0,1,0,1,0.3888888888888889,18.544530084830868,1
90,1,0,1,1,1,1,1,0,1,0,1,0,0,0,0,0,1,1,1,0,1,1,0,1,0,1,0,1,0,0,0,1,1,1,0,1,0.3888888888888889,16.308457391829002,1
91,1,0,1,0,1,1,1,0,1,0,1,0,0,0,0,0,1,1,1,0,1,1,0,1,0,1,0,1,0,0,0,1,1,1,0,1,0.3333333333333333,23.236654135194357,1
92,1,0,1,1,1,1,1,0,0,0,1,1,0,0,0,0,1,1,1,0,1,1,0,1,1,1,0,0,0,0,0,1,1,1,0,1,0.3888888888888889,13.620819436057172,1
93,1,0,1,1,1,1,1,0,0,0,1,0,0,0,0,0,1,1,1,0,1,1,0,1,1,1,0,1,0,0,0,1,1,1,0,1,0.3888888888888889,22.160249878359274,1
94,1,0,1,1,1,0,1,0,0,0,1,1,0,0,0,0,1,1,1,0,1,1,0,1,0,1,0,0,0,0,0,1,1,1,0,1,0.25,11.519322959443905,1
95,1,0,1,0,1,1,1,0,0,0,1,1,1,0,0,0,1,1,1,0,1,1,0,1,1,1,0,1,0,0,0,1,0,1,0,1,0.4166666666666667,22.663392414813273,1
96,1,0,1,1,1,1,1,0,0,0,1,1,0,0,0,0,1,1,1,0,1,1,0,1,1,1,0,1,0,0,0,1,1,1,0,1,0.4166666666666667,19.37984854343297,1
97,1,0,1,1,1,0,1,0,1,0,1,1,0,0,0,1,1,1,1,0,1,1,0,1,0,1,0,0,0,0,0,1,1,1,0,1,0.2777777777777778,10.221287500051945,1
98,1,0,1,0,1,1,1,0,0,1,1,0,1,0,0,0,1,1,1,0,1,1,0,1,0,1,0,1,0,0,0,1,1,1,0,1,0.3611111111111111,19.84637966049408,1
