,0,1,2,3,4,5,6,7,8,9,10,11,12,13,14,15,16,17,18,19,20,21,22,23,24,25,26,27,28,29,30,31,32,33,34,35,chain_break_fraction,energy,num_occurrences
0,0,1,0,0,1,1,1,0,1,1,0,0,0,1,1,1,0,1,1,1,0,0,1,0,0,0,1,0,0,1,0,0,0,1,0,1,0.3333333333333333,14.640374342466682,1
1,0,1,0,0,1,1,1,0,1,1,0,0,0,1,1,1,0,1,1,1,0,0,0,0,0,0,1,0,0,1,0,0,0,1,0,1,0.3333333333333333,19.3591030145986,1
2,0,1,0,0,0,1,1,0,1,1,0,0,1,1,1,1,0,1,1,1,0,0,0,0,0,0,1,0,0,1,0,0,0,1,1,1,0.2777777777777778,17.714130772900887,1
3,0,1,0,0,0,1,1,0,1,1,0,0,0,1,1,1,0,1,1,1,0,0,0,0,0,0,1,0,0,0,0,0,0,1,1,1,0.3055555555555556,18.714830426522088,1
4,0,1,0,0,1,1,1,0,1,1,0,0,0,1,1,1,0,1,1,1,0,0,1,0,0,0,1,0,0,1,0,0,0,1,1,1,0.3055555555555556,12.947979080240032,1
5,0,1,0,0,1,1,1,0,1,1,0,0,0,1,1,1,0,1,1,1,0,0,0,0,0,0,1,0,0,1,0,0,0,1,0,1,0.3611111111111111,19.3591030145986,1
6,0,1,0,0,1,1,1,0,1,1,0,0,0,1,0,1,0,1,1,1,0,0,0,0,0,0,1,0,0,1,0,0,0,1,0,1,0.3055555555555556,15.066415803029717,1
7,0,1,0,0,1,1,1,0,1,1,0,0,0,1,1,1,0,1,1,1,0,0,0,0,0,0,1,0,0,1,0,0,0,1,0,1,0.3611111111111111,19.3591030145986,1
8,0,1,0,0,1,1,1,0,1,1,0,0,0,1,1,1,0,1,1,1,0,0,0,0,0,0,1,0,0,0,0,0,0,1,1,1,0.3333333333333333,22.209802200107145,1
9,0,1,0,0,0,1,1,0,1,1,0,0,0,1,1,1,0,1,1,1,0,0,1,0,0,0,1,0,0,1,0,0,0,1,0,1,0.3055555555555556,12.666677399594064,1
10,0,1,0,0,0,1,1,0,1,1,0,0,0,1,1,1,0,0,1,1,0,0,0,0,0,0,1,0,0,0,0,0,0,1,1,0,0.25,16.120241664224793,1
11,0,1,0,0,0,1,1,0,1,1,0,0,0,1,1,1,0,1,1,1,0,0,1,0,0,0,1,0,0,1,0,0,0,1,1,1,0.3611111111111111,11.474388688116925,1
12,0,1,0,0,1,1,1,0,1,1,0,0,0,1,1,1,0,1,0,1,0,0,1,0,0,0,1,0,0,0,0,0,0,1,1,1,0.3611111111111111,20.64388828867793,1
13,0,1,0,0,0,1,1,0,1,1,0,0,0,1,1,1,0,1,1,1,0,0,0,0,1,0,1,0,0,1,0,0,0,1,0,1,0.3333333333333333,12.402691633194678,1
14,0,1,0,0,0,1,1,0,1,1,0,0,0,1,1,1,0,1,1,1,0,0,0,0,0,0,1,0,0,1,0,0,0,1,1,1,0.25,15.040579258390132,1
15,0,1,0,0,1,1,1,0,1,1,0,0,0,1,1,1,0,1,1,1,0,0,0,0,0,0,1,0,0,1,0,0,0,1,0,1,0.2777777777777778,19.3591030145986,1
16,0,1,0,0,1,1,1,0,1,1,0,0,0,1,1,1,0,1,1,1,0,0,0,0,0,0,1,0,0,1,0,0,0,1,1,1,0.2777777777777778,17.142647704869933,1
17,0,1,0,0,1,1,1,0,1,1,0,0,0,1,1,1,0,1,1,1,0,0,0,0,0,0,1,0,0,1,0,0,0,1,0,1,0.3611111111111111,19.3591030145986,1
18,0,1,0,0,1,1,1,0,1,1,0,0,0,1,0,1,0,1,1,1,0,0,1,0,0,0,1,0,0,1,0,0,0,1,0,1,0.3333333333333333,11.183778629064356,1
19,0,1,0,0,1,1,1,0,1,1,0,0,0,1,1,1,0,1,1,1,0,0,0,0,1,0,1,0,0,1,0,0,0,1,1,1,0.3055555555555556,12.753598165576722,1
20,0,1,0,0,1,1,1,0,1,1,0,0,0,1,1,1,0,1,1,1,0,0,0,0,0,0,1,0,0,0,0,0,0,1,1,1,0.3055555555555556,22.209802200107145,1
21,0,1,0,0,0,1,1,0,1,1,0,0,1,1,1,1,0,1,1,1,0,0,0,0,0,0,1,0,1,0,0,0,0,1,1,1,0.3333333333333333,19.176483374014385,1
22,0,1,0,0,1,1,1,0,1,1,0,0,0,1,1,1,0,1,1,1,0,0,1,0,0,0,1,0,0,1,0,0,0,1,0,1,0.2222222222222222,14.640374342466682,1
23,0,1,0,0,0,1,1,0,1,1,0,0,0,1,1,1,0,1,0,1,0,0,0,0,0,0,1,0,0,1,0,0,0,1,1,1,0.3055555555555556,17.07980844048009,1
24,0,1,0,0,0,1,1,0,1,1,0,0,0,1,1,1,0,1,1,1,0,0,0,0,0,0,1,0,0,1,0,0,0,1,0,1,0.2777777777777778,16.75692801736929,1
25,0,1,0,0,0,1,1,0,1,1,0,0,0,1,1,1,0,1,0,1,0,0,1,0,0,0,1,0,0,1,0,0,0,1,1,1,0.3611111111111111,12.881363253826287,1
26,0,1,0,0,1,1,1,0,1,1,0,0,0,1,1,1,0,1,1,1,0,0,0,0,0,0,1,0,0,1,1,0,0,1,1,0,0.2777777777777778,18.59943216710817,1
27,0,1,0,0,1,1,1,0,1,1,0,0,0,1,1,1,0,1,1,1,0,0,0,0,0,0,1,0,0,1,0,0,0,1,1,1,0.3055555555555556,17.142647704869933,1
28,0,1,0,0,0,1,1,0,1,1,0,0,0,1,0,1,0,1,0,1,0,0,0,0,0,0,1,0,0,0,0,0,0,1,1,1,0.2222222222222222,17.560910159830225,1
29,0,1,0,0,1,1,1,0,1,1,0,0,0,1,1,1,0,1,1,1,0,0,0,0,0,0,1,0,0,1,0,0,0,1,1,1,0.3611111111111111,17.142647704869933,1
30,0,1,0,0,1,1,1,0,1,1,0,0,0,1,1,1,0,1,0,1,0,0,0,0,0,0,1,0,0,1,0,0,1,1,0,1,0.3888888888888889,19.41385868107918,1
31,0,1,0,0,1,1,1,0,1,1,0,0,0,1,1,1,0,1,1,1,0,0,1,0,0,0,1,0,0,1,0,0,0,1,1,0,0.3333333333333333,16.332769604693336,1
32,0,1,0,0,1,1,1,0,1,1,0,0,0,1,1,1,0,1,1,1,0,0,1,0,0,0,1,0,1,1,0,0,0,1,1,0,0.3611111111111111,14.482650631764644,1
33,0,1,0,0,0,1,1,0,1,1,0,0,0,1,1,1,0,1,0,1,0,0,0,0,0,0,1,0,0,1,0,0,0,1,1,1,0.25,17.07980844048009,1
34,0,1,0,0,1,1,1,0,1,1,0,0,0,1,1,1,0,0,1,1,0,0,0,0,1,0,1,0,0,1,0,0,0,1,1,1,0.25,8.785025612046915,1
35,0,1,0,0,0,1,1,0,1,1,0,0,0,1,1,1,0,1,1,1,0,0,0,0,0,0,1,0,0,0,0,0,0,1,1,1,0.3055555555555556,18.714830426522088,1
36,0,1,0,0,1,1,1,0,1,1,0,0,0,1,1,1,0,1,1,1,0,0,0,0,0,0,1,0,1,1,0,0,0,1,1,1,0.3333333333333333,15.609070457251342,1
37,0,1,0,0,1,1,1,0,1,1,0,0,0,1,1,1,0,1,1,1,0,0,0,0,0,0,1,0,1,0,0,0,0,1,0,1,0.3333333333333333,21.393780387260087,1
38,0,1,0,0,1,1,1,0,1,1,0,0,0,1,1,1,1,1,1,1,0,0,0,0,0,0,1,0,0,1,0,0,0,1,1,1,0.3333333333333333,20.627053108314954,1
39,0,1,0,0,0,1,1,0,1,1,0,0,0,1,1,1,0,1,1,1,0,0,0,0,0,0,1,0,1,1,0,0,0,1,0,1,0.2777777777777778,15.41870230826041,1
40,1,1,1,1,1,0,0,1,0,0,1,1,1,0,0,0,1,0,0,0,1,1,0,1,1,1,0,1,1,0,1,1,1,0,1,0,0.3055555555555556,12.727387923122313,1
41,0,1,0,0,1,1,1,0,1,1,0,0,0,1,0,1,0,1,1,1,0,0,0,0,0,0,1,0,0,1,0,0,0,1,0,1,0.2777777777777778,15.066415803029717,1
42,0,1,0,0,1,1,1,0,1,1,0,0,1,1,1,1,0,1,1,1,0,0,0,0,0,0,1,1,0,0,1,0,0,1,1,1,0.2222222222222222,13.243302534352871,1
43,0,1,0,0,0,1,1,0,1,1,0,0,0,1,1,1,0,1,1,1,0,0,1,0,0,0,1,0,0,0,0,0,0,1,0,1,0.3611111111111111,15.971811768260405,1
44,0,1,1,0,0,1,1,0,1,1,0,0,0,1,0,1,0,1,0,1,0,0,0,0,0,0,1,0,0,0,0,0,0,1,1,1,0.25,21.783779734297713,1
45,0,1,0,0,1,1,1,0,1,1,0,0,0,1,1,1,0,1,1,1,0,0,1,0,0,0,1,0,0,1,0,0,1,1,1,1,0.3055555555555556,11.71151793060303,1
46,0,1,0,0,1,1,1,0,1,1,0,0,0,1,1,1,0,1,1,1,0,0,0,0,0,0,1,0,0,0,0,0,0,1,1,0,0.3333333333333333,28.647113319736054,1
47,0,1,0,0,1,1,1,0,1,1,0,0,0,1,1,1,0,1,1,1,0,0,0,0,0,0,1,0,0,1,1,0,0,1,1,1,0.3055555555555556,15.166804687004255,1
48,1,1,1,1,1,0,0,1,0,1,1,1,1,0,0,0,1,0,0,0,1,1,0,1,1,1,0,1,0,1,1,1,1,0,0,0,0.3055555555555556,12.779255004198209,1
49,0,1,0,0,1,1,1,0,1,1,0,0,0,1,1,1,0,1,0,1,0,0,0,0,1,0,1,0,1,1,0,0,0,1,0,0,0.3611111111111111,20.418289384297857,1
50,0,1,0,0,1,1,1,0,1,1,0,0,0,1,1,1,0,1,1,1,1,0,1,0,0,0,1,0,0,0,0,0,0,1,0,1,0.3333333333333333,15.606050599320628,1
51,1,1,1,1,1,0,0,1,0,0,0,1,1,0,0,0,1,0,0,1,1,1,0,1,1,1,0,1,1,0,1,1,1,0,0,0,0.2777777777777778,19.062203527116765,1
52,0,1,0,0,1,1,1,0,1,1,0,0,0,1,1,1,0,1,1,1,0,0,1,0,0,0,1,0,0,1,0,0,0,1,0,1,0.3611111111111111,14.640374342466682,1
53,0,1,0,0,1,1,1,0,1,1,0,0,0,1,1,1,0,1,1,1,0,0,0,0,1,0,1,0,0,1,0,0,1,1,0,1,0.25,12.602119290547147,1
54,0,1,0,0,1,1,1,0,1,1,0,0,0,1,1,1,0,1,1,1,0,0,0,0,1,0,1,0,0,1,0,0,0,1,0,0,0.3055555555555556,19.773421010437715,1
55,1,1,1,1,1,0,0,1,0,1,1,1,1,0,0,0,1,1,0,0,1,1,1,1,1,1,0,1,0,1,1,1,1,0,1,0,0.3333333333333333,17.160332016472736,1
56,0,1,0,0,1,1,1,0,1,1,0,0,0,1,1,1,0,1,1,1,1,0,0,0,0,0,1,0,0,1,0,0,0,1,0,1,0.2777777777777778,16.039651469847893,1
57,0,1,0,0,0,1,1,0,1,1,0,0,1,1,1,1,0,1,1,1,0,0,0,0,0,0,1,0,0,1,0,0,0,1,1,1,0.3055555555555556,17.714130772900887,1
58,1,1,1,1,1,0,0,1,0,0,1,1,1,0,0,0,1,0,0,0,1,1,0,1,1,1,0,1,1,0,1,1,1,0,0,0,0.25,11.422534226701835,1
59,1,1,1,1,1,0,0,1,0,1,1,1,1,0,0,0,0,0,0,0,1,1,0,1,1,1,0,1,1,0,0,1,1,0,0,0,0.25,10.100745715785033,1
60,1,1,1,1,1,0,0,1,0,1,1,1,1,0,0,0,0,0,0,0,1,1,1,1,1,1,0,1,1,1,1,1,0,0,0,0,0.25,15.555258057582114,1
61,1,1,1,1,1,0,0,1,0,1,1,1,1,0,0,0,1,0,0,0,1,1,1,1,1,1,0,1,0,0,0,1,1,0,0,0,0.2222222222222222,11.593605115274574,1
62,1,1,1,1,1,0,0,1,0,0,0,1,1,0,0,0,1,0,0,0,1,1,0,1,1,1,0,1,1,1,1,1,1,0,0,0,0.2222222222222222,19.242481883404682,1
63,0,1,0,0,1,1,1,0,1,1,0,0,0,1,1,1,0,1,1,1,0,0,0,0,1,0,1,0,0,1,0,0,0,1,0,1,0.3333333333333333,14.426872447197052,1
64,1,1,1,1,1,0,0,1,0,0,1,1,1,0,0,0,1,0,0,1,1,1,0,1,1,1,0,1,1,0,1,1,1,0,1,0,0.3333333333333333,20.36579579390653,1
65,0,1,0,0,0,1,1,0,1,1,0,0,0,1,1,1,0,1,0,1,0,0,1,0,0,0,1,0,0,0,0,0,1,1,0,1,0.3333333333333333,15.896597303639894,1
66,0,1,0,0,1,1,1,0,1,0,0,0,0,1,1,1,0,1,1,1,0,0,0,0,0,0,1,0,0,1,0,0,0,1,0,0,0.3333333333333333,16.996076083804056,1
67,0,1,0,0,0,1,1,0,1,1,0,0,0,1,1,1,0,0,0,1,0,0,0,0,0,0,1,1,1,0,1,0,0,1,1,0,0.25,6.175820727609068,1
68,1,1,1,1,1,0,0,1,0,1,1,1,1,0,0,0,1,0,0,0,1,1,0,1,1,1,0,1,0,0,0,1,1,0,1,0,0.19444444444444445,10.728594484999059,1
69,1,1,1,1,1,0,0,1,0,1,1,1,1,0,0,0,1,0,0,0,1,1,0,1,1,1,0,1,1,0,1,1,1,0,0,0,0.3055555555555556,10.817688517005047,1
70,1,0,1,1,1,0,0,1,0,0,1,1,0,0,0,0,1,0,0,0,1,1,1,1,1,1,0,1,1,1,1,1,1,0,0,0,0.2777777777777778,37.77910338538161,1
71,1,0,1,1,1,0,0,1,0,0,1,1,1,0,0,0,1,0,0,0,1,1,0,1,1,1,0,1,1,0,0,1,1,0,1,0,0.2777777777777778,16.737399657069172,1
72,0,1,0,0,1,1,1,0,1,1,0,0,0,1,0,1,0,1,0,1,0,0,0,0,0,0,1,0,0,0,0,0,0,1,0,1,0.3611111111111111,24.588841091302182,1
73,0,1,0,0,0,1,1,0,0,1,0,0,0,1,1,1,0,1,1,1,0,0,1,0,1,0,1,0,0,1,0,0,0,1,1,0,0.2222222222222222,8.152521840913671,1
74,0,1,0,0,0,1,1,0,1,0,0,0,0,1,1,1,0,1,0,1,0,0,0,0,0,0,1,1,0,0,0,0,1,1,1,0,0.1111111111111111,6.648768685877737,1
75,0,1,0,0,0,1,1,0,1,1,0,0,0,1,1,1,0,1,0,1,0,0,1,0,0,0,1,0,0,1,1,0,0,1,0,0,0.3611111111111111,17.051254822548337,1
76,1,1,1,1,1,0,0,1,0,0,1,1,1,0,0,0,0,0,0,0,1,1,1,1,1,1,0,1,1,1,1,1,0,0,1,0,0.25,23.203268043189972,1
77,1,0,1,1,1,0,0,1,0,0,0,1,1,0,0,0,1,0,0,0,1,1,0,1,1,1,0,1,0,1,1,1,1,0,1,0,0.2777777777777778,26.73071106585988,1
78,1,1,1,1,0,0,0,1,0,0,1,1,1,0,0,0,0,1,0,0,1,1,0,1,1,1,0,1,1,0,1,1,1,0,0,0,0.3611111111111111,14.642368279746902,1
79,1,1,1,1,1,0,0,1,0,1,1,1,1,0,0,0,1,0,0,1,1,1,0,1,1,1,0,1,0,0,0,1,1,0,0,0,0.3333333333333333,12.210221747113195,1
80,0,1,0,0,0,1,1,0,1,1,0,0,0,1,1,1,0,1,0,1,0,0,0,0,1,0,1,0,0,0,0,0,1,1,0,1,0.3333333333333333,15.761869230042414,1
81,0,1,0,0,1,1,1,0,1,1,0,0,0,1,1,1,0,1,1,1,0,1,0,0,1,0,1,0,0,1,1,0,0,1,1,0,0.25,9.739046338092189,1
82,0,1,0,0,1,1,1,0,1,1,0,0,0,1,1,1,0,0,1,1,0,0,0,0,1,0,1,0,1,1,1,0,0,1,1,0,0.2222222222222222,8.663294732170211,1
83,1,1,0,1,1,0,0,1,0,0,1,1,1,0,0,0,1,0,0,0,1,1,1,1,1,1,0,1,1,1,0,1,1,0,0,0,0.3055555555555556,20.236266434243614,1
84,1,0,1,1,1,0,0,1,0,0,1,1,1,0,0,0,0,0,1,0,1,1,1,1,0,1,0,1,1,0,0,1,1,0,1,0,0.19444444444444445,22.182373922793687,1
85,0,1,0,0,1,1,1,0,1,1,0,0,0,1,0,1,0,1,0,1,0,1,1,0,0,0,1,0,0,0,0,0,1,1,1,1,0.2777777777777778,9.903015650886879,1
86,0,1,0,0,1,1,1,0,1,1,0,0,0,1,1,1,0,1,1,1,0,0,0,0,1,0,1,0,1,0,0,0,0,1,0,1,0.3888888888888889,15.854748309778724,1
87,1,1,0,1,1,0,0,1,0,0,0,1,1,0,0,0,1,0,0,0,1,1,0,1,1,1,0,1,1,0,0,1,1,0,1,0,0.16666666666666666,11.528489570456895,1
88,1,1,1,1,1,0,0,1,0,0,1,1,0,0,0,0,1,0,1,0,1,1,0,1,1,1,0,0,1,0,0,1,1,0,0,0,0.3055555555555556,11.183109817972502,1
89,0,1,0,0,0,1,1,0,1,1,0,0,0,1,1,1,0,0,0,1,0,0,0,0,0,0,1,0,0,0,1,0,0,1,1,1,0.3333333333333333,12.683157612096167,1
90,1,1,1,1,1,0,0,1,0,0,1,1,1,0,0,0,1,0,0,0,1,1,0,1,1,1,0,1,0,1,0,1,1,0,1,0,0.3055555555555556,13.990243974495533,1
91,0,1,0,0,0,1,1,0,1,1,0,0,0,1,1,1,0,1,1,1,0,0,0,0,0,0,1,0,1,1,1,0,0,1,1,1,0.25,13.992466172867669,1
92,0,1,0,0,1,1,1,0,1,0,0,0,1,1,1,1,0,1,1,1,0,0,0,0,1,0,1,0,0,1,0,0,0,1,0,1,0.3888888888888889,11.808989318113952,1
93,0,1,0,0,1,1,1,0,1,1,1,0,0,1,0,1,0,1,1,1,0,0,0,0,1,0,1,0,0,1,0,0,0,1,1,0,0.25,14.658499622307074,1
94,1,1,1,1,1,0,0,1,0,1,0,1,1,0,0,0,1,0,0,0,1,1,0,1,1,1,0,0,0,1,1,1,1,0,1,0,0.3333333333333333,11.354990402815858,1
95,1,1,0,1,1,0,0,1,0,1,1,1,1,0,0,0,0,0,0,0,1,1,1,1,1,1,0,1,0,0,1,1,1,0,0,0,0.25,10.507872609855788,1
96,1,0,1,1,1,0,0,1,0,0,1,1,1,0,1,0,1,1,0,0,1,1,1,1,0,1,0,1,1,1,1,0,1,0,1,0,0.2222222222222222,16.1107169927204,1
97,1,1,1,1,1,0,0,1,0,0,1,1,0,0,0,0,1,1,0,0,1,1,0,1,1,1,0,0,1,0,0,1,0,0,1,0,0.3333333333333333,13.51919687866076,1
98,1,0,0,1,1,0,0,1,0,1,1,1,0,0,0,0,1,0,0,0,1,1,0,1,1,1,0,1,1,0,0,0,0,0,1,0,0.2222222222222222,11.016218157947625,1
99,1,1,1,1,1,1,0,1,0,0,1,1,1,0,0,0,1,1,0,0,1,1,0,1,1,1,0,1,1,0,1,1,1,0,0,0,0.3055555555555556,14.068950812962472,1
