,0,1,2,3,4,5,6,7,8,9,10,11,12,13,14,15,16,17,18,19,20,21,22,23,24,25,26,27,28,29,30,31,32,33,34,35,chain_break_fraction,energy,num_occurrences
0,1,0,1,0,0,1,0,0,1,0,1,0,1,0,1,0,0,1,0,1,0,1,0,1,0,1,0,1,0,0,0,1,0,1,0,0,0.2777777777777778,18.363538224684255,1
1,1,0,1,0,0,0,0,0,1,0,1,0,1,0,1,0,0,1,0,1,0,1,0,1,0,1,0,1,1,0,0,1,0,1,0,0,0.25,27.38381972070885,1
2,1,0,1,0,0,1,0,0,0,0,1,0,1,0,1,0,0,1,0,1,0,1,0,1,0,1,0,1,1,0,0,1,0,1,0,0,0.2777777777777778,26.29036455108514,1
3,1,0,1,0,0,1,0,0,1,0,1,0,1,0,1,0,0,1,0,1,1,1,0,1,0,1,0,1,0,0,0,1,0,1,0,0,0.2777777777777778,22.847804751657485,1
4,1,0,1,0,0,0,0,0,0,0,1,0,1,0,1,0,0,1,0,1,0,1,0,1,0,1,0,1,1,0,0,1,0,1,0,0,0.2777777777777778,32.04685219417421,1
5,1,0,1,0,0,1,0,0,0,1,1,0,1,0,1,0,0,1,0,1,0,1,0,1,0,1,0,1,0,0,0,1,0,1,0,0,0.2777777777777778,17.202196060802745,1
6,1,0,1,0,0,1,0,0,1,0,1,0,1,0,1,0,0,1,0,1,0,1,0,1,0,1,0,1,0,0,0,1,0,1,0,0,0.3055555555555556,18.363538224684255,1
7,1,0,1,0,0,1,0,0,1,0,1,0,1,0,1,0,0,1,0,1,1,1,0,1,0,1,0,1,1,0,0,1,0,1,0,0,0.2777777777777778,27.63101323212106,1
8,0,1,0,1,1,0,1,1,0,0,0,1,0,1,0,1,1,1,1,1,0,0,1,0,0,0,1,0,0,1,1,0,1,0,1,1,0.3055555555555556,19.280852146756047,1
9,0,1,0,1,1,0,1,1,0,0,0,1,0,1,0,1,1,1,1,1,0,0,1,0,0,0,1,0,0,1,1,0,1,0,1,1,0.3055555555555556,19.280852146756047,1
10,1,0,1,0,0,0,0,0,1,0,1,0,1,0,1,0,0,1,0,1,0,1,0,0,0,1,0,1,1,0,0,1,0,1,0,0,0.2222222222222222,21.156373467769704,1
11,1,0,1,0,0,1,0,0,0,1,1,0,1,0,1,0,0,1,0,1,0,1,0,1,1,1,0,1,0,0,0,1,0,1,0,0,0.2777777777777778,21.41038939758759,1
12,0,1,0,1,1,1,1,1,1,0,0,1,1,1,0,1,1,1,1,1,1,0,1,0,0,0,1,0,0,1,1,0,1,0,1,1,0.3611111111111111,32.6722910930297,1
13,0,1,0,1,1,0,1,1,0,1,0,1,0,1,0,1,1,1,1,1,0,0,1,0,0,0,1,0,0,1,1,0,1,0,1,1,0.3333333333333333,29.90484462382159,1
14,0,1,0,1,1,0,1,1,1,0,0,1,0,1,0,1,1,1,1,1,1,0,1,0,0,0,1,0,0,1,1,0,1,0,1,1,0.3055555555555556,20.995779929217335,1
15,0,1,0,1,1,0,1,1,1,0,0,1,1,1,0,1,1,1,1,1,1,0,1,0,0,0,1,0,0,1,1,0,1,0,1,1,0.3055555555555556,22.877660571833935,1
16,0,1,0,1,1,1,1,1,0,0,0,1,1,1,0,1,1,1,1,1,1,0,1,0,0,0,1,0,0,1,1,0,1,0,1,1,0.3055555555555556,27.469344708747016,1
17,0,1,0,1,1,0,1,1,0,0,0,1,0,1,0,1,1,1,1,1,1,0,1,0,0,0,1,0,0,1,1,0,1,0,1,1,0.2777777777777778,17.294988095521177,1
18,0,1,0,1,1,0,1,1,0,0,0,1,1,1,0,1,1,1,1,1,1,0,1,0,0,0,1,0,0,1,1,0,1,0,1,1,0.3333333333333333,18.67495247864429,1
19,0,1,0,1,1,1,1,1,0,0,0,1,0,1,0,1,1,1,1,1,1,0,1,0,0,0,1,0,0,1,1,0,1,0,1,1,0.2777777777777778,25.089379611056533,1
20,1,0,1,0,0,1,0,0,1,0,1,0,1,0,1,0,0,1,0,1,1,0,0,1,0,1,0,1,0,0,0,1,0,1,0,0,0.3055555555555556,13.879271697711024,1
21,0,1,0,1,1,0,1,1,1,0,0,1,0,1,0,1,1,1,1,1,0,0,1,0,0,0,1,0,0,1,1,0,1,0,1,1,0.2777777777777778,23.592848385288853,1
22,1,0,1,0,0,1,0,0,1,0,1,0,1,0,1,0,0,1,0,1,1,1,0,1,0,1,0,1,1,0,0,1,0,1,0,0,0.3333333333333333,27.63101323212106,1
23,0,1,0,1,1,0,1,1,1,0,0,1,1,1,0,1,1,1,1,1,1,0,1,0,0,0,1,0,0,1,1,0,1,0,1,1,0.2777777777777778,22.877660571833935,1
24,0,1,0,1,1,0,1,1,0,0,0,1,0,1,0,1,1,1,1,1,0,0,1,0,0,0,1,0,0,1,1,0,1,0,1,1,0.3055555555555556,19.280852146756047,1
25,0,1,0,1,1,1,1,1,0,0,0,1,1,1,0,1,1,1,1,1,0,0,1,0,0,0,1,0,0,1,1,0,1,0,1,1,0.3888888888888889,31.003253269150143,1
26,1,0,1,0,0,1,0,0,0,0,1,0,1,0,1,0,0,1,0,1,0,1,0,1,0,1,0,1,1,0,0,1,0,1,0,0,0.3333333333333333,26.29036455108514,1
27,1,0,1,0,0,1,0,0,0,1,1,0,1,0,1,0,0,1,0,1,1,1,0,1,0,1,0,1,0,0,0,1,0,1,0,0,0.3333333333333333,21.07525818293931,1
28,1,0,1,0,0,1,0,0,1,0,1,0,1,0,1,0,0,1,0,1,0,1,0,1,1,1,0,1,1,0,0,1,0,1,0,0,0.25,28.25897009576886,1
29,0,1,0,1,1,1,1,1,0,0,0,1,0,1,0,1,1,1,1,1,1,0,1,0,0,0,1,0,0,1,1,0,1,0,1,1,0.3055555555555556,25.089379611056533,1
30,0,1,0,1,1,0,1,1,0,0,0,1,0,1,0,1,1,1,1,1,0,0,1,0,0,0,1,0,1,1,1,0,1,0,1,1,0.25,18.93405612728009,1
31,0,1,0,1,1,0,1,1,1,0,0,1,0,1,0,1,1,1,1,1,0,0,1,0,0,0,1,0,0,1,1,0,1,0,1,1,0.3333333333333333,23.592848385288853,1
32,0,1,0,1,1,0,1,1,0,0,0,1,0,1,0,1,1,1,1,1,1,0,1,0,1,0,1,0,0,1,1,0,1,0,1,1,0.25,17.76224734163941,1
33,0,1,0,1,1,0,1,1,1,0,0,1,0,1,0,1,1,1,1,1,1,0,1,0,0,0,1,0,0,1,1,0,1,0,1,1,0.3333333333333333,20.995779929217335,1
34,0,1,0,1,1,1,1,1,1,0,0,1,1,1,0,1,1,1,1,1,1,0,1,0,0,0,1,0,1,1,1,0,1,0,1,1,0.3333333333333333,30.724859808169104,1
35,0,1,0,1,1,0,1,1,1,0,0,1,0,1,0,1,1,1,1,1,1,0,1,0,0,0,1,0,0,1,1,0,1,0,1,1,0.2777777777777778,20.995779929217335,1
36,0,1,0,1,1,1,1,1,1,0,0,1,1,1,0,1,1,1,1,1,1,0,1,0,0,0,1,0,0,1,1,0,1,0,1,1,0.3333333333333333,32.6722910930297,1
37,0,1,0,1,1,1,1,1,0,0,0,1,0,1,0,1,1,1,1,1,1,0,1,0,0,0,1,0,0,1,1,0,1,0,1,1,0.25,25.089379611056533,1
38,0,1,0,1,1,0,1,1,0,0,0,1,1,1,0,1,1,1,1,1,1,0,1,0,1,0,1,0,0,1,1,0,1,0,1,1,0.2222222222222222,18.632979927174418,1
39,0,1,0,1,1,0,1,1,0,0,0,1,0,1,0,1,1,1,1,1,1,0,1,0,0,0,1,0,0,1,1,0,1,0,1,1,0.3055555555555556,17.294988095521177,1
40,0,1,0,1,1,0,1,1,0,0,0,1,0,1,0,1,1,1,1,1,1,0,1,0,0,0,1,0,0,1,1,0,1,0,1,1,0.2777777777777778,17.294988095521177,1
41,1,0,1,0,0,0,0,0,0,1,1,0,1,0,1,0,0,1,0,1,1,1,0,1,0,1,0,1,0,0,0,1,0,1,0,0,0.3333333333333333,24.762379710696035,1
42,0,1,0,1,1,1,1,1,1,0,0,1,1,1,0,1,1,1,1,1,0,0,1,0,0,0,1,0,0,1,1,0,1,0,1,1,0.4444444444444444,36.817404058269474,1
43,0,1,0,1,1,1,1,1,0,1,0,1,0,1,0,1,1,1,1,1,1,0,1,0,0,0,1,0,0,1,1,0,1,0,1,1,0.2777777777777778,36.491439860634856,1
44,0,1,0,1,1,1,1,1,1,0,0,1,1,1,0,1,1,1,1,1,1,0,1,0,0,0,1,0,0,1,1,0,1,0,1,1,0.2777777777777778,32.6722910930297,1
45,0,1,0,1,1,0,0,1,1,0,0,1,1,1,0,1,1,1,1,1,1,0,1,0,0,0,1,0,0,1,1,0,1,0,1,1,0.2777777777777778,18.47167347741815,1
46,0,1,0,1,1,0,1,1,0,0,0,1,1,1,0,1,1,1,1,1,1,0,1,0,0,0,1,0,0,1,1,0,1,0,1,1,0.3333333333333333,18.67495247864429,1
47,0,1,0,1,1,1,0,1,1,0,0,1,1,1,0,1,1,1,1,1,0,0,1,0,0,0,1,0,0,1,1,0,1,0,1,1,0.25,30.848388137778024,1
48,0,1,0,1,1,0,1,1,0,1,0,1,1,1,0,1,1,1,1,1,1,0,1,0,1,0,1,0,0,1,1,0,1,0,1,1,0.2777777777777778,28.028552225918297,1
49,0,1,0,1,1,0,1,1,1,0,0,1,1,1,0,1,1,1,1,1,1,0,1,0,0,0,1,0,0,1,1,0,1,0,1,1,0.3333333333333333,22.877660571833935,1
50,0,1,0,1,1,0,1,1,0,0,0,1,1,1,0,1,1,1,1,1,0,0,1,0,1,0,1,0,0,1,1,0,1,0,1,1,0.3333333333333333,20.595851006505054,1
51,0,1,0,1,1,1,1,1,1,0,0,1,1,1,0,1,1,1,1,1,1,0,1,0,0,0,1,0,0,1,1,0,1,0,1,1,0.3333333333333333,32.6722910930297,1
52,0,1,0,1,1,0,1,1,0,0,0,1,0,1,0,1,1,1,1,1,1,0,1,0,1,0,1,0,0,1,1,0,1,0,1,1,0.3611111111111111,17.76224734163941,1
53,0,1,0,1,1,1,0,1,1,0,0,1,1,1,0,1,1,1,1,1,1,0,1,0,0,0,1,0,0,1,1,0,1,0,1,1,0.3055555555555556,27.266195182265058,1
54,0,1,0,1,1,0,1,1,0,0,0,1,0,1,0,1,1,1,1,1,1,0,1,0,0,0,1,0,0,1,1,0,1,0,0,1,0.2222222222222222,19.295903325641845,1
55,0,1,0,1,1,1,1,1,1,0,0,1,1,1,0,0,1,1,1,1,0,0,1,0,0,0,1,0,0,1,1,0,1,0,1,1,0.25,28.248018259910673,1
56,0,1,0,1,1,1,1,1,1,0,0,1,1,1,0,1,1,1,1,1,0,0,1,0,0,0,1,0,0,1,1,0,1,0,1,1,0.3611111111111111,36.817404058269474,1
57,0,1,0,1,1,1,1,1,0,0,0,1,1,1,0,1,0,1,1,1,1,0,1,0,0,0,1,0,0,1,1,0,1,0,1,1,0.2777777777777778,23.468156216378464,1
58,0,1,0,1,1,1,0,1,1,0,0,1,1,1,0,0,1,1,1,1,0,0,1,0,0,0,1,0,0,1,1,0,1,0,1,1,0.3333333333333333,23.642338676615093,1
59,0,1,0,1,1,1,1,1,1,0,0,1,0,1,0,1,1,1,1,1,0,0,1,0,0,0,1,0,0,1,1,0,1,0,1,1,0.3611111111111111,33.435444396228746,1
60,0,1,0,1,1,0,1,1,0,0,0,1,0,1,0,0,1,1,1,1,1,0,1,0,0,0,1,0,0,1,1,0,1,0,1,1,0.2777777777777778,14.20376915820975,1
61,1,0,1,0,0,1,0,0,0,1,1,0,1,0,1,0,0,1,0,1,1,1,0,1,0,1,0,1,1,0,0,1,0,1,0,0,0.3333333333333333,25.35701464491209,1
62,0,1,0,1,1,0,1,1,1,0,0,1,0,1,0,1,1,1,1,1,1,0,1,0,0,0,1,0,0,1,1,0,1,0,1,1,0.3333333333333333,20.995779929217335,1
63,0,1,0,1,1,0,1,1,0,0,0,1,1,1,0,1,1,1,1,1,1,0,1,0,1,0,1,0,0,1,1,0,1,0,1,1,0.3333333333333333,18.632979927174418,1
64,0,1,0,1,1,1,1,1,1,0,0,1,1,1,0,1,1,1,1,1,1,0,1,0,0,0,1,0,0,1,1,0,1,0,1,1,0.2777777777777778,32.6722910930297,1
65,0,1,0,1,1,0,1,1,1,0,0,1,1,1,0,1,1,1,1,1,1,0,1,0,0,0,1,0,0,1,1,0,1,0,1,1,0.3888888888888889,22.877660571833935,1
66,1,0,1,0,0,1,0,0,1,0,1,0,1,0,1,0,0,1,0,1,1,1,0,1,0,1,0,1,1,0,0,1,0,1,0,0,0.3333333333333333,27.63101323212106,1
67,0,1,0,1,1,0,1,1,1,0,0,1,1,1,1,1,1,1,1,1,1,0,1,0,0,0,1,0,0,1,1,0,1,0,1,1,0.4166666666666667,26.611927549822422,1
68,0,1,0,1,1,1,1,1,0,0,0,1,1,1,0,1,1,1,1,1,1,0,1,0,0,0,1,0,0,1,1,0,1,0,1,1,0.3611111111111111,27.469344708747016,1
69,0,1,1,1,1,0,1,1,0,0,0,1,0,1,0,1,1,1,1,1,0,0,1,0,0,0,1,0,0,1,1,0,1,0,1,1,0.3055555555555556,22.78077774686066,1
70,0,1,0,1,1,0,0,0,0,0,0,1,0,1,0,1,1,1,1,1,1,0,1,0,0,0,1,0,0,1,1,0,1,0,1,1,0.3055555555555556,10.46039868214754,1
71,0,1,0,1,1,0,1,1,0,0,0,1,1,1,0,1,1,1,1,1,0,0,1,0,0,0,1,0,0,1,1,0,1,0,1,1,0.3055555555555556,21.160894834735842,1
72,0,1,0,1,1,0,1,1,0,0,0,1,0,1,0,1,1,1,1,1,0,0,1,0,0,0,1,0,0,1,1,0,1,0,1,1,0.3055555555555556,19.280852146756047,1
73,0,1,0,1,1,0,0,1,1,0,0,1,0,1,0,1,1,1,1,1,0,0,1,0,0,0,1,0,0,1,1,0,1,0,1,1,0.25,19.130705289910363,1
74,0,1,0,1,1,1,1,1,0,1,0,1,0,1,0,1,0,1,1,1,1,0,1,0,0,0,1,0,0,1,1,0,1,0,1,1,0.2777777777777778,31.990220540008206,1
75,0,1,0,1,1,1,1,1,1,0,0,1,1,1,0,1,1,1,1,1,1,0,1,0,1,0,1,0,0,1,1,0,1,0,1,1,0.4166666666666667,31.087317255115373,1
76,0,1,0,1,1,1,1,1,1,0,0,1,1,1,0,1,1,1,1,1,0,0,1,0,1,0,1,0,0,1,1,0,1,1,1,1,0.25,29.2303705926126,1
77,0,1,0,1,1,1,1,1,0,1,0,1,0,1,0,1,1,1,1,1,0,0,1,0,1,0,1,0,0,1,1,0,1,0,1,1,0.3888888888888889,38.643943664949745,1
78,0,1,0,1,1,0,1,0,0,0,0,1,1,1,0,1,1,1,1,1,1,0,1,0,0,0,1,0,0,1,1,0,1,0,1,1,0.2777777777777778,11.771698185533651,1
79,0,1,0,1,1,1,1,1,1,0,0,1,1,1,0,1,1,1,1,1,1,0,1,0,0,0,1,0,0,1,1,0,1,0,1,1,0.3611111111111111,32.6722910930297,1
80,0,1,0,1,1,0,1,1,0,1,0,1,0,1,0,1,1,1,1,1,0,0,1,0,0,0,1,0,0,1,1,0,1,0,1,1,0.3055555555555556,29.90484462382159,1
81,0,1,0,1,1,1,1,1,0,0,0,1,1,1,0,0,1,1,1,1,1,0,1,0,0,0,1,0,0,1,1,0,1,0,1,1,0.3333333333333333,21.248425284524455,1
82,0,1,0,1,1,1,1,1,0,0,0,1,1,1,0,1,1,1,1,1,1,0,1,0,0,0,1,0,0,1,1,0,1,0,1,1,0.3611111111111111,27.469344708747016,1
83,0,1,0,1,1,0,1,1,0,1,0,1,0,1,0,1,0,1,0,1,1,0,1,0,0,0,1,0,0,1,1,0,1,0,1,1,0.3333333333333333,24.623618050290155,1
84,0,1,0,1,1,1,1,1,0,0,0,1,0,1,0,1,1,0,1,1,1,0,1,0,0,0,1,0,0,1,1,0,1,0,0,1,0.3055555555555556,20.087858190377165,1
85,0,1,0,1,1,1,1,1,1,0,0,1,1,1,0,1,1,1,1,1,1,0,1,0,0,0,1,0,0,1,1,0,1,0,1,1,0.3888888888888889,32.6722910930297,1
86,0,1,0,1,1,1,1,0,0,0,0,1,1,1,0,0,1,1,1,1,1,0,1,0,0,0,1,0,0,1,1,0,1,0,1,1,0.3333333333333333,15.071626033107789,1
87,0,1,0,1,1,0,1,1,1,0,0,1,1,1,0,1,0,1,1,1,0,0,1,0,0,0,1,0,0,1,1,0,1,0,1,1,0.2777777777777778,22.41240681988657,1
88,0,1,0,1,1,1,1,1,0,0,0,1,1,1,0,1,1,1,1,1,0,1,1,0,0,0,1,0,0,1,1,0,1,0,1,1,0.3888888888888889,25.93543614834384,1
89,0,1,0,1,1,1,0,1,0,0,0,1,1,1,0,1,1,1,1,1,1,0,1,0,0,0,1,0,0,1,1,0,1,0,1,1,0.3333333333333333,23.017608745842846,1
90,0,1,0,1,1,0,1,1,0,0,0,1,1,1,0,1,0,1,1,1,0,0,1,0,0,0,1,0,0,1,1,0,1,1,1,1,0.3333333333333333,15.919263851399101,1
91,0,1,0,1,1,1,0,1,0,0,0,1,1,1,0,0,1,1,1,1,1,0,1,0,0,0,1,0,0,1,1,0,1,0,1,1,0.2777777777777778,18.160025658816117,1
92,0,1,0,1,1,1,1,1,1,0,0,1,1,1,0,1,1,1,1,1,1,0,1,0,0,0,1,0,1,1,1,0,1,0,1,1,0.3333333333333333,30.724859808169104,1
93,1,0,1,0,0,1,0,0,0,0,1,0,1,0,1,0,0,1,0,1,0,1,0,1,0,1,0,1,0,0,0,1,0,1,0,0,0.2777777777777778,21.524880388565776,1
94,0,1,0,1,1,1,1,1,0,0,0,1,0,1,1,0,1,1,1,1,0,0,1,0,1,0,1,0,0,1,1,0,1,0,1,1,0.3611111111111111,23.558616705292703,1
95,0,1,0,1,1,0,1,1,1,0,0,1,0,1,0,1,1,1,1,1,0,0,1,0,1,0,1,0,0,1,1,0,1,0,1,1,0.3333333333333333,23.032114410828463,1
96,0,1,0,1,1,1,1,1,0,0,0,1,1,1,0,1,1,1,1,1,1,0,1,0,0,0,1,0,0,1,1,0,1,0,1,1,0.4722222222222222,27.469344708747016,1
97,0,1,0,1,1,1,0,1,1,0,0,1,1,1,0,0,0,1,1,1,1,0,1,0,1,0,1,0,0,1,1,0,1,0,1,1,0.3055555555555556,18.886876532681185,1
98,0,1,0,1,1,0,0,1,0,0,0,1,1,1,0,1,1,1,1,1,0,0,1,0,0,0,1,0,0,1,1,0,1,0,1,1,0.2777777777777778,17.146347678453715,1
99,0,1,0,1,1,0,1,1,0,0,0,1,0,1,0,1,1,0,1,1,0,0,1,0,0,0,1,0,0,1,1,0,1,0,1,1,0.2777777777777778,14.156091626315968,1
