,0,1,2,3,4,5,6,7,8,9,10,11,12,13,14,15,16,17,18,19,20,21,22,23,24,25,26,27,28,29,30,31,32,33,34,35,chain_break_fraction,energy,num_occurrences
0,0,1,0,1,0,1,0,1,0,1,1,1,1,0,0,0,1,0,1,0,0,1,0,0,1,0,0,1,0,0,0,0,0,1,1,1,0.19444444444444445,14.599738329087984,1
1,0,1,0,1,0,1,0,1,0,1,1,1,1,0,0,0,1,0,1,0,0,1,0,0,1,0,0,1,0,0,0,0,0,1,1,1,0.2222222222222222,14.599738329087984,1
2,1,1,1,0,1,0,0,0,1,0,0,1,0,1,1,0,0,1,1,1,0,0,0,1,0,1,1,0,0,1,1,1,1,0,0,0,0.19444444444444445,6.686605709658303,1
3,1,1,1,0,1,0,1,0,1,0,0,1,0,1,1,0,0,1,1,1,1,0,0,1,0,1,1,0,1,1,1,1,1,0,0,0,0.19444444444444445,10.676434797128032,1
4,0,1,0,1,0,1,0,1,0,1,1,1,1,0,0,0,1,0,0,0,0,1,0,0,1,0,0,1,0,0,0,0,0,1,1,1,0.2222222222222222,17.413476257098758,1
5,0,1,0,1,0,1,0,1,0,1,1,1,1,0,0,0,1,0,0,0,0,1,1,0,1,0,0,1,0,0,0,0,0,1,1,1,0.2777777777777778,16.662343213562476,1
6,0,1,0,1,0,1,0,1,0,1,1,1,1,0,0,0,1,0,0,0,0,1,0,0,1,0,0,1,0,0,0,0,0,1,1,1,0.2222222222222222,17.413476257098758,1
7,1,1,1,0,1,0,0,0,1,0,0,1,1,1,1,0,0,1,1,1,0,0,0,1,0,1,1,0,1,1,1,1,1,0,0,0,0.2222222222222222,8.444603665743513,1
8,1,1,1,0,1,0,1,0,1,0,0,1,0,1,1,0,0,1,0,1,1,0,0,1,0,1,1,0,1,1,1,1,1,0,0,0,0.2222222222222222,9.680254606309735,1
9,0,1,0,1,0,1,0,1,0,1,1,1,1,0,0,0,1,0,1,0,0,1,0,0,1,0,0,1,1,0,0,0,0,1,1,1,0.2222222222222222,13.0750635048553,1
10,1,1,1,0,1,0,0,0,1,0,0,1,1,1,1,0,0,1,1,1,1,0,0,1,0,1,1,0,1,1,1,1,1,0,0,0,0.25,10.984146111206545,1
11,1,1,1,0,1,0,0,0,1,0,0,1,0,1,1,0,0,1,0,1,0,0,0,1,0,1,1,0,0,1,1,1,1,0,0,0,0.2222222222222222,6.201635710170592,1
12,0,1,0,1,0,1,0,1,0,1,1,1,1,0,0,0,1,0,0,0,0,1,0,0,1,0,0,1,0,0,0,0,0,1,1,1,0.2777777777777778,17.413476257098758,1
13,1,1,1,0,1,0,1,0,1,0,0,1,1,1,1,0,0,1,1,1,1,0,0,1,0,1,1,0,1,1,1,1,1,0,0,0,0.2222222222222222,10.676022363892598,1
14,1,1,1,0,1,0,1,0,1,0,0,1,0,1,1,0,0,1,0,1,1,0,0,1,0,1,1,0,1,1,1,1,1,0,0,0,0.2222222222222222,9.680254606309735,1
15,0,1,0,1,0,1,0,0,0,1,1,1,1,0,0,0,1,0,0,0,0,0,0,0,1,0,0,1,0,0,0,0,0,1,1,1,0.19444444444444445,10.81225082950116,1
16,1,1,1,0,1,0,0,0,1,0,0,1,0,1,1,1,0,1,1,1,1,0,0,1,0,1,1,0,1,1,1,1,1,0,0,0,0.19444444444444445,11.536777186348804,1
17,0,1,0,1,0,1,0,1,0,1,1,1,1,0,0,0,1,0,1,0,0,1,0,0,1,0,0,1,1,0,0,0,0,1,1,1,0.2222222222222222,13.0750635048553,1
18,1,1,1,0,1,0,1,0,1,0,0,0,0,1,1,0,0,1,0,1,0,0,0,1,0,1,1,0,1,1,1,1,1,0,0,0,0.25,7.6593666957112685,1
19,0,1,0,1,0,1,0,1,0,1,1,1,1,1,0,0,1,0,0,0,0,1,0,0,1,0,0,1,0,0,0,0,0,1,1,1,0.2777777777777778,25.413475914553683,1
20,1,1,1,0,1,0,1,0,1,0,0,1,0,1,1,0,0,1,1,1,1,0,1,1,0,1,1,0,1,1,1,1,1,0,0,0,0.2777777777777778,14.257227732374684,1
21,0,1,0,1,0,1,0,0,0,1,1,1,1,0,0,0,1,0,1,0,0,1,0,0,1,0,0,1,1,0,0,0,0,1,1,1,0.19444444444444445,8.104092665183675,1
22,0,1,0,1,0,1,0,1,0,1,1,1,1,0,0,0,1,0,0,0,0,1,0,0,1,0,0,1,1,0,0,0,0,1,1,1,0.25,15.388771243354288,1
23,1,1,1,0,1,0,0,0,1,0,0,1,0,1,1,0,0,1,1,1,0,0,0,1,0,1,1,0,1,1,1,1,1,0,0,0,0.25,8.445016089519791,1
24,0,1,0,1,0,1,0,1,0,1,1,1,1,0,1,0,1,0,1,0,0,1,0,0,1,0,0,1,1,0,0,0,0,1,1,1,0.2222222222222222,15.371393832976462,1
25,1,1,1,0,1,0,0,0,1,0,0,1,0,1,1,1,0,1,1,1,1,0,0,1,0,1,1,0,1,1,1,1,1,0,0,0,0.2222222222222222,11.536777186348804,1
26,1,1,1,0,1,0,1,0,1,0,0,1,0,1,1,0,0,1,1,1,1,0,0,1,0,1,1,0,1,1,1,1,1,0,0,0,0.25,10.676434797128032,1
27,0,1,0,1,0,1,0,1,0,1,1,1,1,0,0,0,1,0,1,0,0,1,0,0,1,0,0,1,0,0,0,0,0,1,1,1,0.2777777777777778,14.599738329087984,1
28,1,1,1,0,1,0,0,0,1,0,0,1,0,1,1,0,0,1,0,1,0,0,0,1,0,1,1,0,1,1,1,1,1,0,0,0,0.2222222222222222,7.460015900520306,1
29,0,1,0,1,0,1,0,1,0,1,1,1,1,0,0,0,1,0,1,0,0,1,1,0,1,0,0,1,0,0,0,0,0,1,1,1,0.3055555555555556,14.434634572940759,1
30,1,1,1,0,1,0,1,0,1,0,0,1,0,1,1,0,0,1,0,1,1,0,0,1,0,1,1,0,1,1,1,1,1,0,0,0,0.25,9.680254606309735,1
31,0,1,0,1,0,1,0,0,0,1,1,1,1,0,0,0,1,1,0,1,0,1,0,0,1,0,0,1,0,0,0,0,0,1,1,1,0.19444444444444445,10.616311752402854,1
32,1,1,1,0,1,0,1,0,1,0,0,1,1,1,1,0,0,1,1,1,1,0,0,1,0,1,1,0,1,1,1,1,1,0,0,0,0.2777777777777778,10.676022363892598,1
33,1,1,1,0,1,0,1,0,1,0,0,0,0,1,1,0,0,1,1,1,1,0,1,1,0,1,1,0,0,1,1,1,1,0,0,0,0.25,13.90298094383987,1
34,1,1,1,0,1,0,1,0,1,0,0,0,0,1,1,0,0,1,1,1,1,0,0,1,0,1,1,0,1,1,1,1,1,0,0,0,0.2777777777777778,12.676240734990785,1
35,0,1,0,1,0,1,0,0,0,1,1,1,1,0,0,0,1,0,1,0,0,1,0,0,1,0,0,1,0,0,0,0,0,1,0,1,0.2222222222222222,9.339896260940272,1
36,1,1,1,0,1,0,1,0,1,0,0,1,0,1,1,0,0,1,0,0,0,0,0,1,0,1,1,0,1,1,1,1,1,0,0,0,0.2222222222222222,8.701426076823056,1
37,0,1,0,1,0,1,0,1,0,1,1,1,1,0,0,0,1,0,1,0,1,1,0,0,1,0,0,1,0,0,0,0,0,1,1,1,0.2777777777777778,14.922421369838215,1
38,0,1,0,1,0,1,0,1,0,1,1,1,1,0,0,0,1,0,0,0,0,1,1,0,1,0,0,1,0,0,0,0,0,1,1,1,0.2222222222222222,16.662343213562476,1
39,1,1,1,0,1,0,0,0,1,0,0,1,0,1,1,0,0,1,1,1,0,0,0,1,0,0,1,0,1,1,1,1,1,0,0,0,0.25,6.4697830386938335,1
40,1,1,1,0,1,0,0,0,1,0,0,0,0,1,1,0,0,1,0,1,1,0,0,1,0,1,1,0,1,1,1,1,1,0,0,0,0.25,11.982256308597355,1
41,1,1,1,0,1,0,0,0,1,0,0,1,0,1,1,0,0,1,1,1,1,0,0,1,0,1,1,0,1,1,1,1,1,0,0,0,0.25,11.484558544442871,1
42,1,1,1,0,1,0,1,0,1,0,0,1,0,1,1,0,0,1,0,1,1,0,0,1,0,1,1,0,1,1,1,1,1,0,0,0,0.3333333333333333,9.680254606309735,1
43,0,1,0,1,0,1,0,1,0,1,1,1,1,0,0,0,1,0,1,0,0,1,1,0,1,0,0,1,0,0,0,0,0,1,1,1,0.25,14.434634572940759,1
44,0,1,0,1,0,1,0,0,0,1,1,1,1,0,0,0,1,1,1,1,0,0,0,0,1,0,0,1,1,0,0,0,0,1,1,1,0.19444444444444445,6.4899914997160835,1
45,1,1,1,0,1,0,0,0,1,0,0,1,0,1,1,0,0,1,1,1,1,0,0,1,0,1,1,0,1,1,1,1,1,0,0,0,0.3055555555555556,11.484558544442871,1
46,1,1,1,0,1,0,0,0,1,0,0,1,1,1,1,0,0,1,1,1,1,0,1,1,0,1,1,0,1,1,1,1,1,0,0,0,0.3333333333333333,14.56957801542,1
47,0,1,0,1,0,1,0,0,0,1,1,1,1,0,0,0,1,0,1,0,0,1,0,0,1,0,0,1,1,0,0,0,0,1,1,1,0.2222222222222222,8.104092665183675,1
48,1,1,1,0,1,0,0,0,1,0,0,1,0,1,1,1,0,1,1,1,1,0,0,1,0,1,0,0,1,1,1,1,1,0,0,0,0.16666666666666666,11.187669514547817,1
49,0,1,0,1,0,1,0,1,0,1,1,1,1,0,0,0,1,0,1,0,0,1,0,0,1,0,0,1,0,0,0,0,0,0,1,1,0.25,16.067629201155178,1
50,1,1,1,0,1,0,1,0,1,0,0,1,1,1,1,1,0,1,1,1,1,0,0,1,0,1,1,0,1,1,1,1,1,0,0,0,0.2777777777777778,13.170037794738358,1
51,1,1,1,0,1,0,0,0,1,0,0,1,0,1,1,1,0,1,0,1,1,0,0,1,0,1,1,0,1,1,1,1,1,0,0,0,0.3055555555555556,11.187669514547835,1
52,1,1,1,0,1,0,0,0,1,0,0,1,0,1,1,1,0,1,1,1,1,0,1,1,0,1,1,0,1,1,1,1,1,0,0,0,0.3055555555555556,14.599107368074185,1
53,1,1,1,0,1,0,1,0,1,0,0,0,1,0,1,1,0,1,0,1,1,0,0,1,0,1,1,0,1,1,1,1,1,0,0,0,0.19444444444444445,10.82711690652026,1
54,1,1,1,0,1,0,0,0,1,0,0,1,0,1,1,1,0,1,0,1,1,0,0,1,0,1,1,0,1,1,1,1,1,0,0,0,0.2222222222222222,11.187669514547835,1
55,1,1,1,0,1,0,0,0,1,0,0,0,0,1,1,0,0,1,0,1,1,0,0,1,0,1,1,0,1,1,1,1,1,0,0,0,0.2777777777777778,11.982256308597355,1
56,1,1,1,0,1,0,0,0,1,0,0,0,0,1,1,1,0,1,0,1,0,0,0,1,0,1,1,0,1,1,1,1,1,0,0,0,0.19444444444444445,8.669200852594091,1
57,0,1,0,1,0,1,0,1,0,1,1,1,0,0,1,0,1,0,1,0,0,1,0,0,1,0,0,1,0,0,0,0,0,1,1,1,0.2777777777777778,15.396087454594074,1
58,1,1,1,0,1,0,0,0,1,0,0,1,0,1,1,0,0,1,0,1,0,0,0,1,0,1,1,0,1,1,1,1,1,0,0,0,0.2777777777777778,7.460015900520306,1
59,0,1,0,1,0,1,1,0,0,1,1,1,1,0,0,0,1,0,1,0,0,1,0,0,1,0,0,1,0,0,0,0,0,1,1,1,0.19444444444444445,10.614108994826363,1
60,0,1,0,1,0,1,0,1,0,1,1,1,1,0,0,0,1,0,0,0,0,1,0,0,1,0,0,1,0,0,0,0,0,1,1,1,0.3611111111111111,17.413476257098758,1
61,0,1,0,1,0,1,0,0,0,1,1,1,0,0,1,0,1,0,0,0,0,1,0,0,1,0,0,1,0,0,0,0,0,1,1,1,0.16666666666666666,10.861409118995375,1
62,1,1,1,0,1,0,0,0,1,0,0,0,0,1,1,0,1,1,0,1,1,0,0,1,0,1,1,0,1,1,1,1,1,0,0,0,0.16666666666666666,9.579334513852592,1
63,0,1,0,1,0,1,0,0,0,1,1,1,0,0,0,0,1,0,1,0,0,0,1,0,1,0,0,1,1,0,0,0,0,1,1,1,0.19444444444444445,5.385582875606806,1
64,1,1,1,0,1,0,1,0,1,0,0,1,0,1,1,0,0,1,0,1,0,0,0,1,0,1,1,0,1,1,1,1,1,0,0,0,0.16666666666666666,7.65956370061291,1
65,0,1,0,1,0,1,0,1,0,1,1,1,0,0,0,1,1,0,1,0,0,1,0,0,1,0,0,1,0,0,0,0,0,1,1,1,0.25,19.692436408827632,1
66,1,1,1,0,1,0,1,1,1,0,0,1,0,1,1,0,0,1,0,1,1,0,0,1,0,1,1,0,1,1,1,1,1,0,0,0,0.2222222222222222,13.075869865889183,1
67,1,1,1,0,1,0,1,0,1,0,0,1,1,1,1,0,0,1,1,1,1,0,0,1,0,1,1,0,1,1,1,1,1,0,1,0,0.2777777777777778,12.23226424435581,1
68,1,1,1,0,1,0,0,0,1,0,0,0,1,1,1,0,0,1,0,1,0,0,0,1,0,1,1,0,1,1,1,1,1,0,0,0,0.2222222222222222,7.959412808818746,1
69,1,1,1,0,1,0,1,0,1,0,0,1,1,1,0,1,0,1,0,1,1,0,0,1,0,1,1,0,1,1,1,1,1,0,0,0,0.25,12.00335183655808,1
70,0,1,0,1,0,1,0,1,0,1,1,1,0,0,0,1,1,0,1,0,0,1,0,0,1,0,0,1,0,0,0,0,0,1,1,1,0.2777777777777778,19.692436408827632,1
71,0,1,0,1,0,1,0,0,0,1,1,1,1,0,0,0,1,0,1,0,0,1,1,0,1,0,0,1,0,0,0,0,0,1,1,1,0.3333333333333333,9.472653842608192,1
72,0,1,0,1,0,1,0,1,0,1,1,1,0,0,0,1,1,0,0,0,0,1,1,0,1,0,0,1,0,0,0,0,0,1,1,1,0.3055555555555556,21.884943466936,1
73,1,1,1,0,1,0,1,0,1,0,0,1,1,1,1,0,0,1,1,0,1,0,1,1,0,1,1,0,1,1,1,1,1,0,0,0,0.25,11.59239634259597,1
74,1,1,1,0,1,0,0,0,1,0,0,1,0,1,1,1,0,1,1,1,0,0,1,1,0,1,1,0,0,1,1,1,0,0,0,0,0.25,9.298054549612381,1
75,1,1,1,0,1,0,0,0,1,0,0,1,0,1,1,1,0,1,1,1,1,0,1,1,0,1,1,0,0,1,1,1,1,0,1,0,0.25,14.535849901085095,1
76,0,1,0,1,0,1,0,0,0,1,1,1,1,1,0,0,1,0,1,0,0,1,0,0,1,0,0,1,1,0,0,0,0,1,1,1,0.3333333333333333,12.103817443392376,1
77,1,1,1,0,1,0,0,0,1,0,0,1,0,1,1,0,0,1,0,1,0,0,0,1,0,1,1,0,1,1,0,1,1,0,0,0,0.2222222222222222,6.336625794535067,1
78,1,1,1,0,0,1,0,0,0,1,1,0,0,0,1,0,1,1,0,1,1,1,0,0,1,0,0,1,0,0,0,0,0,0,1,1,0.1111111111111111,2.7282610985538374,1
79,1,1,1,0,1,0,0,0,1,0,0,1,0,1,1,1,0,1,1,1,1,0,1,1,0,1,1,0,0,1,1,1,1,0,0,0,0.2222222222222222,12.744947979237699,1
80,0,1,0,1,0,1,0,0,0,1,1,1,1,0,0,0,1,0,0,0,0,1,0,0,1,0,0,1,1,0,0,0,0,1,1,1,0.2222222222222222,9.405937649473524,1
81,0,1,0,1,0,1,0,1,0,1,1,1,1,0,0,0,1,0,1,0,0,1,0,0,1,0,0,1,1,0,0,0,0,1,1,1,0.3333333333333333,13.0750635048553,1
82,1,0,0,1,0,1,1,0,0,1,1,0,0,0,1,0,1,1,1,1,1,0,0,0,1,0,0,1,1,0,0,0,0,0,1,1,0.08333333333333333,3.1380892173089117,1
83,1,1,1,0,1,0,0,0,1,0,0,1,0,1,1,0,0,1,1,1,1,0,1,1,0,0,1,0,1,1,1,1,1,0,0,0,0.2777777777777778,10.951752422337824,1
84,1,1,0,0,1,0,1,1,1,0,0,1,0,1,1,1,0,1,0,1,0,0,0,1,0,1,1,0,1,1,1,1,1,0,0,0,0.19444444444444445,14.952453153677562,1
85,1,1,0,1,1,1,0,0,0,1,1,1,0,0,0,0,1,1,1,1,0,1,0,0,1,0,0,1,0,0,0,0,0,1,1,1,0.16666666666666666,8.734239816710517,1
86,0,1,0,1,0,1,1,0,0,1,1,1,1,0,0,0,1,0,1,0,1,1,0,0,1,0,0,1,0,0,0,0,0,1,1,1,0.2777777777777778,11.438532205879469,1
87,1,1,1,0,1,0,1,0,1,0,0,1,0,1,1,0,0,1,1,1,1,0,0,1,0,1,1,0,1,1,1,1,1,0,0,0,0.2222222222222222,10.676434797128032,1
88,1,1,1,0,1,0,0,0,1,0,0,1,0,1,1,0,0,1,1,1,0,0,1,1,0,1,1,0,0,1,1,1,1,0,0,0,0.3333333333333333,9.36957739578681,1
89,1,1,1,0,1,0,1,0,1,0,0,1,0,1,1,1,0,1,0,1,1,0,1,1,0,1,1,0,1,1,1,1,1,0,1,0,0.3055555555555556,15.541260095862379,1
90,1,1,0,1,0,1,0,1,0,1,1,1,0,0,0,0,1,1,0,0,1,1,1,0,1,0,0,1,0,0,0,0,0,0,1,1,0.25,22.899202551692223,1
91,0,1,0,1,0,1,0,0,0,1,1,1,1,0,0,0,1,1,1,0,1,1,0,0,1,0,0,1,0,0,0,0,0,1,1,1,0.3055555555555556,12.69209868273255,1
92,1,1,0,1,0,1,0,0,0,1,1,1,0,0,0,0,1,0,1,0,0,0,1,0,1,0,0,1,0,0,0,0,0,1,1,0,0.19444444444444445,9.655920555208056,1
93,0,1,0,1,0,1,0,0,0,1,1,1,1,0,0,0,1,0,0,0,0,1,1,0,1,0,0,1,1,0,0,0,0,1,0,1,0.25,10.203160704959632,1
94,0,1,0,1,0,1,0,0,0,1,1,1,1,0,1,0,1,0,1,0,0,1,0,0,1,0,0,1,1,0,0,0,0,1,1,1,0.2222222222222222,8.958626204365046,1
95,1,1,1,0,1,0,1,0,1,0,0,1,1,1,1,0,0,1,1,1,1,0,0,1,0,1,1,0,1,1,1,1,1,0,1,0,0.3055555555555556,12.23226424435581,1
96,0,1,0,1,0,1,0,1,0,1,1,0,1,0,0,0,1,0,1,1,0,1,0,0,1,0,0,1,0,0,0,0,0,1,1,1,0.2222222222222222,9.972244906178496,1
97,1,1,1,0,1,0,1,0,0,0,0,0,1,0,1,1,0,0,0,0,0,0,0,1,0,1,1,0,1,1,1,1,1,0,0,0,0.25,9.338348527417043,1
98,1,1,1,0,1,0,0,1,1,0,0,0,0,1,0,0,0,1,1,1,0,0,1,1,0,1,1,0,1,1,1,1,1,0,0,0,0.3055555555555556,14.56451012654803,1
99,1,1,1,0,1,0,0,0,1,0,0,0,0,1,1,0,0,1,1,1,0,0,1,1,0,1,1,0,1,1,1,1,1,0,0,0,0.3055555555555556,14.644999682285471,1
