,0,1,2,3,4,5,6,7,8,9,10,11,12,13,14,15,16,17,18,19,20,21,22,23,24,25,26,27,28,29,30,31,32,33,34,35,chain_break_fraction,energy,num_occurrences
0,0,1,0,1,0,1,0,0,1,1,1,0,1,1,0,0,0,1,1,1,1,1,1,0,0,0,1,0,1,0,0,1,0,0,1,1,0.3333333333333333,17.28309039042624,1
1,0,1,0,1,0,1,0,0,1,1,1,0,1,0,0,0,0,1,1,1,1,1,1,0,0,0,1,0,1,0,0,1,1,0,1,1,0.3888888888888889,18.588662597991792,1
2,0,1,0,1,0,1,0,0,1,1,1,1,1,0,0,0,0,1,1,1,1,1,1,0,0,0,1,0,1,0,1,1,1,0,1,1,0.4166666666666667,21.805704135398848,1
3,0,1,0,1,0,1,0,0,1,1,1,0,1,1,0,0,0,1,1,1,1,1,1,0,0,0,1,0,1,0,0,1,1,0,1,1,0.3611111111111111,18.659780558555894,1
4,0,1,0,1,0,1,0,0,1,1,1,0,1,1,0,0,0,1,1,1,1,1,1,0,0,0,1,0,1,0,1,1,1,0,1,1,0.3611111111111111,20.155614833690194,1
5,0,1,0,1,0,1,0,0,1,1,1,0,1,0,0,0,0,1,1,1,1,1,1,0,0,0,1,0,1,0,1,1,1,0,1,1,0.4166666666666667,21.08589703090446,1
6,0,1,0,1,0,1,0,0,1,1,1,0,1,0,0,0,0,1,1,1,1,1,1,0,0,0,1,0,1,0,1,1,0,0,1,1,0.2777777777777778,18.141674660831104,1
7,0,1,0,1,0,1,0,0,1,1,1,0,1,0,0,0,0,1,1,1,1,1,1,0,0,0,1,0,1,0,1,1,0,0,1,1,0.3333333333333333,18.141674660831104,1
8,0,1,0,1,0,1,0,0,1,1,1,1,1,0,0,0,0,1,1,1,1,1,1,0,0,0,1,0,1,0,1,1,1,0,1,1,0.3333333333333333,21.805704135398848,1
9,0,1,0,1,0,1,0,0,1,0,0,0,1,1,0,0,0,1,1,1,1,1,1,0,0,0,1,0,1,0,1,1,1,0,1,1,0.3333333333333333,21.09366401439414,1
10,0,1,0,1,0,1,0,0,1,1,0,0,1,0,0,0,0,1,1,1,1,1,1,0,0,0,0,0,1,0,1,1,0,0,1,1,0.3055555555555556,16.88369140055206,1
11,0,1,0,1,0,1,0,0,1,1,1,0,1,0,0,0,0,1,1,1,1,1,1,0,0,0,1,0,1,0,1,1,1,0,1,1,0.3333333333333333,21.08589703090446,1
12,0,1,0,1,0,1,0,0,1,1,0,0,1,1,0,0,0,1,1,1,1,1,1,0,0,0,1,0,1,0,0,1,0,0,1,1,0.25,16.919295326050758,1
13,0,1,0,1,0,1,0,0,1,0,1,0,1,0,0,0,0,1,1,1,1,1,1,0,0,0,1,0,1,0,0,1,0,0,1,1,0.25,16.29231296216489,1
14,0,1,0,1,0,1,0,0,1,1,0,0,1,1,0,0,0,1,1,1,1,1,1,0,0,0,1,0,1,0,1,1,0,0,1,1,0.3055555555555556,18.41358690564177,1
15,0,1,0,1,0,1,0,0,1,0,0,1,1,1,0,1,0,1,1,1,1,1,1,0,0,0,1,0,1,0,0,1,1,0,1,1,0.3055555555555556,20.03870179665805,1
16,0,1,0,1,0,1,0,0,1,1,1,0,1,1,0,0,0,1,1,1,1,1,1,0,0,0,1,0,1,0,1,1,0,0,1,1,0.3888888888888889,18.27735451415638,1
17,0,1,0,1,0,1,0,0,1,1,1,0,1,0,0,0,0,1,1,1,1,1,1,0,0,0,0,0,1,0,1,1,1,0,1,1,0.3055555555555556,18.688551110477096,1
18,0,1,0,1,0,1,0,0,1,1,0,0,1,0,0,0,0,1,1,1,1,1,1,0,0,0,1,0,1,0,1,1,0,0,1,1,0.25,19.277907565623433,1
19,0,1,0,1,0,1,0,0,1,1,1,0,1,1,0,0,0,1,1,1,1,1,1,0,0,0,1,0,1,0,1,0,1,0,1,1,0.3333333333333333,17.163946283421605,1
20,0,1,0,1,0,1,0,0,1,1,0,1,1,0,0,0,0,1,1,1,1,1,1,0,0,0,0,0,1,0,1,1,1,0,1,1,0.3333333333333333,19.549433454137873,1
21,0,1,0,1,0,1,0,0,1,1,1,1,1,0,0,0,0,1,1,1,1,1,1,0,0,0,1,0,1,0,1,1,1,0,1,1,0.3333333333333333,21.805704135398848,1
22,1,0,1,0,1,0,1,1,0,0,0,0,0,0,1,1,1,0,0,0,0,1,0,1,1,1,0,1,0,0,0,0,0,1,0,0,0.2777777777777778,17.220568502515526,1
23,0,0,0,1,0,1,0,0,1,1,0,1,1,0,0,0,0,1,1,1,1,1,1,0,0,0,0,0,1,0,1,1,1,0,1,1,0.3333333333333333,20.549319989702468,1
24,0,1,0,1,0,1,0,0,1,1,1,0,1,1,0,0,0,1,1,1,1,1,1,0,0,0,1,0,1,0,1,1,0,0,1,1,0.3333333333333333,18.27735451415638,1
25,1,0,1,0,1,0,1,0,0,0,0,0,0,0,1,0,1,0,0,0,0,1,0,1,1,1,0,1,0,0,0,0,0,1,0,0,0.25,17.403436080328444,1
26,0,1,0,1,0,1,0,0,1,0,0,0,1,1,0,1,0,1,1,1,1,1,1,0,0,0,1,0,1,0,0,1,0,0,1,1,0.3333333333333333,16.5028611931618,1
27,0,1,0,1,0,1,0,0,1,0,1,0,1,0,0,0,0,1,1,1,1,1,1,0,0,0,1,0,1,0,1,1,1,0,1,1,0.4166666666666667,23.23375838377957,1
28,0,1,0,1,0,1,0,0,1,1,0,0,1,1,0,1,0,1,1,1,1,1,1,0,0,0,1,0,1,0,1,1,0,0,1,1,0.2777777777777778,21.549266245660064,1
29,0,1,0,1,0,1,0,0,1,1,0,0,1,0,0,0,0,1,1,1,1,1,1,0,0,0,1,0,1,0,1,1,1,0,0,1,0.3055555555555556,20.00096535104145,1
30,0,1,0,1,0,1,0,0,1,1,0,0,1,0,0,1,0,1,1,1,1,1,1,0,0,0,0,0,1,0,1,1,1,0,1,1,0.3333333333333333,18.897787202292108,1
31,1,1,0,1,0,1,0,0,1,0,1,0,1,0,0,0,0,1,1,1,1,1,1,0,0,0,1,0,1,0,1,1,1,0,1,1,0.3333333333333333,21.73377849729881,1
32,1,0,1,0,1,0,1,1,0,0,0,0,0,1,1,1,1,0,0,0,0,1,0,1,1,1,0,1,0,0,0,0,1,1,0,0,0.2777777777777778,25.212320635628846,1
33,1,0,1,0,1,0,1,1,0,0,1,0,0,0,1,1,1,0,0,0,0,1,0,1,1,1,0,1,0,0,1,0,1,1,0,0,0.3611111111111111,21.063055605231593,1
34,0,1,0,1,0,1,0,0,1,1,1,0,1,0,0,0,0,1,1,1,1,1,1,0,0,0,1,0,1,0,1,1,0,0,0,1,0.4166666666666667,16.442768613181116,1
35,0,1,0,1,0,1,0,0,1,1,0,0,1,1,0,0,0,1,0,1,1,1,1,0,0,0,1,0,1,0,1,1,1,0,1,1,0.3055555555555556,17.621282496265266,1
36,0,1,0,1,0,1,0,0,1,0,1,0,1,0,0,0,0,1,1,1,1,1,1,0,0,0,1,0,1,0,1,1,1,0,1,1,0.2777777777777778,23.23375838377957,1
37,0,1,0,1,0,1,0,0,1,0,1,0,1,1,0,0,0,1,1,1,1,1,1,0,0,0,1,0,1,0,1,1,0,0,1,1,0.3055555555555556,16.573922886030957,1
38,0,1,0,1,0,1,0,1,1,1,1,0,1,1,0,0,0,1,1,1,1,1,1,0,0,0,1,0,1,0,1,1,1,0,1,1,0.4722222222222222,24.29299994484601,1
39,1,0,1,0,1,0,1,1,0,0,1,0,0,0,1,1,1,0,0,0,0,1,0,1,1,1,0,1,0,0,0,0,0,1,0,0,0.3333333333333333,16.863814259722147,1
40,1,0,1,1,1,0,1,1,0,0,0,0,0,0,1,1,1,0,0,0,0,1,0,1,1,1,0,1,0,0,1,0,0,1,0,0,0.3055555555555556,18.62439754647898,1
41,0,1,0,1,0,1,0,0,1,1,1,0,1,0,0,0,0,1,1,1,1,1,1,0,0,0,1,0,1,0,0,1,1,0,0,1,0.4166666666666667,16.891586264222376,1
42,0,1,0,1,0,1,0,0,1,1,1,0,1,0,0,0,0,1,1,1,1,1,1,0,0,0,1,0,1,0,1,1,1,0,1,1,0.25,21.08589703090446,1
43,0,1,0,1,0,1,0,0,1,1,0,0,1,0,0,0,0,1,1,1,1,1,1,0,0,0,0,0,0,0,0,1,1,0,1,1,0.2222222222222222,16.312409396881918,1
44,0,1,0,1,0,1,0,0,1,1,1,1,1,0,0,0,0,1,1,1,1,1,1,0,0,0,1,0,1,0,1,1,1,0,1,1,0.4444444444444444,21.805704135398848,1
45,0,1,0,1,0,1,0,0,1,1,1,0,1,1,0,0,0,1,1,1,1,1,1,0,0,0,0,0,1,0,1,1,0,0,1,1,0.3888888888888889,17.38451828649562,1
46,1,0,0,0,1,0,1,0,0,0,0,0,0,0,1,1,1,0,0,0,0,1,0,1,1,1,0,1,0,0,0,0,0,1,0,0,0.25,17.4582910625075,1
47,1,0,1,0,1,0,1,1,0,0,0,0,0,0,1,1,1,0,0,0,0,1,0,1,1,1,0,1,0,1,0,0,0,1,0,0,0.2777777777777778,22.066792434054722,1
48,0,1,1,1,0,1,0,0,1,1,0,1,1,1,0,0,0,1,1,1,1,1,1,0,0,0,1,0,1,0,1,1,0,0,1,1,0.3333333333333333,21.015568677022106,1
49,0,1,0,1,0,1,0,0,1,1,1,0,1,0,0,0,0,1,1,1,1,1,1,1,0,0,1,0,1,0,0,1,1,0,0,1,0.3888888888888889,21.24534583303707,1
50,0,1,0,1,1,1,0,0,1,0,1,0,1,1,0,0,0,1,1,1,1,1,1,0,0,0,1,0,1,0,0,1,1,0,1,1,0.3333333333333333,16.70945083840013,1
51,0,1,0,1,0,1,0,0,1,1,0,1,1,0,0,0,0,1,1,1,1,1,1,0,0,0,1,0,1,0,1,1,0,0,1,1,0.3333333333333333,19.005441756038746,1
52,0,1,0,1,0,1,0,0,1,1,0,0,1,1,0,0,0,1,1,1,1,0,1,0,0,0,0,0,1,0,0,1,1,0,1,1,0.3611111111111111,13.698854591962602,1
53,1,0,1,0,1,0,1,1,0,0,0,0,0,0,0,0,1,0,0,0,0,1,0,1,1,1,0,1,0,0,1,0,0,1,0,0,0.3055555555555556,19.705100365435534,1
54,0,1,0,1,0,1,0,0,1,1,0,1,1,1,0,0,0,1,1,1,1,1,1,0,0,0,1,0,1,0,0,1,1,0,1,1,0.3055555555555556,20.519712079970855,1
55,1,0,1,0,1,0,1,0,0,1,1,1,0,0,1,0,1,0,0,0,0,1,0,1,1,1,0,1,0,1,0,0,0,1,0,0,0.3055555555555556,19.10285526244007,1
56,0,1,0,1,0,1,0,0,1,1,0,1,1,0,0,0,0,1,1,0,1,1,1,0,0,0,1,0,1,0,1,1,0,0,1,1,0.3333333333333333,14.057852759927892,1
57,0,0,0,1,0,1,0,0,1,1,1,1,1,0,0,0,1,1,1,1,1,1,1,0,0,0,1,0,1,0,1,1,0,0,1,1,0.3333333333333333,20.023758211258667,1
58,0,1,0,1,0,1,0,0,1,1,0,0,1,1,0,0,0,1,1,1,1,1,0,0,0,0,1,0,1,0,1,1,0,0,1,1,0.3333333333333333,18.593228121518578,1
59,0,1,0,1,0,1,0,0,1,0,1,1,1,1,0,0,0,1,1,1,1,1,1,0,0,0,1,0,1,0,1,1,1,0,1,1,0.4166666666666667,20.173376210174865,1
60,0,1,0,1,0,1,0,0,1,0,1,0,1,0,0,0,0,1,1,1,1,1,1,0,0,0,1,0,1,0,1,0,1,0,1,1,0.3055555555555556,16.238941726067768,1
61,1,0,1,0,1,0,1,1,0,1,1,0,0,0,1,0,1,0,0,0,0,1,0,1,1,1,0,1,0,1,0,0,0,1,0,0,0.4444444444444444,20.35579527047706,1
62,0,1,0,1,0,1,0,0,1,1,1,1,1,1,0,0,0,1,1,1,1,1,1,0,0,0,1,0,1,0,1,1,1,0,0,1,0.4166666666666667,23.093185090276954,1
63,0,1,0,1,0,1,0,0,0,1,0,0,1,1,0,0,0,1,1,1,1,1,1,0,0,0,0,0,1,0,1,1,0,0,0,1,0.3055555555555556,15.330154763742586,1
64,1,0,1,0,1,0,1,1,0,0,1,1,0,1,0,0,1,0,0,0,0,1,0,1,1,1,0,1,0,0,1,0,0,1,0,0,0.2777777777777778,17.9561871077767,1
65,1,0,1,0,1,0,1,1,0,0,1,1,0,0,1,1,1,0,0,0,0,1,0,1,1,1,0,1,0,0,0,0,0,1,1,0,0.3055555555555556,18.577988256880463,1
66,0,1,0,1,0,1,0,1,1,0,1,0,1,0,0,1,0,1,1,1,1,1,1,0,0,0,1,0,1,0,1,1,1,0,1,1,0.3888888888888889,20.548174647712006,1
67,1,0,1,0,1,0,1,1,0,0,0,0,0,0,1,1,1,0,0,0,0,1,0,1,0,1,0,1,0,0,0,0,0,1,0,0,0.2777777777777778,14.736734824748037,1
68,0,1,0,1,0,1,0,0,1,0,0,1,1,1,0,0,0,1,1,1,1,1,1,0,0,0,1,0,1,0,1,1,1,0,0,1,0.3333333333333333,18.351863051761793,1
69,0,1,1,1,0,1,0,0,1,1,0,1,1,1,0,0,0,1,1,1,1,1,1,0,0,0,1,0,1,0,1,1,1,0,1,0,0.3333333333333333,22.327141946766407,1
70,0,1,0,1,0,1,0,0,1,1,0,1,1,1,0,0,0,1,1,1,1,1,1,0,0,0,1,0,1,0,1,1,1,0,1,1,0.3333333333333333,21.515518899244277,1
71,1,0,1,0,1,0,1,1,0,0,1,1,0,0,1,1,1,0,0,0,0,1,0,1,1,1,0,1,0,0,0,1,0,1,0,0,0.3333333333333333,21.083502589603057,1
72,0,1,0,1,0,1,0,0,1,1,0,0,1,1,0,0,0,1,1,1,0,1,1,0,0,0,1,0,1,0,1,1,1,0,1,1,0.3333333333333333,17.772100441202404,1
73,0,1,0,1,0,1,0,0,1,1,0,0,1,0,0,0,0,1,0,1,1,1,1,0,0,0,0,0,1,0,1,1,1,0,1,1,0.3611111111111111,16.039022898373634,1
74,0,1,0,1,0,1,0,0,1,1,0,0,1,0,0,0,0,1,1,0,1,0,1,0,0,0,1,0,1,0,1,1,1,0,1,1,0.3611111111111111,9.620885083474713,1
75,0,1,0,1,0,1,0,0,1,1,1,0,1,0,0,0,0,1,1,1,1,1,0,0,0,0,0,0,1,0,1,1,1,0,1,1,0.3611111111111111,18.00985189631266,1
76,0,1,0,1,0,1,0,0,1,1,0,0,1,1,0,0,0,1,1,1,1,1,1,0,0,0,1,0,1,0,1,1,0,0,1,1,0.3055555555555556,18.41358690564177,1
77,1,1,1,1,1,0,1,1,0,0,1,0,0,0,1,1,1,0,0,0,0,1,0,1,1,1,0,1,0,0,1,0,0,1,0,0,0.3611111111111111,22.76818554074129,1
78,0,1,0,1,0,1,0,0,1,0,0,1,1,0,0,0,0,1,1,1,1,0,1,0,0,0,1,0,1,0,1,1,1,0,1,1,0.3333333333333333,14.289337395622127,1
79,0,1,0,1,0,1,0,0,1,1,1,0,1,0,0,0,0,1,1,1,1,1,1,0,1,0,1,0,1,0,0,1,0,0,1,1,0.3055555555555556,18.06508933961841,1
80,0,1,1,1,0,1,0,0,1,0,0,0,1,1,0,0,0,1,1,1,1,1,1,0,0,0,1,0,1,0,0,1,1,0,0,1,0.19444444444444445,15.708619248491436,1
81,1,0,1,0,1,0,1,1,0,0,0,0,0,1,1,1,1,0,0,0,0,1,0,1,1,1,0,1,0,0,0,0,1,1,0,0,0.3611111111111111,25.212320635628846,1
82,0,1,1,1,0,1,0,1,1,0,1,1,1,0,0,0,0,1,1,1,1,1,1,0,0,0,1,0,1,0,1,1,1,0,0,1,0.3055555555555556,20.75587575148759,1
83,0,1,0,1,0,1,0,0,1,0,1,1,1,0,0,0,0,1,1,1,1,1,1,0,0,0,0,0,1,0,0,1,1,0,1,0,0.3611111111111111,15.136370287856199,1
84,0,0,0,1,0,1,0,0,1,0,0,0,1,1,0,1,0,1,1,1,1,1,1,0,0,0,1,0,1,0,1,1,1,0,1,1,0.3055555555555556,22.31341846604031,1
85,0,1,0,1,0,1,0,0,1,1,1,0,1,1,0,1,0,1,1,1,1,1,1,0,0,0,1,0,1,0,1,1,1,0,1,1,0.3888888888888889,23.22533263647585,1
86,0,1,0,1,0,1,0,1,1,1,1,0,1,0,0,0,0,1,1,1,1,1,1,0,0,0,1,0,1,0,1,1,1,0,1,1,0.3333333333333333,21.843260843623074,1
87,1,0,1,0,1,0,1,1,0,0,1,0,0,0,1,1,1,0,0,0,0,1,0,1,0,1,1,1,0,1,1,0,0,1,1,0,0.25,23.636822145948706,1
88,1,0,1,0,1,0,1,1,0,0,0,1,0,0,1,1,1,0,0,0,0,1,0,1,0,1,1,1,0,0,0,0,1,1,0,0,0.3055555555555556,19.334077607853384,1
89,0,1,0,1,0,1,0,0,1,0,0,0,1,1,0,0,1,1,0,1,1,1,1,0,0,0,0,0,1,0,1,1,1,0,1,1,0.25,14.314676453803576,1
90,0,0,1,0,1,0,1,1,0,1,1,0,0,0,1,1,1,0,0,0,0,1,0,1,1,1,0,1,0,1,0,0,0,1,0,0,0.3888888888888889,24.025712396164664,1
91,0,1,0,1,0,1,0,0,1,1,1,1,1,1,0,0,0,1,1,1,1,1,1,0,0,0,1,0,1,0,1,1,1,0,1,1,0.3888888888888889,22.875422964798382,1
92,0,1,0,1,0,1,0,0,1,0,1,0,1,0,0,0,0,1,1,0,1,1,1,0,0,0,1,0,1,0,1,1,1,0,1,1,0.3611111111111111,13.59491250593333,1
93,1,0,1,0,1,0,1,1,0,0,0,0,0,0,0,1,1,0,0,0,0,1,0,1,0,1,0,1,0,0,0,0,0,1,0,0,0.3055555555555556,13.517905786226738,1
94,0,1,1,1,0,1,0,0,1,1,0,0,1,0,0,0,0,1,1,1,1,1,1,0,0,0,1,0,1,0,1,1,0,0,1,1,0.25,18.15234627148988,1
95,0,1,0,1,0,1,0,0,1,1,1,0,1,0,0,0,0,1,1,1,1,1,1,0,0,0,0,0,1,1,1,1,1,0,0,1,0.3055555555555556,23.339635848484857,1
96,0,1,0,1,0,1,0,1,1,0,1,0,1,1,0,0,0,1,1,1,1,1,1,0,0,0,1,0,1,1,1,0,0,0,1,1,0.4444444444444444,19.540431095216658,1
97,0,0,1,0,1,0,0,0,0,0,0,0,0,1,1,1,1,0,0,0,0,0,0,1,1,1,0,1,0,0,0,0,0,1,0,0,0.3055555555555556,11.803373567423076,1
98,0,1,0,1,0,1,0,0,1,1,1,0,1,0,0,1,0,1,1,1,1,1,1,0,0,0,1,0,1,0,1,1,1,0,1,1,0.4166666666666667,20.155614833690194,1
99,1,0,1,0,1,0,1,1,0,0,1,0,0,0,1,1,1,0,0,0,0,1,0,1,1,1,0,1,0,0,1,0,1,1,0,0,0.3055555555555556,21.063055605231593,1
