,0,1,2,3,4,5,6,7,8,9,10,11,12,13,14,15,16,17,18,19,20,21,22,23,24,25,26,27,28,29,30,31,32,33,34,35,chain_break_fraction,energy,num_occurrences
0,0,1,1,0,1,0,1,0,1,1,1,0,1,0,0,1,1,0,1,1,0,0,0,0,0,1,1,0,1,0,0,1,1,1,0,1,0.25,17.38205457767336,1
1,0,1,1,0,1,0,1,0,1,1,1,0,1,0,0,1,1,0,1,1,0,0,0,0,0,1,1,0,0,0,0,1,1,1,0,1,0.2777777777777778,16.032609017136863,1
2,1,0,1,1,0,1,0,1,0,0,0,1,0,1,1,0,0,1,0,0,1,1,1,1,1,0,0,1,0,1,1,1,0,0,1,0,0.2777777777777778,15.351170044639513,1
3,0,1,0,0,1,0,1,0,1,1,1,0,1,0,0,1,1,0,1,1,0,0,0,0,0,1,1,0,1,0,0,1,1,1,0,1,0.25,19.26592547353676,1
4,1,0,1,1,0,1,0,1,0,0,0,1,0,1,1,0,0,1,0,0,1,1,1,1,1,0,0,1,0,1,1,1,0,0,1,0,0.3333333333333333,15.351170044639513,1
5,0,1,0,0,1,0,1,0,1,1,1,0,1,0,0,1,1,0,1,1,0,0,0,0,0,1,1,0,0,0,0,1,1,1,0,1,0.3055555555555556,17.41266135528195,1
6,0,1,0,0,1,0,1,0,1,1,1,0,1,0,0,1,1,0,1,1,0,0,0,0,0,1,1,0,0,0,0,1,1,1,0,1,0.25,17.41266135528195,1
7,1,0,1,1,0,1,0,1,0,0,0,1,0,0,1,0,0,1,0,0,0,1,1,1,1,0,0,1,0,1,1,1,0,0,1,0,0.3333333333333333,12.157162700166008,1
8,0,1,1,0,1,0,0,0,1,1,1,0,1,0,0,1,1,0,1,1,0,0,0,0,0,1,1,0,1,0,0,1,1,1,0,0,0.25,16.396040415893474,1
9,0,1,0,0,1,0,1,0,1,1,1,0,1,0,0,1,1,0,1,1,0,0,0,0,0,1,1,0,1,0,0,1,1,1,0,0,0.3055555555555556,18.79988111281979,1
10,0,1,0,0,1,0,1,0,1,1,1,0,1,0,0,1,1,0,1,1,0,0,0,0,0,1,1,0,0,0,0,1,1,1,0,1,0.3333333333333333,17.41266135528195,1
11,1,0,1,1,0,1,0,1,0,0,0,1,0,1,1,0,0,1,0,0,1,1,1,1,1,0,0,1,0,1,1,1,0,0,1,0,0.2777777777777778,15.351170044639513,1
12,1,0,1,1,0,1,0,1,0,0,0,0,0,0,1,0,0,1,0,0,0,1,1,1,1,0,0,1,0,1,1,1,0,0,1,0,0.2777777777777778,13.932749777949756,1
13,0,1,1,0,1,0,1,0,1,1,1,0,1,0,0,1,1,0,1,1,0,0,0,0,0,1,1,0,0,0,0,1,1,1,0,1,0.3055555555555556,16.032609017136863,1
14,0,1,1,0,1,0,1,0,1,1,1,0,1,0,0,1,1,0,1,1,0,0,0,0,0,1,1,0,1,0,0,1,1,1,0,0,0.25,17.918914253937977,1
15,0,1,0,0,1,0,1,0,1,1,1,1,1,0,0,1,1,0,1,1,0,0,0,0,0,1,1,0,1,0,0,1,1,1,0,1,0.3333333333333333,19.525595722252312,1
16,0,1,0,0,1,0,1,0,1,1,1,0,1,0,0,1,1,0,1,1,0,0,0,0,0,1,1,0,0,0,0,1,1,1,0,1,0.3333333333333333,17.41266135528195,1
17,0,1,1,0,1,0,1,0,1,1,1,0,1,0,0,1,1,0,1,1,0,0,0,0,0,1,1,0,0,0,0,1,1,1,0,0,0.25,17.60692606931117,1
18,1,0,1,1,0,1,0,1,0,0,0,1,0,1,1,0,0,1,0,0,1,1,1,1,1,0,0,1,0,1,1,1,0,0,1,1,0.3611111111111111,20.096742437066872,1
19,0,1,1,0,1,0,1,0,1,0,1,0,1,0,0,1,1,0,1,1,0,0,0,0,0,1,1,0,0,0,0,1,1,1,0,0,0.3055555555555556,13.56098798679433,1
20,0,1,1,0,1,0,1,0,1,1,1,0,1,0,0,1,0,0,1,1,0,0,0,0,0,1,1,0,0,0,0,1,1,1,0,1,0.25,15.603777960507834,1
21,1,0,1,1,0,1,0,1,0,0,0,1,0,0,1,0,0,1,0,0,1,1,1,1,1,0,0,1,0,1,1,1,0,0,1,0,0.3611111111111111,13.646804633837508,1
22,1,0,1,1,0,1,0,1,0,0,0,1,0,0,1,0,0,1,0,0,1,1,1,1,1,0,0,1,0,1,1,1,0,0,1,0,0.3333333333333333,13.646804633837508,1
23,0,1,1,0,1,0,1,0,1,1,1,0,1,0,0,1,1,0,1,1,0,0,0,0,0,1,1,0,0,0,0,1,1,1,0,1,0.2777777777777778,16.032609017136863,1
24,0,1,1,0,1,0,1,0,1,1,1,0,1,0,0,1,1,0,1,1,0,0,0,0,0,1,1,0,0,0,0,1,1,1,0,1,0.2777777777777778,16.032609017136863,1
25,0,1,1,0,1,0,1,0,1,1,1,0,1,0,0,1,0,0,1,1,0,0,0,0,0,1,1,0,1,0,0,1,1,1,0,1,0.2777777777777778,17.453849241025605,1
26,1,0,1,1,1,1,0,1,0,0,0,1,0,1,1,0,0,1,0,0,1,1,1,1,1,0,0,1,0,1,1,1,0,0,1,0,0.3888888888888889,16.029693164192288,1
27,1,0,1,1,0,1,0,1,0,0,0,1,0,1,1,0,0,1,0,0,1,1,1,1,1,0,0,1,1,1,1,1,0,0,1,0,0.25,16.859722805758544,1
28,1,0,0,1,0,1,0,1,0,0,0,1,0,1,1,0,0,1,0,0,1,1,1,1,1,0,0,1,0,1,1,1,0,0,1,0,0.4166666666666667,15.620749187054983,1
29,0,1,0,0,1,0,0,0,1,1,1,0,1,0,0,1,1,0,1,1,0,0,0,0,0,1,1,0,1,0,0,1,1,1,0,0,0.3611111111111111,17.777007274851506,1
30,0,1,1,0,1,0,1,0,0,1,1,0,1,0,0,1,1,0,1,1,0,0,0,0,0,1,1,0,0,0,0,1,1,1,0,1,0.2777777777777778,15.010680315031468,1
31,0,1,0,0,1,0,1,0,0,1,1,0,1,0,0,1,1,0,1,1,0,0,0,0,0,1,1,0,0,0,0,1,1,1,0,1,0.3333333333333333,16.890732653252773,1
32,0,1,0,0,1,0,1,0,1,1,1,0,1,0,0,1,1,0,1,1,0,0,0,0,0,1,1,0,0,0,0,1,1,1,0,0,0.3055555555555556,17.984074370474673,1
33,0,1,0,0,1,0,1,0,1,1,1,0,1,0,0,1,1,0,1,1,0,0,0,0,0,1,1,0,1,0,0,1,1,1,0,1,0.3333333333333333,19.26592547353676,1
34,1,0,0,1,0,1,0,1,0,0,0,1,0,0,1,0,0,1,0,0,0,1,1,1,1,0,0,1,0,1,1,1,0,0,1,0,0.3055555555555556,12.92552811518377,1
35,1,0,0,1,0,1,0,1,0,0,0,1,0,0,1,0,0,1,0,0,1,1,1,1,1,0,0,1,0,1,1,1,0,0,1,0,0.2777777777777778,14.91662206734604,1
36,1,0,0,1,0,1,0,1,0,0,0,1,0,1,1,0,0,1,0,0,1,1,1,1,1,0,0,1,0,1,1,1,0,0,1,0,0.3611111111111111,15.620749187054983,1
37,1,0,0,1,0,1,0,1,0,0,0,1,0,1,1,0,0,1,0,0,1,1,1,1,1,0,0,1,1,1,1,1,0,0,1,0,0.3055555555555556,17.633120505892325,1
38,0,1,0,0,1,0,1,0,0,0,1,0,1,0,0,1,1,0,1,1,0,0,0,0,0,1,1,0,1,0,0,1,1,1,0,0,0.2777777777777778,17.73125959891501,1
39,0,1,1,0,1,0,1,0,1,1,1,0,1,0,0,1,1,0,1,1,0,0,0,0,0,1,1,0,0,0,0,1,1,1,0,1,0.3333333333333333,16.032609017136863,1
40,1,0,0,1,0,1,0,1,0,0,0,1,0,1,1,0,0,1,0,0,1,1,1,1,1,0,0,1,0,1,1,1,0,0,1,0,0.25,15.620749187054983,1
41,0,1,1,0,1,0,1,0,1,1,1,0,1,0,0,1,1,0,1,1,0,0,0,0,0,1,1,0,1,0,0,1,1,1,0,1,0.3611111111111111,17.38205457767336,1
42,0,1,1,0,1,0,0,0,1,0,1,0,1,0,0,1,1,0,1,1,0,0,0,0,0,1,1,0,1,0,0,1,1,1,0,0,0.3055555555555556,15.350292739804527,1
43,0,1,0,0,1,0,1,0,1,1,1,0,1,0,0,1,1,0,1,1,0,0,0,0,0,1,1,0,0,0,0,1,1,1,1,1,0.2777777777777778,18.12695484768559,1
44,1,0,1,1,0,1,0,1,0,0,0,1,0,1,1,0,0,1,0,0,0,1,1,1,1,0,0,1,1,1,1,1,0,0,1,0,0.3055555555555556,15.968207921590043,1
45,0,1,1,0,1,0,1,0,1,1,1,0,1,0,0,1,1,0,1,1,0,0,0,0,0,1,1,0,1,0,1,1,1,1,0,0,0.2777777777777778,19.356598991123477,1
46,0,1,1,0,1,0,1,0,0,1,1,1,1,0,0,1,1,0,1,1,0,0,0,0,0,1,1,0,0,0,0,1,1,1,0,1,0.2222222222222222,16.476376628724648,1
47,1,0,0,1,0,1,0,1,0,0,0,1,0,1,1,0,0,1,0,0,0,1,1,1,1,0,0,1,0,1,1,1,0,0,1,1,0.3611111111111111,18.494987401759474,1
48,0,1,1,0,1,0,1,0,0,1,1,0,1,0,0,1,1,0,1,1,0,0,0,0,0,1,1,0,0,0,0,1,1,1,0,1,0.3055555555555556,15.010680315031468,1
49,0,1,0,0,1,0,1,0,1,1,1,0,1,0,0,1,1,0,1,1,0,0,0,0,0,1,1,0,0,0,0,1,1,1,1,0,0.3055555555555556,16.69836786287831,1
50,0,1,1,0,1,0,1,0,1,0,1,0,1,0,0,1,1,0,1,1,0,0,0,0,0,1,1,0,0,0,0,1,1,1,0,0,0.2777777777777778,13.56098798679433,1
51,0,1,0,0,1,0,1,0,1,0,1,0,1,0,0,1,1,0,0,1,0,0,0,0,0,1,1,0,0,0,0,1,1,1,0,1,0.25,14.426868126745033,1
52,1,0,1,1,0,1,0,1,0,0,0,1,0,0,1,0,0,1,0,0,0,1,1,1,1,0,0,1,0,1,1,1,0,0,1,0,0.3055555555555556,12.157162700166008,1
53,0,1,0,0,0,0,0,0,1,1,1,0,1,0,0,1,1,0,1,1,0,0,0,0,0,1,1,0,0,0,0,1,1,1,0,1,0.3611111111111111,18.677737595484174,1
54,0,1,1,0,1,0,1,0,1,0,1,0,1,0,0,1,1,0,0,1,0,0,0,0,0,1,1,0,1,0,0,1,1,1,0,0,0.2777777777777778,13.475335797546334,1
55,1,0,1,1,0,1,0,1,0,0,0,1,0,0,1,0,0,1,0,0,1,1,1,1,0,0,0,1,0,1,1,1,0,0,1,0,0.3055555555555556,12.07754591285818,1
56,1,0,1,1,0,1,0,1,0,0,0,1,0,1,1,0,0,1,0,0,1,1,1,1,1,0,0,1,0,1,1,1,0,0,1,1,0.3611111111111111,20.096742437066872,1
57,0,1,1,0,1,0,1,0,1,1,1,0,1,0,0,1,1,0,1,1,0,0,0,0,0,1,1,0,0,0,0,1,1,1,0,0,0.3611111111111111,17.60692606931117,1
58,0,1,1,0,1,0,1,0,1,1,1,0,1,0,0,1,1,0,1,1,0,0,0,0,0,1,1,0,1,0,0,1,1,1,1,1,0.3611111111111111,18.113624739541056,1
59,1,0,0,1,0,1,0,1,0,0,0,1,0,0,1,0,0,1,0,0,0,1,1,1,1,0,0,1,1,1,1,1,0,0,1,0,0.3055555555555556,15.419207998291022,1
60,0,1,0,0,1,0,0,0,1,1,1,0,1,0,0,1,1,0,1,1,0,0,0,0,0,1,1,0,1,0,0,1,1,1,0,1,0.3611111111111111,19.244091974721513,1
61,0,1,1,0,1,0,1,0,1,1,1,0,1,0,0,1,1,0,1,1,0,0,0,0,0,1,1,0,1,0,0,1,1,1,0,1,0.4166666666666667,17.38205457767336,1
62,0,1,0,0,1,0,1,0,0,0,1,0,1,0,0,1,1,0,1,1,0,0,0,0,0,1,1,0,1,0,0,1,1,1,0,1,0.3055555555555556,21.20042497709109,1
63,0,1,0,0,1,0,1,0,1,1,1,0,1,0,0,1,1,0,1,1,1,0,0,0,0,1,1,0,0,0,0,1,1,1,0,1,0.3055555555555556,18.12695484768557,1
64,1,0,0,1,0,1,0,1,0,0,0,0,0,1,1,0,0,1,0,0,1,1,1,1,1,0,0,1,0,1,1,1,0,0,0,1,0.3055555555555556,21.441823016158104,1
65,0,1,1,0,0,0,1,0,1,1,1,0,1,0,0,1,1,0,1,1,0,0,0,0,0,1,1,0,0,0,0,1,1,1,0,1,0.3055555555555556,16.81953204429013,1
66,1,0,0,1,0,1,0,1,0,0,0,1,0,1,1,0,0,1,0,0,1,1,1,1,1,0,0,1,1,1,1,1,0,0,1,0,0.3888888888888889,17.633120505892325,1
67,0,1,0,0,1,0,1,0,0,0,1,1,1,0,0,1,1,0,1,1,0,0,0,0,0,1,1,0,1,0,0,1,1,1,0,0,0.3055555555555556,17.024766280361824,1
68,0,1,0,0,1,0,1,0,0,0,1,0,1,0,0,1,1,0,1,1,0,0,0,0,0,1,1,0,1,0,0,1,1,1,0,0,0.2777777777777778,17.73125959891501,1
69,1,0,1,1,0,1,0,1,0,0,0,1,0,1,1,0,0,1,0,0,1,1,1,1,1,0,0,1,0,1,0,1,0,0,1,0,0.3055555555555556,15.073302010062505,1
70,1,0,0,1,0,1,0,1,0,0,0,1,0,1,1,0,0,1,0,0,0,1,1,1,1,0,0,1,1,1,1,1,0,0,1,0,0.3055555555555556,16.240153603233026,1
71,1,0,1,1,0,1,0,1,1,0,0,1,0,0,1,0,0,1,0,0,1,1,1,1,1,0,0,1,0,1,1,1,0,0,1,1,0.3333333333333333,19.66872157052591,1
72,0,1,1,0,0,0,1,0,1,0,1,0,1,0,0,1,1,0,1,1,0,0,0,0,0,1,1,0,1,0,0,1,1,1,1,0,0.3055555555555556,16.392559440727734,1
73,0,1,0,0,1,0,1,0,0,1,1,0,1,0,0,1,1,0,1,1,0,0,0,0,0,1,1,0,0,0,0,1,1,1,0,0,0.3611111111111111,16.461105329292458,1
74,1,0,1,1,1,1,0,1,0,0,0,1,0,0,1,0,0,1,0,0,0,1,1,1,1,0,0,1,0,1,1,1,0,0,1,0,0.3611111111111111,12.272181608241286,1
75,1,0,0,1,0,1,0,1,0,0,0,1,0,0,1,0,0,1,0,0,1,1,1,1,1,0,0,1,0,1,0,1,0,0,1,0,0.2777777777777778,12.970926796873478,1
76,1,0,1,1,0,1,0,1,0,0,0,1,0,1,1,0,0,1,0,0,1,1,1,1,1,0,0,0,0,1,1,1,0,0,1,1,0.25,16.43504882145603,1
77,0,1,1,0,1,0,1,0,1,0,1,0,1,0,0,1,1,0,1,1,0,0,0,0,0,1,1,0,1,0,0,1,1,1,0,1,0.25,16.33838757989045,1
78,1,0,1,1,0,1,0,1,0,0,0,1,0,1,1,0,0,1,0,0,1,1,1,1,1,0,0,1,1,1,1,1,0,0,1,0,0.3611111111111111,16.859722805758544,1
79,0,1,1,0,1,0,1,0,0,1,1,0,1,0,0,1,1,0,1,1,0,0,0,0,0,1,1,0,0,0,0,1,1,1,0,1,0.25,15.010680315031468,1
80,0,1,0,0,1,0,1,0,1,1,1,0,1,0,0,1,1,0,1,1,0,0,0,0,0,1,1,0,1,0,0,1,1,1,1,1,0.3055555555555556,20.498947653895247,1
81,0,1,0,0,1,0,0,0,1,1,1,0,1,0,0,1,0,0,1,1,0,0,0,0,0,1,1,0,0,0,0,1,1,1,0,0,0.2777777777777778,15.590747973691796,1
82,0,1,1,0,1,0,1,0,1,1,1,0,1,0,0,1,1,0,1,1,0,0,0,0,0,1,1,0,0,0,0,1,1,1,1,1,0.3333333333333333,16.24545049104971,1
83,1,0,1,1,0,1,0,1,0,0,0,1,0,1,1,0,0,1,0,0,0,1,1,1,1,0,0,1,1,1,1,1,0,0,1,0,0.3333333333333333,15.968207921590043,1
84,0,1,1,0,1,0,1,0,1,1,1,0,1,0,0,1,1,0,1,1,0,0,0,0,0,1,1,0,1,0,0,1,1,1,0,1,0.4166666666666667,17.38205457767336,1
85,0,1,0,0,0,0,0,0,1,1,1,0,1,0,0,1,1,0,1,1,0,0,0,0,0,1,1,0,1,0,0,1,1,1,0,0,0.4166666666666667,19.06373087808002,1
86,0,1,0,0,1,0,1,0,1,1,1,0,1,0,0,1,1,0,1,1,0,0,0,0,0,1,1,0,1,0,0,1,1,1,0,1,0.3611111111111111,19.26592547353676,1
87,1,0,1,1,0,1,0,1,0,0,0,1,0,0,1,0,0,1,0,0,0,1,1,1,1,0,0,1,0,1,1,1,0,0,1,1,0.3333333333333333,17.13644656750899,1
88,0,1,0,0,1,0,1,0,1,0,1,0,1,0,0,1,1,0,1,1,0,0,0,0,0,1,1,0,0,0,0,1,1,1,0,0,0.3055555555555556,14.938136288110291,1
89,1,0,1,1,0,1,0,1,0,0,0,1,0,1,0,0,0,1,0,0,1,1,1,1,1,0,0,1,1,1,1,1,0,0,1,0,0.3333333333333333,17.079702900210957,1
90,1,0,0,1,0,1,0,1,0,0,0,1,0,0,1,0,0,1,0,0,1,1,1,1,1,0,0,1,0,1,1,1,0,0,1,0,0.25,14.91662206734604,1
91,0,1,0,0,1,0,1,0,1,0,1,0,1,0,0,1,1,0,1,1,0,1,0,0,0,1,1,0,0,0,0,1,1,1,0,1,0.3055555555555556,21.799471614337,1
92,0,1,1,0,1,0,1,0,1,1,1,0,1,0,0,1,0,0,1,1,0,0,0,0,0,1,1,0,0,0,0,1,1,1,0,1,0.3055555555555556,15.603777960507834,1
93,0,1,0,0,0,0,0,0,1,1,1,0,1,0,0,1,0,0,1,1,0,0,0,0,0,1,1,0,0,0,0,1,1,1,0,1,0.3055555555555556,19.75953639397861,1
94,1,0,0,1,0,1,0,1,0,0,0,1,0,1,1,0,0,1,0,0,1,1,1,1,1,0,0,1,1,1,1,1,0,0,0,0,0.3611111111111111,16.24015360323301,1
95,0,1,1,0,1,0,1,0,0,0,1,0,1,0,0,1,1,0,1,1,0,0,0,0,0,1,1,0,1,0,0,1,1,1,0,0,0.3611111111111111,15.350292739804527,1
96,0,1,0,0,1,0,1,0,0,1,1,0,1,0,0,1,1,0,1,1,0,0,0,0,0,1,1,0,1,0,0,1,1,1,0,1,0.4722222222222222,19.244091974721513,1
97,0,1,0,0,1,0,1,0,1,1,1,0,1,0,0,1,1,0,1,1,0,0,0,0,0,1,1,0,1,0,0,1,1,1,1,1,0.3333333333333333,20.498947653895247,1
98,1,0,1,1,1,1,0,1,0,0,0,1,0,1,1,0,0,1,0,1,1,1,1,1,1,0,0,1,1,1,1,1,0,0,1,1,0.4444444444444444,29.56903430775054,1
99,1,0,0,1,1,1,0,1,0,0,0,1,0,1,1,0,0,1,0,0,1,1,1,1,1,0,0,0,1,1,1,1,0,0,1,0,0.3611111111111111,14.570329286996529,1
