,0,1,2,3,4,5,6,7,8,9,10,11,12,13,14,15,16,17,18,19,20,21,22,23,24,25,26,27,28,29,30,31,32,33,34,35,chain_break_fraction,energy,num_occurrences
0,0,1,0,1,1,1,0,1,0,1,0,0,0,0,0,1,1,1,1,1,1,0,1,0,1,0,1,1,1,0,1,1,0,0,1,0,0.3611111111111111,17.31754835827899,1
1,0,1,0,1,1,1,0,1,0,1,0,0,0,1,0,0,1,1,1,1,1,0,1,0,0,0,1,1,1,0,1,1,0,0,1,0,0.3333333333333333,17.8966361706145,1
2,0,1,0,1,1,1,0,1,0,1,0,0,0,1,0,0,1,1,1,1,1,0,1,0,1,0,1,1,1,0,1,1,0,0,1,0,0.3888888888888889,16.091637371575686,1
3,0,1,0,1,1,1,0,1,0,1,0,0,0,1,0,0,1,1,1,1,1,0,1,0,1,0,1,1,1,0,1,1,0,0,1,0,0.3611111111111111,16.091637371575686,1
4,0,1,0,1,1,1,0,1,0,1,0,0,0,0,0,0,1,1,1,1,1,0,1,0,0,0,1,1,1,0,1,1,0,0,1,0,0.3055555555555556,14.90104955950352,1
5,0,1,0,1,1,1,0,1,0,1,0,0,0,0,0,1,1,1,1,1,1,0,1,0,1,0,1,1,1,0,1,1,0,0,1,0,0.3611111111111111,17.31754835827899,1
6,0,1,0,1,1,1,0,1,0,1,0,0,0,0,0,0,1,1,1,1,1,0,1,0,1,0,1,1,0,0,1,1,0,0,1,0,0.3611111111111111,15.464002858131266,1
7,0,1,0,1,1,1,0,1,0,1,0,0,0,1,0,0,1,1,1,1,1,0,1,0,1,0,1,1,1,0,1,1,0,0,0,0,0.3333333333333333,18.18539195748378,1
8,0,1,0,1,1,1,0,1,0,1,0,0,0,1,0,0,1,1,1,1,1,0,0,0,1,0,1,1,1,0,1,1,0,0,1,0,0.3888888888888889,15.049215457752933,2
9,0,1,0,1,1,1,0,1,0,1,0,0,0,0,0,0,1,1,1,1,1,0,1,0,1,0,1,1,0,0,1,1,0,0,1,0,0.3333333333333333,15.464002858131266,1
10,0,1,0,1,1,1,0,1,0,1,0,0,0,1,0,0,1,1,1,1,1,0,1,0,1,0,1,1,1,0,1,1,0,0,1,0,0.3888888888888889,16.091637371575686,1
11,0,1,0,1,1,1,0,1,0,1,0,0,0,0,0,1,1,1,1,1,1,0,1,0,1,0,1,1,1,0,1,1,0,0,1,0,0.3611111111111111,17.31754835827899,1
12,0,1,0,1,1,1,0,1,0,1,0,0,0,0,0,1,1,1,1,1,1,0,1,0,1,0,1,1,1,0,1,1,0,0,0,0,0.3333333333333333,19.410137099480398,1
13,0,1,0,1,1,1,0,1,0,1,0,0,0,1,0,0,1,1,1,1,1,0,1,0,1,0,1,1,1,0,1,1,0,0,1,0,0.3611111111111111,16.091637371575686,1
14,0,1,0,1,1,1,0,1,0,1,0,0,0,0,0,1,1,1,1,1,1,0,0,0,1,0,1,1,1,0,1,1,0,0,1,0,0.3888888888888889,16.28372603515687,1
15,0,1,0,1,1,1,0,1,0,1,0,0,0,1,0,0,1,1,1,1,1,0,1,0,1,0,1,1,1,0,1,1,0,0,1,0,0.3055555555555556,16.091637371575686,1
16,0,1,0,1,1,1,0,1,0,1,0,0,0,0,0,0,1,1,1,1,1,0,1,0,0,0,1,1,0,0,1,1,0,0,1,0,0.3333333333333333,16.47909082530648,1
17,0,1,0,1,1,1,0,1,0,1,0,0,0,1,0,0,1,1,1,1,1,0,1,0,0,0,1,1,1,0,1,1,0,0,1,0,0.3333333333333333,17.8966361706145,1
18,0,1,0,1,1,1,0,1,0,1,0,0,0,1,0,0,1,1,1,1,1,0,1,0,1,0,1,1,0,0,1,1,0,0,1,0,0.4166666666666667,18.122284916151482,1
19,0,1,0,1,1,1,0,1,0,1,0,0,0,1,0,0,1,1,1,1,1,0,1,0,1,0,1,1,1,0,1,1,0,0,1,0,0.3888888888888889,16.091637371575686,1
20,0,1,0,1,1,1,0,1,0,1,0,0,0,1,0,0,1,1,1,1,1,0,1,0,1,0,1,1,1,0,1,1,0,0,1,0,0.3611111111111111,16.091637371575686,1
21,0,1,0,1,1,1,0,1,0,1,0,0,0,0,0,1,1,1,1,1,1,0,1,0,1,0,1,1,1,0,1,1,0,0,1,0,0.3333333333333333,17.31754835827899,1
22,0,1,0,1,1,1,0,1,0,1,0,0,0,0,1,0,1,1,1,1,1,0,1,0,1,0,1,1,1,0,1,1,0,0,1,0,0.3611111111111111,14.876182037250267,1
23,0,1,0,1,1,1,0,1,0,1,0,0,0,1,0,1,1,1,1,1,1,0,1,0,1,0,1,1,1,0,1,1,0,0,1,0,0.3888888888888889,20.974370267184284,1
24,0,1,0,1,1,1,0,1,0,1,0,0,0,1,0,0,1,1,1,1,1,0,1,0,0,0,1,1,1,0,1,1,0,0,1,0,0.3055555555555556,17.8966361706145,1
25,0,1,0,1,1,1,0,1,0,1,0,0,0,1,0,0,1,1,1,1,1,0,1,0,1,0,1,1,1,0,1,1,0,0,1,0,0.4166666666666667,16.091637371575686,1
26,0,1,0,1,1,1,0,1,0,1,0,0,0,1,0,0,1,1,1,1,1,0,0,0,1,0,1,1,1,0,1,1,0,0,1,0,0.3611111111111111,15.049215457752933,1
27,0,1,0,1,1,1,0,1,0,1,0,0,0,0,0,0,1,1,1,1,1,0,1,0,1,0,1,1,0,0,1,1,0,0,1,0,0.3611111111111111,15.464002858131266,1
28,0,1,0,1,1,1,0,1,0,1,0,0,0,1,0,0,1,1,1,1,1,0,1,0,1,0,1,1,1,0,1,1,0,0,1,0,0.3333333333333333,16.091637371575686,1
29,0,1,0,1,1,1,0,1,0,1,0,0,0,1,0,0,1,1,1,1,1,0,1,0,0,0,1,1,1,0,1,1,0,0,1,0,0.3333333333333333,17.8966361706145,1
30,0,1,0,1,1,1,0,1,0,1,0,0,0,1,0,0,1,1,1,1,1,0,1,0,1,0,1,1,1,0,1,1,0,0,1,0,0.3888888888888889,16.091637371575686,1
31,0,1,0,1,1,1,0,1,1,1,0,0,0,0,0,0,1,1,1,1,1,0,1,0,0,0,1,1,1,0,1,1,0,0,1,0,0.3333333333333333,16.36974132127921,1
32,0,1,0,1,1,1,0,1,0,1,0,0,0,1,0,0,1,1,1,1,1,0,1,0,1,0,1,1,1,0,1,1,0,0,1,0,0.4166666666666667,16.091637371575686,1
33,0,1,0,1,1,1,0,1,0,1,0,0,0,1,0,0,1,1,1,1,1,0,0,0,0,0,1,1,1,0,1,1,0,0,1,0,0.4166666666666667,17.354631902353912,1
34,0,1,0,1,1,1,0,1,0,1,0,0,0,1,0,0,1,1,1,1,1,0,1,0,1,0,1,1,1,0,1,1,0,0,1,0,0.3888888888888889,16.091637371575686,1
35,0,1,0,1,1,1,0,1,0,1,0,0,0,0,0,0,1,1,1,1,1,0,0,0,1,0,0,1,1,0,1,1,0,0,1,0,0.3888888888888889,11.349969664998937,1
36,0,1,0,1,1,1,0,1,0,1,0,0,0,0,0,0,1,1,1,1,1,0,1,0,1,0,1,1,1,0,1,1,0,0,1,0,0.3611111111111111,14.43481571622156,1
37,0,1,0,1,1,1,0,1,0,1,0,0,0,0,0,0,1,1,1,1,1,0,1,0,0,0,1,1,0,0,1,1,0,0,1,0,0.2777777777777778,16.47909082530648,1
38,0,1,0,1,1,1,0,1,0,1,0,0,0,1,0,0,1,1,1,1,1,0,1,0,0,0,1,1,1,0,1,1,0,0,1,0,0.3611111111111111,17.8966361706145,1
39,0,1,0,1,1,1,0,1,0,1,0,0,0,1,0,0,1,1,1,1,1,0,1,0,1,0,1,1,1,0,1,1,0,0,1,0,0.3333333333333333,16.091637371575686,1
40,0,1,0,1,1,1,0,1,0,1,0,0,0,1,0,0,1,1,1,1,0,0,1,0,1,0,1,1,1,0,1,1,0,0,1,0,0.3611111111111111,17.502337579820825,1
41,0,1,0,1,1,1,0,1,1,1,0,0,0,0,0,0,1,1,1,1,1,0,0,0,1,0,1,1,1,0,1,1,0,0,1,0,0.3611111111111111,13.861311665762418,1
42,0,1,0,1,1,1,0,1,0,1,0,0,0,1,0,0,1,1,1,1,1,0,0,0,1,0,1,1,1,0,1,1,0,0,1,0,0.3333333333333333,15.049215457752933,1
43,0,1,0,1,1,1,0,1,0,1,0,0,0,1,0,0,1,1,1,1,0,0,1,0,0,0,1,1,1,0,1,1,0,0,1,0,0.3333333333333333,19.886716901992706,1
44,0,1,0,1,1,1,0,1,0,1,0,0,0,0,0,0,1,1,1,1,1,0,1,0,0,0,1,1,1,0,1,1,0,0,1,0,0.3055555555555556,14.90104955950352,1
45,0,1,0,1,1,1,0,1,0,1,0,0,0,1,0,0,1,1,1,1,1,0,1,0,0,0,1,1,0,0,1,1,0,0,1,0,0.3888888888888889,20.476137839083556,1
46,0,1,0,1,1,1,0,1,0,1,0,0,0,0,0,0,1,1,1,1,1,0,1,0,0,0,1,1,0,0,1,1,0,0,1,0,0.3055555555555556,16.47909082530648,1
47,0,1,0,1,1,1,0,1,0,1,0,0,0,0,0,0,1,1,1,1,0,0,0,0,1,0,1,1,1,0,1,1,0,0,1,0,0.3611111111111111,13.317556928365768,1
48,0,1,0,1,1,1,0,1,0,1,0,0,0,1,0,0,1,1,1,1,1,0,1,0,1,0,0,1,1,0,1,1,0,0,1,0,0.3333333333333333,15.049215457752943,1
49,0,1,0,1,1,1,0,1,0,1,0,0,0,1,0,0,1,1,1,1,1,0,1,0,0,0,1,1,1,0,1,1,0,0,1,0,0.3333333333333333,17.8966361706145,1
50,0,1,0,1,1,1,0,1,1,1,0,0,0,1,0,0,1,1,1,1,1,0,1,0,1,0,1,1,1,0,1,1,0,0,1,0,0.3888888888888889,18.060244294054815,1
51,0,1,0,1,1,1,0,1,0,1,0,0,0,1,0,0,1,1,1,1,1,0,1,0,1,0,1,1,1,0,1,1,0,0,1,0,0.3333333333333333,16.091637371575686,1
52,0,1,0,1,1,1,0,1,0,1,0,0,0,1,0,0,1,1,1,1,1,0,1,0,1,0,1,1,1,0,1,1,0,0,1,0,0.3333333333333333,16.091637371575686,1
53,0,1,0,1,1,1,0,1,0,1,0,0,0,1,0,0,1,1,1,1,1,0,1,0,1,0,1,1,1,0,1,1,0,0,1,0,0.3888888888888889,16.091637371575686,1
54,0,1,0,1,1,1,0,1,0,1,0,0,0,1,0,0,1,1,1,1,1,0,1,0,1,0,0,1,1,0,1,1,0,0,1,0,0.4166666666666667,15.049215457752943,1
55,0,1,0,1,1,1,0,1,0,1,0,0,0,0,0,0,1,1,1,1,1,0,0,0,0,0,1,1,1,0,1,1,0,0,1,0,0.3611111111111111,13.359044179454362,1
56,0,1,0,1,1,1,0,1,0,1,0,0,0,1,0,0,1,1,1,1,1,0,1,0,1,0,0,1,1,0,1,1,0,0,1,0,0.3611111111111111,15.049215457752943,1
57,0,1,0,1,1,1,0,1,0,1,0,0,0,0,0,1,1,1,1,1,1,0,1,0,1,0,1,1,0,0,1,1,0,0,1,0,0.4166666666666667,19.348302483612127,1
58,0,1,0,1,1,1,0,1,1,1,0,0,0,1,0,0,1,1,1,1,1,0,1,0,1,0,1,1,1,0,1,1,0,0,1,0,0.3888888888888889,18.060244294054815,1
59,0,1,0,1,1,1,0,1,0,1,0,0,0,1,0,0,1,1,1,1,1,0,1,0,1,0,1,1,1,0,1,1,0,0,1,0,0.3888888888888889,16.091637371575686,1
60,0,1,0,1,1,1,0,1,0,1,0,0,0,0,0,1,1,1,1,1,1,0,0,0,0,0,1,1,1,0,1,1,0,0,1,0,0.3055555555555556,18.250425299984226,1
61,0,1,0,1,1,1,0,1,1,1,0,0,0,0,0,0,1,1,1,1,1,0,1,0,1,0,1,1,1,0,1,1,0,0,1,0,0.3888888888888889,15.403420530025635,1
62,0,1,0,1,1,1,0,1,0,1,0,0,0,0,0,1,1,1,1,1,1,0,0,0,0,0,1,1,1,0,1,1,0,0,1,0,0.3611111111111111,18.250425299984226,1
63,0,1,0,1,1,1,0,1,0,1,0,0,0,0,0,1,1,1,1,1,1,0,1,0,1,0,1,1,1,0,1,1,0,0,1,0,0.4166666666666667,17.31754835827899,1
64,0,1,0,1,1,1,0,1,0,1,0,0,0,1,0,0,1,1,1,1,1,0,1,0,1,0,1,1,1,0,1,1,0,0,1,0,0.3888888888888889,16.091637371575686,1
65,0,1,0,1,1,1,0,1,0,1,0,0,0,1,1,0,1,1,1,1,1,0,1,0,1,0,1,1,0,0,1,1,0,0,1,0,0.3888888888888889,20.06443485566752,1
66,0,1,0,1,1,1,0,1,0,1,0,0,0,0,0,0,1,1,1,1,1,0,1,0,1,0,1,1,1,0,1,1,0,0,1,0,0.3611111111111111,14.43481571622156,1
67,0,1,0,1,1,1,0,1,0,1,0,0,0,1,0,0,1,1,1,1,1,0,0,0,1,0,1,1,1,0,1,1,0,0,1,0,0.4166666666666667,15.049215457752933,1
68,0,1,0,1,1,1,0,1,0,1,0,1,0,0,0,0,1,1,1,1,1,0,1,0,0,0,1,1,0,0,1,1,0,0,1,0,0.3055555555555556,20.92708258857934,1
69,0,1,0,1,1,1,0,1,0,1,0,0,0,1,0,0,1,1,1,1,1,0,1,0,1,0,1,1,1,0,1,1,0,0,1,0,0.3611111111111111,16.091637371575686,1
70,0,1,0,1,1,1,0,1,0,1,0,0,0,1,0,0,1,1,1,1,1,0,0,0,1,0,1,1,1,0,1,1,0,0,1,0,0.4166666666666667,15.049215457752933,1
71,0,1,0,1,1,1,0,1,0,1,0,0,0,0,0,1,1,1,0,1,1,0,1,0,1,0,1,1,1,0,1,1,0,0,1,0,0.3333333333333333,15.901124034135485,1
72,0,1,0,1,1,1,0,1,0,1,0,0,0,0,0,1,1,1,0,1,1,0,1,0,0,0,1,1,1,0,1,1,0,0,1,0,0.3611111111111111,17.867583325672516,1
73,0,1,0,1,1,1,0,1,0,1,0,0,0,0,0,0,1,1,1,1,1,0,1,0,1,0,1,1,1,0,1,1,0,0,1,0,0.3888888888888889,14.43481571622156,1
74,0,1,0,1,1,1,0,1,0,1,0,0,0,0,0,0,1,1,1,1,1,0,1,0,0,0,1,1,0,0,1,1,0,0,1,0,0.3888888888888889,16.47909082530648,1
75,0,1,0,1,1,1,0,1,0,1,0,0,0,0,0,1,1,1,1,1,1,0,0,0,1,0,1,1,1,0,1,1,0,0,1,0,0.3888888888888889,16.28372603515687,1
76,0,1,0,1,1,1,0,1,0,1,0,0,0,1,0,0,1,1,1,1,0,0,1,0,1,0,1,1,1,0,1,1,0,0,1,0,0.3888888888888889,17.502337579820825,1
77,0,1,0,1,1,1,0,1,1,1,0,0,0,0,0,0,1,1,1,1,1,0,1,0,1,0,1,1,0,0,1,1,0,0,1,0,0.3888888888888889,16.932871539922687,1
78,0,1,0,1,1,1,0,1,0,1,0,0,0,0,0,0,1,1,1,1,1,0,1,0,1,0,1,1,1,0,1,1,0,0,1,0,0.3888888888888889,14.43481571622156,1
79,0,1,0,1,1,1,0,1,0,1,0,1,0,0,0,0,1,1,1,1,1,0,1,0,0,0,1,1,0,0,1,1,0,0,1,0,0.3333333333333333,20.92708258857934,1
80,0,1,0,1,1,1,0,1,0,1,1,0,0,0,0,1,1,1,1,1,1,0,1,0,1,0,1,1,0,0,1,1,0,0,1,0,0.3611111111111111,21.07232152682791,1
81,0,1,0,1,1,1,0,1,1,1,0,0,0,1,0,0,1,1,1,1,1,0,1,0,1,0,1,1,0,0,1,1,0,0,1,0,0.4444444444444444,20.591155706617965,1
82,0,1,0,1,1,1,0,1,0,1,0,0,0,1,1,0,1,1,1,1,1,0,0,0,1,0,1,1,1,0,1,1,0,0,0,0,0.3888888888888889,20.183619960150985,1
83,0,1,1,1,1,1,0,1,0,1,0,0,0,1,0,0,1,1,1,1,1,0,0,0,1,0,1,1,1,0,1,1,0,0,1,0,0.4166666666666667,17.6951399024193,1
84,1,0,1,1,0,0,1,0,1,0,1,1,1,0,1,1,0,0,0,0,0,1,0,1,1,1,0,1,0,1,0,1,1,1,0,1,0.3888888888888889,40.52901343715354,1
85,1,0,1,1,0,0,1,0,1,0,1,0,1,1,1,1,0,0,0,0,0,1,0,1,1,1,0,1,0,1,0,1,1,1,1,1,0.4166666666666667,46.02687527831229,1
86,1,0,1,1,0,0,1,0,1,0,1,0,1,1,1,1,0,0,0,0,0,1,0,1,0,1,0,1,0,1,0,1,1,1,0,1,0.3055555555555556,36.08106711883003,1
87,1,0,1,1,0,0,1,0,1,0,1,1,1,0,1,1,0,0,0,0,0,1,0,1,1,1,0,1,0,1,0,1,1,1,0,1,0.3888888888888889,40.52901343715354,1
88,0,1,0,1,1,1,0,1,0,1,0,0,0,1,0,0,1,1,1,1,1,0,0,0,1,0,1,1,1,0,0,1,0,0,1,0,0.3888888888888889,15.00679354393018,1
89,1,0,1,1,0,0,1,0,1,0,1,1,1,1,1,1,0,0,0,0,0,1,0,1,1,1,0,1,0,1,0,1,1,1,0,1,0.3333333333333333,37.486149528509536,1
90,0,1,0,1,1,1,0,1,0,1,0,1,0,0,0,0,1,1,1,1,0,0,0,0,1,0,1,1,1,0,1,1,0,0,1,0,0.3888888888888889,17.76555440709332,1
91,1,0,1,1,0,0,1,0,1,0,1,1,1,0,1,1,0,0,0,0,0,1,0,1,1,1,0,1,0,1,0,1,1,1,1,1,0.3888888888888889,47.39632452739274,1
92,1,0,1,1,0,0,1,0,1,0,1,1,1,1,1,1,0,0,0,0,0,1,0,1,1,1,1,1,0,1,0,1,1,1,0,1,0.3888888888888889,42.45331558422594,1
93,1,0,1,1,0,0,1,0,1,0,1,1,1,1,1,1,0,0,0,0,0,1,0,1,1,1,0,1,0,1,0,1,1,1,0,1,0.2777777777777778,37.486149528509536,1
94,1,0,1,1,0,0,1,0,1,0,1,1,1,1,1,1,0,0,0,0,0,1,0,1,0,1,0,1,0,1,0,1,1,1,1,1,0.4444444444444444,40.70371002563618,1
95,1,0,1,1,0,0,1,0,1,0,1,1,1,1,1,1,0,0,0,0,0,1,0,1,0,1,0,1,0,1,0,1,1,1,0,1,0.3055555555555556,35.405183412390144,1
96,1,0,1,1,0,0,1,0,1,0,0,1,1,1,1,1,0,0,0,0,0,1,0,1,1,1,0,1,0,1,0,1,1,1,0,1,0.3888888888888889,38.32409138172947,1
97,1,0,1,1,0,0,1,0,0,0,1,1,1,1,1,1,0,0,0,0,0,1,0,1,0,1,0,1,0,1,0,1,1,1,0,1,0.3888888888888889,36.176531911175594,1
98,1,0,1,1,0,0,1,0,0,0,1,1,1,1,1,1,0,0,0,0,0,1,0,1,1,1,0,1,0,1,0,1,1,1,1,1,0.4722222222222222,45.12268310233225,1
