,0,1,2,3,4,5,6,7,8,9,10,11,12,13,14,15,16,17,18,19,20,21,22,23,24,25,26,27,28,29,30,31,32,33,34,35,chain_break_fraction,energy,num_occurrences
0,0,0,0,0,1,1,1,1,0,1,0,0,1,0,1,1,0,1,0,1,0,1,1,0,0,0,1,0,1,0,1,0,1,0,1,0,0.3055555555555556,14.36247893596847,1
1,0,0,0,0,1,1,1,1,0,1,0,0,1,0,0,1,0,1,0,1,0,1,1,0,0,0,1,0,1,0,1,0,1,0,1,0,0.3055555555555556,11.862363022283214,1
2,0,0,0,0,1,1,1,1,0,1,0,0,1,0,0,1,0,1,0,1,0,1,1,0,0,0,1,0,1,0,1,0,1,0,1,0,0.3055555555555556,11.862363022283214,1
3,0,0,0,0,1,1,1,1,1,1,0,0,1,0,0,1,0,1,0,1,0,1,1,0,0,0,1,0,1,0,1,0,1,0,1,0,0.2777777777777778,14.864338576010878,1
4,0,0,0,0,1,1,1,1,0,1,0,0,1,0,1,1,0,1,0,1,0,1,1,0,0,0,1,0,1,0,1,0,1,0,1,0,0.3055555555555556,14.36247893596847,1
5,0,0,0,0,1,1,1,1,0,1,0,0,1,0,0,1,0,1,0,1,0,1,1,0,0,0,1,0,1,0,1,0,1,0,1,0,0.3333333333333333,11.862363022283214,1
6,0,0,0,0,1,1,1,1,0,1,0,0,1,0,1,1,0,1,0,1,0,1,1,0,0,0,1,0,1,0,1,0,1,0,1,0,0.2777777777777778,14.36247893596847,1
7,0,0,0,0,1,1,1,1,1,1,0,0,1,0,0,1,0,1,0,1,0,1,1,0,0,0,1,0,1,0,1,0,1,0,1,0,0.2777777777777778,14.864338576010878,1
8,0,0,0,0,1,1,1,1,0,1,0,0,1,0,0,1,0,1,0,1,0,1,1,0,0,0,1,0,1,0,1,0,1,0,1,0,0.3055555555555556,11.862363022283214,1
9,0,0,0,0,1,1,1,1,0,1,0,0,1,0,0,1,0,1,0,1,0,1,1,0,0,0,1,0,1,0,1,0,1,0,1,0,0.3611111111111111,11.862363022283214,1
10,0,0,0,0,1,1,1,1,0,1,0,0,1,0,0,1,0,1,0,1,0,1,1,0,0,0,1,0,1,0,1,0,1,0,1,0,0.2777777777777778,11.862363022283214,1
11,0,0,0,0,1,1,1,1,0,1,0,0,1,0,0,1,0,1,0,1,0,1,1,0,0,0,1,0,1,0,1,0,1,0,1,0,0.3611111111111111,11.862363022283214,1
12,0,0,0,0,1,1,1,1,1,1,0,0,1,0,0,1,0,1,0,1,0,1,1,0,0,0,1,0,1,0,1,0,1,0,1,0,0.3333333333333333,14.864338576010878,1
13,0,0,0,0,1,1,1,1,0,1,0,0,1,0,0,1,0,1,0,1,0,1,1,0,0,0,1,0,1,0,1,0,1,0,1,0,0.3611111111111111,11.862363022283214,1
14,0,0,0,0,1,1,1,1,0,1,0,0,1,0,0,1,0,1,0,1,0,1,1,0,0,0,1,0,1,0,1,0,1,0,1,0,0.3333333333333333,11.862363022283214,1
15,0,0,0,0,1,1,1,1,0,1,0,0,1,0,0,1,0,1,0,1,0,1,1,0,0,0,1,0,1,0,1,0,1,0,1,0,0.3333333333333333,11.862363022283214,1
16,0,0,0,0,1,1,1,1,1,1,0,0,1,0,1,1,0,1,0,1,0,1,1,0,0,0,1,0,1,0,1,0,1,0,1,0,0.3333333333333333,17.864454532686196,1
17,0,0,0,0,1,1,1,1,0,1,0,0,1,0,0,1,0,1,0,1,0,1,0,0,0,0,1,0,1,0,1,0,1,0,1,0,0.2777777777777778,14.179892345639004,1
18,0,0,0,0,1,1,1,1,0,1,0,0,1,0,0,1,0,1,0,1,0,1,1,0,0,0,1,0,1,0,1,0,1,0,1,0,0.3055555555555556,11.862363022283214,1
19,0,0,0,0,1,1,1,1,1,1,0,0,1,0,0,1,0,1,0,1,0,1,1,0,0,0,1,0,1,0,1,0,1,0,1,0,0.2777777777777778,14.864338576010878,1
20,0,0,0,0,1,1,1,1,0,1,0,0,1,0,1,1,0,1,0,1,0,1,1,0,0,0,1,0,1,0,1,0,1,0,1,0,0.3611111111111111,14.36247893596847,1
21,0,0,0,0,1,1,1,1,0,1,0,0,1,0,1,1,1,1,0,1,0,1,1,0,0,0,1,0,1,0,1,0,1,0,1,0,0.25,17.362709348836027,1
22,0,0,0,0,1,1,1,1,1,1,0,0,1,0,1,1,0,1,0,1,0,1,1,0,0,0,1,0,1,0,1,0,1,0,1,0,0.3611111111111111,17.864454532686196,1
23,0,0,0,0,1,1,1,1,1,1,0,0,1,0,0,1,0,1,0,1,0,1,1,0,0,0,1,1,1,0,1,0,1,0,1,0,0.2777777777777778,12.68967397755009,1
24,0,0,0,0,1,1,1,1,1,1,0,0,1,0,0,1,0,1,0,1,0,1,1,0,0,0,1,0,1,0,1,0,1,0,0,0,0.25,17.008701296879842,1
25,0,0,0,0,1,1,1,1,0,1,0,0,1,0,1,1,0,1,0,1,0,1,1,0,0,0,1,0,1,0,1,0,1,0,1,0,0.2777777777777778,14.36247893596847,1
26,0,0,0,0,1,1,1,1,1,1,0,0,1,0,1,1,0,1,0,1,0,1,1,0,0,0,1,0,1,0,1,0,1,0,1,0,0.3055555555555556,17.864454532686196,1
27,0,0,0,0,1,1,1,1,0,1,0,0,1,0,1,1,0,1,0,1,0,0,1,0,0,0,1,1,1,0,1,0,1,0,1,0,0.2777777777777778,11.767271978235637,1
28,0,0,0,0,1,1,1,1,0,1,0,0,1,0,1,1,0,1,0,1,0,1,1,0,0,0,1,0,1,0,1,0,1,0,1,0,0.3333333333333333,14.36247893596847,1
29,0,0,0,0,1,1,1,1,1,1,0,0,1,0,1,1,0,1,0,1,0,1,1,0,0,0,1,0,1,0,1,0,1,0,1,0,0.3611111111111111,17.864454532686196,1
30,0,0,0,0,1,1,1,1,1,0,0,0,1,0,0,1,0,1,0,1,0,1,1,0,0,0,1,0,1,0,1,0,1,0,0,0,0.25,10.00462171627266,1
31,0,0,0,0,1,1,1,1,0,1,0,0,1,0,0,1,0,1,0,1,0,1,1,0,0,0,1,0,1,0,1,0,1,0,1,0,0.3333333333333333,11.862363022283214,1
32,0,0,0,0,1,1,1,1,0,1,0,0,1,0,1,1,0,1,0,1,0,1,1,0,0,0,1,0,1,0,0,1,1,0,1,0,0.3333333333333333,14.595327586876753,1
33,0,0,0,0,1,1,1,1,1,1,0,0,1,0,0,1,0,1,0,1,0,1,1,0,0,0,1,0,1,0,1,0,1,0,1,0,0.3055555555555556,14.864338576010878,1
34,0,0,0,0,1,1,1,1,0,1,0,0,1,0,1,1,0,1,0,1,0,1,0,0,0,0,1,0,1,0,1,0,1,0,1,0,0.25,17.180008297421953,1
35,0,0,0,0,1,1,1,1,0,1,0,0,1,0,1,1,0,1,0,1,0,1,0,0,0,0,1,0,0,0,1,0,1,0,1,0,0.3055555555555556,19.462509564178227,1
36,0,0,0,0,1,1,1,1,1,1,0,0,1,0,0,1,0,1,0,1,0,0,1,0,0,0,1,0,1,0,1,0,1,0,1,0,0.25,16.273197506733318,1
37,0,0,0,0,1,1,1,1,1,1,0,0,1,0,0,1,0,1,0,1,0,1,1,0,0,0,1,0,1,0,1,1,1,0,1,0,0.3333333333333333,15.330021843685177,1
38,0,0,0,0,1,1,1,1,1,1,0,0,1,0,0,1,1,1,0,1,0,1,1,0,0,0,1,0,1,0,1,0,1,0,1,0,0.3055555555555556,17.86452882893163,1
39,0,0,0,0,1,1,1,1,0,1,0,0,1,0,1,1,0,1,0,1,0,0,1,0,0,0,1,0,1,0,1,0,1,0,1,0,0.3055555555555556,15.771332769075903,1
40,0,0,0,0,1,1,1,1,0,1,0,0,1,0,0,1,0,1,0,1,0,1,1,0,0,0,1,0,1,0,1,0,1,0,1,0,0.3333333333333333,11.862363022283214,1
41,0,0,0,0,1,1,1,1,0,1,0,0,1,0,1,1,0,1,0,1,0,1,1,0,0,0,1,0,1,0,1,0,1,0,0,0,0.3055555555555556,16.50678100416239,1
42,0,0,0,0,1,1,1,1,1,1,0,0,1,0,1,1,0,1,0,1,0,1,1,0,0,0,1,0,1,0,1,0,1,0,1,0,0.3333333333333333,17.864454532686196,1
43,0,0,0,0,1,1,1,1,0,1,0,0,1,0,0,1,0,1,0,1,0,1,1,0,0,0,1,1,1,0,1,0,1,0,1,0,0.3611111111111111,10.867068185276072,1
44,0,0,0,0,1,1,1,1,0,1,0,0,1,0,0,1,1,1,0,1,0,1,1,0,0,0,1,0,1,0,1,0,1,0,1,0,0.3888888888888889,14.362534965854758,1
45,0,0,0,0,1,1,1,1,1,1,0,0,1,0,1,1,0,1,0,1,0,1,1,0,0,0,1,0,1,0,0,0,1,0,1,0,0.3333333333333333,20.131612898849045,1
46,0,0,0,0,1,1,1,1,1,0,0,0,1,0,0,1,0,1,0,1,0,1,1,0,0,0,1,0,1,0,1,0,1,0,0,0,0.25,10.00462171627266,1
47,0,0,0,0,1,1,1,1,0,1,0,0,1,0,1,1,0,1,1,1,0,1,1,0,0,0,1,0,1,0,1,0,1,0,1,0,0.3611111111111111,14.658052019414738,1
48,0,0,0,0,1,1,1,1,0,1,0,0,1,0,1,1,0,0,0,1,0,1,1,0,0,0,1,0,1,0,1,0,1,0,1,0,0.3888888888888889,10.362018110233297,1
49,0,0,0,0,1,1,1,1,1,1,0,0,1,0,0,1,0,1,0,1,0,1,1,0,0,0,1,0,1,0,1,0,1,0,1,0,0.2777777777777778,14.864338576010878,1
50,0,0,0,0,1,1,1,1,0,1,0,0,1,0,1,1,0,1,0,1,0,1,1,0,0,0,1,0,1,0,1,0,1,0,1,0,0.3333333333333333,14.36247893596847,1
51,0,0,0,0,1,1,1,1,0,1,0,0,1,0,1,1,0,1,0,1,0,1,1,0,0,0,1,0,0,0,1,0,1,0,1,0,0.2777777777777778,16.129630285060177,1
52,0,0,0,0,1,1,1,1,1,1,0,0,1,0,0,1,0,1,0,1,0,1,1,0,0,0,1,0,1,0,1,0,1,0,1,0,0.3333333333333333,14.864338576010878,1
53,0,0,0,0,1,1,1,1,0,1,0,0,1,0,0,1,1,1,0,1,0,1,1,0,0,0,1,0,1,0,1,0,1,0,1,0,0.2222222222222222,14.362534965854758,1
54,0,0,0,0,1,1,1,1,0,1,0,0,1,0,0,1,0,1,0,1,0,1,0,0,0,0,1,0,1,0,1,0,1,0,0,0,0.3055555555555556,16.396579674199717,1
55,0,0,0,0,1,1,1,1,0,1,0,0,1,0,1,1,0,1,0,1,0,1,1,0,0,0,1,0,1,0,0,0,1,0,1,0,0.4166666666666667,16.129630285060177,1
56,0,0,0,0,1,1,1,1,1,1,0,0,1,0,0,1,0,1,0,1,0,1,0,0,0,0,1,0,1,0,1,0,1,0,1,0,0.3333333333333333,17.695771722148148,1
57,0,0,0,0,1,1,1,1,0,1,0,0,1,0,0,1,0,1,0,1,0,1,1,0,0,0,1,0,1,0,0,0,1,0,1,0,0.3333333333333333,13.129514371374919,1
58,0,0,0,0,1,1,1,1,0,1,0,0,1,0,1,1,0,1,0,1,0,1,1,0,0,0,1,1,1,0,1,0,1,0,1,0,0.3333333333333333,12.367184096628819,1
59,0,0,0,0,1,1,1,1,0,1,0,0,1,0,1,1,1,1,0,1,0,1,1,0,0,0,1,0,1,0,1,0,1,0,1,0,0.2777777777777778,17.362709348836027,1
60,0,0,0,0,1,1,1,1,1,1,0,0,1,0,0,1,0,1,0,1,0,1,1,0,0,0,1,0,1,0,0,0,1,0,1,0,0.3611111111111111,16.631496942173737,1
61,0,0,0,0,1,1,1,1,0,1,0,0,1,0,0,1,0,1,0,1,0,1,1,0,0,0,1,0,1,0,1,0,1,0,0,0,0.25,13.50666150657624,1
62,0,0,0,0,1,1,1,1,0,0,0,0,1,0,1,1,0,1,0,1,0,1,1,0,0,0,1,0,1,0,1,0,1,0,1,0,0.3055555555555556,9.35852774253299,1
63,0,0,0,0,1,1,1,1,0,1,0,0,1,0,0,1,1,1,0,1,0,1,1,0,0,0,1,0,1,0,1,0,1,0,1,0,0.3611111111111111,14.362534965854758,1
64,0,0,0,0,1,1,1,1,1,1,0,0,0,0,1,1,0,1,0,1,0,1,1,0,0,0,1,0,1,0,1,0,1,0,1,0,0.2777777777777778,14.36247893596847,1
65,0,0,0,0,1,1,1,1,0,1,0,0,1,0,1,1,0,1,0,1,0,1,1,0,0,0,1,0,1,0,1,0,1,0,1,0,0.3055555555555556,14.36247893596847,1
66,0,0,0,0,1,1,1,1,0,1,0,0,1,0,1,1,0,1,0,1,0,1,1,0,0,0,1,0,1,0,0,0,1,0,1,0,0.19444444444444445,16.129630285060177,1
67,0,0,0,0,1,1,1,1,0,1,0,0,1,0,1,1,0,1,0,1,0,1,1,0,1,0,1,0,1,0,1,0,1,0,1,0,0.2777777777777778,13.571921961182536,1
68,0,0,0,0,1,1,1,1,1,1,0,0,1,0,1,1,0,1,0,1,0,1,1,0,0,0,1,0,1,0,1,0,1,0,1,0,0.3333333333333333,17.864454532686196,1
69,0,0,0,0,1,1,1,1,1,1,0,0,1,0,0,1,0,1,0,1,0,0,1,0,0,0,1,0,1,0,1,0,1,0,1,0,0.2777777777777778,16.273197506733318,1
70,0,0,0,0,1,1,1,1,0,1,0,0,1,0,1,1,0,1,0,1,0,0,1,0,0,0,1,0,1,0,1,0,1,0,1,0,0.3888888888888889,15.771332769075903,1
71,0,0,0,0,1,1,1,1,1,1,0,0,1,0,0,1,0,1,0,1,0,1,0,0,0,0,1,0,1,0,1,0,1,0,1,0,0.2777777777777778,17.695771722148148,1
72,0,0,0,0,1,1,1,1,1,1,0,0,1,0,0,1,0,1,0,1,0,1,1,0,0,0,1,0,1,0,0,0,1,0,1,0,0.19444444444444445,16.631496942173737,1
73,1,0,0,0,1,1,1,1,0,1,0,0,1,0,0,1,0,1,0,1,0,1,1,0,0,0,1,0,1,0,1,0,1,0,1,0,0.3333333333333333,14.861808716480324,1
74,0,0,0,0,1,1,1,1,0,1,0,0,1,0,0,1,0,1,0,1,0,1,0,0,0,0,1,0,1,0,1,0,1,0,0,0,0.3611111111111111,16.396579674199717,1
75,0,0,0,0,1,1,1,1,0,1,0,0,1,0,0,1,0,1,0,1,0,1,0,0,0,0,1,0,1,0,1,0,1,0,0,0,0.25,16.396579674199717,1
76,0,0,0,0,1,1,1,1,1,1,0,0,1,0,0,1,0,1,0,1,0,1,1,0,0,0,1,0,1,0,0,0,1,0,1,0,0.3333333333333333,16.631496942173737,1
77,0,0,0,0,1,1,1,1,0,1,0,0,1,0,0,1,0,1,0,1,0,0,0,0,0,0,1,0,1,0,1,0,1,0,1,0,0.3611111111111111,15.666263756208048,1
78,0,0,0,0,1,1,1,1,0,1,0,0,1,0,1,0,1,1,0,1,0,1,1,0,0,0,1,0,1,0,1,0,1,0,1,0,0.3333333333333333,11.362360582873466,1
79,0,0,0,0,1,1,1,1,0,1,0,0,1,0,1,1,0,1,0,1,0,1,0,0,0,0,1,0,0,0,1,0,1,0,1,0,0.2777777777777778,19.462509564178227,1
80,0,0,0,0,1,1,1,1,0,1,0,0,1,0,0,1,0,1,0,1,0,1,1,0,0,0,1,1,1,0,0,0,1,0,1,0,0.3333333333333333,11.118395110056673,1
81,0,0,0,0,1,1,1,1,1,1,0,0,1,0,0,1,0,1,0,1,0,1,1,0,0,0,1,0,1,0,1,1,1,0,1,0,0.3333333333333333,15.330021843685177,1
82,0,0,0,0,1,1,1,1,1,1,0,0,1,0,1,1,0,1,0,1,0,1,1,0,0,0,1,0,1,0,0,0,1,0,1,0,0.2777777777777778,20.131612898849045,1
83,0,0,0,0,1,1,1,1,0,1,0,0,1,0,1,1,0,1,0,1,0,1,1,0,0,0,1,1,1,0,1,0,1,0,1,0,0.4166666666666667,12.367184096628819,1
84,0,0,0,0,1,1,1,1,1,1,0,0,1,0,0,1,0,1,0,1,0,1,0,0,0,0,1,0,1,0,1,0,1,0,0,0,0.3333333333333333,20.412523287284795,1
85,0,0,0,0,1,1,1,1,0,1,0,0,1,0,1,1,0,1,0,1,0,1,1,0,0,0,1,0,0,0,1,0,1,0,1,0,0.3888888888888889,16.129630285060177,1
86,0,0,0,0,1,1,1,1,0,1,0,0,1,0,0,1,0,1,0,1,0,1,1,0,0,0,1,0,1,0,0,0,1,0,1,0,0.3611111111111111,13.129514371374919,1
87,0,0,0,0,1,1,1,1,0,1,0,0,1,0,1,1,0,1,0,1,0,1,1,0,0,0,1,0,1,0,1,0,1,0,1,0,0.3055555555555556,14.36247893596847,1
88,0,0,0,0,1,1,1,1,1,0,0,0,1,0,0,1,0,1,0,1,0,1,1,0,0,0,1,0,0,0,1,0,0,0,1,0,0.2777777777777778,11.379466387722474,1
89,0,0,0,0,1,1,1,1,1,1,0,0,1,0,0,1,0,1,0,1,0,0,1,0,0,0,1,0,1,0,1,0,1,0,1,0,0.3055555555555556,16.273197506733318,1
90,0,0,0,0,1,1,1,1,1,1,0,0,0,0,1,1,0,1,0,1,0,1,1,0,0,0,1,0,1,0,1,0,1,0,1,0,0.3333333333333333,14.36247893596847,1
91,0,0,0,0,1,1,1,1,1,1,0,0,1,0,0,1,1,1,0,1,0,1,1,0,0,0,1,1,1,0,1,0,1,0,1,0,0.3333333333333333,14.689864224979399,1
92,0,0,0,0,1,1,1,1,0,1,0,0,1,0,1,1,0,1,0,1,0,1,1,0,0,0,1,0,1,0,0,0,1,0,1,0,0.3055555555555556,16.129630285060177,1
93,0,0,0,0,1,1,1,1,0,1,0,0,1,0,0,1,0,1,0,1,0,1,0,0,0,0,1,0,1,0,1,0,1,0,0,0,0.3055555555555556,16.396579674199717,1
94,0,0,0,0,1,1,1,1,1,1,0,0,1,0,0,1,0,1,0,1,0,1,0,0,0,0,1,0,1,0,1,0,1,0,1,0,0.3333333333333333,17.695771722148148,1
95,0,0,0,0,1,1,1,1,0,0,0,0,1,0,0,1,0,1,0,1,0,1,1,0,1,0,1,0,1,0,0,0,0,0,1,0,0.25,8.566272424750231,1
96,0,0,0,0,1,1,1,1,0,1,0,0,1,0,0,1,0,1,0,1,0,0,0,0,0,0,1,0,1,0,1,0,1,0,1,0,0.3055555555555556,15.666263756208048,1
97,1,1,1,1,0,1,0,0,0,0,1,1,0,1,0,0,1,0,1,0,1,0,0,1,1,1,0,0,0,1,0,1,0,1,1,1,0.3611111111111111,27.33237086109478,1
98,1,1,1,1,0,1,0,0,0,0,1,1,0,1,1,0,1,0,0,0,1,0,0,1,1,1,0,0,0,1,0,1,0,1,1,1,0.3055555555555556,25.311817316870687,1
99,0,0,0,0,1,1,1,1,1,1,0,0,1,0,0,1,0,1,0,1,0,1,1,0,0,0,1,0,1,0,1,0,1,0,1,0,0.3333333333333333,14.864338576010878,1
