,0,1,2,3,4,5,6,7,8,9,10,11,12,13,14,15,16,17,18,19,20,21,22,23,24,25,26,27,28,29,30,31,32,33,34,35,chain_break_fraction,energy,num_occurrences
0,1,1,0,0,0,1,1,0,1,0,0,1,1,0,1,0,1,1,0,0,1,0,0,0,0,0,1,1,0,0,1,0,0,0,1,1,0.2777777777777778,17.97545102421498,2
1,1,1,0,0,0,1,1,0,1,0,0,1,1,0,1,0,1,1,0,0,1,0,0,0,0,0,1,1,0,0,1,0,0,0,1,1,0.25,17.97545102421498,1
2,1,1,0,0,0,1,1,0,1,0,0,1,1,0,1,0,1,1,1,0,1,0,0,0,0,0,1,1,0,0,1,0,0,0,1,1,0.3055555555555556,16.32035422458452,1
3,1,1,0,0,0,1,1,0,1,0,0,1,1,0,1,0,1,1,0,0,1,0,0,0,0,0,1,1,0,0,1,0,0,0,1,1,0.3055555555555556,17.97545102421498,1
4,1,1,0,0,0,1,1,0,1,0,0,1,1,0,1,0,1,1,1,0,1,0,0,0,0,0,1,1,0,0,1,0,0,0,1,1,0.2777777777777778,16.32035422458452,5
5,1,1,0,0,0,1,1,0,1,0,0,0,1,0,1,0,1,1,0,1,1,0,0,0,0,1,1,1,0,0,1,0,0,0,1,1,0.2777777777777778,16.38488445590204,1
6,1,1,0,0,0,1,1,0,1,0,0,1,1,0,1,0,1,1,0,0,1,0,0,0,0,0,1,1,0,0,1,0,0,0,0,1,0.25,20.20364000745848,2
7,1,1,0,0,0,1,1,0,1,0,0,1,1,0,1,0,1,1,0,0,1,0,0,0,0,0,1,1,0,0,1,0,0,0,0,1,0.2777777777777778,20.20364000745848,2
8,1,1,0,0,0,1,1,0,1,0,0,1,1,0,1,0,1,1,0,0,1,0,0,0,0,0,1,1,0,0,1,0,0,0,1,1,0.2777777777777778,17.97545102421498,1
9,1,1,0,0,0,1,1,0,1,0,0,0,1,0,1,0,1,1,0,0,1,0,0,0,0,0,1,1,0,0,1,0,0,0,1,1,0.2777777777777778,11.634793940784762,1
10,1,1,0,0,0,1,1,0,1,0,0,1,1,0,1,0,1,1,0,0,1,0,0,0,0,0,1,1,0,0,1,0,0,0,1,1,0.3055555555555556,17.97545102421498,1
11,1,1,0,0,0,1,1,0,1,0,0,1,1,0,1,0,1,1,0,0,1,0,0,0,0,0,1,1,0,0,1,0,0,0,1,1,0.2777777777777778,17.97545102421498,1
12,1,1,0,0,0,1,1,0,1,0,0,1,1,0,1,0,1,1,0,0,1,0,0,0,0,0,1,1,0,0,1,0,0,0,0,1,0.3055555555555556,20.20364000745848,2
13,1,1,0,0,0,1,1,0,1,0,0,1,1,0,1,0,1,1,1,0,1,0,0,0,0,0,1,1,0,0,1,0,0,0,1,1,0.3333333333333333,16.32035422458452,1
14,1,1,0,0,0,1,1,0,1,0,0,1,1,0,1,0,1,1,0,0,1,0,0,0,0,0,1,1,0,0,1,0,0,0,0,1,0.2777777777777778,20.20364000745848,1
15,1,1,0,0,0,1,1,0,1,0,0,1,1,0,1,0,1,1,1,0,1,0,0,0,0,0,1,1,0,0,1,0,0,0,0,1,0.2777777777777778,17.99336270778964,2
16,1,1,0,0,0,1,1,0,1,0,0,1,1,0,1,0,1,1,1,0,1,0,0,0,0,0,1,1,0,0,1,0,0,0,0,1,0.3055555555555556,17.99336270778964,1
17,1,1,0,0,0,1,1,0,1,0,0,1,1,0,1,0,1,1,0,0,1,0,0,0,0,0,1,1,0,0,1,0,0,0,0,1,0.3055555555555556,20.20364000745848,1
18,1,1,0,0,0,1,1,0,1,0,0,1,1,0,1,0,1,1,0,1,1,0,0,0,0,0,1,1,0,0,1,0,0,0,0,1,0.2777777777777778,17.78308540812084,1
19,1,1,0,0,0,1,1,0,1,0,0,1,1,0,1,0,1,1,0,0,1,0,0,0,0,0,1,1,0,0,1,0,0,0,1,1,0.2777777777777778,17.97545102421498,1
20,1,1,0,0,0,1,1,0,1,0,0,1,1,0,1,0,1,1,1,0,1,0,0,0,0,0,1,1,0,0,1,0,0,0,0,1,0.3055555555555556,17.99336270778964,2
21,1,1,0,0,0,1,1,0,1,0,0,0,1,0,1,0,1,1,0,1,1,0,0,0,0,1,1,1,0,0,1,0,0,0,1,1,0.3055555555555556,16.38488445590204,1
22,1,1,0,0,0,1,1,0,1,0,0,0,1,0,1,0,1,1,1,1,1,0,0,0,0,0,1,1,0,0,1,0,0,0,1,1,0.3333333333333333,13.674204492163755,1
23,1,1,0,0,0,1,1,0,1,0,0,1,1,0,1,0,1,1,1,0,1,0,0,0,0,0,1,1,0,0,1,0,0,0,0,1,0.3055555555555556,17.99336270778964,2
24,1,1,0,0,0,1,1,0,1,0,0,1,1,0,1,0,1,1,0,0,1,0,0,0,0,0,1,1,0,0,1,0,0,0,0,1,0.3333333333333333,20.20364000745848,1
25,1,1,0,0,0,1,1,0,1,0,0,1,1,0,1,0,1,1,0,1,1,0,0,0,0,0,1,1,0,0,1,0,0,0,0,1,0.3055555555555556,17.78308540812084,1
26,1,1,0,0,0,1,1,0,1,0,0,0,1,0,1,0,1,1,0,0,1,0,0,0,0,0,1,1,0,0,1,0,0,0,0,1,0.3055555555555556,12.815016719716693,1
27,1,1,0,0,0,0,1,0,1,1,0,0,1,0,1,0,1,1,0,0,1,0,0,0,0,1,1,1,0,0,1,0,0,0,1,1,0.2222222222222222,11.4467214495321,1
28,1,1,0,0,0,0,1,0,1,0,0,1,1,0,1,0,1,1,0,0,1,0,0,0,0,0,1,1,0,0,1,0,0,0,0,1,0.25,12.512118443074176,1
29,1,1,0,0,0,0,1,0,1,0,0,1,1,0,1,0,1,1,1,0,1,0,0,0,0,0,1,1,0,0,1,0,0,0,0,1,0.2777777777777778,11.37405918841646,1
30,1,1,0,0,0,1,1,0,1,0,0,1,1,0,1,0,1,1,0,0,1,0,0,0,0,1,1,1,0,0,1,0,0,0,0,1,0.25,17.708050971243473,1
31,1,1,0,0,0,1,1,0,1,0,0,1,1,0,1,0,1,1,1,0,1,0,0,0,0,0,1,1,0,0,1,0,0,0,1,1,0.3055555555555556,16.32035422458452,1
32,1,1,0,0,0,1,1,0,1,0,0,1,1,0,1,0,1,1,1,0,1,0,0,0,0,0,1,1,0,0,1,0,0,0,0,1,0.3611111111111111,17.99336270778964,1
33,1,1,0,0,0,1,1,0,1,0,0,0,1,0,1,0,1,1,0,1,1,0,0,0,0,1,1,1,0,0,1,0,0,0,1,1,0.3055555555555556,16.38488445590204,1
34,1,1,0,0,0,1,1,0,1,0,0,1,1,0,1,0,1,1,1,0,1,0,0,0,0,0,1,1,0,0,1,0,0,0,1,1,0.3333333333333333,16.32035422458452,1
35,1,1,0,0,0,1,1,0,1,0,0,1,1,0,1,0,1,1,0,0,1,0,0,0,0,0,1,1,0,0,1,0,0,0,0,1,0.3055555555555556,20.20364000745848,1
36,1,1,0,0,0,1,1,0,1,0,0,1,1,0,1,0,1,1,1,0,1,0,0,0,0,0,1,1,0,0,1,0,0,0,1,1,0.3333333333333333,16.32035422458452,1
37,1,1,0,0,0,1,1,0,1,0,0,1,1,0,1,0,1,1,0,0,1,0,0,0,0,1,1,1,0,0,1,0,0,0,1,1,0.2777777777777778,17.199494713576925,1
38,1,1,0,0,0,1,1,0,1,0,0,1,1,0,1,0,1,1,0,0,1,0,0,0,0,0,1,1,0,0,1,0,0,0,0,1,0.25,20.20364000745848,1
39,1,1,0,0,0,1,1,0,1,0,0,0,1,0,1,0,1,1,0,0,1,0,0,0,0,0,1,1,0,0,1,0,0,0,0,1,0.3055555555555556,12.815016719716693,1
40,1,1,0,0,0,0,1,0,1,0,0,1,1,0,1,0,1,1,0,0,1,0,0,0,0,0,1,0,0,0,1,0,0,0,0,1,0.25,16.455573536615187,1
41,1,1,0,0,0,1,1,0,1,0,0,0,1,0,1,0,1,1,1,1,1,0,0,0,0,1,1,1,0,0,1,0,0,0,0,1,0.3333333333333333,16.930553928682375,2
42,1,1,0,0,0,0,1,0,1,0,0,1,1,0,1,0,1,1,0,0,1,0,0,0,0,0,1,1,0,0,1,0,0,0,0,1,0.25,12.512118443074176,1
43,1,1,0,0,0,1,1,0,1,0,0,1,1,0,1,0,1,1,1,0,1,0,0,0,0,0,1,1,0,0,1,0,0,0,0,1,0.3611111111111111,17.99336270778964,1
44,1,1,0,0,0,1,1,0,1,0,0,0,1,0,1,0,1,1,1,1,1,0,0,0,0,1,1,1,0,0,1,0,0,0,0,1,0.3333333333333333,16.930553928682375,1
45,1,1,0,0,0,1,1,0,1,0,1,1,1,0,1,0,1,1,0,0,1,0,0,0,0,0,1,1,0,0,1,0,0,0,0,1,0.2777777777777778,24.897951651329368,1
46,1,1,0,0,0,1,1,0,0,0,0,1,1,0,1,0,1,1,1,0,1,0,0,0,0,0,1,1,0,0,1,0,0,0,1,1,0.3055555555555556,14.337510478402185,1
47,1,1,0,0,0,1,1,0,1,0,0,0,1,0,1,0,1,1,0,1,1,0,0,0,0,0,1,1,0,0,1,0,0,0,0,1,0.3333333333333333,12.39759608722593,1
48,1,1,0,0,0,1,1,0,1,0,0,0,1,0,1,0,1,1,0,1,1,0,0,0,0,1,1,1,0,0,1,0,0,0,0,1,0.2777777777777778,14.735113509180247,1
49,1,1,0,0,0,1,1,0,1,0,0,0,1,0,1,0,1,1,1,0,1,0,0,0,0,0,1,1,0,0,1,0,0,0,0,1,0.3333333333333333,11.606306403471303,1
50,1,1,0,0,0,1,1,0,1,0,0,0,1,0,1,0,1,1,0,0,1,0,0,0,0,0,1,1,0,0,1,0,0,0,0,1,0.2777777777777778,12.815016719716693,1
51,1,1,0,0,0,0,1,0,1,0,0,1,1,1,1,0,1,1,1,0,1,0,0,0,0,1,1,1,0,0,1,0,0,0,1,1,0.25,14.565510111347349,1
52,1,1,0,0,0,0,1,0,1,1,0,0,1,0,1,0,1,1,0,0,1,0,0,0,0,0,1,1,0,0,1,0,0,0,0,1,0.2777777777777778,12.457155074344374,1
53,1,1,0,0,0,1,1,0,0,0,0,1,1,0,1,0,1,1,0,1,1,0,0,0,0,0,0,1,0,0,1,0,0,0,1,1,0.3333333333333333,15.14887285202017,1
54,1,1,0,0,0,1,1,0,1,0,0,1,1,0,1,0,1,1,0,0,1,0,0,0,0,1,1,1,0,0,1,0,0,0,0,1,0.2777777777777778,17.708050971243473,1
55,1,1,0,0,0,1,1,0,1,0,0,1,1,0,1,0,1,1,0,1,1,0,0,0,0,1,1,1,0,0,1,0,0,0,1,1,0.3055555555555556,18.697602585811136,1
56,1,1,0,0,0,1,1,0,1,0,0,1,1,0,1,0,1,1,1,0,1,0,0,0,0,0,1,1,0,0,1,0,0,0,1,1,0.3611111111111111,16.32035422458452,1
57,1,1,0,0,0,0,1,0,1,0,0,1,1,0,1,0,1,1,0,0,1,0,0,0,0,0,1,1,0,0,1,0,0,0,0,1,0.3055555555555556,12.512118443074176,1
58,1,1,0,0,0,1,1,0,1,0,0,1,1,0,1,0,1,1,0,0,1,0,0,0,0,0,1,1,0,0,1,0,0,0,0,1,0.3611111111111111,20.20364000745848,1
59,1,1,0,0,0,1,1,0,0,0,0,0,1,0,1,0,1,1,0,0,1,0,0,0,0,1,1,1,0,0,1,0,0,0,1,1,0.3333333333333333,12.796106674349705,1
60,1,1,0,0,0,1,1,0,1,0,0,1,1,0,1,0,1,1,1,0,1,0,0,0,0,0,1,1,0,0,1,0,0,0,0,1,0.3055555555555556,17.99336270778964,1
61,1,1,0,0,0,1,1,0,1,0,0,0,0,0,1,0,1,1,0,0,1,0,0,0,0,0,1,1,0,0,1,0,0,0,0,1,0.25,10.94524303952196,1
62,1,1,0,0,0,1,1,0,0,0,0,1,1,0,1,0,1,1,0,0,1,0,0,0,0,0,1,1,0,0,1,0,0,0,1,1,0.3055555555555556,15.360241321646054,1
63,1,1,0,0,0,1,1,0,1,0,0,1,1,0,1,0,1,1,0,1,1,0,0,0,0,0,1,1,0,0,1,0,0,0,0,1,0.25,17.78308540812084,1
64,1,1,0,0,0,0,1,0,0,0,0,1,1,0,1,0,1,1,0,0,1,0,0,0,0,0,1,1,0,0,1,0,0,0,0,1,0.2777777777777778,10.845051848619386,1
65,1,1,0,0,0,0,1,0,1,0,0,0,1,0,1,0,1,1,0,0,1,0,0,0,0,1,1,1,0,0,1,0,0,0,0,1,0.2777777777777778,8.831038462217254,1
66,1,1,0,0,0,1,1,0,1,0,0,1,1,0,1,0,1,1,0,0,1,0,0,0,0,0,1,1,0,0,1,0,0,0,1,1,0.3333333333333333,17.97545102421498,1
67,1,1,0,0,0,1,1,0,1,0,0,1,1,0,1,0,1,1,1,0,1,0,0,0,0,0,1,1,0,0,1,0,0,0,1,1,0.3611111111111111,16.32035422458452,1
68,1,1,0,0,0,0,1,0,0,0,0,1,1,0,1,0,1,1,0,0,1,0,0,0,0,0,1,1,0,0,1,0,0,0,0,1,0.3333333333333333,10.845051848619386,1
69,1,1,0,0,0,1,1,0,1,0,0,0,1,0,1,0,1,1,1,0,1,0,0,0,0,1,1,1,0,0,1,0,0,0,0,1,0.3611111111111111,12.539673089678088,1
70,1,1,0,0,0,1,1,0,1,0,0,1,1,0,1,0,1,0,0,0,1,0,0,0,0,0,1,1,0,0,1,0,0,0,0,1,0.25,12.206795591736686,1
71,1,1,0,0,0,1,1,0,1,0,0,1,1,0,1,0,1,1,1,0,1,0,0,0,0,0,1,1,0,0,1,0,0,0,0,1,0.3611111111111111,17.99336270778964,1
72,1,1,0,0,0,1,1,0,0,0,0,0,1,0,1,0,1,1,1,0,1,0,0,0,0,0,1,1,0,0,1,0,0,0,0,1,0.2777777777777778,10.012496543545382,1
73,1,1,0,0,0,1,1,0,1,0,0,0,1,0,1,0,1,1,0,1,1,0,0,0,0,1,1,0,0,0,1,0,0,0,1,1,0.3333333333333333,12.165142995609399,1
74,1,1,0,0,0,1,1,0,1,0,0,1,1,0,1,0,1,1,0,1,1,0,0,0,0,1,0,1,0,0,1,0,0,0,0,1,0.3333333333333333,17.600679563606334,1
75,1,1,0,0,0,1,1,0,1,0,0,0,1,0,1,0,1,1,1,0,1,0,1,0,0,0,1,1,0,0,1,0,0,0,0,1,0.2777777777777778,10.276590192952575,1
76,1,1,0,0,0,1,1,0,1,0,0,0,1,0,1,0,0,1,0,1,1,0,0,0,0,0,1,1,0,0,1,0,0,0,1,1,0.3611111111111111,10.829315396397135,1
77,1,1,0,0,0,0,1,0,0,1,0,0,1,0,1,0,1,1,0,0,1,0,0,0,0,0,1,1,0,0,1,0,0,0,0,1,0.2222222222222222,9.790326770982654,1
78,1,1,0,0,0,1,1,0,0,0,0,0,1,0,1,0,1,1,0,0,1,0,0,0,0,0,1,1,0,0,1,0,0,0,1,1,0.3611111111111111,10.019822529308923,1
79,1,1,0,0,0,1,1,0,0,0,0,0,1,0,1,0,1,1,0,0,1,0,0,0,0,1,1,1,0,0,1,0,0,0,0,1,0.2777777777777778,11.645492322868032,1
80,1,1,0,0,0,1,0,0,1,0,0,0,1,0,1,0,1,1,0,0,1,0,0,0,0,0,1,0,0,0,1,0,0,0,1,1,0.25,11.993159803887167,1
81,1,1,0,0,0,1,1,0,1,0,0,0,1,0,1,0,1,1,1,1,1,0,1,0,0,1,1,1,0,0,1,0,0,0,1,1,0.3888888888888889,20.67777149554311,1
82,1,1,0,0,0,1,1,0,0,0,0,0,1,0,1,0,1,0,0,0,1,0,0,0,0,0,1,1,0,0,1,0,0,0,0,1,0.2777777777777778,5.591999214353155,1
83,1,1,0,0,0,1,1,0,1,0,0,1,1,0,1,0,1,1,1,1,1,0,0,0,0,0,1,1,0,0,1,0,0,0,1,1,0.3888888888888889,17.010160625323657,1
84,1,1,0,0,0,1,1,0,1,0,0,0,1,0,1,0,1,1,1,1,1,0,0,0,0,1,1,1,0,0,1,0,0,0,0,1,0.3611111111111111,16.930553928682375,1
85,1,1,0,0,0,1,1,0,0,0,0,0,1,0,1,0,1,1,0,0,1,0,0,0,0,1,1,1,0,0,1,0,0,0,0,1,0.3333333333333333,11.645492322868032,1
86,1,1,0,0,0,1,1,0,1,0,0,0,1,0,1,0,1,1,0,1,1,0,0,0,0,1,0,1,0,0,1,0,0,0,0,1,0.3888888888888889,13.235469692320956,1
87,0,0,1,1,1,1,0,1,0,1,1,0,0,1,0,1,0,1,0,0,0,1,1,1,1,0,0,1,1,1,0,1,1,1,0,1,0.3333333333333333,40.61490345978658,1
