,0,1,2,3,4,5,6,7,8,9,10,11,12,13,14,15,16,17,18,19,20,21,22,23,24,25,26,27,28,29,30,31,32,33,34,35,chain_break_fraction,energy,num_occurrences
0,0,0,0,1,1,1,0,0,0,1,0,0,1,0,1,0,0,1,1,0,0,1,0,0,1,1,1,0,0,0,0,0,0,0,0,0,0.2777777777777778,10.098210310684346,1
1,0,0,0,1,1,1,0,0,0,1,0,0,1,0,1,0,0,1,1,0,0,1,0,0,1,1,1,0,0,0,0,0,0,0,0,0,0.2777777777777778,10.098210310684346,1
2,0,0,0,1,0,0,0,0,0,1,0,0,1,0,1,0,0,1,1,0,0,1,0,0,1,1,1,0,0,0,0,0,0,0,0,0,0.2777777777777778,5.8173210831078634,1
3,0,0,0,1,1,1,0,0,0,1,0,0,1,0,1,0,1,1,1,0,0,1,0,0,1,1,1,0,0,0,0,0,0,0,0,0,0.3055555555555556,13.111486178208432,1
4,0,0,0,1,0,1,0,0,0,1,0,0,1,0,1,0,1,1,1,0,0,1,0,0,1,1,1,0,0,0,0,0,0,0,0,0,0.2222222222222222,10.517854897444447,1
5,1,0,0,1,1,1,0,0,0,1,0,0,1,0,1,0,0,1,1,0,0,1,0,0,1,1,1,0,0,0,0,0,0,0,0,0,0.3055555555555556,12.099374969490006,1
6,0,0,0,1,0,1,0,0,0,1,0,0,1,0,1,0,1,1,1,0,1,1,0,0,1,1,1,0,0,0,0,0,0,0,0,0,0.25,9.667560072360143,1
7,0,0,0,1,0,1,0,0,0,1,0,0,1,0,1,0,0,1,1,0,0,1,0,0,1,1,0,0,0,0,0,0,0,0,0,0,0.25,9.353226210763887,1
8,0,0,0,1,0,0,0,0,0,1,0,0,1,0,1,0,1,1,1,0,0,1,0,0,1,1,1,0,0,0,0,0,0,0,0,0,0.2777777777777778,7.330592335916443,1
9,1,0,0,1,0,0,0,0,1,1,0,0,1,0,1,0,0,1,1,0,0,1,0,0,1,1,1,0,0,0,0,0,0,0,0,0,0.25,8.654602157436427,1
10,1,0,0,1,0,0,0,0,0,1,0,0,1,0,1,0,1,1,1,0,1,1,0,0,1,1,1,0,0,0,0,0,0,0,0,0,0.2777777777777778,7.987701305171714,1
11,0,0,0,1,0,1,0,0,0,1,0,0,1,0,1,0,0,1,1,0,0,1,0,0,1,1,1,0,0,0,0,0,0,0,0,0,0.25,8.004580568158847,1
12,1,0,0,1,0,1,0,0,0,1,0,0,1,1,1,0,0,1,1,0,0,1,0,0,0,1,1,0,0,0,0,0,0,0,0,0,0.2777777777777778,20.62877963670745,1
13,0,1,0,1,1,1,0,0,0,1,0,0,1,0,1,1,0,1,1,0,0,1,0,0,1,1,1,0,0,0,0,1,0,0,0,0,0.2777777777777778,17.01811758917866,1
14,1,0,0,1,0,1,0,0,1,1,0,0,1,0,1,0,1,1,1,0,1,1,0,0,1,1,1,0,0,0,0,0,0,0,0,0,0.25,14.50856136361237,1
15,0,1,0,1,0,1,0,0,0,1,0,0,1,0,1,0,1,1,1,0,0,1,0,0,1,1,1,0,0,1,0,0,0,0,0,0,0.19444444444444445,12.110204739151943,1
16,0,0,0,1,0,1,0,0,0,1,0,0,1,0,1,0,1,1,1,0,0,1,0,0,1,1,1,0,0,0,0,0,0,0,0,0,0.2777777777777778,10.517854897444447,1
17,0,0,0,1,1,1,0,0,0,1,0,0,1,0,1,0,0,1,1,0,0,1,0,0,1,0,1,0,0,0,0,0,0,0,0,0,0.25,13.515386415459188,1
18,0,0,0,1,1,0,0,0,0,1,0,0,1,0,1,0,0,1,1,0,0,1,0,0,1,1,1,0,0,0,0,0,0,0,0,0,0.2777777777777778,5.910950825633355,1
19,0,1,0,1,0,1,0,0,0,1,0,0,1,0,1,0,0,1,1,0,1,1,0,0,1,1,1,0,0,1,0,0,0,0,0,0,0.19444444444444445,9.262994530101682,1
20,1,0,0,1,0,1,0,0,0,1,0,0,1,0,1,0,0,1,1,0,0,1,0,0,1,1,1,0,0,0,0,0,0,0,0,0,0.2777777777777778,9.505745200198456,1
21,1,0,0,1,0,1,0,0,0,1,0,0,1,0,1,1,1,1,1,0,0,1,0,0,1,1,1,0,0,1,0,0,0,0,0,0,0.3055555555555556,13.282630399079444,1
22,0,0,0,1,0,0,0,0,0,1,0,0,1,0,1,0,1,1,1,0,0,1,0,0,1,1,1,0,0,1,0,0,0,0,0,0,0.3055555555555556,6.964887430648283,1
23,0,0,0,1,0,1,0,0,0,1,0,0,1,0,1,0,0,1,1,0,1,1,0,0,1,1,1,0,0,0,0,0,0,0,0,0,0.25,7.655934925553812,1
24,0,0,0,1,1,0,1,0,0,1,0,0,1,0,1,0,1,1,1,0,0,1,0,0,1,1,1,0,0,0,0,0,0,0,0,0,0.3055555555555556,9.597085492397216,1
25,1,0,0,1,1,1,0,0,0,1,0,0,1,0,1,1,0,1,1,0,0,1,0,1,1,1,1,0,0,1,0,0,0,0,0,0,0.2777777777777778,11.699534508948386,1
26,0,1,0,1,0,1,1,0,0,1,0,0,1,0,1,0,0,1,1,0,1,1,0,0,1,1,1,0,0,1,0,0,0,0,0,0,0.2222222222222222,10.734270080390992,1
27,0,0,0,1,0,1,0,0,0,1,0,0,1,0,1,0,1,1,1,0,1,1,0,0,1,1,0,0,0,0,0,0,0,0,0,0,0.2222222222222222,10.517854897444453,1
28,1,0,0,1,0,1,0,0,0,1,0,0,1,0,1,0,1,1,1,0,0,1,0,0,1,1,1,0,0,1,0,0,0,0,0,0,0.3055555555555556,9.109040107112342,1
29,0,0,0,1,0,0,0,0,0,1,0,0,1,0,1,0,0,1,1,0,0,1,0,0,1,0,1,0,0,0,0,0,0,0,0,0,0.2222222222222222,5.6768775105356815,1
30,1,0,0,1,0,1,0,0,0,1,0,0,1,0,1,1,1,1,1,0,0,1,0,0,1,1,1,0,0,1,0,0,0,0,0,0,0.3333333333333333,13.282630399079444,1
31,1,0,0,1,0,1,0,0,1,1,0,0,1,0,1,0,1,1,1,0,0,1,0,0,1,1,1,0,0,0,0,0,0,0,0,0,0.19444444444444445,16.35885618897326,1
32,0,0,0,1,1,1,0,0,0,1,0,0,1,0,1,0,0,1,1,0,0,1,0,0,1,1,1,0,0,0,0,0,0,0,0,0,0.2777777777777778,10.098210310684346,1
33,1,0,0,1,0,1,0,0,0,1,0,0,1,0,1,0,0,1,1,0,1,1,0,0,0,1,1,0,0,0,0,0,0,0,0,0,0.25,9.772725988224057,1
34,0,0,0,1,1,1,0,0,0,1,0,0,1,0,1,0,1,1,1,0,1,1,0,0,1,1,1,0,0,0,0,0,0,0,0,0,0.3333333333333333,11.758071745208074,1
35,1,0,0,1,1,0,0,0,0,1,0,0,1,0,1,0,1,1,1,0,0,1,0,0,1,1,1,0,0,0,0,0,0,0,0,0,0.3055555555555556,9.425388221953982,1
36,0,0,0,1,1,1,0,0,1,1,0,0,1,0,1,0,1,1,1,0,0,1,0,0,0,1,1,0,0,1,0,0,0,0,0,0,0.3055555555555556,14.205289773221025,1
37,1,0,0,1,0,1,0,0,0,1,0,0,1,0,1,1,0,1,1,0,0,1,0,0,1,1,1,0,0,1,0,0,0,0,0,0,0.2777777777777778,10.269356076861655,1
38,0,1,0,1,0,1,0,0,0,1,0,0,1,0,1,0,0,1,1,0,0,1,0,0,1,1,1,0,0,1,0,0,0,0,0,0,0.2777777777777778,9.596930417086622,1
39,0,0,0,1,1,0,0,0,0,1,0,0,1,1,1,1,1,1,1,0,0,1,0,0,1,1,1,0,0,1,1,0,0,0,0,0,0.3055555555555556,13.692757116059173,1
40,0,1,0,1,1,0,0,0,0,1,0,0,1,0,1,0,0,1,1,0,1,1,0,0,1,1,1,0,0,0,0,0,0,0,0,0,0.3611111111111111,9.067754001491434,1
41,1,0,0,1,1,1,0,0,0,1,0,0,1,0,1,0,1,1,1,0,0,1,0,0,0,1,1,0,0,0,0,0,0,0,0,0,0.2777777777777778,18.321238891996074,1
42,0,0,0,1,1,1,0,0,0,1,0,0,1,0,1,0,0,1,1,0,0,1,0,0,1,1,0,0,0,1,0,0,0,0,0,0,0.3055555555555556,8.503149131882143,1
43,0,0,0,1,0,1,0,0,0,1,0,0,1,0,1,0,0,1,1,0,0,1,0,0,1,1,1,0,0,1,0,0,0,0,0,0,0.25,6.594601153007422,1
44,0,0,0,1,1,1,1,0,0,1,0,0,1,0,1,0,0,1,1,0,0,1,0,0,1,1,1,0,0,0,0,0,0,0,0,0,0.2777777777777778,12.871077404284739,1
45,1,1,0,1,1,1,0,0,1,1,0,0,1,0,1,0,0,1,1,0,0,1,0,0,1,1,1,0,0,1,0,0,0,0,0,0,0.25,18.511954850459524,1
46,0,0,0,1,0,0,0,0,0,1,0,0,1,0,1,0,0,1,1,0,0,1,0,0,0,1,1,0,0,0,1,0,0,0,0,0,0.25,4.79903876115963,1
47,1,0,0,1,0,0,1,0,0,1,0,0,1,0,1,0,1,1,1,0,0,1,0,0,1,1,1,0,0,1,0,0,0,0,0,0,0.3055555555555556,7.33802060746523,1
48,1,0,0,1,0,0,0,0,1,1,0,0,1,0,1,0,1,1,1,0,0,1,0,0,1,1,1,0,0,1,1,0,0,0,0,0,0.2777777777777778,8.347935044094191,1
49,0,0,0,1,0,1,0,0,0,1,0,1,1,0,1,0,1,1,1,0,0,1,0,0,1,1,1,0,0,0,0,0,0,0,0,0,0.2777777777777778,19.544403556015652,1
50,1,0,0,1,1,1,0,0,0,1,0,0,1,0,1,0,0,1,1,0,0,1,0,0,1,1,1,0,0,0,0,0,0,0,0,0,0.2777777777777778,12.099374969490006,1
51,1,0,0,1,1,1,0,0,1,0,0,0,1,0,1,0,0,1,1,0,1,1,0,0,1,1,1,0,0,0,0,0,0,0,0,0,0.16666666666666666,7.4059129779222515,1
52,0,1,0,1,1,0,0,0,1,1,0,0,0,0,1,0,1,1,1,0,0,1,0,0,1,1,1,0,0,1,0,0,0,0,0,0,0.3055555555555556,9.691590116539217,1
53,1,0,0,1,0,0,0,0,0,1,0,1,1,0,1,0,1,1,1,0,0,1,0,0,1,1,1,0,0,1,0,0,0,0,0,0,0.2777777777777778,12.992594500332352,1
54,1,0,0,1,0,0,0,0,0,1,0,0,1,1,1,0,1,1,1,0,1,1,0,0,0,1,1,0,0,1,0,0,0,0,0,0,0.25,12.514999875228241,1
55,0,0,0,1,0,1,0,0,0,1,0,0,1,0,1,0,1,1,1,0,1,1,0,0,1,1,0,0,0,1,0,0,0,0,0,0,0.25,8.107875475072742,1
56,0,0,0,1,1,0,0,0,1,1,0,0,1,0,1,0,0,1,1,0,1,1,0,0,1,1,1,0,0,0,1,0,0,0,0,0,0.1388888888888889,6.886130343755526,1
57,1,0,0,1,0,1,0,0,0,1,0,0,1,0,1,0,1,1,1,0,1,1,0,0,0,1,1,0,0,1,0,0,0,0,0,0,0.3055555555555556,9.352906134373043,1
58,0,1,0,1,0,0,0,0,0,0,0,0,1,1,1,1,0,1,1,0,0,1,0,0,1,1,1,0,0,1,0,0,0,0,0,0,0.2222222222222222,9.491629955504141,1
59,0,1,0,1,1,1,0,0,0,1,0,0,1,0,1,0,1,1,1,0,0,1,0,0,1,1,1,0,0,1,0,0,0,0,0,0,0.3888888888888889,14.6816988148963,1
60,0,0,0,1,0,0,0,0,1,1,0,0,1,0,1,1,0,1,1,0,1,1,0,0,1,1,1,0,0,1,0,0,0,0,0,0,0.16666666666666666,8.535857989019647,1
61,0,0,0,1,1,0,0,0,0,1,0,0,1,0,1,1,0,1,1,0,0,1,0,0,1,1,1,0,0,0,0,0,0,0,0,0,0.3055555555555556,10.077307793047373,1
62,1,0,0,1,0,0,0,0,1,1,0,0,1,0,1,0,1,1,1,0,0,1,0,0,1,1,0,0,0,1,0,0,0,0,0,0,0.3055555555555556,9.631513439052974,1
63,1,0,0,1,0,1,0,0,0,1,0,0,1,1,1,0,0,1,1,0,1,1,0,0,1,1,1,0,0,1,0,0,0,0,0,0,0.2777777777777778,12.734365090615839,1
64,0,1,0,1,0,0,0,0,0,1,0,0,0,0,1,0,0,1,0,0,0,1,0,0,1,1,1,0,0,1,1,0,0,0,0,0,0.16666666666666666,6.673287249219178,1
65,0,0,0,1,0,0,1,0,0,1,0,0,1,0,1,0,0,1,1,0,1,1,0,0,0,1,1,0,0,1,0,0,0,0,0,0,0.2777777777777778,5.905820412267012,1
66,0,1,0,1,0,0,0,0,0,1,0,0,1,0,1,0,1,1,1,0,1,1,0,1,1,1,0,0,0,1,0,0,0,0,0,0,0.2777777777777778,10.803752571746873,1
67,1,1,0,1,0,1,0,0,0,1,0,0,1,0,1,0,1,1,1,0,1,1,0,0,1,1,1,0,0,1,0,0,0,0,0,0,0.2777777777777778,13.775784301727338,1
68,0,0,0,1,0,1,0,0,1,1,0,0,1,0,1,0,1,1,1,0,1,1,0,0,1,1,1,0,0,0,0,0,0,0,0,0,0.3611111111111111,12.507061023787427,1
69,1,0,0,1,1,0,0,0,0,0,0,0,1,0,1,0,0,1,1,0,0,1,0,0,1,1,1,0,0,0,0,0,0,0,0,0,0.2222222222222222,3.2361622755965973,1
70,1,0,0,1,1,0,0,0,0,1,0,0,1,0,1,0,1,1,1,0,0,1,0,0,1,0,1,0,0,1,0,0,0,0,0,0,0.3055555555555556,8.010625048642112,1
71,0,0,0,1,0,1,1,0,0,1,0,0,1,0,1,0,1,1,1,0,1,1,0,0,1,1,1,0,0,1,0,0,0,0,0,0,0.3055555555555556,9.243569393998392,1
72,0,0,0,1,0,0,0,0,0,1,0,0,1,0,1,0,0,1,1,0,0,1,0,0,0,1,1,0,0,0,0,0,0,0,0,0,0.2777777777777778,5.747099296821775,1
73,0,0,0,1,0,0,0,0,1,1,0,1,1,0,1,0,0,1,1,0,0,1,0,0,1,1,1,0,0,1,0,0,0,0,0,0,0.3333333333333333,11.313938544439793,1
74,0,1,0,1,1,1,0,0,0,1,0,0,1,0,1,0,1,1,1,0,0,1,0,0,1,1,1,0,0,1,0,0,0,0,0,0,0.3611111111111111,14.6816988148963,1
75,0,1,0,1,0,1,0,0,0,1,0,0,1,0,1,0,0,1,1,0,1,1,0,1,1,0,0,0,0,1,0,0,0,0,0,0,0.2222222222222222,10.583206615963602,1
76,0,0,0,1,0,0,0,0,0,0,0,0,1,1,1,1,1,1,1,0,0,1,0,0,1,0,1,0,0,1,0,0,0,0,0,0,0.25,9.376983695059913,1
77,0,0,0,1,1,1,0,0,0,1,0,0,1,0,1,0,1,1,1,0,0,1,0,0,1,1,0,0,0,0,0,0,0,0,0,0,0.3333333333333333,15.464900611208797,1
78,0,0,0,1,1,0,0,0,1,1,0,0,1,0,1,0,0,1,1,0,0,1,0,0,1,1,1,0,0,0,0,1,0,0,0,0,0.2777777777777778,7.159910018749006,1
79,1,0,0,1,0,0,0,0,1,1,0,0,0,0,1,0,1,1,1,0,0,1,0,0,1,1,0,0,0,1,0,0,0,0,0,0,0.25,7.452241694468207,1
80,1,0,0,1,0,0,0,0,1,1,0,0,1,0,1,0,1,1,1,0,0,1,0,0,0,1,0,0,0,1,0,0,0,0,0,0,0.3333333333333333,10.537288776585175,1
81,0,0,0,1,1,0,0,0,0,1,0,0,1,0,1,1,1,1,1,0,0,1,0,0,1,1,1,0,0,1,0,0,0,0,0,0,0.3333333333333333,8.661637125344551,1
82,1,0,1,1,1,0,0,0,0,1,0,0,1,0,1,0,1,1,1,0,0,1,0,0,1,1,0,0,0,1,0,0,0,0,0,0,0.3055555555555556,10.058468460048875,1
83,0,0,0,1,0,0,1,0,1,1,0,0,0,0,1,0,1,1,1,0,0,1,0,0,1,1,1,0,0,0,0,0,0,0,0,0,0.3055555555555556,8.353734440426045,1
84,1,0,0,1,1,1,0,0,0,1,0,0,0,0,1,0,1,1,1,0,0,1,0,0,1,1,1,0,0,0,0,0,0,0,0,0,0.2777777777777778,12.370715196356551,1
85,1,0,0,1,1,0,0,0,0,1,0,0,1,0,1,0,0,1,1,0,0,1,1,0,0,1,1,0,0,1,0,0,0,0,0,0,0.25,5.426797800579738,1
86,1,0,0,1,1,0,0,0,0,0,0,0,1,0,1,0,1,1,1,0,0,1,0,0,1,1,0,0,0,1,0,0,0,0,0,0,0.19444444444444445,4.194060203483865,1
87,1,0,0,1,0,1,0,0,0,1,1,0,1,0,0,1,0,1,1,0,0,1,0,0,1,1,1,0,0,1,0,0,0,0,0,0,0.2777777777777778,11.195835253095886,1
88,1,0,0,1,0,1,0,0,0,1,0,0,1,0,1,1,0,1,1,0,1,1,0,0,1,1,1,0,0,1,0,0,0,0,0,0,0.3611111111111111,9.434566194496117,1
89,1,0,0,1,0,0,0,0,0,1,0,0,1,0,1,0,0,1,1,0,1,1,0,0,1,0,1,0,0,0,0,0,0,0,0,0,0.3055555555555556,6.335585644539008,1
90,0,1,0,1,1,0,0,0,0,1,0,0,1,0,1,0,1,1,1,0,0,1,0,0,1,1,1,0,0,1,0,0,0,0,0,0,0.2777777777777778,9.53871066340757,1
91,0,1,0,1,0,0,0,0,0,1,0,0,1,0,1,0,1,1,1,0,0,1,0,0,1,0,0,0,0,1,0,0,0,0,0,0,0.1388888888888889,11.583818233971003,1
92,1,1,1,0,1,1,1,1,0,0,1,0,0,1,0,1,0,0,0,1,0,0,1,1,0,0,0,1,1,0,1,0,1,1,1,1,0.16666666666666666,15.378043715004996,1
93,0,0,0,1,0,0,0,0,0,1,0,0,1,0,1,1,1,1,0,0,0,1,0,0,0,1,1,0,0,1,0,0,0,0,0,0,0.2777777777777778,10.550050202781868,1
94,0,1,0,1,1,1,0,0,0,1,1,0,1,0,1,1,0,1,1,0,0,1,0,0,1,1,1,0,0,1,0,0,0,0,0,0,0.3888888888888889,20.90362372634641,1
95,0,1,0,1,1,1,0,0,0,1,1,0,1,0,1,0,1,1,1,0,1,1,0,0,1,1,1,0,0,1,0,0,0,0,0,0,0.4166666666666667,16.85462081534058,1
96,1,0,0,1,1,1,0,0,0,1,0,0,1,0,1,0,1,1,1,0,0,1,0,0,0,1,1,0,0,0,0,0,0,0,0,0,0.3888888888888889,18.321238891996074,1
97,0,0,0,1,1,0,0,0,0,1,0,0,1,0,1,0,1,1,1,0,0,1,0,0,1,1,1,0,0,1,0,0,0,0,0,0,0.3055555555555556,6.5363814528605095,1
98,1,1,1,0,0,1,1,1,1,0,0,0,0,1,0,1,1,0,0,1,0,0,1,1,0,0,0,1,1,0,0,0,1,1,1,1,0.19444444444444445,15.147406853896102,1
99,0,0,0,1,0,1,0,0,1,1,0,0,1,0,1,0,1,1,1,0,1,1,0,0,1,1,1,0,0,1,0,0,0,0,0,0,0.3611111111111111,10.111790437203247,1
