,0,1,2,3,4,5,6,7,8,9,10,11,12,13,14,15,16,17,18,19,20,21,22,23,24,25,26,27,28,29,30,31,32,33,34,35,chain_break_fraction,energy,num_occurrences
0,0,1,0,0,0,0,1,1,1,0,0,1,0,1,0,0,0,1,0,0,1,0,1,1,1,0,0,0,0,1,1,1,0,1,0,0,0.2222222222222222,6.035851764353774,1
1,0,1,1,0,0,0,1,1,1,0,0,1,0,1,0,0,0,1,1,0,1,0,1,1,1,0,0,0,0,1,1,1,0,1,0,0,0.19444444444444445,6.4869230809542975,1
2,1,0,1,0,1,1,0,0,0,0,1,0,1,0,1,1,1,0,0,1,0,0,0,0,0,0,0,1,1,0,0,1,1,0,1,0,0.19444444444444445,3.6018863612443677,1
3,1,0,0,1,1,1,0,0,0,0,1,0,1,0,1,1,1,0,0,1,0,0,1,0,0,0,0,0,1,0,0,1,1,0,1,0,0.2777777777777778,6.788815711200003,1
4,0,1,0,0,0,0,1,1,1,0,0,1,0,0,0,0,0,1,1,0,1,0,0,1,1,0,0,0,0,1,1,1,0,1,0,1,0.19444444444444445,12.033396103418585,1
5,1,0,0,1,1,1,0,0,0,0,1,0,1,1,1,1,1,0,0,1,0,0,1,0,0,1,1,0,1,0,0,1,1,0,1,0,0.25,6.0898364290809575,1
6,1,0,0,1,1,1,0,0,0,0,1,0,1,1,0,1,1,0,0,1,0,0,1,0,0,0,0,1,1,1,0,0,1,0,1,0,0.25,5.144286595540095,1
7,1,0,0,0,1,1,0,0,0,0,1,0,1,1,1,0,1,0,0,1,0,0,1,0,0,0,0,1,1,0,0,1,1,0,1,0,0.16666666666666666,-0.32190772049226624,1
8,1,0,0,1,1,1,0,0,0,0,0,0,1,0,1,1,1,0,0,1,0,0,1,0,0,0,0,0,1,0,0,1,1,0,1,0,0.25,5.739759725465817,1
9,1,0,0,0,1,1,0,0,0,0,1,0,1,1,1,1,1,0,0,1,0,0,1,0,0,0,1,0,1,1,0,1,1,0,1,0,0.2222222222222222,2.4598606399500405,1
10,1,0,0,1,1,1,0,0,0,0,1,0,1,0,0,1,1,0,0,1,0,0,1,0,0,0,0,0,1,0,0,1,1,0,1,0,0.2222222222222222,4.289063889812088,1
11,1,0,0,1,1,1,0,0,0,0,0,1,1,1,1,1,0,0,0,1,0,0,1,0,0,1,0,0,1,0,0,1,1,0,1,0,0.25,9.64203840222066,1
12,1,0,0,1,1,1,0,0,0,0,1,0,1,0,0,1,1,0,0,1,0,0,0,0,0,0,0,1,1,0,0,1,1,0,1,0,0.2222222222222222,4.159398884483199,1
13,1,0,0,0,1,1,0,0,0,0,1,0,1,0,1,1,0,0,0,1,0,0,0,0,0,0,0,0,1,0,0,1,1,0,1,0,0.25,3.4046460445707267,1
14,1,0,0,1,1,1,0,0,0,0,1,0,1,0,0,1,0,0,0,1,0,0,0,0,0,0,0,0,1,0,0,1,1,0,1,0,0.25,5.0206803650913105,1
15,1,0,0,1,1,1,0,0,0,0,1,0,1,1,1,1,1,0,0,1,0,0,0,0,0,0,1,0,1,1,0,1,1,0,1,0,0.3055555555555556,7.0968765660559505,1
16,1,0,1,0,1,1,0,0,0,0,1,0,1,0,0,1,1,0,0,1,0,0,0,0,0,0,1,0,1,0,0,1,1,0,1,0,0.2222222222222222,1.4721818323565994,1
17,0,1,0,0,0,0,1,1,1,0,1,1,0,0,0,0,0,1,1,0,1,0,0,1,1,0,0,0,0,1,1,1,0,1,0,0,0.16666666666666666,6.435388855405162,1
18,1,0,1,0,1,1,0,0,0,0,0,0,1,1,1,1,0,0,0,1,0,0,1,0,0,1,1,0,1,0,0,1,1,0,1,0,0.25,3.847363211347971,1
19,1,0,1,0,1,1,0,0,0,0,1,0,1,1,1,1,0,0,0,1,0,0,0,0,0,1,1,0,1,1,0,1,1,0,1,0,0.2222222222222222,4.1691222651025335,1
20,0,1,1,0,0,0,1,1,1,0,1,1,0,1,0,0,0,1,1,0,1,0,1,1,1,0,1,0,0,1,1,1,0,1,0,0,0.2222222222222222,6.277186777217975,1
21,1,0,1,0,1,1,0,0,0,0,1,0,1,1,1,1,0,0,0,1,0,0,1,0,0,0,0,0,1,1,0,1,1,0,1,0,0.2222222222222222,4.056397338673042,1
22,1,0,0,1,1,1,0,0,0,0,1,0,1,1,0,1,0,0,0,1,0,0,0,0,0,0,1,0,1,0,0,1,1,0,1,0,0.25,5.912891426841824,1
23,1,0,0,1,1,1,0,0,0,0,0,0,1,1,0,1,0,1,0,1,0,0,1,0,0,0,1,0,1,0,0,1,1,0,1,0,0.25,7.319488152201716,1
24,1,0,1,1,0,1,0,0,0,0,1,0,1,1,1,0,1,0,1,1,0,1,0,0,0,0,0,1,1,1,1,0,1,0,1,0,0.2222222222222222,4.941898337122204,1
25,0,1,1,0,0,0,0,1,1,0,0,1,0,1,1,0,0,1,0,0,1,1,1,1,1,0,0,0,0,1,1,0,0,1,0,1,0.16666666666666666,8.195312539847693,1
26,1,0,1,1,1,1,0,0,0,0,1,0,1,0,0,1,0,0,0,1,0,0,0,0,0,0,1,0,1,0,0,1,1,0,1,0,0.2777777777777778,6.204519816051851,1
27,1,0,0,0,1,1,0,0,0,0,1,0,0,1,0,1,0,0,0,1,0,0,1,0,0,0,0,0,1,0,0,1,1,0,1,0,0.19444444444444445,2.1746553113363483,1
28,0,1,0,0,0,0,1,1,1,0,0,1,1,0,0,0,0,1,0,0,1,1,1,1,1,0,1,0,0,0,1,0,0,1,0,0,0.19444444444444445,4.045844688047838,1
29,1,0,0,1,1,1,0,0,0,0,1,0,1,0,0,1,0,0,0,1,0,0,0,0,0,1,0,0,1,0,0,1,1,0,1,0,0.25,4.354021380434602,1
30,0,0,1,0,1,1,0,0,0,0,1,0,1,0,1,1,1,0,0,1,0,0,0,0,0,1,1,0,1,0,0,1,1,0,1,0,0.2222222222222222,3.948331470451046,1
31,0,1,0,0,0,0,1,1,1,0,0,1,0,1,0,1,0,1,1,0,1,0,0,1,1,0,0,0,0,1,1,0,1,1,0,1,0.1388888888888889,7.476297316069422,1
32,0,1,1,0,0,0,1,1,1,0,0,1,0,0,0,1,0,1,1,0,1,0,1,1,1,1,1,0,0,0,1,0,0,1,0,1,0.19444444444444445,11.165507530614324,1
33,1,0,1,0,1,1,0,0,0,0,1,0,1,0,1,1,1,0,0,1,0,0,0,0,0,0,0,1,1,1,0,1,1,0,1,0,0.25,4.971107675180214,1
34,1,0,1,0,1,1,0,0,0,0,1,0,1,1,0,1,1,0,0,1,0,1,1,0,0,0,1,0,1,0,0,1,1,0,1,0,0.25,2.4664306130129834,1
35,1,0,0,1,1,1,0,0,0,0,1,0,1,1,0,1,1,0,0,1,0,0,0,0,0,0,0,0,1,1,0,1,1,0,1,0,0.3055555555555556,6.9666680679516055,1
36,0,1,1,0,0,0,1,1,0,0,0,1,0,0,0,0,0,1,0,0,0,0,1,1,1,0,0,0,0,1,1,1,0,1,0,0,0.1388888888888889,7.637739461186114,1
37,1,0,1,1,1,1,0,0,0,0,1,0,1,0,0,1,0,0,0,1,0,0,0,0,0,1,1,0,1,0,0,0,1,0,1,0,0.25,6.408630373905645,1
38,1,0,1,0,0,1,0,0,0,0,0,0,1,1,0,1,1,0,0,1,0,0,0,0,0,0,0,1,1,1,0,0,1,0,1,0,0.2222222222222222,1.4012810769339772,1
39,1,0,0,1,1,1,0,0,0,0,1,0,1,0,0,1,0,0,0,1,0,0,0,0,0,0,1,0,1,0,0,1,1,0,1,0,0.2777777777777778,4.147288135258538,1
40,1,0,0,1,1,0,0,0,0,0,1,0,1,1,1,1,0,0,0,1,0,0,0,0,0,0,1,0,1,0,1,0,1,0,1,0,0.2222222222222222,3.8386597406261456,1
41,1,0,0,0,1,1,0,0,0,0,1,0,1,1,0,1,0,0,0,1,0,0,0,0,0,0,1,0,1,1,0,0,1,0,1,0,0.16666666666666666,2.561213718265327,1
42,1,0,0,0,1,1,0,0,0,0,1,0,1,0,1,1,0,0,0,1,0,0,1,0,0,1,0,0,1,0,0,1,1,0,1,0,0.2222222222222222,4.688162230334264,1
43,1,0,0,1,1,1,0,0,0,0,0,0,1,1,1,1,0,0,0,1,0,0,0,0,0,1,1,0,1,0,0,1,1,0,1,1,0.25,7.922097534864252,1
44,1,0,0,0,1,1,0,0,0,0,1,0,1,0,0,1,0,0,0,1,0,0,0,0,0,1,1,0,1,0,0,1,1,0,1,0,0.19444444444444445,4.68078191226768,1
45,0,1,1,0,0,0,1,1,1,1,0,1,0,0,0,1,0,1,1,0,1,0,1,1,1,0,1,0,0,0,1,1,0,1,0,0,0.2222222222222222,11.882045692527562,1
46,0,1,0,0,0,0,1,1,1,0,1,1,1,0,0,0,0,1,0,0,1,0,0,1,1,0,0,0,0,1,1,1,0,1,0,1,0.2222222222222222,7.937116670253676,1
47,1,0,1,0,1,1,0,0,0,0,0,0,1,1,1,1,0,0,0,1,0,0,0,0,0,0,0,0,1,0,0,1,1,0,1,0,0.16666666666666666,6.400005957092775,1
48,1,0,0,0,1,1,0,0,0,0,1,0,1,1,0,1,0,0,0,1,0,0,0,0,0,1,0,0,1,0,0,1,1,0,1,0,0.19444444444444445,3.2808417897479134,1
49,1,0,0,1,0,1,0,0,0,0,1,0,1,1,0,1,1,0,0,1,0,0,1,0,0,0,1,0,1,0,1,1,1,0,1,0,0.2777777777777778,2.320509769859168,1
50,0,1,1,0,0,0,1,1,1,0,0,1,0,1,1,0,0,1,1,0,1,0,0,1,1,0,1,0,0,0,1,0,0,1,0,1,0.16666666666666666,8.545772133350036,1
51,1,0,1,0,0,1,0,0,0,0,1,0,1,0,0,1,0,0,0,1,0,0,0,0,0,0,0,1,1,0,0,0,1,0,1,0,0.2222222222222222,1.891612546183427,1
52,1,0,0,0,1,1,0,0,0,0,0,0,1,1,1,1,1,0,0,1,0,0,0,0,0,0,0,0,1,0,0,1,1,0,1,0,0.2777777777777778,6.701373842806305,1
53,1,0,0,1,1,1,0,0,0,0,1,0,1,0,1,1,0,0,0,1,0,0,0,0,0,1,1,0,1,0,0,0,1,0,1,0,0.2777777777777778,6.5028060603080515,1
54,1,0,0,1,1,1,0,0,0,0,1,0,1,1,1,1,0,0,0,1,0,0,0,0,0,0,0,0,1,0,0,0,1,0,1,0,0.3055555555555556,19.238007510383454,1
55,1,0,1,0,1,1,0,0,0,0,1,0,0,0,0,1,1,0,0,1,0,0,0,0,0,1,0,1,1,0,0,1,0,0,1,0,0.2222222222222222,5.386999737711251,1
56,1,0,0,1,1,1,0,0,0,0,1,0,1,0,1,1,0,0,0,1,0,0,1,0,0,1,1,0,1,0,0,1,1,0,1,0,0.3333333333333333,5.689501687720043,1
57,1,0,0,1,1,1,0,0,0,0,1,0,1,1,0,1,1,0,0,1,0,0,1,0,0,0,1,0,1,0,0,1,1,0,1,0,0.3333333333333333,5.5985644704163295,1
58,1,0,0,1,0,1,0,0,0,0,1,0,1,1,1,1,0,0,0,1,0,0,0,0,0,1,1,0,1,1,0,0,1,0,1,0,0.3055555555555556,5.004307638214847,1
59,0,1,0,0,0,1,1,1,1,0,0,1,0,0,0,0,0,1,1,0,1,0,0,1,1,0,0,0,0,0,1,0,0,1,0,1,0.1388888888888889,7.667122564098427,1
60,0,1,1,0,0,0,1,1,1,0,0,1,0,1,0,0,0,1,1,0,1,0,0,1,0,0,0,0,0,1,0,1,0,1,0,0,0.16666666666666666,8.610418646242941,1
61,1,0,1,1,0,1,0,0,0,0,1,0,1,0,1,1,0,0,0,1,0,0,1,0,0,1,0,0,1,1,0,1,1,0,1,0,0.2222222222222222,7.612266693486099,1
62,1,0,1,0,1,1,0,0,0,0,1,0,1,1,0,1,0,0,0,1,0,0,1,0,0,0,1,0,1,0,1,1,1,0,1,0,0.3333333333333333,1.4258374616535843,1
63,1,0,1,0,1,1,0,0,0,0,1,0,1,0,1,1,1,0,1,1,0,0,0,0,0,1,1,0,1,0,0,1,1,1,1,0,0.19444444444444445,6.756014101856434,1
64,0,1,1,0,0,0,0,1,1,0,1,1,0,1,0,0,0,1,1,0,0,0,1,1,1,0,0,0,0,1,1,1,1,1,0,0,0.1388888888888889,5.931770369773183,1
65,1,0,0,1,1,1,0,0,0,0,1,1,1,1,1,1,0,0,0,1,0,0,0,0,0,0,0,0,1,1,1,0,1,0,1,0,0.19444444444444445,16.82928995339671,1
66,1,0,1,0,0,1,0,0,0,0,1,0,1,0,0,1,0,0,0,1,0,0,0,0,0,0,0,0,1,0,0,1,1,0,1,0,0.25,1.0817542259397537,1
67,1,0,0,0,1,1,0,0,0,0,0,0,1,1,0,1,1,0,0,1,0,0,0,0,0,0,1,0,0,0,0,0,1,0,1,0,0.19444444444444445,7.871827732861579,1
68,0,0,0,1,1,1,0,0,0,0,1,0,1,0,1,1,0,0,0,1,0,0,0,0,0,0,1,1,1,0,0,1,1,0,1,0,0.3055555555555556,8.219191476626742,1
69,0,1,0,0,0,0,1,1,1,0,0,1,0,1,0,0,0,1,0,0,1,1,0,1,1,1,0,0,0,1,1,1,0,1,0,1,0.2222222222222222,17.917237005525607,1
70,0,1,1,0,0,0,1,1,1,0,1,1,0,1,1,0,0,1,1,0,1,1,0,1,1,0,0,1,0,1,1,1,0,1,0,1,0.19444444444444445,13.847251363919403,1
71,1,0,0,1,1,1,0,0,0,0,1,0,1,1,0,1,0,0,0,1,0,0,0,0,0,0,1,0,1,1,0,1,1,0,0,0,0.2777777777777778,5.680357021695526,1
72,1,0,0,1,1,0,0,0,0,0,1,0,1,0,1,1,1,0,0,1,0,0,0,0,0,0,1,0,1,1,0,1,1,0,1,0,0.3333333333333333,2.642194599293885,1
73,1,0,0,1,1,1,0,0,0,0,1,0,1,1,1,1,0,0,0,1,0,0,1,0,0,1,1,0,1,0,0,0,1,0,1,0,0.25,7.899497915639346,1
74,0,0,1,0,1,1,0,0,0,0,1,0,1,1,1,1,0,0,0,1,0,0,1,0,0,0,1,0,1,0,0,1,1,0,1,0,0.3055555555555556,3.4072665159358695,1
75,1,0,0,1,1,1,0,0,0,0,1,0,1,1,0,1,0,0,0,1,0,0,0,0,0,0,0,0,1,0,0,1,1,0,1,0,0.3055555555555556,8.78088099014301,1
76,1,0,1,0,1,1,0,0,0,0,1,0,1,1,0,1,0,0,0,1,0,0,0,0,0,0,0,0,1,1,0,0,1,0,1,0,0.25,5.836838510384414,1
77,0,1,1,0,0,0,1,1,1,0,1,1,0,1,0,0,0,1,1,0,1,0,0,1,1,0,0,1,0,0,1,1,0,1,0,1,0.25,9.025604190520532,1
78,0,1,1,0,0,0,1,1,1,0,1,1,0,1,1,0,0,1,1,0,0,1,0,1,1,0,0,1,0,1,1,0,0,1,0,0,0.16666666666666666,7.088060237704212,1
79,1,0,0,1,1,1,0,0,0,1,1,0,1,0,1,0,0,0,0,1,0,0,0,0,1,0,0,0,1,1,0,0,1,0,1,0,0.25,6.013892260701283,1
80,0,0,1,1,1,1,0,0,0,0,1,0,1,1,0,1,0,0,0,1,0,0,1,0,0,0,0,0,1,1,0,1,1,0,1,0,0.2222222222222222,6.078586061900507,1
81,0,1,0,0,0,0,0,1,1,0,1,1,0,1,0,0,0,1,1,0,1,1,0,1,1,0,0,1,0,0,1,1,0,1,0,0,0.16666666666666666,7.897206166691276,1
82,0,1,1,0,0,0,1,1,1,0,0,1,0,0,1,0,0,1,0,0,1,0,1,1,1,0,0,0,0,1,0,1,0,1,0,1,0.2777777777777778,8.870752615507167,1
83,0,1,1,0,0,0,1,1,1,1,1,1,0,1,0,0,0,1,1,0,1,1,0,1,1,0,1,0,0,1,1,0,0,1,0,1,0.2222222222222222,12.113306166135674,1
84,0,1,1,0,0,0,1,1,1,1,0,1,0,1,0,0,0,1,1,0,0,1,1,1,1,0,1,1,0,0,1,1,0,1,0,0,0.16666666666666666,10.262439512465654,1
85,1,0,0,1,1,1,1,0,0,0,1,0,1,1,0,1,0,0,0,1,0,0,1,0,0,0,1,0,1,1,0,0,1,0,1,0,0.2222222222222222,7.467819813200437,1
86,0,1,1,0,0,0,1,1,1,1,0,1,0,0,1,0,1,1,1,0,1,0,0,1,1,0,0,1,0,1,1,1,0,1,0,1,0.2222222222222222,11.577630789557897,1
87,0,1,0,1,0,0,1,1,1,0,1,1,0,0,0,0,1,1,1,0,1,1,0,1,1,0,0,0,0,0,1,1,0,1,0,0,0.19444444444444445,10.929030280632176,1
88,0,1,1,0,0,0,0,1,1,0,0,1,0,1,0,0,0,1,0,0,1,0,1,1,1,0,0,1,0,0,1,1,0,1,0,1,0.2222222222222222,8.926042708858548,1
89,0,1,1,0,0,0,1,1,1,0,0,1,0,1,0,0,0,1,0,0,1,1,0,1,1,0,0,1,0,1,1,1,0,1,0,0,0.19444444444444445,8.872037157657012,1
90,1,0,0,1,0,0,0,0,0,0,1,0,1,0,1,1,1,0,0,1,0,0,1,0,0,0,1,0,1,0,0,1,1,0,1,0,0.25,1.3351738405508666,1
91,0,1,0,0,0,0,1,1,1,0,1,1,0,0,1,0,1,1,1,0,1,0,0,1,1,0,0,1,0,1,1,1,0,1,0,0,0.19444444444444445,6.6153424543170365,1
92,0,1,1,0,0,0,0,1,1,0,0,1,0,1,1,0,0,1,1,0,1,0,0,1,1,0,0,1,0,0,1,0,1,1,0,1,0.19444444444444445,5.40586781140661,1
93,0,1,1,0,0,0,1,1,1,0,0,1,0,1,0,0,0,1,1,0,1,0,0,1,0,0,1,1,0,1,1,0,0,1,0,0,0.2222222222222222,5.43232028660786,1
94,1,0,1,0,0,0,1,0,0,0,1,0,1,1,1,0,1,0,0,1,0,1,0,0,0,0,1,0,1,0,1,0,1,0,1,0,0.1111111111111111,-1.9232921707926391,1
95,0,1,1,0,0,0,0,1,1,1,0,1,1,1,1,0,0,1,1,0,1,1,0,1,1,0,1,1,0,1,1,0,0,1,0,1,0.2222222222222222,9.442495129226206,1
96,1,0,0,1,1,1,0,0,0,0,1,0,1,1,1,1,0,0,1,1,0,0,0,0,0,1,1,0,1,1,0,1,1,0,1,0,0.3333333333333333,5.9298492983565865,1
97,1,0,0,1,0,1,0,0,1,1,0,0,1,0,0,0,1,0,0,1,0,1,0,0,0,0,0,1,0,0,1,0,1,0,1,1,0.1388888888888889,7.143249565759995,1
98,0,1,1,1,0,0,0,1,1,0,1,1,0,1,0,0,1,1,1,1,1,0,0,1,1,0,0,1,1,0,1,1,1,1,0,0,0.2222222222222222,9.748947577935613,1
99,1,0,0,1,1,1,0,0,0,0,1,0,1,1,1,1,1,0,0,1,0,0,1,0,0,0,0,0,1,1,0,1,1,0,1,0,0.3055555555555556,7.886112873583009,1
