,0,1,2,3,4,5,6,7,8,9,10,11,12,13,14,15,16,17,18,19,20,21,22,23,24,25,26,27,28,29,30,31,32,33,34,35,chain_break_fraction,energy,num_occurrences
0,1,0,0,1,1,0,0,0,1,1,0,0,0,0,0,1,1,1,0,0,0,0,1,0,0,1,1,0,0,0,1,0,0,1,0,0,0.2222222222222222,13.870975156598007,1
1,0,0,1,0,0,1,1,0,1,1,1,0,1,0,1,0,0,0,1,0,1,0,0,1,1,0,0,0,0,0,0,0,1,1,1,1,0.16666666666666666,9.311139622362777,1
2,1,0,0,1,1,0,0,0,0,1,0,1,0,0,0,1,1,1,0,0,0,0,1,0,0,1,0,0,0,0,1,0,0,1,0,0,0.2222222222222222,25.307314868652764,1
3,1,0,0,1,1,0,0,0,0,0,0,1,0,1,0,1,1,1,0,0,0,0,1,0,0,1,1,0,0,0,1,1,0,1,0,0,0.19444444444444445,24.072500310300686,1
4,1,0,0,1,1,0,0,0,0,1,0,0,0,0,0,1,1,1,0,0,0,0,1,0,0,1,1,0,0,0,1,1,0,1,0,0,0.16666666666666666,11.040259541667051,1
5,1,0,1,1,1,0,0,0,0,1,0,0,0,0,0,1,1,1,0,0,0,0,1,0,0,1,1,0,1,0,1,0,0,1,0,0,0.19444444444444445,14.36851522631934,1
6,1,0,1,1,1,0,0,0,0,1,0,0,0,1,0,1,1,1,0,0,0,0,1,0,0,1,1,0,0,0,1,0,0,1,0,0,0.16666666666666666,24.736006460603868,1
7,1,0,0,1,1,0,0,0,0,0,0,0,0,1,0,1,1,1,0,0,0,0,1,0,0,1,0,0,0,0,1,1,0,1,0,0,0.2222222222222222,14.999537534674154,1
8,1,0,0,1,1,0,0,1,0,1,0,0,0,0,0,1,1,1,0,0,0,0,1,0,0,0,1,0,0,0,1,0,0,1,0,0,0.19444444444444445,26.98138408904447,1
9,0,0,1,0,0,1,1,0,1,1,1,0,0,0,1,0,0,0,1,0,1,0,0,1,1,0,0,0,0,1,0,0,1,0,1,1,0.16666666666666666,7.4019372579179,1
10,0,0,1,0,0,1,1,0,1,1,1,0,0,0,1,0,0,0,1,0,1,0,0,1,1,0,0,0,1,0,0,0,1,0,1,1,0.16666666666666666,5.520485876202264,1
11,0,0,1,0,0,1,1,0,1,1,1,1,1,0,1,0,0,0,1,0,1,0,0,1,1,0,0,0,1,1,0,0,1,0,1,1,0.16666666666666666,11.251981005030425,1
12,0,0,0,0,0,1,1,0,1,1,1,0,1,0,1,0,0,0,1,0,1,0,0,1,1,0,0,0,0,0,0,0,1,0,1,1,0.2222222222222222,5.7946450153067355,1
13,0,0,1,0,0,1,1,0,1,1,0,0,1,0,1,0,0,0,1,0,0,0,0,1,1,0,0,0,0,0,0,0,1,1,1,1,0.1111111111111111,7.002913744081416,1
14,0,0,1,0,0,1,1,0,1,1,1,0,1,0,1,0,0,0,1,0,1,0,0,1,1,0,0,0,0,0,0,0,1,1,1,1,0.16666666666666666,9.311139622362777,1
15,1,0,1,1,1,0,0,0,1,0,0,0,0,1,0,1,1,1,0,0,0,0,1,0,0,1,1,0,1,0,1,1,0,1,0,0,0.19444444444444445,17.61680878878871,1
16,1,0,0,1,1,0,0,1,0,0,0,0,0,0,0,1,1,1,0,0,0,0,1,0,0,1,0,0,0,0,1,0,0,1,0,0,0.25,19.206484062959465,1
17,1,0,0,1,0,0,0,0,1,1,0,0,0,0,0,1,1,1,0,0,0,0,1,0,0,1,0,0,1,0,1,0,0,1,0,0,0.1388888888888889,10.56914487930281,1
18,0,0,1,0,0,1,1,0,1,1,1,0,1,0,1,0,0,0,1,0,1,0,0,1,1,0,0,0,1,0,0,0,1,0,1,1,0.2222222222222222,6.002951666747713,1
19,1,0,1,1,1,0,0,0,1,0,0,0,0,0,0,1,1,1,0,0,0,0,1,0,0,0,1,0,1,0,1,0,0,1,0,0,0.2222222222222222,14.546114249808438,1
20,0,0,1,0,0,0,1,0,1,1,1,0,1,1,1,0,0,0,1,0,1,0,0,1,1,0,0,0,0,1,0,0,1,0,1,1,0.1388888888888889,7.384400527029713,1
21,1,0,0,1,1,0,0,1,1,1,0,0,0,0,0,1,1,1,0,0,0,0,1,0,0,1,1,0,0,0,1,1,0,1,0,0,0.25,19.610364638267054,1
22,1,0,1,1,1,0,0,0,0,0,0,0,0,1,0,1,1,1,0,0,0,0,1,0,0,1,1,0,0,0,1,1,0,1,0,0,0.25,18.947643711264504,1
23,1,0,0,1,1,0,0,0,0,1,0,0,0,0,0,1,1,1,0,0,0,0,1,0,0,0,0,0,1,0,1,0,0,1,1,0,0.16666666666666666,11.515667335484656,1
24,1,0,0,1,1,0,0,0,0,0,0,0,0,0,0,1,1,1,0,0,0,0,1,0,0,1,0,0,0,0,1,0,0,1,0,0,0.16666666666666666,10.893276191385466,1
25,1,0,0,1,1,0,0,0,0,0,0,1,0,1,0,1,1,1,0,0,0,0,1,0,0,1,1,0,1,0,1,1,0,1,0,0,0.19444444444444445,23.489589969436846,1
26,0,0,1,0,0,1,0,0,1,1,1,0,0,0,0,0,0,0,1,0,1,0,0,1,1,0,0,0,1,0,0,0,1,0,1,1,0.1388888888888889,7.752523321594285,1
27,0,0,1,0,0,1,1,0,1,1,0,0,1,0,1,0,0,0,1,0,1,0,0,1,1,0,0,0,0,1,0,0,1,0,1,1,0.1388888888888889,7.613404057403829,1
28,1,0,0,1,1,0,0,1,0,0,0,0,0,0,0,1,1,1,0,0,0,0,0,0,0,1,0,0,0,0,1,0,0,1,0,0,0.19444444444444445,21.02709459553243,1
29,0,0,1,0,0,0,1,0,1,1,0,0,0,1,1,0,0,0,1,0,0,0,0,1,1,0,0,0,1,0,0,0,1,0,1,0,0.027777777777777776,1.1314519611784075,1
30,0,0,0,0,0,1,1,0,1,1,1,0,1,1,1,0,0,0,1,0,1,0,0,1,1,0,0,0,0,1,0,0,1,0,1,1,0.2222222222222222,10.578328855829522,1
31,0,0,1,0,0,1,0,0,1,1,0,0,1,0,1,0,0,0,1,0,0,0,0,1,1,0,0,1,0,1,0,0,1,0,1,1,0.16666666666666666,14.092082105932315,1
32,0,0,1,0,0,1,1,0,1,1,1,0,0,0,1,0,0,0,1,0,1,0,0,1,1,0,0,0,0,0,0,0,1,0,1,1,0.1388888888888889,5.639034494486628,1
33,0,0,1,0,0,0,1,0,1,1,1,0,1,0,1,0,0,0,1,0,0,0,0,1,0,0,0,1,0,0,0,0,1,1,1,1,0.1388888888888889,11.317768939770911,1
34,0,0,1,0,0,1,1,0,1,1,0,1,0,1,1,0,0,0,1,0,0,0,0,1,1,0,0,1,0,1,0,0,1,0,1,1,0.16666666666666666,14.424194531937781,1
35,0,0,1,0,0,0,0,0,1,1,1,0,1,0,1,0,0,0,1,0,1,0,0,1,1,0,0,0,0,0,0,0,1,0,1,1,0.1388888888888889,5.148189739468963,1
36,0,0,1,0,0,1,0,0,1,1,1,0,1,0,1,0,0,0,1,0,0,0,0,1,1,0,0,1,0,0,0,0,1,1,1,1,0.1388888888888889,14.815811125273601,1
37,0,0,0,1,1,0,0,0,1,1,0,1,0,1,0,1,1,1,0,0,0,0,1,0,0,1,1,0,0,0,1,1,0,1,0,0,0.19444444444444445,23.05275663692697,1
38,1,0,0,1,0,0,1,0,0,0,0,0,0,0,0,1,1,1,0,0,0,0,0,0,0,1,1,0,0,0,1,0,0,1,0,0,0.1111111111111111,12.60591546648233,1
39,1,0,1,1,1,0,0,0,1,1,0,0,0,0,0,1,1,1,0,0,0,0,0,0,0,1,1,0,0,0,1,1,0,1,0,0,0.25,15.912991468387144,1
40,0,0,1,0,0,1,1,1,1,1,1,0,1,0,1,0,0,0,1,1,1,0,0,0,1,0,0,0,1,1,0,0,1,0,1,1,0.16666666666666666,9.858821101504288,1
41,0,0,0,0,0,1,1,0,1,0,1,0,1,1,1,0,0,0,1,0,1,0,0,1,1,0,0,0,1,0,0,0,1,0,1,1,0.1388888888888889,12.026625484287552,1
42,0,1,1,0,0,1,1,0,1,1,1,0,1,1,1,0,0,0,1,0,1,0,0,1,1,0,0,0,0,1,0,0,1,0,1,1,0.2222222222222222,16.891323484100994,1
43,0,0,1,0,0,1,0,1,1,1,0,0,0,0,1,0,0,0,1,0,1,0,0,1,1,0,0,0,0,1,0,0,1,0,1,1,0.1388888888888889,8.038676274910834,1
44,1,0,1,1,1,0,1,0,0,1,0,0,0,1,0,1,1,1,0,0,0,0,1,0,0,1,1,0,0,0,1,1,0,1,0,0,0.25,24.68687954710469,1
45,0,0,1,0,0,1,0,0,1,1,1,0,1,0,1,0,0,0,1,0,0,0,0,1,0,0,0,0,0,0,0,0,1,0,1,1,0.1111111111111111,5.639906130906293,1
46,0,0,1,0,0,1,0,0,1,1,0,0,1,0,0,0,0,0,1,0,0,0,0,1,1,0,0,0,0,1,0,0,1,0,1,1,0.16666666666666666,7.877778982635248,1
47,0,0,1,0,0,1,1,0,1,1,1,1,0,0,1,0,0,0,1,0,1,0,0,1,1,0,0,0,0,1,0,0,1,0,1,1,0.19444444444444445,9.943928457371742,1
48,0,0,1,0,0,0,0,0,1,1,1,0,0,1,1,0,0,0,1,0,1,1,0,1,1,0,0,0,0,0,0,0,1,0,1,1,0.1388888888888889,12.1450145529719,1
49,1,0,1,1,1,0,0,0,1,0,0,0,0,1,0,1,1,1,0,0,0,0,1,0,0,1,1,0,1,0,1,1,0,1,0,0,0.19444444444444445,17.61680878878871,1
50,1,0,1,1,1,0,0,0,0,0,0,0,0,0,0,1,1,1,0,0,0,0,0,0,0,1,1,0,0,0,1,0,0,1,0,0,0.2222222222222222,14.76856319138993,1
51,1,0,0,1,1,0,0,0,0,0,0,0,0,1,0,1,1,1,0,0,0,0,1,0,0,1,1,0,0,0,1,1,0,1,0,0,0.25,15.822787112228324,1
52,0,1,1,0,0,1,1,0,0,1,1,0,1,0,1,0,0,0,1,0,0,0,0,1,1,0,0,0,1,0,0,0,1,0,1,1,0.2222222222222222,10.33431463242488,1
53,0,0,1,0,0,0,0,0,1,0,0,1,1,0,1,0,0,0,1,0,0,0,0,1,1,0,0,0,1,0,0,0,1,0,1,1,0.05555555555555555,8.43189929105916,1
54,0,0,1,0,0,1,1,0,0,1,1,0,1,0,1,0,0,0,1,0,1,0,0,1,1,0,0,0,0,0,0,0,1,0,1,1,0.1388888888888889,7.287670466952881,1
55,0,0,0,0,0,1,1,0,1,1,1,0,1,0,1,0,0,0,1,1,1,0,0,0,1,0,0,1,0,0,0,0,1,1,1,1,0.16666666666666666,18.60622779328468,1
56,0,0,1,0,0,1,0,1,1,1,1,0,1,0,1,0,0,0,1,0,0,0,0,1,1,0,0,0,1,1,0,0,1,0,1,1,0.1111111111111111,7.324034891013714,1
57,0,0,1,0,0,1,0,0,1,1,1,1,1,0,1,0,0,0,1,0,1,0,0,1,1,0,0,0,0,0,0,0,1,1,1,1,0.1111111111111111,12.078558047866245,1
58,0,0,1,0,0,1,0,0,1,1,1,1,1,0,1,0,0,0,1,0,1,0,0,1,1,0,0,0,1,0,0,0,1,0,0,1,0.2222222222222222,8.67838730240673,1
59,0,0,1,0,0,0,1,0,1,1,1,0,0,1,1,0,0,0,1,0,0,0,0,0,1,0,0,0,0,1,1,0,1,0,1,1,0.1111111111111111,2.4568376141340984,1
60,0,0,1,0,0,1,0,0,1,1,0,0,0,1,1,0,0,0,1,0,0,0,0,1,1,0,0,0,1,0,0,0,1,0,1,1,0.1111111111111111,6.560285125716436,1
61,0,1,1,0,0,1,1,0,1,1,1,0,1,0,1,0,0,0,1,0,1,0,0,1,1,0,0,1,1,0,0,1,1,0,1,1,0.2777777777777778,20.637548876393808,1
62,0,0,1,0,0,0,1,0,1,1,1,0,1,1,1,0,0,0,1,1,1,0,0,1,1,0,0,0,1,1,0,1,1,0,1,1,0.19444444444444445,28.727031840888966,1
63,0,0,1,0,0,1,1,0,1,1,1,0,1,1,1,0,0,0,1,0,1,0,0,1,1,0,0,0,1,1,0,0,1,0,0,1,0.19444444444444445,10.831369618586015,1
64,0,1,1,0,0,1,0,0,1,1,1,1,1,0,1,0,0,0,1,0,0,0,0,1,1,0,0,0,0,1,1,0,1,0,1,1,0.19444444444444445,15.72101412911879,1
65,0,1,0,0,0,1,1,0,1,1,1,0,0,0,1,0,0,0,1,0,1,0,0,1,1,0,0,1,0,1,0,0,1,0,1,1,0.19444444444444445,16.246076156908025,1
66,0,0,1,0,0,0,1,1,1,0,1,0,1,0,1,0,0,0,1,0,1,0,0,1,1,0,0,0,1,1,0,0,1,0,1,1,0.2222222222222222,15.433828775070024,1
67,0,1,1,0,0,1,0,0,1,1,1,0,1,0,1,0,0,0,1,0,1,0,0,1,1,0,0,0,1,1,0,0,0,0,1,1,0.2222222222222222,9.411685364031054,1
68,0,0,1,0,0,0,0,0,0,1,1,0,1,0,1,0,0,0,1,0,0,0,0,1,0,0,0,0,1,0,0,0,1,0,1,0,0.08333333333333333,0.29330529378094516,1
69,1,0,0,1,1,0,0,0,1,0,0,0,0,1,0,1,1,1,0,0,0,0,1,0,0,1,1,0,1,0,1,0,0,1,0,0,0.25,15.170459531093544,1
70,1,0,0,1,1,0,0,0,1,1,0,0,0,1,0,1,0,1,0,0,0,0,1,0,0,1,1,0,1,0,1,0,0,1,0,0,0.25,14.378150630634687,1
71,0,0,1,0,0,0,0,0,1,1,1,1,1,0,1,0,0,0,1,0,1,0,0,1,1,0,0,1,0,0,0,0,1,0,1,1,0.19444444444444445,12.650561915690545,1
72,0,0,1,0,0,0,1,0,1,1,1,0,1,0,0,0,0,0,1,0,1,0,0,1,1,0,0,0,0,0,1,0,1,0,1,1,0.1111111111111111,8.347521488018497,1
73,0,0,1,0,0,1,1,0,1,1,1,0,0,1,1,0,0,0,1,0,1,0,0,1,0,0,0,0,1,1,0,0,1,0,1,1,0.19444444444444445,8.91576050760078,1
74,0,1,1,0,0,1,1,0,1,1,1,0,0,0,0,0,0,0,0,0,0,0,0,1,1,0,0,0,1,1,0,0,1,0,1,1,0.16666666666666666,7.675698655214337,1
75,0,0,0,0,0,1,1,1,1,1,1,0,1,0,1,0,0,0,1,1,1,0,0,0,1,0,0,0,1,1,0,0,1,0,1,1,0.19444444444444445,8.995245284480117,1
76,1,0,0,1,1,0,0,0,1,0,0,0,1,1,0,1,1,1,0,0,0,0,0,0,0,1,1,0,1,0,0,1,0,1,0,0,0.19444444444444445,18.514014127193878,1
77,0,1,1,0,0,1,0,0,1,1,1,0,0,0,1,0,0,0,1,0,1,0,0,1,0,0,0,0,0,0,0,0,1,0,1,1,0.16666666666666666,8.65152087204493,1
78,0,0,1,0,0,1,1,0,1,1,1,0,1,0,0,0,0,0,1,0,1,0,0,1,0,0,0,0,1,0,0,0,1,0,1,1,0.16666666666666666,5.44213659360721,1
79,1,1,0,1,1,0,1,0,0,0,0,0,1,0,0,0,1,1,0,0,0,0,1,0,0,1,1,0,0,0,1,0,0,1,0,0,0.16666666666666666,20.990980458907025,1
80,0,0,1,0,0,1,1,0,1,1,1,0,0,1,1,0,0,0,1,0,0,0,1,1,1,0,0,1,0,1,0,0,1,0,1,1,0.16666666666666666,16.133801372043514,1
81,0,0,1,0,0,1,0,0,1,1,1,1,1,0,0,0,0,0,0,0,1,0,0,0,1,0,1,0,1,0,1,0,1,0,1,1,0.08333333333333333,6.578142703303347,1
82,0,0,1,0,0,1,1,0,1,1,0,1,0,0,1,0,0,0,1,0,1,0,0,1,1,0,0,0,1,1,0,0,1,0,1,1,0.2222222222222222,10.026453578593925,1
83,0,1,1,0,0,1,1,0,1,1,1,0,0,0,1,0,0,0,1,0,1,0,0,1,0,0,0,0,1,1,0,0,1,0,1,1,0.19444444444444445,9.437390490713831,1
84,0,0,0,1,1,0,1,0,1,0,0,0,0,1,0,1,0,1,0,0,0,0,1,0,0,1,0,0,1,0,1,1,0,1,0,0,0.19444444444444445,11.158958030018926,1
85,0,0,1,0,0,1,1,1,1,1,0,0,1,0,1,0,0,0,1,0,1,0,0,0,1,0,1,0,1,0,0,0,1,0,1,1,0.1388888888888889,5.664242744252521,1
86,0,1,1,0,0,1,0,0,1,1,1,0,0,0,1,0,0,0,1,0,1,0,0,0,1,0,0,0,1,0,0,0,1,0,1,1,0.19444444444444445,5.275883240978134,1
87,0,1,1,0,0,0,1,0,1,1,1,0,1,0,0,1,0,0,1,0,1,0,0,1,1,0,0,0,1,0,0,0,1,1,1,1,0.19444444444444445,12.326355331182508,1
88,1,0,0,1,0,0,0,0,1,0,0,1,0,1,0,1,1,1,0,0,0,0,1,0,1,1,1,0,1,0,1,1,0,1,0,0,0.16666666666666666,20.647277009486942,1
89,0,1,1,0,0,1,1,0,1,1,1,0,1,0,1,0,0,0,0,0,1,0,0,1,1,0,0,0,1,1,0,0,1,0,1,1,0.3055555555555556,9.663813868391015,1
90,0,1,1,0,0,1,0,1,1,1,1,0,1,0,1,0,0,0,1,0,0,0,0,1,0,0,1,0,1,1,0,0,1,0,1,1,0.1388888888888889,13.13868094990388,1
91,1,0,1,1,1,0,0,0,0,0,0,0,0,1,0,1,1,1,0,0,0,0,1,0,0,1,1,0,1,0,1,1,0,1,0,0,0.2222222222222222,18.892664031167225,1
92,0,1,1,0,0,0,1,0,1,1,0,0,1,1,1,0,0,0,1,0,1,0,0,1,1,0,1,0,1,0,0,0,1,0,0,1,0.05555555555555555,8.806076251970222,1
93,0,1,1,0,0,1,0,0,1,1,1,0,0,1,1,0,0,0,1,0,1,0,0,1,0,0,0,0,1,1,0,0,0,0,1,1,0.2222222222222222,11.699882470844976,1
94,1,0,0,1,1,0,1,0,1,0,0,0,0,0,0,1,1,1,0,0,0,1,1,0,0,1,0,0,1,0,1,0,0,1,0,0,0.19444444444444445,14.369330179094705,1
95,1,0,1,1,0,0,0,0,0,1,0,0,0,1,0,1,1,1,0,0,0,0,1,0,0,1,1,0,0,0,1,1,0,1,0,0,0.16666666666666666,17.293212366149458,1
96,0,1,1,0,0,0,0,1,0,1,0,0,0,1,0,1,1,0,1,0,1,0,0,0,1,0,0,0,1,1,0,0,1,0,1,1,0.1111111111111111,11.092686565552796,1
97,0,0,1,0,0,0,1,0,1,1,1,0,0,1,0,0,0,0,1,0,0,0,0,1,1,0,0,0,1,0,0,0,1,1,1,1,0.08333333333333333,9.224486889371924,1
98,0,1,1,0,0,1,1,0,1,1,1,0,1,0,0,0,0,0,1,0,1,1,0,0,1,0,1,0,1,0,1,0,1,0,1,1,0.1388888888888889,13.001634637248983,1
99,0,1,1,0,0,1,1,0,1,0,1,0,1,1,0,0,0,0,1,0,1,0,0,1,1,0,0,0,0,1,1,0,0,0,1,1,0.2222222222222222,17.808425378376015,1
