,0,1,2,3,4,5,6,7,8,9,10,11,12,13,14,15,16,17,18,19,20,21,22,23,24,25,26,27,28,29,30,31,32,33,34,35,chain_break_fraction,energy,num_occurrences
0,1,0,0,0,1,0,1,1,1,0,0,1,1,1,1,1,0,0,1,1,1,0,1,0,1,0,1,1,1,1,0,0,0,1,0,0,0.25,17.505865816218495,1
1,1,0,1,0,1,0,1,1,1,0,0,1,1,0,1,0,0,0,0,1,1,0,1,0,1,0,0,1,0,1,0,0,0,1,0,1,0.25,12.4573205334929,1
2,1,0,1,0,1,0,0,1,1,0,0,1,1,1,1,0,0,0,0,1,1,0,1,0,1,0,0,1,0,1,0,0,0,1,0,0,0.19444444444444445,9.699536287277194,1
3,1,0,0,0,1,0,1,1,1,0,0,1,1,1,1,0,0,1,1,1,1,0,1,0,1,0,0,1,0,1,0,0,0,1,0,1,0.2777777777777778,15.22449678533625,1
4,1,0,0,0,1,0,1,1,1,0,0,1,1,1,1,0,0,1,1,1,1,0,1,0,1,0,1,1,0,1,0,0,0,1,0,1,0.3333333333333333,17.306284318176345,1
5,1,0,0,0,1,0,1,1,1,0,0,1,1,1,1,1,0,0,1,1,1,0,1,0,1,0,0,1,1,1,0,0,0,1,0,1,0.2222222222222222,18.866834313636467,1
6,1,0,0,0,1,0,1,1,1,0,0,0,1,1,1,1,0,1,1,1,1,0,1,0,1,0,1,1,1,1,0,0,0,1,0,1,0.3333333333333333,23.671385430640193,1
7,1,0,0,0,1,0,1,1,1,0,0,0,1,0,1,1,0,1,1,1,1,0,1,0,1,0,0,0,0,1,0,0,0,1,0,1,0.25,15.742391568801375,1
8,1,0,0,0,1,0,1,1,1,0,0,1,1,1,1,0,0,1,0,1,1,0,1,0,1,0,1,1,0,1,0,0,0,1,0,1,0.25,16.02318476258142,1
9,1,0,0,0,1,0,1,1,1,0,0,0,1,0,1,0,0,1,0,1,1,0,0,0,1,0,0,1,1,1,0,0,0,1,0,1,0.25,15.65120891493482,1
10,1,0,1,0,1,0,1,1,1,0,0,0,1,1,1,1,0,1,1,1,1,0,1,0,1,0,1,1,1,1,0,0,0,1,0,1,0.3055555555555556,23.24004346559977,1
11,1,0,1,0,1,0,1,1,1,0,0,1,1,0,1,0,0,1,0,1,1,0,1,0,1,0,0,1,0,1,0,0,0,1,0,0,0.2777777777777778,12.089764626665913,1
12,0,1,1,1,0,1,0,1,0,1,1,0,0,0,0,1,1,0,1,0,0,1,0,1,0,0,0,1,1,0,1,1,1,0,1,0,0.2777777777777778,26.145313429890905,1
13,1,0,0,0,1,0,1,1,1,0,0,0,1,1,1,1,0,0,0,1,1,0,1,0,1,0,1,1,1,1,0,0,0,1,0,1,0.19444444444444445,20.231625130699285,1
14,1,0,0,0,1,0,1,1,1,0,0,1,1,1,1,1,0,1,1,1,1,0,1,0,1,0,1,1,1,1,0,0,0,1,0,1,0.3055555555555556,23.670101014559272,1
15,1,0,0,0,1,0,1,1,1,0,0,0,1,1,1,0,0,1,0,1,1,0,1,0,1,0,1,1,1,1,0,0,0,1,0,1,0.3055555555555556,18.3596987497694,1
16,0,1,1,1,0,1,0,1,0,1,1,0,0,0,0,1,1,0,1,0,0,1,0,1,0,0,0,1,1,0,1,1,1,0,1,0,0.3611111111111111,26.145313429890905,1
17,1,0,0,0,1,0,1,1,1,0,0,1,1,1,1,1,0,1,1,1,1,0,1,0,1,0,1,1,1,1,0,0,0,1,0,1,0.25,23.670101014559272,1
18,1,0,0,0,1,0,1,1,1,0,0,1,1,1,1,0,0,0,0,1,1,0,1,0,1,0,0,1,0,1,0,0,0,1,0,1,0.25,12.470378980667437,1
19,1,0,0,0,1,0,1,1,1,0,0,1,1,1,1,0,0,1,0,1,1,0,1,0,1,0,0,1,0,1,0,0,0,1,0,1,0.3611111111111111,14.482147459902329,1
20,1,0,0,0,1,0,1,1,1,0,0,0,1,1,1,0,0,0,1,1,1,0,1,0,1,0,0,1,0,1,0,0,0,1,0,0,0.2222222222222222,10.783021812926977,1
21,1,0,0,0,1,0,1,1,1,0,0,1,1,1,1,1,0,0,1,1,1,0,1,0,1,0,1,1,1,1,0,0,0,1,0,1,0.3055555555555556,21.457442232583823,1
22,1,0,0,0,1,0,1,1,1,0,0,0,1,1,1,1,0,1,1,1,1,0,1,0,1,0,1,1,0,1,0,0,0,1,0,1,0.3333333333333333,21.375314937151536,1
23,1,0,0,0,1,0,1,1,1,0,0,1,1,1,1,0,0,0,1,1,0,0,1,0,1,0,0,1,0,1,0,0,0,1,0,0,0.2777777777777778,10.73015860787048,1
24,1,0,1,0,1,0,1,1,1,0,0,0,1,0,1,0,0,1,0,1,1,0,1,0,1,0,1,1,1,1,0,0,0,1,0,1,0.2777777777777778,19.680277124141348,1
25,0,1,0,1,0,1,0,1,0,1,1,0,0,0,0,1,1,0,0,0,0,1,0,1,0,0,0,1,1,0,1,1,1,0,1,0,0.3888888888888889,26.192518329046955,1
26,0,1,1,1,0,1,0,1,0,1,1,0,0,0,0,1,1,0,0,0,0,1,0,1,0,0,0,1,1,0,1,1,1,0,1,0,0.3888888888888889,28.188527535632513,1
27,1,0,0,0,1,0,0,1,1,0,0,1,1,1,1,0,0,0,0,1,1,0,0,0,1,0,1,1,0,1,0,0,0,1,0,0,0.19444444444444445,10.076250741767433,1
28,1,0,0,0,1,0,1,1,1,1,0,0,1,0,1,1,0,0,0,1,1,0,1,0,1,0,1,1,0,1,0,0,0,1,0,1,0.25,22.529187436170503,1
29,1,0,0,0,1,0,1,1,1,0,0,1,1,1,1,1,0,1,1,1,1,0,0,0,1,0,1,0,1,1,0,0,0,1,0,1,0.2777777777777778,21.20938986580134,1
30,1,0,0,0,1,0,1,1,1,0,0,1,1,1,1,1,0,1,1,1,1,0,1,0,1,0,1,0,0,1,0,0,0,1,0,1,0.3333333333333333,20.245032191085112,1
31,1,0,0,0,1,0,1,1,1,0,0,1,1,1,1,1,0,1,1,1,1,0,0,0,1,1,1,1,0,1,0,0,0,1,0,1,0.2777777777777778,25.98247195045888,1
32,1,0,0,0,1,0,1,1,1,0,0,1,1,1,1,1,0,1,1,1,1,0,1,0,1,0,0,1,0,1,0,0,0,1,0,1,0.3611111111111111,21.309531356077862,1
33,1,0,0,0,1,0,1,1,1,0,0,1,0,1,1,0,0,1,1,1,0,0,1,0,1,0,0,1,0,1,0,0,0,1,0,0,0.2222222222222222,13.553418295956137,1
34,1,0,0,0,1,0,1,1,1,1,0,1,1,1,1,0,0,0,1,1,1,0,1,0,0,0,0,1,1,1,0,0,0,1,0,0,0.19444444444444445,16.538184858648386,1
35,1,0,0,0,1,0,1,1,1,1,0,1,0,1,1,0,0,0,0,1,1,0,1,0,1,0,1,0,1,1,0,0,0,1,0,1,0.2222222222222222,15.332715957911557,1
36,1,0,0,0,1,0,1,1,1,0,0,0,1,1,1,0,0,1,0,1,1,0,1,0,1,0,0,1,1,1,0,0,0,1,0,0,0.2777777777777778,11.905262688197721,1
37,1,0,0,0,1,0,1,1,1,0,0,1,0,1,1,0,0,1,0,1,1,0,1,0,1,0,1,1,0,1,0,0,0,1,0,1,0.2222222222222222,16.191416358436776,1
38,1,0,1,0,1,0,1,1,1,1,0,0,1,0,1,0,0,1,1,1,1,0,1,0,1,0,0,0,0,1,0,0,0,1,1,1,0.2222222222222222,15.821808982857252,1
39,0,1,0,1,0,1,0,0,0,1,1,0,0,0,0,1,1,0,0,0,0,1,0,1,0,0,0,1,0,0,0,1,1,0,1,0,0.2222222222222222,19.607123199223363,1
40,1,0,0,0,1,0,1,1,1,0,0,0,1,1,1,1,0,1,1,1,1,0,1,0,1,0,1,1,1,1,0,0,0,1,0,0,0.3333333333333333,19.751639667312944,1
41,1,0,0,0,1,0,1,1,1,0,0,1,1,1,1,0,0,1,0,1,0,0,1,0,1,0,0,1,1,1,0,0,0,1,0,1,0.25,15.07170250903686,1
42,0,1,1,1,0,1,0,1,0,1,1,0,0,0,0,1,1,0,0,0,0,1,0,1,1,0,0,1,0,0,1,1,1,0,1,0,0.3888888888888889,27.894592337663763,1
43,1,0,0,0,1,0,1,1,1,0,0,1,1,1,0,0,0,1,1,1,1,0,1,0,1,0,0,0,0,1,0,0,0,1,0,1,0.2222222222222222,11.001116066437943,1
44,0,1,1,1,0,1,0,1,0,1,1,0,0,0,0,1,1,0,1,0,0,1,0,1,0,0,0,1,1,0,1,1,1,0,1,0,0.3888888888888889,26.145313429890905,1
45,0,1,1,1,0,1,0,1,0,1,1,0,0,0,0,1,1,0,1,0,0,1,0,1,0,0,0,1,1,0,1,1,1,0,1,0,0.3611111111111111,26.145313429890905,1
46,1,0,0,0,1,0,1,1,1,0,0,0,1,0,1,0,1,0,1,0,1,0,0,0,1,0,0,0,1,1,0,0,0,1,1,0,0.1388888888888889,5.359427430431388,1
47,1,0,0,0,1,0,1,1,1,0,0,0,1,1,1,1,0,1,1,1,1,0,0,0,1,0,1,1,1,1,0,0,0,1,0,1,0.3055555555555556,22.286760344653423,1
48,1,0,0,0,1,0,1,1,1,0,0,1,1,1,1,1,0,0,0,1,1,0,1,0,1,0,0,1,1,1,0,0,0,1,0,1,0.2777777777777778,17.180483025173977,1
49,1,1,0,0,1,0,1,1,1,0,0,1,1,1,1,1,0,1,1,1,1,0,1,0,1,0,0,1,1,1,0,0,0,1,0,1,0.3333333333333333,25.89968401223549,1
50,1,0,0,0,1,0,1,1,1,0,0,1,1,1,1,1,0,1,1,1,1,0,1,0,1,0,0,1,1,1,0,0,0,1,0,1,0.3333333333333333,22.081336361590523,1
51,1,0,0,0,1,0,1,1,1,0,0,1,1,1,1,1,0,0,1,1,1,0,1,0,1,0,0,1,1,1,0,0,0,1,0,1,0.2777777777777778,18.866834313636467,1
52,1,0,1,0,1,0,1,1,1,0,0,1,0,1,1,0,0,0,1,1,0,0,1,0,1,0,0,1,1,1,0,0,0,1,1,0,0.19444444444444445,12.948931621528502,1
53,1,0,0,0,1,0,1,1,1,0,0,0,1,0,1,0,0,0,0,1,1,0,1,0,0,0,0,1,0,1,0,0,0,1,0,0,0.19444444444444445,8.446741915153137,1
54,1,0,0,0,1,0,0,1,1,0,0,1,1,1,1,1,0,0,0,1,1,0,1,0,1,0,1,1,1,1,0,0,0,1,0,0,0.3055555555555556,15.166344066174913,1
55,1,0,0,0,1,0,1,1,1,0,0,1,1,1,1,0,0,0,0,1,1,0,0,0,1,0,0,1,0,1,1,0,0,1,0,0,0.2222222222222222,10.33323182362234,1
56,1,0,1,0,1,0,0,1,1,0,0,1,1,1,1,0,0,1,1,1,1,0,0,0,1,0,0,1,0,1,0,0,0,1,0,1,0.2777777777777778,14.814333262309475,1
57,1,0,0,0,1,0,1,1,1,0,0,0,1,0,1,0,0,0,0,1,1,0,1,0,1,0,0,1,1,1,0,0,0,1,0,1,0.2777777777777778,20.977140872294328,1
58,1,0,1,0,1,0,1,1,1,0,0,1,1,1,1,0,0,1,1,1,1,0,1,0,1,0,0,1,0,1,0,0,0,1,0,1,0.3611111111111111,15.818537231149548,1
59,1,0,0,0,1,0,1,0,1,0,0,1,1,0,1,0,0,0,0,1,0,0,1,0,1,0,0,0,0,1,0,0,0,1,0,0,0.2777777777777778,4.863721342423195,1
60,1,0,0,0,1,0,0,1,1,0,0,1,1,1,1,1,0,0,0,1,1,0,1,0,1,0,0,1,0,1,0,0,0,1,1,1,0.2222222222222222,16.887867051638537,1
61,0,1,1,1,0,1,0,1,0,1,1,0,0,0,0,1,1,0,1,0,0,1,0,1,0,1,0,1,0,0,1,1,1,0,1,0,0.2777777777777778,25.849972987210936,1
62,1,0,0,0,1,0,1,1,1,0,0,1,1,1,1,0,0,1,0,1,1,0,0,0,1,0,0,1,0,1,0,0,0,1,0,1,0.3611111111111111,14.645671064388065,1
63,1,0,0,0,1,0,0,1,1,0,0,1,1,0,1,0,0,1,0,1,1,0,1,0,1,0,1,0,0,1,0,0,0,1,0,1,0.3055555555555556,10.823268469513513,1
64,1,0,0,0,1,0,1,1,1,0,0,1,1,1,1,1,0,0,1,1,1,0,1,0,1,1,0,0,0,1,0,0,0,1,0,1,0.25,18.213217025157928,1
65,1,0,0,0,1,0,1,1,1,0,0,0,1,1,0,1,0,1,0,1,1,0,0,0,1,0,0,0,1,1,0,0,0,1,0,1,0.2777777777777778,14.498167061830483,1
66,1,0,1,0,1,0,1,1,1,0,0,0,1,1,1,0,0,1,1,1,0,0,1,0,1,0,0,1,1,1,0,0,0,1,0,1,0.3333333333333333,15.862367417326798,1
67,1,0,0,0,1,0,0,1,1,0,0,1,1,0,1,0,0,0,0,1,0,0,1,0,1,0,0,1,0,1,0,0,0,1,0,1,0.2222222222222222,12.773603102708154,1
68,1,0,1,0,1,0,1,1,1,0,1,0,1,1,1,0,0,1,1,1,1,0,1,0,1,0,1,1,0,1,0,0,0,1,0,1,0.3055555555555556,16.400935148270396,1
69,1,0,1,0,1,0,1,1,1,0,0,0,1,1,1,0,0,0,1,1,1,0,1,0,1,0,1,1,1,1,0,0,0,1,0,0,0.2777777777777778,15.119643375760871,1
70,1,0,0,0,1,0,1,1,1,0,0,1,1,1,1,0,0,0,1,1,1,0,0,0,1,0,0,1,1,1,1,0,0,1,0,0,0.19444444444444445,12.836350759793689,1
71,1,0,0,0,1,0,1,1,1,1,0,0,1,0,1,0,0,1,1,1,1,0,0,0,1,0,1,1,1,1,0,0,0,1,0,0,0.25,19.27840549932195,1
72,1,0,1,0,1,0,1,1,1,0,0,1,1,1,1,0,0,0,1,1,0,0,1,0,1,0,0,0,1,1,0,0,0,1,1,0,0.19444444444444445,11.204372561760394,1
73,0,1,1,1,0,1,0,1,0,1,1,0,0,0,0,1,1,0,1,0,0,1,0,1,0,0,1,1,1,0,1,1,1,0,1,0,0.3611111111111111,26.604549194472625,1
74,1,0,1,0,1,0,1,1,1,0,0,1,0,1,1,0,0,0,1,1,1,0,0,0,1,0,0,1,0,1,0,0,0,1,0,1,0.3055555555555556,13.023814542222407,1
75,1,0,0,0,1,0,0,1,1,0,0,1,0,1,1,0,0,1,0,1,1,0,1,0,1,0,0,0,1,1,1,0,0,1,0,1,0.25,12.758726946884126,1
76,1,0,0,0,1,0,1,1,1,0,0,0,1,1,0,1,0,1,1,1,1,0,0,0,1,1,1,1,1,1,0,0,0,1,0,1,0.3055555555555556,29.24798392364631,1
77,1,0,0,0,0,0,0,1,1,0,0,1,1,1,1,0,0,1,0,1,1,0,1,0,1,0,0,0,1,1,0,0,0,1,0,1,0.25,11.372535551816922,1
78,0,1,1,0,0,1,0,0,0,1,1,0,0,0,0,1,1,0,1,0,0,1,0,1,0,0,0,1,1,0,1,1,1,0,0,0,0.3055555555555556,18.446664670822713,1
79,0,1,0,1,0,1,0,1,0,1,1,0,0,0,0,1,1,0,1,0,0,1,0,1,0,0,0,1,1,0,1,1,1,0,1,0,0.3611111111111111,24.66145166705442,1
80,1,0,0,0,1,0,1,1,1,0,0,1,1,1,1,0,0,0,0,1,1,0,1,0,1,0,0,0,1,1,0,0,0,1,0,1,0.3333333333333333,10.147688888778434,1
81,1,0,0,0,1,0,1,1,1,0,0,1,0,1,1,0,0,1,1,1,1,0,0,0,1,0,0,1,1,1,0,0,0,1,0,1,0.3333333333333333,16.638411937620283,1
82,0,1,1,1,0,1,0,1,0,1,0,0,0,0,0,1,1,0,0,0,0,1,0,1,0,0,0,1,1,0,1,1,1,0,1,0,0.3333333333333333,27.19090264745057,1
83,1,0,0,0,1,0,1,1,1,0,0,0,1,1,1,1,0,0,0,1,1,0,0,0,1,0,0,1,1,1,0,0,0,1,0,1,0.25,15.845713021379005,1
84,1,0,0,0,1,0,1,1,1,0,0,1,1,0,1,1,0,0,0,1,1,0,0,0,1,0,1,0,1,1,0,0,0,1,1,1,0.2777777777777778,15.195770163275665,1
85,1,0,0,0,1,0,1,1,1,0,0,0,0,1,1,0,0,1,1,1,1,0,1,0,1,0,1,1,1,1,0,0,0,1,0,1,0.2777777777777778,24.082740886282167,1
86,1,0,0,0,1,0,1,1,1,0,0,1,1,1,0,0,0,1,0,1,1,0,0,0,1,0,1,1,1,1,0,0,0,1,0,1,0.3055555555555556,15.426853988734287,1
87,1,0,1,0,1,0,1,1,1,0,0,0,1,1,1,1,0,1,1,1,1,0,0,0,1,0,1,1,1,1,0,0,0,1,0,1,0.3888888888888889,22.355418379883666,1
88,1,0,1,0,1,0,1,1,1,0,0,0,0,1,1,0,0,1,1,1,1,0,0,0,1,0,1,1,0,1,0,0,0,1,0,1,0.2777777777777778,16.568304552627126,1
89,1,0,1,0,1,0,0,1,1,0,0,0,1,1,1,0,0,1,0,1,1,0,0,0,1,0,1,1,1,1,0,0,0,1,0,1,0.3333333333333333,16.389879025849275,1
90,1,0,0,0,1,0,1,1,1,0,0,0,1,1,1,1,0,1,1,1,1,0,1,0,1,0,0,1,1,1,0,0,0,1,1,1,0.3055555555555556,23.232134839606054,1
91,1,0,1,0,0,0,1,1,1,0,0,0,1,0,0,0,1,1,1,0,1,0,1,0,0,0,1,0,1,1,0,0,0,1,0,0,0.08333333333333333,5.876806805404073,1
92,1,0,0,0,1,0,1,1,1,0,0,0,1,1,0,1,1,1,0,1,1,0,0,0,1,0,1,1,1,1,0,0,0,1,0,1,0.3333333333333333,19.823694588521683,1
93,1,0,0,0,1,0,1,1,1,0,0,1,1,1,1,0,0,1,1,1,1,0,1,0,1,0,1,1,0,1,0,0,0,1,1,1,0.4166666666666667,19.817061148760214,1
94,1,0,0,0,1,0,1,1,1,0,0,0,1,0,1,0,0,1,1,1,1,0,0,0,1,0,1,1,1,1,0,0,0,1,0,1,0.4166666666666667,23.156002145756304,1
95,0,1,1,1,0,1,0,0,0,1,1,0,0,0,0,1,1,0,1,0,0,1,0,1,0,0,0,1,1,0,1,1,0,0,1,0,0.3333333333333333,20.374198177663946,1
96,1,0,0,0,1,0,1,1,1,0,0,1,1,1,1,0,0,1,1,1,1,0,0,0,1,0,0,0,0,1,1,0,0,1,0,1,0.3055555555555556,13.150634482846007,1
97,0,0,0,0,1,0,1,1,1,0,1,0,1,1,1,1,0,0,0,1,1,0,1,0,1,0,1,1,0,1,0,0,1,0,0,1,0.2222222222222222,14.812056755272552,1
98,1,0,0,0,1,0,1,1,1,1,0,0,1,1,1,1,0,1,0,1,1,0,1,0,1,0,1,1,1,1,0,0,0,1,0,0,0.4444444444444444,26.716509401332274,1
99,1,0,0,0,1,0,0,1,1,1,0,0,1,1,1,0,0,0,0,1,0,0,1,0,1,0,1,1,1,1,0,0,0,1,0,1,0.3333333333333333,18.664113935687695,1
