,0,1,2,3,4,5,6,7,8,9,10,11,12,13,14,15,16,17,18,19,20,21,22,23,24,25,26,27,28,29,30,31,32,33,34,35,chain_break_fraction,energy,num_occurrences
0,1,0,0,0,0,1,0,0,0,1,1,1,0,0,0,1,1,1,1,0,1,1,0,0,1,1,0,0,0,0,1,0,0,0,1,0,0.2777777777777778,9.83182659222939,1
1,0,0,1,1,1,1,1,1,1,0,0,0,0,0,1,0,0,0,0,1,0,0,1,0,0,0,1,1,1,1,0,1,1,0,0,0,0.2222222222222222,13.905085104328974,1
2,0,0,1,1,1,1,1,1,1,0,0,0,0,1,1,0,0,0,0,1,0,0,1,1,0,0,1,1,1,1,0,1,1,1,0,0,0.3333333333333333,25.321213764803367,1
3,0,0,1,0,1,1,1,1,1,0,0,0,0,1,1,0,0,0,0,1,0,0,1,1,0,0,1,1,1,0,0,1,1,1,0,0,0.3333333333333333,22.00861249235748,1
4,1,0,0,1,0,1,0,0,0,1,1,0,0,0,0,1,1,1,1,0,1,1,0,0,1,1,0,0,1,1,1,0,0,0,1,0,0.19444444444444445,8.998942854126131,1
5,0,0,1,1,1,1,1,1,1,0,0,0,0,0,1,0,0,0,0,1,0,0,1,1,0,0,1,1,0,1,0,1,1,1,0,0,0.3611111111111111,25.38693985366836,1
6,0,0,1,1,1,1,1,1,1,0,0,0,0,1,1,0,0,0,0,1,0,0,1,1,0,0,1,1,1,0,0,1,1,1,1,0,0.3055555555555556,20.194693579119434,1
7,0,0,1,1,1,1,1,1,1,0,0,0,0,0,1,0,0,0,0,1,0,0,1,1,0,0,1,1,0,1,0,1,1,1,0,0,0.3055555555555556,25.38693985366836,1
8,0,0,1,0,1,1,1,1,1,0,0,0,0,0,1,0,0,0,0,1,0,0,1,1,0,0,1,1,1,0,0,1,1,1,0,0,0.2222222222222222,26.13667024369044,1
9,1,0,0,1,0,1,0,0,0,1,1,1,0,0,1,1,1,1,1,0,1,1,0,0,1,1,0,0,0,1,1,0,0,0,1,0,0.25,14.1562913065239,1
10,0,0,1,0,1,1,1,1,1,0,0,0,0,0,1,0,0,0,0,1,0,0,1,0,0,0,1,1,1,1,0,1,1,1,0,0,0.3055555555555556,23.821000130327366,1
11,1,0,0,1,0,1,1,0,0,0,1,1,0,0,0,1,0,1,1,0,1,1,0,0,1,1,0,0,0,0,1,0,0,0,1,1,0.16666666666666666,8.020975538369923,1
12,0,0,1,1,1,1,1,1,1,0,0,0,0,0,1,0,0,0,0,1,0,0,1,0,0,0,1,1,0,1,0,1,1,1,0,0,0.2222222222222222,15.547658300679583,1
13,0,0,1,1,1,1,1,1,0,0,0,0,0,1,1,0,1,0,0,1,0,0,1,1,0,0,1,1,1,0,0,1,1,1,0,0,0.2777777777777778,18.458924899176747,1
14,0,0,1,1,1,1,1,1,1,0,0,0,0,0,1,0,0,0,0,1,0,0,1,0,0,0,1,1,1,1,0,1,0,1,0,0,0.25,16.295065658622388,1
15,1,0,0,1,0,1,1,0,0,1,1,1,0,0,0,1,1,1,1,0,1,1,0,0,1,1,0,0,1,0,1,0,0,0,1,0,0.3055555555555556,14.906745363833359,1
16,0,0,1,1,1,1,1,1,0,0,0,0,0,0,1,0,0,0,0,1,0,0,0,0,1,0,1,1,1,0,0,1,1,0,0,0,0.19444444444444445,7.423998095084455,1
17,0,0,1,1,1,1,0,1,1,1,0,0,0,1,1,0,0,0,0,1,0,0,1,0,0,0,1,1,1,0,0,1,1,1,0,0,0.2777777777777778,14.511174381852992,1
18,0,0,1,1,1,1,1,1,0,0,0,1,0,0,1,0,0,0,0,1,0,0,1,0,0,0,1,1,1,1,0,1,1,0,0,0,0.25,15.749909708737048,1
19,0,0,1,1,1,1,1,1,1,1,0,0,0,0,1,0,0,0,0,1,0,0,1,1,0,0,1,1,0,1,0,1,1,1,0,0,0.3333333333333333,24.387946692859586,1
20,0,0,1,1,1,1,1,1,1,0,0,0,0,0,1,0,0,0,0,1,0,0,1,1,0,1,1,1,0,1,0,1,1,1,1,0,0.3055555555555556,36.32968437354632,1
21,0,0,1,1,1,1,1,1,0,1,0,0,0,1,1,0,0,0,0,1,0,0,1,1,0,0,1,1,1,1,0,1,1,1,0,0,0.2777777777777778,25.32171718439897,1
22,1,0,0,0,0,1,1,0,1,1,1,1,0,0,0,1,1,1,1,0,1,1,0,1,1,1,0,0,0,0,1,0,0,0,0,1,0.3055555555555556,11.857360239545859,1
23,1,0,0,1,0,1,0,0,0,1,1,1,1,0,0,1,1,1,1,0,1,1,0,0,1,1,0,0,1,0,1,0,0,0,1,0,0.2777777777777778,15.100477797159762,1
24,0,0,1,1,1,1,1,1,1,0,0,0,0,0,0,0,0,0,0,1,0,0,1,1,0,0,1,1,0,1,0,1,1,0,0,0,0.3333333333333333,20.7344495090571,1
25,1,0,0,1,0,1,0,0,1,1,1,1,1,0,0,1,1,1,1,0,1,1,0,0,1,1,0,0,0,1,1,0,0,0,1,0,0.19444444444444445,16.91068048282541,1
26,0,0,1,1,1,1,0,1,1,0,0,0,0,0,1,0,0,0,0,1,0,0,1,0,0,1,1,1,1,0,0,1,1,1,0,0,0.25,17.042056107875812,1
27,1,0,0,1,0,1,0,0,0,0,1,1,1,0,0,1,1,1,0,0,1,1,0,0,1,1,0,0,1,1,1,0,0,0,1,0,0.19444444444444445,8.866940786749112,1
28,0,0,1,1,1,0,0,1,1,0,0,0,0,1,1,0,0,0,0,1,0,1,1,0,0,0,1,1,1,0,0,1,1,0,0,0,0.2777777777777778,8.516774900244053,1
29,0,0,1,0,1,1,1,1,1,0,0,0,0,0,1,0,0,0,0,1,0,0,0,0,0,0,1,1,1,0,0,1,1,0,0,0,0.2222222222222222,7.987605471374669,1
30,0,0,1,0,1,1,1,1,1,0,0,0,0,0,1,0,0,0,0,1,0,1,1,0,0,1,1,1,0,1,0,1,1,1,0,0,0.25,39.002902702493586,1
31,0,0,1,1,1,1,1,0,1,0,0,0,1,1,1,0,0,0,0,1,0,0,1,0,0,0,1,1,0,1,0,1,1,1,0,0,0.3055555555555556,12.584271309921284,1
32,1,0,0,0,1,1,0,0,0,1,1,1,0,0,0,1,1,1,1,0,1,1,0,0,1,1,0,0,0,0,1,0,0,0,1,1,0.2777777777777778,11.167782163074339,1
33,0,0,1,0,1,1,1,1,1,0,0,0,0,0,1,0,0,0,0,1,0,0,0,0,0,0,1,1,0,1,0,1,1,1,0,0,0.2777777777777778,15.51191595237611,1
34,1,0,0,0,0,1,1,0,0,1,1,1,1,0,0,1,1,1,1,0,1,1,0,0,1,1,0,0,0,0,1,0,0,0,0,1,0.2777777777777778,13.582411689775656,1
35,0,0,1,1,1,1,1,1,0,0,0,0,0,1,1,0,0,0,0,1,0,0,1,0,0,0,1,1,1,0,0,1,1,1,0,0,0.3055555555555556,12.558803853700937,1
36,0,0,1,0,1,1,1,1,0,0,0,0,1,0,1,0,0,0,0,1,0,1,1,0,0,0,1,1,0,1,0,1,1,0,0,0,0.2777777777777778,17.354820999569398,1
37,0,0,1,0,1,0,1,1,1,1,0,0,0,0,1,0,0,0,0,1,0,0,1,0,0,0,1,1,0,1,0,1,1,1,0,0,0.25,19.89036575952274,1
38,0,0,1,1,1,0,1,1,0,0,0,0,0,1,1,0,0,0,0,1,0,0,1,1,0,0,1,1,1,1,0,1,1,1,0,0,0.3055555555555556,30.55716745522737,1
39,0,0,1,1,1,1,1,1,1,0,0,0,0,0,1,0,0,0,0,0,0,0,1,1,0,1,1,1,0,0,0,1,0,1,0,0,0.19444444444444445,15.82767025921121,1
40,0,0,1,1,1,1,1,1,0,0,0,0,0,0,1,0,1,0,0,1,0,0,1,1,0,0,1,1,1,1,0,1,1,0,0,0,0.25,23.075916204393845,1
41,0,0,1,1,1,1,1,1,0,0,0,0,0,0,1,0,0,0,0,1,0,0,1,0,0,0,1,1,1,0,0,1,0,1,0,0,0.25,11.53209040126988,1
42,0,0,1,1,1,1,0,1,0,0,0,0,0,0,1,0,0,0,0,1,0,0,1,0,0,0,1,1,1,1,0,1,1,0,0,0,0.2777777777777778,15.406752623244834,1
43,0,1,1,1,1,1,0,1,1,0,0,0,0,1,1,0,0,0,0,1,0,0,1,0,0,1,1,1,1,0,0,1,1,1,1,0,0.3055555555555556,16.41160982199847,1
44,0,0,1,1,1,1,1,1,0,0,0,0,0,1,1,0,0,0,0,1,0,0,1,0,0,0,1,1,1,0,0,1,1,1,0,0,0.3333333333333333,12.558803853700937,1
45,0,0,1,1,1,1,1,1,0,0,0,0,0,1,1,0,0,0,0,1,0,0,1,1,0,0,1,1,1,1,0,1,1,0,0,0,0.3055555555555556,21.320497065957515,1
46,0,1,1,1,1,1,0,1,0,0,0,1,0,1,1,0,0,0,0,1,0,0,1,1,0,0,1,1,0,1,0,1,1,1,0,0,0.3055555555555556,22.693285332781446,1
47,0,0,1,1,1,1,1,1,1,0,0,0,1,0,1,0,0,0,0,1,0,0,0,1,0,0,1,1,1,1,0,1,1,0,0,0,0.25,16.679676746603175,1
48,0,1,1,0,1,1,1,0,0,0,0,0,0,1,1,0,0,0,0,1,0,1,1,0,0,0,1,1,1,0,0,1,0,1,0,0,0.2222222222222222,16.56211574309506,1
49,0,0,1,1,1,1,0,1,0,0,0,0,0,1,1,0,0,0,0,1,0,0,1,0,0,0,1,1,1,0,0,1,1,1,0,0,0.3055555555555556,12.009664123065706,1
50,0,0,1,1,1,1,1,1,1,0,0,0,0,1,1,0,0,0,0,1,0,0,1,0,0,0,1,1,0,0,0,1,1,1,1,0,0.2777777777777778,12.925959759347027,1
51,1,0,0,0,0,1,0,0,0,1,1,1,0,0,0,1,1,1,1,0,1,1,0,0,1,1,0,1,0,0,1,0,0,0,0,1,0.2222222222222222,9.518692947679215,1
52,0,0,1,0,1,1,1,1,0,1,0,1,0,0,1,0,0,0,0,1,0,0,1,0,0,1,1,1,0,0,0,1,1,0,0,0,0.25,10.663164542432893,1
53,0,0,1,1,1,1,1,1,0,0,0,0,0,0,1,0,0,0,0,1,0,0,1,1,0,0,1,1,0,1,0,1,1,0,1,0,0.3611111111111111,23.347952979584356,1
54,0,0,1,1,1,1,1,1,1,1,0,0,0,0,1,0,0,0,0,1,0,0,1,0,0,0,1,1,1,0,0,1,1,1,0,0,0.25,14.411277227634915,1
55,0,0,1,1,1,1,1,1,0,0,0,0,0,1,1,0,0,0,0,1,0,0,0,1,0,0,1,1,1,0,0,1,0,1,1,0,0.3333333333333333,15.642307442424055,1
56,0,0,1,1,1,0,0,1,1,0,0,0,1,1,1,0,0,0,0,1,0,0,0,0,0,0,1,1,1,0,0,1,1,0,0,0,0.25,6.706596068135603,1
57,0,0,1,1,1,1,0,1,0,0,0,0,0,1,1,0,0,0,0,1,0,0,1,1,0,0,0,1,0,1,0,1,1,1,0,0,0.25,20.164773006475187,1
58,0,0,1,1,1,1,1,1,1,0,0,0,0,1,1,0,0,0,0,1,0,1,1,0,0,0,1,1,1,0,0,1,1,0,1,0,0.3611111111111111,10.787750763557199,1
59,0,0,1,1,1,1,1,1,0,0,0,0,0,0,1,0,0,0,0,1,0,0,1,0,0,0,1,1,1,1,0,1,1,1,0,0,0.3055555555555556,20.684542793320038,1
60,0,0,1,0,1,1,0,1,1,0,0,0,1,1,0,0,0,0,0,1,0,0,1,0,0,0,1,1,1,0,0,1,1,1,0,0,0.3055555555555556,14.09546330777762,1
61,0,0,1,1,1,0,0,1,1,0,0,0,0,1,1,0,0,0,0,1,0,0,1,0,0,0,1,1,1,0,0,1,1,0,0,0,0.16666666666666666,6.949152852372906,1
62,1,0,0,1,0,1,0,0,0,1,1,1,0,0,0,1,0,1,1,0,0,1,0,0,1,0,0,0,0,0,1,0,0,1,0,1,0.2777777777777778,14.290206479323507,1
63,0,0,1,1,1,1,1,1,0,0,0,0,0,1,1,0,0,0,0,1,0,0,1,1,1,0,1,1,0,1,0,1,0,0,0,0,0.3055555555555556,17.486836544299052,1
64,0,0,1,1,1,0,0,1,1,0,0,0,0,1,1,0,0,0,0,1,0,0,0,0,0,0,1,1,1,0,0,1,1,1,0,0,0.25,8.276797621186127,1
65,0,0,1,1,1,1,1,1,1,0,0,0,0,1,1,0,0,0,0,1,0,0,1,0,1,0,1,1,0,0,0,1,1,1,0,0,0.4166666666666667,12.096051620300695,1
66,0,0,1,1,1,0,0,1,0,0,1,0,0,1,1,0,0,0,0,1,0,0,0,1,0,1,1,1,1,0,0,1,0,0,0,0,0.19444444444444445,10.715474070597223,1
67,0,0,1,1,1,1,1,1,1,0,0,0,1,0,0,0,0,0,0,1,0,0,1,0,0,0,1,1,1,0,0,1,1,1,0,0,0.2777777777777778,11.835474355480383,1
68,0,0,1,1,1,0,1,1,0,0,0,0,0,1,1,0,0,0,0,1,0,0,1,0,0,0,1,1,1,0,0,1,1,1,0,0,0.3333333333333333,11.79507671214116,1
69,0,0,1,1,1,1,1,1,1,0,0,0,0,1,1,0,0,0,0,1,0,0,0,0,0,0,1,1,1,0,0,1,1,1,0,0,0.3333333333333333,11.59011420412465,1
70,0,0,1,1,1,1,0,1,0,0,0,0,0,0,1,0,0,0,0,0,0,0,1,0,0,1,0,1,1,0,0,1,0,1,1,0,0.1111111111111111,9.770099474701038,1
71,0,0,1,1,1,1,1,1,0,1,0,1,0,1,1,0,0,0,0,1,0,0,1,1,0,1,1,1,1,1,0,1,1,1,0,0,0.3888888888888889,26.335525966399246,1
72,0,0,1,1,1,1,0,1,1,0,0,0,1,0,1,0,0,0,0,1,0,0,1,0,0,0,1,1,1,1,0,1,1,0,0,0,0.2777777777777778,12.09702392859723,1
73,0,1,1,0,1,0,1,0,1,1,0,0,1,1,1,0,0,0,0,1,0,1,0,0,0,1,1,1,1,0,0,1,1,1,0,0,0.2777777777777778,22.592595924375996,1
74,0,0,1,1,1,1,1,1,1,0,0,0,1,0,1,0,0,0,0,1,0,0,1,0,0,0,1,1,0,1,0,1,1,0,1,0,0.3055555555555556,11.578472327043047,1
75,0,0,1,1,1,1,1,1,1,0,0,0,0,0,1,0,0,0,0,1,0,0,1,0,0,0,0,1,1,1,0,1,1,0,0,0,0.3333333333333333,12.203021358664696,1
76,0,0,1,1,1,1,0,1,0,0,0,0,0,1,1,0,0,0,0,1,0,0,0,1,0,1,1,1,0,1,0,1,1,0,0,0,0.2777777777777778,17.306566828510277,1
77,0,0,1,1,1,1,1,1,1,1,0,0,0,0,1,0,0,0,0,1,0,0,1,0,0,0,1,1,1,0,0,1,1,1,0,0,0.3333333333333333,14.411277227634915,1
78,0,1,1,1,1,0,0,1,0,1,0,0,1,0,1,0,0,0,0,1,0,0,0,0,1,0,1,1,1,0,0,1,1,0,1,0,0.2222222222222222,7.509713216461169,1
79,0,0,1,1,1,0,1,1,1,0,0,0,0,0,1,0,0,0,0,1,0,0,1,0,0,0,1,1,0,1,1,1,1,1,0,0,0.3333333333333333,21.21394491552081,1
80,0,0,0,1,1,1,1,1,0,0,0,0,0,1,1,0,0,0,0,1,0,0,1,1,0,0,1,1,1,0,0,1,1,1,0,0,0.3611111111111111,21.752649532418957,1
81,0,0,1,1,1,1,1,1,0,0,0,0,0,1,1,0,0,0,0,1,0,0,1,0,0,0,1,1,1,0,0,1,1,1,0,0,0.2777777777777778,12.558803853700937,1
82,0,1,1,0,0,0,0,1,1,0,0,0,1,0,1,0,0,0,0,0,1,0,0,0,0,1,1,1,1,0,0,1,0,0,1,0,0.05555555555555555,7.531954645504539,1
83,0,0,1,1,1,1,1,1,1,0,0,0,0,0,1,0,0,0,0,1,0,0,0,0,0,0,1,1,0,1,0,1,1,1,0,0,0.25,12.628017524185207,1
84,0,0,1,1,1,1,1,1,0,0,0,0,0,1,1,0,0,0,0,1,0,0,0,0,0,1,1,1,1,1,0,1,1,1,0,0,0.3333333333333333,17.6034613150043,1
85,0,0,1,1,1,1,1,1,1,0,0,0,0,0,1,0,0,0,0,1,0,0,1,0,0,0,1,1,1,0,0,1,1,1,0,0,0.3888888888888889,12.410270388443355,1
86,0,0,1,1,1,1,1,1,1,0,0,0,0,0,0,0,0,1,0,1,0,0,1,0,0,1,1,1,0,0,0,1,1,1,0,0,0.25,14.430803009939968,1
87,0,0,1,1,1,1,0,1,0,0,0,0,0,1,1,0,0,0,0,1,0,1,1,0,0,0,1,1,1,0,0,1,1,1,0,0,0.3333333333333333,15.640391416374975,1
88,0,0,1,0,0,1,1,1,1,0,0,0,0,0,1,0,0,0,0,1,0,0,1,0,0,0,1,1,0,0,0,1,1,1,0,0,0.2777777777777778,13.937921248712435,1
89,0,0,1,1,1,1,1,1,1,0,0,0,0,0,1,0,1,0,0,0,0,0,1,1,0,1,1,1,0,1,0,1,1,0,0,0,0.3055555555555556,17.841061092799105,1
90,0,1,1,1,1,0,0,1,1,0,0,0,0,1,1,0,1,0,0,1,0,0,0,0,0,0,1,1,1,0,0,1,1,1,1,0,0.3055555555555556,11.26409406132553,1
91,0,0,1,1,1,1,1,1,1,0,0,0,0,0,1,0,1,0,0,1,0,0,0,0,0,1,1,1,1,0,0,1,0,1,0,0,0.2222222222222222,10.007366087539985,1
92,0,0,1,1,1,1,1,1,0,0,0,0,0,1,0,0,1,0,0,1,0,0,1,1,0,1,1,1,1,0,0,1,0,1,0,0,0.3055555555555556,20.708897262292002,1
93,0,1,1,1,1,1,0,1,0,0,0,0,0,1,1,0,0,0,0,0,0,1,1,0,0,1,1,1,1,0,0,1,0,0,1,0,0.2777777777777778,12.037572370978701,1
94,1,1,0,0,0,1,0,0,0,1,1,1,0,0,0,1,0,1,1,0,1,1,0,0,1,0,0,0,0,0,1,0,0,0,1,1,0.25,13.38810803111156,1
95,0,0,1,1,1,1,0,1,1,0,0,0,0,0,1,0,0,0,0,1,0,0,0,0,0,0,0,1,1,1,0,1,1,0,1,0,0.2777777777777778,10.27854646139738,1
96,0,0,1,1,1,0,0,1,0,1,0,0,0,1,1,0,1,0,0,1,0,0,1,0,0,0,0,1,0,0,0,1,1,1,0,0,0.2777777777777778,9.693013494027593,1
97,0,0,1,0,1,1,1,1,0,0,0,0,0,0,1,0,1,0,0,0,0,1,0,0,0,0,0,1,0,1,0,1,1,0,1,0,0.2222222222222222,8.887059864744232,1
98,0,1,1,1,1,0,0,1,0,1,0,1,0,0,1,0,0,0,0,0,0,0,1,0,1,0,0,1,1,0,1,1,0,0,1,0,0.16666666666666666,11.999606418393912,1
99,0,0,1,0,1,0,0,1,1,1,1,0,0,0,1,0,0,0,0,0,1,0,1,0,0,0,1,1,0,0,0,1,1,0,0,0,0.16666666666666666,6.474109940126889,1
