,0,1,2,3,4,5,6,7,8,9,10,11,12,13,14,15,16,17,18,19,20,21,22,23,24,25,26,27,28,29,30,31,32,33,34,35,chain_break_fraction,energy,num_occurrences
0,1,0,0,1,1,0,0,1,1,0,0,0,1,1,0,1,1,0,0,0,1,1,1,0,0,1,0,1,0,1,0,0,1,0,1,1,0.2777777777777778,17.538491978238568,1
1,1,0,0,1,1,0,0,1,1,0,0,0,1,1,0,1,0,0,0,0,1,1,1,0,0,1,0,1,0,1,1,0,0,0,1,1,0.2777777777777778,18.455943649766574,1
2,1,0,0,1,1,0,0,1,1,0,0,0,1,1,0,1,0,0,0,0,1,1,1,0,0,1,0,1,0,1,0,0,0,0,1,1,0.25,16.17880625541683,1
3,1,0,0,1,1,0,0,1,1,0,0,0,1,1,0,1,1,0,0,0,1,1,1,0,0,1,0,1,0,1,0,0,1,0,1,1,0.3055555555555556,17.538491978238568,1
4,1,0,0,1,1,0,0,1,1,0,0,0,1,1,0,1,1,0,0,0,1,1,1,0,0,1,0,1,0,1,1,0,0,0,1,1,0.25,17.79213374970928,1
5,1,0,0,1,1,0,0,1,1,0,0,0,1,1,0,1,1,0,0,0,1,1,1,0,0,1,0,1,0,1,0,0,1,0,1,1,0.25,17.538491978238568,1
6,1,0,0,1,1,0,0,1,1,0,0,0,1,1,0,1,1,0,0,0,1,1,1,0,0,1,0,1,0,1,0,0,1,0,1,1,0.3333333333333333,17.538491978238568,1
7,1,0,0,1,1,0,0,1,0,0,0,0,1,1,0,1,1,0,0,0,1,1,1,0,0,1,0,1,0,1,1,0,0,0,1,1,0.2777777777777778,18.791064013841684,1
8,1,0,0,1,1,0,0,1,1,0,0,0,1,1,0,1,1,0,0,0,1,1,1,0,0,1,0,1,0,1,1,0,0,0,1,1,0.2777777777777778,17.79213374970928,1
9,1,0,0,1,1,0,1,1,0,0,0,0,1,1,0,1,1,0,0,0,1,1,1,0,0,1,0,1,0,1,0,0,0,0,1,1,0.2777777777777778,15.738934795674606,1
10,1,0,0,1,0,0,1,1,1,0,0,0,1,1,0,1,1,0,0,0,1,1,1,0,0,1,0,1,0,1,0,0,0,0,1,1,0.25,14.057139800071798,1
11,1,0,0,1,1,0,0,1,1,0,0,0,1,1,0,1,0,0,0,0,1,1,1,0,0,1,0,1,0,1,0,0,0,0,1,1,0.2222222222222222,16.17880625541683,1
12,1,0,0,1,1,0,0,1,1,0,0,0,1,1,0,1,1,0,0,0,1,1,1,0,0,1,0,1,0,1,1,0,0,0,1,1,0.2777777777777778,17.79213374970928,1
13,1,0,0,1,1,0,0,1,1,0,0,0,1,1,0,1,0,0,0,0,1,1,1,0,0,1,0,1,0,0,0,0,0,0,1,1,0.25,15.557489626111575,1
14,1,0,0,1,1,0,0,1,1,0,0,0,1,1,0,1,0,0,0,0,1,1,1,0,0,1,0,1,0,1,0,0,0,0,1,1,0.3055555555555556,16.17880625541683,1
15,1,0,0,1,0,0,0,1,1,0,0,0,1,1,0,1,1,0,0,0,1,1,1,0,0,1,0,1,0,1,0,0,1,0,1,1,0.25,16.867052378936403,1
16,1,0,0,1,0,0,0,1,1,0,0,0,1,1,0,1,1,0,0,0,1,1,1,0,0,1,0,1,0,1,0,0,1,0,1,1,0.2777777777777778,16.867052378936403,1
17,1,0,0,1,1,0,1,1,1,0,0,0,1,1,0,1,1,0,0,0,1,1,1,0,0,1,0,1,0,1,0,0,0,0,1,1,0.3333333333333333,15.740004531542297,1
18,1,0,0,1,0,0,0,1,1,0,0,0,1,1,0,1,1,0,0,0,1,1,1,0,0,1,0,1,0,1,0,0,0,0,1,1,0.2777777777777778,14.832131625861916,1
19,1,0,0,1,1,0,1,1,1,0,0,0,1,1,0,1,1,0,0,0,1,1,1,0,1,1,0,1,0,1,0,0,0,0,1,1,0.3333333333333333,17.000954433682985,1
20,1,0,0,1,1,0,1,1,0,0,0,0,1,1,0,1,1,0,0,0,1,1,1,0,0,1,0,1,0,1,0,0,0,0,1,1,0.2777777777777778,15.738934795674606,1
21,1,0,0,1,1,0,1,1,1,0,0,0,1,1,0,1,0,0,0,0,1,1,1,0,0,1,0,1,0,1,0,0,0,0,1,1,0.3055555555555556,15.403814431290765,1
22,1,0,0,1,0,0,0,1,1,0,0,0,1,1,0,1,1,0,0,0,1,1,1,0,0,1,0,1,0,1,1,0,0,0,1,1,0.3333333333333333,17.109386510701448,1
23,1,0,0,1,1,0,0,1,0,0,0,0,1,1,0,1,1,0,0,0,1,1,1,0,0,1,0,1,0,1,1,0,0,0,1,1,0.3055555555555556,18.791064013841684,1
24,1,0,0,1,1,0,0,1,1,0,0,0,1,1,0,1,1,0,0,0,1,1,1,0,1,1,0,1,1,1,0,0,0,0,1,1,0.2777777777777778,19.16801562304186,1
25,1,0,0,1,1,0,0,1,1,0,0,0,1,1,0,1,1,0,0,0,1,1,1,0,0,1,0,1,0,1,1,0,0,0,1,1,0.3333333333333333,17.79213374970928,1
26,1,0,0,1,1,0,1,1,1,0,0,0,1,1,0,1,1,0,0,0,1,1,1,0,0,1,0,1,0,1,0,0,0,0,1,1,0.2777777777777778,15.740004531542297,1
27,1,0,0,1,1,0,0,1,1,0,0,0,1,1,0,1,1,0,0,0,1,1,1,0,0,1,0,1,0,1,1,0,1,0,1,1,0.3333333333333333,20.01770474015322,1
28,1,0,0,1,1,0,0,1,1,0,0,0,1,1,0,1,1,0,0,0,1,1,1,0,0,1,0,1,0,1,1,0,1,0,1,1,0.2777777777777778,20.01770474015322,1
29,1,0,0,1,0,0,0,1,1,0,0,0,1,1,0,1,0,0,0,0,1,1,1,0,0,1,0,1,0,1,0,0,0,0,1,1,0.25,15.520939586522044,1
30,1,0,0,1,1,0,0,1,1,0,0,1,1,1,0,1,1,0,0,0,1,1,1,0,0,1,0,1,0,1,1,0,0,0,1,1,0.2777777777777778,17.545887056830956,1
31,1,0,0,1,1,0,0,1,0,0,0,0,1,1,0,1,1,0,0,0,1,1,1,0,0,1,0,1,0,1,0,0,0,0,1,1,0.3333333333333333,16.5139266198007,1
32,1,0,0,1,0,0,0,1,1,0,0,0,1,1,0,1,1,0,0,0,1,1,1,0,0,1,0,1,0,1,0,0,1,0,1,1,0.3055555555555556,16.867052378936403,1
33,1,0,0,1,1,0,1,1,1,0,0,0,1,1,0,1,1,0,0,0,1,0,1,0,0,1,0,1,0,1,1,0,0,0,1,1,0.2777777777777778,15.556090552212408,1
34,1,0,0,1,0,0,1,1,1,0,0,0,1,0,0,1,1,0,0,0,1,1,1,0,0,1,0,1,0,1,0,0,0,0,1,1,0.25,11.976979794260231,1
35,1,0,0,1,1,0,1,1,1,0,0,0,1,1,0,1,1,0,0,0,1,1,1,0,0,1,0,1,0,1,1,0,0,0,1,1,0.3333333333333333,17.006624735871355,1
36,1,0,0,1,0,0,1,1,1,0,0,0,1,1,0,1,1,0,0,1,1,1,1,0,0,1,0,1,0,1,0,0,0,0,1,1,0.25,19.97242758412684,1
37,1,0,0,1,0,0,0,1,1,0,0,0,1,1,0,1,1,0,0,0,1,1,1,0,0,1,0,1,0,1,0,1,0,0,1,1,0.2777777777777778,21.386641395540973,1
38,1,0,0,1,0,0,0,1,1,0,0,0,1,1,0,1,1,0,0,0,1,1,1,0,0,1,0,1,0,1,0,0,0,1,1,1,0.2222222222222222,20.90197313201089,1
39,1,0,0,1,1,0,1,1,1,0,0,0,1,0,0,1,1,0,0,0,1,1,1,0,0,1,0,1,0,1,0,0,1,0,1,1,0.3055555555555556,14.229654564953414,1
40,1,0,0,1,1,0,0,1,1,0,0,0,1,1,0,1,1,0,0,0,1,1,1,0,0,1,0,1,0,1,0,0,1,0,1,1,0.3055555555555556,17.538491978238568,1
41,1,0,0,1,0,0,1,1,1,0,0,0,1,1,0,1,0,0,0,0,1,1,1,0,0,1,0,1,0,1,1,0,0,0,1,1,0.3055555555555556,16.512685456168484,1
42,1,0,0,1,0,0,0,1,1,0,0,0,1,1,0,1,1,0,0,0,1,1,1,0,0,1,0,1,1,1,0,0,0,0,1,1,0.2777777777777778,16.14278994829294,1
43,1,0,0,1,0,0,1,1,1,0,0,0,1,1,0,1,1,0,0,1,1,1,1,0,0,1,0,1,0,1,0,0,0,0,1,1,0.2777777777777778,19.97242758412684,1
44,1,0,0,1,0,0,1,1,0,0,0,0,1,1,0,1,0,0,0,0,1,1,1,0,0,1,0,1,0,1,0,0,0,0,1,1,0.3055555555555556,15.244937876459119,1
45,1,0,0,1,1,0,1,1,1,0,0,0,1,1,0,1,1,0,0,0,1,1,1,0,0,1,0,1,0,1,0,0,1,0,1,1,0.3611111111111111,16.763196255498002,1
46,1,0,0,1,1,0,0,1,1,0,0,1,1,1,0,1,1,0,0,0,1,1,1,0,0,1,0,1,0,1,0,0,1,0,1,1,0.2777777777777778,17.291072616378855,1
47,1,0,0,1,1,0,1,1,1,0,0,0,1,1,0,1,1,0,0,0,1,1,1,0,0,1,0,1,0,1,1,0,0,0,1,1,0.3055555555555556,17.006624735871355,1
48,1,0,0,1,0,0,1,1,1,0,0,0,1,1,0,1,1,0,0,1,1,1,1,1,0,1,0,1,0,1,0,0,0,0,1,0,0.25,21.545849998717657,1
49,1,0,0,1,1,0,1,1,1,0,0,0,1,1,0,1,0,0,0,0,1,1,1,0,0,1,0,1,0,1,1,0,0,0,1,1,0.3333333333333333,17.17043463592868,1
50,1,0,0,1,1,0,1,1,0,0,0,0,1,0,0,1,1,0,0,0,1,0,1,0,1,1,0,1,0,1,0,0,0,0,1,1,0.25,11.585477180709924,1
51,1,0,0,1,1,0,0,1,1,0,0,0,1,1,0,1,0,0,0,0,1,1,1,0,0,1,1,1,0,1,1,0,0,0,1,1,0.2777777777777778,22.182891182249875,1
52,1,0,0,1,0,0,1,1,0,0,0,0,1,1,0,1,1,0,0,0,1,1,1,0,0,1,0,1,0,1,0,1,0,0,1,1,0.2222222222222222,21.089546836758554,1
53,1,0,0,1,1,0,1,1,1,0,0,0,0,1,0,1,1,0,0,0,1,1,1,0,0,1,0,1,1,1,1,0,0,0,1,1,0.25,16.770594020778475,1
54,1,0,0,1,0,0,1,1,1,0,0,0,1,1,0,1,0,0,0,1,1,1,1,1,0,1,0,1,0,1,0,0,0,0,1,0,0.3055555555555556,22.7346579677115,1
55,1,0,0,1,1,0,0,1,1,0,0,0,1,1,0,1,1,0,0,0,1,1,1,0,0,1,0,1,0,1,0,0,0,0,1,1,0.3333333333333333,16.014996355668398,1
56,1,0,0,1,1,0,1,1,1,0,0,0,1,1,0,1,1,0,0,0,1,1,1,0,0,1,0,1,0,1,0,0,0,0,1,1,0.3055555555555556,15.740004531542297,1
57,1,0,0,1,1,0,1,1,1,0,0,0,1,1,0,1,1,0,0,0,1,1,1,0,1,1,0,1,0,0,0,0,1,0,1,1,0.25,18.58837969678578,1
58,1,0,0,1,1,0,1,1,0,0,0,0,1,1,0,1,1,0,0,0,1,1,1,0,0,1,0,1,0,1,0,0,1,0,1,1,0.3888888888888889,17.26212651971314,1
59,1,0,0,1,1,0,1,1,1,0,0,0,1,0,0,1,1,0,0,0,1,0,1,0,0,1,0,1,0,1,1,0,0,0,1,1,0.25,11.01798473223277,1
60,1,0,0,1,1,0,1,1,1,0,0,0,1,1,0,1,1,0,0,0,1,0,1,0,0,1,0,1,0,1,1,0,0,0,1,1,0.2777777777777778,15.556090552212408,1
61,1,0,0,1,1,0,1,1,1,0,0,0,1,1,0,1,1,0,0,0,1,1,1,0,0,1,0,1,0,1,1,0,0,0,1,1,0.3888888888888889,17.006624735871355,1
62,1,0,0,1,1,0,0,1,1,0,0,0,1,1,0,1,1,0,0,0,1,1,1,0,0,1,1,1,0,1,1,0,0,0,1,1,0.3055555555555556,21.019081281922293,1
63,1,0,0,1,1,0,1,1,0,0,0,0,1,1,0,0,1,0,0,0,1,1,1,1,0,1,0,1,0,1,0,0,0,0,1,1,0.2222222222222222,22.194906127184087,1
64,1,0,0,1,1,0,1,1,1,0,0,0,1,1,0,1,1,0,0,0,1,1,1,1,0,1,0,1,0,1,0,0,0,0,1,0,0.25,17.112234235667298,1
65,1,0,0,1,1,0,1,1,1,0,0,0,1,1,0,1,1,0,0,0,1,1,1,0,0,1,0,1,1,1,0,0,1,0,1,1,0.3055555555555556,17.247410649712123,1
66,1,0,0,1,1,0,0,1,1,0,0,0,1,1,0,1,1,0,0,0,1,1,1,0,0,1,0,1,0,1,0,0,1,0,1,1,0.2777777777777778,17.538491978238568,1
67,1,0,0,1,0,0,0,1,1,0,0,0,1,1,0,1,0,0,0,0,1,1,1,1,0,1,0,1,0,1,0,0,0,0,1,1,0.2777777777777778,24.428221045817015,1
68,1,0,0,1,1,0,1,1,1,0,0,0,0,1,0,1,1,0,0,0,1,1,1,0,0,1,0,1,0,1,1,0,0,0,1,1,0.25,15.739095653798692,1
69,1,0,0,1,0,0,0,1,1,0,0,1,1,0,0,1,1,0,0,0,1,1,1,0,0,1,0,1,0,1,1,0,0,0,1,1,0.19444444444444445,13.782364652495316,1
70,1,0,0,1,0,0,1,1,1,0,0,0,1,1,0,1,0,0,0,0,1,1,1,0,1,1,0,1,0,1,0,0,0,0,1,1,0.3055555555555556,16.50696419957086,1
71,1,0,0,1,0,0,0,1,1,0,0,0,0,0,0,1,1,0,0,1,1,1,1,1,0,1,0,1,0,1,0,0,0,0,1,0,0.2222222222222222,26.540108295912596,1
72,1,0,0,1,0,0,0,1,1,0,0,0,1,0,0,1,1,0,0,0,1,1,1,0,0,1,0,1,0,1,1,0,0,0,0,1,0.25,13.812219838488405,1
73,1,0,0,1,1,0,1,1,0,0,0,0,1,1,0,1,1,0,0,0,1,1,1,0,0,1,0,1,0,1,0,0,0,0,1,1,0.3333333333333333,15.738934795674606,1
74,1,0,0,1,1,0,0,1,1,0,0,0,1,1,0,1,1,0,0,0,1,1,1,0,0,1,0,1,1,1,0,0,1,0,1,0,0.2777777777777778,14.337941424225054,1
75,1,0,0,1,1,0,1,1,1,0,0,0,1,1,0,1,1,0,0,0,1,1,1,0,0,1,0,1,0,0,0,0,0,0,1,1,0.2777777777777778,17.77471604592239,1
76,1,0,0,1,1,0,1,1,0,0,0,0,1,1,0,1,0,0,0,0,1,1,1,0,0,1,0,1,0,1,0,0,0,0,0,1,0.2222222222222222,14.326330814898295,1
77,1,0,0,1,1,0,1,1,1,0,0,0,1,1,0,1,1,0,0,0,1,1,1,0,0,1,0,1,1,1,1,0,1,0,1,1,0.3055555555555556,19.76496034580819,1
78,1,0,0,1,1,0,1,1,1,0,0,0,1,1,0,1,0,0,0,0,1,1,1,0,0,1,1,0,0,1,0,0,0,0,1,1,0.25,12.881854506481009,1
79,1,0,0,1,1,0,0,1,1,0,0,0,0,1,0,1,1,0,0,0,1,1,1,0,0,1,0,1,0,0,0,0,1,0,1,1,0.2777777777777778,15.147264200457528,1
80,1,0,0,1,0,0,1,1,1,0,0,0,1,0,0,1,1,0,0,0,1,1,1,0,0,1,0,1,0,1,1,0,0,0,1,1,0.25,14.743724843704348,1
81,1,0,0,1,1,0,1,1,1,0,0,0,1,1,0,1,0,0,0,0,1,0,1,0,0,1,0,1,1,1,0,0,1,0,1,1,0.3333333333333333,13.861696073406666,1
82,1,0,0,1,1,0,1,1,1,0,0,0,0,1,0,1,1,0,0,0,1,0,1,0,0,1,0,1,0,1,0,0,1,0,1,1,0.2777777777777778,12.44851813439715,1
83,1,0,0,1,1,0,0,1,1,0,0,0,1,0,0,1,0,0,0,0,1,1,1,0,0,1,0,1,0,1,0,0,1,0,1,0,0.2777777777777778,11.426028087757865,1
84,1,0,0,1,0,0,1,1,1,0,0,0,1,1,0,1,0,0,0,0,1,1,1,0,0,1,0,1,1,1,0,0,1,0,1,1,0.3333333333333333,17.76477974251864,1
85,1,0,0,1,1,0,0,1,1,0,0,0,1,0,0,1,0,0,0,0,1,1,1,0,0,1,0,1,0,1,0,0,0,0,1,1,0.3055555555555556,14.817833382152878,1
86,1,0,0,1,1,0,1,1,1,0,0,1,1,1,0,1,0,0,0,0,1,1,1,0,0,1,0,1,0,1,0,0,1,0,1,1,0.3333333333333333,16.683151328146195,1
87,1,0,0,1,1,0,1,1,1,0,0,1,1,0,0,1,1,0,0,0,1,1,1,0,0,0,0,1,0,1,1,0,1,0,1,1,0.19444444444444445,11.114223222833582,1
88,1,0,0,1,0,0,0,1,1,0,0,0,1,0,0,1,1,0,0,0,1,1,1,1,0,1,0,1,0,1,0,0,0,0,1,0,0.2222222222222222,14.950729120637373,1
89,1,0,0,1,1,0,1,1,0,0,0,0,1,1,0,1,0,0,0,0,1,1,1,0,0,1,0,1,1,1,1,0,0,0,1,1,0.2777777777777778,19.700921736060323,1
90,1,0,0,1,0,0,1,1,1,0,0,0,1,1,0,1,1,0,0,0,1,1,1,0,0,1,0,1,0,1,0,0,0,0,1,1,0.25,14.057139800071798,1
91,0,0,0,1,1,0,1,1,0,0,0,0,1,1,0,1,0,0,0,0,1,1,1,0,0,1,0,1,0,1,0,0,0,0,1,0,0.3333333333333333,13.237430031227783,1
92,1,0,0,1,0,0,1,1,1,0,0,0,0,1,0,1,1,0,0,1,1,1,1,0,0,1,0,1,1,1,0,0,0,0,1,1,0.2777777777777778,21.969843869187294,1
93,1,0,0,1,0,0,1,1,1,0,0,0,1,1,0,1,1,0,0,1,1,1,1,0,1,1,0,1,0,0,0,0,0,0,0,1,0.25,19.89403346955741,1
94,1,0,0,1,1,0,1,1,1,0,0,0,1,1,0,1,1,0,0,0,1,1,1,0,1,1,0,1,0,1,1,0,1,0,1,1,0.3888888888888889,21.652600041788258,1
95,1,0,0,1,0,0,1,1,1,0,0,0,1,1,0,1,1,0,0,0,1,1,1,0,0,1,0,1,1,1,0,0,1,0,1,0,0.3055555555555556,12.322598460411045,1
96,0,1,1,0,0,1,0,0,0,1,1,1,0,0,1,0,0,1,1,1,0,0,0,1,0,0,1,0,0,0,0,1,1,1,0,1,0.3055555555555556,18.593113176141213,1
97,0,1,1,0,0,1,1,0,0,1,1,1,0,0,1,0,0,1,0,1,0,0,0,1,0,0,1,0,0,1,0,1,1,0,0,1,0.19444444444444445,14.430391852925451,1
98,0,1,1,0,0,1,0,0,0,1,1,1,0,0,1,0,0,1,1,1,0,0,0,1,0,1,1,0,1,0,0,1,1,0,0,1,0.3055555555555556,21.248004764036114,1
99,0,1,0,0,0,1,1,0,0,1,1,1,0,0,1,0,0,1,1,1,0,0,0,1,1,1,1,0,0,1,1,1,1,0,0,1,0.3055555555555556,32.493016729147044,1
