,0,1,2,3,4,5,6,7,8,9,10,11,12,13,14,15,16,17,18,19,20,21,22,23,24,25,26,27,28,29,30,31,32,33,34,35,chain_break_fraction,energy,num_occurrences
0,0,0,0,0,0,0,1,0,1,1,0,1,0,1,0,0,1,0,0,1,0,1,1,1,0,0,1,1,0,1,0,0,1,0,0,1,0.25,20.01280273699769,1
1,0,0,0,0,0,0,1,0,1,1,0,1,1,1,0,0,1,0,0,1,0,1,1,1,0,0,1,1,0,1,0,0,1,0,0,1,0.25,15.948628286567942,1
2,0,0,0,0,1,0,1,0,1,1,0,1,1,1,0,0,1,0,0,1,0,1,1,1,0,0,1,1,0,1,0,0,1,0,0,1,0.2777777777777778,13.449119967493676,1
3,0,0,0,0,0,0,1,0,1,1,0,1,1,1,0,0,1,0,0,1,0,1,1,1,0,0,1,1,0,1,0,0,1,0,0,1,0.2777777777777778,15.948628286567942,1
4,0,0,0,0,1,0,1,0,1,1,0,1,1,1,0,0,1,0,0,1,0,1,1,1,0,0,1,1,0,1,0,0,1,0,0,1,0.3055555555555556,13.449119967493676,1
5,0,0,0,0,0,0,1,0,1,1,0,1,1,1,0,0,1,0,0,1,0,0,1,1,0,0,1,1,0,1,0,0,1,0,0,1,0.3055555555555556,8.000996187924043,1
6,0,0,0,0,0,0,1,0,1,1,0,1,0,1,0,0,1,0,0,1,0,1,1,1,0,0,1,1,0,1,0,0,1,0,0,1,0.2777777777777778,20.01280273699769,1
7,0,0,0,0,0,0,1,0,1,1,0,1,0,1,0,0,1,0,0,1,0,1,1,1,0,0,1,1,0,1,0,0,1,0,0,1,0.2777777777777778,20.01280273699769,1
8,0,0,0,0,0,0,1,0,1,1,0,1,1,1,0,0,1,0,0,1,0,1,1,1,0,0,1,1,0,1,0,0,1,0,0,1,0.3055555555555556,15.948628286567942,1
9,0,0,0,1,0,0,1,0,1,1,0,1,1,1,0,0,1,0,0,1,0,1,1,1,0,0,1,1,0,1,0,0,1,0,0,1,0.3333333333333333,12.907035923622473,1
10,0,0,0,0,0,0,1,0,1,1,0,1,1,0,0,0,1,0,0,1,0,1,1,1,0,0,1,1,0,1,0,0,1,0,0,1,0.2777777777777778,24.076977187427424,2
11,0,0,0,0,0,0,1,0,1,1,0,1,0,1,0,0,1,0,0,1,0,0,1,1,0,0,1,1,0,1,0,0,1,0,0,1,0.25,11.065014028640359,1
12,0,0,0,0,0,0,1,0,1,1,0,1,0,1,0,0,1,0,0,1,0,0,1,1,0,0,1,1,0,1,0,0,1,0,0,1,0.25,11.065014028640359,1
13,0,0,0,0,0,0,1,0,1,1,0,1,1,1,0,0,1,0,0,1,0,0,1,1,1,0,1,1,0,1,0,0,1,0,0,1,0.2222222222222222,9.654215384456847,1
14,0,0,0,0,0,0,1,0,1,1,0,1,0,1,0,0,1,0,0,1,0,0,1,1,0,0,1,1,0,1,0,0,1,0,0,1,0.3055555555555556,11.065014028640359,1
15,0,0,0,0,0,0,1,0,1,1,0,1,0,1,0,0,1,0,0,1,0,1,1,1,1,0,1,1,0,1,0,0,1,0,0,1,0.2777777777777778,23.205878452271506,1
16,0,0,0,0,0,0,1,0,1,1,0,1,1,0,0,0,1,0,0,1,0,1,1,1,0,0,1,1,0,1,0,0,1,0,0,1,0.2777777777777778,24.076977187427424,1
17,0,0,0,0,0,0,1,0,1,1,0,1,1,1,0,0,1,0,0,1,0,1,1,1,0,0,1,1,0,1,0,0,1,0,0,1,0.2777777777777778,15.948628286567942,1
18,0,0,0,0,0,0,1,0,1,1,0,1,0,1,0,0,1,0,0,1,0,0,1,1,1,0,1,1,0,1,0,0,1,0,0,1,0.2222222222222222,13.219737071044165,1
19,0,0,0,1,0,0,1,0,1,1,0,1,0,1,0,0,1,0,0,1,0,1,1,1,0,0,1,1,0,1,0,0,1,0,0,1,0.2777777777777778,15.9712039226836,1
20,0,0,0,0,0,0,1,0,1,1,0,1,1,1,0,0,1,0,0,1,0,1,1,1,1,0,1,1,0,1,0,0,1,0,0,1,0.2777777777777778,18.640200155970756,1
21,0,0,0,1,0,0,1,0,1,1,0,1,1,1,0,0,1,0,0,1,0,1,1,1,1,0,1,1,0,1,0,0,1,0,0,1,0.2777777777777778,14.271285880829733,1
22,0,0,0,1,0,0,1,0,1,1,0,1,1,1,0,0,1,0,0,1,0,0,1,1,0,0,1,1,0,1,0,0,1,0,0,1,0.2777777777777778,6.971370954880818,1
23,0,0,0,1,0,0,1,0,1,1,0,1,0,1,0,0,1,0,0,1,0,1,1,1,0,0,1,1,0,1,0,0,1,0,0,1,0.2777777777777778,15.9712039226836,1
24,0,0,0,1,0,0,1,0,1,1,0,1,0,1,0,0,1,0,0,1,0,1,1,1,0,0,1,1,0,1,0,0,1,0,0,1,0.2777777777777778,15.9712039226836,1
25,0,0,0,0,0,0,1,0,1,1,0,1,1,1,0,0,1,0,0,1,0,1,1,1,0,0,1,1,0,1,0,0,1,0,0,1,0.3333333333333333,15.948628286567942,1
26,0,0,0,0,0,0,1,0,1,1,0,1,0,1,0,0,1,0,0,1,0,1,1,1,0,0,1,1,0,1,0,0,1,0,0,1,0.2777777777777778,20.01280273699769,1
27,0,0,0,0,0,0,1,0,1,1,0,1,0,1,0,0,1,0,0,1,0,1,1,1,1,0,1,1,0,1,0,0,1,0,0,1,0.2222222222222222,23.205878452271506,1
28,0,0,0,0,0,0,1,0,1,1,0,1,1,1,0,0,1,0,0,1,0,0,1,1,0,0,1,1,0,1,0,0,1,0,0,1,0.3055555555555556,8.000996187924043,1
29,0,0,0,0,1,0,1,0,1,1,0,1,1,1,0,0,1,0,0,1,0,1,1,1,1,0,1,1,0,1,0,0,1,0,0,1,0.2777777777777778,15.640691834150758,1
30,0,0,0,1,0,0,1,0,1,1,0,1,1,1,0,0,1,0,0,1,0,1,1,1,0,0,1,1,0,1,0,0,1,0,0,1,0.3055555555555556,12.907035923622473,1
31,0,0,0,1,0,0,1,0,1,1,0,1,1,1,0,0,1,0,0,1,0,1,1,1,1,0,1,1,0,1,0,0,1,0,0,1,0.25,14.271285880829733,1
32,0,0,0,0,1,0,1,0,1,1,0,1,1,1,0,0,1,0,0,1,0,0,1,1,0,0,1,1,0,1,0,0,1,0,0,1,0.3055555555555556,6.501487886924183,1
33,0,0,0,0,0,0,1,0,1,1,0,1,1,1,0,0,1,0,0,1,0,0,1,1,1,0,1,1,0,1,0,0,1,0,0,1,0.2777777777777778,9.654215384456847,1
34,0,0,0,1,0,0,1,0,1,1,0,1,0,1,0,0,1,0,0,1,0,1,1,1,1,0,1,1,0,1,0,0,1,0,0,1,0.2777777777777778,17.836957725761856,1
35,0,0,0,0,1,0,1,0,1,1,0,1,1,1,0,0,1,0,0,1,0,1,1,1,0,0,1,1,0,1,0,0,1,0,0,1,0.3333333333333333,13.449119967493676,1
36,0,0,0,0,0,0,1,0,1,1,0,1,1,0,0,0,1,0,0,1,0,0,1,1,0,0,1,1,0,1,0,0,1,0,0,1,0.3055555555555556,14.12903186935667,1
37,0,0,0,1,0,0,1,0,1,1,0,1,0,1,0,0,1,0,0,1,0,1,1,1,1,0,1,1,0,1,0,0,1,0,0,1,0.3055555555555556,17.836957725761856,1
38,0,0,0,1,1,0,1,0,1,1,0,1,1,1,0,0,1,0,0,1,0,1,1,1,0,0,1,1,0,1,0,0,1,0,0,1,0.3055555555555556,11.40753394152457,1
39,0,0,0,0,0,0,1,0,1,1,0,1,1,1,0,0,1,0,0,0,0,1,1,1,0,0,1,1,0,1,0,0,1,0,0,1,0.2777777777777778,9.38514359758959,1
40,0,0,0,1,0,0,1,0,1,1,0,1,1,1,0,0,1,0,0,1,0,1,1,1,0,0,1,1,0,1,0,0,1,0,0,1,0.3055555555555556,12.907035923622473,1
41,0,0,0,1,0,0,1,0,1,1,0,1,0,1,0,0,1,0,0,1,0,1,1,1,0,0,1,1,0,1,0,0,1,0,0,1,0.2777777777777778,15.9712039226836,1
42,0,0,0,1,0,0,1,0,1,1,0,1,1,1,0,0,1,0,0,1,0,1,1,1,0,0,1,1,0,1,0,0,1,0,0,1,0.25,12.907035923622473,1
43,0,0,0,0,1,0,1,0,1,1,0,1,0,1,0,0,1,0,0,1,0,0,1,1,1,0,1,1,0,1,0,0,1,0,0,1,0.3055555555555556,10.720228767298575,1
44,0,0,0,0,0,0,1,0,1,1,0,1,1,1,0,0,1,0,0,1,0,0,1,1,1,0,1,1,0,1,0,0,1,0,0,1,0.3055555555555556,9.654215384456847,1
45,0,0,0,0,0,0,1,0,1,1,0,1,1,1,0,0,1,0,0,1,0,1,1,1,1,0,1,1,0,0,0,0,1,0,0,1,0.25,10.403959157442083,1
46,0,0,0,1,1,0,1,0,1,1,0,1,1,1,0,0,1,0,0,1,0,1,1,1,1,0,1,1,0,1,0,0,1,0,0,1,0.3055555555555556,12.271783895986104,1
47,0,0,0,0,0,0,1,0,1,1,0,1,1,0,0,0,1,0,0,1,0,0,1,1,1,0,1,1,0,1,0,0,1,0,0,1,0.25,16.785258757631475,1
48,0,0,0,1,0,0,1,0,1,1,0,1,1,1,0,0,1,0,0,0,0,1,1,1,0,0,1,1,0,1,0,0,1,0,0,1,0.3055555555555556,8.36727674306239,1
49,0,0,0,1,0,0,1,0,1,1,0,1,1,1,0,0,1,0,0,1,0,1,1,1,0,0,1,1,0,1,0,0,1,0,0,1,0.3611111111111111,12.907035923622473,1
50,0,0,0,1,0,0,1,0,1,1,0,1,0,0,0,0,1,0,0,1,0,0,1,1,0,0,1,1,0,1,0,0,1,0,0,1,0.3333333333333333,15.163405122923905,1
51,0,0,0,0,1,0,1,0,1,1,0,1,1,1,0,0,1,0,0,1,0,1,1,1,1,0,1,1,0,1,0,0,1,0,0,1,0.4166666666666667,15.640691834150758,1
52,0,0,0,1,0,0,1,0,1,1,0,1,0,1,0,0,1,0,0,1,0,0,1,1,0,0,1,1,0,1,0,0,1,0,0,1,0.3333333333333333,9.035382344228509,1
53,0,0,0,0,1,0,1,0,1,1,0,1,0,1,0,0,1,0,0,1,0,1,1,1,0,0,1,1,0,1,0,0,1,0,0,1,0.3055555555555556,17.01329441792342,1
54,0,0,0,0,0,0,1,0,1,1,0,0,0,1,0,0,1,0,0,1,0,1,1,1,1,0,1,1,0,1,0,0,1,0,0,1,0.3055555555555556,30.207169187789702,1
55,0,0,0,0,1,0,1,0,1,1,0,1,1,1,0,0,1,0,0,1,0,1,1,1,1,0,1,1,0,0,0,0,1,0,0,1,0.2222222222222222,8.404450835839425,1
56,0,0,0,1,0,0,1,0,1,1,0,1,1,1,0,0,1,0,0,1,0,1,1,1,0,0,1,1,0,1,0,0,1,0,0,1,0.3611111111111111,12.907035923622473,1
57,0,0,0,1,1,0,1,0,1,1,0,1,1,1,0,0,1,0,0,1,0,1,1,1,0,0,1,1,0,1,0,0,1,0,0,1,0.3333333333333333,11.40753394152457,1
58,0,0,0,1,0,0,1,0,1,1,0,1,0,1,0,0,1,0,0,1,0,0,1,1,1,0,1,1,0,1,0,0,1,1,0,1,0.2777777777777778,19.02538705862579,1
59,0,0,0,1,0,0,1,0,1,1,0,1,1,0,0,0,1,0,0,1,0,1,1,1,0,0,1,1,0,1,0,1,1,0,0,1,0.3055555555555556,31.0699759868753,1
60,1,1,1,0,1,1,0,1,0,0,1,0,1,0,1,1,0,1,1,1,1,1,0,0,1,1,0,1,1,1,1,1,0,0,1,0,0.3055555555555556,20.14768928550189,1
61,1,1,1,0,1,1,0,1,0,0,1,0,1,0,1,1,0,1,1,1,1,1,0,0,1,1,0,1,1,1,1,1,0,1,1,0,0.3055555555555556,27.46806369605735,1
62,1,1,1,0,1,1,0,1,0,0,1,0,1,0,1,1,0,1,1,0,1,1,0,0,1,1,0,1,1,1,1,0,0,1,1,0,0.3055555555555556,16.932559926185505,1
63,0,0,0,0,0,0,1,0,1,1,0,1,1,1,0,0,1,0,0,0,0,1,1,1,0,0,1,1,0,1,0,0,1,0,0,1,0.2777777777777778,9.38514359758959,1
64,0,0,0,1,0,0,1,0,1,1,0,1,1,1,0,0,1,0,0,1,0,1,1,1,1,0,1,1,0,1,0,0,1,0,0,1,0.25,14.271285880829733,1
65,1,1,1,0,1,1,0,1,0,0,1,0,1,0,1,1,0,1,1,1,1,1,0,0,1,1,0,1,1,1,1,1,0,1,1,0,0.3333333333333333,27.46806369605735,1
66,0,0,0,0,0,0,1,0,1,1,0,1,1,1,0,0,1,0,0,1,0,1,1,1,1,0,1,1,0,1,1,0,1,0,0,1,0.3055555555555556,23.815006691027687,1
67,0,0,0,1,0,0,1,0,1,1,0,1,1,1,0,0,1,0,0,1,0,0,1,1,0,0,1,1,0,1,0,0,1,0,0,1,0.3333333333333333,6.971370954880818,1
68,1,1,1,0,1,1,0,1,0,0,1,0,1,0,1,1,0,1,1,1,1,1,0,0,1,1,0,1,1,1,1,0,0,1,1,0,0.25,19.13012686681989,1
69,0,0,0,0,0,0,1,0,1,1,0,1,1,1,0,0,1,0,0,1,0,1,1,1,0,0,1,1,0,1,0,0,1,0,0,1,0.3333333333333333,15.948628286567942,1
70,0,0,1,0,0,0,1,0,1,1,0,1,1,1,0,0,1,0,0,1,0,1,1,1,0,0,1,1,0,1,0,0,1,0,0,1,0.25,13.427832105095199,1
71,0,0,0,1,0,0,1,0,1,1,0,1,1,1,0,0,1,0,0,1,0,1,1,1,0,0,1,1,0,0,0,0,1,0,0,1,0.2777777777777778,7.695247168683483,1
72,0,0,0,0,0,0,1,0,1,1,0,1,1,1,0,0,1,0,0,1,0,1,1,1,1,0,1,1,0,1,0,0,1,0,0,1,0.3333333333333333,18.640200155970756,1
73,0,0,0,0,0,0,1,0,1,1,0,0,0,1,0,0,1,0,0,1,0,1,1,1,0,0,1,1,0,1,0,0,1,0,0,1,0.3333333333333333,26.014093465988758,1
74,0,0,0,1,1,0,1,0,1,1,0,1,1,1,0,0,1,0,0,1,0,0,1,1,0,0,1,1,0,1,0,0,1,0,0,1,0.3888888888888889,6.471868990857329,1
75,1,1,1,0,1,1,0,1,0,0,1,0,1,0,1,1,0,1,1,0,1,1,0,0,1,1,0,1,1,1,1,1,0,1,1,0,0.2777777777777778,23.270461313490483,1
76,1,1,1,0,1,1,0,1,0,0,1,0,1,1,1,1,0,0,1,0,1,1,0,0,1,1,0,1,1,1,1,1,0,0,1,0,0.3055555555555556,17.052350508735078,1
77,1,1,1,0,1,1,0,1,0,0,1,0,1,0,1,1,0,0,1,1,1,1,0,0,1,1,0,1,1,1,1,1,0,0,1,0,0.2777777777777778,22.16686730486962,1
78,1,1,1,0,1,1,0,1,0,0,1,0,1,0,1,1,0,1,1,0,1,1,0,0,1,1,0,1,1,1,1,0,0,1,1,1,0.2777777777777778,22.532640356019076,1
79,1,1,1,0,1,1,0,1,0,0,1,0,0,0,1,1,0,1,1,0,1,1,0,0,1,1,0,1,1,1,1,0,0,1,1,0,0.3611111111111111,18.714123438044325,1
80,0,0,0,1,0,0,1,0,1,1,0,1,1,1,0,0,1,0,0,1,0,0,1,1,1,0,1,1,0,0,0,0,1,0,0,1,0.19444444444444445,4.629049977525014,1
81,1,1,1,0,1,1,0,1,0,0,1,0,1,0,1,1,0,1,1,0,1,1,0,0,1,1,0,1,1,1,1,1,0,1,1,0,0.3611111111111111,23.270461313490483,1
82,1,1,1,0,1,1,0,1,0,0,1,0,1,0,1,1,0,1,1,0,1,1,0,0,1,1,0,1,1,1,0,1,0,0,1,0,0.3055555555555556,16.526886910512,1
83,1,1,1,0,0,1,0,1,0,0,1,0,1,0,1,1,0,1,1,0,1,1,0,0,1,1,0,1,1,1,1,1,0,0,0,0,0.3333333333333333,16.242407396752622,1
84,1,1,1,0,1,1,0,1,0,0,1,0,1,0,1,1,0,1,1,0,1,1,0,0,0,1,0,1,1,1,1,0,0,1,1,1,0.3333333333333333,20.823530231390237,1
85,1,1,1,0,0,1,0,1,0,0,1,0,1,0,1,1,0,1,1,0,1,1,0,0,0,1,0,1,1,1,1,1,0,0,1,0,0.3611111111111111,16.337343960539325,1
86,1,1,1,0,1,1,0,1,0,0,1,0,1,0,1,1,0,1,1,1,1,1,0,0,1,1,0,1,1,1,1,1,0,0,1,0,0.3611111111111111,20.14768928550189,1
87,1,1,1,1,0,1,0,1,0,0,1,0,1,0,1,1,0,1,1,0,1,1,0,0,0,1,0,1,1,1,1,1,0,1,1,0,0.3888888888888889,22.506779356174693,1
88,1,1,1,0,1,1,0,1,0,0,1,0,1,1,1,1,0,1,1,1,1,1,0,0,1,1,0,1,1,1,1,1,0,0,1,0,0.3333333333333333,19.23067801198837,1
89,1,1,1,1,1,1,0,1,0,0,1,0,1,0,1,1,0,1,1,1,1,1,0,0,1,1,0,1,1,1,1,1,0,1,0,0,0.3333333333333333,24.11806805610882,1
90,1,1,1,0,1,1,0,1,0,0,1,0,1,0,1,1,0,1,1,0,1,1,0,0,1,1,0,1,1,0,1,1,0,1,1,0,0.3055555555555556,17.97126822453153,1
91,1,1,1,0,1,1,0,1,0,0,1,0,1,0,1,1,0,1,1,0,1,1,0,0,1,1,0,1,1,1,1,1,0,1,1,0,0.3611111111111111,23.270461313490483,1
92,1,1,1,0,1,1,0,1,0,0,1,0,1,0,1,1,0,1,1,1,1,1,0,0,1,1,0,1,1,1,0,1,0,0,1,0,0.4166666666666667,17.724350814065513,1
93,1,1,1,0,1,1,0,1,0,0,1,0,1,0,1,1,0,1,1,0,1,1,0,0,1,1,0,1,1,1,1,1,0,1,1,0,0.3888888888888889,23.270461313490483,1
94,1,1,1,0,1,1,0,1,0,0,1,0,1,0,1,1,0,1,1,1,1,1,0,0,1,1,0,1,1,1,1,0,0,1,1,0,0.3333333333333333,19.13012686681989,1
95,1,1,1,0,1,1,0,1,0,0,1,0,1,0,1,1,0,1,1,1,1,1,0,0,0,1,0,1,1,1,0,1,0,1,1,0,0.3888888888888889,21.167464474344786,1
96,1,1,1,0,0,1,0,1,0,0,1,0,1,0,1,1,0,1,1,0,1,1,0,0,1,1,0,1,1,1,1,0,0,1,1,0,0.3888888888888889,16.42243766079018,1
97,1,1,1,0,1,1,0,1,0,0,1,0,1,0,1,1,0,1,1,0,1,1,0,0,1,1,0,1,1,0,1,1,0,0,1,0,0.3333333333333333,14.660174578917003,1
98,1,1,1,0,1,1,0,1,0,0,1,0,1,0,1,1,0,1,1,1,1,1,0,0,0,1,0,1,1,1,1,1,0,1,1,1,0.3333333333333333,33.461818594447294,1
