,0,1,2,3,4,5,6,7,8,9,10,11,12,13,14,15,16,17,18,19,20,21,22,23,24,25,26,27,28,29,30,31,32,33,34,35,chain_break_fraction,energy,num_occurrences
0,0,0,0,1,0,1,0,1,1,0,0,0,0,1,1,1,1,0,1,0,1,0,1,1,0,0,0,1,0,1,0,0,1,1,0,0,0.3333333333333333,12.62524650295234,1
1,1,0,0,1,0,0,0,1,1,0,0,0,0,1,1,1,1,0,1,0,1,0,1,1,1,0,0,0,0,1,0,0,1,1,0,0,0.25,11.206141338822569,1
2,0,0,0,1,0,0,0,1,1,0,0,0,0,1,1,1,1,0,1,0,1,0,1,1,1,0,0,0,0,1,0,0,1,1,0,0,0.25,11.919207688148663,1
3,0,0,0,1,0,1,0,1,1,0,0,0,0,1,1,1,1,0,1,0,1,0,1,1,1,0,0,0,0,1,0,0,1,1,0,0,0.25,14.017539445087477,1
4,0,0,0,1,0,0,0,1,1,0,0,0,0,1,1,0,1,0,1,0,0,0,1,1,0,0,0,1,0,1,0,0,0,1,0,0,0.3055555555555556,7.125609134853983,1
5,0,0,0,1,0,0,0,1,1,0,0,0,0,1,1,1,1,0,1,0,1,0,1,1,1,0,0,1,0,1,0,0,1,1,0,0,0.3611111111111111,13.80384895845982,1
6,1,0,0,1,0,0,0,1,1,0,0,0,0,1,1,1,1,0,0,0,1,0,1,1,0,0,0,1,0,1,0,0,1,1,0,0,0.2777777777777778,11.125650635981568,1
7,1,0,0,1,0,0,0,1,1,0,0,0,0,0,1,1,1,0,1,0,0,0,1,1,1,0,0,0,0,1,0,0,1,1,0,0,0.16666666666666666,8.661291576701746,1
8,1,0,0,1,0,1,0,1,1,0,0,0,0,1,1,0,1,0,1,0,1,0,1,1,1,0,0,0,0,1,0,0,0,1,0,0,0.25,9.546479124042513,1
9,1,0,0,1,0,0,0,1,1,0,0,0,0,1,1,1,1,0,1,0,1,0,1,1,1,0,0,0,0,1,0,0,0,1,0,0,0.2777777777777778,10.552970629646525,1
10,0,0,0,1,0,0,0,1,1,0,0,0,0,1,1,1,1,0,1,0,1,0,1,1,1,0,0,1,0,1,0,0,1,1,0,0,0.3611111111111111,13.80384895845982,1
11,1,0,0,1,0,1,0,1,1,0,0,0,0,1,1,0,1,0,1,0,1,0,1,1,0,0,0,0,0,1,0,0,0,1,0,0,0.2777777777777778,9.325979571393113,1
12,0,0,0,1,0,1,0,0,1,0,0,0,0,1,1,1,1,0,1,0,0,0,1,0,0,0,0,1,0,1,0,0,1,1,0,0,0.25,9.22844231340185,1
13,0,0,0,1,0,0,0,1,1,0,0,0,0,1,1,1,1,0,1,0,1,0,1,1,0,0,0,1,0,1,0,0,0,1,0,0,0.2777777777777778,9.726709566604638,1
14,0,0,0,1,0,0,0,1,1,0,0,0,0,0,1,1,1,0,1,0,0,0,1,1,1,0,0,0,0,1,0,0,0,1,0,0,0.25,8.234925857865376,1
15,0,0,0,1,0,0,0,1,1,0,0,0,0,1,0,1,1,0,1,0,1,0,1,1,0,0,0,1,0,1,0,0,1,1,0,0,0.3055555555555556,11.51666226008894,1
16,0,0,0,1,0,0,0,1,1,0,0,0,0,1,1,1,1,0,1,0,1,0,1,1,0,0,0,1,0,1,0,0,1,1,0,0,0.3055555555555556,11.52691497380889,1
17,1,0,0,1,0,0,0,1,1,0,0,0,0,1,1,1,1,0,1,0,1,0,1,1,0,0,0,0,0,1,0,0,1,1,1,0,0.25,11.148117416881043,1
18,1,0,0,1,0,0,0,1,1,0,0,0,0,1,1,1,0,0,1,0,1,0,1,1,1,0,0,1,0,0,0,0,1,1,0,0,0.2777777777777778,9.532944381319183,1
19,1,0,0,1,0,1,0,1,1,0,0,0,0,1,1,0,1,0,1,0,0,0,1,0,0,0,0,1,0,1,0,0,1,1,0,0,0.3333333333333333,8.439149314610184,1
20,0,0,0,1,0,1,0,1,1,0,0,0,0,1,1,0,1,0,1,0,1,1,1,1,0,0,0,0,0,1,0,0,1,1,0,0,0.3333333333333333,14.221271822496462,1
21,1,0,0,1,0,1,0,0,1,0,0,0,0,1,1,0,1,0,1,0,1,0,1,1,0,0,0,0,0,1,0,0,0,1,0,0,0.25,6.3249202137867115,1
22,0,0,0,1,0,1,0,1,1,0,0,0,0,1,1,1,1,0,1,0,0,0,1,1,1,0,0,0,0,1,0,0,1,1,0,0,0.2777777777777778,13.936514482615719,1
23,1,0,0,1,0,1,0,1,1,0,0,0,0,0,1,1,1,0,1,0,0,0,1,1,1,0,0,0,0,1,0,0,1,1,0,0,0.2777777777777778,10.759623333668527,1
24,0,0,0,1,0,0,0,1,1,0,0,0,0,1,1,1,0,0,1,0,1,0,1,1,0,0,0,1,0,1,0,0,1,1,0,0,0.3333333333333333,12.890596457157118,1
25,0,0,0,1,0,0,0,1,1,0,0,0,0,1,1,1,1,0,1,0,1,0,1,1,1,0,0,1,0,1,0,0,0,1,0,0,0.3055555555555556,11.47141404703351,1
26,1,0,0,1,0,1,0,1,1,0,0,1,0,1,1,0,1,0,1,0,1,0,1,1,1,0,0,0,0,1,0,0,0,1,0,0,0.2777777777777778,13.66527166822979,1
27,0,0,0,1,0,1,0,0,1,0,0,0,0,0,1,0,1,0,1,0,0,0,1,1,0,0,0,0,0,1,0,0,0,0,0,0,0.2222222222222222,3.1135601601770038,1
28,1,0,0,1,0,1,0,1,1,0,0,1,0,1,1,1,1,0,1,0,1,0,1,1,1,0,0,1,0,1,0,0,0,1,0,0,0.3611111111111111,16.6545781969254,1
29,0,0,0,1,0,0,0,1,1,0,0,0,0,1,1,0,1,0,1,0,0,0,1,1,0,0,0,0,0,1,0,0,1,1,0,0,0.2777777777777778,7.344168696899182,1
30,0,0,0,1,0,1,0,1,0,0,0,0,0,1,1,0,1,0,1,0,1,0,1,1,0,0,0,0,0,0,0,0,1,1,0,0,0.25,8.03029962925347,1
31,0,1,1,0,1,0,1,0,0,1,1,0,1,0,0,0,0,1,0,1,0,0,0,0,0,1,1,1,1,0,1,1,0,0,1,0,0.2222222222222222,10.988289852163513,1
32,1,0,0,1,0,1,0,1,1,0,0,0,0,1,1,0,1,0,1,0,0,0,1,1,0,0,0,0,0,1,0,0,0,1,0,0,0.3333333333333333,10.261280637347582,1
33,1,0,0,1,0,1,0,1,1,0,0,0,0,1,1,1,1,0,1,0,1,0,1,1,1,0,0,0,0,1,0,0,1,1,0,0,0.3055555555555556,14.304473095761375,1
34,0,0,0,1,0,0,0,1,1,0,0,0,0,1,1,1,1,0,0,0,1,0,1,1,1,0,0,1,0,1,0,0,1,1,0,0,0.3888888888888889,13.536599363143479,1
35,1,0,0,1,0,1,0,1,1,0,0,0,0,0,1,1,1,0,1,0,0,0,1,0,0,0,0,1,0,1,0,0,0,1,1,0,0.2777777777777778,8.921733936520386,1
36,0,0,0,1,0,0,0,1,1,0,0,0,0,1,0,1,1,0,1,0,0,1,1,1,1,0,0,0,0,1,0,0,0,1,0,0,0.2222222222222222,12.442721980932712,1
37,1,0,0,1,0,0,0,1,1,0,0,0,0,1,1,1,1,0,1,0,1,0,1,1,0,0,0,1,0,1,0,0,0,1,0,0,0.4166666666666667,9.19321628053626,1
38,1,0,0,1,0,0,0,1,1,0,0,0,0,1,0,1,1,0,1,0,0,0,1,1,1,0,0,0,0,1,0,0,1,1,0,0,0.25,9.116054083709829,1
39,1,0,0,1,0,1,0,1,1,0,0,0,0,1,1,0,1,0,1,0,0,0,1,1,1,0,0,1,0,1,0,0,0,1,0,0,0.3888888888888889,8.582637834779831,1
40,1,0,0,1,0,0,0,1,1,0,0,0,0,1,0,1,1,0,1,0,1,0,1,1,1,0,0,0,0,1,0,0,0,1,0,0,0.3611111111111111,9.032486805337662,1
41,0,0,0,1,0,0,0,1,1,0,0,0,0,1,1,0,1,0,1,0,0,0,1,1,1,0,0,0,0,1,0,0,1,1,0,0,0.3333333333333333,8.797207879415424,1
42,1,0,0,1,0,1,0,1,1,0,0,1,0,1,1,1,1,0,1,0,0,0,1,0,1,0,0,1,0,1,0,0,1,1,0,0,0.3888888888888889,18.73696389374439,1
43,1,0,0,1,0,0,0,1,1,0,0,0,0,1,1,1,1,0,1,0,0,0,1,1,1,0,0,0,0,1,0,0,0,1,0,0,0.3333333333333333,10.688122387646155,1
44,1,0,0,1,0,1,0,1,1,0,0,0,0,1,0,0,1,0,1,0,1,0,1,1,1,0,0,1,0,1,0,0,1,1,0,0,0.3333333333333333,12.063380267324412,1
45,1,0,0,1,0,1,0,1,1,0,0,0,0,1,1,1,1,0,1,0,0,1,1,1,1,0,0,1,0,1,0,0,0,1,0,0,0.4444444444444444,14.405104828291051,1
46,0,0,0,1,0,1,0,1,1,0,0,0,0,0,1,1,1,0,1,0,1,0,1,1,0,0,1,0,0,1,0,0,1,1,0,0,0.2777777777777778,10.331474114559128,1
47,1,0,0,1,0,0,0,1,1,0,0,0,0,1,0,1,1,0,1,0,1,0,1,1,1,0,0,1,0,1,0,0,0,1,0,0,0.3888888888888889,9.927471230166532,1
48,0,0,0,1,0,0,0,1,1,0,0,0,0,1,1,1,1,0,1,0,1,0,1,1,0,0,1,0,0,1,0,0,0,1,0,0,0.2222222222222222,8.79660590816284,1
49,0,0,0,1,0,0,0,1,1,0,0,0,0,1,1,1,1,0,1,0,1,1,1,1,0,0,0,0,0,1,0,0,1,1,0,0,0.3055555555555556,15.228288504382075,1
50,1,0,0,1,0,0,0,1,1,0,0,1,0,1,0,1,1,0,1,0,0,0,1,1,1,0,0,1,0,1,0,0,1,1,0,0,0.3611111111111111,11.124980527184402,1
51,1,0,0,1,0,0,0,1,1,0,0,0,0,1,1,0,1,0,1,0,0,0,1,1,0,0,0,0,0,1,0,0,0,1,0,0,0.3611111111111111,6.2268044753856024,1
52,0,0,0,1,0,0,0,1,1,0,0,0,0,1,1,1,0,0,1,0,1,0,1,1,0,0,0,0,0,1,0,0,0,1,0,0,0.25,9.696380765390057,1
53,1,0,0,1,0,0,0,1,1,0,0,0,0,1,1,1,1,0,0,0,0,0,1,1,0,0,0,1,0,1,0,0,1,1,0,1,0.3055555555555556,13.623323952386261,1
54,0,0,0,1,0,0,0,1,1,0,0,0,1,1,1,1,1,0,1,0,1,0,1,0,0,0,0,0,0,1,0,0,1,1,0,0,0.3333333333333333,12.766106734653322,1
55,0,0,0,1,0,0,0,1,1,0,0,0,0,1,1,0,1,0,1,0,1,1,1,1,0,0,0,1,0,1,0,0,0,1,0,0,0.2777777777777778,15.86739412928456,1
56,0,0,0,1,0,0,0,1,1,0,0,0,1,1,1,1,1,0,1,0,1,0,1,1,1,0,0,0,0,1,0,0,0,1,0,0,0.25,12.074101194036986,1
57,1,0,0,1,0,1,0,1,1,0,0,0,0,1,1,0,1,0,1,0,0,0,1,1,1,0,0,0,0,1,0,0,1,1,0,0,0.3055555555555556,9.630042803634593,1
58,1,0,0,1,0,0,0,1,1,0,0,0,0,0,1,0,1,0,1,0,0,0,1,0,1,0,0,1,0,1,0,0,1,1,0,0,0.3333333333333333,5.742040581477797,1
59,0,1,1,0,1,0,1,0,0,1,1,1,1,1,0,0,0,1,0,0,0,0,0,0,0,1,1,1,1,0,1,1,0,0,1,0,0.25,16.824419806343816,1
60,0,0,0,1,0,0,0,0,1,0,0,0,0,1,0,1,1,0,0,0,0,0,1,1,0,0,0,1,0,0,1,0,1,1,0,0,0.2222222222222222,6.157573260839506,1
61,0,1,1,0,1,0,1,1,0,1,1,1,1,1,0,0,0,1,0,1,0,0,0,0,0,1,1,1,1,0,1,1,0,0,1,0,0.2777777777777778,22.89033192677291,1
62,0,1,1,0,1,0,1,1,0,1,1,0,1,1,0,0,0,1,0,1,0,0,0,0,0,1,1,1,1,0,1,1,0,0,1,0,0.2777777777777778,16.646768528421862,1
63,1,0,0,1,0,1,0,1,1,0,0,0,0,1,1,1,1,0,1,0,1,1,1,1,0,0,1,0,0,1,0,0,0,1,0,0,0.3055555555555556,13.995299520337387,1
64,1,0,0,1,0,1,0,1,1,0,0,0,0,1,0,1,1,0,1,0,1,0,1,0,0,0,0,1,0,1,0,0,1,1,0,1,0.3888888888888889,10.870464548072938,1
65,1,0,0,1,0,1,0,1,1,0,0,0,1,1,0,1,1,0,1,0,0,0,1,1,0,0,0,1,0,1,0,0,1,1,0,0,0.2777777777777778,12.473384119424685,1
66,0,0,0,1,0,0,0,1,1,0,0,1,0,1,1,1,1,0,1,0,0,0,1,1,1,0,0,1,0,1,0,0,0,1,0,0,0.3055555555555556,12.159467613980404,1
67,0,0,0,1,0,0,1,1,1,0,0,0,0,0,1,0,1,0,0,0,1,0,1,1,1,0,0,1,0,1,0,0,0,1,0,0,0.25,11.81629702397376,1
68,0,0,0,1,0,0,0,1,1,0,0,0,0,1,1,1,1,0,1,0,1,1,1,1,1,0,0,1,0,1,0,0,0,1,1,0,0.3888888888888889,22.21773651972882,1
69,0,1,0,0,1,0,1,0,0,1,1,0,1,1,0,0,0,1,0,1,0,0,0,0,0,1,1,1,1,0,1,1,0,0,1,1,0.3055555555555556,20.974637645261737,1
70,0,0,0,1,0,0,0,1,1,0,0,0,0,1,1,1,1,0,0,0,1,0,1,1,0,0,0,1,0,0,0,0,1,1,0,0,0.3055555555555556,10.051140570078516,1
71,1,0,0,1,0,1,0,1,1,0,0,0,0,0,0,0,1,0,0,0,1,0,1,1,0,0,0,0,0,1,0,0,1,1,0,0,0.2777777777777778,8.089791195114087,1
72,1,1,1,0,1,0,1,1,0,1,1,1,0,0,0,0,0,1,0,1,0,0,0,0,0,1,1,1,1,0,1,1,1,0,1,0,0.25,16.94798042031572,1
73,0,1,1,0,1,0,1,1,0,1,1,1,1,1,0,0,0,1,0,1,0,0,0,0,0,1,1,1,1,1,1,1,0,0,1,1,0.2777777777777778,23.022406681192038,1
74,0,1,1,0,1,0,1,0,0,1,1,0,1,1,0,1,0,1,0,1,0,0,0,0,0,1,1,0,1,0,1,1,0,0,1,0,0.3055555555555556,17.249706861381128,1
75,1,0,0,1,0,1,0,1,1,0,0,0,0,1,1,0,1,0,0,0,0,0,1,1,1,0,0,1,0,1,0,0,1,1,0,0,0.3888888888888889,10.154099051558699,1
76,1,0,0,1,0,0,0,1,1,0,0,0,0,1,1,1,1,0,1,0,0,0,1,1,1,0,0,1,0,1,0,0,0,1,0,1,0.4166666666666667,14.545910491183076,1
77,1,0,1,0,1,0,0,1,0,1,1,0,0,0,0,0,0,0,0,0,0,0,0,0,1,0,1,1,1,0,0,1,0,0,1,0,0.027777777777777776,3.0670144744431616,1
78,1,1,1,0,1,0,1,0,1,1,1,0,1,0,0,0,0,1,0,1,0,0,0,0,0,1,1,1,1,0,1,1,1,0,1,0,0.2222222222222222,11.869969262020248,1
79,0,0,0,1,0,0,1,1,1,0,0,0,0,1,1,1,1,0,1,0,0,0,1,1,1,0,0,1,0,1,0,0,1,1,0,0,0.3611111111111111,12.218881347983785,1
80,0,0,0,1,0,1,0,0,1,0,0,0,0,1,1,1,1,0,1,0,0,1,1,1,0,0,0,1,0,1,0,0,0,1,0,0,0.2777777777777778,12.404572297898568,1
81,1,1,1,0,1,0,0,0,0,1,1,0,1,0,0,1,0,1,0,1,0,0,0,0,0,1,1,1,1,0,1,1,0,0,0,1,0.25,15.378512198101898,1
82,0,0,0,1,0,1,0,1,1,0,0,0,0,1,1,1,0,0,0,0,0,0,1,1,0,0,0,0,0,1,0,0,0,1,0,0,0.2777777777777778,16.569830941428354,1
83,0,0,0,1,0,1,0,1,1,0,0,1,0,1,0,1,1,0,1,0,0,0,1,1,0,0,0,1,0,1,0,0,1,1,0,0,0.3333333333333333,13.86598377832562,1
84,0,0,0,1,0,0,0,1,0,0,0,1,0,1,1,1,1,0,1,0,0,1,1,1,1,0,0,0,0,1,0,0,1,1,0,0,0.3333333333333333,16.30420663689113,1
85,1,1,0,0,1,0,1,0,0,1,1,0,0,1,0,0,0,1,0,1,0,0,0,0,0,1,1,1,1,0,1,1,0,0,1,0,0.25,14.912614029060252,1
86,0,0,0,1,0,1,0,0,1,0,0,0,0,0,1,1,0,0,1,0,0,0,1,0,1,0,0,0,0,1,0,0,0,0,0,0,0.25,5.950890518331191,1
87,0,0,1,0,1,0,0,0,0,1,1,1,0,0,1,0,0,1,1,0,0,0,0,1,0,0,1,0,1,0,1,0,0,0,0,0,0.08333333333333333,7.184121700571773,1
88,0,0,1,1,0,0,0,1,1,0,0,0,0,1,1,1,1,0,1,0,0,1,1,1,1,0,0,1,0,1,0,0,1,1,0,0,0.3611111111111111,16.916452841407473,1
89,1,1,1,0,1,0,1,1,0,1,1,1,1,0,0,0,0,1,0,0,0,0,0,0,0,0,1,1,1,0,1,1,0,0,1,1,0.25,21.543545018078987,1
90,1,0,0,1,0,0,0,1,1,0,0,0,0,1,1,1,1,0,1,0,1,0,1,0,0,0,0,1,0,1,0,0,0,1,0,1,0.3333333333333333,9.193216280536259,1
91,1,0,0,1,0,0,0,1,1,0,0,0,0,0,1,1,1,0,1,0,0,0,1,0,1,0,0,0,0,1,0,0,1,1,0,0,0.2222222222222222,6.716463031027192,1
92,0,0,0,1,0,0,0,1,0,0,0,0,1,0,0,1,1,0,1,0,0,0,1,0,0,0,0,0,0,1,0,0,1,1,1,1,0.08333333333333333,10.048300371975945,1
93,0,1,1,0,1,0,0,1,0,1,1,0,0,0,0,0,0,1,1,0,0,0,0,0,0,1,1,1,1,0,1,1,0,0,1,0,0.2222222222222222,9.62937813676901,1
94,1,1,1,0,1,0,1,1,0,1,0,0,1,1,0,0,0,1,0,1,0,0,0,0,0,1,0,1,1,0,1,1,0,0,1,1,0.3333333333333333,21.077667642747205,1
95,0,0,1,0,1,0,1,0,0,1,1,1,1,0,0,0,0,1,0,1,0,0,0,0,0,0,0,1,1,0,0,1,0,0,1,0,0.19444444444444445,8.66713151627082,1
96,1,0,1,0,0,0,1,0,0,1,1,0,0,1,0,0,1,0,0,0,0,0,0,0,0,1,1,1,0,0,1,1,0,0,0,0,0.05555555555555555,4.886030259885305,1
97,0,0,1,0,1,0,1,0,0,1,1,0,0,0,0,0,0,1,0,0,1,0,0,0,0,1,1,1,1,0,1,1,0,0,1,0,0.3055555555555556,8.429556040031434,1
98,0,1,1,0,1,0,0,0,0,1,1,0,0,0,0,1,0,1,0,0,0,0,0,0,0,0,1,0,1,0,1,1,1,0,1,0,0.16666666666666666,7.312892231150006,1
99,0,0,1,0,1,0,1,1,0,1,0,0,0,1,0,0,0,1,0,0,0,0,0,0,0,1,1,1,1,0,1,1,0,0,0,0,0.3055555555555556,8.39371271005346,1
