,0,1,2,3,4,5,6,7,8,9,10,11,12,13,14,15,16,17,18,19,20,21,22,23,24,25,26,27,28,29,30,31,32,33,34,35,chain_break_fraction,energy,num_occurrences
0,0,1,1,0,0,0,0,0,0,1,0,1,1,0,1,0,1,1,1,0,1,1,0,0,0,1,0,1,0,1,0,0,0,1,0,0,0.2222222222222222,10.087558581957872,1
1,0,1,1,0,0,0,0,0,0,1,0,1,1,0,1,0,1,1,1,0,1,1,0,0,0,1,0,1,0,1,0,0,0,0,0,0,0.19444444444444445,8.81859001210551,1
2,0,1,1,0,0,0,0,0,0,1,0,1,1,0,1,0,1,1,1,0,1,1,0,0,0,1,0,1,0,1,0,0,0,0,0,0,0.25,8.81859001210551,1
3,0,1,1,0,0,0,0,0,0,1,0,1,1,0,1,0,1,1,0,0,1,1,0,0,0,1,0,1,0,1,0,1,1,0,0,0,0.2222222222222222,10.250648227297361,1
4,0,1,1,0,0,0,0,0,0,1,0,1,0,0,1,0,1,1,1,0,1,1,0,0,0,1,0,0,0,1,0,0,0,0,0,0,0.2222222222222222,9.561392839133763,1
5,0,1,1,0,0,0,0,0,0,1,0,1,1,0,1,0,1,1,1,0,1,1,0,0,0,1,0,1,0,1,0,0,0,0,0,0,0.25,8.81859001210551,1
6,0,1,1,0,0,0,0,0,0,1,0,1,1,0,1,0,1,1,1,0,1,1,0,0,0,1,0,1,0,0,0,0,0,0,0,0,0.25,10.545373057533057,1
7,0,1,1,0,0,0,0,0,0,1,0,1,1,0,1,0,1,1,0,0,1,1,0,0,0,1,0,1,0,1,0,0,1,0,0,0,0.19444444444444445,9.024649188827254,1
8,0,1,1,1,0,0,0,0,0,1,0,1,0,0,1,0,1,1,0,0,1,1,0,0,0,1,0,0,0,1,0,0,1,0,0,0,0.19444444444444445,15.047075031378924,1
9,0,1,1,0,0,0,0,0,0,1,0,1,1,0,1,0,1,1,1,0,1,1,0,0,0,1,0,0,0,1,0,1,1,0,0,0,0.25,9.828210870634633,1
10,0,1,1,0,0,0,0,0,0,1,0,1,1,0,1,0,1,1,0,0,1,1,0,0,0,1,1,1,0,1,0,0,0,0,1,0,0.16666666666666666,9.41318835236696,1
11,0,1,1,0,0,0,0,0,0,1,0,1,1,0,1,0,1,1,0,0,1,1,0,0,0,1,0,1,0,1,0,0,0,0,1,0,0.2222222222222222,9.190641788220455,1
12,0,1,1,0,0,0,0,0,0,1,0,1,0,0,1,0,1,1,0,0,1,1,0,0,0,1,0,0,1,1,0,0,1,0,0,0,0.19444444444444445,8.456067389943057,1
13,0,1,1,0,0,0,0,0,0,1,0,1,1,0,1,0,1,1,1,0,1,1,0,0,0,1,0,1,0,1,0,1,1,0,0,0,0.2777777777777778,11.529747461759284,1
14,0,1,1,0,0,0,0,0,0,1,0,1,1,0,1,0,1,1,1,0,1,1,0,0,0,1,0,1,0,1,0,1,0,0,0,0,0.2222222222222222,10.85747213770372,1
15,0,1,1,0,0,0,0,0,0,1,0,1,1,0,1,0,1,1,1,0,1,1,0,0,0,1,0,0,0,1,0,0,0,1,0,0,0.25,8.802777903080582,1
16,0,1,1,0,0,0,0,0,0,1,0,1,1,0,1,0,1,1,1,0,0,1,0,0,0,1,0,1,0,1,0,0,0,1,0,0,0.3055555555555556,9.525053464342015,1
17,0,1,1,0,0,0,0,0,0,1,0,1,1,0,1,0,1,1,1,0,1,1,0,0,0,1,0,1,0,1,0,0,0,0,0,0,0.25,8.81859001210551,1
18,0,1,1,0,0,0,0,0,0,1,0,1,1,0,1,0,1,1,1,0,1,1,0,0,0,1,0,1,0,0,0,0,0,0,1,0,0.2222222222222222,9.15998669943948,1
19,0,1,1,0,0,0,0,0,0,1,0,1,1,0,1,0,1,1,1,0,1,1,0,0,0,1,0,1,0,0,0,0,0,1,0,0,0.2777777777777778,9.578133850072236,1
20,0,1,1,0,0,0,0,0,0,1,0,1,1,0,1,0,1,1,0,0,1,1,0,0,0,1,0,1,0,1,0,0,0,0,0,0,0.2222222222222222,9.9354711032579,1
21,0,1,1,0,0,0,0,0,0,1,0,1,1,0,1,0,1,1,1,0,1,1,0,0,0,1,0,1,0,1,0,0,1,0,0,0,0.2777777777777778,8.45307429703169,1
22,0,1,1,0,0,0,0,0,0,1,0,1,0,0,1,0,1,1,1,0,0,1,0,0,0,1,0,1,0,1,0,0,0,0,0,0,0.2777777777777778,8.306824993400554,1
23,0,1,1,0,0,0,0,0,0,1,0,1,0,0,1,0,1,1,1,0,1,1,0,0,0,1,0,1,0,1,0,0,0,1,0,0,0.2777777777777778,10.622666439515754,1
24,0,1,1,0,0,0,0,0,0,1,0,1,0,0,1,0,1,1,0,0,1,1,0,0,0,1,0,1,0,1,0,0,0,1,0,0,0.25,10.148935130372536,1
25,0,1,1,1,0,0,0,0,0,1,0,1,0,0,1,0,1,1,0,0,1,1,0,0,0,1,0,1,0,1,0,0,0,0,0,0,0.25,13.769475939134518,1
26,0,1,1,0,0,0,0,0,0,1,0,1,1,0,1,0,1,1,0,0,1,1,0,0,0,1,1,1,1,1,0,0,0,0,0,0,0.19444444444444445,9.106263280607557,1
27,0,1,1,1,0,0,0,0,0,1,0,1,1,0,1,0,1,1,1,0,1,1,0,0,0,1,0,1,0,1,0,0,0,0,0,0,0.25,13.614310021103996,1
28,0,1,1,0,0,0,0,0,0,1,0,1,1,0,1,0,1,1,0,0,0,1,0,0,0,1,0,1,0,1,0,0,0,0,1,0,0.3055555555555556,9.643363365617649,1
29,0,1,1,1,0,0,0,0,0,1,0,1,1,0,1,0,1,1,1,0,1,1,0,0,0,1,0,1,0,1,0,1,0,1,0,0,0.2777777777777778,14.995635975051819,1
30,0,1,1,0,0,0,0,0,0,1,0,1,1,0,1,0,1,1,1,0,1,1,0,0,0,1,0,1,0,1,0,1,1,0,0,0,0.2222222222222222,11.529747461759284,1
31,0,1,1,0,0,0,0,0,0,1,0,1,1,0,1,0,1,1,0,0,1,1,0,0,0,1,0,1,0,0,0,0,0,0,0,0,0.19444444444444445,13.318737509952417,1
32,0,1,1,0,0,0,0,0,0,1,0,1,0,0,1,0,1,1,0,0,1,1,0,0,0,1,0,0,0,1,0,0,1,0,0,0,0.25,9.234811768353058,1
33,0,1,1,0,0,0,0,0,0,1,0,1,1,0,1,0,1,1,1,0,1,1,0,0,0,1,0,1,0,0,0,0,0,0,0,0,0.25,10.545373057533057,1
34,0,1,1,0,0,0,0,0,0,1,0,1,0,0,1,0,1,1,0,0,1,1,0,0,0,1,0,1,0,1,0,0,0,1,0,0,0.25,10.148935130372536,1
35,0,1,1,0,0,0,0,0,0,1,0,1,0,0,1,0,1,1,0,0,0,1,0,0,0,1,0,1,0,1,0,0,1,0,0,0,0.3055555555555556,8.50085327608836,1
36,0,1,1,1,0,0,0,0,0,1,0,1,0,0,1,0,1,1,1,0,1,1,0,0,0,1,0,1,0,1,0,0,1,0,0,0,0.25,11.283251178531634,1
37,0,1,1,0,0,0,0,0,0,1,0,1,1,0,1,0,1,1,1,0,1,1,0,0,0,1,0,1,1,1,0,0,0,0,0,0,0.2222222222222222,8.955198489391744,1
38,0,1,1,0,0,0,0,0,0,1,0,1,0,0,1,0,1,1,1,0,0,1,0,0,0,1,1,0,0,1,0,0,0,0,0,0,0.2222222222222222,8.453855248560625,1
39,0,1,1,0,0,0,0,0,0,1,0,1,1,0,1,0,1,1,1,0,1,1,0,0,0,1,0,1,1,1,0,0,1,0,0,0,0.2777777777777778,9.148734718646221,1
40,0,1,1,0,0,0,0,0,0,1,0,1,0,0,1,0,1,1,1,0,0,0,0,0,0,1,0,1,0,1,0,0,1,0,0,0,0.25,8.808173957949519,1
41,0,1,1,0,0,0,0,0,0,1,0,1,0,0,1,0,1,1,1,0,1,1,0,0,0,1,0,1,0,1,0,0,0,0,1,0,0.25,8.72670038324871,1
42,0,1,1,1,0,0,0,0,0,1,0,1,0,0,1,0,1,1,0,0,1,1,0,0,0,1,0,1,0,1,0,0,1,1,0,0,0.2777777777777778,13.535478919024925,1
43,0,1,1,0,0,0,0,0,0,1,0,1,1,0,1,0,1,1,0,0,1,1,0,0,0,1,0,1,0,1,0,1,1,0,0,0,0.2777777777777778,10.250648227297361,1
44,0,1,1,0,0,0,0,0,0,1,0,1,1,0,1,0,1,1,1,0,1,1,0,0,0,1,0,1,0,1,0,0,0,0,0,0,0.25,8.81859001210551,1
45,0,1,1,0,0,0,0,0,0,1,0,1,0,0,1,0,1,1,0,0,0,1,0,0,0,1,0,0,0,1,0,0,1,0,0,0,0.16666666666666666,10.262271798171467,1
46,0,1,1,0,0,0,0,0,0,1,0,1,1,0,1,0,1,1,0,0,1,1,0,0,0,1,0,1,0,1,0,1,0,0,0,0,0.25,10.123679102598626,1
47,0,1,1,0,0,0,0,0,0,1,0,1,1,0,1,0,1,1,1,0,0,1,0,0,0,1,0,1,0,1,0,0,0,0,0,0,0.3611111111111111,9.282350414112498,1
48,0,1,1,0,0,0,0,0,0,1,1,1,1,0,1,0,1,1,1,0,1,1,0,0,0,1,0,1,0,1,0,0,0,0,0,0,0.3055555555555556,11.21679062114398,1
49,0,1,1,0,0,0,0,0,0,1,0,1,1,0,1,0,1,1,0,0,1,1,0,0,0,1,0,0,0,1,0,1,0,0,0,0,0.2777777777777778,11.38199054003029,1
50,0,1,1,0,0,0,0,0,0,1,0,1,1,0,1,0,1,1,1,0,1,1,0,0,0,1,0,0,1,1,0,0,0,0,0,0,0.2777777777777778,10.016744707838283,1
51,0,1,1,1,0,0,0,0,0,1,0,1,1,0,1,0,1,1,1,0,0,1,0,0,0,1,0,1,0,1,0,0,1,1,0,0,0.25,13.552011922447502,1
52,0,1,1,1,0,0,0,0,0,1,0,1,1,0,1,0,1,1,1,0,1,1,0,0,0,1,0,1,0,1,0,1,1,0,0,0,0.3333333333333333,13.32387281891869,1
53,0,1,1,1,0,0,0,0,0,1,0,1,0,0,1,0,1,1,1,0,1,1,0,0,0,1,0,0,0,1,0,0,0,0,0,0,0.25,15.370850739729315,1
54,0,1,1,1,0,0,0,0,0,1,0,1,1,0,1,0,1,1,1,0,1,1,0,0,0,1,0,1,1,1,0,0,0,0,0,0,0.16666666666666666,12.75079002523835,1
55,0,1,1,0,0,0,0,0,0,1,1,1,1,0,1,0,1,1,1,0,1,1,0,0,0,1,0,1,0,1,0,1,0,0,1,0,0.3055555555555556,12.672009672773642,1
56,0,1,1,0,0,0,0,0,0,1,0,1,1,0,1,0,1,1,1,0,0,1,0,0,0,1,0,1,0,0,0,0,0,0,0,0,0.25,12.009416598893473,1
57,0,1,1,0,0,0,0,0,0,1,0,1,0,0,1,0,1,1,1,0,0,1,0,0,0,1,0,0,0,1,0,0,0,0,0,0,0.2222222222222222,10.600885503720699,1
58,0,1,1,1,0,0,0,0,0,1,0,1,0,0,1,0,1,1,0,0,1,1,0,0,0,1,0,0,0,0,0,0,1,1,0,0,0.25,16.05345826032307,1
59,0,1,1,0,0,0,0,0,0,1,0,1,0,0,1,0,1,1,1,0,1,1,0,0,0,1,0,1,0,1,0,0,0,1,1,0,0.25,12.881731932210316,1
60,0,1,1,0,0,0,0,0,0,1,0,1,1,0,1,0,1,1,1,0,1,1,0,0,0,1,0,1,1,1,0,0,1,1,0,0,0.3055555555555556,13.535807177155174,1
61,0,1,1,1,0,0,0,0,0,1,0,1,0,0,1,0,1,1,1,0,1,1,0,0,0,1,0,1,1,1,0,0,1,0,0,0,0.3055555555555556,11.478783127072768,1
62,0,1,1,0,0,0,0,0,0,1,0,1,1,0,1,0,1,1,1,0,0,1,0,0,0,1,0,1,0,1,0,0,0,0,0,0,0.3333333333333333,9.282350414112498,1
63,0,1,1,0,0,0,0,0,0,1,0,1,1,0,1,0,0,1,1,0,1,1,0,0,0,1,0,0,0,1,0,0,0,0,0,0,0.2222222222222222,8.894781819919395,1
64,0,1,1,0,1,0,0,0,0,1,0,1,1,0,1,0,1,1,1,0,1,1,0,0,0,1,0,0,1,1,0,0,1,0,0,0,0.16666666666666666,8.534507673846115,1
65,0,1,1,1,0,0,0,0,0,1,0,1,1,0,1,0,1,1,1,0,1,1,0,0,0,1,0,1,1,1,0,0,1,0,0,0,0.3055555555555556,11.9438140865704,1
66,0,1,1,0,0,0,0,0,0,1,0,1,1,0,1,0,1,1,1,0,1,1,0,0,0,1,0,1,0,1,0,0,0,0,0,0,0.3611111111111111,8.81859001210551,1
67,0,1,1,1,0,0,0,0,0,1,0,1,0,0,1,0,1,1,1,0,1,1,0,0,0,1,0,1,0,1,0,0,1,0,0,0,0.2777777777777778,11.283251178531634,1
68,0,1,1,1,0,0,0,0,0,1,0,1,1,0,1,0,1,1,0,0,1,1,0,0,0,1,0,1,0,1,0,0,1,0,0,0,0.2777777777777778,13.823174560256044,1
69,0,1,1,0,0,0,0,0,0,1,0,1,0,0,1,0,1,1,1,0,0,1,0,0,0,1,1,1,0,1,0,0,0,0,0,0,0.2777777777777778,8.159794738240482,1
70,0,1,1,1,0,0,0,0,0,1,0,1,0,0,1,0,1,1,1,0,1,1,0,0,0,1,0,1,1,0,0,0,0,1,0,0,0.3055555555555556,11.662641144982498,1
71,0,1,1,0,0,0,0,0,0,1,0,1,1,0,1,0,1,1,1,1,1,1,0,0,0,1,0,1,0,0,0,0,1,1,0,0,0.2777777777777778,11.819622537644094,1
72,0,1,1,0,0,0,0,0,0,1,0,1,0,0,1,0,1,1,0,0,0,1,0,0,0,1,0,1,1,1,0,1,1,0,0,0,0.16666666666666666,11.348123004655983,1
73,0,1,1,0,0,0,0,0,0,1,0,1,1,0,1,0,1,1,1,1,0,1,0,0,0,1,0,0,1,1,0,0,0,0,1,0,0.25,10.419366722259637,1
74,0,1,1,1,0,0,0,0,0,1,0,1,1,0,1,0,1,1,1,1,1,1,0,1,0,1,0,0,1,1,0,0,0,0,0,0,0.2222222222222222,13.607031047659996,1
75,0,1,1,0,0,0,0,0,0,1,0,1,1,0,1,0,1,1,1,1,1,1,0,0,0,1,0,1,0,1,0,1,0,0,0,0,0.25,16.325058207913937,1
76,0,1,1,0,0,0,0,0,0,1,0,1,0,0,1,0,1,1,1,1,1,1,0,0,0,1,0,1,0,1,0,0,0,0,0,0,0.2222222222222222,11.119932205889404,1
77,0,1,1,0,0,0,0,0,0,1,1,1,1,0,1,0,1,1,1,0,1,1,0,1,0,1,0,0,1,1,0,0,1,0,0,0,0.25,10.361635087877094,1
78,0,1,1,0,0,0,0,0,0,1,0,1,1,0,1,0,1,1,0,0,1,1,0,0,0,1,0,0,1,1,0,0,1,0,0,0,0.2777777777777778,9.420972160017786,1
79,0,1,1,1,0,0,0,0,0,1,0,1,1,0,1,0,1,1,1,0,1,1,0,0,0,1,0,1,1,1,0,0,0,0,0,0,0.19444444444444445,12.75079002523835,1
80,0,1,1,0,0,0,0,0,0,1,0,1,0,0,1,0,1,1,1,0,1,1,0,0,0,1,0,1,0,1,0,0,0,0,0,0,0.3055555555555556,8.353694385030304,1
81,0,1,1,0,0,0,0,0,0,1,1,1,0,0,1,0,1,1,1,0,1,1,0,0,0,1,1,1,0,1,0,0,0,0,0,0,0.2777777777777778,10.139401583092676,1
82,0,1,1,0,0,0,0,0,0,1,0,1,1,0,1,0,1,1,1,0,1,1,0,0,0,1,0,1,0,1,0,0,0,0,0,0,0.3055555555555556,8.81859001210551,1
83,0,1,1,0,0,0,0,0,0,1,0,1,1,0,1,0,1,1,0,0,0,1,0,0,1,1,0,1,0,1,0,1,0,0,0,0,0.25,9.702933506825651,1
84,0,1,1,1,0,0,0,0,0,1,0,1,0,0,1,0,1,1,1,0,1,1,1,0,0,1,0,1,0,1,0,0,0,0,0,0,0.2222222222222222,11.071942993948763,1
85,0,1,1,0,0,0,0,0,0,1,0,1,1,0,1,0,1,1,1,0,0,1,0,0,0,1,0,1,1,1,0,0,0,0,0,0,0.3333333333333333,8.918817321722013,1
86,0,1,1,0,0,0,0,0,0,1,0,1,0,0,1,0,1,1,1,0,1,1,1,0,0,1,0,1,0,1,0,0,0,1,0,0,0.3055555555555556,12.518412911048998,1
87,0,1,1,0,0,0,0,0,0,1,1,1,1,0,1,0,1,1,0,0,0,1,1,0,0,1,0,1,0,1,0,0,0,0,0,0,0.3055555555555556,12.167959390288583,1
88,0,1,1,1,0,0,0,0,0,1,0,1,0,0,1,0,0,1,0,0,1,1,0,0,0,1,0,1,1,1,0,0,0,0,0,0,0.25,10.98256239679654,1
89,0,1,1,0,0,0,1,0,0,1,0,1,1,0,1,0,1,1,1,1,1,1,0,0,0,1,0,1,0,1,0,0,1,0,0,0,0.25,10.845978887072889,1
90,0,1,1,0,0,0,0,0,0,1,1,1,0,0,1,0,1,1,1,0,1,1,0,0,0,1,1,0,0,1,0,1,1,1,0,0,0.25,14.596602034830603,1
91,1,0,0,0,1,1,1,0,1,0,1,0,0,1,0,1,0,0,0,0,0,0,1,0,1,0,1,1,0,0,1,0,0,0,0,1,0.19444444444444445,9.72868164515404,1
92,1,0,0,0,0,1,1,1,1,0,1,0,1,0,0,1,0,0,0,0,0,0,1,0,1,0,1,0,0,0,1,0,0,0,0,1,0.1111111111111111,10.246407509995086,1
93,1,0,0,0,1,1,1,1,1,0,1,0,0,1,0,1,1,0,1,1,1,0,1,0,1,0,1,1,0,0,1,0,0,0,1,1,0.19444444444444445,15.462092152793943,1
94,1,0,0,0,1,1,1,1,1,0,0,0,1,1,0,1,0,0,0,1,1,0,1,1,1,0,1,0,1,0,0,0,0,0,1,1,0.25,15.29289883489587,1
95,1,0,0,0,1,1,1,1,1,0,0,0,0,1,0,1,0,0,0,1,1,0,1,0,1,0,0,0,1,1,0,0,0,0,1,1,0.19444444444444445,11.967019543801339,1
96,1,0,0,0,0,1,1,1,1,0,0,0,1,1,0,1,0,0,0,0,0,1,1,0,1,0,1,0,1,0,1,1,0,0,1,1,0.08333333333333333,11.744047047534455,1
97,0,1,1,0,0,0,0,0,0,1,0,1,0,0,1,0,1,1,1,0,1,1,0,0,0,1,0,1,0,0,0,0,0,0,0,0,0.2222222222222222,9.08047743030088,1
98,1,0,0,0,1,1,1,0,1,0,1,0,0,1,0,1,0,0,1,0,0,0,1,0,1,0,1,0,1,0,1,0,0,0,1,1,0.25,7.189131811728501,1
99,1,0,0,0,1,1,1,0,1,0,0,1,0,1,0,1,0,0,1,0,0,0,1,0,1,0,1,1,0,0,0,0,0,0,0,1,0.2777777777777778,13.111763919297289,1
