,0,1,2,3,4,5,6,7,8,9,10,11,12,13,14,15,16,17,18,19,20,21,22,23,24,25,26,27,28,29,30,31,32,33,34,35,chain_break_fraction,energy,num_occurrences
0,0,1,1,1,0,1,1,0,0,0,0,0,1,0,1,1,1,0,0,0,0,0,1,0,0,1,1,0,1,0,0,0,1,1,0,1,0.2777777777777778,12.06133788150143,6
1,0,1,1,1,0,1,1,0,0,0,0,0,1,1,1,1,1,0,0,0,0,0,1,0,0,1,1,0,1,0,0,0,1,1,0,1,0.2777777777777778,18.043317432707223,3
2,0,1,1,1,0,1,1,0,0,0,0,0,1,0,1,1,1,0,0,0,0,0,1,0,0,1,1,0,1,1,0,0,1,1,0,1,0.2777777777777778,14.389597603431913,1
3,0,1,1,1,0,1,1,0,0,0,0,0,1,1,1,1,1,0,0,0,0,0,1,0,0,1,1,0,1,1,0,0,1,1,0,1,0.2777777777777778,18.371577142303195,2
4,0,1,1,1,0,1,1,0,0,1,0,0,1,0,1,1,1,0,0,0,0,0,1,0,0,1,1,0,1,0,0,0,1,1,0,1,0.2777777777777778,18.794021450876855,1
5,0,1,1,1,0,1,1,0,0,0,0,0,1,0,1,1,1,0,0,0,0,0,1,0,0,1,1,0,1,0,0,0,1,1,0,1,0.25,12.06133788150143,1
6,0,1,1,1,0,1,1,0,0,0,0,0,1,0,1,1,1,0,0,0,0,0,1,0,0,1,1,0,1,0,0,0,1,1,0,1,0.2222222222222222,12.06133788150143,1
7,0,1,1,1,0,0,1,0,0,0,0,0,1,0,1,1,1,0,0,0,0,0,1,0,0,1,1,0,1,0,0,0,1,1,0,1,0.2777777777777778,8.209369777186078,1
8,0,1,1,1,0,0,1,0,0,0,0,0,1,1,1,1,1,0,0,0,0,0,1,0,0,1,1,0,1,0,0,0,1,1,0,1,0.2777777777777778,12.191334014854215,1
9,0,1,1,1,0,1,1,0,0,0,0,0,1,1,1,1,1,0,0,0,0,0,1,0,0,1,1,0,1,0,0,0,1,1,0,1,0.2777777777777778,18.043317432707223,1
10,0,1,1,1,0,1,0,0,0,0,0,0,1,0,1,1,1,0,0,0,0,0,1,0,0,1,1,0,1,0,0,0,1,1,0,1,0.2777777777777778,10.563421770031704,1
11,0,1,1,1,0,1,1,0,0,0,0,0,1,0,1,1,1,0,0,0,0,0,1,0,0,1,1,0,1,1,0,0,1,1,0,1,0.25,14.389597603431913,1
12,0,1,1,1,0,1,0,0,0,0,0,0,1,1,1,1,1,0,0,0,0,0,1,0,0,1,1,0,1,0,0,0,1,1,0,1,0.25,15.545387790452764,1
13,0,1,1,1,0,1,1,0,0,0,0,1,1,1,1,1,1,0,0,0,0,0,1,0,0,1,1,0,1,0,0,0,1,1,0,1,0.3055555555555556,27.361687269927547,1
14,0,1,1,1,0,0,1,0,0,0,0,0,1,1,1,1,1,0,0,0,0,0,1,0,0,1,1,0,1,0,0,0,1,1,0,1,0.25,12.191334014854215,2
15,0,1,1,1,0,1,0,0,0,0,0,0,1,0,1,1,1,0,0,0,0,0,1,0,0,1,1,0,1,0,0,0,1,1,0,1,0.2222222222222222,10.563421770031704,1
16,0,1,1,1,0,1,1,0,0,0,0,0,0,0,1,1,1,0,0,0,0,0,1,0,0,1,1,0,1,0,0,0,1,1,0,1,0.2777777777777778,11.070348105898582,1
17,0,1,1,1,0,1,1,0,0,0,1,0,1,1,1,1,1,0,0,0,0,0,1,0,0,1,1,0,1,1,0,0,1,1,0,1,0.3055555555555556,21.030157700334843,1
18,0,1,1,1,0,1,1,0,0,0,0,0,0,1,1,1,1,0,0,0,0,0,1,0,0,1,1,0,1,0,0,0,1,1,0,1,0.2777777777777778,15.052327657104318,1
19,0,1,1,1,0,1,1,0,0,1,1,0,1,0,1,1,1,0,0,0,0,0,1,0,0,1,1,0,1,0,0,0,1,1,0,1,0.3055555555555556,22.974593532361087,1
20,0,1,1,1,0,1,0,0,0,1,0,0,1,0,1,1,1,0,0,0,0,0,1,0,0,1,1,0,1,0,0,0,1,1,0,1,0.2777777777777778,15.854308550467296,1
21,0,1,1,1,0,0,1,0,0,0,0,0,1,0,1,1,1,0,0,0,0,0,1,0,0,1,1,0,1,0,0,0,1,1,0,0,0.25,10.188287788863413,1
22,0,1,1,1,0,0,1,0,0,0,0,0,1,0,1,1,1,0,0,0,0,0,1,0,0,1,1,0,1,1,0,0,1,1,0,1,0.25,12.691817631167307,1
23,0,1,1,1,0,0,1,0,0,1,0,0,1,0,1,1,1,0,0,0,0,0,1,0,0,1,1,1,1,0,0,0,1,1,0,1,0.2777777777777778,15.021150980493177,1
24,0,1,1,1,0,1,1,0,0,0,0,0,1,0,1,1,1,0,0,0,0,0,1,0,0,1,1,0,1,0,0,0,1,1,0,1,0.2777777777777778,12.06133788150143,1
25,0,1,1,1,0,0,1,0,0,1,0,1,1,1,1,1,1,0,0,0,0,0,1,0,0,1,1,1,1,0,0,0,1,1,0,1,0.2777777777777778,27.348162596807065,1
26,0,1,1,1,0,1,0,0,0,0,0,1,1,0,1,1,1,0,0,0,0,0,1,0,0,1,1,1,1,0,0,0,1,1,0,1,0.25,16.73581836331597,1
27,0,1,1,1,0,0,1,0,0,1,1,0,1,0,1,1,1,0,0,0,0,0,1,0,0,1,1,0,1,0,0,0,1,1,0,1,0.2777777777777778,16.12240005061242,1
28,0,1,1,1,0,1,1,0,0,0,0,0,0,0,1,1,1,0,0,0,0,0,1,0,0,1,1,0,1,0,0,0,1,1,0,1,0.25,11.070348105898582,1
29,0,1,1,1,0,1,1,0,0,0,0,0,1,1,1,1,1,0,0,0,0,0,1,0,0,1,1,0,1,0,0,0,1,1,0,1,0.3055555555555556,18.043317432707223,1
30,0,1,1,1,0,1,1,0,0,1,0,1,1,0,1,1,1,0,0,0,0,0,1,0,0,1,1,1,1,0,0,0,1,1,0,1,0.25,26.88985291241989,1
31,0,1,1,1,0,1,0,0,0,0,0,0,1,0,1,1,1,0,0,0,0,0,1,0,0,1,1,0,1,0,0,0,1,1,0,1,0.2222222222222222,10.563421770031704,1
32,0,1,1,1,0,1,0,0,0,0,0,0,1,1,1,1,1,0,0,0,0,0,1,0,0,1,1,0,1,1,0,0,1,1,0,1,0.2222222222222222,16.874453119455815,1
33,0,1,1,1,0,1,1,0,0,1,0,0,1,1,0,1,1,0,0,0,0,0,1,0,0,1,1,0,1,0,0,0,1,1,0,1,0.25,22.776890011921427,1
34,0,1,1,1,0,0,1,0,0,1,0,0,1,0,1,1,1,0,0,0,0,0,1,0,0,1,1,0,1,0,0,0,1,1,0,1,0.2777777777777778,12.94183571386368,1
35,0,1,1,0,0,1,1,0,0,0,0,0,1,0,1,1,1,0,0,0,0,0,1,0,0,1,1,0,1,0,0,0,1,1,0,1,0.2777777777777778,8.810696874088455,1
36,0,1,1,1,0,0,1,0,0,1,0,0,0,0,1,1,1,0,0,0,0,0,1,0,0,1,1,0,1,0,0,0,1,1,0,1,0.25,11.950853468254033,1
37,0,1,1,1,0,1,1,0,0,1,0,0,0,1,1,1,1,0,0,0,0,0,1,0,0,1,1,0,1,0,0,0,1,1,0,1,0.2777777777777778,22.785011353255317,1
38,0,1,1,1,0,1,1,0,0,1,0,0,1,0,1,1,1,0,0,0,0,0,1,0,0,1,1,0,1,0,0,0,1,1,0,1,0.25,18.794021450876855,1
39,0,1,1,1,0,1,1,0,0,0,0,0,0,1,1,1,1,0,0,0,0,0,1,0,0,1,1,0,1,1,0,0,1,1,0,1,0.2222222222222222,16.380587372867538,1
40,0,1,1,1,0,0,1,0,0,1,0,0,1,0,1,1,1,0,0,0,0,0,1,0,0,1,1,0,1,0,0,0,1,1,0,1,0.3055555555555556,12.94183571386368,1
41,0,1,1,1,0,1,1,0,0,0,0,0,0,1,1,1,1,0,0,0,0,0,1,0,0,1,1,0,1,0,0,0,1,1,0,1,0.2777777777777778,15.052327657104318,1
42,0,1,1,1,0,1,1,0,0,0,1,1,1,1,1,1,1,0,0,0,0,0,1,0,0,1,1,0,1,1,0,0,1,1,0,1,0.3333333333333333,30.34731881639816,1
43,0,1,1,1,0,1,1,0,0,0,1,0,1,1,1,1,1,0,0,0,0,0,1,0,0,1,1,0,1,0,0,0,1,1,0,1,0.3055555555555556,21.702502351317392,1
44,0,1,1,1,0,0,1,0,0,0,0,1,1,1,1,1,1,0,0,0,0,0,1,0,0,1,1,0,1,1,0,0,1,1,0,1,0.3055555555555556,19.99092748309328,1
45,0,1,1,1,0,1,1,0,0,0,0,0,1,0,1,1,1,0,0,0,1,0,1,0,0,1,1,0,1,0,0,0,1,1,0,1,0.2777777777777778,10.407084354599249,1
46,0,1,1,1,0,1,1,0,0,0,0,0,1,1,1,1,0,0,0,0,0,0,1,0,0,1,1,0,1,0,0,0,1,1,0,1,0.2222222222222222,15.545387790452772,1
47,0,1,1,1,0,1,1,0,0,0,0,0,1,0,1,1,1,0,0,0,0,0,1,0,0,1,1,0,1,0,0,0,1,1,0,1,0.2777777777777778,12.06133788150143,1
48,1,1,1,1,0,0,1,0,0,1,0,0,1,0,1,1,1,0,0,0,0,0,1,0,0,1,1,0,1,0,0,0,1,1,0,1,0.3055555555555556,16.222334036942527,1
49,0,1,1,1,0,0,1,0,0,1,0,0,1,1,0,1,1,0,0,0,0,0,1,0,0,1,1,0,1,0,0,0,1,1,0,1,0.2777777777777778,15.92468897066046,1
50,0,1,1,1,0,0,1,0,0,1,1,0,1,0,1,0,1,0,0,0,0,0,1,0,0,1,1,0,1,0,0,0,1,1,0,1,0.25,11.12417749578712,1
51,0,1,1,1,0,0,1,0,0,0,0,0,1,0,1,1,1,0,0,0,0,0,1,0,0,1,1,0,1,0,0,0,1,1,0,1,0.2777777777777778,8.209369777186078,1
52,0,1,1,1,0,1,1,0,0,0,0,0,1,1,1,1,1,0,0,0,0,0,1,0,0,1,1,0,1,0,0,0,1,1,0,1,0.3333333333333333,18.043317432707223,1
53,0,1,1,1,0,1,1,0,0,1,0,1,1,0,1,1,1,0,0,0,0,0,1,0,0,1,1,0,1,0,0,0,1,1,1,1,0.25,25.499534918925374,1
54,0,1,1,1,0,1,1,0,0,0,0,0,1,0,1,0,1,0,0,0,0,0,1,0,0,1,1,0,1,0,0,0,1,1,0,1,0.19444444444444445,8.06316171723546,1
55,0,1,1,1,0,1,1,0,0,0,1,0,0,0,1,1,1,0,0,0,0,0,1,0,0,1,1,0,1,0,0,0,1,1,0,1,0.25,13.229529861496134,1
56,0,1,1,1,0,1,1,0,0,0,0,0,1,1,1,1,1,0,0,0,0,0,1,0,0,1,1,0,1,0,0,0,1,1,0,1,0.2777777777777778,18.043317432707223,1
57,0,1,1,1,0,1,1,0,0,0,0,1,1,1,1,1,1,0,0,0,0,0,1,0,0,1,1,1,1,0,0,0,1,1,0,1,0.2777777777777778,25.1256078568453,1
58,0,1,1,1,0,0,1,0,0,0,0,0,0,1,1,1,1,0,0,0,0,0,1,0,0,1,1,0,1,0,0,0,1,1,0,1,0.2777777777777778,10.20035189602015,1
59,0,1,1,1,0,0,1,0,0,1,0,0,1,1,1,1,1,0,0,0,0,0,1,0,0,1,1,0,0,1,0,0,1,1,0,1,0.25,19.148848794000422,1
60,0,1,1,1,0,0,1,0,0,1,0,0,1,1,1,1,1,0,0,0,0,0,1,0,0,1,1,0,1,0,0,0,1,1,0,1,0.3055555555555556,18.923800205083044,1
61,0,1,1,1,0,0,1,0,0,1,0,0,1,1,1,1,1,0,0,0,0,0,1,0,0,1,1,0,1,1,0,0,1,1,0,1,0.25,19.373897382917814,1
62,1,1,1,1,0,1,1,0,0,0,0,0,0,0,1,1,1,0,0,0,0,0,1,0,0,1,1,0,1,0,0,0,1,1,0,1,0.2222222222222222,13.227959575491518,1
63,0,1,1,1,0,0,1,0,0,1,0,0,0,0,1,1,1,0,0,0,0,0,1,0,0,1,1,1,1,0,0,0,1,1,0,1,0.25,15.031274134552808,1
64,0,1,1,1,0,1,1,0,0,1,1,0,1,0,1,1,1,0,0,0,0,0,1,0,0,1,1,0,1,1,0,0,1,1,0,1,0.3333333333333333,22.269898229901116,1
65,0,1,1,1,0,1,0,0,0,1,0,0,1,1,1,1,1,0,0,0,0,0,1,0,0,1,1,0,1,0,0,0,1,1,0,1,0.2777777777777778,22.83627482443958,1
66,0,1,1,1,0,1,1,0,0,0,0,0,0,1,1,1,1,0,0,0,0,0,1,0,0,1,1,0,0,0,0,0,1,1,0,1,0.25,16.388197799222716,1
67,0,1,1,1,0,1,1,0,0,1,1,0,1,0,1,1,1,0,0,0,0,0,1,0,0,1,1,0,1,0,0,0,1,1,0,1,0.3611111111111111,22.974593532361087,1
68,0,1,1,1,0,0,1,0,0,1,0,0,0,0,1,1,1,0,0,0,0,0,1,0,0,1,1,0,1,1,0,0,1,1,0,1,0.25,15.40095066459058,1
69,0,1,1,1,0,1,1,0,0,1,0,0,1,0,0,1,1,0,0,0,0,0,1,0,0,1,1,0,1,0,0,0,0,1,0,1,0.2777777777777778,17.12078254774315,1
70,0,1,1,1,0,0,1,0,0,1,1,0,1,0,1,0,1,0,0,0,0,0,1,0,0,1,1,0,1,0,0,0,1,1,0,1,0.2777777777777778,11.12417749578712,1
71,0,1,1,1,0,1,1,0,0,0,0,0,1,0,1,1,1,0,0,0,0,0,1,0,0,1,1,0,1,0,0,0,0,1,0,1,0.3055555555555556,12.84913087972363,1
72,0,1,1,1,0,0,1,0,0,1,0,0,1,0,1,0,1,0,0,0,0,0,1,0,0,1,1,0,0,1,0,0,1,1,0,1,0.19444444444444445,11.169198936854627,1
73,0,1,1,1,0,1,1,0,0,0,0,0,1,0,1,1,1,0,0,0,0,0,1,0,0,1,1,0,1,0,0,0,1,1,0,1,0.3055555555555556,12.06133788150143,1
74,0,1,1,1,0,0,1,0,0,0,0,0,0,0,0,1,1,0,0,0,0,0,1,0,0,1,1,0,1,0,0,0,1,1,0,1,0.2222222222222222,7.719299585508772,1
75,0,1,1,1,0,0,0,0,0,1,0,0,1,1,1,0,0,0,0,0,0,0,1,0,0,1,1,0,1,0,0,0,1,1,0,1,0.19444444444444445,10.046174069011919,1
76,0,1,1,1,1,0,1,0,0,0,0,0,1,0,1,1,1,0,0,0,0,0,1,0,0,1,1,1,1,0,0,0,1,1,0,1,0.2777777777777778,12.080736682834774,1
77,0,1,1,1,0,1,1,0,0,1,0,0,1,1,0,1,1,0,0,0,1,0,1,0,0,1,1,0,1,0,0,0,1,1,0,1,0.2777777777777778,19.62132788888286,1
78,0,1,1,1,0,1,1,0,0,0,0,0,1,0,1,1,1,0,0,0,0,0,1,0,0,1,1,0,1,0,0,0,1,1,0,1,0.3055555555555556,12.06133788150143,1
79,0,1,1,1,0,0,1,0,0,1,1,0,1,1,0,1,1,0,0,0,0,0,1,0,0,1,1,0,0,0,0,0,1,1,0,1,0.2777777777777778,21.380240416090334,1
80,0,1,1,1,0,0,1,0,0,0,0,0,1,1,1,0,1,0,0,0,0,0,1,0,0,1,1,0,0,0,0,0,1,1,0,1,0.2777777777777778,7.951396851593033,1
81,1,1,1,1,0,1,1,0,0,0,0,0,1,0,1,1,1,0,0,0,0,0,1,0,0,1,1,1,1,0,0,0,1,1,0,1,0.2777777777777778,15.498358775403387,1
82,1,0,0,0,1,1,0,1,1,1,1,0,0,0,0,0,0,1,1,1,1,1,0,1,1,0,0,0,0,1,1,1,0,0,1,0,0.3611111111111111,43.06598968287996,1
83,0,0,1,0,1,1,0,1,1,0,0,0,1,0,0,0,0,1,1,0,1,0,0,0,1,0,0,1,0,0,0,0,0,0,1,0,0.1388888888888889,9.448342378753571,1
84,1,0,0,0,1,0,0,1,1,1,1,0,0,0,0,0,0,1,1,1,1,1,0,1,1,0,0,0,0,1,0,1,0,0,1,0,0.3611111111111111,42.72007305890105,1
85,1,0,0,0,1,1,0,1,1,0,1,0,0,1,0,0,0,1,1,1,1,1,0,1,1,0,0,1,0,0,0,1,0,0,0,0,0.19444444444444445,25.560288321343172,1
86,1,0,0,0,1,1,0,1,1,1,1,0,0,0,0,0,0,1,1,1,1,1,0,1,1,0,0,0,0,1,0,0,0,0,1,0,0.2777777777777778,27.614848914601474,1
87,1,0,0,0,1,1,0,1,1,1,1,0,0,1,0,0,0,1,1,1,0,1,0,1,1,0,0,1,0,0,1,1,0,0,1,0,0.3055555555555556,33.48010782342662,1
88,1,0,0,0,1,0,0,1,1,0,0,0,0,0,1,0,0,1,0,0,1,1,0,1,1,0,0,0,0,1,0,0,0,0,0,0,0.16666666666666666,11.431102623589464,1
89,0,0,0,0,1,0,0,1,0,0,0,0,0,0,0,0,0,1,1,0,1,1,0,1,0,0,0,0,0,0,0,0,0,0,0,0,0.1388888888888889,7.083763638410625,1
90,0,0,0,1,1,0,0,1,1,0,0,0,0,0,0,0,0,1,0,1,1,1,0,1,1,0,0,1,0,0,0,0,0,0,0,0,0.16666666666666666,12.324458497963736,1
