,0,1,2,3,4,5,6,7,8,9,10,11,12,13,14,15,16,17,18,19,20,21,22,23,24,25,26,27,28,29,30,31,32,33,34,35,chain_break_fraction,energy,num_occurrences
0,1,0,0,1,1,0,0,0,0,1,0,1,1,1,0,0,0,0,0,1,1,0,0,1,0,1,1,0,1,0,1,0,1,0,0,0,0.25,14.121614301029531,5
1,1,0,0,1,1,0,0,0,0,1,0,1,1,1,0,0,0,0,0,1,1,0,0,1,0,1,1,0,1,0,1,0,1,0,0,0,0.2777777777777778,14.121614301029531,2
2,1,0,0,1,1,0,0,0,0,1,0,1,1,1,0,0,0,0,0,1,1,0,0,1,0,1,1,0,1,0,1,0,1,0,0,0,0.2777777777777778,14.121614301029531,1
3,1,0,0,1,1,0,0,0,0,1,0,1,1,1,0,0,0,0,0,1,1,0,0,1,0,1,1,0,1,0,1,0,1,0,0,0,0.2777777777777778,14.121614301029531,2
4,1,0,0,1,1,0,0,0,0,1,0,1,1,1,0,0,0,0,0,1,0,0,0,1,0,1,1,0,1,0,1,0,1,0,0,0,0.25,12.550334914929982,1
5,1,0,0,1,1,0,0,0,0,1,0,1,1,1,0,0,0,0,0,1,1,0,0,1,0,1,1,0,1,0,1,0,1,0,0,0,0.2777777777777778,14.121614301029531,1
6,1,0,0,1,1,0,0,0,0,1,0,1,1,1,0,0,0,0,0,1,1,0,0,1,0,1,1,0,0,0,1,0,1,0,0,0,0.25,14.19726497224635,2
7,1,1,0,1,1,0,0,0,0,1,0,1,1,1,0,0,0,0,0,1,1,0,0,1,0,1,1,0,1,0,1,0,1,0,0,0,0.2777777777777778,16.438508377357056,2
8,1,0,0,1,1,0,0,0,0,1,0,1,1,1,0,0,0,0,0,1,1,0,0,1,0,1,1,0,1,0,1,0,1,0,0,0,0.2777777777777778,14.121614301029531,1
9,1,0,0,1,1,0,0,0,0,1,0,1,1,1,0,0,0,0,0,1,1,0,0,1,0,1,1,0,1,0,1,0,1,0,0,1,0.2777777777777778,18.77750112803873,5
10,1,0,0,1,1,0,0,0,0,1,0,1,1,1,0,0,0,0,0,1,1,0,0,1,0,1,1,0,1,0,1,0,1,0,0,0,0.3055555555555556,14.121614301029531,1
11,1,0,1,1,1,0,0,0,0,1,0,1,1,1,0,0,0,0,0,1,1,0,0,1,0,1,1,0,1,0,1,0,1,0,0,0,0.25,16.621619708213174,1
12,1,0,0,1,1,0,0,0,0,1,0,1,1,1,0,0,0,0,0,1,1,0,0,1,0,1,1,0,0,0,1,0,1,0,0,0,0.3055555555555556,14.19726497224635,1
13,1,0,0,1,1,0,0,0,0,1,0,1,1,1,0,0,0,0,0,1,1,0,0,1,0,1,1,0,0,0,1,0,1,0,0,1,0.2777777777777778,17.67838697040645,1
14,1,0,0,1,1,0,0,0,0,1,0,1,1,1,0,0,0,0,0,1,1,0,0,1,0,1,1,0,1,0,1,0,1,0,0,1,0.3055555555555556,18.77750112803873,1
15,1,0,0,1,1,0,0,0,0,1,0,1,1,1,0,0,0,0,0,1,1,0,0,1,0,1,1,0,0,1,1,0,1,0,0,0,0.2777777777777778,16.045963629812697,1
16,1,0,1,1,1,0,0,0,0,1,0,1,1,1,0,0,0,0,0,1,1,0,0,1,0,1,1,0,1,0,1,0,1,0,0,1,0.3055555555555556,20.27750653500503,1
17,1,0,0,1,1,0,0,0,0,1,0,1,1,1,0,0,0,0,0,1,1,0,0,1,0,1,1,0,1,0,1,0,1,0,0,0,0.2777777777777778,14.121614301029531,1
18,1,0,0,1,1,0,0,0,0,1,0,1,1,1,0,0,0,0,0,1,1,0,0,1,0,1,1,0,1,0,1,0,1,0,0,0,0.2222222222222222,14.121614301029531,1
19,1,0,0,1,1,0,0,0,0,1,0,1,1,1,0,0,0,0,0,1,1,0,0,1,0,1,1,0,1,0,1,0,1,0,0,0,0.3055555555555556,14.121614301029531,1
20,1,0,0,1,1,0,0,0,0,1,0,1,1,1,1,0,0,0,0,1,1,0,0,1,0,1,1,0,1,0,1,0,1,0,0,0,0.2777777777777778,14.069279081189539,1
21,1,0,0,1,1,0,0,0,0,1,0,1,1,1,0,0,0,0,0,1,1,0,0,1,0,1,1,0,0,1,1,0,1,0,0,0,0.2777777777777778,16.045963629812697,1
22,1,0,0,1,1,0,0,0,0,1,0,1,1,1,0,0,0,0,0,1,0,0,0,1,0,1,1,0,1,0,1,0,1,0,0,0,0.2777777777777778,12.550334914929982,1
23,1,0,0,1,1,0,0,0,0,1,0,1,1,1,0,0,0,0,0,1,1,0,0,1,0,1,1,0,0,1,1,0,1,0,0,0,0.3055555555555556,16.045963629812697,1
24,1,0,0,1,1,0,0,0,0,1,0,1,1,1,0,0,0,0,0,1,1,0,0,1,0,1,1,0,0,1,1,0,1,0,0,0,0.3333333333333333,16.045963629812697,1
25,1,0,1,1,1,0,0,0,0,1,0,1,1,1,0,0,0,0,0,1,1,0,0,1,0,1,1,0,1,0,1,0,1,0,0,0,0.2777777777777778,16.621619708213174,1
26,1,0,0,1,1,0,0,0,0,1,0,1,1,1,0,0,0,0,0,1,0,0,0,1,0,1,1,0,1,0,1,0,1,0,0,1,0.3055555555555556,15.91207069514432,1
27,1,0,1,1,1,0,0,0,0,1,0,1,1,1,0,0,0,0,0,1,1,0,0,1,0,1,1,0,1,0,1,0,1,0,0,0,0.3055555555555556,16.621619708213174,1
28,1,0,0,1,1,0,0,0,0,1,0,1,1,1,0,0,0,0,0,1,1,0,0,1,0,1,1,0,1,0,1,0,1,0,0,1,0.3055555555555556,18.77750112803873,1
29,1,0,1,1,1,0,0,0,0,1,0,1,1,1,0,0,0,0,0,1,1,0,0,1,0,1,1,0,1,0,1,0,1,0,0,0,0.2777777777777778,16.621619708213174,1
30,1,0,1,1,1,0,0,0,0,1,0,1,1,1,0,0,0,0,0,1,0,0,0,1,0,1,1,0,1,0,1,0,1,0,0,0,0.2777777777777778,15.550340322664704,1
31,1,0,1,1,1,0,0,0,0,1,0,1,1,1,0,0,0,0,0,1,1,0,0,1,0,1,1,0,0,0,1,0,1,0,0,1,0.2777777777777778,19.67839237737276,2
32,1,0,0,1,1,0,0,0,0,1,0,1,1,1,0,0,0,0,0,1,1,0,0,1,0,1,1,0,0,1,1,0,1,0,0,1,0.3055555555555556,21.876615285671,1
33,1,0,1,1,1,0,0,0,0,1,0,1,1,1,0,0,0,0,0,1,1,0,0,1,0,1,1,0,0,1,1,0,1,0,0,0,0.3333333333333333,18.045969036996347,1
34,1,0,0,1,1,0,0,0,0,1,0,1,1,1,0,0,0,0,0,1,1,0,0,1,0,1,1,0,1,1,1,0,1,0,0,0,0.3055555555555556,17.970312958595873,1
35,1,0,1,1,1,0,0,0,0,1,0,1,1,1,0,0,0,0,0,1,1,0,0,1,0,1,1,0,1,0,1,0,1,0,0,1,0.3333333333333333,20.27750653500503,1
36,1,0,1,1,1,0,0,0,0,1,0,1,1,1,0,0,0,0,0,1,1,0,0,1,0,1,1,0,1,0,1,0,1,0,0,0,0.3611111111111111,16.621619708213174,1
37,1,0,0,1,1,0,0,0,0,1,0,1,1,1,0,0,0,0,0,1,1,0,0,1,0,1,1,0,0,1,1,0,1,0,0,0,0.3055555555555556,16.045963629812697,1
38,1,0,0,1,1,0,0,0,0,1,0,1,1,1,0,0,0,0,0,1,0,0,1,1,0,1,1,0,1,0,1,0,1,0,0,0,0.2777777777777778,13.150596526791025,1
39,1,0,0,1,1,0,0,0,0,1,0,1,1,1,1,0,0,0,0,1,1,0,0,1,0,1,1,0,1,0,1,0,1,0,0,0,0.3055555555555556,14.069279081189539,1
40,1,0,0,1,1,0,0,0,0,1,0,1,1,1,0,0,0,0,0,1,1,0,0,1,0,1,1,0,1,1,1,0,1,0,0,1,0.3333333333333333,24.975729443303273,1
41,1,0,0,1,1,0,0,0,0,1,0,1,1,1,0,0,0,0,0,1,0,0,0,1,0,1,1,0,0,0,1,0,1,0,0,0,0.2777777777777778,13.164744374950114,1
42,1,0,0,1,1,0,0,0,0,1,0,1,1,1,0,0,0,0,0,1,1,0,0,1,0,1,1,0,1,0,1,0,1,0,0,0,0.3055555555555556,14.121614301029531,1
43,1,0,1,1,1,0,0,0,0,1,0,1,1,1,0,0,0,0,0,1,1,0,0,1,0,1,1,0,1,1,1,0,1,0,0,0,0.3333333333333333,19.47031836577952,1
44,1,0,1,1,1,0,0,0,0,1,0,1,1,1,0,0,0,0,0,1,0,0,0,1,0,1,1,0,1,0,1,0,1,0,0,1,0.3055555555555556,17.912076102661707,1
45,1,0,0,1,1,0,0,0,0,1,0,1,1,1,1,0,0,0,0,1,1,0,0,1,0,1,1,0,1,0,1,0,1,0,0,1,0.25,17.72421109420631,1
46,1,0,0,1,1,0,0,0,0,1,0,1,1,1,0,0,0,0,0,1,1,0,0,1,0,1,1,0,0,1,1,0,0,0,0,0,0.3055555555555556,14.705795909854853,1
47,1,0,0,1,1,0,0,0,0,1,0,1,1,1,0,0,0,0,0,1,1,0,0,1,0,1,1,0,1,0,1,0,1,0,0,0,0.3055555555555556,14.121614301029531,1
48,1,0,1,1,1,0,0,0,0,1,0,1,1,1,0,0,0,0,0,1,0,0,0,1,0,1,1,0,0,0,1,0,1,0,0,1,0.2777777777777778,17.85172073383275,1
49,1,0,1,1,1,0,0,0,0,1,0,1,1,1,0,0,0,0,0,1,0,0,0,1,0,1,1,0,1,1,1,0,1,0,0,0,0.3055555555555556,17.32152140262442,1
50,1,0,1,1,1,0,0,0,0,1,0,1,1,1,0,0,0,0,0,1,1,0,0,1,0,1,1,0,1,0,1,0,1,0,0,0,0.3611111111111111,16.621619708213174,1
51,1,0,0,1,1,0,0,0,0,1,0,1,1,1,0,0,0,0,0,1,1,0,0,1,0,1,1,0,0,0,1,0,1,0,0,0,0.2777777777777778,14.19726497224635,1
52,1,0,1,1,1,0,0,0,0,1,0,1,1,1,0,0,0,0,0,1,0,0,0,1,0,1,1,0,0,1,1,0,1,0,0,1,0.3055555555555556,19.97243147149066,1
53,1,0,1,1,1,0,0,0,0,1,0,1,1,1,0,0,0,0,0,1,1,0,0,1,0,1,1,0,0,0,1,0,1,0,0,1,0.3333333333333333,19.67839237737276,1
54,1,0,0,1,1,0,0,0,0,1,0,1,1,1,0,0,0,0,0,1,0,0,1,1,0,1,1,0,1,0,1,0,1,0,0,0,0.2777777777777778,13.150596526791025,1
55,1,0,0,1,1,0,0,0,0,1,0,1,1,1,0,0,0,0,0,1,1,0,0,1,0,1,1,0,0,1,1,0,1,0,0,0,0.2777777777777778,16.045963629812697,1
56,1,0,0,1,1,0,0,0,0,1,0,1,1,1,0,0,0,0,0,1,0,0,0,1,0,1,1,0,1,1,1,0,1,0,0,1,0.3055555555555556,21.03278143280224,1
57,1,0,0,1,1,0,0,0,0,1,0,1,1,1,0,0,0,0,0,1,1,0,1,1,0,1,1,0,0,0,1,0,1,0,0,0,0.3055555555555556,14.831472174101355,1
58,1,0,0,1,1,0,0,0,0,1,0,1,1,1,0,0,0,0,0,1,1,0,0,1,0,1,1,0,1,1,1,0,1,0,0,1,0.3055555555555556,24.975729443303273,1
59,1,0,0,1,1,0,0,0,0,1,0,1,1,1,0,0,0,0,0,1,1,0,0,1,0,1,1,0,1,0,1,0,1,0,0,0,0.3055555555555556,14.121614301029531,1
60,1,0,1,1,1,0,0,0,0,1,0,1,1,1,0,0,0,0,0,1,1,0,0,1,0,1,1,0,1,0,1,0,1,0,0,1,0.3333333333333333,20.27750653500503,1
61,1,0,1,1,1,0,0,0,0,1,0,1,1,1,1,0,0,0,0,1,1,0,0,1,0,1,1,0,1,1,1,0,1,0,0,1,0.3333333333333333,23.84133620029945,1
62,1,0,0,1,1,0,0,0,0,1,0,1,1,1,0,0,0,0,0,1,1,0,0,1,0,1,1,0,1,1,1,0,1,0,0,0,0.3055555555555556,17.970312958595873,1
63,1,0,0,1,1,0,0,0,0,1,0,1,1,1,0,0,0,0,0,1,1,0,0,1,0,1,1,0,1,0,1,0,1,0,0,0,0.25,14.121614301029531,1
64,1,0,0,1,1,0,0,0,0,1,0,1,1,1,0,0,0,0,0,1,1,0,1,1,0,1,1,0,0,1,1,0,1,0,0,0,0.25,17.696494863266285,1
65,1,0,0,1,1,0,0,0,0,1,0,1,1,1,0,0,0,0,0,1,1,0,0,1,0,1,1,0,1,0,1,0,1,0,0,1,0.3333333333333333,18.77750112803873,1
66,1,0,0,1,1,0,0,0,0,1,0,1,1,1,1,0,0,0,0,1,1,0,0,1,0,1,1,0,1,0,1,0,1,0,0,1,0.3055555555555556,17.72421109420631,1
67,1,0,0,1,1,0,0,0,0,1,0,1,1,1,0,0,0,0,0,1,0,0,0,1,0,1,1,0,0,0,1,0,1,0,0,0,0.2777777777777778,13.164744374950114,1
68,1,0,1,1,1,0,0,0,0,1,0,1,1,1,0,0,0,0,0,1,0,0,0,1,0,1,1,0,0,1,1,0,1,0,0,1,0.3055555555555556,19.97243147149066,1
69,1,0,1,1,1,0,0,0,0,1,0,1,1,1,0,0,0,0,0,1,0,0,0,1,0,1,1,0,0,1,1,0,1,0,0,0,0.3333333333333333,16.43593086264456,1
70,1,0,0,1,1,0,0,0,0,1,0,1,1,1,0,0,0,0,0,1,1,0,0,1,0,1,1,0,0,0,1,0,1,0,0,1,0.3611111111111111,17.67838697040645,1
71,1,1,1,1,1,0,0,0,0,1,0,1,1,1,0,0,0,0,0,1,1,0,0,1,0,1,1,0,1,1,1,0,1,0,0,1,0.2777777777777778,24.709814560981826,1
72,1,0,0,1,1,0,0,0,0,1,0,1,1,1,0,0,0,0,0,1,1,0,0,1,0,1,1,0,1,0,1,0,1,0,0,1,0.2777777777777778,18.77750112803873,1
73,1,0,0,1,1,0,0,0,0,1,0,1,1,1,0,0,0,0,0,1,0,0,0,1,0,1,1,0,1,0,0,0,1,0,0,0,0.25,12.529389909951355,1
74,1,0,0,1,1,0,0,0,0,1,1,1,1,1,0,0,0,0,0,1,1,0,0,1,0,1,1,0,1,0,1,0,1,0,0,0,0.3055555555555556,14.280061339193292,1
75,1,0,0,1,1,0,1,0,0,1,0,1,1,1,0,0,0,0,0,1,1,0,0,1,0,1,1,0,1,1,1,0,1,0,0,0,0.2777777777777778,17.68349301340214,1
76,1,0,1,1,1,0,0,0,0,1,0,1,1,1,0,0,0,0,0,1,1,0,0,1,0,1,1,0,0,0,1,0,1,0,0,1,0.3055555555555556,19.67839237737276,1
77,1,0,1,1,1,0,0,0,0,1,0,1,1,1,0,0,0,0,0,1,0,0,0,1,0,1,1,0,1,1,1,0,1,0,0,0,0.3055555555555556,17.32152140262442,1
78,1,0,0,1,1,0,0,0,0,1,0,1,1,1,0,0,0,0,0,1,1,0,0,1,0,1,1,0,1,0,1,0,1,0,0,0,0.3055555555555556,14.121614301029531,1
79,1,0,1,1,1,0,0,0,0,1,0,1,1,1,0,0,0,0,0,1,1,0,0,1,0,1,1,0,0,1,1,0,1,0,0,0,0.3333333333333333,18.045969036996347,1
80,1,1,0,1,1,0,0,0,0,1,0,1,1,1,0,0,0,0,0,1,1,0,0,1,0,1,1,0,1,0,1,0,1,0,0,1,0.3333333333333333,19.01335511161058,1
81,1,0,0,1,1,0,0,1,0,1,0,1,1,1,0,0,0,0,0,1,1,0,0,1,0,1,1,0,1,1,1,0,0,0,0,0,0.3055555555555556,18.671169597833202,1
82,1,1,1,1,1,0,0,0,0,1,0,1,1,1,1,0,0,0,0,1,1,0,0,1,0,1,1,0,1,0,1,0,1,0,0,1,0.2777777777777778,21.960122327463473,1
83,1,0,0,1,1,0,0,0,0,1,0,1,1,1,0,0,0,0,0,1,0,0,0,1,0,1,1,0,1,0,1,0,1,0,0,1,0.2777777777777778,15.91207069514432,1
84,0,1,0,1,0,1,1,1,1,0,1,1,0,0,1,1,1,1,1,0,0,1,1,0,1,1,0,1,0,0,0,0,0,1,0,0,0.3055555555555556,41.35805004080678,1
85,1,0,0,1,1,0,0,0,0,1,0,1,1,1,0,0,0,0,0,1,0,0,0,1,0,1,1,0,1,0,1,0,1,0,0,0,0.3611111111111111,12.550334914929982,1
86,0,1,0,1,0,0,1,1,1,0,1,1,0,0,1,1,1,1,1,0,0,1,1,0,1,1,0,1,1,0,0,0,0,1,0,0,0.2777777777777778,29.340843286687967,1
