,0,1,2,3,4,5,6,7,8,9,10,11,12,13,14,15,16,17,18,19,20,21,22,23,24,25,26,27,28,29,30,31,32,33,34,35,chain_break_fraction,energy,num_occurrences
0,1,1,0,0,0,0,1,1,0,0,0,0,1,1,1,0,0,1,1,0,0,0,0,1,1,0,0,1,0,0,0,0,1,0,1,1,0.2222222222222222,9.573285140436944,1
1,1,1,0,0,0,0,1,1,0,0,0,0,1,1,1,0,0,1,1,0,0,1,0,1,1,0,0,1,0,0,0,0,1,0,1,1,0.2222222222222222,11.11308932858299,1
2,0,0,0,1,1,1,0,0,1,1,0,0,0,0,0,1,1,0,0,0,1,0,0,1,0,1,1,1,1,0,1,1,0,1,0,0,0.25,16.81456697224322,1
3,1,1,0,0,0,0,1,1,0,0,0,0,1,0,1,0,0,1,1,0,0,1,0,0,1,0,0,0,0,0,0,0,1,0,1,1,0.2222222222222222,6.006268095057962,1
4,0,1,0,0,1,0,1,1,0,0,1,1,1,0,1,0,0,1,1,0,0,1,0,0,1,1,0,0,0,0,0,0,1,0,1,1,0.2222222222222222,9.62926784776947,1
5,1,1,0,0,0,0,1,1,0,0,0,1,1,1,1,0,0,1,1,0,0,1,1,1,1,1,0,1,0,0,0,0,1,0,1,1,0.25,14.800901292923609,1
6,1,1,0,0,0,0,1,1,0,0,0,0,1,1,1,0,0,1,1,0,0,0,0,1,1,0,0,1,0,0,0,0,1,0,1,1,0.25,9.573285140436944,1
7,1,1,0,0,1,0,1,1,0,0,0,0,1,1,1,0,0,1,1,0,0,0,1,1,1,1,0,1,0,0,0,0,1,0,1,1,0.19444444444444445,10.981628008042087,1
8,0,0,1,1,1,1,0,0,1,1,0,0,0,0,0,1,1,0,0,1,1,1,1,1,0,1,1,1,1,0,1,1,0,1,0,0,0.2222222222222222,34.90321823039889,1
9,1,1,0,0,0,0,0,1,0,0,0,0,1,1,1,0,0,1,1,0,0,1,0,1,1,0,0,1,0,0,0,0,1,0,1,1,0.2777777777777778,11.565179947743584,1
10,1,1,0,0,0,0,1,1,1,0,0,0,1,1,1,0,0,1,1,0,0,0,1,1,1,1,0,1,0,0,0,0,1,0,1,1,0.2222222222222222,10.925081640710072,1
11,1,1,1,0,0,0,1,1,0,0,0,1,1,1,1,0,0,1,1,0,0,1,1,1,1,1,0,1,0,0,0,0,1,0,1,1,0.25,14.677376848468604,1
12,0,0,0,1,1,1,0,0,1,1,1,0,0,0,0,1,1,0,0,0,1,0,0,1,0,1,0,1,1,1,1,1,0,1,0,0,0.2222222222222222,22.28036465676671,1
13,0,1,0,0,0,0,1,1,0,0,1,1,1,1,1,0,0,1,1,0,0,0,1,1,1,1,0,1,0,0,0,0,1,0,1,1,0.2777777777777778,12.221774380686117,1
14,0,0,1,1,1,1,0,0,1,1,1,0,0,0,0,1,1,0,0,0,1,1,0,1,0,1,1,1,1,0,1,1,0,1,0,0,0.2222222222222222,18.98822900392242,1
15,0,0,1,1,1,1,0,0,1,1,0,0,0,0,0,1,1,0,0,0,1,1,0,1,0,1,0,1,1,0,1,1,0,1,0,0,0.16666666666666666,17.65330857913023,1
16,1,1,0,0,0,0,0,1,0,0,0,0,1,1,1,0,0,1,1,0,0,1,1,1,1,0,0,1,0,0,0,0,1,0,1,1,0.25,12.344039680167988,1
17,0,0,1,1,0,1,0,0,1,1,0,0,0,0,0,1,1,0,0,0,1,0,1,1,0,1,1,1,1,0,1,1,0,1,0,0,0.2222222222222222,19.838899985724368,1
18,0,1,0,0,1,0,1,1,0,0,0,0,1,0,1,0,0,1,1,0,0,1,0,1,1,0,0,0,0,0,0,0,1,0,1,1,0.25,3.849878102569215,1
19,0,0,1,1,1,1,0,0,1,1,1,0,0,0,0,1,1,0,0,0,1,0,0,1,0,1,1,1,1,1,1,1,0,1,0,0,0.3055555555555556,23.98721981938407,1
20,0,0,1,1,0,1,0,0,1,1,0,0,0,0,0,1,1,1,0,0,1,1,0,1,0,1,1,1,1,1,1,1,0,1,0,0,0.2222222222222222,25.32307491719021,1
21,1,1,0,0,0,0,1,1,0,0,0,0,1,1,1,0,0,1,1,0,0,1,0,1,1,0,0,1,0,0,0,0,1,1,1,1,0.25,14.370936045104392,1
22,1,1,0,0,0,0,1,1,0,0,0,0,1,1,1,0,0,1,1,0,0,0,1,1,1,0,0,1,0,0,0,0,1,0,1,1,0.19444444444444445,8.84965639583169,1
23,0,0,1,1,0,1,0,0,1,1,1,0,0,0,0,1,1,0,0,0,1,0,1,1,0,0,1,1,1,1,1,1,0,0,0,0,0.25,11.642709551614233,1
24,0,0,0,1,1,1,0,0,1,1,1,0,0,0,0,1,1,0,0,0,1,0,0,1,0,1,1,1,1,1,1,1,0,1,0,0,0.2222222222222222,24.8491462153492,1
25,0,0,1,1,0,1,0,0,1,1,1,0,0,0,0,1,1,0,0,0,1,1,0,1,0,1,1,1,1,0,1,1,0,0,0,0,0.2222222222222222,12.578715996298781,1
26,0,0,1,1,1,1,0,0,1,1,0,0,0,0,0,1,1,0,0,0,1,0,0,1,0,1,1,1,1,0,1,1,0,1,0,0,0.3055555555555556,16.42155202607084,1
27,1,1,0,0,1,0,0,1,0,0,0,1,1,1,1,0,0,1,1,0,0,0,1,1,1,0,0,1,0,0,0,0,1,0,1,1,0.2222222222222222,11.269857399860769,1
28,0,0,0,1,1,1,0,0,1,1,0,0,0,0,1,1,1,0,0,0,1,0,0,1,0,1,1,1,1,1,1,1,0,1,0,0,0.3055555555555556,24.09645327627878,1
29,0,1,0,0,0,0,1,1,0,0,0,1,1,0,1,0,0,1,1,0,1,1,0,0,1,0,0,0,1,0,0,0,1,0,1,1,0.25,6.131401833753982,1
30,0,0,0,1,1,1,0,0,1,1,0,0,0,0,1,1,1,0,0,0,1,0,1,0,0,1,1,0,1,1,1,1,0,0,0,0,0.19444444444444445,11.856121062485695,1
31,1,1,0,0,0,0,1,1,0,0,0,0,1,1,1,0,0,1,1,0,0,1,1,1,1,0,0,1,1,0,0,0,1,0,1,1,0.2777777777777778,12.74530310587457,1
32,0,0,0,1,0,1,0,0,1,1,1,0,0,0,0,1,1,0,0,0,1,0,0,1,0,1,1,0,1,0,1,0,0,0,0,0,0.16666666666666666,7.452396801879814,1
33,1,1,0,0,0,0,0,1,0,0,0,0,1,1,1,0,0,1,1,0,0,1,0,1,1,1,0,1,0,0,0,0,1,0,1,1,0.2777777777777778,16.434359513129255,1
34,0,0,1,1,0,1,1,0,1,1,0,0,0,0,0,1,1,0,0,0,1,0,0,1,0,1,1,1,1,1,1,1,0,0,0,0,0.25,16.70855628530206,1
35,0,0,1,1,1,1,0,0,1,1,0,0,0,0,0,1,1,0,0,0,1,0,0,1,0,1,1,1,1,1,1,1,0,1,0,0,0.3333333333333333,25.41614575813627,1
36,1,1,0,0,0,0,1,1,0,0,0,0,1,1,1,0,0,1,1,0,0,0,0,1,1,0,0,1,0,0,0,0,1,0,1,1,0.25,9.573285140436944,1
37,1,1,0,0,1,0,0,1,0,0,0,0,1,0,1,0,0,1,1,0,0,1,0,0,1,1,0,0,0,0,0,0,1,0,1,1,0.19444444444444445,7.121044244211489,1
38,0,0,1,1,1,1,0,0,1,1,1,0,0,0,0,1,1,0,0,0,1,0,1,1,0,1,1,1,1,0,1,1,0,1,0,0,0.3055555555555556,17.532206704248004,1
39,0,0,1,1,1,1,1,0,1,0,1,0,0,0,0,1,1,0,0,0,1,0,0,1,0,1,1,1,1,0,1,1,0,1,0,0,0.25,15.293373700957584,1
40,0,0,1,1,1,1,0,0,1,1,0,0,0,0,0,1,1,0,0,0,1,0,0,1,0,1,1,1,1,1,1,1,0,1,0,0,0.3333333333333333,25.41614575813627,1
41,0,0,1,1,0,1,0,0,1,1,1,0,0,0,0,1,1,0,0,0,1,0,0,1,0,1,1,1,1,0,1,1,0,0,0,0,0.25,10.631607957992088,1
42,0,0,0,1,0,1,0,0,1,0,1,0,0,0,0,1,1,0,0,0,1,1,0,1,0,1,1,0,1,0,1,1,0,0,0,0,0.2222222222222222,8.444672740616477,1
43,0,0,1,1,0,1,0,0,1,1,0,0,0,0,1,1,1,0,0,1,1,0,1,1,0,1,1,1,1,0,1,1,0,0,0,0,0.25,16.37066430617275,1
44,0,0,1,1,0,1,0,0,1,1,0,0,0,0,0,1,1,0,0,0,1,1,0,1,0,1,0,0,1,0,1,1,0,1,0,0,0.16666666666666666,14.26063555058181,1
45,0,0,1,1,1,1,0,0,1,1,0,0,0,1,0,1,1,0,0,0,1,0,1,1,0,1,1,1,1,1,1,1,0,1,0,0,0.25,25.010674739609467,1
46,0,0,0,1,1,1,0,0,1,1,0,0,0,0,0,1,1,0,0,0,1,1,0,1,0,1,1,0,1,0,0,1,0,1,0,0,0.19444444444444445,12.044830530960542,1
47,0,0,1,1,1,1,0,0,1,1,1,0,0,0,0,1,1,0,0,0,1,0,0,1,0,1,1,1,1,0,1,1,0,0,0,0,0.2222222222222222,11.389182505869487,1
48,1,0,0,1,0,1,0,0,1,1,1,0,0,0,0,1,1,0,0,0,1,1,1,1,0,1,0,0,1,1,1,1,0,0,0,0,0.16666666666666666,14.485946935170269,1
49,0,0,1,1,0,1,0,0,0,1,0,0,0,0,0,1,1,0,0,0,1,0,0,1,0,0,1,1,1,0,1,1,0,0,0,0,0.16666666666666666,6.108600538007318,1
50,0,1,0,0,1,0,1,1,0,0,0,0,1,0,1,0,0,1,1,1,0,1,1,0,1,0,0,0,0,0,0,0,1,0,1,1,0.25,8.187089350439756,1
51,0,0,1,1,1,1,0,0,1,0,1,0,0,0,0,1,1,0,0,0,1,0,0,1,0,1,1,1,1,0,1,1,0,1,0,0,0.3055555555555556,16.24554535575622,1
52,1,1,0,0,0,0,1,1,0,0,1,1,1,1,1,0,0,1,1,0,0,1,0,1,1,1,0,1,0,0,0,0,1,0,1,1,0.3611111111111111,15.177177910301832,1
53,0,0,1,1,1,1,0,0,1,1,0,0,0,0,0,1,1,0,0,0,1,0,0,1,0,1,1,1,1,0,1,1,0,1,0,0,0.2777777777777778,16.42155202607084,1
54,1,1,0,0,0,0,1,1,0,0,0,0,1,1,1,0,0,1,1,0,0,0,1,1,1,0,0,1,1,0,0,0,1,0,1,1,0.2222222222222222,9.113358328531596,1
55,1,1,0,0,1,0,0,1,0,0,1,0,1,1,1,0,0,1,1,0,0,1,0,1,1,1,0,1,0,0,0,0,1,0,1,1,0.3333333333333333,13.580068871406773,1
56,0,0,1,1,1,1,0,0,1,1,0,0,1,0,0,1,1,0,0,1,1,0,0,1,0,1,1,1,1,0,1,1,0,1,0,0,0.25,21.23545801655764,1
57,1,1,0,0,0,0,1,1,0,0,0,0,1,1,1,0,0,1,0,0,0,1,1,1,1,0,0,1,0,1,0,0,0,0,1,1,0.25,11.429096024487803,1
58,0,0,1,1,1,0,0,0,1,1,0,0,0,0,0,1,1,0,0,0,1,1,0,1,0,1,1,0,1,1,1,1,0,1,0,0,0.2777777777777778,27.414342448949572,1
59,0,0,0,1,1,1,0,0,1,1,0,0,0,0,0,1,1,0,0,0,1,0,0,1,0,1,1,1,1,1,1,1,0,1,0,0,0.3611111111111111,26.809894596693653,1
60,0,0,1,1,1,1,0,0,1,1,1,0,0,0,0,1,1,0,0,0,1,1,1,1,0,1,0,0,1,1,1,1,0,0,0,0,0.2222222222222222,15.15687125863282,1
61,1,1,0,0,1,0,1,1,0,0,0,0,1,1,1,0,0,0,1,0,0,0,0,0,1,0,0,1,0,0,0,0,1,0,1,1,0.2222222222222222,10.822971198799038,1
62,0,0,1,1,0,1,0,0,1,1,0,0,0,0,0,1,1,0,0,0,1,1,0,1,0,1,1,0,0,1,1,1,0,1,0,0,0.2222222222222222,20.579996998625198,1
63,1,1,1,0,0,0,1,1,0,0,0,1,1,1,1,0,0,1,1,0,0,0,1,1,1,1,0,1,0,1,0,0,1,0,1,1,0.2777777777777778,16.725473809568474,1
64,0,0,1,1,0,1,0,0,1,0,0,0,0,0,0,1,1,0,0,0,1,0,0,1,0,1,1,1,1,0,1,1,0,1,0,0,0.3055555555555556,19.997014541248625,1
65,1,1,0,0,0,0,1,1,0,0,0,1,1,1,1,0,0,1,0,1,0,1,1,1,1,1,0,1,0,0,0,0,1,0,1,1,0.3055555555555556,19.34762074820155,1
66,0,0,0,1,0,1,0,0,1,1,0,0,0,0,1,1,1,0,0,0,1,1,0,1,0,1,1,0,1,1,1,1,0,1,0,0,0.3055555555555556,23.995099450663872,1
67,0,0,0,1,0,1,0,0,1,1,0,0,0,0,0,1,1,0,0,0,1,0,0,1,0,1,1,0,1,1,1,1,0,0,0,0,0.2777777777777778,13.430418169049918,1
68,0,0,1,1,0,1,0,0,0,1,1,0,0,0,0,1,1,0,0,0,1,1,0,1,0,1,1,0,1,1,0,1,0,1,0,0,0.2222222222222222,20.20741636519337,1
69,0,0,1,1,1,1,0,0,0,1,1,0,0,0,0,1,1,0,0,0,1,0,0,1,0,1,1,1,1,1,1,1,0,1,0,0,0.3055555555555556,25.117783498599305,1
70,0,0,1,1,0,1,0,0,1,0,1,0,0,0,0,1,1,0,0,0,1,0,0,1,0,1,1,1,0,0,1,1,0,0,0,0,0.19444444444444445,7.555214984979099,1
71,0,0,1,1,1,1,0,0,1,1,0,0,0,0,0,1,1,0,1,0,1,0,0,1,0,1,0,1,1,0,1,1,0,1,0,0,0.3055555555555556,16.62633811721792,1
72,1,1,0,0,0,0,0,1,0,0,0,1,1,1,1,0,0,1,0,0,0,1,1,1,1,0,0,1,0,0,0,0,1,0,1,1,0.2777777777777778,10.139583061035108,1
73,0,0,1,1,0,1,1,0,1,1,0,0,0,0,1,1,1,0,0,0,1,1,0,1,0,1,1,0,1,1,0,1,0,1,0,0,0.2222222222222222,17.33647694824615,1
74,1,0,1,1,0,1,1,0,1,1,1,0,0,0,0,1,1,0,0,0,1,0,0,1,0,1,1,1,1,1,1,1,0,0,0,0,0.2222222222222222,15.82196303155829,1
75,0,0,1,1,0,1,0,0,1,1,0,0,1,0,0,1,1,0,0,0,1,0,0,1,0,1,1,0,1,1,1,1,0,1,0,0,0.25,19.502431027406075,1
76,1,1,1,0,1,0,1,1,0,0,0,0,1,1,1,0,0,1,1,0,0,1,0,1,1,1,0,0,0,0,0,0,1,0,1,1,0.25,9.907908016362907,1
77,0,0,1,1,0,1,0,0,1,1,1,0,0,0,0,1,1,0,0,0,1,1,0,1,0,1,1,0,1,0,1,1,0,1,0,0,0.3055555555555556,14.60822642644453,1
78,0,0,1,1,1,1,0,0,1,1,0,0,0,0,0,1,1,0,0,1,1,0,1,1,0,1,0,1,1,0,1,1,0,1,0,0,0.2222222222222222,22.762014640841446,1
79,0,0,1,1,0,1,0,0,1,0,1,0,0,0,0,1,1,0,0,0,1,1,0,1,0,1,0,0,1,0,0,0,0,1,0,0,0.1388888888888889,5.471425041832527,1
80,0,0,1,1,0,1,0,0,0,1,1,0,0,0,0,1,1,0,0,0,1,0,1,1,0,1,1,1,0,1,1,1,0,0,0,0,0.25,15.818931486499661,1
81,0,0,1,1,0,1,0,0,1,1,0,1,1,0,0,1,1,0,0,1,1,0,0,1,0,1,1,1,1,0,1,1,0,1,0,0,0.2222222222222222,21.722674425267392,1
82,1,1,0,0,0,0,0,1,0,0,0,1,1,1,0,0,0,1,1,0,0,0,0,1,1,1,0,1,0,0,0,0,1,0,0,1,0.19444444444444445,11.901029597736578,1
83,1,1,0,0,0,0,1,1,0,0,0,0,0,0,1,0,0,1,1,0,0,1,0,0,1,0,0,0,0,0,0,0,1,0,1,1,0.25,5.491982351081955,1
84,1,1,0,0,1,0,1,1,0,0,0,1,1,0,1,0,0,1,1,1,0,1,1,1,1,0,0,0,0,0,0,0,1,0,1,1,0.16666666666666666,10.203935544002622,1
85,0,0,1,1,0,1,0,0,0,0,1,0,0,0,0,1,1,0,0,0,1,0,0,1,0,1,1,1,1,0,1,0,0,0,0,0,0.2777777777777778,6.030308805787548,1
86,0,0,1,1,0,1,0,0,1,1,1,0,0,0,1,1,1,1,0,0,1,1,1,1,0,1,1,0,1,1,1,1,0,0,0,0,0.2222222222222222,10.807321244660848,1
87,0,1,0,0,0,0,1,1,0,0,1,0,1,1,0,0,0,1,1,0,0,0,1,1,1,0,0,1,0,0,0,0,1,0,1,1,0.2222222222222222,8.955143362348398,1
88,0,0,0,1,0,1,1,0,1,1,1,0,1,0,0,1,1,0,0,0,1,0,1,0,0,1,1,0,1,0,1,1,0,0,0,0,0.16666666666666666,10.730390415654082,1
89,0,1,0,0,0,0,1,1,0,0,1,1,1,1,1,0,0,1,1,1,0,0,1,1,1,1,0,1,0,0,0,0,1,0,0,1,0.2222222222222222,15.658402029957905,1
90,1,1,1,0,0,0,1,1,0,0,0,1,1,0,0,0,0,1,0,0,0,1,0,0,1,1,0,1,0,0,0,0,1,0,1,1,0.25,12.823386081635835,1
91,0,0,1,1,1,1,0,0,1,0,1,0,1,0,0,1,1,0,0,1,1,0,1,0,0,1,1,1,1,0,1,0,0,0,0,0,0.2777777777777778,8.728086406910105,1
92,0,0,0,1,0,1,1,0,1,1,0,0,0,0,0,1,1,0,0,0,1,1,0,1,0,1,0,0,1,0,1,1,0,1,0,0,0.2777777777777778,13.69386957609519,1
93,1,1,1,0,0,0,1,1,0,0,0,0,1,1,1,0,0,1,1,1,0,1,0,1,1,0,0,1,0,0,0,0,1,0,0,1,0.16666666666666666,15.04515084820568,1
94,0,0,1,1,0,1,0,0,1,1,1,0,0,0,1,1,1,0,0,0,1,1,1,1,0,1,1,0,1,1,0,1,0,0,0,0,0.2777777777777778,12.727610540516398,1
95,1,1,1,0,1,0,1,1,0,0,0,1,1,1,0,0,0,1,1,0,0,1,1,1,1,0,0,1,0,0,0,0,1,0,1,1,0.2777777777777778,14.732492706885687,1
96,0,0,1,1,0,1,0,0,1,1,0,0,0,0,0,1,1,0,0,0,1,0,0,1,0,1,1,1,1,1,1,1,0,1,0,0,0.3333333333333333,27.32670138867153,1
97,0,0,1,1,0,1,0,0,1,1,1,0,0,0,0,1,1,0,0,1,1,0,0,1,0,1,1,1,1,1,1,1,0,1,0,0,0.3055555555555556,35.092165673628,1
98,0,0,1,1,1,1,0,0,1,1,1,0,0,0,0,1,1,0,0,0,1,1,0,1,0,1,1,1,1,1,1,1,0,1,0,0,0.3333333333333333,29.14094487722347,1
99,0,0,1,1,1,1,0,0,0,1,1,0,1,0,0,1,1,0,0,0,1,0,0,1,0,1,1,1,1,0,1,1,0,1,0,0,0.25,14.921759548699574,1
