,0,1,2,3,4,5,6,7,8,9,10,11,12,13,14,15,16,17,18,19,20,21,22,23,24,25,26,27,28,29,30,31,32,33,34,35,chain_break_fraction,energy,num_occurrences
0,0,1,1,0,0,1,1,0,1,0,1,0,1,0,0,0,0,1,1,0,1,0,1,0,0,1,0,1,1,0,0,1,1,0,0,0,0.25,11.73346626845111,1
1,0,1,1,0,0,1,1,0,1,0,1,0,0,0,0,0,0,1,1,0,1,0,1,0,0,0,0,1,0,0,0,1,1,0,0,0,0.2222222222222222,7.802418821737003,1
2,0,1,1,0,0,1,1,0,1,0,1,0,1,0,0,0,0,1,1,0,1,0,1,0,0,1,0,1,1,0,0,1,1,0,0,0,0.2777777777777778,11.73346626845111,1
3,0,1,1,0,0,1,1,0,1,0,1,0,0,0,0,0,0,1,1,0,1,0,1,0,0,0,0,1,1,0,0,1,1,0,0,0,0.25,6.853483155402499,1
4,0,1,1,0,0,1,1,0,1,0,1,0,0,0,0,0,0,1,1,0,1,0,1,0,0,0,0,1,1,0,0,1,1,0,0,0,0.2777777777777778,6.853483155402499,1
5,0,1,1,0,0,1,1,0,1,0,1,0,0,0,0,0,0,1,1,0,1,0,1,0,0,1,0,1,1,0,0,1,1,0,0,0,0.25,11.232078456729806,1
6,0,1,1,0,0,1,1,0,1,0,1,0,0,0,0,0,0,1,1,0,1,0,1,0,0,1,0,1,1,0,0,1,1,0,0,0,0.25,11.232078456729806,1
7,0,1,1,0,0,1,0,0,1,0,1,0,0,0,0,0,0,1,1,0,1,0,1,0,0,0,0,1,1,0,0,1,1,0,0,0,0.2777777777777778,6.4607920251266995,1
8,0,1,1,0,0,1,1,0,1,0,1,0,0,0,0,0,1,1,1,0,1,0,1,0,0,1,0,1,1,0,0,1,1,0,0,0,0.3055555555555556,12.044408744600325,1
9,0,1,1,0,0,1,1,0,0,0,1,0,1,0,0,0,0,1,1,0,1,0,1,0,0,0,0,1,0,0,0,1,1,0,0,0,0.2222222222222222,8.954186288919281,1
10,0,1,1,0,0,1,1,0,1,0,1,0,0,0,0,0,0,1,1,0,1,0,1,0,0,1,0,1,0,0,0,1,1,0,0,0,0.3055555555555556,10.83694462356921,1
11,0,1,1,1,0,1,1,0,1,0,1,0,0,0,0,0,0,1,1,0,1,0,1,0,0,0,0,1,0,0,0,1,1,0,0,0,0.16666666666666666,12.629206936358681,1
12,0,1,1,0,0,1,1,0,1,0,1,0,0,0,0,0,0,1,1,0,1,0,1,0,0,0,0,1,1,0,0,1,1,0,0,0,0.2777777777777778,6.853483155402499,1
13,0,1,1,0,0,1,1,0,1,0,1,0,1,0,0,0,0,1,1,0,1,0,1,0,0,1,0,1,1,0,0,1,1,0,0,0,0.3333333333333333,11.73346626845111,1
14,0,1,1,0,0,1,1,0,1,0,1,0,0,0,0,0,0,1,1,0,1,0,1,0,0,1,0,1,1,0,0,1,1,0,0,0,0.3333333333333333,11.232078456729806,1
15,0,1,1,0,0,1,1,0,1,0,1,0,0,0,0,0,0,1,1,0,1,0,1,0,0,0,0,1,1,0,0,1,1,0,0,0,0.2777777777777778,6.853483155402499,1
16,0,1,1,0,0,1,1,0,1,0,1,0,1,0,0,0,0,1,1,0,1,0,1,0,0,1,0,1,0,0,0,1,1,0,0,0,0.3055555555555556,11.844694517906692,1
17,0,1,1,0,0,1,1,0,1,0,1,0,1,0,0,0,0,1,1,0,1,0,1,0,0,1,0,1,1,0,0,1,1,0,0,0,0.3055555555555556,11.73346626845111,1
18,0,1,1,0,0,1,1,0,1,0,1,0,1,0,0,0,0,1,1,0,1,0,1,0,0,0,0,1,1,0,0,1,1,0,0,0,0.3055555555555556,8.377972689740412,1
19,0,1,1,0,0,1,1,0,1,0,1,0,0,0,0,0,0,1,1,0,1,0,1,0,1,1,0,1,1,0,0,1,1,0,0,0,0.3055555555555556,14.421376107393467,1
20,0,1,1,0,0,1,1,0,1,0,1,0,0,0,0,0,0,1,1,0,1,0,1,0,0,0,0,1,0,0,0,1,1,0,0,0,0.25,7.802418821737003,1
21,0,1,0,0,0,1,1,0,1,0,1,0,0,0,0,0,0,1,1,0,1,0,1,0,0,0,0,1,1,0,0,1,1,0,0,0,0.25,7.162822603786354,1
22,0,1,1,0,0,1,1,0,1,0,1,0,0,0,0,0,0,1,1,0,1,0,1,0,0,0,0,1,0,0,1,1,1,0,0,0,0.25,8.027099754853456,1
23,0,1,1,0,0,1,1,0,0,0,1,0,0,0,0,0,0,1,1,0,1,0,1,0,1,0,0,1,1,0,0,1,1,0,0,0,0.2222222222222222,8.663720616299127,1
24,0,1,1,0,0,1,1,0,1,0,1,0,0,0,0,0,0,1,1,0,1,0,1,0,0,1,0,1,1,0,0,1,1,0,0,0,0.3333333333333333,11.232078456729806,1
25,0,1,1,0,0,1,1,0,1,0,1,0,1,0,0,0,0,1,1,0,1,0,1,0,1,1,0,1,1,0,0,1,1,0,0,0,0.3055555555555556,14.411213057806457,1
26,0,1,1,0,0,1,0,0,1,0,1,0,1,0,0,0,0,1,1,0,1,0,1,0,1,1,0,1,1,0,0,1,1,0,0,0,0.2777777777777778,15.084253724565567,1
27,0,1,1,1,0,1,1,0,1,0,1,0,1,0,0,0,0,1,1,0,1,0,1,0,0,1,0,1,1,0,0,1,1,0,0,0,0.2777777777777778,13.286299961876008,1
28,0,1,1,0,0,1,1,0,0,0,1,0,1,0,0,0,0,1,1,0,1,0,1,0,0,0,0,1,1,0,0,1,1,0,0,0,0.2777777777777778,7.998888552270033,1
29,0,1,1,1,0,1,1,0,0,0,1,0,0,0,0,0,0,1,1,0,1,0,1,0,0,0,0,1,0,0,0,1,1,0,0,0,0.25,11.250122029580794,1
30,0,1,1,0,0,1,1,0,1,0,1,0,0,0,0,0,1,1,1,0,1,0,1,0,0,1,0,1,0,0,0,1,1,0,0,0,0.3055555555555556,12.149876300121406,1
31,0,1,1,0,0,1,1,0,1,0,1,0,0,0,0,0,0,1,1,0,1,0,1,0,1,0,0,1,1,0,0,1,1,0,0,0,0.2777777777777778,8.042780806066151,1
32,0,1,1,0,0,1,0,0,1,0,1,0,1,0,0,0,0,1,1,0,1,0,1,0,0,0,0,1,0,0,0,1,1,0,0,0,0.2777777777777778,8.422191950750697,1
33,0,1,1,0,0,1,1,0,1,0,0,0,0,0,0,0,0,1,1,0,1,0,1,0,0,1,0,1,0,0,0,1,1,0,0,0,0.25,11.476421741602763,1
34,0,1,1,0,0,1,0,0,1,0,1,0,0,0,0,0,0,1,1,0,1,0,1,0,1,0,0,1,1,0,0,1,1,0,0,0,0.2777777777777778,8.172000550826036,1
35,0,1,1,0,0,1,1,0,1,0,1,0,0,0,0,0,0,1,1,0,1,0,1,0,0,1,0,1,1,0,0,1,1,0,1,0,0.3055555555555556,12.49824240592984,1
36,0,1,1,0,0,1,1,0,1,0,1,0,1,0,0,0,0,1,1,0,1,0,1,0,1,0,0,1,1,0,0,1,1,0,0,0,0.3055555555555556,9.055719479095767,1
37,0,1,1,1,0,1,1,0,1,0,1,0,1,0,0,0,0,1,1,0,1,0,1,0,1,0,0,1,1,0,0,1,1,0,0,0,0.2777777777777778,12.023126348306846,1
38,0,1,1,1,0,1,0,0,1,0,1,0,0,0,0,0,0,1,1,0,1,0,1,0,1,0,0,1,1,0,0,1,1,0,0,0,0.2222222222222222,8.743266530026693,1
39,0,1,1,0,0,1,1,0,0,0,1,0,1,0,0,0,0,1,1,0,1,0,1,0,0,1,0,1,0,0,0,1,1,0,0,0,0.25,11.965658136765992,1
40,0,1,1,1,0,1,1,0,1,0,1,0,1,0,0,0,0,1,1,0,1,0,1,0,0,1,1,1,1,0,0,1,1,0,0,0,0.25,15.052280551776128,1
41,0,1,1,0,0,1,1,0,1,0,1,0,1,0,0,0,0,1,1,0,1,0,1,0,0,1,0,1,1,0,0,1,1,0,0,0,0.3055555555555556,11.73346626845111,1
42,0,1,1,0,0,1,1,0,1,0,1,0,1,0,0,0,0,1,1,0,1,0,1,0,1,1,0,1,1,0,0,1,1,0,0,0,0.3055555555555556,14.411213057806457,1
43,0,1,0,0,0,1,1,0,1,0,1,0,1,0,0,0,0,1,1,0,1,0,1,0,0,1,0,0,1,0,0,1,1,0,0,0,0.2222222222222222,8.076359933109579,1
44,0,1,1,0,0,1,1,0,1,0,1,0,1,0,0,0,0,1,1,0,1,0,1,0,0,1,0,1,1,0,0,1,1,0,0,0,0.3611111111111111,11.73346626845111,1
45,0,1,1,0,0,1,1,0,0,0,1,0,1,0,0,0,0,1,1,0,1,0,1,0,0,0,0,1,1,0,0,1,1,0,0,0,0.2777777777777778,7.998888552270033,1
46,1,1,1,1,0,1,1,0,1,0,1,0,0,0,0,0,0,1,1,0,1,0,1,0,0,1,0,1,0,0,0,1,1,0,0,0,0.2222222222222222,14.821096308733388,1
47,0,1,1,1,0,1,1,0,1,0,1,0,0,0,0,0,0,1,1,0,1,0,1,0,1,0,0,1,1,0,0,1,1,0,0,0,0.25,10.009528733512273,1
48,0,1,1,0,0,1,1,0,1,0,1,0,1,0,0,0,0,1,1,0,1,0,1,0,0,1,0,1,1,0,0,1,1,0,0,0,0.3333333333333333,11.73346626845111,1
49,0,1,1,0,0,1,1,0,0,0,1,0,0,0,0,0,0,1,0,0,1,0,1,0,1,0,0,1,1,0,0,1,1,0,0,0,0.2222222222222222,6.6257106444098515,1
50,0,1,1,1,0,1,1,0,1,0,1,0,0,0,0,0,0,1,1,0,1,0,1,0,0,0,0,1,1,0,0,1,1,0,0,0,0.25,10.2348042586348,1
51,0,1,1,0,0,1,1,0,1,0,1,0,0,0,0,0,0,1,1,0,1,0,1,0,0,1,0,0,1,0,0,1,1,0,0,0,0.2777777777777778,6.402564486243266,1
52,0,1,1,0,0,1,0,0,0,0,1,0,1,0,0,0,1,1,1,0,1,0,1,0,0,0,0,1,1,0,0,1,1,0,0,0,0.2777777777777778,9.231133406174589,1
53,0,1,1,0,0,1,1,0,1,0,1,0,1,0,0,0,0,1,1,0,1,0,1,0,0,1,0,1,1,0,0,1,1,0,0,0,0.25,11.73346626845111,1
54,0,1,1,0,0,1,1,1,1,0,1,0,0,0,0,0,0,1,1,0,1,0,1,0,0,1,0,1,1,0,0,1,1,0,0,0,0.25,13.929817217138698,1
55,0,1,1,0,0,1,1,0,1,0,1,0,0,0,0,0,0,1,1,0,1,0,1,0,1,0,0,1,1,0,0,1,1,0,0,0,0.2777777777777778,8.042780806066151,1
56,0,1,1,1,0,1,1,0,0,0,1,0,1,0,0,0,0,1,1,0,1,0,1,0,0,1,0,1,1,0,1,1,1,0,0,0,0.25,13.719811329153522,1
57,0,1,1,0,0,1,1,0,1,0,1,0,0,0,0,0,0,1,1,0,1,0,1,0,0,1,0,1,1,0,0,1,1,0,0,0,0.3055555555555556,11.232078456729806,1
58,0,1,1,0,0,1,1,0,1,0,1,0,1,0,0,0,0,1,1,0,1,0,1,0,0,0,0,1,1,0,1,1,1,0,0,0,0.2777777777777778,8.602797965672153,1
59,0,1,1,1,0,1,0,0,1,0,1,0,0,0,0,0,0,1,1,0,1,0,1,0,0,0,0,1,1,0,0,1,1,0,0,0,0.25,8.446631180113545,1
60,0,1,1,1,0,1,1,0,1,0,1,0,1,0,0,0,0,1,1,0,1,0,1,0,0,1,0,1,1,0,0,1,1,0,1,0,0.2222222222222222,13.051825320255762,1
61,0,1,1,0,0,1,1,0,1,0,1,0,1,0,0,0,0,1,1,0,1,0,1,0,0,1,0,1,1,0,0,1,1,0,1,0,0.3055555555555556,12.499606329659512,1
62,0,1,1,1,0,1,0,0,0,0,1,0,0,0,0,0,0,1,1,0,1,0,1,0,1,1,0,0,0,0,0,1,1,0,0,0,0.2222222222222222,8.581532559607322,1
63,0,1,1,1,0,1,0,0,1,0,1,0,1,0,0,0,1,1,1,0,1,0,1,0,1,0,0,1,1,0,0,1,1,0,0,0,0.25,12.881237100319094,1
64,0,1,1,0,0,1,1,0,0,0,1,0,0,0,0,0,0,1,1,0,1,0,1,0,0,1,0,0,0,0,0,1,1,0,0,0,0.2777777777777778,6.749749993560529,1
65,0,1,0,0,0,1,1,0,1,0,1,0,0,0,0,0,0,1,1,0,1,0,1,0,0,0,0,1,1,0,0,1,1,0,0,0,0.1388888888888889,7.162822603786354,1
66,0,1,1,0,0,1,0,0,1,0,1,0,1,0,0,0,0,1,1,0,1,0,0,0,0,1,0,1,1,0,0,1,1,0,0,0,0.25,10.412498448612155,1
67,0,1,1,1,1,1,1,0,1,0,1,0,0,0,0,0,0,1,1,0,1,0,1,0,0,0,0,1,1,0,0,1,1,0,1,1,0.19444444444444445,13.248297567444345,1
68,0,1,1,1,1,1,1,0,1,0,1,0,0,0,0,0,0,1,1,0,1,0,1,0,1,0,0,1,1,0,0,1,1,0,1,0,0.2777777777777778,11.518183903497897,1
69,0,1,1,1,0,1,0,0,1,0,1,0,1,0,0,0,0,1,1,0,1,0,1,0,0,1,0,1,1,0,0,1,1,0,1,0,0.25,12.307550815699193,1
70,0,1,1,0,0,1,1,1,0,0,1,0,0,0,0,0,0,1,1,0,1,0,1,0,1,1,0,1,0,0,0,1,1,0,0,0,0.3055555555555556,16.165884896018632,1
71,0,1,1,0,0,1,1,0,1,0,1,0,1,0,0,0,0,1,1,0,1,0,1,0,0,0,0,1,1,0,0,1,1,0,1,0,0.3055555555555556,8.132791426647808,1
72,0,1,1,0,0,1,1,0,1,0,1,0,1,0,0,0,0,1,1,0,1,0,1,0,0,1,0,1,1,0,0,0,1,0,1,0,0.25,10.235527308362474,1
73,0,1,1,0,0,1,1,1,1,0,1,0,0,0,0,0,0,1,1,0,1,0,1,0,0,0,0,1,1,0,0,1,1,0,0,0,0.3333333333333333,11.6388654159541,1
74,0,1,1,0,0,1,1,0,1,0,1,0,0,0,0,0,0,1,1,0,1,0,1,0,0,1,0,1,1,0,0,1,1,0,0,1,0.3611111111111111,15.764406355129875,1
75,0,0,1,1,0,1,0,0,1,0,1,0,0,0,0,0,0,1,1,0,1,0,1,0,0,0,0,1,0,0,0,1,1,0,1,0,0.1388888888888889,7.584665116109008,1
76,0,1,1,1,0,1,1,0,0,0,1,0,1,0,0,0,0,1,1,0,1,0,1,0,1,0,0,0,0,0,0,1,1,0,1,0,0.16666666666666666,11.610713684027628,1
77,1,0,0,1,0,0,0,0,0,1,0,0,0,0,0,0,1,0,1,0,0,0,1,0,1,0,0,0,0,1,0,0,0,0,1,0,0.0,0.7460762777067351,1
78,0,1,1,0,0,1,1,0,1,0,1,0,0,0,0,0,0,1,1,0,1,0,1,0,0,0,0,1,0,0,1,1,1,0,0,0,0.3055555555555556,8.027099754853456,1
79,1,0,0,0,1,0,0,0,0,1,0,1,0,1,1,1,1,0,0,0,0,1,0,0,1,0,1,0,1,1,1,0,0,1,1,1,0.19444444444444445,13.328819470848318,1
80,1,0,0,0,0,0,0,1,0,1,0,1,0,1,1,1,1,0,0,1,0,1,0,1,1,0,1,0,0,1,1,0,0,1,1,1,0.25,25.581650417349966,1
81,0,1,1,0,0,0,0,0,1,0,1,0,1,0,0,0,0,1,1,0,1,0,1,0,0,1,0,1,0,0,0,1,1,1,0,0,0.2777777777777778,16.768333370328932,1
82,1,0,1,1,0,1,1,0,1,0,0,0,1,0,0,0,0,1,1,0,1,0,1,0,0,1,0,0,0,0,0,1,1,0,0,0,0.16666666666666666,8.724828358029784,1
83,1,0,0,0,1,0,0,0,0,1,0,1,0,1,1,1,1,0,0,1,0,1,0,1,0,1,1,0,0,1,1,0,0,1,1,1,0.2777777777777778,30.302971409468594,1
84,1,0,0,0,0,0,0,1,0,1,0,1,0,1,1,1,1,0,0,0,0,1,0,1,1,0,1,0,0,1,1,0,0,1,0,1,0.25,16.74403492116857,1
85,0,0,0,0,0,0,0,1,0,1,0,1,0,1,1,1,0,0,0,0,0,1,0,1,1,0,0,0,0,1,1,0,0,1,1,1,0.16666666666666666,17.428815709352,1
86,1,1,1,1,0,1,1,0,1,0,1,0,0,0,0,0,0,1,1,0,1,0,1,0,1,1,0,1,1,0,0,1,1,0,0,0,0.4166666666666667,14.427110045384449,1
87,1,0,0,0,1,0,0,0,0,1,0,1,0,1,1,1,1,0,0,1,0,1,0,1,0,0,0,0,0,1,1,0,0,1,1,1,0.3055555555555556,16.817366206675878,1
88,1,0,0,0,1,0,0,1,0,1,0,1,0,1,1,1,1,0,0,0,0,1,0,1,1,0,1,0,0,1,1,0,0,1,1,1,0.3055555555555556,18.168162227128775,1
89,1,0,0,0,0,0,0,1,0,1,0,0,0,0,1,1,1,0,0,0,0,1,0,0,0,0,1,0,0,0,1,0,0,0,1,1,0.1388888888888889,9.41969525741109,1
90,1,0,0,0,0,0,0,1,0,1,0,0,1,0,1,1,1,0,0,0,0,1,0,0,1,0,1,0,0,0,1,0,0,0,1,1,0.16666666666666666,9.634580672238936,1
91,1,0,0,0,0,0,0,1,0,1,0,1,0,1,1,1,0,0,0,1,0,1,0,0,0,0,0,0,1,1,0,0,0,1,1,1,0.3055555555555556,16.074662725545856,1
92,1,0,0,0,1,0,0,0,0,1,0,1,0,1,1,1,1,0,0,0,0,1,0,1,1,0,0,0,0,1,1,0,0,1,1,1,0.3333333333333333,13.482804540796744,1
93,1,0,0,0,0,0,0,1,0,1,0,1,0,1,1,1,1,0,0,0,0,1,0,1,1,0,0,0,0,1,1,0,0,1,1,1,0.3333333333333333,16.29251570741426,1
94,1,0,0,0,1,0,0,1,0,1,0,1,0,1,0,1,1,0,0,0,0,1,0,1,0,0,1,0,0,1,1,0,0,1,0,1,0.25,14.651327345348756,1
95,1,0,0,0,0,0,0,1,0,1,1,1,0,1,1,1,1,0,0,0,0,1,0,1,1,0,1,0,0,1,1,0,0,1,1,1,0.2222222222222222,18.748436430587137,1
96,1,0,0,0,1,1,0,0,0,1,0,1,0,1,1,1,1,0,0,0,0,1,0,1,1,0,0,0,1,1,1,0,0,1,1,1,0.3055555555555556,17.619526139246602,1
97,0,0,0,0,0,0,1,1,0,1,0,0,0,0,1,1,0,0,0,0,0,0,0,0,1,0,1,0,1,0,0,0,1,0,1,0,0.08333333333333333,7.937425313637293,1
98,1,0,0,0,0,0,0,0,0,1,0,1,1,0,0,1,1,0,0,0,0,1,0,1,1,0,1,0,0,1,0,0,0,1,1,1,0.1388888888888889,15.105857543142,1
99,1,0,1,0,0,0,0,1,0,1,0,0,0,1,1,1,0,0,0,1,0,1,0,0,1,0,1,0,0,0,1,0,0,0,1,0,0.1388888888888889,14.187142282708024,1
