,0,1,2,3,4,5,6,7,8,9,10,11,12,13,14,15,16,17,18,19,20,21,22,23,24,25,26,27,28,29,30,31,32,33,34,35,chain_break_fraction,energy,num_occurrences
0,0,1,0,1,1,0,0,0,0,1,1,0,0,1,0,1,0,1,0,0,1,0,1,1,1,0,0,1,1,0,0,0,1,1,0,0,0.3055555555555556,13.312296074930646,1
1,0,1,0,1,1,0,0,0,0,1,1,0,0,1,0,1,0,1,0,0,1,0,0,1,1,0,0,1,1,0,1,0,1,1,0,0,0.3333333333333333,13.065138124019121,1
2,0,1,0,1,1,0,0,0,0,1,1,0,0,1,0,1,0,1,0,0,1,0,0,1,1,0,0,1,1,0,1,0,1,1,0,0,0.3333333333333333,13.065138124019121,1
3,0,1,0,1,1,0,0,0,0,1,1,0,0,1,0,1,0,1,0,0,1,0,0,1,1,0,0,1,0,0,1,0,1,1,0,0,0.3888888888888889,15.04659883777325,1
4,0,1,0,1,1,0,0,0,0,1,1,0,0,1,0,1,0,1,0,0,1,0,0,1,1,0,0,1,1,0,0,0,1,1,1,0,0.2777777777777778,13.26452701167658,1
5,0,1,0,1,1,0,0,0,0,1,1,0,0,1,0,1,0,1,0,0,1,0,1,1,1,0,0,1,1,0,1,0,1,1,0,0,0.3611111111111111,13.213638467745056,1
6,0,1,0,1,1,0,0,0,0,1,1,0,0,1,0,1,0,1,0,0,1,0,0,1,1,0,0,1,1,1,0,0,1,1,0,0,0.3333333333333333,12.661784636175256,1
7,0,1,0,1,1,0,0,0,0,1,1,1,0,1,0,1,0,1,0,0,1,0,0,1,1,0,0,1,0,1,0,0,1,1,0,0,0.3333333333333333,21.462221702840374,1
8,0,1,0,1,1,0,0,0,0,1,1,0,0,1,0,1,0,1,0,0,1,0,0,1,1,0,0,1,1,0,0,0,1,1,0,0,0.3611111111111111,13.800377739539503,1
9,0,1,0,1,1,0,0,0,1,1,1,0,0,1,0,1,0,1,0,0,1,0,1,1,1,0,0,1,1,0,1,0,1,1,0,0,0.3888888888888889,14.696866452896614,1
10,1,0,1,0,0,1,1,1,1,1,0,1,1,1,1,1,1,1,1,1,0,1,0,0,0,1,1,0,0,1,0,1,0,0,1,1,0.2777777777777778,26.62903105146172,1
11,0,1,0,1,1,0,0,0,0,1,1,0,0,1,0,1,0,1,0,0,1,0,0,1,1,0,0,1,1,0,0,0,0,1,0,0,0.3055555555555556,15.372379828665007,1
12,0,1,0,1,1,0,0,0,0,1,1,0,0,1,0,1,0,1,0,0,1,0,0,1,1,0,0,1,0,0,0,0,1,1,0,0,0.3055555555555556,16.369674291221628,1
13,0,1,0,1,1,0,0,0,0,1,1,0,0,1,0,1,0,1,0,0,1,0,1,1,1,0,0,1,0,0,0,0,1,1,0,0,0.3333333333333333,15.38006189007426,1
14,0,1,0,1,1,0,0,0,0,1,1,0,0,1,0,1,0,1,0,0,1,0,0,1,1,0,0,1,1,1,1,0,1,1,0,0,0.3333333333333333,13.102216696510851,1
15,0,1,0,1,1,0,0,0,0,1,1,0,1,0,0,1,0,1,0,0,1,0,1,1,1,0,0,1,1,0,0,0,1,1,0,0,0.3055555555555556,10.805914856230666,1
16,0,1,0,1,1,0,0,0,0,1,1,0,0,1,0,1,0,1,0,0,1,0,0,1,1,0,0,1,1,0,0,0,1,1,0,0,0.25,13.800377739539503,1
17,0,1,0,1,1,0,0,0,0,1,1,0,0,1,0,1,0,1,0,0,1,0,1,1,1,0,0,1,1,0,0,0,0,1,0,0,0.3888888888888889,14.38421440310746,1
18,0,1,0,1,1,0,0,0,0,1,1,0,0,1,0,1,0,1,0,0,1,0,1,1,1,0,0,1,1,0,1,0,0,0,0,0,0.3055555555555556,16.87270689358143,1
19,0,1,0,1,1,0,0,0,0,1,1,0,0,1,0,1,0,1,0,0,0,0,1,1,1,0,0,1,1,0,1,0,1,1,0,0,0.4166666666666667,13.101840099628362,1
20,0,1,0,1,1,0,0,0,0,1,1,0,0,1,0,1,0,1,0,0,1,0,0,1,1,0,0,1,0,0,1,0,0,1,0,0,0.3888888888888889,16.87998221134801,1
21,0,1,0,1,1,0,0,0,0,1,1,0,0,1,0,1,0,1,0,0,1,0,0,0,1,0,0,1,1,0,0,0,0,1,0,0,0.3055555555555556,19.348710679780066,1
22,0,1,0,1,1,0,0,0,0,1,1,0,0,1,0,1,0,1,0,0,1,0,0,1,1,0,0,1,1,0,0,0,1,1,0,0,0.3333333333333333,13.800377739539503,1
23,0,1,0,1,1,0,0,0,0,1,1,0,0,1,0,0,0,1,0,0,0,0,0,1,1,0,0,1,1,0,0,0,1,1,0,0,0.3333333333333333,8.807478475315742,1
24,0,1,0,1,1,0,0,0,0,1,1,0,0,1,0,1,0,1,0,0,1,0,0,1,1,0,0,1,1,0,1,0,1,1,1,0,0.3611111111111111,13.202009822794347,1
25,0,1,0,1,1,0,0,0,0,1,1,0,0,1,0,1,0,1,0,0,1,0,0,1,1,0,0,1,1,0,0,0,1,1,0,0,0.3611111111111111,13.800377739539503,1
26,0,1,0,1,1,0,0,0,0,1,1,0,0,1,0,0,0,1,0,0,1,0,0,1,1,0,0,1,1,0,0,0,1,1,1,0,0.3333333333333333,8.740833372165635,1
27,0,1,0,1,1,0,0,0,0,1,1,0,0,1,0,0,0,1,0,0,1,0,0,1,1,0,0,1,1,0,0,0,0,1,1,0,0.3055555555555556,8.775899433178544,1
28,0,1,0,1,1,0,0,0,0,1,1,0,0,1,0,1,0,1,0,0,1,0,1,1,1,0,0,1,1,0,1,0,1,1,0,0,0.3611111111111111,13.213638467745056,1
29,0,1,0,1,1,0,0,0,0,1,1,0,0,1,0,1,0,1,0,0,1,0,1,1,1,0,0,1,0,0,0,0,0,1,0,0,0.4444444444444444,17.23225702226502,1
30,0,1,0,1,1,0,0,0,0,1,1,0,0,1,0,1,0,1,0,0,1,0,1,1,1,0,0,1,1,0,0,0,1,1,0,0,0.3888888888888889,13.312296074930646,1
31,0,1,0,1,1,0,0,0,0,1,1,0,0,1,0,0,0,1,0,0,1,0,0,1,1,0,0,1,1,0,0,0,1,1,1,0,0.25,8.740833372165635,1
32,0,1,0,1,1,0,0,0,0,1,1,0,1,1,0,1,0,1,0,0,1,0,0,1,1,0,0,1,1,0,1,0,0,1,0,0,0.3333333333333333,17.12423549263586,1
33,0,1,0,1,1,0,0,0,0,1,1,0,0,1,0,1,1,1,0,0,1,0,0,1,1,0,0,1,1,0,0,0,1,1,1,0,0.3333333333333333,15.372481626374626,1
34,0,1,0,1,1,0,0,0,0,1,1,0,0,1,0,1,0,1,0,0,1,0,1,1,1,0,0,1,1,0,0,0,1,1,0,0,0.4722222222222222,13.312296074930646,1
35,0,1,0,1,1,0,0,0,0,1,1,0,0,1,0,1,0,1,0,0,1,0,1,0,1,0,0,1,0,0,1,0,1,1,0,0,0.3611111111111111,15.399629230585788,1
36,0,1,0,1,1,0,0,0,0,1,1,0,0,1,0,1,0,1,0,0,1,0,0,0,1,0,0,1,1,0,0,0,1,1,0,0,0.3055555555555556,16.776541068757187,1
37,0,1,0,1,1,0,1,0,0,1,1,0,0,1,0,1,0,1,0,0,1,0,1,1,1,0,0,1,1,0,1,0,1,1,0,0,0.3333333333333333,12.454901107661527,1
38,0,1,0,1,1,0,0,0,0,1,0,0,0,1,0,1,0,1,0,0,1,0,0,1,1,0,0,1,1,1,0,0,1,1,0,0,0.2777777777777778,11.19375502909164,1
39,0,1,0,1,1,0,0,0,0,1,1,1,0,1,0,1,0,0,0,0,1,0,1,1,1,0,0,1,1,0,0,0,1,1,0,0,0.3888888888888889,17.53644801231602,1
40,0,1,0,1,1,0,0,0,1,1,1,0,0,1,0,0,0,1,0,0,1,0,0,1,1,0,0,1,1,0,1,0,0,1,0,0,0.3055555555555556,9.681263154315703,1
41,0,1,0,1,1,0,0,0,0,1,1,0,0,1,0,1,0,1,0,0,1,0,1,1,1,0,0,1,1,0,1,0,1,1,0,0,0.3611111111111111,13.213638467745056,1
42,0,1,0,1,1,0,0,0,0,1,1,0,0,1,0,0,0,1,0,0,1,0,1,1,1,0,0,1,1,0,1,0,0,1,0,0,0.3888888888888889,9.263866134354318,1
43,0,1,0,1,1,0,0,0,1,1,1,0,0,1,0,0,0,1,0,0,1,0,1,1,1,0,0,1,1,0,0,0,0,1,0,0,0.19444444444444445,9.994612650269534,1
44,0,1,0,1,1,0,0,0,0,1,1,0,0,1,0,1,0,1,0,0,1,0,1,1,1,0,0,1,1,0,0,0,0,1,0,0,0.3888888888888889,14.38421440310746,1
45,0,1,0,1,1,0,0,0,0,1,1,0,0,1,0,0,0,1,0,0,1,0,0,1,1,0,0,1,1,0,0,0,0,1,0,0,0.3611111111111111,8.809384953681263,1
46,0,1,0,1,1,0,0,0,0,1,1,0,0,1,0,0,0,1,0,0,1,0,1,1,1,0,0,1,1,0,0,0,0,1,0,0,0.3333333333333333,8.824180152501183,1
47,0,1,0,1,1,0,0,0,0,1,1,0,0,1,0,1,0,1,0,0,1,0,1,1,1,0,0,1,1,0,1,0,1,1,0,0,0.3888888888888889,13.213638467745056,1
48,0,1,0,1,1,0,1,0,0,1,1,0,0,0,0,1,0,1,0,0,1,0,1,1,1,0,0,1,1,0,0,0,1,1,0,0,0.3611111111111111,9.114484003757186,1
49,0,1,0,1,1,0,0,0,0,1,1,0,0,1,0,0,0,1,0,0,1,0,0,1,1,0,0,1,0,0,1,0,1,1,0,0,0.4166666666666667,9.282534829762062,1
50,1,0,1,0,0,1,1,1,1,1,0,1,1,1,1,1,1,1,1,1,0,1,0,0,0,1,1,0,0,1,0,1,0,0,1,1,0.2777777777777778,26.62903105146172,1
51,0,1,0,1,1,0,0,0,0,1,1,0,0,1,0,1,0,1,0,0,1,0,0,1,1,0,0,1,1,0,0,0,1,1,1,0,0.3611111111111111,13.26452701167658,1
52,0,1,0,1,1,0,0,0,0,1,1,0,0,1,0,1,0,1,0,0,1,0,1,1,1,0,0,1,1,0,1,0,0,1,0,0,0.3888888888888889,13.766661276357183,1
53,0,1,0,1,1,0,0,0,0,1,1,0,0,1,0,1,0,1,0,0,1,0,0,1,1,0,0,1,1,0,0,0,0,1,0,0,0.3611111111111111,15.372379828665007,1
54,0,1,0,1,1,0,0,0,0,1,1,0,0,1,0,0,0,1,0,0,1,0,0,1,1,0,0,1,1,0,1,0,0,1,1,0,0.3333333333333333,9.25172583333504,1
55,0,1,0,1,1,0,0,0,0,1,1,0,0,1,0,1,0,1,0,0,1,0,1,1,1,0,0,1,1,0,0,0,0,1,1,0,0.4166666666666667,14.323127375658332,1
56,0,1,0,1,1,0,0,0,0,1,1,0,0,1,0,1,0,1,0,0,1,0,1,1,1,0,0,1,1,0,1,0,1,1,0,0,0.3333333333333333,13.213638467745056,1
57,0,1,0,1,1,0,0,0,1,1,1,0,0,1,0,0,0,1,0,0,1,0,1,1,1,0,0,1,1,0,0,0,1,1,0,0,0.3055555555555556,9.317780915568655,1
58,0,1,0,1,1,0,0,0,0,1,1,0,0,1,0,1,0,1,0,0,1,0,1,1,1,0,0,1,1,0,1,0,0,1,0,0,0.3333333333333333,13.766661276357183,1
59,0,1,0,1,1,0,0,0,1,1,1,0,1,0,0,0,0,1,0,0,1,0,0,1,1,0,0,1,1,0,0,0,0,1,1,0,0.25,7.43902616077236,1
60,0,1,0,1,1,0,0,0,0,1,1,0,0,1,0,1,0,1,0,0,1,0,1,1,1,0,0,1,1,0,1,0,1,1,1,0,0.3888888888888889,14.325436835861739,1
61,0,1,0,1,1,0,0,0,1,1,1,0,0,1,0,0,0,1,0,0,1,0,0,1,1,0,0,1,0,0,1,0,1,1,1,0,0.25,10.780477911786864,1
62,0,1,0,1,1,0,0,0,0,1,1,0,0,1,0,1,0,1,0,0,1,0,1,1,1,0,0,1,1,0,0,0,1,1,0,0,0.3055555555555556,13.312296074930646,1
63,0,1,0,1,1,0,0,0,0,1,1,1,0,1,0,1,0,1,0,0,1,0,0,1,1,0,0,1,0,1,0,0,0,1,0,0,0.3055555555555556,23.29072004713685,1
64,0,1,0,1,1,0,0,0,0,1,1,0,0,1,0,1,0,1,0,0,1,0,0,1,1,0,0,1,1,0,0,0,0,0,1,0,0.3055555555555556,18.4800443722701,1
65,0,1,0,1,1,0,0,0,0,1,1,0,0,0,0,1,1,1,0,0,1,0,1,1,1,0,0,1,1,0,1,0,0,1,1,0,0.2222222222222222,12.871659501419657,1
66,1,1,0,1,1,0,0,0,0,1,1,0,0,1,0,0,0,1,0,0,1,0,0,1,1,0,0,1,1,0,1,0,1,1,1,0,0.3611111111111111,9.697849374868573,1
67,0,1,0,1,1,0,0,0,0,1,1,0,0,1,0,1,0,0,0,0,1,0,0,1,1,0,0,0,0,0,1,0,1,0,1,0,0.2777777777777778,14.85215959749428,1
68,0,1,0,1,1,0,0,0,0,1,1,0,0,1,0,1,0,1,0,0,1,0,0,1,1,0,0,1,0,0,1,0,0,1,0,0,0.3055555555555556,16.87998221134801,1
69,0,1,0,1,1,0,0,0,0,1,1,0,0,1,0,1,0,1,0,0,1,0,1,1,1,0,0,1,1,0,1,0,1,1,0,0,0.4166666666666667,13.213638467745056,1
70,0,1,0,1,1,0,0,0,0,1,1,0,0,1,0,1,0,1,0,0,1,0,0,1,1,0,0,1,1,0,0,0,1,1,0,0,0.3611111111111111,13.800377739539503,1
71,0,1,0,1,1,0,0,0,0,1,1,0,1,0,0,0,1,1,0,0,1,0,1,0,1,0,0,1,0,0,0,0,0,1,1,0,0.16666666666666666,9.02377800820264,1
72,0,1,0,1,1,0,0,0,0,1,1,0,0,1,0,1,0,1,0,0,1,0,1,1,1,0,0,1,1,0,1,0,0,1,0,0,0.4166666666666667,13.766661276357183,1
73,1,0,1,0,0,1,1,1,1,1,0,1,1,1,1,1,1,1,1,1,0,1,0,0,0,1,1,0,0,1,0,1,1,0,1,1,0.3333333333333333,25.275889498197547,1
74,0,1,0,1,1,0,0,0,0,1,1,0,0,1,0,1,0,1,0,0,0,0,1,0,1,0,0,1,1,0,0,0,0,1,0,0,0.3333333333333333,19.371485620354566,1
75,0,1,0,1,1,0,0,0,1,1,1,0,1,1,0,1,0,1,0,0,1,0,1,1,1,0,0,1,0,0,1,0,1,1,0,0,0.3611111111111111,20.1198619666843,1
76,1,0,1,0,0,1,1,1,0,0,0,0,1,0,1,1,1,1,1,1,0,1,1,0,0,1,1,0,0,0,0,1,0,0,0,1,0.2777777777777778,11.02787093399591,1
77,1,0,1,0,0,1,1,1,0,1,0,1,1,0,1,1,1,1,1,1,0,1,0,0,0,1,1,0,0,1,0,1,0,0,0,1,0.19444444444444445,19.471220023002466,1
78,1,1,0,1,1,0,0,0,0,1,1,0,0,1,0,1,0,1,0,0,1,0,0,1,1,0,0,1,1,0,1,0,0,1,0,0,0.3611111111111111,16.35940090104067,1
79,0,1,0,1,0,0,1,0,0,1,1,0,1,0,0,1,0,1,0,0,1,0,1,1,1,0,0,1,1,0,1,0,1,1,0,0,0.3055555555555556,9.297981676519859,1
80,1,1,0,1,1,0,0,0,1,1,1,0,0,1,0,0,0,1,0,0,1,1,0,1,1,0,0,1,1,0,0,0,1,1,1,0,0.3333333333333333,13.175597085269219,1
81,1,1,0,1,1,0,0,0,0,1,1,0,0,0,0,1,0,1,0,0,1,0,1,0,1,0,0,1,1,0,1,0,1,1,1,0,0.2777777777777778,9.525369955283114,1
82,0,1,0,1,1,0,0,0,0,1,1,0,1,1,0,1,0,1,0,0,1,0,1,0,1,0,0,1,0,0,1,0,0,1,1,0,0.3333333333333333,19.39869287633111,1
83,1,0,1,0,0,1,1,1,1,0,0,1,0,1,1,1,1,1,1,1,0,1,0,0,0,1,1,0,0,1,0,1,0,0,1,1,0.2777777777777778,19.94803360424849,1
84,1,0,1,1,0,1,1,1,1,0,0,0,0,0,1,0,1,0,1,1,0,1,1,0,0,1,1,0,0,0,0,1,0,0,1,1,0.25,11.858477618547798,1
85,1,0,1,1,0,1,1,1,1,1,0,1,1,0,1,1,1,1,1,1,0,1,0,0,0,1,0,0,0,1,1,1,1,0,0,1,0.2777777777777778,27.39826051641308,1
86,0,1,0,1,1,0,0,0,1,1,1,0,0,1,0,1,0,1,0,0,0,0,0,1,1,0,0,1,1,0,0,0,0,1,0,0,0.3055555555555556,21.145199383099353,1
87,0,1,0,1,1,0,0,0,0,1,1,0,0,1,0,0,0,1,0,0,1,0,0,0,1,0,0,1,1,0,1,0,0,1,0,0,0.3611111111111111,9.30973451289018,1
88,1,0,1,1,0,0,1,1,0,0,0,1,1,0,1,1,1,1,1,1,0,1,0,0,0,1,1,0,1,1,1,1,1,0,0,1,0.2777777777777778,25.075091900111367,1
89,0,1,0,1,1,0,0,0,1,1,1,0,0,1,0,1,0,1,0,0,1,0,0,1,1,0,0,1,0,0,1,0,0,1,1,0,0.3055555555555556,19.07626812681705,1
90,0,1,0,1,1,0,1,0,1,1,1,0,0,0,0,0,0,1,0,0,1,0,0,0,1,0,0,0,0,0,1,0,1,1,0,1,0.16666666666666666,8.066278997348084,1
91,1,1,0,1,1,0,0,0,0,1,0,0,0,1,0,0,1,1,0,0,1,0,0,0,1,0,0,1,0,0,1,0,1,1,0,0,0.3055555555555556,12.500125083240963,1
92,1,1,0,1,1,0,0,0,0,1,1,0,1,1,0,1,0,1,0,0,0,0,0,1,1,0,0,1,0,0,1,0,0,1,1,0,0.4722222222222222,23.68346062740096,1
93,1,0,1,0,0,0,1,1,0,0,0,1,1,0,1,1,1,1,1,1,0,1,0,0,0,1,1,0,1,1,0,1,0,0,0,1,0.16666666666666666,18.70494797107028,1
94,0,1,0,1,1,0,0,0,0,1,1,0,1,0,0,0,0,0,0,0,0,0,1,1,0,0,0,1,0,0,0,0,1,0,1,0,0.16666666666666666,7.20471430208455,1
95,1,0,1,0,0,0,0,1,0,1,0,0,1,0,1,1,1,1,1,1,0,1,0,0,0,1,1,0,1,0,0,1,1,0,0,1,0.19444444444444445,11.006896821399025,1
96,1,1,0,1,0,0,0,0,0,1,1,0,1,0,0,0,0,1,0,0,1,0,1,0,1,0,0,1,0,0,0,0,1,0,1,0,0.16666666666666666,7.9430569946096,1
97,0,1,0,1,1,0,0,0,0,1,1,0,0,0,0,0,0,1,0,0,1,0,0,1,1,0,0,0,0,0,1,0,0,1,1,0,0.16666666666666666,6.734894064548887,1
98,0,1,0,1,1,0,0,0,1,1,1,0,1,1,0,0,0,1,0,0,1,1,1,1,1,0,1,1,0,0,0,0,0,1,1,0,0.3333333333333333,18.285957684218804,1
99,1,1,0,1,1,0,1,0,0,1,1,0,0,1,0,0,0,0,0,0,1,0,0,1,1,1,0,0,1,0,1,0,0,1,0,0,0.2777777777777778,6.48221332300356,1
