,0,1,2,3,4,5,6,7,8,9,10,11,12,13,14,15,16,17,18,19,20,21,22,23,24,25,26,27,28,29,30,31,32,33,34,35,chain_break_fraction,energy,num_occurrences
0,0,1,1,0,0,0,0,0,0,1,1,0,1,1,0,0,1,0,1,1,0,0,0,0,0,1,0,1,1,0,1,0,1,1,0,1,0.2222222222222222,16.008873052820423,1
1,0,1,1,1,0,0,0,0,0,1,1,0,1,0,0,0,1,0,1,0,0,0,0,1,0,1,0,0,1,1,1,0,1,0,0,1,0.19444444444444445,10.889364655475473,1
2,0,1,1,1,0,0,0,0,1,0,1,0,0,0,0,0,1,0,1,0,0,1,0,0,0,1,0,1,1,0,1,0,1,0,0,1,0.16666666666666666,12.335798894414312,1
3,0,1,1,1,0,0,0,0,1,0,1,0,0,0,0,0,1,0,1,0,0,0,0,0,0,1,0,0,1,0,1,0,1,0,0,1,0.25,1.8722153903177206,1
4,0,1,1,0,0,0,0,0,1,0,1,0,1,0,0,0,1,0,1,0,0,0,0,0,0,1,0,1,1,1,1,0,1,0,0,1,0.25,11.77935196583671,1
5,0,1,1,1,0,0,0,0,1,0,1,0,0,1,0,0,1,0,1,0,0,0,0,0,0,1,0,0,1,0,1,0,1,0,0,1,0.2222222222222222,3.293698284667662,1
6,0,1,1,1,0,0,0,0,1,0,1,0,0,1,0,0,1,0,1,1,0,0,0,0,0,1,0,1,1,0,1,0,1,0,0,1,0.25,8.757998907598203,1
7,0,1,1,1,0,0,0,0,0,1,1,0,1,1,0,0,1,0,1,1,0,0,0,0,0,1,0,1,1,0,1,0,1,1,0,1,0.25,14.831803165691147,1
8,0,1,1,1,0,0,0,0,0,1,1,0,0,1,0,0,1,0,1,1,0,0,0,0,0,1,0,0,1,0,1,0,1,1,0,1,0.2222222222222222,11.260041669239412,1
9,0,1,1,1,0,0,0,0,1,1,1,0,0,0,0,0,1,0,1,0,0,0,0,0,0,1,0,1,1,0,1,0,1,0,0,1,0.2222222222222222,4.8245201906162505,1
10,0,1,1,1,0,1,0,0,1,1,1,0,1,1,0,0,1,0,1,1,0,0,0,0,0,1,0,1,1,0,1,0,1,0,0,1,0.3333333333333333,12.234503416343992,1
11,0,1,1,1,0,0,0,0,0,1,1,0,0,1,0,0,1,0,1,0,0,1,0,0,0,1,0,0,1,0,1,0,1,0,0,1,0.19444444444444445,5.604868562947738,1
12,0,1,1,0,0,1,0,0,1,1,1,0,1,1,0,0,1,0,1,1,0,1,0,0,0,1,0,1,1,0,1,0,1,0,0,1,0.25,12.290838431078939,1
13,0,1,1,1,0,0,0,0,0,1,1,0,0,1,0,0,1,0,1,1,0,0,0,0,0,1,0,1,1,0,1,0,1,0,0,1,0.2222222222222222,8.604107212911195,1
14,0,1,1,1,0,0,0,1,0,1,1,0,1,1,0,0,1,0,1,1,0,0,0,0,0,1,0,1,1,0,1,0,1,1,0,1,0.2222222222222222,14.60054531196292,1
15,0,1,1,1,0,0,0,1,1,0,1,0,1,0,0,0,1,0,1,1,0,0,0,0,0,1,0,1,1,0,1,0,1,0,0,1,0.2222222222222222,8.22700059400014,1
16,0,1,1,1,0,0,0,0,1,0,1,0,1,0,0,0,1,0,1,0,0,0,0,0,0,1,0,0,1,0,1,0,1,0,0,1,0.25,1.5829568374926883,1
17,0,1,1,1,0,0,0,0,0,1,1,0,0,1,0,0,1,0,1,0,0,1,0,0,0,1,0,1,1,0,1,0,1,0,0,1,0.25,8.2606490250639,1
18,0,1,1,1,0,0,0,0,1,1,1,0,0,0,0,0,1,0,1,0,0,1,0,0,0,1,0,0,1,1,1,0,1,0,0,1,0.2222222222222222,12.58903363953606,1
19,0,1,1,1,0,0,0,0,0,1,1,0,0,1,0,0,1,0,1,1,0,0,0,0,0,1,0,0,1,0,1,0,1,1,0,1,0.25,11.260041669239412,1
20,0,1,1,0,0,0,0,0,0,1,1,0,1,1,0,0,1,0,1,1,0,0,0,0,0,1,0,0,1,0,1,0,1,1,0,1,0.3055555555555556,10.011966814912883,1
21,0,1,1,0,0,0,0,0,0,1,1,0,1,1,0,0,1,0,1,1,0,0,0,0,0,1,0,1,1,0,1,0,1,0,0,1,0.25,7.5253585224600865,1
22,0,1,1,1,0,0,0,0,0,1,1,0,0,1,0,0,1,0,1,1,0,0,0,0,0,1,0,0,1,0,0,0,1,0,0,1,0.2222222222222222,6.557263531507018,1
23,0,1,1,1,0,0,0,0,0,1,1,0,0,1,0,0,1,0,1,0,0,1,0,0,0,1,0,1,1,1,1,0,1,0,0,1,0.25,15.535683172519482,1
24,0,1,1,1,0,0,0,0,1,0,1,0,0,0,0,0,1,0,1,0,0,0,0,0,0,1,0,0,1,0,1,0,1,0,0,1,0.2777777777777778,1.8722153903177206,1
25,0,1,1,0,0,0,0,0,0,1,1,0,1,0,0,0,1,0,1,1,0,0,0,0,0,1,0,1,1,0,1,0,1,0,0,1,0.2777777777777778,9.845607442560643,1
26,0,1,1,1,0,1,0,0,0,0,1,0,1,0,0,0,1,0,1,0,0,0,0,0,0,1,0,1,1,0,1,0,1,0,0,1,0.2777777777777778,5.639812937575323,1
27,0,1,1,1,0,1,0,1,0,1,1,0,1,1,0,0,1,0,1,1,0,0,0,0,0,1,0,0,1,1,1,0,1,1,0,1,0.19444444444444445,18.61210011118161,1
28,0,1,1,1,0,1,0,0,0,1,1,0,1,0,0,0,1,0,1,1,0,0,0,0,0,1,0,0,1,0,1,0,1,0,0,1,0.3055555555555556,7.750077534599958,1
29,0,1,1,1,0,0,0,0,0,0,1,0,1,1,0,0,1,0,1,1,0,0,0,0,0,1,0,0,1,0,1,0,1,1,0,1,0.2222222222222222,12.236634836424505,1
30,0,1,1,1,0,1,0,1,0,1,1,0,0,1,0,0,1,0,1,1,0,0,0,0,0,1,0,1,1,0,1,0,1,0,0,1,0.2777777777777778,12.784751482519606,1
31,0,1,1,1,0,0,0,0,1,1,0,0,0,0,0,0,1,0,1,0,0,1,0,0,0,1,0,0,1,0,1,0,1,0,0,1,0.16666666666666666,6.9917565619765245,1
32,0,1,1,1,0,0,0,0,1,0,1,0,1,1,0,0,1,0,1,0,0,0,1,0,0,1,0,0,1,0,1,0,1,0,0,1,0.2777777777777778,4.540485970291735,1
33,0,1,1,1,0,0,0,0,0,1,1,0,0,1,0,0,1,0,1,0,0,0,0,0,0,1,0,0,1,1,1,0,0,0,0,1,0.16666666666666666,5.249768639169391,1
34,0,1,1,1,0,0,0,0,1,0,1,0,0,1,0,0,1,0,1,0,0,1,0,0,0,1,0,1,1,0,1,0,1,0,0,1,0.2222222222222222,8.414663732183255,1
35,0,1,1,1,0,0,0,1,1,0,1,0,1,0,0,0,1,0,1,0,0,0,0,0,0,1,1,0,1,0,1,0,1,0,0,1,0.16666666666666666,3.5275034965486363,1
36,0,1,1,1,0,1,0,0,1,0,1,0,1,1,0,0,1,0,1,1,0,0,0,0,0,1,0,1,1,0,1,0,1,0,0,1,0.3055555555555556,9.404538224442186,1
37,0,1,1,1,0,1,0,0,0,1,1,0,1,1,0,0,1,0,1,1,0,0,0,0,0,1,0,0,1,0,1,0,1,1,0,1,0.3333333333333333,13.356567214039105,1
38,0,1,1,1,0,1,0,0,0,1,1,0,0,1,0,0,1,0,1,1,0,0,0,0,0,1,0,0,1,0,1,0,1,0,0,1,0.3055555555555556,9.681308624738639,1
39,0,1,1,1,0,0,0,0,1,0,1,0,1,1,0,0,1,0,1,1,0,0,0,0,0,1,0,1,1,1,1,0,1,0,0,1,0.25,14.109871048732101,1
40,0,1,1,1,0,0,0,0,0,1,1,0,0,1,0,0,1,0,1,1,1,0,0,0,0,1,0,0,1,0,1,0,1,0,0,1,0.2777777777777778,7.271230077073843,1
41,0,1,1,1,0,0,0,0,1,1,1,0,1,0,0,0,1,0,1,0,0,0,0,0,0,1,0,1,1,0,1,0,1,0,0,1,0.2222222222222222,4.448037008471737,1
42,1,0,0,0,1,0,1,0,0,0,0,1,0,1,1,1,0,1,0,0,1,0,1,0,1,0,1,0,0,0,0,1,0,0,1,0,0.2777777777777778,15.905689880907712,1
43,0,1,1,1,0,1,0,0,0,1,1,0,0,1,0,0,1,0,1,1,0,0,0,0,0,1,0,0,1,1,1,0,1,0,0,1,0.25,11.258481827870147,1
44,0,1,1,1,0,0,0,0,1,0,1,0,1,0,0,0,1,0,1,0,0,0,0,0,0,1,0,1,1,1,1,0,1,0,0,1,0.2777777777777778,9.6982657963739,1
45,0,1,1,1,0,0,0,0,1,1,1,0,1,1,0,0,1,0,1,1,0,0,0,0,0,1,0,1,1,0,0,0,1,1,0,1,0.3055555555555556,12.708074313381271,1
46,0,1,1,1,0,0,0,0,0,1,1,0,0,1,0,0,1,0,1,1,0,1,0,0,0,1,0,1,1,0,1,0,1,0,0,1,0.25,15.148285178693694,1
47,1,0,0,0,1,0,1,0,0,0,0,1,0,1,1,1,0,1,0,0,1,0,1,0,1,0,1,0,0,0,0,1,0,0,1,0,0.3055555555555556,15.905689880907712,1
48,0,1,1,0,0,0,0,0,0,1,1,0,1,1,0,0,1,0,1,1,0,0,0,0,0,1,0,0,1,0,1,0,1,0,0,1,0.25,4.171693687701094,1
49,0,1,1,0,0,1,0,0,0,0,1,0,1,0,0,0,1,0,1,0,0,1,0,0,0,1,0,1,1,1,1,0,1,0,0,1,0.25,22.153752653048976,1
50,0,1,1,1,0,0,0,0,0,1,1,0,0,1,0,0,1,1,1,1,0,0,0,0,0,1,0,1,1,0,1,0,1,0,0,1,0.25,11.48367248551605,1
51,0,1,1,1,0,0,0,0,1,0,1,0,0,1,0,0,1,0,1,1,0,0,0,0,0,1,0,0,1,0,0,0,1,1,0,1,0.25,9.525481168513728,1
52,0,1,1,1,0,0,0,1,0,1,1,0,1,1,0,0,1,0,1,1,0,0,0,0,0,1,0,1,1,1,1,0,1,1,0,1,0.2222222222222222,21.04794367553939,1
53,0,1,1,1,0,0,0,0,0,1,1,0,1,1,0,0,1,0,1,1,0,0,0,0,0,1,0,0,1,0,1,0,1,1,0,1,0.2777777777777778,10.96503143071776,1
54,0,1,1,1,0,1,0,0,1,1,1,0,0,1,0,0,1,0,1,1,0,0,0,0,0,1,0,1,1,0,0,0,1,0,0,1,0.3055555555555556,11.540284059208336,1
55,0,1,1,1,0,0,0,0,0,1,1,0,1,1,0,0,1,0,1,1,0,1,0,0,0,1,0,0,1,0,1,0,1,0,0,1,0.3333333333333333,9.592542296140286,1
56,0,1,1,1,0,0,0,0,0,1,1,0,0,1,0,0,1,0,1,0,0,1,0,0,0,1,0,0,1,0,0,0,1,0,0,1,0.2222222222222222,6.115132805094121,1
57,0,1,1,0,0,0,0,0,1,0,1,0,1,1,0,0,1,0,1,0,0,0,0,1,0,1,0,0,1,1,1,0,1,0,0,1,0.25,9.494028072069646,1
58,1,0,0,0,1,0,1,0,0,0,0,1,0,1,1,1,0,1,0,0,1,0,1,0,1,0,1,0,0,0,0,1,0,0,1,0,0.2777777777777778,15.905689880907712,1
59,0,1,1,1,0,0,0,0,1,1,0,0,0,1,0,0,1,0,1,1,0,0,0,0,0,1,0,0,1,0,1,0,1,1,0,1,0.2222222222222222,11.895936161202545,1
60,0,1,1,1,0,1,0,0,1,1,1,0,0,1,0,0,1,0,1,1,0,0,0,0,0,1,0,1,0,0,1,0,1,0,0,1,0.2777777777777778,11.124390568470726,1
61,0,1,1,1,0,0,0,0,0,1,1,1,1,0,0,0,1,0,1,1,0,0,0,0,0,1,0,0,1,0,1,0,1,0,0,1,0.2222222222222222,7.750077534599958,1
62,0,1,1,1,0,0,0,0,0,1,1,0,0,1,0,0,1,0,1,0,0,0,0,0,0,1,0,0,1,1,1,0,1,0,0,1,0.3055555555555556,5.616609719235347,1
63,0,1,1,1,0,0,0,1,1,1,1,0,1,1,0,0,1,0,1,1,0,0,0,0,0,1,0,1,1,0,1,0,1,0,0,1,0.3333333333333333,11.599627966779195,1
64,0,1,1,1,0,0,0,0,0,0,1,0,0,1,0,0,1,0,1,0,0,1,0,0,0,1,0,0,1,0,0,0,1,0,0,1,0.19444444444444445,5.3868656430717845,1
65,0,1,1,1,0,0,0,0,1,1,1,0,1,0,0,0,1,0,1,1,0,0,0,0,0,1,0,0,1,0,1,0,1,0,0,1,0.19444444444444445,5.730116333776474,1
66,0,1,1,0,0,1,0,0,0,1,1,0,1,0,0,0,1,0,1,1,0,0,0,0,0,1,0,0,1,0,1,0,1,1,0,1,0.25,10.986333190354745,1
67,0,1,1,1,0,0,0,0,0,0,1,0,0,1,0,0,1,0,1,1,0,0,0,0,0,1,0,1,1,1,1,0,1,0,0,1,0.19444444444444445,19.451722234004567,1
68,0,1,0,1,0,0,0,0,0,1,1,0,0,1,0,0,1,0,1,1,0,0,0,0,0,1,0,1,1,0,1,0,1,0,0,1,0.2222222222222222,8.644795097710775,1
69,1,0,0,0,1,0,1,0,1,0,0,1,0,1,1,1,0,1,0,0,1,0,1,0,1,0,1,0,0,1,0,1,0,0,1,0,0.25,15.284065907705848,1
70,0,1,1,1,0,0,0,1,0,1,1,0,1,0,0,0,0,0,1,0,0,1,0,0,0,1,0,1,1,0,1,0,1,0,0,1,0.19444444444444445,8.98402009174641,1
71,0,1,1,1,0,1,0,0,1,0,1,0,1,0,0,0,1,0,1,0,0,1,1,0,0,1,0,1,1,1,1,0,1,0,0,1,0.2777777777777778,21.051897689518412,1
72,0,1,1,1,0,0,0,1,1,1,1,0,0,1,0,0,1,0,1,1,0,0,0,0,0,1,0,1,1,0,1,0,1,0,0,1,0.3055555555555556,10.259392530623966,1
73,1,0,0,0,1,0,1,1,0,0,0,1,0,0,1,1,0,1,0,0,1,0,0,1,1,0,1,0,0,1,0,1,0,1,1,0,0.3333333333333333,21.175212044438293,1
74,0,1,1,1,0,0,0,0,1,1,1,0,0,1,0,0,1,0,1,1,0,0,0,0,0,1,0,1,1,0,1,0,1,0,0,1,0.3055555555555556,8.45021551822416,1
75,1,0,0,0,1,0,1,0,1,0,0,1,0,1,1,1,0,1,0,0,1,1,1,0,1,0,1,0,0,0,0,1,0,0,1,0,0.25,15.05952182612752,1
76,0,1,1,1,0,1,0,0,0,1,1,1,1,0,0,0,1,0,1,1,0,0,0,0,0,1,0,0,1,0,1,0,1,0,1,1,0.3055555555555556,12.8167621790864,1
77,0,1,1,1,0,0,0,1,1,0,0,0,1,0,0,0,1,0,1,1,0,0,0,0,0,1,0,0,1,0,1,0,1,1,0,1,0.3333333333333333,12.302794734187424,1
78,0,1,1,1,0,1,0,0,1,1,1,0,1,1,0,0,1,0,1,1,0,0,0,0,0,1,0,0,1,1,1,0,1,0,0,1,0.3333333333333333,13.094796761758623,1
79,1,0,0,0,1,0,1,1,1,0,0,1,0,0,1,1,0,1,0,0,1,0,1,1,1,0,1,0,0,1,0,1,0,0,1,0,0.3611111111111111,17.679454799866498,1
80,0,1,1,1,0,0,0,0,0,1,0,0,0,0,0,0,1,0,1,0,0,1,0,0,0,1,0,1,1,0,1,0,1,0,0,1,0.2777777777777778,13.500733538962972,1
81,0,1,0,1,0,0,0,0,0,1,1,0,0,1,0,0,1,0,1,1,0,0,0,0,0,1,0,1,1,0,1,0,1,0,0,1,0.25,8.644795097710775,1
82,0,1,1,1,0,0,0,0,0,1,1,0,1,1,0,0,1,0,1,1,0,0,0,0,0,1,0,1,1,0,0,0,1,1,0,1,0.2777777777777778,12.86201675616894,1
83,0,1,1,1,0,1,0,0,0,1,1,0,1,0,0,0,1,1,1,1,0,0,0,0,0,1,0,1,1,0,1,0,1,0,0,1,0.3055555555555556,12.45799604753884,1
84,1,0,0,0,1,0,1,0,1,0,0,1,1,1,1,1,0,0,0,0,1,0,1,1,1,0,1,0,0,1,0,1,0,0,1,0,0.3333333333333333,12.217823808707932,1
85,1,0,0,0,1,0,1,1,1,0,0,1,1,0,1,1,0,1,0,0,0,0,1,1,1,0,1,0,0,1,0,1,0,0,1,0,0.3611111111111111,18.88802345211343,1
86,0,1,1,1,0,0,0,0,0,1,1,0,1,0,0,0,1,0,1,1,1,0,0,0,0,1,0,0,1,0,1,0,1,0,0,1,0.3333333333333333,7.135843650012957,1
87,1,0,0,0,1,0,1,0,1,0,0,1,0,0,1,1,0,0,0,0,1,1,0,1,1,0,1,0,0,0,0,0,0,0,0,0,0.19444444444444445,6.464374071482906,1
88,1,0,0,0,1,0,1,0,0,0,0,1,0,1,1,1,0,0,0,0,0,0,0,1,1,0,1,0,0,1,0,1,0,0,0,0,0.25,8.994262285951828,1
89,0,1,1,0,0,0,0,0,0,1,1,0,1,1,0,0,1,0,1,1,0,0,0,0,0,1,0,0,0,0,1,0,1,0,0,1,0.2777777777777778,4.131554649733047,1
90,1,0,0,0,1,0,1,0,0,0,0,1,0,1,1,1,0,0,0,0,1,0,1,1,1,0,1,0,0,0,0,0,0,0,0,0,0.2222222222222222,9.128302253955793,1
91,0,1,1,1,0,0,0,0,0,1,1,0,0,1,1,0,0,0,1,0,0,0,1,0,0,1,0,1,1,1,1,0,1,0,0,1,0.25,11.328257348397038,1
92,0,1,1,1,0,0,0,0,0,1,1,0,0,1,0,0,1,1,1,0,0,0,0,1,0,1,0,1,1,1,0,0,1,0,0,1,0.25,15.560810548527103,1
93,0,1,1,1,0,0,0,0,1,1,0,0,0,0,0,0,1,0,1,0,0,1,0,0,0,1,0,1,1,0,1,0,1,0,0,1,0.2777777777777778,11.812236603432586,1
94,1,0,1,0,1,0,1,1,1,0,0,1,0,0,0,1,0,1,0,0,1,0,1,0,1,0,1,0,0,1,0,1,0,0,1,0,0.2777777777777778,13.206201948017885,1
95,1,0,0,0,1,0,1,0,1,0,0,1,1,0,1,1,0,1,0,0,1,1,0,1,1,0,1,0,0,1,0,1,0,1,0,0,0.3611111111111111,24.372612084729898,1
96,1,0,1,0,1,0,1,0,0,0,0,1,0,1,1,1,0,0,0,0,1,0,1,0,1,0,0,0,0,0,0,1,0,1,0,0,0.2222222222222222,11.51733269848473,1
97,0,0,0,0,1,0,1,0,0,0,0,1,1,1,1,1,0,0,0,0,0,0,0,1,1,0,1,0,0,1,0,1,0,0,0,0,0.2777777777777778,11.54400953820932,1
98,1,0,0,0,1,0,0,0,1,0,0,1,0,0,1,1,0,1,0,0,1,1,0,0,1,0,1,0,0,1,1,1,0,0,1,0,0.2777777777777778,14.12398525076699,1
99,1,0,0,0,1,0,1,0,0,0,0,1,0,1,1,1,0,1,0,0,1,0,1,0,1,0,1,0,0,0,0,1,0,0,1,0,0.3055555555555556,15.905689880907712,1
