,0,1,2,3,4,5,6,7,8,9,10,11,12,13,14,15,16,17,18,19,20,21,22,23,24,25,26,27,28,29,30,31,32,33,34,35,chain_break_fraction,energy,num_occurrences
0,0,0,1,1,0,0,0,0,0,1,0,1,1,0,0,1,1,1,0,0,0,1,1,0,1,1,1,1,0,0,0,1,0,0,0,1,0.3333333333333333,22.58473461264465,2
1,0,0,1,1,0,0,0,0,0,1,0,1,1,0,0,1,1,1,0,0,0,1,1,0,1,1,1,1,0,0,0,1,0,0,0,1,0.3055555555555556,22.58473461264465,2
2,0,0,1,1,0,0,0,0,0,1,0,1,1,0,0,1,1,1,0,0,0,1,1,0,0,1,1,1,0,0,0,1,0,0,0,1,0.3333333333333333,20.22988301245464,1
3,0,0,1,1,0,0,0,0,0,1,0,1,1,0,0,1,1,1,0,0,0,1,1,0,1,1,1,1,0,0,0,1,0,0,0,1,0.3055555555555556,22.58473461264465,1
4,0,0,1,1,0,0,0,0,0,1,0,1,1,0,0,1,1,1,0,0,0,1,1,0,0,1,1,1,0,0,0,1,0,0,0,1,0.3055555555555556,20.22988301245464,1
5,0,0,1,1,0,0,0,0,0,1,0,1,1,0,0,1,1,0,0,0,0,1,1,0,1,1,1,1,0,0,0,1,0,0,0,1,0.3333333333333333,19.236563462244636,1
6,0,0,1,1,0,0,0,0,0,1,0,1,1,0,0,1,1,1,0,0,0,1,1,0,1,1,0,1,0,0,0,1,0,0,0,1,0.3611111111111111,20.229883012454632,1
7,0,0,1,1,0,0,0,0,0,1,0,1,1,0,0,1,1,1,0,0,0,1,1,0,1,1,0,1,0,0,0,1,0,0,0,1,0.3333333333333333,20.229883012454632,1
8,0,0,1,1,0,0,0,0,0,1,0,1,1,0,0,1,1,0,0,0,0,1,1,0,1,1,1,1,0,0,0,1,0,0,0,1,0.3333333333333333,19.236563462244636,1
9,0,0,1,1,0,0,0,0,0,1,0,1,1,0,0,1,1,1,0,0,0,1,1,0,1,1,1,1,0,0,0,1,0,0,0,1,0.3055555555555556,22.58473461264465,1
10,0,0,1,1,0,0,0,0,0,1,0,1,1,0,0,1,1,1,0,0,0,1,1,0,0,1,1,1,0,0,0,1,0,0,0,1,0.3055555555555556,20.22988301245464,1
11,1,0,1,1,0,0,0,0,0,1,0,1,1,0,0,1,1,1,0,0,0,1,1,0,1,1,1,1,0,0,0,1,0,0,0,1,0.3333333333333333,23.667012843307138,1
12,0,0,1,1,0,0,0,0,0,1,0,1,1,0,0,1,1,1,0,0,0,1,1,0,1,1,1,1,0,0,0,1,0,0,0,1,0.3611111111111111,22.58473461264465,1
13,0,0,1,1,0,0,0,0,0,1,0,1,1,0,0,1,1,0,0,0,0,1,1,0,1,1,0,1,0,0,0,1,0,0,0,1,0.3333333333333333,15.881711862054622,1
14,0,0,1,1,0,0,0,0,0,1,0,1,1,0,0,1,1,1,0,0,0,1,1,0,1,1,1,1,0,0,0,1,0,0,0,1,0.3333333333333333,22.58473461264465,1
15,0,0,1,1,0,0,0,0,0,1,0,1,1,0,0,1,1,0,0,0,0,1,1,0,0,1,1,1,0,0,0,1,0,0,0,1,0.3055555555555556,15.88171186205462,1
16,0,0,1,1,0,0,0,0,0,1,0,1,1,0,0,1,1,1,0,0,0,1,1,0,1,1,1,1,0,0,0,1,0,0,0,1,0.3333333333333333,22.58473461264465,1
17,0,0,1,1,0,0,0,0,0,1,0,1,1,0,0,1,1,1,0,0,1,1,1,0,1,1,1,1,0,0,0,1,0,0,0,1,0.3611111111111111,24.325980748940506,1
18,0,0,1,1,0,1,0,0,0,1,0,1,1,0,0,1,1,1,0,0,0,1,1,0,1,1,1,1,0,0,0,1,0,0,0,1,0.3055555555555556,23.311511024570972,1
19,1,0,1,1,0,0,0,0,0,1,0,1,1,0,0,1,1,0,0,1,0,1,1,0,1,1,1,1,0,0,0,1,0,0,0,1,0.3888888888888889,24.525469329866024,1
20,0,0,1,1,0,0,0,0,0,1,0,1,1,0,0,1,1,1,0,0,0,1,1,0,1,1,0,1,0,0,0,1,0,0,0,1,0.3611111111111111,20.229883012454632,1
21,1,1,0,1,1,0,1,1,1,1,1,0,0,1,1,1,0,0,1,0,1,0,0,1,0,0,0,0,1,1,1,1,1,1,1,0,0.3055555555555556,23.53093599533904,1
22,0,0,1,1,0,0,0,0,0,1,0,1,1,0,0,1,1,1,0,0,0,1,1,0,0,1,0,1,0,0,0,1,0,0,0,1,0.3611111111111111,18.87503141226463,1
23,1,0,1,1,0,0,0,0,0,1,0,1,1,0,0,1,1,0,0,0,0,1,1,0,1,1,0,1,0,0,0,1,0,0,0,1,0.3611111111111111,16.391722708321556,1
24,0,0,1,1,0,0,0,0,0,1,0,1,1,0,0,1,1,1,0,0,0,1,0,0,1,1,1,1,0,0,0,1,0,0,0,1,0.3055555555555556,20.22988301245464,1
25,0,0,1,1,0,0,0,0,0,1,0,1,1,0,0,1,1,1,0,0,1,1,1,0,0,1,0,1,0,0,0,1,0,0,0,1,0.3888888888888889,19.6080604550213,1
26,1,1,0,0,1,0,1,1,1,1,1,0,0,1,1,1,0,0,1,0,1,0,0,1,0,0,0,0,1,1,1,1,1,1,1,0,0.3333333333333333,20.516556792857788,1
27,0,0,1,1,0,0,0,0,0,1,0,1,1,0,0,1,1,0,0,0,0,1,1,0,0,1,1,1,0,0,0,1,0,0,0,1,0.3055555555555556,15.88171186205462,1
28,0,0,1,1,0,0,0,0,0,1,0,1,1,0,0,1,1,0,0,0,1,1,1,0,0,1,1,1,0,0,0,1,0,0,0,1,0.3333333333333333,18.118850902249275,1
29,0,0,1,1,0,0,0,0,0,1,0,1,1,0,0,1,1,0,0,0,0,1,1,0,0,1,1,1,0,0,0,1,0,0,0,1,0.3055555555555556,15.88171186205462,1
30,1,1,0,0,1,1,1,1,1,1,1,0,0,1,1,1,0,0,1,0,1,0,0,1,0,0,0,0,1,1,1,1,1,1,1,0,0.3055555555555556,25.469258398352277,1
31,1,1,0,0,1,0,1,1,1,1,1,0,0,1,1,1,0,0,1,0,1,0,0,1,0,0,0,0,1,1,1,1,1,1,1,0,0.3611111111111111,20.516556792857788,1
32,0,0,1,1,0,1,0,0,0,1,0,1,1,0,0,1,1,1,0,0,1,1,1,0,1,1,0,1,0,0,0,1,0,0,0,1,0.3611111111111111,21.67277612331524,1
33,1,1,0,0,1,0,1,1,1,1,1,0,0,1,1,1,0,0,1,1,1,0,0,1,0,0,0,0,1,1,1,1,1,1,1,0,0.3055555555555556,21.940342507536723,1
34,1,1,0,0,1,0,1,1,1,1,1,0,0,1,1,1,0,0,1,0,1,0,0,1,0,0,0,0,1,1,1,1,1,1,1,0,0.2777777777777778,20.516556792857788,1
35,0,0,1,1,0,1,0,0,0,1,0,1,1,0,0,1,1,1,0,1,0,1,1,0,0,1,0,1,0,0,0,1,0,0,0,1,0.3333333333333333,21.360958550018967,1
36,1,1,0,0,1,0,1,1,1,1,1,0,0,1,1,1,0,0,1,1,0,0,0,1,0,0,0,0,1,1,1,1,1,1,1,0,0.3611111111111111,21.343566213032215,1
37,1,1,0,1,1,0,1,1,1,1,1,0,0,1,1,1,0,0,1,0,1,0,0,1,0,0,0,0,1,1,1,1,1,1,1,0,0.3888888888888889,23.53093599533904,1
38,1,1,0,0,1,0,1,1,1,1,1,0,0,1,1,1,0,0,1,0,1,0,0,1,0,0,0,0,1,1,1,1,1,1,1,0,0.3333333333333333,20.516556792857788,1
39,0,0,1,1,0,0,0,0,0,1,0,1,1,0,0,0,1,1,0,0,0,1,1,0,0,1,0,1,0,0,0,1,0,0,0,1,0.3055555555555556,16.01292398181275,1
40,1,1,0,0,1,0,1,1,1,1,1,0,0,1,1,1,0,0,1,1,1,0,0,1,0,0,0,0,1,1,1,1,1,1,1,0,0.3888888888888889,21.940342507536723,1
41,1,1,0,0,1,0,1,1,1,1,1,0,0,1,1,1,0,0,1,1,1,0,0,1,0,0,0,0,1,1,1,1,0,1,1,0,0.3611111111111111,21.367679830839947,1
42,1,1,0,0,1,0,1,1,1,1,1,0,0,1,1,1,0,0,1,0,1,0,0,1,0,0,0,0,1,1,1,1,1,1,1,0,0.3333333333333333,20.516556792857788,1
43,1,1,0,0,1,0,1,1,1,1,1,0,0,1,1,1,0,0,1,1,1,0,0,1,0,0,0,0,1,1,1,1,1,1,1,0,0.3888888888888889,21.940342507536723,1
44,1,1,0,0,1,0,1,1,1,1,1,0,0,1,1,1,0,0,1,0,0,0,0,1,0,0,0,0,1,1,1,1,1,1,1,0,0.25,21.481909481994048,1
45,1,1,0,0,1,0,1,1,1,1,1,0,0,1,1,1,0,0,1,1,1,0,0,1,0,0,0,0,1,1,1,1,1,1,0,0,0.3333333333333333,21.41250183255323,1
46,1,1,0,0,1,0,1,1,1,1,1,0,0,1,1,1,0,0,1,0,1,0,0,1,0,0,0,0,1,1,1,1,1,1,1,0,0.25,20.516556792857788,1
47,0,0,1,1,0,0,0,0,0,1,0,1,1,0,0,1,1,1,0,0,1,1,1,0,1,1,0,1,0,0,0,1,0,0,0,1,0.3055555555555556,21.46702060198091,1
48,1,1,0,0,1,1,1,1,1,1,1,0,0,1,1,1,0,0,1,1,1,0,0,1,0,0,0,0,1,1,1,1,1,1,1,0,0.3888888888888889,24.32629825019521,1
49,1,1,0,0,1,0,1,1,1,1,1,0,0,1,1,1,0,0,1,1,0,0,0,1,0,0,0,0,1,1,1,1,1,1,1,0,0.3611111111111111,21.343566213032215,1
50,0,0,1,1,0,0,0,0,0,1,0,1,1,0,0,1,1,1,0,0,0,1,1,0,0,1,0,1,0,0,0,1,0,0,0,1,0.4166666666666667,18.87503141226463,1
51,1,1,0,1,1,0,1,1,1,1,1,0,0,1,1,1,0,0,1,0,1,0,0,1,0,0,0,0,1,1,1,1,1,1,1,0,0.3611111111111111,23.53093599533904,1
52,1,1,0,1,1,1,1,1,1,0,1,0,0,1,1,1,0,1,1,0,1,0,0,1,0,0,0,0,1,1,1,1,1,1,1,0,0.3055555555555556,30.483705708718315,1
53,0,0,1,1,0,0,0,0,0,1,0,1,1,0,0,1,1,0,0,0,0,1,1,0,0,1,1,1,0,0,0,1,0,0,0,1,0.3888888888888889,15.88171186205462,1
54,1,1,0,0,1,1,1,1,1,1,1,0,0,1,1,1,0,0,1,1,1,0,0,1,0,0,0,0,1,1,1,1,1,1,1,0,0.4444444444444444,24.32629825019521,1
55,1,1,0,0,1,0,1,1,1,0,1,0,0,1,1,1,0,0,1,0,1,0,0,1,0,0,0,0,1,1,1,1,1,1,1,0,0.3333333333333333,16.77765119234284,1
56,0,0,1,1,0,1,0,0,0,1,0,1,1,0,0,1,1,1,0,0,0,1,1,0,1,1,1,1,0,0,1,1,0,0,0,1,0.3333333333333333,22.860073134249323,1
57,1,1,0,0,1,0,1,1,1,1,1,0,0,1,1,1,0,0,1,1,1,0,0,1,0,0,0,0,1,1,1,1,1,1,1,0,0.3888888888888889,21.940342507536723,1
58,1,1,0,0,1,0,1,1,1,1,1,0,0,1,1,1,0,1,1,0,1,0,0,1,0,0,0,0,1,1,1,1,1,1,1,0,0.2777777777777778,28.25546239337277,1
59,1,1,0,1,1,0,1,1,1,1,1,0,0,1,1,1,0,0,1,1,1,0,0,1,0,0,0,0,1,1,1,1,1,1,1,0,0.4166666666666667,22.95311085487217,1
60,1,1,0,0,1,0,1,1,1,1,1,0,0,0,1,1,0,0,1,0,1,0,0,1,0,0,0,0,1,0,1,1,1,1,1,0,0.3055555555555556,17.01518049155044,1
61,1,1,0,0,1,0,1,1,1,1,1,0,0,1,1,1,0,0,1,0,1,0,0,1,0,0,0,0,1,1,1,1,1,1,0,0,0.3333333333333333,21.743199336622034,1
62,1,1,0,0,1,0,1,1,1,1,1,0,0,1,1,1,0,0,1,1,1,0,0,1,0,0,0,0,1,1,1,1,1,1,1,0,0.3611111111111111,21.940342507536723,1
63,1,1,0,0,1,0,1,1,1,0,1,0,0,1,1,1,0,0,1,1,0,0,0,1,0,0,0,0,1,1,1,1,1,1,0,0,0.3333333333333333,18.04231710841115,1
64,1,1,0,0,1,0,1,1,1,1,1,0,0,1,1,1,0,0,1,1,1,0,0,1,0,0,0,0,1,1,1,1,1,1,1,1,0.4444444444444444,26.99602385750372,1
65,1,1,0,0,1,0,1,1,1,1,1,0,0,1,1,1,0,0,1,0,0,0,0,1,0,0,0,0,1,1,1,1,1,1,1,0,0.3055555555555556,21.481909481994048,1
66,1,1,0,0,1,1,1,1,1,0,1,0,0,1,1,1,0,0,1,1,0,0,0,1,0,0,0,0,1,1,1,1,1,1,1,0,0.3888888888888889,20.518385464697165,1
67,0,0,1,1,0,0,0,0,0,1,0,1,1,0,0,1,1,1,0,0,0,1,1,0,0,1,1,1,0,0,0,1,0,0,0,1,0.3611111111111111,20.22988301245464,1
68,1,1,0,1,1,0,1,1,1,1,1,0,0,1,1,1,0,0,1,1,1,0,0,1,0,0,0,0,1,1,1,1,1,1,1,1,0.3333333333333333,26.00637565455627,1
69,1,1,0,1,1,1,1,1,0,1,1,0,0,1,1,1,0,1,1,1,1,0,0,1,0,0,0,0,1,1,1,1,1,1,1,0,0.3055555555555556,32.20841998822705,1
70,1,1,0,0,1,0,1,1,1,1,1,0,1,1,1,1,0,0,1,1,1,0,0,1,0,0,0,0,1,1,1,1,1,1,1,0,0.3888888888888889,22.133320378865978,1
71,1,1,0,0,1,0,1,1,1,1,1,0,0,1,1,1,0,0,1,1,1,0,0,1,0,0,0,0,1,1,1,1,0,1,1,0,0.3333333333333333,21.367679830839947,1
72,1,1,0,0,1,0,1,1,1,1,1,0,0,1,1,1,0,0,1,0,1,0,0,0,0,0,0,0,1,1,1,1,1,1,1,0,0.3611111111111111,20.286604795676997,1
73,1,1,0,0,1,0,1,1,1,0,1,0,0,1,1,1,0,1,1,0,1,0,0,1,0,0,0,0,1,1,1,1,1,1,1,0,0.3055555555555556,20.51655679285783,1
74,0,0,1,1,0,0,0,0,0,1,0,1,1,0,0,0,1,1,0,0,1,1,1,0,1,1,1,1,0,0,0,1,0,0,0,1,0.4166666666666667,24.465397147488392,1
75,1,1,0,0,1,0,1,1,1,1,1,0,0,1,0,1,0,0,1,0,1,0,0,1,0,0,0,0,1,1,1,1,0,1,1,0,0.2777777777777778,17.33417559625888,1
76,1,1,0,0,1,1,1,1,1,1,1,0,0,1,1,1,0,0,1,0,1,0,0,1,0,0,0,0,1,1,1,1,1,1,1,0,0.3055555555555556,25.469258398352277,1
77,1,1,0,0,1,0,1,1,1,1,1,0,0,1,1,1,0,0,1,1,1,0,0,1,0,0,0,0,1,1,1,1,1,1,1,0,0.3055555555555556,21.940342507536723,1
78,1,1,0,0,1,0,1,1,0,1,1,0,0,1,1,1,0,0,1,1,1,0,0,1,0,0,0,0,1,1,1,1,1,1,1,1,0.3611111111111111,27.1267444316324,1
79,1,1,0,0,1,0,1,1,1,1,1,0,0,1,1,1,0,0,1,1,1,0,0,1,0,0,1,0,1,1,1,1,1,1,1,0,0.3611111111111111,24.0554860280245,1
80,1,1,0,0,1,1,1,1,1,1,1,0,0,1,1,1,0,0,1,1,1,0,0,1,0,0,0,0,1,1,1,1,1,1,1,0,0.3611111111111111,24.32629825019521,1
81,1,0,1,1,0,0,0,0,0,1,0,1,1,0,0,1,1,0,0,0,0,1,1,0,1,1,1,1,1,0,0,1,0,0,0,1,0.4166666666666667,21.182604126482726,1
82,0,1,0,0,1,0,1,1,1,1,1,0,0,1,1,1,0,0,1,1,0,0,0,1,0,0,0,0,1,1,1,1,0,1,1,0,0.4166666666666667,18.356346569912397,1
83,0,1,0,1,1,0,1,1,1,1,1,0,0,1,1,1,0,1,1,1,1,0,0,1,0,0,0,0,1,1,1,1,1,1,1,0,0.3055555555555556,26.703551048722463,1
84,1,1,0,0,1,0,1,1,1,1,1,0,0,1,1,1,0,0,1,1,1,0,0,1,0,0,0,0,1,1,1,1,1,1,1,0,0.3333333333333333,21.940342507536723,1
85,1,1,0,0,1,0,1,1,1,0,1,0,0,1,1,1,0,0,1,0,1,0,0,1,0,0,0,0,1,1,1,1,0,1,0,0,0.3333333333333333,16.93209301228122,1
86,0,0,1,1,0,0,0,0,0,1,0,1,1,0,0,1,1,0,0,0,0,1,1,0,0,1,1,1,0,0,0,1,0,0,0,1,0.3888888888888889,15.88171186205462,1
87,1,0,1,1,0,1,0,0,0,1,0,1,1,0,0,1,1,1,0,0,1,1,1,0,1,1,1,1,0,0,0,1,0,0,0,1,0.3888888888888889,25.106097301799505,1
88,1,1,0,0,1,0,1,1,1,1,1,0,0,1,1,1,0,0,1,0,1,0,0,0,0,0,0,0,1,1,1,1,1,1,1,0,0.3333333333333333,20.286604795676997,1
89,1,1,0,0,1,0,1,1,1,1,1,0,1,1,1,1,0,0,1,1,1,0,0,1,0,0,0,0,1,1,1,1,1,1,1,0,0.4166666666666667,22.133320378865978,1
90,1,1,0,0,1,0,1,1,1,0,1,0,0,1,1,1,0,0,1,1,0,0,0,1,0,0,0,0,1,1,1,1,1,1,1,0,0.4166666666666667,18.604994479557572,1
91,1,1,0,1,1,0,1,1,1,0,1,0,0,0,1,1,0,0,1,0,0,0,0,1,0,0,0,0,1,1,1,1,1,1,1,0,0.3055555555555556,16.280003280528668,1
92,1,1,0,0,1,0,1,1,1,1,1,0,0,1,1,1,0,1,1,0,1,0,0,1,0,0,0,0,1,1,1,1,1,1,1,0,0.3888888888888889,28.25546239337277,1
93,1,1,0,0,1,1,1,1,1,0,1,0,0,1,1,1,0,0,1,1,1,0,0,1,0,0,0,0,1,1,1,1,1,1,1,0,0.4166666666666667,20.587727740865464,1
94,1,1,0,0,1,0,1,1,1,0,1,0,0,1,1,1,0,0,1,1,0,0,0,0,0,0,0,0,1,1,1,1,0,1,1,0,0.2777777777777778,15.937077059769804,1
95,1,1,0,1,1,1,1,1,1,1,1,0,0,1,1,1,0,0,1,0,1,0,0,1,0,0,0,0,1,1,1,1,1,1,1,0,0.4444444444444444,30.483705708718315,1
96,1,1,0,0,1,1,1,0,1,1,1,0,0,1,1,1,0,0,1,1,1,0,0,1,0,0,0,0,1,1,1,1,1,1,1,0,0.3333333333333333,22.19562144836647,1
97,1,1,0,0,1,0,1,1,1,1,1,0,0,0,1,0,0,1,1,0,0,0,0,1,0,0,0,0,1,1,1,1,1,1,0,0,0.3611111111111111,18.776368488183834,1
