,0,1,2,3,4,5,6,7,8,9,10,11,12,13,14,15,16,17,18,19,20,21,22,23,24,25,26,27,28,29,30,31,32,33,34,35,chain_break_fraction,energy,num_occurrences
0,0,0,0,0,0,1,1,1,1,1,1,1,0,0,1,1,0,0,1,0,0,0,1,0,1,1,0,0,0,0,1,0,0,1,0,1,0.25,18.467373563064317,1
1,0,0,0,0,0,1,1,1,1,0,1,1,0,1,1,1,0,0,1,0,0,0,1,0,1,1,0,0,0,0,1,0,0,1,0,1,0.25,14.330731551204877,1
2,0,0,0,0,0,1,1,1,1,1,1,1,0,0,1,1,0,0,0,0,0,0,1,0,1,1,0,0,0,0,1,0,0,1,0,1,0.2777777777777778,19.79656542379765,1
3,0,0,0,0,0,1,1,1,1,1,1,1,1,0,1,1,0,0,1,0,0,0,1,0,1,1,0,0,0,0,1,0,0,1,0,1,0.3333333333333333,20.395384323306594,1
4,0,0,0,0,0,1,1,1,1,1,1,1,0,0,1,1,0,0,1,0,0,0,1,0,1,1,0,0,0,0,1,0,0,1,1,1,0.25,16.401937545515686,1
5,0,0,0,0,0,1,1,1,1,1,1,1,1,0,1,1,0,0,1,0,0,1,1,0,1,1,0,0,0,0,0,0,0,1,0,1,0.25,19.56606967065875,1
6,0,0,0,0,0,1,1,1,1,1,1,1,0,0,1,1,0,0,1,0,0,0,1,0,1,1,0,0,0,0,0,0,0,1,0,1,0.2777777777777778,20.923794991181257,1
7,0,0,0,0,0,1,1,1,1,1,1,1,0,0,1,1,0,0,1,0,0,1,1,0,1,1,0,0,0,0,1,0,0,1,0,1,0.25,17.449058175909308,1
8,0,0,0,0,0,1,1,1,1,1,1,1,1,0,1,1,0,0,1,0,0,0,1,0,1,1,0,0,0,0,1,0,0,1,1,1,0.25,17.753446357697026,1
9,0,0,0,0,0,1,1,1,1,0,1,0,0,0,1,0,1,0,0,1,0,0,1,0,1,0,0,0,0,1,0,1,1,0,0,1,0.1388888888888889,5.816761968987575,1
10,0,0,0,0,0,1,1,1,1,1,1,1,1,0,1,1,0,0,1,0,0,0,1,0,1,1,0,0,0,0,1,0,0,0,0,1,0.2777777777777778,24.958357893656313,1
11,0,0,0,0,0,1,1,1,1,1,1,1,0,0,1,1,1,0,1,0,0,0,1,0,1,1,0,0,0,0,1,0,0,1,1,1,0.2777777777777778,17.753446357697026,1
12,0,0,0,0,0,1,1,1,1,1,1,1,0,0,1,1,0,0,1,0,0,0,1,0,0,1,0,0,0,0,1,0,0,1,0,1,0.25,19.228140948523503,1
13,0,0,0,0,0,1,1,1,1,0,1,1,1,0,1,1,0,0,1,0,0,0,1,0,1,1,0,0,0,0,1,0,0,1,0,1,0.25,11.402722154221768,1
14,0,0,0,0,0,1,1,1,1,1,1,1,0,0,1,1,0,0,1,0,0,0,1,0,1,1,0,0,0,0,1,0,0,1,0,1,0.25,18.467373563064317,1
15,0,0,0,0,0,1,1,1,1,0,1,1,0,1,1,1,0,0,1,0,0,0,1,0,1,1,0,0,0,0,1,0,0,1,0,1,0.25,14.330731551204877,1
16,0,0,0,0,0,1,1,1,1,1,1,1,0,0,1,1,0,0,1,0,0,0,1,0,1,1,0,0,0,0,1,0,0,1,0,1,0.3333333333333333,18.467373563064317,1
17,0,0,0,0,0,1,1,1,1,0,1,1,0,1,1,1,0,0,1,0,0,0,1,0,1,1,0,0,0,0,1,0,0,1,0,1,0.2777777777777778,14.330731551204877,1
18,0,0,0,0,0,1,1,1,1,0,1,1,0,0,1,1,0,1,1,0,0,1,1,0,1,1,0,0,0,0,0,0,0,1,0,1,0.25,14.01679929860246,1
19,0,1,0,0,0,1,1,1,1,0,1,1,0,0,1,1,0,0,1,0,0,0,1,0,1,1,0,0,0,0,1,0,0,1,1,1,0.2777777777777778,16.401937545515672,1
20,0,0,0,0,0,1,1,1,1,0,1,1,0,1,1,1,0,0,1,0,0,0,1,0,1,1,0,0,0,0,1,0,0,1,0,1,0.3333333333333333,14.330731551204877,1
21,0,0,0,0,0,1,1,1,1,1,1,1,0,0,1,1,0,0,1,0,0,0,1,0,1,1,0,0,0,0,1,0,0,0,0,1,0.25,22.030299357430778,1
22,0,0,0,0,0,1,1,1,1,1,1,1,1,0,1,1,0,0,1,0,0,0,1,0,1,1,0,0,1,0,1,0,0,1,0,1,0.3333333333333333,18.414979793033865,1
23,0,0,0,0,0,1,1,1,1,0,1,1,1,0,1,1,0,0,0,1,0,0,1,0,1,1,0,0,0,0,1,0,0,1,1,1,0.2777777777777778,11.420085997021413,1
24,0,0,0,0,0,1,1,1,1,1,1,1,1,0,1,1,0,1,1,1,0,0,1,0,1,1,0,0,0,0,1,0,0,1,0,1,0.2777777777777778,26.47878409444422,1
25,0,0,0,0,0,1,1,1,1,0,1,1,1,0,1,1,0,0,1,0,0,1,1,0,1,1,0,0,0,0,1,0,0,1,0,1,0.25,11.375806068446979,1
26,0,0,0,0,0,1,1,1,1,0,1,1,0,1,1,1,0,0,1,1,0,0,1,1,1,0,0,0,0,0,1,0,0,1,1,1,0.16666666666666666,13.058195287722949,1
27,0,0,1,0,0,1,1,1,0,0,0,1,0,0,1,0,1,0,0,1,1,0,1,0,0,0,1,0,0,1,0,1,0,0,0,1,0.1111111111111111,6.8812074248084,1
28,0,0,0,0,0,1,1,1,1,1,1,1,0,0,1,1,0,0,0,1,0,0,1,0,1,1,0,0,0,0,0,0,0,1,1,1,0.25,18.695720725166158,1
29,0,0,0,0,0,1,1,1,1,1,1,1,0,0,1,1,0,0,1,0,0,0,1,0,1,1,0,0,0,0,1,0,0,1,1,1,0.3055555555555556,16.401937545515686,1
30,0,0,0,0,0,0,1,1,1,1,1,0,0,0,1,1,1,0,0,1,0,1,1,0,1,0,0,0,0,0,0,1,0,1,0,1,0.2222222222222222,11.743733180697927,1
31,0,0,0,0,0,1,1,1,1,0,1,1,0,0,1,1,1,0,1,0,0,0,1,0,0,1,0,0,0,0,1,0,0,1,1,1,0.2222222222222222,9.50765070718804,1
32,0,0,0,0,0,1,1,1,1,0,1,0,0,1,0,1,0,0,1,1,0,0,1,1,0,0,0,0,0,0,1,0,0,1,0,1,0.1388888888888889,7.620251738478405,1
33,0,0,0,0,0,1,1,1,1,0,1,1,0,1,1,1,0,0,1,0,0,0,1,0,1,1,0,0,0,0,1,0,0,1,1,1,0.3333333333333333,12.112291638261095,1
34,0,0,0,0,0,1,1,1,1,1,1,1,0,1,1,1,0,0,1,0,0,1,1,0,1,1,0,0,0,0,0,0,0,1,0,1,0.25,23.0094628305676,1
35,0,0,0,0,0,1,1,1,1,0,1,1,0,1,1,1,0,0,0,0,0,1,1,0,1,1,0,0,0,0,1,0,0,1,0,1,0.3055555555555556,13.621522918871921,1
36,0,0,0,0,0,1,1,1,1,1,1,1,0,0,1,1,0,0,1,1,0,0,1,0,1,0,0,0,0,0,1,1,0,1,0,1,0.19444444444444445,16.953893597530072,1
37,0,0,0,0,0,0,1,1,1,0,1,0,0,0,0,1,1,0,0,1,0,0,1,1,0,0,0,0,0,0,0,1,0,1,0,1,0.16666666666666666,9.020424976682708,1
38,0,0,0,0,0,1,1,1,1,1,1,1,1,0,1,1,0,0,1,0,0,0,1,0,1,1,0,0,0,0,1,0,0,0,0,1,0.2777777777777778,24.958357893656313,1
39,0,0,0,0,0,1,1,1,1,1,1,1,1,0,0,1,0,0,1,0,0,1,1,0,1,1,0,0,0,0,1,0,0,1,1,1,0.2777777777777778,15.488044758551407,1
40,0,0,0,0,0,1,1,1,1,1,1,0,0,1,1,1,1,0,1,1,0,0,1,0,1,0,0,0,0,0,1,0,0,1,1,1,0.19444444444444445,14.088199022075658,1
41,0,0,0,0,0,1,1,1,1,0,1,1,1,0,1,1,0,0,1,0,0,0,1,0,1,1,0,0,0,0,1,0,0,1,1,1,0.2777777777777778,9.760784189338924,1
42,1,0,0,0,0,1,1,1,1,0,1,1,0,0,1,1,0,0,0,0,0,0,1,0,1,1,0,0,0,0,1,0,0,1,1,1,0.25,12.227629920469745,1
43,0,0,0,0,0,1,1,1,1,1,1,1,0,1,1,1,0,0,0,1,0,1,1,0,1,0,0,0,0,0,0,1,0,1,0,1,0.25,20.98817458677772,1
44,0,0,0,0,0,1,1,1,1,0,1,1,0,1,1,1,0,0,0,1,0,1,1,1,0,0,0,1,0,0,0,1,0,1,0,1,0.2222222222222222,18.483241637749117,1
45,0,0,0,0,0,1,1,1,1,0,1,1,1,0,1,1,0,0,1,0,0,0,1,0,1,1,0,0,0,0,1,0,0,1,0,1,0.2222222222222222,11.402722154221768,1
46,0,0,0,0,0,0,1,1,1,1,1,1,1,0,1,1,0,0,1,0,0,0,1,0,1,1,0,0,0,0,1,0,0,1,0,1,0.2777777777777778,16.413393262765283,1
47,0,0,0,0,0,0,1,1,1,0,1,0,0,0,1,1,1,1,0,1,0,0,1,0,0,0,0,0,0,0,1,1,1,0,0,1,0.1388888888888889,6.350968973750096,1
48,0,0,0,0,0,1,1,1,1,1,1,1,0,0,1,0,0,1,0,0,0,0,1,0,1,1,0,0,0,0,1,0,0,1,0,1,0.3333333333333333,18.692082827662112,1
49,0,0,0,0,0,1,1,1,1,0,1,0,0,1,1,1,0,0,0,1,0,0,1,0,0,0,0,0,0,1,0,1,0,0,0,1,0.16666666666666666,9.21171417944767,1
50,0,0,0,0,0,1,1,1,1,0,1,1,0,1,1,1,0,0,1,0,0,0,1,0,1,1,0,0,0,0,1,0,0,0,1,1,0.2222222222222222,14.668698533710764,1
51,0,0,0,0,0,1,1,1,1,0,1,1,1,0,1,1,0,0,1,1,0,0,1,0,1,0,0,0,0,0,1,0,0,1,1,1,0.25,9.42989872180313,1
52,0,0,0,0,0,1,1,1,1,0,1,0,0,0,1,1,1,0,0,1,0,0,1,1,1,0,0,0,0,0,1,0,0,1,1,1,0.19444444444444445,7.365563426299509,1
53,0,0,0,0,0,1,0,1,1,0,1,1,0,0,1,1,0,1,0,1,0,0,1,1,0,0,0,0,0,0,1,0,0,1,0,1,0.16666666666666666,12.75673739785093,1
54,0,0,0,0,0,1,1,1,1,0,0,0,0,1,1,0,0,0,0,1,0,0,1,0,0,0,0,0,0,0,1,0,0,1,0,1,0.16666666666666666,2.949706244586473,1
55,0,0,0,0,0,0,1,1,1,0,1,0,0,0,1,1,1,0,0,1,0,0,1,0,0,0,0,0,0,0,1,1,0,1,1,1,0.19444444444444445,6.209962420462103,1
56,0,0,1,0,0,1,1,1,1,1,1,1,1,0,1,1,0,0,0,0,0,1,1,0,1,1,0,0,1,0,1,0,0,1,0,1,0.3055555555555556,20.139506849788255,1
57,0,0,0,0,0,0,1,1,1,0,1,0,0,0,1,1,0,1,0,1,0,1,1,0,1,0,0,0,0,0,0,1,0,1,0,1,0.19444444444444445,10.643775550703511,1
58,0,0,0,0,0,1,1,1,1,0,1,1,0,0,1,1,0,1,1,0,0,0,1,0,1,1,0,0,0,0,1,0,0,1,0,1,0.25,14.33073155120486,1
59,0,0,0,0,0,1,1,1,1,0,1,1,0,0,1,1,0,0,0,0,0,1,1,0,0,1,0,0,0,0,1,0,0,1,1,1,0.25,9.18345454806634,1
60,0,0,0,0,0,1,1,1,1,1,1,1,1,0,1,1,0,0,1,1,0,0,1,0,1,1,0,0,1,0,0,0,0,1,0,1,0.3333333333333333,20.698921259213208,1
61,0,0,0,0,0,1,1,1,1,0,1,0,0,0,1,1,0,1,0,0,0,0,1,1,1,0,0,0,0,0,0,1,0,1,1,1,0.19444444444444445,7.2974894342525465,1
62,0,0,0,0,0,1,1,1,1,0,1,1,1,0,1,1,1,0,1,0,0,0,1,0,0,1,0,0,0,0,1,0,0,1,0,1,0.3333333333333333,14.107210096692313,1
63,0,0,0,0,0,1,1,1,1,0,1,1,0,1,1,1,0,0,0,0,0,0,1,1,1,0,0,0,0,0,1,1,0,1,1,1,0.2222222222222222,12.094650094214094,1
64,0,0,0,0,0,1,1,1,1,0,1,1,0,0,1,1,0,0,0,0,0,1,1,0,1,1,0,0,0,0,1,0,0,0,0,1,0.2222222222222222,11.458045715724182,1
65,0,0,0,0,0,1,1,1,1,0,1,0,0,1,1,1,0,0,0,1,1,0,1,1,0,0,0,1,0,0,1,1,0,0,0,1,0.16666666666666666,12.656249354644293,1
66,0,0,0,0,0,1,1,1,1,0,1,0,0,0,0,1,1,0,0,1,0,0,1,0,1,0,0,0,0,0,1,0,0,1,1,1,0.16666666666666666,3.3509741626269625,1
67,0,0,0,0,0,1,1,1,1,0,0,1,0,1,1,1,1,0,1,1,0,0,1,0,0,0,0,0,0,0,1,0,0,0,0,1,0.16666666666666666,19.116050376942244,1
68,0,0,0,0,0,0,0,1,1,0,1,1,0,0,1,1,1,0,0,1,0,0,1,1,1,0,0,0,0,0,0,1,0,1,0,1,0.19444444444444445,14.253410913684192,1
69,0,0,0,0,0,0,1,1,1,0,1,0,0,0,1,1,1,0,0,1,0,0,1,0,1,0,0,0,0,0,1,1,0,1,0,1,0.2222222222222222,7.153220175879722,1
70,0,0,0,0,0,1,1,1,1,0,0,0,0,1,1,1,0,0,0,0,0,0,1,0,1,0,0,0,0,0,1,0,0,1,1,1,0.25,5.06297492236864,1
71,0,0,0,0,0,0,1,1,1,0,1,1,0,0,1,1,0,1,1,1,0,0,1,0,0,0,0,0,0,0,0,1,0,1,0,1,0.2222222222222222,10.617804110267695,1
72,0,0,0,0,0,1,1,1,1,0,1,1,0,0,0,1,0,0,0,0,0,0,1,1,1,0,0,0,0,0,0,0,0,1,1,1,0.19444444444444445,7.872663688259033,1
73,0,0,0,0,0,1,1,1,1,0,1,0,0,0,1,1,0,1,0,1,0,0,1,0,1,0,0,0,1,0,1,0,0,1,0,1,0.2222222222222222,6.765836183263927,1
74,0,0,0,0,0,1,1,1,1,0,1,1,0,1,1,1,0,0,1,1,0,0,1,1,1,0,0,1,0,0,0,0,0,1,0,1,0.2222222222222222,19.370798591898016,1
75,0,0,0,0,0,1,1,1,1,0,1,1,0,0,1,1,0,0,0,1,0,0,1,1,1,0,0,0,0,0,0,0,0,1,1,1,0.3055555555555556,10.615994088317638,1
76,0,0,0,0,0,1,1,1,1,0,1,0,0,0,1,1,1,0,0,1,0,1,1,0,0,0,0,1,0,0,1,0,0,0,1,1,0.16666666666666666,6.769545441329983,1
77,0,0,0,0,0,1,1,1,1,0,0,0,0,0,1,1,1,0,0,0,0,0,1,0,1,0,0,0,0,1,1,1,0,0,0,1,0.1388888888888889,6.400113578937381,1
78,0,0,0,0,0,1,1,1,1,0,1,0,0,0,1,1,0,0,0,0,0,0,1,1,1,0,0,1,0,0,0,0,0,0,1,1,0.2222222222222222,6.072540483550821,1
79,0,0,0,0,0,1,1,1,1,0,1,1,0,1,1,1,0,0,1,0,0,0,1,1,0,0,0,0,0,0,0,1,0,1,0,1,0.2777777777777778,13.388386174967934,1
80,0,0,0,0,0,0,1,1,1,0,1,0,0,1,0,1,1,0,0,1,1,0,1,0,0,0,0,0,0,0,1,0,0,1,0,1,0.08333333333333333,4.905132357345748,1
81,0,0,0,0,0,1,1,1,1,1,1,1,0,0,1,1,0,0,1,0,0,0,1,0,1,1,0,0,0,0,0,0,0,1,0,1,0.25,20.923794991181257,1
82,1,0,0,0,0,1,1,1,1,0,1,1,1,0,1,1,0,0,1,0,0,0,1,0,1,1,0,0,0,0,1,1,0,1,0,1,0.2777777777777778,13.938244181709331,1
83,0,0,0,0,0,1,1,1,1,0,0,1,1,0,1,1,0,0,0,0,0,0,1,0,1,0,0,0,0,0,1,0,0,1,1,1,0.25,7.670120252163034,1
84,0,0,0,0,0,1,0,1,1,0,1,0,0,0,1,1,0,0,0,0,0,0,1,1,0,0,0,0,0,0,1,0,0,1,0,1,0.19444444444444445,4.794753374537377,1
85,0,1,0,0,0,1,1,1,1,0,1,1,0,0,1,1,0,0,1,1,0,0,1,0,1,0,0,0,0,0,1,1,0,1,0,1,0.25,16.953893597530058,1
86,0,0,1,0,0,0,1,1,1,0,1,0,0,0,1,1,0,0,0,0,0,0,1,0,1,0,0,0,0,0,1,1,0,1,1,1,0.2222222222222222,4.4588972850593045,1
87,0,0,0,0,0,1,0,1,1,0,1,1,0,0,1,1,0,0,0,1,0,0,1,1,1,0,0,1,1,0,0,0,0,0,1,1,0.19444444444444445,14.760462573917845,1
88,0,0,0,0,0,1,1,1,1,1,1,0,0,0,1,1,0,1,1,1,0,0,1,0,1,1,0,0,0,0,1,0,0,1,1,1,0.2777777777777778,14.392815910999307,1
89,0,0,0,0,0,1,1,1,1,0,1,1,0,0,1,1,1,0,0,0,0,0,1,0,1,1,0,0,0,0,1,1,0,1,0,1,0.3333333333333333,11.243273566183591,1
90,0,0,0,0,0,1,1,1,1,1,1,1,0,0,1,1,0,0,0,0,0,0,1,0,1,1,0,0,1,0,0,0,0,0,0,1,0.3888888888888889,24.518252264430245,1
91,0,0,0,0,0,1,1,1,1,1,1,1,1,0,0,1,0,0,1,0,1,0,1,0,1,1,0,0,0,0,1,0,0,1,0,1,0.25,15.882634590689442,1
92,1,1,1,1,1,0,0,0,0,0,0,0,1,1,0,0,1,0,0,0,1,1,0,1,0,1,1,1,0,1,0,1,1,1,1,0,0.3055555555555556,45.08195395959333,1
93,0,0,0,0,0,1,1,1,1,0,1,0,0,0,1,1,1,0,0,1,0,0,1,0,1,1,0,0,0,0,1,1,0,0,0,1,0.25,9.038980900610477,1
94,1,0,0,0,0,1,1,1,1,0,1,1,0,0,0,1,0,0,0,0,0,0,1,0,1,1,0,0,0,0,1,0,0,0,0,1,0.2222222222222222,14.518242681860475,1
95,0,0,1,0,0,0,1,1,0,0,1,0,0,0,1,1,1,0,1,1,0,1,1,0,0,0,0,0,0,0,0,1,0,1,0,1,0.1388888888888889,10.107777536078165,1
96,0,0,0,0,0,1,1,1,1,0,0,0,0,0,1,0,1,0,0,1,0,0,0,1,1,0,0,0,0,0,1,0,0,1,0,1,0.1111111111111111,5.024904538334031,1
97,0,0,0,0,0,1,0,1,1,0,0,0,0,0,1,1,1,1,0,0,0,0,1,1,1,0,0,0,0,0,1,0,0,1,1,1,0.2222222222222222,7.033301124941558,1
98,1,0,0,0,0,1,1,1,1,1,1,1,0,0,1,0,0,0,1,1,0,0,1,0,1,1,0,0,0,0,1,0,0,0,0,1,0.3611111111111111,20.053247652590567,1
99,0,0,0,0,0,1,1,1,0,1,1,1,1,0,1,1,0,0,1,0,0,0,1,0,1,1,0,0,0,0,0,0,0,1,0,1,0.3055555555555556,18.379457767291584,1
