,0,1,2,3,4,5,6,7,8,9,10,11,12,13,14,15,16,17,18,19,20,21,22,23,24,25,26,27,28,29,30,31,32,33,34,35,chain_break_fraction,energy,num_occurrences
0,1,1,0,1,1,1,0,0,0,0,1,0,1,1,1,0,0,0,1,1,1,0,1,1,0,1,0,1,0,0,0,0,0,1,0,0,0.25,11.691389850166987,1
1,1,0,0,1,1,1,0,0,0,0,1,0,1,1,1,0,0,0,1,1,1,0,1,1,0,1,0,1,0,0,0,0,0,1,0,0,0.3055555555555556,10.707215036532437,1
2,1,0,0,1,1,1,0,0,0,0,1,0,1,1,1,0,0,0,1,1,1,0,1,1,0,1,0,1,0,0,0,0,0,1,0,0,0.3611111111111111,10.707215036532437,1
3,1,0,1,1,1,1,0,0,0,0,1,0,1,1,1,0,0,0,1,1,1,0,1,1,0,1,0,1,0,0,0,0,0,1,0,0,0.2777777777777778,9.894295762788408,1
4,1,1,0,1,1,1,0,0,0,0,1,0,1,1,1,0,0,0,1,1,1,0,1,1,0,1,0,1,0,0,0,0,0,1,0,0,0.2222222222222222,11.691389850166987,1
5,1,0,0,1,1,0,0,0,0,0,1,0,1,1,1,0,1,0,1,1,1,0,1,1,0,1,0,1,0,0,0,0,0,1,0,0,0.25,8.537293716378352,1
6,1,1,1,1,1,1,0,0,0,0,1,0,1,1,1,0,0,0,1,1,1,0,1,1,0,1,0,1,0,0,0,0,0,1,0,0,0.3055555555555556,11.878471396816826,1
7,1,1,0,1,1,1,1,0,0,0,1,0,1,1,1,0,0,0,1,1,1,0,1,1,0,1,0,1,0,0,0,0,0,1,0,0,0.25,10.973126136441993,1
8,1,1,0,1,1,1,0,0,0,0,1,0,1,1,1,0,1,0,1,1,1,0,1,1,0,1,0,1,0,0,0,0,0,1,0,0,0.25,10.607598553580951,1
9,1,0,1,1,1,1,0,0,0,0,1,0,1,1,1,0,0,0,1,1,1,0,1,1,0,1,0,1,0,0,0,0,0,1,0,0,0.2777777777777778,9.894295762788408,1
10,1,0,0,1,1,1,0,0,0,0,1,0,1,1,1,0,0,0,1,1,1,0,1,1,0,1,0,1,0,0,0,0,0,1,0,0,0.2777777777777778,10.707215036532437,1
11,1,1,0,1,1,1,0,0,0,0,1,0,1,1,1,0,0,0,1,1,1,0,1,1,1,1,0,1,0,0,0,0,0,1,0,0,0.3055555555555556,13.334144609563886,1
12,1,1,0,1,1,1,0,0,0,0,1,0,1,1,1,0,0,0,1,1,1,0,1,1,0,1,0,1,0,0,0,0,0,1,0,0,0.3333333333333333,11.691389850166987,1
13,1,0,0,1,1,1,0,0,0,0,1,0,1,1,1,0,0,0,1,1,1,0,1,1,0,1,0,1,0,0,0,0,0,1,0,0,0.25,10.707215036532437,1
14,1,1,0,1,1,1,0,0,0,0,1,0,0,1,1,0,0,0,1,1,1,0,1,1,0,1,0,1,0,0,0,0,0,1,0,0,0.25,11.122889153552464,1
15,1,0,0,1,1,1,0,0,0,0,1,0,1,1,1,0,0,0,1,1,1,0,1,1,1,1,0,1,0,0,0,0,0,1,0,0,0.3055555555555556,13.349969802096586,1
16,1,0,0,1,1,1,0,0,0,0,1,0,0,1,1,0,0,0,1,1,1,0,1,1,0,1,0,1,0,0,0,0,0,1,0,0,0.2777777777777778,11.138714349358157,1
17,1,1,0,1,1,1,0,0,0,0,1,0,1,1,1,0,0,0,1,1,1,0,1,1,0,1,0,1,0,0,0,0,0,0,0,0,0.25,10.403470574542135,1
18,1,0,0,1,1,1,0,0,0,0,1,0,0,1,1,0,0,0,1,1,1,0,1,1,0,1,0,1,0,0,0,0,0,1,0,0,0.3611111111111111,11.138714349358157,1
19,0,0,1,0,0,0,1,1,1,1,0,1,0,1,0,1,1,1,0,0,0,1,0,0,0,1,1,0,1,1,1,1,1,0,1,1,0.2777777777777778,11.80023361122461,1
20,1,1,0,1,1,1,0,0,0,0,1,0,1,1,1,0,0,0,1,1,1,0,1,1,0,1,0,1,1,0,0,0,0,1,0,0,0.3055555555555556,11.8128332279312,1
21,1,1,0,1,0,1,0,0,0,0,1,0,0,1,1,0,0,0,1,1,1,0,1,1,0,1,0,1,0,0,0,0,0,1,0,0,0.25,11.116123527877066,1
22,1,1,0,1,1,1,0,0,0,0,1,0,1,1,1,0,0,0,1,1,1,0,1,1,0,1,0,0,0,0,0,0,0,1,0,0,0.19444444444444445,11.930315219364246,1
23,0,0,1,0,0,0,1,1,1,1,0,1,0,0,0,1,1,1,0,0,0,1,0,1,0,1,1,0,1,1,0,1,1,0,1,1,0.2222222222222222,9.722715262971802,1
24,0,0,1,0,0,0,1,1,1,1,0,1,0,1,0,1,1,1,1,0,0,1,0,0,0,1,1,0,1,1,1,1,1,0,1,1,0.3333333333333333,12.751193966144616,1
25,1,1,0,1,1,1,0,0,0,0,1,0,1,1,1,0,0,0,1,1,1,0,1,1,0,1,0,1,0,0,0,0,0,1,0,0,0.2777777777777778,11.691389850166987,1
26,1,1,0,1,1,0,0,0,0,0,1,0,1,1,1,0,0,0,1,1,1,0,1,1,0,1,0,1,0,0,0,0,0,1,0,0,0.25,10.677858115207123,1
27,1,0,0,1,1,0,1,0,0,0,1,0,0,1,1,0,0,0,1,1,1,0,1,1,0,1,0,1,0,0,0,0,0,1,0,0,0.25,9.902080224150788,1
28,1,1,0,1,1,1,1,0,0,0,1,0,1,1,1,0,0,0,1,1,1,0,1,0,1,1,0,1,0,0,0,0,0,1,0,0,0.3055555555555556,13.320956852522135,1
29,1,0,0,1,1,1,0,0,0,0,1,0,1,1,1,0,0,0,1,1,1,0,1,1,0,1,0,1,0,0,0,0,0,1,0,0,0.2777777777777778,10.707215036532437,1
30,1,1,0,1,1,1,0,0,0,0,1,0,0,1,1,0,0,0,0,1,1,0,1,1,0,1,0,1,0,0,0,0,0,1,0,0,0.25,9.87223162908023,1
31,1,1,0,1,1,1,0,0,0,0,1,0,1,1,1,0,0,0,1,1,1,0,1,1,0,1,1,1,0,0,0,0,0,1,0,0,0.25,12.57192716556836,1
32,1,0,1,1,0,1,0,0,0,0,1,0,0,1,1,0,0,0,1,1,1,0,1,1,0,1,0,1,0,0,0,0,0,1,0,0,0.19444444444444445,9.996198528818283,1
33,1,0,0,1,1,1,0,0,0,0,1,0,0,1,1,0,1,0,1,1,1,0,1,1,0,1,0,1,0,0,0,0,0,1,0,0,0.25,8.551216740804357,1
34,1,0,0,1,0,1,0,0,0,0,1,0,1,1,1,0,0,0,1,1,1,0,1,1,0,1,0,1,0,0,0,0,0,1,0,0,0.2222222222222222,11.200451277727561,1
35,1,1,0,1,1,1,0,0,0,0,1,0,1,1,1,0,0,0,1,1,1,0,1,1,0,1,0,1,0,0,0,0,0,1,0,0,0.25,11.691389850166987,1
36,1,0,0,1,0,1,0,0,0,0,1,0,1,1,1,0,0,0,1,1,1,0,1,1,0,1,0,1,0,0,0,0,0,1,0,0,0.2777777777777778,11.200451277727561,1
37,1,0,0,1,1,1,1,0,0,0,1,0,1,1,1,0,0,0,1,1,1,0,1,1,0,1,0,1,0,0,0,0,0,1,0,0,0.2777777777777778,8.988951322806498,1
38,1,1,0,1,1,1,0,0,0,0,1,0,1,1,1,0,0,0,1,1,1,0,1,1,1,1,0,1,0,0,0,0,0,1,0,0,0.2777777777777778,13.334144609563886,1
39,1,1,0,1,1,1,0,0,0,0,1,0,0,1,1,0,0,0,1,1,1,0,1,1,0,1,0,1,0,0,0,0,0,1,0,0,0.19444444444444445,11.122889153552464,1
40,1,0,0,1,0,1,1,0,0,0,1,0,1,1,1,0,0,0,1,1,1,0,1,1,0,1,0,1,0,0,0,0,0,1,0,0,0.3333333333333333,8.982125218887003,1
41,1,1,0,1,1,1,0,0,0,0,1,0,1,1,1,0,0,0,1,1,1,0,1,1,0,1,0,1,0,0,1,0,0,1,0,0,0.2777777777777778,12.24690006985471,1
42,1,0,1,1,1,1,0,0,0,0,1,0,1,1,1,0,1,0,1,1,1,0,1,1,0,1,0,1,0,0,0,0,0,1,0,0,0.25,8.349820760991301,1
43,1,1,0,1,1,1,0,0,0,0,1,0,1,1,1,0,0,0,1,1,1,0,1,1,1,1,0,1,0,0,0,0,0,1,0,0,0.3611111111111111,13.334144609563886,1
44,1,1,0,1,1,1,0,0,0,0,1,0,1,1,1,0,0,0,1,1,1,0,1,0,1,1,0,1,0,0,0,0,0,1,0,0,0.3611111111111111,13.69582617163935,1
45,1,0,0,1,1,1,0,0,0,0,1,0,1,1,1,0,0,0,1,1,1,0,1,1,0,1,0,1,0,0,0,0,0,1,0,0,0.2222222222222222,10.707215036532437,1
46,1,0,0,1,1,1,0,0,0,0,1,0,0,1,1,0,0,0,1,1,1,0,1,0,0,1,0,1,0,0,0,0,0,1,0,0,0.3055555555555556,9.314750782614862,1
47,1,1,0,1,1,1,0,0,0,0,1,0,1,0,1,0,1,0,1,1,1,0,1,1,1,1,0,1,0,0,0,0,0,1,0,0,0.2222222222222222,10.681619277994818,1
48,0,0,0,0,0,0,1,1,1,1,0,1,0,0,0,1,1,1,0,0,0,1,0,0,0,1,1,0,1,1,0,1,1,0,0,1,0.2222222222222222,6.88771042584515,1
49,1,1,0,1,1,1,0,0,0,0,1,0,1,1,1,0,1,0,0,1,1,0,1,1,1,1,0,1,0,0,0,0,0,1,0,0,0.25,10.97652823275737,1
50,1,1,0,1,1,1,0,0,0,0,1,0,0,1,1,0,0,0,1,1,1,0,1,1,0,1,0,1,0,0,0,0,0,1,0,1,0.25,17.683631948627166,1
51,1,1,0,1,1,1,0,0,0,0,1,0,1,1,1,0,0,0,0,1,1,0,1,1,0,1,0,1,0,0,0,0,0,1,0,0,0.3611111111111111,10.951197627242353,1
52,1,0,0,1,1,0,0,0,0,0,1,0,1,1,1,0,0,0,1,1,1,0,1,1,0,1,0,1,0,0,0,0,0,1,0,0,0.3888888888888889,11.693687518922687,1
53,1,1,0,1,1,1,0,0,0,0,1,0,1,1,1,0,0,0,1,1,1,0,1,0,1,1,0,1,0,0,0,0,0,1,0,0,0.3055555555555556,13.69582617163935,1
54,1,1,0,1,1,1,0,0,0,0,0,0,0,1,1,0,0,0,1,1,1,0,1,1,0,1,0,1,0,0,0,0,0,1,0,0,0.2777777777777778,12.32348278316778,1
55,1,1,0,1,1,1,0,0,0,0,1,0,1,1,1,0,1,0,1,1,1,0,1,1,1,1,0,1,0,0,0,0,0,1,0,0,0.3888888888888889,11.672547075252114,1
56,1,0,1,0,1,0,0,0,0,0,1,0,1,0,1,0,0,0,1,1,1,0,1,1,0,0,0,1,0,0,0,0,0,1,0,0,0.2777777777777778,9.123176407577821,1
57,1,1,1,1,1,1,0,0,0,0,1,0,1,1,1,0,0,0,1,1,1,0,1,1,0,1,0,1,0,0,0,0,0,1,0,0,0.3055555555555556,11.878471396816826,1
58,0,1,0,1,1,0,0,0,0,0,1,0,1,1,1,0,0,0,1,1,1,0,1,1,0,1,0,1,0,0,0,0,0,1,0,0,0.3055555555555556,11.185772817064898,1
59,0,0,0,0,0,0,1,1,1,1,0,1,0,1,0,1,1,1,0,0,0,1,0,0,0,1,1,0,1,1,1,1,1,0,1,1,0.3611111111111111,11.371044048705262,1
60,0,0,0,1,1,1,1,0,0,0,1,0,0,1,1,0,0,0,1,1,1,0,1,1,0,1,0,1,0,0,0,0,0,1,0,0,0.19444444444444445,10.423644546283064,1
61,1,0,0,1,1,1,1,0,0,0,1,0,0,1,1,0,0,0,1,1,1,0,1,1,0,1,0,1,0,0,0,0,0,1,0,0,0.2777777777777778,8.915731948380682,1
62,0,1,1,0,0,0,0,1,1,1,0,1,1,1,0,1,1,1,0,0,0,1,0,0,1,1,1,0,1,1,1,1,1,0,1,1,0.25,15.228473354407692,1
63,1,0,0,1,0,1,0,0,0,0,1,0,1,1,1,0,0,0,1,1,1,0,1,1,0,1,0,1,1,0,0,0,0,1,0,0,0.25,12.821929599581145,1
64,1,1,0,1,1,1,0,0,0,0,1,0,1,1,1,0,0,0,1,1,1,0,1,0,1,1,0,1,0,0,0,0,0,1,0,0,0.3333333333333333,13.69582617163935,1
65,1,0,0,1,1,1,0,0,0,0,1,0,1,1,1,0,1,0,1,1,1,0,1,1,0,1,0,1,0,0,1,0,0,1,0,0,0.2222222222222222,9.79062196162396,1
66,1,1,0,1,1,1,0,0,0,0,1,0,1,1,1,0,0,0,0,1,1,0,1,1,1,1,0,1,0,0,1,0,0,1,0,0,0.3333333333333333,12.423295434767537,1
67,1,1,0,1,1,1,0,0,0,0,1,0,0,1,1,0,1,0,1,1,1,0,1,1,0,1,0,1,0,0,0,0,0,1,0,0,0.3333333333333333,9.535420689274792,1
68,1,0,0,1,1,1,0,0,1,0,1,0,1,1,1,0,1,0,1,1,1,0,1,1,0,1,0,1,0,0,0,0,0,1,0,0,0.25,8.28863201769392,1
69,1,1,1,1,1,1,0,0,0,0,1,0,1,1,1,0,0,0,1,1,1,0,1,1,1,1,0,1,0,0,0,0,0,1,0,0,0.3333333333333333,12.871965194936646,1
70,1,0,0,1,0,1,0,0,0,0,1,0,1,1,1,0,0,0,1,1,1,0,1,1,0,1,0,1,0,0,1,0,0,1,0,0,0.3611111111111111,13.372887558237045,1
71,0,0,1,0,0,0,0,1,1,1,0,1,0,1,0,1,1,1,0,0,0,1,0,0,1,1,1,0,1,1,1,1,1,0,0,1,0.2777777777777778,10.787161933958314,1
72,0,1,0,1,1,1,0,0,0,0,1,0,1,1,1,0,0,0,1,1,1,0,1,1,0,1,0,1,0,0,0,0,0,1,0,0,0.3888888888888889,11.199302443349712,1
73,1,0,0,1,1,1,1,0,0,0,1,0,0,1,1,0,0,0,1,1,1,0,1,1,0,1,1,1,0,0,0,0,0,1,0,0,0.2777777777777778,10.797930771688295,1
74,1,0,0,1,1,1,0,0,0,0,1,0,1,0,1,0,0,0,1,1,1,0,1,1,0,1,0,1,0,0,1,0,0,1,0,0,0.25,14.24294345654543,1
75,1,0,0,1,0,1,0,0,0,0,1,0,1,1,1,0,0,0,1,1,1,0,1,0,1,1,0,1,0,0,0,0,0,1,0,0,0.3055555555555556,11.705119897477697,1
76,1,0,0,1,1,1,0,0,0,0,1,0,1,1,1,0,1,0,1,1,1,0,1,1,0,1,0,1,0,0,0,0,0,1,0,0,0.3333333333333333,8.62339459567026,1
77,1,0,0,1,1,1,0,0,0,0,1,0,1,1,1,0,0,0,1,1,1,0,1,1,0,1,0,1,0,0,0,0,0,1,0,0,0.3611111111111111,10.707215036532437,1
78,1,0,0,1,1,1,0,0,0,0,1,0,1,0,1,0,0,0,1,1,1,0,1,0,0,1,0,0,0,0,0,0,0,1,0,0,0.19444444444444445,6.412808252357772,1
79,1,0,0,1,1,1,0,0,0,0,1,0,0,1,1,0,0,0,1,1,0,0,1,0,0,1,0,1,0,0,0,0,0,1,0,0,0.25,8.433448039113408,1
80,1,1,1,1,1,1,1,0,0,0,1,0,1,1,1,0,0,0,1,1,1,0,1,1,1,1,0,1,0,0,1,0,0,1,0,0,0.4166666666666667,12.034380602356554,1
81,1,1,1,1,1,1,0,0,0,0,1,0,1,1,0,0,1,0,1,1,1,0,1,0,0,1,0,1,0,0,1,0,0,1,0,0,0.2222222222222222,11.747777999104228,1
82,0,0,1,0,0,0,0,1,1,1,0,1,0,0,0,1,1,1,0,0,0,1,0,1,1,0,1,0,1,1,1,1,1,0,0,1,0.3055555555555556,7.611981218714989,1
83,0,1,1,0,0,0,0,1,0,1,0,1,0,0,0,1,1,1,0,0,0,1,0,1,1,0,1,0,1,1,1,1,1,0,0,1,0.25,7.837019371659602,1
84,1,1,1,1,1,1,0,0,0,0,0,0,0,1,1,0,1,0,1,1,1,0,1,1,0,1,0,1,0,0,0,0,0,1,0,0,0.2222222222222222,9.336979321415534,1
85,1,1,0,1,1,1,0,0,0,0,1,0,1,1,1,0,0,0,1,1,1,0,1,1,1,1,0,1,1,0,0,0,0,1,0,0,0.3055555555555556,14.15330382852615,1
86,1,1,0,1,1,1,0,0,0,0,1,0,1,1,1,0,0,0,1,1,1,0,1,1,1,1,0,1,0,0,0,0,0,1,0,0,0.3611111111111111,13.334144609563886,1
87,0,0,0,1,1,1,0,0,0,0,1,0,1,1,1,0,0,0,1,1,1,0,1,0,0,1,0,1,0,0,0,0,0,1,0,0,0.3333333333333333,10.972238843543943,1
88,1,1,0,1,1,1,0,0,0,0,1,0,1,1,1,0,0,0,1,1,1,0,1,1,0,1,0,1,0,0,0,0,0,1,0,0,0.3055555555555556,11.691389850166987,1
89,1,1,0,1,1,1,1,0,0,0,1,0,1,1,1,0,0,0,1,1,1,0,1,0,0,1,0,1,0,0,0,0,0,1,0,0,0.3333333333333333,13.75274192364941,1
90,0,1,1,0,0,0,0,1,1,1,0,1,0,1,0,1,1,1,0,0,0,1,0,0,1,1,1,0,1,1,1,1,1,0,1,1,0.3055555555555556,12.828991389755743,1
91,1,1,0,1,0,1,1,0,0,0,1,0,1,1,1,0,1,0,1,1,1,0,1,1,0,1,0,1,1,0,0,0,0,1,0,0,0.3333333333333333,8.408063172130422,1
92,1,1,0,1,0,1,0,0,0,0,1,0,1,1,1,0,0,0,1,1,1,0,1,0,0,1,0,1,0,0,0,0,0,1,0,0,0.3611111111111111,11.941668692741747,1
93,1,0,1,1,1,1,0,0,0,0,1,0,0,1,1,0,0,0,1,1,1,0,1,1,0,1,0,1,0,0,0,0,0,1,0,0,0.3611111111111111,9.502978791470394,1
94,1,1,0,1,1,0,0,0,0,0,1,0,0,1,1,0,0,0,0,1,1,0,1,0,0,1,0,1,0,0,0,0,0,1,0,0,0.3055555555555556,8.163005293489404,1
95,0,0,1,0,0,0,1,1,1,1,0,1,0,1,0,1,0,1,0,0,0,1,0,1,0,0,1,0,1,1,1,1,1,0,1,1,0.3055555555555556,11.11679952977577,1
96,1,0,0,1,0,0,0,0,0,0,1,0,0,1,1,0,0,0,1,1,1,0,1,1,0,0,0,1,0,0,1,0,0,1,0,0,0.3055555555555556,11.350218465492347,1
97,1,1,0,1,1,1,0,0,0,0,1,0,0,1,1,0,0,0,1,1,1,0,1,1,1,1,0,1,0,0,0,0,0,0,0,0,0.2777777777777778,9.428279570338054,1
98,0,1,1,0,0,0,1,1,0,1,0,1,0,1,0,1,1,1,1,0,0,1,0,0,1,1,1,0,1,1,1,1,1,0,0,1,0.3333333333333333,12.03704540826668,1
99,0,1,1,0,0,0,1,1,1,1,0,1,0,0,0,1,1,1,1,0,0,1,0,1,1,1,1,0,1,1,1,1,1,0,0,1,0.2777777777777778,12.084414898639405,1
