,0,1,2,3,4,5,6,7,8,9,10,11,12,13,14,15,16,17,18,19,20,21,22,23,24,25,26,27,28,29,30,31,32,33,34,35,chain_break_fraction,energy,num_occurrences
0,0,1,0,0,0,0,0,0,0,0,1,1,0,0,0,1,1,1,0,1,0,1,0,1,1,1,0,0,0,1,0,0,0,0,1,0,0.19444444444444445,12.915275663016509,1
1,0,1,0,0,0,1,0,0,0,0,1,1,1,0,0,0,1,1,0,1,1,1,0,1,1,1,0,0,0,1,0,0,0,1,1,0,0.25,22.061139445085807,1
2,1,1,1,0,0,0,0,0,0,0,1,1,0,0,0,0,1,1,0,1,0,1,0,1,1,1,0,0,0,1,0,0,0,1,0,0,0.25,15.740913883286378,1
3,1,1,1,0,0,0,0,0,0,0,0,1,0,0,0,1,1,1,0,1,0,1,0,1,1,1,0,0,0,1,0,0,0,0,1,0,0.16666666666666666,11.529902049015531,1
4,0,1,1,0,0,0,0,0,0,0,1,1,0,0,0,0,1,1,0,1,1,1,0,1,1,1,0,0,0,1,0,0,0,1,1,0,0.25,26.738514041427532,1
5,1,1,1,0,0,0,0,0,0,0,1,1,0,0,0,0,1,1,0,1,1,1,0,1,1,1,0,0,0,1,0,0,0,1,1,0,0.2777777777777778,24.008574939170348,1
6,0,1,0,0,0,1,0,0,0,0,0,1,0,0,0,1,1,1,0,1,1,0,0,1,1,0,0,0,1,1,0,0,0,1,1,0,0.19444444444444445,9.690105348264375,1
7,1,1,1,0,0,0,0,0,0,0,1,1,1,0,0,0,0,1,0,1,0,1,0,1,0,1,0,0,0,1,0,0,0,1,0,0,0.2222222222222222,11.657110639352972,1
8,0,1,1,0,0,0,0,0,0,0,1,1,0,0,0,1,1,1,0,1,0,1,0,1,1,1,0,0,0,1,0,0,0,1,1,0,0.25,17.700783523973392,1
9,0,1,0,0,0,0,0,0,0,0,0,1,0,0,0,1,1,1,0,1,0,1,0,1,1,1,0,0,0,1,0,0,0,1,0,0,0.25,16.780844327974023,1
10,1,1,1,0,0,0,0,0,0,0,1,1,1,0,0,1,0,1,0,1,0,1,0,1,0,1,0,0,0,1,0,0,0,1,1,0,0.19444444444444445,12.740723619012341,1
11,0,1,0,0,0,0,0,0,0,0,1,1,1,0,0,1,1,1,0,1,1,1,0,1,0,1,0,0,0,1,0,0,0,1,0,0,0.1388888888888889,13.192416324643254,1
12,0,1,0,0,0,0,0,0,0,0,1,1,1,0,0,1,1,1,0,1,0,1,0,1,1,1,0,0,0,1,0,0,0,1,0,0,0.2777777777777778,13.723720139874704,1
13,1,1,0,0,0,0,0,0,0,0,1,1,0,0,0,1,1,1,1,1,0,1,0,1,0,1,0,0,0,1,0,0,0,0,1,0,0.16666666666666666,11.633223452985668,1
14,0,1,0,0,0,1,0,0,0,0,1,1,1,0,0,1,1,1,0,1,1,1,0,1,1,1,0,0,0,1,0,0,0,0,1,0,0.2222222222222222,14.581848037592351,1
15,1,0,0,0,1,0,0,0,0,0,1,1,1,0,0,1,1,1,0,1,0,1,0,1,1,1,0,0,0,1,0,0,0,1,0,0,0.19444444444444445,13.34488942299335,1
16,0,1,0,0,0,0,0,0,0,0,1,1,0,0,0,1,1,1,0,1,0,0,0,1,1,1,0,0,1,1,0,0,0,0,1,0,0.25,8.414183712702792,1
17,0,1,0,0,0,1,0,0,0,0,1,1,0,0,0,0,1,1,0,1,0,1,0,1,0,1,0,0,0,1,0,0,0,1,0,0,0.2222222222222222,14.332498734574168,1
18,0,0,1,0,0,0,0,0,0,0,1,1,1,0,0,0,1,1,0,1,0,1,0,1,1,1,0,0,0,1,0,0,0,1,0,0,0.19444444444444445,19.361294630885556,1
19,0,1,0,0,0,1,0,0,0,0,1,1,0,0,0,1,0,1,0,1,0,1,0,1,1,1,0,0,0,1,0,0,0,1,1,0,0.2777777777777778,18.746168717039737,1
20,0,1,0,0,0,0,0,0,0,0,1,1,1,0,1,1,1,1,0,1,0,1,0,1,1,1,0,0,0,1,0,0,0,1,1,0,0.2222222222222222,15.850286585857344,1
21,0,1,0,0,0,1,0,0,0,0,1,1,1,0,0,0,1,1,0,1,1,0,0,1,0,0,0,0,1,1,0,0,0,1,1,0,0.2222222222222222,8.739361304280171,1
22,0,1,0,0,0,1,0,0,0,0,1,1,1,0,0,1,0,1,0,1,0,1,0,1,1,0,0,0,0,1,0,0,0,1,1,0,0.3055555555555556,10.40804983342367,1
23,0,0,0,0,1,0,0,0,0,0,1,1,1,0,0,1,1,1,0,1,0,1,0,1,0,1,0,0,0,1,0,0,0,0,1,0,0.1111111111111111,10.104832057348439,1
24,0,1,0,0,0,1,0,0,0,0,1,1,1,0,0,1,1,1,0,1,1,1,0,1,1,1,0,0,0,1,0,0,1,0,1,0,0.2222222222222222,15.865847138621497,1
25,0,1,0,0,0,0,0,0,0,0,1,1,0,0,0,1,1,1,0,1,1,0,0,1,1,1,0,0,0,1,0,0,0,1,1,0,0.19444444444444445,14.797424143748227,1
26,0,1,1,0,0,1,0,0,0,0,1,1,1,0,0,0,1,1,0,1,0,0,0,1,1,1,0,0,0,1,0,0,0,1,1,0,0.19444444444444445,12.938259364940686,1
27,0,1,0,0,0,1,0,0,0,0,1,1,0,0,0,0,1,1,1,1,0,1,0,1,1,1,0,0,0,1,0,0,0,1,1,0,0.3055555555555556,24.30465780618557,1
28,1,1,0,0,0,1,0,0,0,0,1,1,1,0,0,1,0,1,1,1,1,0,0,1,1,1,0,0,0,1,0,0,0,1,1,0,0.3055555555555556,14.329578552471526,1
29,0,1,0,0,0,1,0,0,0,0,1,1,0,0,0,1,1,1,0,1,1,0,0,1,1,1,0,0,0,1,0,0,0,1,1,0,0.2777777777777778,14.845289018165772,1
30,0,1,0,0,0,0,0,0,0,0,1,1,1,0,0,1,1,1,0,1,1,1,0,1,1,1,0,0,0,1,0,0,0,0,0,0,0.2222222222222222,11.563026274248948,1
31,0,0,0,0,0,0,0,0,0,0,1,1,1,0,0,1,1,1,1,1,0,1,0,1,1,1,0,0,0,1,0,0,0,1,1,0,0.2222222222222222,25.35922332341411,1
32,1,1,1,0,0,0,0,0,0,0,0,1,1,0,0,0,1,1,0,1,1,1,0,1,1,1,0,0,0,1,0,0,0,1,0,0,0.2777777777777778,17.93842344559145,1
33,1,1,0,0,1,0,0,0,0,0,1,1,0,0,0,1,1,0,0,1,0,1,0,1,0,1,0,0,0,1,0,0,0,0,0,0,0.16666666666666666,7.880965033441559,1
34,1,1,0,0,0,0,1,0,0,0,1,1,0,0,0,1,1,1,1,1,1,0,0,1,1,1,0,0,0,1,0,0,0,1,0,0,0.2222222222222222,12.41935854997302,1
35,0,1,0,0,0,0,0,0,0,0,1,1,1,0,0,1,1,1,0,1,0,1,0,1,1,1,0,0,0,1,0,0,0,0,1,0,0.25,11.475312913380174,1
36,0,1,1,0,0,0,1,0,0,0,1,1,0,0,0,1,1,1,0,1,0,1,0,1,1,1,0,0,0,1,0,0,0,1,1,0,0.19444444444444445,16.619846185054538,1
37,1,0,0,0,0,0,0,0,0,0,1,1,0,0,0,0,1,1,0,1,0,1,0,1,1,1,0,0,1,1,0,0,0,0,0,0,0.19444444444444445,16.399724898808934,1
38,0,1,1,0,0,0,0,0,0,0,1,1,0,0,0,1,1,1,0,1,0,1,0,1,1,1,0,0,0,1,0,0,1,0,1,0,0.16666666666666666,13.94561007160974,1
39,0,1,0,0,0,0,0,0,0,0,0,1,1,0,0,1,1,1,0,1,0,0,0,1,0,1,0,0,0,1,0,0,0,0,1,0,0.2222222222222222,6.014186391726,1
40,1,1,0,0,0,0,0,0,0,0,1,1,0,0,0,0,1,1,0,1,0,1,0,1,1,1,0,0,1,1,0,0,0,0,1,0,0.19444444444444445,15.740813388910594,1
41,0,0,1,0,0,0,0,0,0,0,1,1,0,0,1,0,1,1,0,1,0,0,0,1,0,1,0,0,0,1,0,0,0,1,1,0,0.19444444444444445,11.378868395010095,1
42,0,0,0,0,0,1,0,0,0,0,1,1,0,0,0,1,1,1,0,1,0,0,0,1,1,0,0,0,0,1,0,0,0,0,1,0,0.16666666666666666,9.593843744786682,1
43,1,1,1,0,0,1,0,0,0,0,0,1,1,0,0,0,1,1,0,1,0,1,0,1,0,0,0,0,0,1,0,0,0,1,1,0,0.16666666666666666,9.506378050769982,1
44,1,0,0,0,0,0,0,0,0,0,1,1,0,0,0,1,1,1,0,1,0,1,0,1,0,0,0,0,0,1,0,0,0,0,1,0,0.16666666666666666,6.145283581802629,1
45,1,1,0,0,0,1,0,0,0,0,1,1,0,0,0,0,1,1,0,1,1,1,0,1,0,0,0,0,0,1,0,0,0,0,1,0,0.2222222222222222,9.50682096580839,1
46,0,1,0,0,0,0,0,0,0,0,1,1,1,0,0,1,1,1,0,1,0,1,1,1,0,1,0,0,0,1,0,0,0,1,1,0,0.25,14.873721253555692,1
47,0,1,0,0,0,1,0,0,0,0,1,1,0,0,0,0,1,1,0,1,1,0,0,1,0,1,0,0,1,1,0,0,1,0,1,0,0.19444444444444445,11.724180527915557,1
48,1,0,0,0,0,0,0,0,0,0,1,1,0,0,0,1,1,1,0,1,1,0,0,1,0,0,0,0,0,1,0,0,0,1,1,0,0.1111111111111111,6.471094728077313,1
49,1,0,0,0,1,0,0,0,0,0,0,1,1,0,0,1,1,0,0,1,0,0,0,1,0,0,0,0,0,1,0,0,1,0,1,0,0.027777777777777776,2.2104078978540276,1
50,0,1,1,0,0,0,0,0,0,0,0,1,0,0,0,1,1,1,0,1,0,0,0,1,1,1,0,0,0,1,0,0,0,1,1,0,0.2777777777777778,11.454490354174897,1
51,0,0,1,0,0,0,0,0,0,0,1,1,1,0,0,0,1,1,0,1,0,1,0,1,1,0,0,0,1,1,0,0,0,1,0,0,0.2222222222222222,13.265877004794568,1
52,0,1,0,0,0,1,1,0,0,0,0,1,0,0,0,1,1,1,0,1,1,1,0,1,1,1,0,0,0,1,0,0,0,0,1,0,0.16666666666666666,15.669453429547266,1
53,0,1,0,0,0,1,0,0,0,0,1,1,0,0,0,1,1,1,0,1,0,1,0,1,1,1,0,0,0,1,0,0,1,0,1,0,0.2222222222222222,14.823285368121226,1
54,0,1,0,0,0,1,0,0,0,0,0,1,1,0,0,1,1,1,0,1,1,1,0,1,0,1,0,0,0,1,0,0,0,0,1,0,0.16666666666666666,11.729632010624844,1
55,0,0,1,0,0,0,0,0,0,0,0,1,1,0,0,0,1,1,0,1,1,1,0,1,0,1,0,0,0,1,0,0,0,1,0,0,0.2222222222222222,20.828321344962415,1
56,0,1,0,0,0,1,0,0,0,0,1,1,0,0,1,1,0,1,0,1,0,0,1,1,1,0,0,0,0,1,0,0,0,1,1,0,0.16666666666666666,9.923260820297235,1
57,0,0,0,1,1,0,1,0,0,0,1,0,1,0,0,0,0,0,1,0,0,0,1,0,0,0,1,0,1,0,0,0,1,0,0,0,0.0,-0.37283342869273317,1
58,0,0,1,0,0,0,0,0,0,0,1,1,1,0,0,1,1,0,1,1,0,1,0,1,0,0,0,0,0,1,0,0,0,0,0,0,0.1388888888888889,6.578177315596273,1
59,0,1,1,0,0,0,0,0,0,0,1,1,1,0,0,1,1,1,0,1,0,1,0,1,0,0,0,0,1,1,0,0,0,1,1,0,0.25,7.772310699779398,1
60,0,1,0,0,1,0,1,0,0,0,1,0,0,0,0,0,0,0,1,0,0,0,0,0,0,0,1,0,0,1,0,0,0,0,1,0,0.0,-0.29132486425582815,1
61,0,1,0,0,0,0,0,0,0,0,1,1,0,0,0,0,1,1,0,1,0,1,0,1,1,1,0,0,1,1,0,0,0,1,0,0,0.3055555555555556,22.663092894514314,1
62,0,1,0,0,0,1,0,0,0,0,1,1,1,0,0,0,1,1,1,1,0,0,0,1,1,0,0,0,1,1,0,0,0,1,0,0,0.25,9.343624943298943,1
63,0,1,0,0,0,0,0,0,0,0,1,1,1,0,1,0,1,1,0,1,0,1,1,1,0,1,0,0,0,1,0,0,0,1,1,0,0.25,15.959139352971155,1
64,1,0,0,0,0,0,0,0,0,0,1,1,1,0,0,0,1,1,0,1,0,1,0,1,1,1,0,0,0,1,0,0,0,1,1,0,0.2777777777777778,22.94872802294079,1
65,0,0,0,1,1,0,0,0,1,1,0,0,1,1,1,0,0,1,1,0,0,0,1,0,0,0,0,0,1,0,1,1,0,0,0,1,0.1388888888888889,15.69317794903911,1
66,0,1,1,0,1,0,1,0,0,0,1,0,1,0,1,0,1,0,0,1,0,0,1,0,1,0,0,0,1,1,0,0,1,0,1,0,0.027777777777777776,0.2619483980835624,1
67,0,1,0,0,0,1,0,0,0,0,0,1,0,0,0,0,1,1,0,1,0,1,0,1,1,1,0,0,0,1,0,0,1,0,1,0,0.2222222222222222,17.73742178675063,1
68,0,1,0,0,0,1,0,0,0,0,0,1,0,0,0,1,1,1,0,1,0,1,0,1,0,1,0,0,0,1,0,0,0,1,1,0,0.25,14.97309438107501,1
69,0,1,1,0,0,0,0,0,0,0,1,1,1,0,0,1,0,1,0,1,0,1,0,1,0,1,0,0,0,1,1,0,0,1,1,0,0.2222222222222222,16.805106857836982,1
70,0,0,0,0,0,0,0,0,0,0,1,1,0,0,0,1,0,1,0,1,0,1,0,1,1,1,0,0,0,1,0,0,0,0,1,0,0.16666666666666666,18.921197425478343,1
71,1,1,0,0,1,0,0,0,0,0,0,1,1,1,0,1,1,0,0,1,1,1,0,1,0,0,0,0,0,1,0,0,0,0,0,0,0.1388888888888889,8.36888164523021,1
72,0,0,0,0,1,0,0,0,0,0,1,1,0,0,0,1,1,1,0,1,0,1,0,1,1,0,0,0,0,1,0,0,0,0,1,0,0.19444444444444445,8.414526845906291,1
73,0,1,0,0,0,0,0,0,0,0,1,1,0,0,0,1,1,1,0,1,1,1,0,1,0,1,0,0,0,1,0,0,0,1,1,0,0.3611111111111111,18.904816746131115,1
74,1,0,0,0,0,0,0,0,0,0,1,1,0,0,0,1,1,1,0,1,0,0,0,1,0,1,0,0,0,1,0,0,0,0,1,0,0.19444444444444445,6.517466533902454,1
75,0,1,0,0,0,0,0,0,0,0,0,1,1,0,1,1,1,1,0,1,0,1,1,1,1,0,0,0,1,1,0,0,1,0,1,0,0.2222222222222222,8.16298672729966,1
76,0,1,1,0,0,0,0,0,0,0,1,1,0,0,0,1,1,1,0,1,1,1,1,1,0,1,0,0,0,1,0,0,0,0,1,0,0.25,13.310014536367195,1
77,0,0,0,0,0,0,1,0,0,0,1,1,1,0,0,1,1,1,0,1,1,1,0,1,1,1,0,0,0,1,0,0,1,0,0,0,0.16666666666666666,14.849601934135178,1
78,0,1,0,0,0,0,0,0,0,0,1,1,0,0,0,1,1,1,0,1,1,1,0,1,0,1,0,0,1,1,0,0,0,1,0,0,0.3333333333333333,16.933686953682212,1
79,0,0,0,0,0,1,0,0,0,0,0,1,0,0,0,0,0,1,0,1,0,1,0,1,1,1,0,0,0,1,0,0,0,0,1,0,0.19444444444444445,21.610074867715422,1
80,0,1,1,0,0,0,0,0,0,0,0,1,1,0,0,1,1,1,1,1,1,1,0,1,0,1,0,0,0,1,0,0,0,0,1,0,0.25,12.81565169965485,1
81,1,0,0,0,1,1,0,0,0,0,1,0,1,1,1,0,0,0,0,1,0,1,1,0,0,0,0,0,0,1,0,0,1,0,1,0,0.0,3.167905978503568,1
82,0,1,0,0,0,0,0,0,0,0,1,1,1,0,0,1,1,1,0,1,0,0,0,1,0,1,0,0,1,1,0,0,1,1,1,0,0.25,11.067513810491228,1
83,1,1,0,1,0,0,0,0,0,0,1,1,0,0,0,1,1,1,0,1,0,1,0,1,1,1,0,0,0,1,0,0,0,1,1,0,0.25,17.317041865477595,1
84,0,0,1,0,0,0,0,0,0,0,1,0,0,0,0,1,1,1,0,1,0,0,0,1,0,0,0,0,0,1,0,0,1,0,0,0,0.16666666666666666,3.452722195490587,1
85,1,0,0,0,1,0,1,0,1,1,0,0,1,0,0,0,0,0,1,0,0,0,1,0,0,0,0,0,1,0,1,1,1,0,0,1,0.1388888888888889,6.418758469665853,1
86,0,1,0,0,0,1,0,0,0,0,1,1,0,0,0,1,1,1,0,1,0,1,0,1,0,1,0,0,1,1,0,0,0,0,1,0,0.25,11.796736102332325,1
87,0,0,0,0,1,0,0,0,0,0,0,1,1,1,0,0,1,1,0,1,0,1,1,1,1,0,0,0,0,1,0,0,0,0,0,0,0.1111111111111111,8.322519048830513,1
88,1,1,1,0,0,1,0,0,0,0,0,1,0,0,0,1,1,1,0,1,1,1,0,1,1,1,0,0,1,1,0,0,0,1,1,0,0.2777777777777778,20.48181502693477,1
89,0,0,0,0,1,0,1,0,0,0,1,0,1,0,1,0,1,0,1,1,0,1,0,1,0,0,0,0,1,1,0,0,0,0,0,0,0.05555555555555555,7.629182211674708,1
90,0,1,1,0,0,1,0,0,0,0,0,1,0,0,0,1,1,1,0,1,0,1,1,1,0,0,0,0,0,1,1,0,1,0,0,0,0.1111111111111111,8.853425227791938,1
91,1,0,1,0,0,0,0,0,1,0,0,1,1,0,1,1,1,1,0,1,1,1,0,1,0,1,0,0,1,1,0,0,0,0,1,0,0.19444444444444445,11.197758828552567,1
92,1,1,0,0,0,0,0,0,0,0,1,1,1,0,0,1,1,1,0,1,0,1,0,0,1,0,0,0,0,1,1,0,0,1,1,0,0.2777777777777778,10.572846513452609,1
93,0,0,1,0,0,0,1,1,0,0,1,1,0,0,1,0,1,0,0,1,0,1,1,0,0,1,0,0,1,1,0,0,0,0,1,0,0.1111111111111111,10.470896108969118,1
94,0,0,0,1,0,0,1,0,0,1,0,0,0,1,1,0,0,0,1,0,0,0,1,0,0,0,0,0,0,0,1,0,0,0,1,1,0.1111111111111111,7.068540707592787,1
95,1,1,0,0,0,1,0,0,0,0,1,1,0,0,0,1,1,0,0,1,0,1,0,0,1,0,0,0,0,1,1,0,1,0,1,0,0.1388888888888889,9.186835825067353,1
96,0,0,0,0,0,0,0,0,0,0,1,0,1,1,0,1,1,1,1,0,1,0,1,0,0,0,1,0,0,1,0,0,0,0,1,0,0.05555555555555555,3.656075311821316,1
97,1,1,1,0,0,1,0,0,0,0,1,1,0,0,0,0,0,1,0,1,1,0,0,1,0,0,0,0,1,1,1,0,0,0,1,0,0.19444444444444445,7.227616897988084,1
98,0,1,0,0,0,1,0,0,0,0,1,1,0,0,1,0,1,1,0,1,1,0,1,0,0,0,0,0,1,1,0,0,0,0,1,0,0.19444444444444445,8.191583990672157,1
99,0,1,0,0,0,0,0,1,0,0,0,1,1,0,0,0,1,1,0,1,1,1,0,1,1,1,0,0,0,1,1,0,0,0,1,0,0.2777777777777778,19.933684167539027,1
