,0,1,2,3,4,5,6,7,8,9,10,11,12,13,14,15,16,17,18,19,20,21,22,23,24,25,26,27,28,29,30,31,32,33,34,35,chain_break_fraction,energy,num_occurrences
0,0,1,0,0,0,0,1,0,1,0,0,0,0,0,0,1,1,1,0,1,0,1,0,0,0,1,0,1,0,0,0,0,1,0,1,0,0.3055555555555556,3.975710862433832,1
1,0,1,0,0,0,0,1,0,1,0,0,0,0,0,0,1,1,1,0,1,0,1,0,0,0,1,0,1,0,0,0,0,1,0,1,0,0.3055555555555556,3.975710862433832,1
2,0,1,0,0,0,0,1,0,1,0,0,0,0,0,0,1,1,1,0,1,0,1,0,0,0,1,0,1,0,0,0,0,1,0,1,0,0.3333333333333333,3.975710862433832,1
3,0,1,0,0,0,0,1,0,1,0,0,0,0,0,0,1,1,1,0,1,0,1,0,0,0,1,0,1,0,0,0,0,1,0,1,0,0.3333333333333333,3.975710862433832,1
4,0,1,0,0,0,1,1,0,1,0,0,0,0,0,0,1,1,1,0,1,0,1,0,0,0,1,0,1,0,0,0,0,1,0,1,0,0.3611111111111111,5.291431194724423,1
5,0,1,0,0,0,1,1,0,1,0,0,0,0,0,0,1,1,1,0,1,0,1,0,0,0,1,0,1,0,0,0,0,1,0,1,0,0.3055555555555556,5.291431194724423,1
6,0,1,0,0,0,1,1,0,0,0,0,0,0,0,0,1,1,1,0,1,0,1,0,0,0,1,0,1,0,0,0,0,1,0,1,0,0.3055555555555556,4.828185945755837,1
7,0,1,0,0,0,0,1,0,1,0,0,0,0,0,0,1,1,1,0,1,0,1,0,0,0,1,0,1,0,0,0,0,1,0,1,0,0.2777777777777778,3.975710862433832,1
8,1,1,0,0,0,1,1,0,1,0,0,0,0,0,0,1,1,1,0,1,0,1,0,0,0,1,0,1,0,0,0,0,1,0,1,0,0.3611111111111111,6.408356484929388,1
9,0,1,0,0,0,0,1,0,1,0,0,0,0,0,0,1,1,1,0,1,0,1,0,0,0,1,0,1,0,0,0,0,1,0,1,0,0.3055555555555556,3.975710862433832,1
10,0,1,0,0,0,1,1,0,1,0,0,0,0,0,0,1,1,1,0,1,0,1,0,0,0,1,0,1,0,0,0,0,1,0,1,0,0.2777777777777778,5.291431194724423,1
11,0,1,0,0,0,0,1,0,1,0,0,0,0,0,0,1,1,1,0,1,0,1,0,0,0,1,0,1,0,0,0,0,1,0,1,0,0.3888888888888889,3.975710862433832,1
12,0,1,0,0,0,0,1,0,1,0,0,0,0,0,0,1,1,1,0,1,0,1,0,0,0,1,0,1,0,0,0,0,1,0,1,0,0.3055555555555556,3.975710862433832,1
13,0,1,0,0,0,1,1,0,1,0,0,0,0,0,0,1,1,1,0,1,0,1,0,0,0,1,0,1,0,0,0,0,1,0,1,0,0.3055555555555556,5.291431194724423,1
14,0,1,0,0,0,1,1,0,1,0,0,0,0,0,0,1,1,1,0,1,0,1,0,0,0,1,0,1,0,0,0,0,1,0,1,0,0.3611111111111111,5.291431194724423,1
15,0,1,0,0,0,0,1,0,1,0,0,0,0,0,0,1,0,1,0,1,0,1,0,0,0,1,0,1,0,0,0,0,1,0,1,0,0.2777777777777778,4.922805833206607,1
16,0,1,0,0,0,0,1,0,1,0,0,0,0,0,0,1,1,1,0,1,0,1,0,0,0,1,1,1,0,0,0,0,1,0,1,0,0.3333333333333333,5.701515316970084,1
17,0,0,0,0,0,1,1,0,1,0,0,0,0,0,0,1,1,1,0,0,0,1,0,0,0,1,0,1,0,0,0,0,1,0,1,0,0.2777777777777778,4.675165297689327,1
18,0,1,0,0,0,1,1,0,1,0,0,0,0,0,0,1,1,1,0,1,0,1,0,0,0,1,0,1,0,0,0,0,1,0,1,0,0.3055555555555556,5.291431194724423,1
19,1,1,0,0,0,1,1,0,1,0,0,0,0,0,0,1,1,1,0,1,0,1,0,0,0,1,1,1,0,0,0,0,1,0,1,0,0.3888888888888889,6.528330042454065,1
20,0,1,0,0,0,1,1,0,1,0,0,0,0,0,0,1,1,1,0,1,0,1,0,0,0,1,0,1,0,0,0,0,1,0,1,0,0.3888888888888889,5.291431194724423,1
21,0,1,0,0,0,1,1,0,1,0,0,0,0,0,0,1,1,1,0,1,0,1,0,0,0,1,0,1,0,0,0,0,1,0,1,0,0.2777777777777778,5.291431194724423,1
22,0,1,0,0,0,0,1,0,0,0,1,0,0,0,0,1,1,1,0,1,0,1,0,0,0,1,0,1,0,0,0,0,1,0,1,0,0.2777777777777778,3.6370713666232897,1
23,0,0,0,0,0,0,1,0,1,0,0,1,0,0,0,1,1,1,0,1,0,1,0,0,0,1,0,1,0,0,0,0,1,0,1,0,0.3611111111111111,4.870571628606784,1
24,0,1,0,0,0,1,0,0,1,0,0,0,0,0,0,1,0,1,0,1,0,1,0,0,0,1,0,1,0,0,0,0,1,0,1,0,0.3055555555555556,6.615179720062963,1
25,0,0,0,0,0,1,0,0,1,0,0,0,0,0,0,1,0,1,0,0,0,1,0,0,0,1,0,1,0,0,0,0,1,0,1,0,0.25,5.980792294554235,1
26,0,1,0,0,0,1,1,0,0,0,0,0,0,0,0,1,1,1,0,1,0,1,0,0,0,1,0,1,0,0,0,0,1,0,1,0,0.3055555555555556,4.828185945755837,1
27,0,1,0,0,0,0,1,0,1,0,0,0,0,0,0,1,1,1,0,1,0,1,0,0,0,1,0,1,0,0,0,0,1,0,1,0,0.3611111111111111,3.975710862433832,1
28,0,1,0,0,0,1,1,0,1,0,0,0,0,0,0,1,1,1,0,1,0,1,0,0,0,1,1,1,0,0,0,0,1,0,1,0,0.3888888888888889,6.004107806078934,1
29,1,1,0,0,0,1,0,0,1,0,0,0,0,0,0,1,1,1,0,1,0,1,0,0,0,1,0,1,0,0,0,0,1,0,1,0,0.3611111111111111,6.780955413758131,2
30,1,1,0,0,0,0,1,0,1,0,0,0,0,0,0,1,1,1,0,1,0,1,0,0,0,1,1,1,0,0,0,0,1,0,1,0,0.3333333333333333,5.161717292367469,1
31,0,1,0,0,0,1,1,0,1,0,0,0,0,0,0,1,1,1,0,1,0,1,0,0,0,1,1,1,0,0,0,0,1,0,1,0,0.3888888888888889,6.004107806078934,1
32,0,1,0,0,0,1,1,0,1,0,0,0,0,0,0,1,1,1,0,1,0,1,0,0,0,1,1,1,0,0,0,0,1,0,1,0,0.3611111111111111,6.004107806078934,1
33,0,1,0,0,0,0,1,0,1,0,0,0,0,0,0,1,1,1,0,1,0,1,0,0,0,1,1,1,0,0,0,0,1,0,1,0,0.2777777777777778,5.701515316970084,1
34,0,0,0,0,0,0,1,0,1,0,0,1,0,0,0,1,0,1,0,0,0,1,0,0,0,1,0,1,0,0,0,1,1,0,1,0,0.2222222222222222,8.192378016350462,1
35,0,1,0,0,0,1,0,0,1,0,0,0,1,0,0,1,1,1,0,1,0,1,0,0,0,1,0,1,0,0,0,0,1,0,1,0,0.3888888888888889,6.576132754163756,1
36,0,1,0,0,0,1,1,0,1,0,0,0,0,0,0,1,0,1,0,1,0,1,0,0,0,1,0,1,0,0,0,0,1,0,0,0,0.3333333333333333,4.830843422572939,1
37,0,0,0,0,0,1,1,0,1,0,0,1,0,0,0,1,0,1,0,0,0,1,0,0,0,1,1,1,0,0,0,0,1,0,1,0,0.3055555555555556,6.8945002330270775,1
38,0,1,0,0,0,0,1,0,0,0,0,0,0,0,0,1,1,1,0,1,0,1,0,0,0,1,1,1,0,0,0,0,1,0,1,0,0.3333333333333333,6.967405968712002,1
39,0,1,0,0,0,1,1,0,0,0,0,0,0,0,0,1,1,1,0,1,0,1,0,0,0,1,0,1,0,0,0,0,1,0,1,0,0.2222222222222222,4.828185945755837,1
40,0,1,0,0,0,1,1,0,1,0,0,0,0,0,0,1,0,1,0,1,0,1,0,0,0,1,0,1,0,0,0,0,0,0,1,0,0.3333333333333333,5.425628207597165,1
41,1,1,0,0,0,1,1,0,1,0,0,0,0,0,0,1,0,1,0,1,0,1,0,0,0,1,0,1,0,0,0,0,1,0,1,0,0.3333333333333333,5.291431194724421,1
42,1,1,0,0,0,1,0,0,0,0,0,0,0,0,0,1,1,1,0,1,0,1,0,0,0,1,1,1,0,0,0,0,1,0,1,0,0.3611111111111111,7.085631357722733,1
43,0,1,0,0,0,0,1,0,1,0,0,0,0,0,0,1,1,1,0,1,0,1,0,0,0,1,1,1,0,0,0,0,0,0,1,0,0.2222222222222222,4.821524118445953,1
44,0,1,0,0,0,0,1,0,1,0,0,0,0,0,0,1,1,1,1,1,0,1,0,0,0,1,1,1,0,0,0,0,1,0,1,0,0.3333333333333333,6.539997874495342,1
45,0,1,0,0,0,1,1,0,0,0,0,0,0,0,0,1,1,1,0,1,0,1,0,0,0,1,1,1,0,0,0,0,1,0,1,0,0.3333333333333333,6.145728116968939,1
46,0,1,0,0,0,0,1,0,1,0,0,0,1,0,0,1,1,1,0,1,0,1,0,0,0,1,1,1,0,0,0,0,1,0,1,0,0.2777777777777778,5.078345813052595,1
47,0,1,0,0,0,0,1,0,1,0,0,0,0,0,0,1,1,1,0,1,0,1,0,0,0,1,0,1,0,0,0,0,1,0,1,0,0.3333333333333333,3.975710862433832,1
48,0,1,0,0,0,1,1,0,1,0,0,0,0,0,0,1,1,1,0,1,0,1,0,0,0,1,1,1,0,0,0,0,0,0,1,0,0.2777777777777778,6.124150068847237,1
49,0,0,1,0,0,1,0,0,0,0,0,1,0,0,0,1,0,1,0,0,0,1,0,0,0,1,0,1,0,0,0,1,1,0,1,0,0.25,10.804481227008726,1
50,1,1,0,0,0,1,0,0,1,0,0,0,0,0,0,1,0,1,0,1,0,1,0,0,0,1,1,1,0,0,0,0,1,0,1,0,0.3611111111111111,7.413757233436281,1
51,0,0,0,0,0,1,0,0,0,0,0,0,0,0,0,1,1,1,0,0,0,1,0,0,0,1,0,1,0,0,0,0,1,0,1,0,0.25,5.671886514790072,1
52,0,1,0,0,0,1,1,0,0,0,0,0,0,0,0,1,1,1,0,1,0,1,0,0,0,1,0,1,0,0,0,0,0,0,1,0,0.3055555555555556,5.080584882276282,1
53,0,1,0,0,0,1,1,0,1,0,0,0,0,0,0,1,0,1,0,1,0,1,0,0,0,1,0,1,0,0,0,0,1,0,1,0,0.3888888888888889,5.1745059045194575,1
54,0,1,0,0,0,0,1,0,1,0,0,0,0,0,0,1,1,1,0,1,0,1,0,0,0,1,0,1,0,0,0,0,1,0,1,0,0.3611111111111111,3.975710862433832,1
55,0,1,0,0,0,1,0,0,1,0,0,0,0,0,0,1,1,1,0,1,0,1,0,0,0,1,1,1,0,0,0,0,1,0,1,0,0.3055555555555556,7.413757233436266,1
56,0,1,0,0,0,1,0,0,1,0,0,0,0,0,0,1,1,1,0,1,0,1,0,0,0,1,0,1,0,0,0,0,1,0,1,0,0.3611111111111111,6.198067566910543,1
57,0,0,0,0,0,1,1,0,1,0,0,1,0,0,0,1,1,1,0,1,0,1,0,0,0,1,0,1,0,0,0,0,1,0,0,0,0.2777777777777778,5.88555577122149,1
58,0,1,0,0,0,1,1,0,0,0,0,0,0,0,0,1,1,1,0,1,0,1,0,0,0,1,1,1,0,0,0,0,1,0,1,0,0.3888888888888889,6.145728116968939,1
59,0,1,0,0,0,1,0,0,1,0,0,0,0,1,0,1,0,1,0,1,0,1,0,0,0,1,0,1,0,0,0,0,1,0,1,0,0.3055555555555556,8.371309274175522,1
60,0,1,0,0,0,0,1,0,1,0,0,0,0,0,0,1,1,1,1,1,0,1,0,0,0,1,0,1,0,0,0,0,1,0,1,0,0.3055555555555556,4.226357582031099,1
61,1,1,0,0,0,1,0,0,1,0,0,1,0,0,0,1,0,1,0,1,0,1,0,0,0,1,0,1,0,0,0,0,1,0,1,0,0.3055555555555556,8.19873839221175,1
62,0,0,0,0,0,0,1,0,1,0,0,1,0,0,0,1,0,1,1,0,0,1,0,0,0,1,0,1,0,0,0,0,1,0,1,0,0.2777777777777778,4.597733279953461,1
63,0,1,0,0,0,0,1,0,1,0,0,0,0,0,0,1,1,1,0,1,0,1,0,0,0,1,0,1,0,0,0,0,1,0,1,0,0.3611111111111111,3.975710862433832,1
64,1,1,0,0,0,0,1,0,1,0,0,0,0,0,0,1,1,1,0,1,0,1,0,0,0,1,0,1,0,0,0,0,1,0,1,0,0.3333333333333333,4.028615891661055,1
65,0,1,0,0,0,1,1,0,1,0,0,0,0,0,0,1,0,1,0,1,0,1,0,0,0,1,1,1,0,0,0,0,1,0,1,0,0.3055555555555556,6.479885569703808,1
66,1,1,0,0,0,1,1,0,1,0,0,0,0,0,0,1,1,1,0,1,0,1,0,0,0,1,1,1,0,0,0,0,1,0,1,0,0.3333333333333333,6.528330042454065,1
67,0,1,0,0,0,0,1,0,1,0,0,0,0,0,0,1,1,1,0,1,0,1,0,0,0,1,1,1,0,0,0,0,1,0,1,0,0.3333333333333333,5.701515316970084,1
68,1,1,0,0,0,1,1,0,1,0,0,0,0,0,0,1,1,1,0,1,0,1,0,0,0,1,1,1,0,0,0,0,1,0,1,0,0.3055555555555556,6.528330042454065,1
69,0,1,0,0,0,1,1,0,1,0,0,0,0,0,0,1,0,1,0,1,0,1,0,0,0,1,0,1,0,0,0,0,1,0,1,0,0.3333333333333333,5.1745059045194575,1
70,0,1,0,0,0,1,1,0,1,0,0,0,0,0,0,1,0,1,0,1,0,1,0,0,0,1,1,1,0,0,0,0,1,0,1,0,0.3611111111111111,6.479885569703808,1
71,0,1,0,0,0,1,1,0,1,0,0,0,0,0,0,1,0,1,0,1,0,1,0,0,0,1,1,1,0,0,0,0,1,0,1,0,0.4166666666666667,6.479885569703808,1
72,1,0,0,0,0,0,0,0,0,0,0,1,0,0,0,1,1,1,0,0,0,1,0,0,0,1,1,1,0,0,0,1,1,0,1,0,0.3055555555555556,11.400841772651857,1
73,0,1,0,0,0,1,1,0,1,0,0,0,0,0,0,1,0,1,0,1,0,1,0,0,0,1,1,1,0,0,0,0,0,0,1,0,0.2777777777777778,6.093729255211673,1
74,0,0,0,0,0,1,1,0,1,0,0,1,0,0,0,1,1,1,1,0,0,1,0,0,0,1,0,1,0,0,0,1,1,0,1,0,0.3888888888888889,7.777255720279725,1
75,1,1,0,0,0,0,1,0,0,0,0,0,0,0,0,1,0,1,0,1,0,1,0,0,0,1,0,1,0,0,0,0,1,0,1,0,0.3055555555555556,4.6367359543171585,1
76,1,0,1,0,0,0,0,0,1,0,0,1,0,0,0,1,0,1,1,0,0,1,0,0,0,1,0,1,0,0,0,0,1,0,1,0,0.3055555555555556,4.607295813138277,1
77,0,0,0,0,0,0,1,0,1,0,0,0,0,0,0,1,1,1,0,1,0,1,0,0,0,1,1,1,0,0,0,0,1,0,1,0,0.3611111111111111,8.781111366175315,1
78,0,1,0,0,0,1,1,0,1,0,0,0,0,0,0,1,0,1,0,1,0,1,0,0,0,1,1,1,0,0,0,0,1,0,1,0,0.3055555555555556,6.479885569703808,1
79,0,1,0,0,0,1,1,0,0,0,0,0,0,0,0,1,1,1,0,1,0,1,0,0,0,1,1,1,0,0,0,0,1,0,1,0,0.2222222222222222,6.145728116968939,1
80,0,1,0,0,0,1,1,0,1,0,0,0,0,0,0,1,1,1,0,1,0,1,0,0,0,1,1,1,0,0,0,0,1,0,1,0,0.2777777777777778,6.004107806078934,1
81,0,0,0,0,0,1,0,0,1,0,0,0,0,0,0,1,1,1,0,0,0,1,0,0,0,1,0,1,0,0,0,0,0,0,1,0,0.3055555555555556,5.79983714386815,1
82,1,1,0,0,0,0,1,0,1,0,0,0,0,0,0,1,1,1,0,1,0,1,0,0,0,1,0,1,1,0,0,0,1,0,1,0,0.19444444444444445,3.8017707272644783,1
83,0,0,0,0,0,0,1,0,1,0,0,1,0,0,0,1,1,1,0,1,0,1,0,0,0,1,1,1,0,0,0,0,1,0,1,0,0.2777777777777778,6.781781893955081,1
84,0,1,0,0,0,0,1,0,1,0,1,0,0,0,0,1,1,1,0,1,0,1,0,0,0,1,0,1,0,0,0,0,1,0,1,0,0.3333333333333333,3.476046274755406,1
85,1,1,0,0,0,1,1,0,0,0,0,0,1,0,0,1,0,1,0,1,0,1,0,0,0,1,1,1,0,0,0,0,1,0,1,0,0.2777777777777778,6.022558062574782,1
86,0,1,0,0,0,1,0,0,1,0,0,0,0,0,0,1,0,1,0,1,0,1,0,0,0,1,0,1,0,0,0,0,1,0,1,0,0.2777777777777778,6.615179720062963,1
87,0,1,0,0,0,1,1,0,1,0,1,0,0,0,0,1,0,1,0,1,0,1,0,0,0,1,0,1,1,0,0,0,1,0,1,0,0.25,4.6131867298059825,1
88,0,0,0,0,0,1,0,0,1,0,0,1,0,0,0,1,1,1,0,1,0,1,0,0,0,1,0,1,0,0,0,0,1,0,1,0,0.2777777777777778,7.03296269850082,1
89,0,1,0,0,0,0,0,0,1,0,1,0,0,0,0,1,1,1,1,1,0,1,0,0,0,0,0,1,0,0,0,0,1,0,1,0,0.2222222222222222,2.207660981564125,1
90,1,0,0,0,0,0,1,0,0,0,0,1,0,0,0,1,0,1,0,1,0,1,0,0,0,1,0,1,0,0,0,0,1,0,1,0,0.25,6.482730300388968,1
91,0,1,0,0,0,0,1,0,0,0,0,0,0,0,0,1,1,1,0,1,0,1,0,0,0,1,0,1,0,0,0,0,1,0,1,0,0.3888888888888889,4.636735954317161,1
92,0,0,1,0,0,0,1,0,0,0,0,1,0,0,0,1,0,1,0,1,0,1,0,0,0,1,0,1,0,0,0,0,1,0,1,0,0.3055555555555556,7.950891898112591,1
93,0,1,0,0,0,1,0,0,0,0,0,0,1,0,0,1,1,1,0,1,0,1,0,0,0,1,0,1,0,0,0,0,1,0,1,0,0.3055555555555556,6.128522596044231,1
94,0,1,0,0,0,0,1,0,1,0,0,0,0,0,0,1,1,1,0,1,0,1,0,0,0,1,1,1,0,0,0,0,1,0,1,0,0.3333333333333333,5.701515316970084,1
95,0,0,0,0,0,1,1,0,1,0,0,0,0,0,0,1,1,1,0,1,0,1,0,0,0,1,1,1,0,0,0,0,1,0,1,0,0.3333333333333333,6.955663333328672,1
96,1,1,0,1,1,0,1,1,1,1,1,0,1,1,0,0,0,0,1,1,1,0,1,1,1,0,1,0,1,1,0,0,0,1,0,1,0.2777777777777778,8.28382802410638,1
97,1,0,1,1,1,0,1,1,0,1,1,1,1,0,1,0,0,0,1,0,1,0,1,1,1,0,0,0,1,1,1,1,0,1,0,1,0.3611111111111111,14.675154847835376,1
98,1,0,1,1,1,0,0,1,1,1,1,1,1,0,0,0,1,0,1,0,1,0,1,1,1,1,0,0,1,1,1,1,0,1,0,1,0.3333333333333333,21.196220565942415,1
