,0,1,2,3,4,5,6,7,8,9,10,11,12,13,14,15,16,17,18,19,20,21,22,23,24,25,26,27,28,29,30,31,32,33,34,35,chain_break_fraction,energy,num_occurrences
0,1,0,0,0,0,0,0,0,0,0,0,1,0,0,0,0,1,0,0,0,0,0,0,1,1,0,0,1,0,1,0,0,0,0,0,1,0.25,12.333481419996643,1
1,1,0,0,0,1,0,0,0,0,0,0,1,0,0,1,0,1,0,0,0,0,0,0,1,1,0,0,1,0,1,0,0,0,0,0,1,0.25,6.242502914728582,4
2,1,0,0,0,1,0,0,0,0,0,0,1,0,0,0,0,1,0,0,0,0,0,0,1,1,0,0,1,0,1,0,0,0,0,0,1,0.2777777777777778,8.224475393969051,1
3,1,0,0,0,1,0,0,0,1,0,0,1,0,0,0,0,1,0,0,0,0,0,0,1,1,0,0,1,0,1,0,0,0,0,0,1,0.2777777777777778,4.928376319637269,1
4,1,0,0,0,0,0,0,0,0,0,0,1,0,1,0,0,1,0,0,0,0,0,0,1,1,0,0,1,0,1,0,0,0,0,0,1,0.2222222222222222,8.83972501004787,1
5,1,0,0,0,1,0,0,0,0,0,0,1,0,0,0,0,1,0,0,0,0,0,0,1,0,0,0,1,0,1,0,0,0,0,0,1,0.25,5.450594975285675,1
6,1,0,0,0,1,0,0,0,0,0,0,1,0,0,1,0,1,0,0,0,0,0,0,1,1,0,0,1,0,1,0,0,0,0,0,1,0.2222222222222222,6.242502914728582,1
7,1,0,0,0,0,0,0,0,0,0,0,1,0,0,1,0,1,0,0,0,0,0,0,1,1,0,0,0,0,1,0,0,0,0,0,1,0.2222222222222222,5.096383544942471,1
8,1,0,0,0,0,0,0,0,0,0,0,1,0,0,1,0,1,0,0,0,0,0,0,1,1,0,0,1,0,1,0,0,0,0,0,1,0.2777777777777778,9.851507862394225,1
9,1,0,0,0,1,0,0,0,0,0,0,1,0,0,1,0,1,0,0,0,0,0,0,1,1,0,0,0,0,1,0,0,0,0,0,1,0.2222222222222222,2.4978367834600057,1
10,1,0,0,0,1,0,0,0,1,0,0,1,0,0,1,0,1,0,0,0,0,0,0,1,1,0,0,1,0,1,0,0,0,0,0,1,0.2777777777777778,3.446403840478707,1
11,1,0,0,0,1,0,0,0,0,0,0,1,0,0,0,0,1,0,0,0,0,0,0,1,1,0,0,1,0,1,0,0,0,0,0,1,0.2222222222222222,8.224475393969051,1
12,1,0,0,0,1,0,0,0,0,0,0,1,0,0,1,0,1,0,0,0,0,0,0,1,1,0,0,1,0,1,0,0,0,0,0,1,0.19444444444444445,6.242502914728582,2
13,1,0,0,0,0,0,0,0,0,0,0,1,0,0,1,0,1,0,0,0,0,0,0,1,1,0,0,0,0,1,0,0,0,0,0,1,0.2777777777777778,5.096383544942471,1
14,1,0,0,0,1,0,0,0,0,0,0,1,0,0,0,0,1,0,0,0,0,0,0,1,1,0,0,1,0,1,0,0,0,0,0,1,0.2777777777777778,8.224475393969051,1
15,1,0,0,0,1,0,0,0,0,0,0,1,0,0,1,0,1,0,0,0,0,0,0,1,1,0,0,1,0,1,0,0,0,0,0,1,0.2777777777777778,6.242502914728582,1
16,1,0,0,0,1,0,0,0,0,0,0,1,0,1,1,0,1,0,0,0,0,0,0,1,1,0,0,1,0,1,0,0,0,0,0,1,0.19444444444444445,4.748933902420069,1
17,1,0,0,0,1,0,0,0,0,1,0,1,0,0,0,0,1,0,0,0,0,0,0,1,1,0,0,1,0,1,0,0,0,0,0,1,0.19444444444444445,3.632277245305482,1
18,1,0,0,0,0,0,0,0,0,0,0,1,0,0,1,0,1,0,0,0,0,0,0,1,1,0,0,1,0,1,0,0,0,0,0,1,0.3055555555555556,9.851507862394225,1
19,1,0,0,0,1,0,0,0,0,1,0,1,0,0,1,0,1,0,0,0,0,0,0,1,1,0,0,0,0,1,0,0,0,0,0,1,0.19444444444444445,2.8523498466591155,1
20,1,0,0,0,0,0,0,0,0,0,0,1,0,0,1,0,1,0,0,0,0,0,0,1,1,0,0,0,0,1,0,0,0,0,0,1,0.25,5.096383544942471,1
21,1,0,0,0,1,0,0,0,0,0,0,1,0,0,0,0,1,0,0,0,0,0,0,1,1,0,0,1,0,1,0,0,0,0,0,1,0.3055555555555556,8.224475393969051,1
22,1,0,0,0,1,0,0,0,0,0,0,1,0,0,1,0,1,0,0,0,0,0,0,1,1,0,0,1,0,1,0,0,0,0,0,1,0.2222222222222222,6.242502914728582,1
23,1,0,0,0,1,0,0,0,0,0,0,1,0,0,1,0,1,0,0,0,0,0,0,1,1,0,0,1,1,1,0,0,0,0,0,1,0.25,8.76212479217753,1
24,1,0,0,0,1,0,0,0,0,0,0,1,0,0,1,0,1,0,0,0,0,0,0,1,1,0,0,1,0,1,0,0,0,0,0,1,0.3055555555555556,6.242502914728582,1
25,1,0,0,0,1,0,0,0,0,0,0,1,0,1,0,0,1,0,0,0,0,0,0,1,1,0,0,1,0,1,0,0,0,0,0,1,0.2777777777777778,5.730906381660514,1
26,1,0,0,0,1,0,0,0,0,1,0,1,0,0,1,0,1,0,0,0,0,0,0,1,1,0,0,0,0,1,0,0,0,0,0,1,0.19444444444444445,2.8523498466591155,1
27,1,0,0,0,1,0,0,0,0,0,0,1,0,0,1,0,1,0,0,0,0,0,0,1,1,0,0,1,0,1,0,0,0,0,0,1,0.2777777777777778,6.242502914728582,1
28,1,0,0,0,1,0,0,0,0,1,0,1,0,0,1,0,1,0,0,0,0,0,0,1,1,0,0,0,0,1,0,0,0,0,0,1,0.16666666666666666,2.8523498466591155,1
29,1,0,0,0,1,0,0,0,0,0,0,1,0,0,1,0,1,0,0,0,0,0,0,1,1,0,0,1,0,1,0,0,0,0,0,1,0.2777777777777778,6.242502914728582,1
30,0,0,0,0,1,0,0,0,0,0,0,1,0,1,1,0,1,0,0,0,0,0,0,1,1,0,0,0,0,1,0,0,0,0,0,1,0.2222222222222222,3.351190575211316,1
31,1,0,0,0,0,0,0,0,0,0,0,1,0,0,1,0,1,1,0,0,0,0,0,1,1,0,0,1,0,1,0,0,0,0,0,1,0.25,6.942318183061941,1
32,1,0,0,0,0,0,0,0,0,0,0,1,0,1,0,0,1,0,0,0,0,0,0,1,1,0,0,0,0,1,0,0,0,0,0,1,0.2222222222222222,5.804575913989625,1
33,1,0,0,0,1,0,0,0,0,0,0,1,0,0,1,0,1,0,0,0,0,0,0,1,1,0,1,0,0,1,0,0,0,0,0,1,0.25,3.3701698490942933,1
34,1,0,0,0,1,0,0,0,0,0,0,1,0,1,1,0,1,0,0,0,0,0,0,1,1,0,0,0,0,1,0,0,0,0,0,1,0.2777777777777778,3.724242993271722,1
35,1,0,0,0,1,0,0,0,0,0,0,1,0,0,0,0,1,0,0,0,0,0,0,1,1,0,0,0,0,1,0,0,0,0,0,1,0.25,3.479809261973754,1
36,1,0,0,0,0,0,0,0,0,0,0,1,0,0,0,0,1,0,0,0,0,0,0,1,1,0,0,0,0,1,0,0,0,0,0,1,0.2777777777777778,6.578357101818169,1
37,1,0,0,0,1,0,0,0,0,0,0,1,0,0,0,0,1,1,0,0,0,0,0,1,1,0,0,1,0,1,0,0,0,0,0,1,0.2777777777777778,5.565605317839886,1
38,1,0,0,0,1,0,0,0,0,0,0,1,0,0,1,0,1,0,0,0,0,0,0,1,1,0,0,1,0,1,0,1,0,0,0,1,0.3055555555555556,13.825393910209602,1
39,1,0,0,0,1,0,0,0,1,0,0,1,0,0,1,0,1,0,0,0,0,0,0,1,1,0,0,0,0,1,0,1,0,0,0,1,0.3333333333333333,6.012652696302464,1
40,1,0,0,0,0,0,0,0,0,0,0,0,0,0,1,0,1,0,0,0,0,0,0,1,1,0,0,0,0,1,0,0,0,0,0,1,0.3055555555555556,7.314890835771883,1
41,1,0,0,0,1,0,0,0,0,0,0,1,0,0,1,0,1,0,0,0,0,0,0,1,1,0,0,1,0,1,0,0,0,0,0,1,0.3055555555555556,6.242502914728582,1
42,1,0,0,0,1,0,0,0,0,1,0,1,0,0,1,0,1,0,0,0,0,0,0,1,1,0,0,1,0,1,0,0,0,0,0,1,0.25,2.6503047662288344,1
43,0,0,0,0,1,0,0,0,0,0,0,1,0,1,1,0,1,0,0,0,0,0,0,1,1,0,0,1,0,1,0,0,0,0,0,1,0.19444444444444445,5.639968962896285,1
44,1,0,0,0,1,0,0,0,0,0,0,1,0,0,1,0,1,0,0,0,0,0,0,1,1,0,0,1,0,1,0,0,0,0,0,1,0.3333333333333333,6.242502914728582,1
45,1,0,0,0,1,0,0,0,0,0,0,1,0,0,0,0,1,0,0,0,0,0,0,1,1,0,0,0,0,1,0,0,1,0,0,1,0.3055555555555556,4.828593906482108,1
46,1,0,0,0,0,0,0,0,0,0,0,1,0,0,1,0,1,0,0,0,0,0,0,1,1,0,0,0,0,1,0,0,1,0,0,1,0.2777777777777778,6.713171619350866,1
47,1,0,0,0,1,0,0,0,0,0,0,1,0,0,1,0,0,0,0,0,0,0,0,1,1,0,0,1,0,1,0,0,0,0,0,1,0.25,9.07193795271694,1
48,1,0,0,0,1,0,0,0,0,0,0,1,0,0,1,0,1,0,0,0,0,0,0,1,1,0,0,1,0,1,0,0,0,0,0,1,0.25,6.242502914728582,1
49,1,0,0,0,1,0,0,0,0,0,0,1,0,0,1,0,1,0,0,0,0,0,0,1,1,0,0,1,0,1,0,1,0,0,0,1,0.2777777777777778,13.825393910209602,1
50,1,0,0,0,0,0,0,0,0,0,0,1,0,0,1,0,1,0,0,0,0,0,0,1,1,0,0,0,0,1,0,0,0,0,0,1,0.25,5.096383544942471,1
51,1,0,0,0,0,0,0,0,0,0,0,1,0,0,1,0,1,0,0,0,0,0,0,1,1,0,0,1,0,1,0,0,0,0,0,1,0.3055555555555556,9.851507862394225,1
52,0,0,0,0,1,0,0,0,0,1,0,1,0,0,1,0,1,0,0,0,0,0,0,1,1,0,0,1,0,1,0,0,0,0,0,1,0.16666666666666666,3.6422835820099673,1
53,1,0,0,0,0,0,0,0,0,0,0,1,0,0,1,0,1,0,0,0,0,0,0,1,1,0,0,0,0,1,0,1,0,0,0,1,0.3888888888888889,12.172052275949177,1
54,1,0,0,0,0,0,0,0,0,0,0,1,0,0,1,0,0,0,0,0,0,0,0,1,1,0,0,1,0,1,0,0,0,0,0,1,0.25,13.306102702060363,1
55,1,0,0,0,1,0,0,0,0,0,0,0,0,0,0,0,1,0,0,0,0,0,0,1,1,0,0,0,0,1,0,1,0,0,0,1,0.2777777777777778,14.118871077898113,1
56,1,0,0,0,0,0,0,0,0,0,0,1,0,1,0,1,1,0,0,0,1,0,0,1,1,0,0,0,0,1,0,0,0,0,0,1,0.25,6.536574937860478,1
57,1,0,0,0,1,0,0,0,0,0,0,1,0,0,1,0,1,0,0,0,0,0,0,1,1,0,0,0,0,1,0,0,0,0,0,1,0.2222222222222222,2.4978367834600057,1
58,1,0,0,0,0,0,0,0,0,1,0,1,0,0,0,0,0,0,0,0,0,0,0,1,1,0,0,0,0,1,0,0,0,0,0,1,0.2777777777777778,6.819049812484614,1
59,1,0,0,0,0,0,0,0,0,0,0,1,1,0,0,0,1,0,0,0,0,0,0,1,1,0,0,0,0,1,0,0,0,0,0,1,0.3055555555555556,5.191466507903897,1
60,1,0,0,0,1,0,0,0,0,0,0,1,0,1,1,0,1,0,0,0,0,0,0,1,1,0,0,0,0,1,0,1,0,0,0,1,0.25,7.122209539131916,1
61,1,0,0,0,1,0,0,0,1,1,0,1,0,0,0,0,1,0,0,0,0,0,0,1,1,0,1,0,0,1,0,0,0,0,0,1,0.25,1.9238785137501857,1
62,1,0,0,0,1,0,0,0,0,0,0,1,0,0,0,0,1,1,0,0,0,0,0,1,1,0,0,1,0,1,0,1,0,0,0,1,0.2777777777777778,11.713682445973609,1
63,0,1,1,1,1,1,1,1,1,1,1,0,1,0,0,1,0,1,1,1,1,1,1,0,0,1,1,1,0,0,1,0,1,1,1,0,0.2777777777777778,9.803123204697371,1
64,1,0,0,0,1,0,0,0,0,0,0,1,0,0,1,0,1,0,0,0,0,0,0,1,1,0,0,0,0,1,0,0,0,0,0,1,0.25,2.4978367834600057,1
65,1,0,0,0,0,0,0,0,1,0,0,1,0,0,0,0,1,0,0,0,0,0,0,1,1,0,0,0,0,1,0,1,0,0,0,1,0.3333333333333333,11.76160990898227,1
66,1,0,0,0,1,0,0,0,0,0,0,1,0,0,0,0,1,0,0,0,1,0,0,1,1,0,0,1,0,1,0,0,0,1,0,1,0.25,18.103080365160242,1
67,1,0,0,0,0,0,0,0,0,0,1,1,0,1,0,0,1,0,0,0,0,0,0,1,1,0,0,0,0,1,0,0,0,0,0,1,0.25,6.186212868249495,1
68,1,0,0,0,1,0,0,0,0,0,0,1,0,0,0,0,1,0,0,0,0,0,0,1,0,0,0,1,0,1,0,0,0,0,0,1,0.2222222222222222,5.450594975285675,1
69,1,0,0,0,0,0,0,0,0,1,0,1,0,0,1,0,1,0,0,0,0,0,0,1,1,0,0,1,0,1,0,0,0,0,0,1,0.25,5.251812822017755,1
70,1,0,0,0,0,0,0,0,0,1,0,1,0,0,1,0,1,0,0,0,0,0,0,1,1,0,0,0,1,1,0,0,0,0,0,1,0.2222222222222222,5.612098846340172,1
71,1,0,0,0,1,0,0,0,0,0,0,1,0,0,1,0,1,0,0,0,0,0,0,1,1,0,1,1,0,1,0,0,0,0,0,1,0.25,9.11483598036287,1
72,0,0,0,0,0,0,0,0,1,1,0,1,0,1,1,0,1,0,0,0,0,0,0,1,1,0,0,0,0,1,0,0,0,0,0,1,0.25,7.974517058135467,1
73,1,0,0,0,0,0,0,0,0,0,1,1,0,1,1,0,1,0,0,0,1,0,0,1,1,0,0,0,0,1,0,0,0,0,0,1,0.2222222222222222,5.908985639668289,1
74,1,0,0,0,1,0,0,0,0,1,0,1,0,0,1,0,0,0,0,0,0,0,0,1,1,0,0,0,0,1,0,0,1,0,0,1,0.25,4.22779529492516,1
75,1,0,0,0,1,0,0,0,0,0,0,1,0,0,1,0,1,1,0,0,0,0,0,1,1,0,0,1,0,1,0,0,0,0,0,1,0.3055555555555556,4.583632838751866,1
76,1,0,0,0,1,0,0,0,0,0,0,1,0,0,1,0,1,1,0,0,0,0,0,1,1,0,0,1,1,1,0,0,0,0,0,1,0.2777777777777778,6.095617600764184,1
77,1,0,0,0,1,0,0,0,0,0,0,1,1,0,1,0,1,0,1,0,0,0,0,1,1,0,0,1,0,1,0,0,0,0,0,1,0.2222222222222222,6.748329816766215,1
78,1,0,0,0,1,0,0,0,0,0,0,1,0,0,1,0,1,0,0,0,0,0,0,1,1,0,0,0,0,1,0,1,0,0,0,1,0.3055555555555556,7.901322518133576,1
79,1,0,0,0,1,0,0,0,0,0,0,1,0,0,1,0,1,0,0,0,0,0,0,1,1,0,0,1,0,1,0,1,1,0,0,1,0.3055555555555556,16.88547099220742,1
80,0,0,0,0,1,0,0,0,0,1,0,1,0,0,1,0,0,0,0,0,0,0,0,1,1,0,0,1,0,1,0,0,0,0,0,1,0.25,5.940528914388995,1
81,1,0,0,0,1,0,0,0,0,0,0,1,0,0,1,0,1,0,0,0,0,0,0,1,1,0,0,1,0,1,0,0,0,0,0,1,0.3055555555555556,6.242502914728582,1
82,0,0,0,0,1,0,0,0,0,0,0,1,0,1,1,0,1,0,0,0,0,0,0,1,1,0,0,0,0,1,0,1,0,0,0,1,0.25,7.749891013456507,1
83,1,0,1,0,1,0,0,0,0,1,0,1,0,0,1,0,1,0,0,0,0,0,0,1,1,0,0,1,0,1,0,0,0,0,0,1,0.19444444444444445,2.142551713556465,1
84,1,0,0,0,1,0,0,0,0,1,0,0,0,0,0,0,1,0,0,0,0,0,0,1,1,0,0,0,0,1,0,1,1,0,0,1,0.3055555555555556,11.89716085634046,1
85,1,0,0,0,1,0,0,0,0,0,0,1,0,0,1,0,1,0,1,0,0,0,0,1,1,0,0,1,0,1,0,1,0,0,0,1,0.2777777777777778,17.860766731824768,1
86,1,0,0,0,1,1,0,0,1,0,0,1,0,0,0,0,1,0,0,0,0,0,1,1,1,0,0,1,0,1,0,0,1,0,0,1,0.2222222222222222,3.414182574013985,1
87,0,1,1,1,1,1,1,1,1,1,1,0,1,1,1,1,0,0,1,1,1,1,1,0,0,1,1,1,1,0,1,0,1,1,0,0,0.3333333333333333,12.721440611489635,1
88,1,0,0,0,1,0,0,0,0,0,0,1,0,0,1,0,1,0,0,0,0,0,0,1,1,0,0,0,0,1,0,1,1,0,0,1,0.3333333333333333,9.958961641338192,1
89,1,0,0,0,1,0,0,0,0,0,0,1,0,0,1,0,1,0,0,0,0,0,0,1,1,0,0,1,0,1,0,0,0,0,0,1,0.2777777777777778,6.242502914728582,1
90,0,1,1,1,1,1,1,1,1,0,1,0,1,0,0,1,1,1,0,1,1,1,1,0,0,1,1,1,1,0,1,0,1,1,1,0,0.2222222222222222,10.15670239648535,1
91,1,0,0,0,0,0,0,0,0,1,0,1,0,0,1,0,1,1,0,0,0,0,0,1,1,0,0,1,0,1,0,0,0,0,0,1,0.2777777777777778,4.405166384059751,1
92,1,0,0,0,1,0,0,0,0,1,0,1,0,0,0,0,1,0,0,0,0,0,0,1,0,0,0,1,0,1,1,0,1,0,1,1,0.1388888888888889,8.335873383313984,1
93,1,0,0,0,0,1,0,0,0,0,0,1,0,1,0,0,0,0,0,0,0,0,0,1,0,0,0,1,0,1,0,0,0,0,0,1,0.2222222222222222,4.600629880652539,1
94,1,0,0,0,1,1,0,0,0,1,0,0,0,0,1,0,1,0,0,0,0,0,0,1,1,0,0,0,0,1,0,1,0,1,0,1,0.16666666666666666,5.850679737324034,1
95,1,0,1,0,0,0,0,0,0,0,0,1,0,0,1,0,0,0,0,0,0,0,0,1,0,0,0,1,0,1,0,0,0,0,0,1,0.19444444444444445,7.84137401322958,1
