,0,1,2,3,4,5,6,7,8,9,10,11,12,13,14,15,16,17,18,19,20,21,22,23,24,25,26,27,28,29,30,31,32,33,34,35,chain_break_fraction,energy,num_occurrences
0,0,0,0,0,1,0,0,1,1,1,0,0,0,0,1,0,1,1,0,1,0,0,0,1,1,0,0,1,0,1,0,1,1,0,0,0,0.2222222222222222,14.030047101414729,1
1,0,0,0,0,1,0,0,1,1,1,0,0,0,0,1,0,1,1,0,1,0,0,0,1,1,0,0,0,0,1,0,1,1,0,0,0,0.25,12.322257919671108,1
2,0,0,0,0,1,0,0,1,1,0,1,0,0,0,1,0,1,0,0,1,0,0,0,1,1,0,0,1,0,1,0,1,1,0,0,0,0.25,14.607418636129959,1
3,0,1,0,0,1,0,0,1,1,1,0,0,0,0,1,0,1,1,0,1,0,0,0,1,1,0,0,1,0,1,0,1,1,0,0,0,0.2222222222222222,14.302774980955666,1
4,0,0,0,0,1,0,0,1,1,0,0,0,0,0,1,0,1,0,0,1,0,0,0,1,1,0,0,0,0,1,0,1,1,0,0,0,0.19444444444444445,11.908870765882211,1
5,0,0,1,0,1,0,0,1,1,1,0,0,0,0,1,0,1,0,0,1,0,0,0,1,1,0,0,1,0,1,0,1,1,0,0,0,0.2777777777777778,13.440350300007312,1
6,0,0,0,0,1,0,0,1,1,1,0,0,0,0,1,0,1,0,0,1,0,0,0,0,1,0,0,0,0,1,1,1,1,0,0,0,0.2222222222222222,7.873809362885993,1
7,0,0,0,0,1,0,0,1,1,1,0,0,0,0,1,0,1,1,0,1,0,0,0,1,1,0,0,0,0,1,0,1,1,0,0,0,0.19444444444444445,12.322257919671108,1
8,0,0,1,0,1,0,0,1,1,0,0,0,0,0,1,0,1,1,0,1,0,0,0,1,1,0,0,0,0,1,0,1,1,0,0,0,0.2222222222222222,11.424911658635814,1
9,0,0,1,0,1,0,0,1,1,1,1,0,0,0,1,0,1,1,0,1,1,0,0,1,1,0,0,0,0,1,0,1,1,0,1,0,0.2777777777777778,15.025841473518915,1
10,0,0,1,0,1,0,0,1,1,0,1,0,0,0,1,0,1,0,0,1,0,0,0,1,1,0,0,0,0,1,0,1,1,0,0,0,0.25,8.620625949532823,1
11,0,0,0,0,1,0,0,1,1,0,0,0,0,0,1,0,1,1,0,1,1,0,0,1,1,0,0,0,0,1,0,1,1,0,0,0,0.2222222222222222,14.855119940185,1
12,0,0,1,0,1,0,0,1,1,0,0,0,0,0,1,0,1,0,0,1,0,0,0,1,1,0,0,0,0,1,0,1,1,0,0,0,0.2777777777777778,10.490542676243903,1
13,0,0,1,1,1,0,0,1,1,0,0,0,0,0,1,0,1,0,0,1,0,0,0,0,1,0,0,0,0,1,0,1,1,0,0,0,0.2222222222222222,7.675411049237653,1
14,0,0,0,0,1,0,0,1,1,1,1,0,0,0,1,0,1,1,0,1,1,0,0,1,1,0,0,0,0,1,0,1,1,0,0,0,0.25,13.957752004325618,1
15,0,0,0,1,1,0,0,1,1,1,0,0,0,0,1,0,1,1,0,1,0,0,0,1,1,0,0,0,0,1,0,1,1,0,0,0,0.2777777777777778,16.528383010011012,1
16,0,0,1,0,1,0,0,1,1,1,0,0,0,0,1,0,1,0,0,1,0,0,0,1,1,0,0,0,0,1,0,1,1,0,0,0,0.3055555555555556,10.490677332814224,1
17,0,0,0,0,1,0,0,1,1,1,0,0,0,0,1,0,1,1,0,1,1,0,0,1,1,0,0,1,0,1,0,1,1,0,0,0,0.25,17.688127337745133,1
18,0,0,0,0,1,0,0,1,1,1,0,0,0,0,1,0,1,1,0,1,1,0,0,1,1,0,0,0,0,1,0,1,1,0,1,0,0.2222222222222222,15.822949015813878,1
19,0,0,0,0,1,0,0,1,1,1,0,0,0,0,1,0,1,1,0,1,1,0,0,1,1,0,0,0,0,1,0,1,1,0,0,0,0.2222222222222222,14.85552616624683,1
20,0,0,0,0,1,0,0,1,1,1,0,0,0,0,1,0,1,1,0,1,0,0,0,1,1,0,0,1,0,1,0,1,1,0,0,0,0.3333333333333333,14.030047101414729,1
21,0,0,0,0,1,0,0,1,1,1,0,0,0,0,1,0,1,1,0,1,1,0,0,1,1,0,0,0,0,1,0,1,1,0,0,0,0.2777777777777778,14.85552616624683,1
22,0,0,1,0,1,0,0,1,1,1,0,0,0,0,1,0,1,0,0,1,1,0,0,0,1,0,0,0,0,1,0,1,1,0,1,0,0.25,8.597904534456376,1
23,0,0,0,0,1,0,0,1,1,1,0,0,0,0,1,0,1,1,0,1,0,0,0,1,1,0,1,0,0,1,0,1,1,0,0,0,0.2777777777777778,12.176152510542916,1
24,0,1,0,0,1,0,0,1,1,1,0,0,0,0,1,0,1,1,0,1,1,0,0,1,1,0,0,1,0,1,0,1,1,0,0,0,0.3055555555555556,16.959921980415825,1
25,0,0,1,0,1,0,0,1,1,0,0,0,0,0,1,0,1,0,0,1,1,0,0,0,1,0,0,0,0,1,0,1,1,0,0,0,0.3333333333333333,7.1331048924664575,1
26,0,0,1,0,1,0,0,1,1,1,0,0,0,0,1,0,1,0,0,1,0,0,0,0,1,0,0,0,0,1,0,1,1,0,0,0,0.2777777777777778,6.495000483975645,1
27,0,0,0,0,1,0,0,1,1,1,0,0,1,0,1,0,1,1,0,1,0,0,0,1,1,0,0,0,0,1,0,1,1,0,0,0,0.25,13.952347158248427,1
28,0,0,1,0,1,0,0,1,1,0,0,0,0,0,1,0,1,1,0,1,1,0,0,1,1,0,0,0,0,1,0,1,1,0,0,0,0.3055555555555556,14.455918353563453,1
29,0,0,0,0,1,0,0,1,1,1,0,0,0,0,1,0,1,1,0,1,1,0,0,1,1,0,0,0,0,1,0,1,1,0,0,0,0.3055555555555556,14.85552616624683,1
30,0,1,0,0,1,0,0,1,1,1,1,0,0,0,1,0,1,1,0,1,1,0,0,1,1,0,0,0,0,1,0,1,1,0,1,0,0.3055555555555556,15.706517678395093,1
31,0,0,0,0,1,0,0,1,1,1,0,0,0,0,1,0,1,1,0,1,0,0,0,1,1,0,0,0,0,1,0,1,1,0,0,0,0.2777777777777778,12.322257919671108,1
32,0,0,1,0,1,0,0,1,1,0,0,0,0,0,1,0,1,1,0,1,0,0,0,1,1,0,0,0,0,1,0,1,1,0,0,0,0.25,11.424911658635814,1
33,0,0,0,0,1,0,0,1,1,0,0,0,0,0,1,0,1,1,0,1,0,0,0,1,1,0,0,1,0,1,0,1,1,0,0,0,0.2777777777777778,15.031720336774699,1
34,0,0,0,0,1,0,0,1,1,1,0,0,1,0,1,0,1,0,0,1,1,0,0,0,1,0,0,0,0,1,0,1,1,0,0,0,0.25,8.24560477677928,1
35,0,0,1,0,1,0,0,1,1,0,0,0,0,0,1,0,1,1,0,1,0,0,0,1,1,0,0,0,0,1,0,1,1,0,0,0,0.2222222222222222,11.424911658635814,1
36,0,1,1,0,1,0,0,1,1,0,0,0,0,0,1,0,0,1,0,1,0,0,0,1,1,0,0,0,0,0,0,1,1,0,0,0,0.19444444444444445,7.822555968659318,1
37,0,0,0,0,1,0,0,1,1,1,0,0,0,0,1,0,1,1,0,1,0,0,0,1,1,0,0,0,0,1,0,1,1,0,0,0,0.3055555555555556,12.322257919671108,1
38,0,0,0,1,1,0,0,1,1,1,1,0,0,0,1,0,0,1,0,1,0,0,0,1,1,0,0,0,0,1,0,1,1,0,0,0,0.2222222222222222,14.430463377552199,1
39,0,0,0,0,1,0,0,1,1,0,0,0,0,0,1,0,1,1,0,1,0,0,0,1,0,0,0,1,0,1,0,1,1,0,0,0,0.2222222222222222,11.508174188565533,1
40,0,0,1,0,1,0,0,1,1,1,0,0,0,0,1,0,1,0,0,1,1,0,0,0,1,0,0,0,0,1,0,1,1,0,0,0,0.3055555555555556,8.133238336021911,1
41,0,1,0,1,1,0,0,1,1,1,1,0,0,0,1,0,1,1,0,1,1,0,0,1,1,0,0,0,0,1,0,1,1,0,0,0,0.2777777777777778,22.45676373657795,1
42,0,0,0,0,1,0,0,1,1,1,1,0,0,0,1,0,1,1,0,1,0,0,0,1,1,0,0,1,0,1,0,1,1,0,0,0,0.3333333333333333,12.659986072314826,1
43,0,0,0,1,1,0,0,1,1,1,1,0,0,0,1,0,1,1,0,1,1,0,0,1,1,0,0,0,0,1,0,1,1,0,0,0,0.25,18.159377666071737,1
44,0,0,0,0,1,0,0,1,1,1,0,0,0,0,1,0,1,0,0,1,1,0,0,1,1,0,0,1,0,1,1,1,1,0,0,0,0.3333333333333333,24.833929905672004,1
45,0,0,0,0,1,0,0,1,1,1,0,0,0,0,1,0,1,1,0,1,0,0,0,1,1,0,0,0,0,1,1,1,1,0,1,0,0.3333333333333333,15.527885472686167,1
46,0,0,1,0,1,0,0,1,1,1,0,0,0,0,1,0,1,0,0,1,0,0,0,0,1,0,0,0,0,0,0,1,1,0,0,0,0.2777777777777778,5.892613555138013,1
47,0,0,0,0,1,0,0,1,1,1,0,0,0,0,1,0,1,1,0,1,1,0,0,1,1,0,0,0,0,1,0,1,1,0,0,0,0.3333333333333333,14.85552616624683,1
48,0,0,0,0,1,0,0,1,1,1,1,0,0,0,1,0,0,1,0,1,0,0,0,1,1,0,0,0,0,1,0,1,1,0,1,0,0.2222222222222222,11.157378675667976,1
49,0,0,1,0,1,0,0,1,1,1,0,0,0,0,1,0,1,0,0,1,1,0,0,0,0,0,0,1,0,1,0,1,1,0,0,0,0.25,8.446757031530963,1
50,0,0,1,1,1,0,0,1,1,1,1,0,0,0,1,0,1,1,0,1,1,0,0,1,1,0,0,1,0,1,0,1,1,0,1,0,0.3055555555555556,19.72518459808866,1
51,0,1,0,0,1,0,1,1,1,1,0,0,0,0,1,0,1,1,0,1,1,0,0,1,1,0,0,0,0,1,0,1,1,0,0,0,0.2777777777777778,15.233795995060417,1
52,1,0,0,0,1,0,0,1,1,0,0,0,0,0,1,0,1,1,0,1,0,0,0,1,1,0,0,0,0,1,0,1,1,0,1,0,0.25,11.370232616291807,1
53,0,0,0,0,1,0,0,1,1,1,0,0,0,0,1,0,1,0,0,1,1,0,0,0,1,0,0,1,0,1,0,1,1,0,1,0,0.3055555555555556,13.172991653406637,1
54,0,0,0,0,0,0,0,1,1,1,1,0,0,0,1,0,1,1,0,1,1,0,0,1,1,0,0,0,0,1,1,1,1,0,0,0,0.3055555555555556,17.54683344531532,1
55,0,1,0,0,1,0,0,1,1,1,0,0,0,0,1,0,1,0,0,1,0,0,0,1,1,0,0,1,0,1,1,1,1,0,0,0,0.3055555555555556,16.503891459847008,1
56,0,0,0,0,1,0,0,1,1,1,0,0,1,0,1,0,1,1,0,1,1,0,0,1,1,0,0,1,0,0,0,1,1,0,0,0,0.2222222222222222,11.314489887170236,1
57,0,0,1,0,1,0,0,1,1,0,1,0,1,0,1,0,1,1,0,1,0,0,0,1,1,0,0,1,0,1,0,1,1,0,0,0,0.2222222222222222,12.671130044537366,1
58,0,0,1,0,1,0,0,1,1,1,0,1,0,0,1,0,1,1,0,1,1,0,0,1,1,0,0,1,0,0,0,1,1,0,0,0,0.3055555555555556,12.595665602398668,1
59,0,0,0,0,1,0,0,1,1,1,0,0,0,0,1,0,1,1,0,1,0,0,0,1,1,0,0,1,0,1,0,1,1,1,0,0,0.25,22.849518390869186,1
60,0,0,0,0,1,0,0,1,1,1,0,0,0,0,1,0,1,1,0,1,1,0,0,1,1,0,0,0,0,1,0,1,1,0,1,0,0.3055555555555556,15.822949015813878,1
61,0,0,0,0,1,0,1,1,1,1,0,0,0,0,1,0,1,1,0,1,1,0,0,0,1,0,0,0,0,1,1,1,1,0,0,0,0.3055555555555556,11.224374506771662,1
62,0,0,0,0,1,0,0,1,1,1,0,1,1,0,1,0,1,0,0,1,1,0,0,0,1,0,0,0,0,1,0,1,1,0,1,0,0.25,9.51225229242405,1
63,0,0,1,0,0,0,0,1,1,1,0,0,0,0,1,0,1,1,0,1,0,0,0,1,1,0,0,0,0,1,0,1,1,0,1,0,0.25,13.829459773568553,1
64,0,0,1,0,1,0,1,1,1,1,1,0,0,0,1,0,1,1,0,1,0,0,0,1,1,0,0,0,0,1,0,1,1,0,1,0,0.3055555555555556,12.49130408837785,1
65,0,0,0,0,1,0,0,1,1,1,0,0,0,0,1,0,1,1,0,1,0,0,0,1,1,0,0,0,0,1,0,1,1,0,0,0,0.25,12.322257919671108,1
66,0,0,1,0,1,0,1,1,0,1,1,0,0,0,1,0,1,1,0,1,1,0,0,1,1,0,0,0,0,1,0,1,1,0,1,0,0.25,12.855107987917071,1
67,0,0,0,0,1,0,0,1,1,0,0,0,0,0,1,0,1,0,0,1,1,0,0,1,1,0,0,0,0,0,0,1,1,0,0,0,0.25,7.367635557047203,1
68,0,0,0,0,1,0,0,1,1,1,1,1,1,0,1,0,1,0,0,1,0,0,0,1,1,0,0,0,0,1,0,1,1,0,0,0,0.25,12.000126090518558,1
69,0,0,0,0,1,0,0,1,1,1,0,0,0,0,1,0,1,0,0,1,0,0,0,0,0,0,1,0,0,0,0,1,1,0,0,0,0.25,4.1661059155539455,1
70,0,0,1,0,1,0,0,1,1,1,0,0,0,0,1,0,1,1,0,1,0,0,0,0,1,0,0,0,0,1,0,1,1,0,1,0,0.3333333333333333,10.33994140124832,1
71,0,0,1,1,1,0,1,1,1,0,0,0,0,0,1,0,0,0,0,1,0,0,0,0,1,0,0,0,0,0,0,1,1,0,0,0,0.25,5.731117762359643,1
72,0,1,0,1,1,0,0,1,1,0,0,0,0,0,1,0,1,1,0,1,1,0,0,1,1,0,0,0,0,1,0,1,1,0,0,0,0.25,17.34466546294506,1
73,0,0,0,1,1,0,0,1,1,0,0,0,1,0,1,0,0,1,0,1,0,0,0,1,1,0,0,0,0,1,0,1,1,0,0,0,0.2777777777777778,13.406975800652942,1
74,0,0,1,0,1,0,0,1,1,0,0,0,1,0,1,0,1,0,0,1,0,0,0,1,1,0,0,1,0,1,0,1,1,0,0,0,0.2777777777777778,13.536368254614045,1
75,0,0,0,0,1,0,0,1,1,1,1,0,0,0,1,0,1,1,0,1,1,0,0,0,1,0,1,0,0,1,0,1,1,0,0,0,0.2777777777777778,9.753811450845964,1
76,1,1,0,0,0,1,1,1,0,1,1,1,1,1,0,1,0,0,1,0,1,1,1,0,0,1,1,1,1,1,1,0,0,0,0,1,0.3055555555555556,24.096095398918038,1
77,0,1,0,0,1,0,0,1,1,1,0,0,0,0,1,0,1,0,0,1,0,0,0,0,1,0,0,0,0,1,1,0,1,0,1,0,0.16666666666666666,6.0764230783349475,1
78,0,0,1,0,1,0,1,1,1,1,0,0,0,0,0,0,1,1,0,1,0,0,0,1,1,0,0,0,0,1,0,1,1,0,0,0,0.2777777777777778,11.44542217446735,1
79,0,1,0,0,1,0,0,1,1,1,1,0,0,0,1,0,1,1,0,1,1,0,0,0,1,0,0,0,0,1,0,1,1,0,0,0,0.3333333333333333,15.236534576236734,1
80,0,0,0,0,1,0,0,1,1,1,1,0,0,0,1,0,1,1,0,1,0,0,0,1,1,0,1,1,0,0,0,1,1,0,0,0,0.25,8.576629647644586,1
81,0,0,0,0,1,0,0,1,1,1,0,0,0,0,1,0,1,0,0,1,1,0,0,0,1,0,0,0,0,1,0,1,1,0,0,0,0.25,8.045227128444258,1
82,0,0,0,1,1,0,0,1,1,0,0,0,1,0,1,0,0,0,0,1,1,0,0,1,1,0,0,0,0,1,1,1,1,0,0,0,0.2777777777777778,18.649853654332542,1
83,0,0,0,0,1,1,0,1,1,0,1,0,0,0,1,0,1,1,0,1,0,0,0,1,1,0,0,0,0,1,0,1,1,0,0,0,0.2777777777777778,11.946637860026746,1
84,1,1,0,1,0,1,1,1,0,1,0,1,1,1,0,1,0,0,1,0,1,1,1,0,0,1,1,1,1,1,1,0,0,0,1,1,0.25,27.998884755910368,1
85,0,0,0,0,1,0,1,1,1,1,0,0,0,0,1,0,1,1,0,1,0,0,0,1,1,0,0,1,0,0,1,1,1,0,1,0,0.2777777777777778,9.480358235410531,1
86,1,0,0,1,0,1,1,1,0,1,0,1,1,1,0,1,0,0,1,0,1,1,1,0,0,1,1,1,1,1,1,0,0,0,1,1,0.2777777777777778,24.254704029216576,1
87,0,0,0,0,1,0,0,1,1,1,0,0,0,0,1,0,1,0,0,1,0,0,0,1,0,0,0,0,0,1,0,1,1,0,0,0,0.3055555555555556,8.406865283529514,1
88,0,0,1,0,1,0,0,1,1,1,1,0,0,0,1,0,0,1,0,1,1,0,0,1,1,0,0,0,0,1,0,1,1,0,0,0,0.3333333333333333,13.591879971481218,1
89,0,0,0,0,1,0,0,1,0,1,1,0,0,1,1,0,0,1,0,1,1,0,0,1,1,0,0,0,0,1,0,1,1,0,0,0,0.2777777777777778,15.578732769773671,1
90,1,1,0,1,0,0,1,1,0,1,1,1,1,1,0,1,0,0,1,0,1,0,1,0,0,0,1,1,1,1,0,0,0,0,0,1,0.25,26.65790338311236,1
91,0,0,1,0,1,0,0,1,1,1,0,0,1,0,1,0,1,0,0,1,1,0,0,1,1,0,0,0,0,1,1,1,1,0,1,0,0.3611111111111111,18.146294358128127,1
92,0,0,0,0,1,0,0,1,0,0,0,0,0,0,1,0,1,0,0,1,1,0,0,0,1,0,0,0,0,0,0,1,1,0,0,0,0.19444444444444445,3.8299265062671277,1
93,0,0,1,0,1,0,0,1,1,0,0,0,0,0,1,0,1,1,0,1,0,0,0,1,0,0,0,1,0,0,1,1,1,0,1,0,0.19444444444444445,9.248871018011325,1
94,1,1,0,0,0,1,1,1,0,1,1,1,1,1,0,1,0,0,1,0,1,0,1,0,0,1,1,1,1,1,1,0,0,0,0,1,0.3333333333333333,21.63296792728321,1
95,1,1,0,1,0,1,1,1,0,1,1,1,1,0,0,1,0,0,1,0,0,1,1,0,0,1,1,1,1,1,1,0,0,0,0,1,0.2777777777777778,23.327618774095683,1
96,1,0,0,0,0,1,1,1,0,1,1,1,1,1,0,1,0,0,1,0,1,1,1,0,0,0,1,1,1,1,1,0,0,0,0,1,0.3055555555555556,17.205826464543204,1
97,0,0,0,0,1,1,0,1,1,0,1,0,1,0,1,0,1,0,0,1,1,0,0,1,0,0,0,1,0,1,0,1,1,0,0,0,0.25,12.036108324321257,1
98,0,0,1,0,1,0,0,1,1,0,1,0,1,0,1,0,1,0,0,1,1,0,0,1,1,0,0,0,0,1,0,1,1,0,0,0,0.2222222222222222,11.544715953063623,1
99,1,1,0,0,0,1,1,1,0,1,0,1,1,1,0,1,1,0,1,0,0,1,1,0,0,1,1,1,1,1,0,0,0,0,1,1,0.3055555555555556,22.93930306915574,1
