,0,1,2,3,4,5,6,7,8,9,10,11,12,13,14,15,16,17,18,19,20,21,22,23,24,25,26,27,28,29,30,31,32,33,34,35,chain_break_fraction,energy,num_occurrences
0,0,1,0,1,0,0,1,0,1,0,1,1,0,0,0,1,0,1,1,0,1,0,1,0,1,0,0,0,0,0,0,0,0,1,1,1,0.2777777777777778,13.785008456195676,1
1,0,1,0,1,0,0,1,0,1,0,1,0,0,0,0,1,0,1,1,0,1,0,1,0,1,0,0,1,0,0,0,0,0,1,1,1,0.3055555555555556,11.77876967991503,1
2,0,1,0,1,0,0,1,0,1,0,1,1,0,0,0,1,0,1,1,0,1,0,1,0,1,0,0,0,0,0,0,0,0,1,1,1,0.3055555555555556,13.785008456195676,1
3,0,1,0,1,0,0,1,0,1,0,1,0,0,0,0,1,0,1,1,0,1,0,1,1,1,0,0,0,0,0,0,0,0,1,1,1,0.2222222222222222,8.666475564084845,1
4,0,1,0,1,0,0,0,0,1,0,1,1,0,0,0,1,0,1,1,0,1,0,1,0,0,0,0,0,0,0,0,0,0,1,1,1,0.25,13.6436214230715,1
5,0,1,0,1,0,0,1,0,1,0,1,0,0,0,0,1,0,1,1,0,1,0,1,1,1,0,0,0,0,0,0,0,0,1,0,1,0.3333333333333333,7.933016158171471,1
6,0,1,0,1,0,0,0,0,1,0,1,0,0,0,0,1,0,1,1,0,1,0,1,1,1,0,0,0,0,0,0,0,0,1,0,1,0.2777777777777778,8.431035488818027,1
7,0,1,0,1,0,0,1,0,1,0,1,1,0,0,0,1,0,1,1,0,1,0,1,0,1,0,0,0,0,0,0,0,0,1,1,1,0.16666666666666666,13.785008456195676,1
8,0,1,0,1,0,0,1,0,1,0,1,0,0,0,0,1,0,1,1,0,1,0,1,1,1,0,0,0,0,0,0,0,0,1,1,1,0.25,8.666475564084845,1
9,0,1,0,1,0,0,1,0,1,0,1,1,0,0,0,1,0,1,1,0,1,0,1,0,0,0,0,0,0,0,0,0,0,1,1,1,0.2222222222222222,14.907012123282408,1
10,0,1,0,1,0,0,1,0,1,0,1,1,0,0,1,1,0,1,1,0,1,0,1,0,1,0,0,0,0,0,0,0,0,1,1,1,0.2222222222222222,16.82130097591856,1
11,0,1,0,1,0,0,1,0,1,0,1,0,0,0,0,1,0,1,1,0,1,0,1,0,1,0,0,0,0,0,0,0,0,1,1,1,0.3055555555555556,7.862291675202977,1
12,0,1,0,1,0,0,1,0,1,0,1,0,0,0,1,1,0,1,1,0,1,0,1,1,1,0,0,0,0,0,0,0,0,1,1,1,0.3611111111111111,9.684469120562271,1
13,0,1,0,1,0,0,1,0,1,0,1,1,0,0,0,1,0,1,1,0,1,0,1,0,1,0,0,0,0,0,0,0,0,1,1,1,0.2222222222222222,13.785008456195676,1
14,0,1,0,1,0,0,0,0,1,0,1,1,0,0,0,1,0,1,1,0,1,0,1,0,1,0,0,1,0,0,0,0,0,1,1,1,0.3055555555555556,16.108293025220988,1
15,0,1,0,1,0,0,1,0,1,0,1,0,0,0,1,1,0,1,1,0,1,0,1,1,1,0,0,0,0,0,0,0,0,1,1,1,0.2777777777777778,9.684469120562271,1
16,0,1,1,1,0,0,1,0,1,0,1,0,0,0,0,1,0,1,1,0,1,0,1,1,1,0,0,0,0,0,0,0,0,1,1,1,0.3055555555555556,9.999551025796858,1
17,0,1,0,1,0,0,1,0,1,0,1,1,0,0,0,1,0,1,1,0,1,0,1,0,0,0,0,0,0,0,0,0,0,1,1,1,0.3055555555555556,14.907012123282408,1
18,0,1,0,1,0,0,1,0,1,0,1,0,0,0,0,1,0,1,1,0,1,0,1,0,1,0,0,0,0,0,0,0,0,1,1,1,0.25,7.862291675202977,1
19,0,1,0,1,0,0,1,0,1,0,1,0,0,0,0,1,0,1,1,0,1,0,1,0,1,0,0,0,1,0,0,0,0,1,0,1,0.2777777777777778,7.3020593266528,1
20,0,1,0,1,0,0,1,0,1,0,1,1,0,0,0,1,0,1,1,0,1,0,1,0,1,0,0,0,0,0,0,0,0,1,1,1,0.3055555555555556,13.785008456195676,1
21,0,1,0,1,0,0,1,0,1,0,1,1,0,0,0,1,0,1,1,0,1,0,1,0,1,0,0,0,0,0,0,0,0,1,0,1,0.3055555555555556,15.05461120024024,1
22,0,1,0,1,0,0,0,0,1,0,1,1,0,0,0,1,0,1,1,0,1,0,1,0,0,0,0,0,0,0,0,0,0,1,0,1,0.16666666666666666,14.855270406620605,1
23,0,1,1,1,0,0,1,0,1,0,1,1,0,0,0,1,0,1,1,0,1,0,1,0,1,0,0,1,0,0,0,0,0,1,1,1,0.2777777777777778,17.99374687906718,1
24,0,1,0,1,0,0,1,0,1,0,1,0,0,0,0,1,0,1,1,0,1,0,1,0,0,0,0,0,0,0,0,0,0,1,0,1,0.19444444444444445,8.986481047183732,1
25,0,1,0,1,0,0,1,0,1,0,1,1,0,0,0,1,0,1,1,0,1,0,1,0,1,0,0,0,0,0,0,0,0,1,1,1,0.3055555555555556,13.785008456195676,1
26,0,1,0,1,0,0,1,0,1,0,1,0,0,0,0,1,0,1,1,0,1,0,1,1,1,0,0,0,0,0,0,0,0,1,1,1,0.3333333333333333,8.666475564084845,1
27,0,1,1,1,0,0,1,0,1,0,1,0,0,0,0,1,0,1,1,0,1,0,1,0,1,0,0,0,0,0,0,0,0,1,1,1,0.3055555555555556,10.195376325764645,1
28,0,1,1,1,0,0,0,0,1,0,1,1,0,0,0,1,0,1,1,0,1,0,1,0,1,0,0,0,0,0,0,0,0,1,1,1,0.3888888888888889,15.906353995586363,1
29,0,1,0,1,0,0,1,0,1,0,1,0,0,0,0,1,0,1,1,0,1,0,1,1,1,0,0,0,0,0,0,0,0,1,1,1,0.3333333333333333,8.666475564084845,1
30,0,1,0,1,0,0,1,0,1,0,1,0,0,0,0,1,0,1,1,0,1,0,1,1,1,0,0,0,0,0,0,0,0,1,1,1,0.2222222222222222,8.666475564084845,1
31,0,1,1,1,0,0,1,0,1,0,1,1,0,0,0,1,0,1,1,0,1,0,1,0,1,0,0,0,0,1,0,0,0,1,1,1,0.2777777777777778,15.68303012135957,1
32,0,1,0,1,0,0,1,0,1,0,1,0,0,0,0,1,0,1,1,0,1,0,1,0,1,0,0,0,0,0,0,1,0,1,1,1,0.25,8.326533309590317,1
33,0,1,0,1,0,0,1,0,1,0,1,1,0,0,0,1,0,1,1,0,1,0,1,0,1,0,0,0,0,0,0,1,0,1,1,1,0.3055555555555556,12.245932573660541,1
34,0,1,0,1,0,0,0,0,1,0,1,0,0,0,0,1,0,1,1,0,1,0,1,0,0,0,0,0,0,0,0,0,0,1,1,1,0.2777777777777778,7.720904321018379,1
35,0,1,0,1,0,0,0,0,1,0,1,0,0,0,1,1,0,1,1,0,1,0,1,1,1,0,0,0,0,0,0,0,0,1,1,1,0.3333333333333333,10.473026179935212,1
36,0,1,0,1,0,0,1,0,1,0,0,0,0,0,1,1,0,1,1,0,1,0,1,1,1,0,0,0,0,0,0,0,0,1,1,1,0.2222222222222222,9.326007890812365,1
37,0,1,0,1,0,0,1,0,1,0,1,0,0,0,1,1,0,1,1,0,1,0,1,0,1,0,0,0,1,0,0,0,0,1,0,1,0.2777777777777778,9.320132080402376,1
38,0,1,0,1,0,0,0,0,1,0,0,0,0,0,1,1,0,1,1,0,1,0,1,0,1,0,0,0,0,0,0,0,0,1,0,1,0.2222222222222222,8.177235434017026,1
39,0,0,1,1,0,0,1,0,1,0,1,1,0,0,0,1,0,1,1,0,1,0,1,0,1,0,0,0,0,0,0,0,0,1,1,1,0.3333333333333333,11.144423505263838,1
40,0,1,1,1,0,0,1,0,1,0,1,1,0,0,0,1,0,1,1,0,1,0,1,1,1,0,0,0,0,0,0,0,0,1,1,1,0.3333333333333333,14.69825481141955,1
41,0,1,1,1,0,0,1,0,1,0,0,0,0,0,0,1,0,1,1,0,1,0,1,1,1,0,0,0,0,0,0,0,0,1,1,1,0.2222222222222222,9.650199132985506,1
42,0,1,1,1,0,0,0,0,1,0,1,0,0,0,0,1,0,1,1,0,1,0,1,0,1,0,0,0,0,0,0,0,0,1,1,1,0.2777777777777778,9.983637097258303,1
43,0,1,0,1,0,0,0,0,1,0,1,1,0,0,0,1,0,1,1,0,1,0,1,0,1,0,0,0,0,0,0,0,0,1,1,1,0.3055555555555556,13.073282272484573,1
44,0,1,0,1,0,0,1,0,1,0,1,1,0,0,0,1,0,1,1,0,1,0,1,0,0,0,0,0,0,0,0,0,0,1,1,1,0.25,14.907012123282408,1
45,0,1,1,1,0,0,0,0,1,0,1,0,0,0,0,1,0,1,1,0,1,0,1,0,1,0,0,0,0,0,0,0,0,1,1,1,0.25,9.983637097258303,1
46,0,1,0,1,0,0,1,0,1,0,1,0,0,0,0,1,0,1,1,0,1,0,1,0,1,0,0,0,0,0,0,0,0,1,1,1,0.3055555555555556,7.862291675202977,1
47,0,1,1,1,0,0,1,0,1,0,1,1,0,0,0,1,0,1,1,0,1,0,1,0,1,0,0,0,0,0,0,0,0,1,0,1,0.25,18.888350294377926,1
48,0,1,1,1,0,0,1,0,1,0,1,0,0,0,0,1,0,1,1,0,1,0,1,0,1,0,0,0,0,0,0,0,0,1,1,1,0.3333333333333333,10.195376325764645,1
49,0,1,0,1,0,0,1,0,1,0,1,1,0,0,1,1,0,1,1,0,1,0,1,1,1,0,0,0,0,0,0,0,0,1,1,1,0.3611111111111111,14.401391580062112,1
50,0,1,0,1,0,0,1,0,1,0,1,0,0,0,0,1,0,1,1,0,1,0,1,0,1,1,0,0,0,0,0,0,0,1,0,1,0.3055555555555556,10.422719132732379,1
51,0,1,0,1,0,0,1,0,0,0,1,1,0,0,1,1,0,1,1,0,1,0,1,0,1,0,0,0,0,0,0,0,0,1,1,1,0.2777777777777778,13.350833185095855,1
52,0,1,0,1,0,0,1,0,1,0,1,1,0,0,0,1,0,1,1,0,1,0,1,0,1,0,0,0,1,0,0,0,0,1,1,1,0.3888888888888889,12.56826039182072,1
53,0,1,0,1,0,1,1,0,1,0,1,0,0,0,0,1,0,1,1,0,1,0,1,0,0,0,0,0,0,0,0,1,0,1,1,1,0.2777777777777778,10.785251946212112,1
54,0,1,0,1,0,0,1,0,1,0,1,0,0,0,0,1,0,1,1,0,1,0,1,1,1,0,0,0,1,0,0,0,0,1,0,1,0.3611111111111111,8.317965919849424,1
55,0,0,0,1,0,0,1,0,1,0,1,1,0,0,0,1,0,1,1,0,1,0,1,0,1,0,0,0,0,0,0,0,0,1,1,1,0.25,9.253135516866353,1
56,0,1,0,1,0,0,1,0,1,0,1,0,0,0,1,1,0,1,1,0,1,0,1,1,1,0,0,0,1,0,0,0,0,1,1,1,0.25,10.183964670803764,1
57,0,1,0,1,0,0,1,0,1,0,1,0,0,0,1,1,0,1,1,0,1,0,1,0,1,0,0,0,0,0,0,0,0,1,0,1,0.25,10.649967461557589,1
58,0,1,1,1,0,0,1,0,1,0,1,1,0,0,0,1,0,1,1,0,1,0,1,0,0,0,0,1,0,0,0,0,0,1,1,1,0.3888888888888889,17.642186139264297,1
59,0,1,0,1,0,0,1,0,1,0,1,1,0,0,0,1,0,1,1,0,1,0,1,1,1,0,0,0,0,0,0,0,0,1,1,1,0.3888888888888889,12.365179222931955,1
60,0,1,0,1,0,1,0,0,1,0,1,1,0,0,0,1,0,1,1,0,1,0,1,0,1,0,0,0,0,0,0,0,0,1,1,1,0.25,18.3230404870435,1
61,1,0,1,0,1,1,0,1,0,1,0,0,1,1,1,0,1,1,0,1,0,1,0,0,0,1,1,0,1,1,1,1,1,0,0,0,0.2777777777777778,23.128698045537607,1
62,1,0,0,0,1,1,0,1,0,1,0,0,1,1,1,0,1,1,0,1,0,1,0,0,0,0,1,0,1,1,1,0,1,0,1,0,0.3333333333333333,18.007591908839036,1
63,0,1,1,1,0,1,1,0,1,0,1,0,0,0,0,1,0,1,1,0,1,0,1,0,1,0,0,0,0,0,0,0,0,1,1,1,0.2777777777777778,15.569649051944635,1
64,0,1,0,1,0,0,1,0,0,0,0,1,0,0,1,1,0,1,1,0,1,0,1,0,1,1,0,0,0,0,0,0,0,1,1,1,0.2222222222222222,13.636358717610358,1
65,0,1,0,1,0,1,1,0,1,0,1,0,0,0,0,1,0,1,1,0,1,0,1,0,1,0,0,1,1,0,0,0,0,1,0,1,0.3333333333333333,13.228276806817409,1
66,0,1,0,1,0,0,1,0,1,0,1,1,0,0,0,1,0,1,1,0,1,0,1,0,1,0,0,0,0,0,0,1,0,1,1,1,0.25,12.245932573660541,1
67,1,0,1,0,1,0,0,1,0,1,0,0,1,1,1,0,1,1,0,1,0,1,0,0,0,1,1,0,1,1,1,0,1,0,1,0,0.3055555555555556,14.702329365322171,1
68,0,1,0,1,0,0,1,0,1,0,1,0,0,0,1,1,0,1,1,0,1,0,1,0,1,0,0,1,0,0,0,0,0,1,1,1,0.3055555555555556,12.79684339582133,1
69,0,1,1,0,0,0,1,0,1,0,1,0,0,0,1,1,0,1,1,0,1,0,1,1,1,0,0,0,0,0,0,0,0,1,1,1,0.2222222222222222,7.851392977220687,1
70,0,1,0,1,0,0,0,0,1,0,1,0,0,0,0,1,0,1,1,0,1,0,0,1,0,0,0,0,0,0,0,0,0,1,1,1,0.25,8.122808377843576,1
71,0,1,0,1,0,0,0,0,1,0,1,0,0,0,1,1,0,1,1,0,1,0,1,0,1,0,0,0,1,0,0,0,0,1,1,1,0.3333333333333333,9.47313379024477,1
72,0,1,0,1,0,0,1,0,1,0,1,0,0,0,0,1,0,1,1,0,1,0,1,1,1,0,0,0,0,0,0,0,0,1,0,1,0.2777777777777778,7.933016158171471,1
73,0,1,1,1,0,0,1,0,1,0,1,0,0,0,0,1,0,1,1,0,1,0,1,1,1,1,0,0,0,0,0,0,0,1,1,1,0.3333333333333333,14.708896166063953,1
74,0,1,0,1,0,1,0,0,1,0,1,0,0,0,0,1,0,1,1,0,1,0,1,1,0,0,0,0,0,0,0,0,0,1,1,1,0.2777777777777778,10.771356230687786,1
75,0,1,0,1,0,0,1,0,1,0,1,0,1,0,0,1,0,1,1,0,1,0,1,1,1,0,0,0,0,0,0,0,0,1,1,1,0.3611111111111111,8.377918504711792,1
76,1,0,1,0,1,0,0,1,0,1,0,0,1,1,1,0,1,1,0,1,0,1,0,0,0,0,1,0,1,1,1,1,1,0,0,0,0.3055555555555556,16.616573121977297,1
77,0,1,0,1,0,0,1,0,1,0,1,0,1,0,1,1,0,1,1,0,1,0,1,0,1,0,0,0,0,0,0,0,0,1,1,1,0.2777777777777778,11.092091568544147,1
78,0,1,0,1,0,0,1,0,1,0,1,1,0,0,0,1,0,1,1,0,1,0,1,1,1,0,0,0,0,0,0,0,0,1,1,1,0.2777777777777778,12.365179222931955,1
79,0,1,0,1,0,0,1,0,1,0,0,0,0,0,0,1,0,1,1,0,1,0,1,0,1,0,0,1,1,0,0,0,0,1,0,1,0.2777777777777778,10.872101234854615,1
80,0,1,1,1,0,0,1,0,1,0,1,1,0,0,0,1,0,1,1,0,1,0,1,1,1,0,0,0,0,0,0,0,0,1,1,1,0.3333333333333333,14.69825481141955,1
81,0,1,1,1,0,0,1,0,1,0,1,0,0,0,0,1,0,1,1,0,1,0,1,0,1,0,0,0,0,0,0,0,0,1,1,1,0.3055555555555556,10.195376325764645,1
82,0,1,1,1,0,0,0,0,1,0,1,0,0,0,1,1,0,1,1,0,1,0,1,1,1,0,0,0,0,0,0,0,0,1,1,1,0.3611111111111111,11.806089269041335,1
83,0,1,0,0,0,0,1,0,0,0,1,1,0,0,1,1,0,1,1,0,1,0,1,1,1,0,0,0,0,0,0,0,0,1,1,1,0.2222222222222222,9.37677793685345,1
84,0,1,0,0,0,0,1,0,1,0,1,0,0,0,1,1,0,1,1,0,1,0,1,1,1,0,0,0,1,0,0,0,0,1,0,1,0.3055555555555556,7.670064574145671,1
85,0,1,1,1,0,0,1,0,1,0,1,0,0,0,0,1,0,1,1,0,1,0,1,1,1,0,0,0,0,0,0,0,0,1,0,1,0.3611111111111111,9.766745936683913,1
86,0,1,0,1,0,0,1,0,1,0,1,0,0,0,0,1,0,1,1,0,1,0,1,0,1,0,0,1,1,0,0,0,0,1,1,1,0.4166666666666667,12.68371153691948,1
87,1,0,1,0,1,1,0,1,0,1,0,0,1,1,1,0,1,1,0,1,0,1,0,1,0,0,1,0,1,1,1,0,1,0,1,0,0.3055555555555556,17.444891582730527,1
88,1,0,1,0,1,1,0,1,0,1,0,0,1,1,0,0,1,1,0,1,0,1,0,0,0,0,1,0,1,1,1,0,1,0,0,0,0.3055555555555556,21.216180089453715,1
89,1,0,1,0,1,1,0,1,0,1,0,0,1,1,1,0,1,0,0,0,0,1,0,1,0,1,1,0,0,0,1,1,1,0,1,0,0.3055555555555556,14.472337746292913,1
90,0,1,0,1,0,0,1,0,1,0,1,0,0,0,0,1,0,1,1,0,1,0,1,0,1,0,0,0,0,0,0,0,0,1,1,1,0.3333333333333333,7.862291675202977,1
91,1,0,1,0,1,1,0,1,0,1,1,1,1,1,0,0,1,1,0,1,0,1,0,0,0,1,1,0,1,1,1,0,1,0,1,0,0.2777777777777778,28.75813919724952,1
92,1,0,0,0,1,1,0,1,0,1,0,0,1,1,1,0,1,1,0,1,0,1,0,1,0,1,0,1,1,1,1,1,0,0,0,0,0.2777777777777778,25.242182648732328,1
93,1,0,1,0,1,1,0,1,0,1,0,0,1,1,0,0,1,1,0,1,0,1,0,1,0,0,1,1,1,1,1,0,1,0,1,0,0.3611111111111111,19.24665441354127,1
94,0,1,0,1,0,0,1,0,1,0,0,1,0,0,0,1,0,1,1,0,1,0,1,1,0,0,0,0,0,0,0,0,0,1,1,1,0.3611111111111111,10.137171886469398,1
95,0,1,1,1,0,0,1,0,1,0,1,0,1,0,0,1,0,1,1,0,1,0,1,1,1,0,0,0,1,0,0,0,0,1,1,1,0.3611111111111111,10.189936847237577,1
96,0,1,0,1,0,0,1,0,1,0,1,0,0,0,0,1,0,1,1,0,1,0,1,1,0,1,0,0,0,0,0,0,0,1,0,1,0.2222222222222222,10.079087862229773,1
97,0,1,0,1,0,1,0,0,1,0,1,0,0,0,0,1,0,1,1,0,1,0,1,0,1,0,0,0,0,0,1,0,0,1,1,1,0.3055555555555556,10.132507146174813,1
98,0,1,1,1,0,0,1,0,1,0,0,0,0,0,1,1,0,1,1,0,1,0,1,0,1,0,0,0,0,0,1,0,0,1,0,1,0.2222222222222222,9.684168769611954,1
99,0,1,0,1,0,0,1,0,1,0,1,1,0,0,0,1,1,1,1,0,1,0,1,0,0,0,0,1,0,0,0,0,0,1,1,1,0.3333333333333333,15.8778328488277,1
