,0,1,2,3,4,5,6,7,8,9,10,11,12,13,14,15,16,17,18,19,20,21,22,23,24,25,26,27,28,29,30,31,32,33,34,35,chain_break_fraction,energy,num_occurrences
0,0,0,0,1,0,1,0,1,0,1,1,1,0,0,0,0,1,0,1,0,0,0,0,1,0,0,0,0,0,1,1,0,1,0,1,1,0.2777777777777778,4.783232298983121,1
1,0,0,0,1,0,1,1,1,0,0,1,1,0,0,0,0,1,0,1,0,0,1,0,1,0,0,0,0,0,0,1,0,1,0,1,1,0.2777777777777778,10.203612079038397,1
2,0,0,0,1,0,1,0,1,0,1,1,1,0,0,0,0,1,0,1,0,0,1,0,1,0,0,0,0,0,1,1,0,1,0,1,1,0.25,6.675271734548876,1
3,0,0,0,1,0,1,0,1,0,0,1,1,0,0,0,0,1,0,1,0,0,1,0,1,0,0,0,0,0,0,1,0,1,0,1,1,0.25,9.397982181271958,1
4,0,0,0,1,0,1,1,1,0,1,1,1,0,0,0,0,1,0,1,0,0,1,0,1,0,0,0,0,0,1,1,0,1,0,1,1,0.25,7.480987993482618,1
5,0,0,0,1,0,1,1,1,0,1,1,1,0,0,0,0,1,0,1,0,0,0,0,1,0,0,0,0,0,1,1,0,1,0,1,1,0.2777777777777778,6.589757586384381,1
6,0,0,0,1,1,1,0,1,0,0,1,1,0,0,0,0,1,0,1,0,0,1,0,1,0,0,0,0,0,1,1,0,1,0,1,1,0.2777777777777778,11.541922703479912,1
7,0,0,0,1,0,1,1,1,0,1,1,1,0,0,0,0,1,0,1,0,0,1,0,1,0,0,0,0,0,1,1,0,1,0,1,1,0.3055555555555556,7.480987993482618,1
8,0,0,0,1,0,1,1,1,0,1,1,1,0,0,0,0,1,0,1,0,0,1,0,1,0,0,0,0,0,1,1,0,1,0,1,1,0.3055555555555556,7.480987993482618,1
9,0,0,0,1,0,1,1,1,0,1,1,1,0,0,0,0,1,0,1,0,0,0,0,1,0,0,0,0,0,1,1,0,1,0,1,1,0.3055555555555556,6.589757586384381,1
10,0,0,0,1,0,1,1,1,0,0,1,1,0,0,0,0,1,0,1,0,0,1,0,1,0,0,0,0,0,0,1,0,1,0,1,1,0.2777777777777778,10.203612079038397,1
11,0,0,0,1,0,1,0,1,0,1,1,1,0,0,0,0,1,0,1,0,0,0,0,1,0,0,0,0,0,1,1,0,1,0,1,1,0.3055555555555556,4.783232298983121,1
12,0,0,0,1,0,1,1,1,0,1,1,1,0,0,0,0,1,0,1,0,0,0,0,0,0,0,0,0,0,1,1,0,1,0,1,1,0.25,10.022499138631147,1
13,0,0,0,1,1,1,0,1,0,0,1,1,0,0,0,0,1,0,1,0,0,1,0,1,0,0,0,0,0,1,1,0,1,0,1,1,0.2777777777777778,11.541922703479912,1
14,0,0,0,1,0,1,0,1,0,1,1,1,0,0,0,0,1,0,1,0,0,1,0,0,0,0,0,0,0,1,1,0,1,0,1,1,0.3055555555555556,5.580730927500675,1
15,0,0,0,1,0,1,1,1,0,0,1,1,0,0,0,0,1,0,1,0,0,1,0,1,0,0,0,0,0,0,1,0,1,0,0,1,0.25,10.226988984874616,1
16,0,0,0,1,0,1,0,1,0,0,1,1,0,0,0,0,1,0,1,0,0,1,0,1,0,0,0,0,0,1,1,0,1,0,1,1,0.25,11.725780517420244,1
17,0,0,0,1,0,1,1,1,0,1,1,1,0,0,0,0,1,0,1,0,0,0,0,1,0,0,0,0,0,1,1,0,1,0,1,1,0.2777777777777778,6.589757586384381,1
18,0,0,0,1,0,1,1,1,0,1,1,1,0,0,0,0,1,0,1,0,0,1,0,1,0,0,0,0,0,1,1,0,1,0,0,1,0.3055555555555556,7.56031826287738,1
19,0,0,0,1,0,1,1,1,0,1,1,1,0,0,0,0,1,0,1,0,0,0,0,1,0,0,0,0,0,1,1,0,1,0,1,1,0.3333333333333333,6.589757586384381,1
20,0,0,0,1,0,1,0,1,0,1,1,1,0,0,0,0,1,0,1,0,0,0,0,1,0,0,0,0,0,1,1,0,1,0,1,1,0.3333333333333333,4.783232298983121,1
21,0,0,0,1,0,1,1,1,0,1,1,1,0,0,0,0,1,0,1,0,0,1,0,0,0,0,0,0,0,1,1,0,1,0,1,1,0.3055555555555556,7.3866821680317125,1
22,0,0,0,1,0,1,1,1,0,1,1,1,0,0,0,0,1,0,1,0,0,0,0,1,0,0,0,0,0,1,1,0,1,0,1,1,0.3333333333333333,6.589757586384381,1
23,0,0,0,1,0,1,0,1,0,1,1,1,0,0,0,0,1,0,1,0,0,1,0,0,0,0,0,0,0,1,1,0,1,0,1,1,0.3333333333333333,5.580730927500675,1
24,0,0,0,1,0,1,1,1,0,1,1,1,0,0,0,0,1,0,1,0,0,1,0,1,0,0,0,0,0,1,1,0,1,0,0,1,0.25,7.56031826287738,1
25,0,0,0,1,1,1,1,1,0,1,1,1,0,0,0,0,1,0,1,0,0,1,0,1,0,0,0,0,0,1,1,0,1,0,1,1,0.3333333333333333,8.820087360115098,1
26,0,0,0,1,0,1,1,1,0,1,1,1,0,0,0,0,1,0,1,0,0,1,0,1,0,0,0,0,0,1,1,0,1,0,1,1,0.3055555555555556,7.480987993482618,1
27,0,0,0,1,0,1,0,1,0,1,1,1,0,0,0,0,1,0,1,0,0,1,0,1,0,0,0,0,0,1,1,0,1,0,0,1,0.3055555555555556,6.187968119133763,1
28,0,0,0,1,0,1,0,1,0,0,1,1,0,0,0,0,1,0,1,0,0,1,0,0,0,0,0,0,0,0,1,0,1,0,1,1,0.3055555555555556,7.3718482356701305,1
29,0,1,0,1,0,1,0,1,0,1,1,1,0,0,0,0,1,0,1,0,0,1,0,1,0,0,0,0,0,1,1,0,1,0,1,1,0.3333333333333333,7.782680111358862,1
30,0,0,0,1,0,1,1,1,0,0,1,1,0,0,0,0,1,0,1,0,0,0,0,0,0,0,0,0,0,0,1,0,1,0,0,1,0.2777777777777778,13.054946861928844,1
31,0,0,0,1,0,1,1,1,0,1,1,1,0,0,0,0,1,0,1,0,0,0,0,1,0,0,0,0,0,1,1,0,1,0,1,1,0.25,6.589757586384381,1
32,0,0,0,1,0,1,1,1,0,1,1,1,0,0,0,0,1,0,1,0,0,0,0,1,0,0,0,0,0,1,1,0,1,0,1,1,0.3055555555555556,6.589757586384381,1
33,0,0,0,1,0,1,1,1,0,1,1,1,0,0,0,0,1,0,1,0,0,1,0,0,0,0,0,0,0,1,1,0,1,0,1,1,0.2777777777777778,7.3866821680317125,1
34,0,0,0,1,0,1,0,1,0,1,1,1,0,0,0,0,1,0,1,0,0,1,0,1,0,0,0,0,0,1,1,0,1,0,1,1,0.3055555555555556,6.675271734548876,1
35,0,0,0,1,0,1,1,1,0,1,1,1,0,0,0,0,1,0,1,0,0,0,0,1,0,0,0,0,0,1,1,0,1,0,1,1,0.2777777777777778,6.589757586384381,1
36,0,0,0,1,1,1,0,1,0,1,1,1,0,0,0,0,1,0,1,0,0,0,0,1,0,0,0,0,0,1,1,0,1,0,1,1,0.3333333333333333,6.654501181268142,1
37,0,0,0,1,0,1,1,1,0,1,1,1,0,0,0,0,1,0,1,0,0,1,0,0,0,0,0,0,0,1,1,0,1,0,1,1,0.3055555555555556,7.3866821680317125,1
38,0,1,0,1,0,1,0,1,0,0,1,1,0,0,0,0,1,0,1,0,0,1,0,1,0,0,0,0,0,1,1,0,1,0,1,1,0.3055555555555556,10.818195110476786,1
39,0,0,0,1,0,1,0,1,0,0,1,0,0,0,0,0,1,0,1,0,0,0,0,0,0,0,0,0,0,0,1,0,1,0,1,1,0.25,3.791315198237102,1
40,0,0,0,1,0,1,1,1,0,1,1,1,0,0,0,0,1,0,1,0,0,0,0,0,0,0,0,0,0,0,1,0,1,0,1,1,0.2777777777777778,17.223480476815894,1
41,0,0,0,1,0,1,1,1,0,0,1,1,0,0,0,0,1,0,1,0,0,1,0,1,0,0,1,0,0,1,1,0,1,0,1,1,0.3055555555555556,14.656124500820919,1
42,0,0,1,1,0,1,1,1,0,1,1,1,0,0,0,0,1,0,1,0,0,1,0,1,0,0,0,0,0,1,1,0,1,0,1,1,0.3611111111111111,8.787462637249957,1
43,0,0,0,1,0,1,1,1,0,1,0,1,0,0,0,0,1,0,1,0,0,1,0,0,0,0,0,0,0,1,1,0,1,0,1,1,0.2777777777777778,6.235167823714264,1
44,0,0,0,1,0,1,1,1,0,1,1,1,0,0,0,0,1,0,1,0,0,1,0,0,0,0,0,0,0,1,1,0,1,0,0,1,0.25,8.576373437503243,1
45,0,0,0,1,0,1,0,1,0,0,1,1,0,0,0,0,1,0,1,0,0,1,0,0,0,0,0,0,0,1,1,0,1,0,0,1,0.2777777777777778,6.159189427026216,1
46,0,0,0,1,0,1,1,1,0,1,1,1,0,0,0,0,1,0,1,0,0,1,0,0,0,0,0,0,0,1,0,0,1,0,1,1,0.3055555555555556,8.579390811284547,1
47,0,0,0,1,0,1,1,1,0,1,1,1,0,0,0,0,1,0,1,0,0,0,0,0,0,0,0,0,1,1,1,0,1,0,1,1,0.2777777777777778,7.42200846953876,1
48,0,0,0,1,1,1,1,1,0,1,1,1,0,0,0,0,1,0,1,0,0,1,0,1,0,0,0,0,0,1,1,0,1,0,1,1,0.2777777777777778,8.820087360115098,1
49,0,0,0,1,0,1,1,1,0,0,1,1,0,0,0,0,1,0,1,0,0,1,0,1,0,0,0,0,0,0,1,0,1,0,1,1,0.3333333333333333,10.203612079038397,1
50,0,0,0,1,0,1,1,1,0,1,1,1,0,0,1,0,1,0,1,0,0,1,0,1,0,0,0,0,0,1,1,0,1,0,1,1,0.3055555555555556,8.51462347760016,1
51,0,1,0,1,0,1,1,1,0,0,1,1,0,0,0,0,1,0,1,0,0,1,0,1,0,0,0,0,0,0,1,0,1,0,1,1,0.3333333333333333,12.780718701380493,1
52,0,0,1,1,0,1,1,1,0,0,1,1,0,1,0,0,1,0,1,0,0,0,0,1,0,0,0,0,0,1,1,0,1,0,1,1,0.25,13.541186281239327,1
53,0,0,0,1,0,1,0,1,0,1,1,1,0,0,0,0,1,0,1,0,0,1,0,1,1,0,0,0,0,0,1,0,1,0,1,1,0.2222222222222222,6.855303888927423,1
54,0,0,0,1,0,1,0,1,0,1,1,1,0,0,0,0,1,0,1,0,0,0,0,1,0,0,0,0,0,1,1,0,1,0,1,1,0.3055555555555556,4.783232298983121,1
55,0,0,0,1,0,1,0,1,0,1,1,1,0,0,0,0,1,0,1,0,0,0,0,1,0,0,0,0,0,1,1,0,1,0,0,1,0.3055555555555556,5.502354257166405,1
56,0,1,0,1,0,1,1,1,0,0,1,1,0,0,0,0,1,0,1,0,0,0,0,1,0,0,0,0,0,1,1,0,1,0,1,1,0.3333333333333333,9.782212911359586,1
57,0,0,0,1,0,1,1,1,0,1,1,1,0,0,0,0,1,0,1,0,0,1,0,1,0,0,0,0,0,1,1,0,1,0,1,1,0.3611111111111111,7.480987993482618,1
58,0,0,0,1,0,1,1,1,0,0,1,1,0,0,0,0,1,0,1,0,0,0,0,1,0,0,0,0,0,1,1,0,1,0,1,1,0.3333333333333333,7.150035123253435,1
59,0,0,1,1,1,1,1,1,0,1,1,1,0,0,0,0,1,0,1,0,0,1,0,1,0,0,0,0,0,1,1,0,1,0,1,1,0.3888888888888889,10.628343922668382,1
60,0,0,0,1,0,1,0,1,0,1,1,1,0,0,0,0,1,0,1,0,0,1,0,1,0,0,0,0,0,0,1,0,1,0,1,1,0.3333333333333333,7.419487132441318,1
61,0,0,1,1,0,1,1,1,0,1,1,1,0,0,0,0,1,0,1,0,0,0,0,1,0,0,0,0,0,1,1,0,1,0,0,1,0.2222222222222222,10.702059137859091,1
62,0,0,0,1,0,1,1,1,0,1,1,1,0,0,0,0,1,0,1,0,0,1,0,1,0,0,0,0,0,0,1,0,1,0,1,1,0.3333333333333333,9.22530442784798,1
63,0,0,0,1,0,1,1,1,0,1,1,1,0,0,0,0,1,0,1,0,0,1,0,1,0,0,1,0,0,0,1,0,1,0,1,1,0.3888888888888889,8.99854347617405,1
64,0,0,0,1,0,1,1,1,0,1,1,0,0,0,0,0,1,0,1,0,0,0,0,1,0,0,0,0,0,1,1,0,0,0,1,1,0.2777777777777778,5.756043970509674,1
65,0,1,0,1,0,1,1,1,0,1,1,1,0,0,0,0,1,0,1,0,0,1,0,1,0,0,0,0,1,1,1,0,1,0,1,1,0.3333333333333333,9.194536419925559,1
66,0,0,1,1,1,1,1,1,0,1,1,1,0,0,0,0,1,0,1,0,0,1,0,0,0,0,0,0,0,1,1,0,1,0,1,1,0.3611111111111111,12.556726467050343,1
67,0,1,0,1,0,1,1,1,0,0,1,1,0,0,0,0,1,0,1,0,0,0,0,1,0,0,0,0,0,0,1,0,1,0,1,1,0.2777777777777778,12.85007526514375,1
68,0,0,0,1,0,1,0,1,0,1,1,1,0,1,0,0,1,0,1,0,0,1,0,1,0,0,0,0,0,1,1,0,1,0,1,1,0.3055555555555556,9.350361593729886,1
69,0,0,0,1,1,1,1,1,0,0,1,1,0,0,0,0,1,0,1,0,0,0,0,0,0,0,0,0,0,0,1,0,1,0,1,1,0.2777777777777778,14.085260742504268,1
70,0,1,0,1,0,1,1,1,0,1,1,1,0,0,0,0,1,0,1,0,0,0,0,1,0,0,0,0,0,1,1,0,1,0,1,1,0.3333333333333333,11.236929158243978,1
71,0,1,0,1,0,1,1,1,0,0,1,1,0,0,0,0,1,0,1,0,0,1,0,1,0,0,0,0,0,1,1,0,1,0,1,1,0.4166666666666667,12.10415349274258,1
72,0,0,0,1,0,1,1,1,0,1,1,1,0,0,0,0,1,0,1,0,0,1,0,1,0,0,0,0,0,1,1,0,1,0,1,1,0.3055555555555556,7.480987993482618,1
73,0,1,1,1,0,1,1,1,0,1,1,1,0,0,0,0,1,0,1,0,0,0,0,1,0,0,0,0,0,1,1,0,1,0,1,1,0.3055555555555556,14.56631990087336,1
74,0,0,0,1,0,1,1,1,0,1,1,1,0,0,0,0,1,0,1,0,0,0,0,1,1,0,0,0,0,1,1,0,1,0,1,1,0.3611111111111111,5.5201576952399165,1
75,0,0,0,1,1,1,1,1,0,1,1,1,0,0,0,0,1,0,1,0,0,1,0,0,0,0,0,0,1,0,1,0,1,0,1,1,0.3055555555555556,11.652223648418552,1
76,0,1,0,1,0,1,0,1,0,1,0,1,0,0,0,0,1,0,1,0,0,1,0,1,0,0,0,0,0,1,1,0,1,0,0,1,0.2777777777777778,7.874228745695558,1
77,0,1,1,1,0,1,0,1,0,1,1,1,0,0,0,0,1,0,1,0,0,0,0,1,0,0,0,0,0,1,1,0,1,0,1,1,0.3055555555555556,10.779315507169983,1
78,0,0,0,1,1,1,0,1,0,1,1,0,0,0,0,0,1,0,1,0,0,0,0,1,1,0,0,0,1,1,1,0,1,0,1,1,0.25,5.460034470684793,1
79,0,0,0,1,1,1,0,1,0,1,1,1,0,0,0,0,1,0,1,0,0,1,0,0,0,0,0,0,0,0,1,0,1,0,1,1,0.3333333333333333,12.25157910408127,1
80,0,0,0,1,1,1,1,1,0,1,1,1,0,0,0,0,1,0,1,0,0,0,0,1,0,0,0,0,1,1,1,0,1,0,1,1,0.3888888888888889,7.39265404276618,1
81,0,0,1,1,0,1,0,1,0,1,1,1,0,0,0,0,1,0,1,0,0,0,0,1,0,0,0,0,0,0,1,0,1,0,1,1,0.3055555555555556,10.742269200014292,1
82,0,0,0,1,1,1,1,1,0,1,1,1,0,0,0,0,1,0,1,0,0,1,0,1,0,0,0,0,0,0,1,0,1,0,1,1,0.3333333333333333,11.565535070103365,1
83,0,0,0,1,1,1,1,1,0,1,1,1,0,0,0,0,1,0,1,0,0,1,0,0,0,0,0,0,0,0,1,0,1,0,1,1,0.3888888888888889,15.557631382749253,1
84,0,1,0,1,0,1,0,1,0,1,1,1,0,0,0,0,1,0,1,0,0,0,0,1,0,0,0,0,0,1,1,0,1,0,1,1,0.2777777777777778,7.949974349870449,1
85,1,1,1,1,0,1,0,0,0,0,1,1,0,0,0,0,1,0,1,0,0,1,0,0,0,0,0,0,0,0,1,0,1,0,1,1,0.25,9.30574885035538,1
86,0,1,0,1,1,1,0,0,0,1,1,1,0,0,0,0,1,0,1,0,0,0,0,0,0,0,0,0,0,1,1,0,1,0,1,1,0.3055555555555556,8.718180244830112,1
87,0,0,0,1,0,1,1,1,0,1,0,1,0,0,1,0,1,0,1,0,0,0,0,1,0,0,0,0,0,0,1,0,1,0,1,1,0.3333333333333333,10.712540898656632,1
88,0,0,0,0,0,1,1,1,0,1,1,1,0,0,0,0,1,0,1,0,0,0,0,1,0,0,0,0,0,1,1,0,1,0,1,1,0.3888888888888889,3.9426497343724467,1
89,0,0,0,1,0,1,0,1,0,1,1,1,0,0,0,0,1,0,1,0,0,1,0,1,0,0,0,0,0,1,1,0,1,0,1,1,0.4166666666666667,6.675271734548876,1
90,0,0,0,1,0,1,1,1,0,0,1,1,0,0,0,0,1,0,1,0,0,0,0,1,0,0,0,0,0,0,1,0,1,0,0,1,0.2777777777777778,9.443437448158939,1
91,0,1,0,1,0,1,0,1,0,0,1,1,0,1,0,0,1,0,1,0,0,1,0,1,0,0,0,0,0,0,1,0,1,0,1,1,0.3055555555555556,15.752187556808732,1
92,0,0,1,1,0,1,1,1,0,1,1,1,0,0,0,0,1,0,1,0,0,1,0,1,0,0,0,0,1,1,1,0,1,0,1,1,0.3888888888888889,8.415294411409096,1
93,0,1,0,1,0,1,1,1,0,1,0,1,0,0,0,0,1,0,1,0,0,1,0,1,0,0,0,0,0,1,1,0,1,0,1,1,0.3333333333333333,9.150771839033407,1
94,0,1,0,1,0,1,1,0,0,1,1,0,0,0,0,0,1,0,1,0,0,1,0,0,0,0,0,0,1,1,1,0,1,0,1,1,0.25,3.1781968311818565,1
95,0,0,1,1,0,1,1,1,0,0,1,1,0,0,0,0,1,0,1,0,0,1,0,1,1,0,0,0,0,0,1,0,1,0,1,1,0.3333333333333333,11.180075466643729,1
96,1,0,1,1,0,1,1,1,0,1,1,1,0,0,0,0,1,0,1,0,0,1,0,1,0,0,0,0,0,1,1,0,1,0,1,1,0.3611111111111111,9.584299994452767,1
97,1,0,0,1,0,1,1,1,1,0,1,1,0,0,0,0,1,0,1,0,0,1,0,1,0,0,0,0,0,0,1,0,1,0,1,1,0.3333333333333333,9.506760010552602,1
98,0,1,1,1,0,1,0,1,0,1,0,1,0,0,0,0,1,0,1,0,0,1,0,1,0,0,0,0,0,1,1,0,1,0,1,1,0.3888888888888889,8.679510681453783,1
99,0,1,0,1,0,1,0,0,1,1,1,1,0,0,0,0,1,0,1,0,0,1,0,0,0,0,0,0,0,1,1,0,1,0,1,1,0.2777777777777778,4.613686120816911,1
