,0,1,2,3,4,5,6,7,8,9,10,11,12,13,14,15,16,17,18,19,20,21,22,23,24,25,26,27,28,29,30,31,32,33,34,35,chain_break_fraction,energy,num_occurrences
0,0,1,0,0,0,0,0,1,0,0,1,0,0,1,0,0,0,1,0,0,0,1,1,1,0,1,0,0,0,0,1,0,0,0,0,1,0.16666666666666666,11.332798532693221,1
1,1,1,0,0,0,0,0,1,0,0,1,0,0,1,0,0,0,1,0,0,0,0,1,1,0,1,0,1,0,0,1,0,0,0,0,0,0.19444444444444445,12.848177665081035,1
2,1,0,1,0,1,1,1,0,0,1,0,1,0,0,1,0,0,0,1,1,1,0,0,0,1,0,1,0,1,0,0,0,1,1,1,0,0.19444444444444445,10.81541118475711,1
3,0,1,0,0,0,0,0,1,1,0,1,0,0,1,0,0,0,1,0,0,0,1,1,1,0,1,0,1,0,0,0,0,0,0,0,0,0.2222222222222222,9.41594379381322,1
4,1,0,1,0,1,1,1,0,0,1,0,1,0,0,1,0,0,0,1,1,1,0,0,0,1,0,1,0,1,0,0,0,1,1,1,0,0.2222222222222222,10.81541118475711,1
5,1,0,1,0,1,1,1,0,0,1,0,1,0,0,1,0,0,0,1,1,1,0,0,0,1,0,1,0,1,0,0,0,1,1,1,0,0.19444444444444445,10.81541118475711,1
6,1,0,1,0,1,1,1,0,0,1,0,1,0,0,1,0,0,0,1,1,1,0,0,0,1,0,1,0,1,0,0,0,0,1,1,0,0.19444444444444445,10.268943294379223,1
7,1,0,1,0,1,1,1,0,0,1,0,1,0,0,1,0,0,0,1,1,1,0,0,0,1,0,1,0,1,0,0,0,1,1,1,0,0.19444444444444445,10.81541118475711,1
8,0,1,0,0,0,0,0,1,1,0,1,0,0,1,0,0,1,1,0,0,0,1,1,1,0,1,0,0,0,0,0,0,0,0,0,1,0.1388888888888889,10.861057088936702,1
9,0,1,0,0,0,0,0,1,1,0,1,0,0,1,0,0,0,1,0,0,0,1,1,1,0,1,0,0,0,0,1,0,0,0,0,0,0.19444444444444445,8.669535697501448,1
10,0,0,1,0,1,1,1,0,0,1,0,1,0,0,1,0,0,0,1,1,1,0,0,0,1,0,0,0,1,0,0,0,0,1,1,0,0.19444444444444445,8.490788669603031,1
11,0,1,0,0,0,0,0,1,1,0,1,0,0,1,0,0,0,1,0,0,0,0,1,1,0,1,0,0,0,0,0,0,0,0,0,0,0.2222222222222222,13.001842947918473,1
12,0,0,1,0,1,1,1,0,0,1,0,1,1,0,1,0,0,0,1,1,1,0,0,0,1,0,1,0,1,0,0,0,0,1,1,0,0.2777777777777778,10.47370891649615,1
13,1,0,1,0,1,0,1,1,0,1,0,1,0,0,1,0,0,0,1,0,1,0,0,0,1,0,1,0,1,0,0,0,1,0,1,0,0.19444444444444445,8.19021829338047,1
14,1,1,0,0,0,0,0,1,0,0,1,0,0,1,0,0,0,1,0,0,0,1,1,1,0,0,0,0,0,0,1,0,0,0,0,1,0.1388888888888889,10.115393725125173,1
15,1,0,0,0,1,1,1,0,1,1,0,1,0,0,1,0,0,0,1,1,1,0,0,0,1,0,1,0,1,0,0,0,1,1,1,0,0.19444444444444445,10.851870887158277,1
16,1,0,1,0,1,0,1,0,0,1,0,1,0,0,1,0,0,0,1,1,1,0,0,0,1,0,1,0,1,0,0,0,0,1,1,0,0.19444444444444445,8.96450631422217,1
17,0,1,0,0,0,0,0,1,0,0,1,0,0,1,0,0,0,1,0,0,0,0,1,1,0,1,0,0,0,0,0,0,1,0,0,1,0.19444444444444445,9.335463854323626,1
18,1,0,1,0,1,1,1,0,0,1,0,0,1,0,1,0,0,0,1,1,1,0,0,0,1,0,1,0,1,0,0,0,0,1,1,0,0.2222222222222222,7.943285294459926,1
19,1,0,1,0,1,1,1,0,0,1,0,1,0,0,1,0,0,0,1,1,1,0,0,0,1,0,0,0,1,0,0,0,1,1,1,0,0.19444444444444445,9.016670718608466,1
20,0,1,0,0,0,0,0,1,0,0,1,0,0,1,0,0,1,1,0,0,0,0,1,1,0,1,0,0,0,0,0,0,0,0,0,1,0.25,12.471440099672444,1
21,1,0,1,0,1,1,1,0,0,1,0,1,1,0,1,0,0,0,1,1,1,0,0,0,1,0,1,0,1,0,0,0,1,1,0,0,0.2222222222222222,9.718097684222336,1
22,1,1,0,0,0,0,1,1,0,0,1,0,0,1,0,0,1,1,0,0,0,1,1,1,0,1,0,0,0,0,1,0,0,0,0,1,0.19444444444444445,13.225637241171269,1
23,0,1,0,0,0,0,0,1,0,0,1,0,0,1,0,0,1,1,0,0,0,1,1,1,0,1,0,0,0,0,0,0,0,0,0,1,0.2222222222222222,10.448184194070356,1
24,0,1,1,0,0,0,0,0,0,0,1,0,0,1,0,0,0,1,0,0,0,0,1,1,0,1,0,0,0,0,0,0,0,0,0,0,0.1388888888888889,8.611141863420336,1
25,0,1,0,0,1,0,0,1,0,0,1,0,0,1,0,0,1,1,0,0,0,1,1,1,0,1,0,0,0,0,1,0,0,0,0,0,0.16666666666666666,10.037838520315194,1
26,0,1,0,0,0,0,0,1,0,0,1,0,0,1,0,0,0,1,0,0,0,1,1,1,0,1,0,0,0,0,0,0,0,0,0,0,0.16666666666666666,7.929038007683416,1
27,0,1,0,0,0,0,0,1,0,0,1,0,0,1,0,1,0,1,0,0,0,1,1,1,0,1,0,0,0,0,0,0,0,0,0,1,0.25,11.411864718848756,1
28,1,0,1,0,1,1,1,0,0,1,0,1,0,0,1,0,0,0,1,0,1,0,0,0,1,0,1,0,1,0,0,0,1,1,1,0,0.16666666666666666,6.877902394231148,1
29,1,0,1,0,1,1,1,0,0,1,0,0,1,0,1,0,0,0,1,1,1,0,0,0,1,0,1,0,1,0,0,0,1,1,1,0,0.16666666666666666,8.989753185390972,1
30,0,1,1,0,0,0,0,1,0,0,1,0,0,1,0,1,0,1,0,0,0,1,1,1,0,1,0,0,0,0,0,0,0,0,0,0,0.2222222222222222,14.106155648466657,1
31,0,1,1,0,0,0,0,1,0,0,1,0,0,1,0,0,0,1,0,0,0,0,1,0,0,1,0,1,0,0,0,0,1,0,0,0,0.16666666666666666,9.857324751344793,1
32,0,1,0,0,0,0,0,0,1,0,1,0,0,1,0,0,0,1,0,0,0,1,1,0,0,1,0,0,0,0,0,0,1,0,0,1,0.1111111111111111,6.935152285083099,1
33,1,0,1,0,1,1,1,0,0,1,0,0,1,0,1,0,0,0,1,1,1,0,0,0,1,0,1,0,1,0,0,0,1,1,1,0,0.2222222222222222,8.989753185390972,1
34,0,0,1,0,1,1,1,0,0,1,0,1,0,0,1,0,0,0,0,1,1,0,0,0,1,0,1,0,1,0,0,0,1,1,1,0,0.25,8.851643494569785,1
35,1,0,1,0,1,1,1,0,0,1,0,1,0,0,1,0,0,0,1,1,1,0,0,0,1,0,1,0,1,0,0,0,1,1,1,0,0.25,10.81541118475711,1
36,1,0,1,0,1,1,1,1,0,1,0,1,0,0,1,0,0,0,1,1,1,0,0,0,1,0,0,0,1,0,0,0,1,1,1,0,0.2222222222222222,11.95663751496325,1
37,1,0,1,0,1,1,1,0,0,1,0,0,1,0,1,0,0,0,1,1,1,0,0,0,1,0,1,0,1,0,0,0,1,1,1,0,0.19444444444444445,8.989753185390972,1
38,1,0,0,0,1,1,1,0,0,1,0,1,0,0,1,0,0,0,0,1,1,0,0,0,1,0,1,0,0,0,1,0,0,1,1,0,0.1388888888888889,6.4799885992530974,1
39,0,0,1,0,1,1,1,0,0,1,0,1,1,0,1,0,0,0,1,1,1,0,0,0,1,0,1,0,1,0,0,0,1,1,1,0,0.16666666666666666,11.021825989353307,1
40,0,1,0,0,0,0,0,1,1,0,1,0,0,1,0,1,0,1,0,0,0,1,1,1,0,1,0,1,0,0,0,0,0,0,0,0,0.19444444444444445,12.32182091864283,1
41,1,0,1,0,1,1,1,0,0,1,0,0,0,0,1,0,0,0,1,0,1,0,0,0,1,0,1,0,1,0,0,0,1,1,1,0,0.25,4.024453744673247,1
42,1,0,1,0,1,0,1,0,1,0,0,1,0,0,1,0,0,0,0,1,1,0,0,0,1,0,0,0,1,0,0,0,1,0,1,0,0.05555555555555555,2.356861422085587,1
43,0,1,0,0,0,0,0,1,0,0,1,0,0,1,0,1,0,1,0,0,0,1,1,1,0,1,0,0,0,0,0,0,0,1,0,1,0.25,11.532466157240659,1
44,1,0,1,0,1,1,1,0,0,1,0,0,0,0,1,0,0,0,1,1,1,0,0,0,1,0,1,0,1,0,0,0,1,1,1,0,0.2222222222222222,9.96241890275658,1
45,1,0,1,0,1,0,1,0,0,1,0,1,0,0,1,0,0,0,0,0,1,0,0,0,1,0,1,0,1,0,0,0,1,1,1,0,0.16666666666666666,3.498221995442861,1
46,0,0,1,0,1,1,1,1,0,1,0,1,0,0,1,0,0,0,1,1,1,0,0,0,1,0,1,0,1,0,0,0,1,1,1,0,0.25,12.25207614863211,1
47,0,0,1,0,1,1,1,0,0,1,0,1,0,0,1,0,0,0,1,1,1,0,0,0,1,0,0,0,0,0,0,0,1,1,1,0,0.1388888888888889,7.49404335808965,1
48,1,0,1,0,1,1,1,0,0,1,0,1,0,0,1,0,1,0,1,1,1,0,0,0,1,0,1,0,1,0,0,0,1,1,1,0,0.19444444444444445,10.73533381725856,1
49,0,0,1,0,1,1,1,0,0,1,0,1,1,0,1,0,0,0,1,1,1,0,0,0,1,0,1,0,1,0,0,0,0,1,1,0,0.25,10.47370891649615,1
50,0,0,1,0,1,0,1,1,1,1,0,0,0,0,1,0,0,0,1,0,1,0,0,0,1,0,1,0,1,0,0,0,1,1,1,0,0.16666666666666666,4.673083544359978,1
51,1,0,1,0,1,1,1,0,0,1,0,1,0,0,1,0,0,0,0,0,1,0,0,0,1,0,1,0,1,0,0,0,1,1,1,0,0.19444444444444445,6.909147998968175,1
52,1,0,1,0,1,1,1,0,1,0,0,1,0,0,1,0,0,0,1,1,1,0,0,0,1,0,1,0,1,0,0,0,1,1,1,0,0.2222222222222222,9.608802828485176,1
53,1,0,1,0,1,0,1,0,0,1,0,1,0,0,1,0,1,0,1,0,1,0,0,0,1,0,1,0,1,0,1,0,0,1,1,0,0.08333333333333333,4.651698902677566,1
54,0,1,1,0,0,0,0,1,1,0,1,0,0,1,0,0,1,1,0,0,0,1,1,1,0,1,0,1,0,1,0,0,0,0,0,1,0.25,21.959544025573678,1
55,0,0,1,0,1,0,1,0,0,1,0,1,1,0,1,0,0,0,1,1,1,0,0,0,1,0,1,0,1,0,0,0,1,1,1,0,0.19444444444444445,10.71740732782974,1
56,1,0,1,0,1,0,1,0,0,1,0,1,0,0,1,0,0,0,1,0,1,0,0,0,1,0,1,0,1,0,0,0,1,1,1,0,0.25,4.50247905611705,1
57,1,0,1,0,1,0,0,0,0,1,0,1,1,0,1,0,0,0,1,0,1,0,0,0,1,0,1,0,1,0,0,0,1,1,1,0,0.1388888888888889,5.220780367484396,1
58,0,0,1,0,1,1,1,0,0,1,0,1,1,0,1,0,0,0,1,1,1,0,0,0,1,0,1,0,1,0,0,0,1,1,1,0,0.2777777777777778,11.021825989353307,1
59,1,0,1,0,1,1,1,1,0,1,0,1,0,0,1,0,0,0,1,0,1,0,0,0,1,0,1,0,1,0,0,0,1,1,1,0,0.25,10.844515180002503,1
60,1,0,1,0,1,0,1,0,0,1,0,1,0,0,1,0,0,0,1,0,1,0,0,0,1,0,1,0,1,0,0,0,1,1,0,0,0.19444444444444445,3.575098612701651,1
61,0,1,0,0,0,0,0,1,0,0,1,0,0,1,0,1,1,1,0,0,0,1,1,1,0,1,0,0,0,1,0,0,0,0,0,1,0.19444444444444445,16.789305347916407,1
62,1,0,1,0,1,1,1,0,0,1,0,1,1,0,1,0,0,0,1,1,1,0,0,0,1,0,1,0,1,0,0,0,1,1,1,1,0.2222222222222222,17.614318968375155,1
63,1,0,1,0,1,0,1,0,0,1,0,0,0,0,1,0,0,0,1,0,1,0,0,0,1,0,1,0,1,0,0,0,0,1,1,0,0.19444444444444445,2.1387719776302925,1
64,1,0,1,0,1,1,1,0,0,1,0,0,1,0,1,0,1,0,1,1,1,0,0,0,1,0,1,0,1,0,0,0,1,1,0,1,0.19444444444444445,12.180749077729864,1
65,0,0,1,0,1,1,1,0,0,1,0,1,0,0,1,0,1,0,1,1,1,0,0,0,1,0,1,0,1,0,0,0,1,1,1,0,0.25,10.740114647888701,1
66,1,0,1,0,1,1,1,0,1,1,0,0,1,0,1,0,0,0,1,1,1,0,0,0,1,0,1,0,1,0,1,0,1,1,1,0,0.2222222222222222,11.113429630717174,1
67,1,0,1,0,1,0,1,0,1,1,0,1,0,0,1,0,1,0,1,1,1,0,0,0,1,0,1,0,1,0,0,0,1,1,1,0,0.19444444444444445,10.120605614308566,1
68,0,1,0,0,0,0,0,1,1,0,1,0,0,1,0,1,0,1,0,0,0,1,1,1,0,1,0,0,0,1,0,1,0,0,0,0,0.2222222222222222,16.309490501104747,1
69,1,0,1,0,1,0,1,1,0,1,0,1,0,0,1,0,0,0,1,0,1,0,0,0,1,0,1,0,1,0,0,1,0,0,1,0,0.16666666666666666,10.491074157456842,1
70,0,0,1,0,1,1,1,0,1,0,0,0,1,0,1,0,0,0,1,1,1,0,0,0,1,0,1,0,1,0,0,0,0,1,1,0,0.19444444444444445,7.9389468648071535,1
71,0,0,1,0,1,1,1,0,0,1,0,1,1,0,1,0,0,0,1,1,1,0,0,0,1,0,1,0,1,0,0,0,0,1,1,0,0.19444444444444445,10.47370891649615,1
72,0,1,1,0,0,0,0,1,0,0,1,0,0,1,0,1,0,1,0,0,0,1,1,1,0,1,0,0,0,0,1,0,0,0,0,0,0.16666666666666666,12.94081832633201,1
73,1,0,1,0,1,1,1,0,0,1,0,1,1,0,1,0,0,0,1,1,1,0,0,0,1,0,1,0,1,0,0,0,1,1,1,0,0.25,11.016838112273277,1
74,0,1,0,0,0,0,0,1,0,0,1,0,0,1,0,1,1,1,0,0,0,1,1,1,0,1,0,0,0,1,0,0,0,0,0,1,0.25,16.789305347916407,1
75,1,0,1,0,1,0,1,0,0,1,0,1,0,0,1,0,1,0,1,1,1,0,0,0,1,0,1,0,1,0,0,0,1,1,1,0,0.2222222222222222,9.430914589521835,1
76,1,0,0,0,1,0,0,0,0,1,0,1,1,0,1,0,0,0,0,0,1,0,0,0,1,0,0,0,1,0,0,0,1,0,1,0,0.027777777777777776,2.444666306675069,1
77,1,0,1,1,1,1,1,0,0,0,0,1,1,0,1,0,0,0,1,1,1,0,0,0,1,0,1,0,1,0,0,0,1,1,0,1,0.16666666666666666,15.924502501838454,1
78,1,0,1,0,1,1,1,0,0,1,0,1,0,0,1,0,0,0,1,1,1,0,0,0,1,0,1,0,1,0,0,0,1,0,1,0,0.2777777777777778,9.722475404001338,1
79,0,0,1,0,1,0,0,0,1,1,0,1,0,0,1,0,0,0,1,1,1,0,0,0,1,0,1,0,1,0,0,0,0,1,1,0,0.16666666666666666,11.503344417159898,1
80,1,0,1,0,1,1,1,0,1,1,0,0,0,0,1,0,1,0,1,1,1,0,0,0,1,0,1,0,1,0,0,0,0,1,0,0,0.19444444444444445,7.630482503684673,1
81,0,1,0,0,0,0,0,1,1,0,0,0,0,1,0,0,0,1,0,0,0,0,0,1,0,1,0,1,0,0,0,0,0,1,0,1,0.19444444444444445,12.673414116229619,1
82,1,0,1,0,1,1,1,0,0,1,0,1,0,0,1,1,0,0,1,0,1,0,0,0,1,0,1,0,1,0,0,0,1,1,1,0,0.2777777777777778,10.844515180002515,1
83,1,0,1,0,1,0,1,1,1,0,0,1,0,1,1,0,0,0,1,0,1,0,0,0,1,0,0,0,1,0,0,0,1,1,1,0,0.08333333333333333,8.158309834732535,1
84,0,0,1,0,1,0,0,0,1,1,0,1,1,0,1,0,0,0,0,0,1,0,0,0,1,0,0,0,1,0,0,0,0,1,1,0,0.08333333333333333,5.8858574015082965,1
85,1,0,1,0,1,0,1,0,1,0,0,0,1,0,1,0,0,0,1,1,0,0,1,0,1,0,0,0,0,0,0,0,1,0,1,0,0.05555555555555555,1.9939618282382419,1
86,1,1,1,0,0,0,0,1,0,0,1,0,0,1,1,0,0,1,0,0,0,1,1,1,0,1,0,0,0,0,1,0,0,0,0,1,0.25,12.525126578519993,1
87,0,0,1,0,1,0,1,0,1,1,0,0,1,0,1,0,0,0,1,0,1,0,0,0,1,0,1,0,1,0,0,0,0,1,1,0,0.19444444444444445,2.7232097415546486,1
88,1,1,1,0,0,0,0,1,0,0,0,0,0,1,0,1,1,1,0,0,0,1,0,1,0,1,0,0,0,0,0,0,0,0,0,1,0.1111111111111111,16.539029102105122,1
89,0,0,1,0,1,1,1,0,1,0,0,1,1,0,1,0,1,0,0,1,1,0,0,0,1,0,1,0,1,0,0,0,1,1,1,0,0.19444444444444445,7.23650084440605,1
90,1,0,1,0,1,1,0,0,0,0,0,0,0,0,1,1,0,0,1,1,1,0,0,0,1,0,1,0,1,0,0,0,0,1,1,0,0.19444444444444445,9.054396407224123,1
91,0,0,1,1,1,1,1,0,0,1,0,0,0,0,1,0,0,0,0,1,1,0,0,0,1,0,1,0,0,0,1,0,0,1,1,0,0.1388888888888889,8.485394206903132,1
92,0,0,1,0,1,1,1,0,0,1,0,0,0,0,1,0,0,0,1,1,1,0,0,0,1,0,0,0,1,0,0,0,1,1,0,0,0.19444444444444445,5.869079969410604,1
93,1,0,1,0,1,1,1,0,0,1,0,1,1,0,0,0,0,0,1,1,1,0,0,0,1,0,0,0,1,0,0,0,1,1,1,0,0.19444444444444445,9.74811428604494,1
94,0,0,1,0,1,1,1,0,0,1,0,0,0,0,0,0,0,0,0,1,1,0,0,0,1,0,0,0,1,0,0,0,1,0,1,0,0.08333333333333333,3.7647249944901064,1
95,0,1,0,0,0,1,0,1,0,0,1,0,0,1,0,1,1,1,0,0,0,1,1,1,0,1,0,0,0,1,0,0,0,1,0,0,0.2777777777777778,15.291140642272353,1
96,1,0,1,0,1,1,1,0,0,1,0,0,1,0,1,0,0,0,0,1,1,0,0,0,1,0,1,0,1,0,0,0,1,1,0,0,0.19444444444444445,5.162758249200797,1
97,1,0,1,0,1,0,1,0,1,1,0,1,1,0,1,0,0,0,1,1,1,0,0,0,1,0,1,0,1,0,0,0,1,1,1,0,0.2777777777777778,10.400360129724692,1
98,0,1,1,0,1,1,1,0,0,1,1,0,1,0,1,0,0,0,1,1,0,0,0,0,1,0,1,0,1,0,1,0,1,0,0,0,0.1111111111111111,12.046139416754594,1
99,1,0,1,0,1,1,1,0,1,1,0,1,1,0,1,0,0,0,1,0,1,0,0,0,1,0,1,0,1,0,0,0,0,1,1,0,0.25,12.342561390820205,1
