,0,1,2,3,4,5,6,7,8,9,10,11,12,13,14,15,16,17,18,19,20,21,22,23,24,25,26,27,28,29,30,31,32,33,34,35,chain_break_fraction,energy,num_occurrences
0,1,0,0,0,0,0,0,1,1,0,1,1,0,0,1,0,0,1,1,0,0,1,0,0,0,0,0,1,1,0,0,0,1,0,1,0,0.19444444444444445,12.360260272299547,1
1,1,0,0,0,0,0,0,1,1,0,1,1,1,0,1,0,1,1,1,0,0,1,0,0,0,0,0,1,1,0,0,0,1,0,0,0,0.16666666666666666,17.49986233029433,1
2,1,0,0,0,0,0,0,1,1,0,1,1,1,0,1,0,1,1,1,0,0,1,0,0,0,0,0,1,1,0,0,0,1,0,1,0,0.2222222222222222,16.747709736301605,1
3,1,0,0,0,0,0,0,1,0,0,1,1,1,0,1,0,0,1,1,0,0,1,0,0,0,0,0,0,1,0,0,0,1,0,1,0,0.2222222222222222,11.898279160051723,1
4,1,0,0,0,0,0,0,1,1,0,1,1,0,0,1,0,1,1,1,0,0,1,0,0,0,0,1,1,1,0,0,0,1,0,1,0,0.2222222222222222,15.577688388549687,1
5,1,0,0,0,0,0,0,1,1,0,1,1,1,0,1,0,0,1,1,0,0,1,0,0,0,0,1,1,1,0,0,0,1,0,0,0,0.2222222222222222,14.7295522017196,1
6,1,0,0,0,0,0,0,1,0,0,1,1,1,0,1,0,0,1,1,0,0,1,0,0,0,0,0,0,1,0,0,0,1,0,1,0,0.19444444444444445,11.898279160051723,1
7,1,0,0,1,0,0,0,1,1,0,1,1,0,0,1,0,1,1,1,0,0,0,0,0,0,0,0,1,1,0,0,0,1,1,1,0,0.16666666666666666,19.909664021028878,1
8,1,0,0,0,0,0,0,1,0,1,1,1,0,0,1,0,1,1,1,0,0,0,0,0,0,0,0,1,1,0,0,0,1,1,1,0,0.1388888888888889,16.44834700297924,1
9,1,0,0,0,0,0,0,1,1,1,1,1,1,0,1,0,0,1,1,0,0,1,0,0,0,0,0,1,1,0,0,0,1,1,1,0,0.25,20.252346285038232,1
10,1,0,0,0,0,0,0,1,1,0,1,1,1,0,1,0,0,1,1,0,0,1,1,0,0,0,0,1,1,0,0,0,1,0,0,0,0.16666666666666666,13.982249394512891,1
11,1,0,0,0,0,0,0,1,1,1,1,1,1,0,1,0,1,1,1,0,0,1,1,0,0,0,0,1,1,0,0,0,1,1,1,0,0.3055555555555556,23.120797550660267,1
12,1,0,0,0,0,0,0,1,1,0,1,1,0,0,1,0,0,1,1,0,0,1,1,0,0,0,0,1,1,0,0,0,1,0,0,0,0.2222222222222222,12.228692880789279,1
13,1,0,0,0,0,0,0,1,1,1,1,1,0,0,1,0,0,1,1,0,0,1,1,0,0,0,0,1,1,0,0,0,1,0,0,0,0.2222222222222222,17.32208949653694,1
14,1,0,0,0,0,0,0,1,1,1,1,1,0,0,1,0,1,1,1,0,0,1,1,0,0,0,0,1,1,0,0,0,1,1,1,0,0.25,21.367783094877083,1
15,1,0,0,0,0,0,0,1,1,0,1,1,1,0,1,0,1,1,1,0,0,1,0,0,0,0,1,1,1,0,0,0,1,0,0,0,0.2222222222222222,17.36306753635793,1
16,1,0,0,0,0,0,0,1,1,0,1,1,1,0,1,0,0,1,1,0,0,0,0,0,0,0,0,1,1,0,0,0,1,1,1,0,0.19444444444444445,13.022230652078754,1
17,1,0,0,0,0,0,0,1,1,0,1,1,1,0,1,0,1,1,1,0,0,1,0,0,0,0,1,1,1,0,1,0,1,0,1,0,0.25,18.916654591275744,1
18,1,0,0,0,0,0,1,1,1,1,1,1,1,0,1,0,1,1,1,0,0,1,0,0,0,0,0,1,1,0,0,0,1,1,1,0,0.25,27.01021188415217,1
19,1,0,0,0,0,0,0,1,1,1,1,1,0,0,1,0,1,1,1,0,0,1,1,0,0,0,1,1,1,0,0,0,1,1,1,0,0.25,23.870476927367825,1
20,1,0,0,0,0,0,0,1,1,1,1,1,1,0,1,0,1,1,1,0,0,1,0,0,0,0,1,1,1,0,0,0,1,1,1,0,0.2222222222222222,24.2156865929647,1
21,1,0,0,0,0,0,0,1,1,0,1,1,1,0,1,0,0,1,1,0,0,1,1,0,0,0,0,1,1,0,0,0,1,0,1,0,0.2777777777777778,14.716512603340885,1
22,1,0,0,0,0,0,0,1,1,0,1,0,1,0,1,0,1,1,1,0,0,1,1,0,0,0,0,1,1,0,0,0,1,0,0,0,0.1388888888888889,12.384854308128256,1
23,1,0,0,0,0,0,0,1,1,0,1,1,1,0,1,0,0,1,1,0,0,1,1,0,0,0,1,0,1,0,0,0,1,0,1,0,0.16666666666666666,12.959317740804504,1
24,1,0,0,1,0,0,0,1,1,0,1,1,1,0,1,0,1,1,1,0,0,1,1,0,0,0,0,1,1,0,0,0,1,0,1,0,0.2777777777777778,24.357631428742273,1
25,1,0,0,1,0,0,0,1,1,0,1,1,1,0,1,0,1,1,1,0,0,1,0,0,0,0,0,1,1,0,0,0,1,0,1,0,0.2777777777777778,25.256985115631284,1
26,1,0,0,0,0,0,0,1,1,0,1,1,0,0,1,0,0,1,1,0,0,1,0,0,0,0,1,0,1,0,0,0,1,0,1,0,0.19444444444444445,10.775643921975494,1
27,1,0,0,0,0,0,0,1,0,0,1,1,1,0,1,0,1,1,1,0,0,1,1,0,0,0,1,1,1,0,0,0,1,0,0,0,0.19444444444444445,16.105123699608733,1
28,1,0,0,0,0,0,0,0,1,0,1,0,0,1,1,0,0,1,1,0,0,1,0,0,0,0,0,0,1,0,0,0,1,0,0,0,0.1388888888888889,5.799821301650222,1
29,1,0,0,0,1,0,0,1,1,0,1,1,0,0,1,0,1,1,1,0,0,1,0,0,0,0,1,1,1,0,0,0,1,0,1,0,0.16666666666666666,16.519069894527508,1
30,1,0,0,0,0,0,0,1,1,1,1,1,1,0,1,0,1,1,1,0,0,1,1,0,0,0,0,1,1,0,0,0,1,1,1,0,0.2222222222222222,23.120797550660267,1
31,0,0,0,0,0,0,0,1,0,0,1,0,1,0,1,0,1,1,1,0,0,0,0,0,0,0,0,0,1,0,0,0,1,0,0,0,0.1111111111111111,9.32736113347259,1
32,1,0,0,0,0,0,0,1,1,0,1,1,1,0,0,0,0,1,1,0,0,1,0,0,0,0,1,0,1,0,0,0,1,0,0,0,0.1111111111111111,10.900434852856106,1
33,1,0,0,0,0,0,0,1,1,0,1,1,1,0,1,0,1,1,1,0,0,1,1,0,0,0,0,1,1,0,0,0,1,1,0,0,0.19444444444444445,17.62469774796481,1
34,1,0,0,0,0,0,0,1,1,0,1,0,0,0,1,0,1,1,1,0,0,1,0,0,0,0,0,0,1,0,0,0,1,0,1,0,0.19444444444444445,8.860758797488426,1
35,1,0,0,0,0,0,0,1,1,1,1,1,1,0,1,0,1,1,1,0,0,1,0,0,0,0,1,1,1,0,0,0,1,1,1,0,0.2777777777777778,24.2156865929647,1
36,1,0,0,0,0,0,0,1,1,0,1,1,1,0,1,0,1,1,1,0,0,1,1,0,0,0,0,1,1,0,0,0,1,0,1,0,0.25,16.850017622554745,1
37,1,0,0,0,0,0,0,1,1,0,1,1,1,0,1,0,0,1,1,0,0,1,0,0,0,0,1,1,0,0,0,0,1,0,1,0,0.2222222222222222,15.091313473265561,1
38,1,0,0,0,0,0,0,1,0,1,1,1,0,0,1,0,1,1,1,0,0,1,1,0,0,0,0,1,1,0,0,0,1,0,1,0,0.2222222222222222,17.64290857463121,1
39,1,0,0,0,0,0,0,1,1,0,1,0,1,0,1,0,1,1,1,0,0,1,0,0,0,0,0,1,1,0,0,0,1,0,0,0,0.16666666666666666,12.266490656127441,1
40,1,0,0,0,0,0,0,1,1,0,1,1,0,0,1,0,0,1,1,0,0,0,0,0,0,0,1,1,1,0,0,0,1,0,0,0,0.19444444444444445,11.511099059160145,1
41,1,0,0,1,0,0,0,1,1,0,1,1,1,0,1,0,1,1,1,0,0,1,0,0,0,0,1,1,1,0,0,0,1,0,0,0,0.2222222222222222,25.872956402652918,1
42,1,0,0,0,0,0,0,1,1,1,1,1,1,0,1,0,1,1,1,0,0,1,1,0,0,0,0,1,1,0,1,0,1,0,1,0,0.3611111111111111,23.200333307779516,1
43,1,0,0,0,0,0,0,1,0,1,1,1,1,0,1,0,1,1,1,0,0,1,1,0,0,0,1,1,1,0,0,0,1,1,1,0,0.2777777777777778,23.577515201820503,1
44,1,0,0,0,0,0,0,1,0,1,1,1,1,0,1,0,1,1,1,0,0,1,1,0,0,0,1,1,1,0,0,0,1,1,0,0,0.2222222222222222,21.952088043457184,1
45,1,0,0,0,0,0,0,1,1,1,1,1,1,0,1,0,1,1,1,0,0,1,1,0,0,0,1,1,1,0,0,0,1,1,1,0,0.3055555555555556,25.123347468725186,1
46,1,0,1,0,0,0,0,1,1,0,1,1,1,0,1,0,0,1,1,0,0,1,0,0,0,0,1,1,1,0,1,0,1,0,0,0,0.19444444444444445,18.346856887637394,1
47,1,0,0,0,0,0,0,1,1,1,1,1,1,0,1,0,1,1,1,0,0,1,0,0,0,0,1,1,1,0,0,0,1,1,1,0,0.3055555555555556,24.2156865929647,1
48,1,0,0,1,0,0,0,1,1,1,1,1,1,0,1,0,0,1,1,0,0,1,0,0,0,0,1,1,1,0,0,0,1,0,1,0,0.3055555555555556,28.799375934455433,1
49,1,0,0,0,0,0,0,1,1,0,1,1,1,0,1,0,0,1,1,0,0,1,0,0,0,0,1,1,1,0,0,0,1,0,0,0,0.2222222222222222,14.7295522017196,1
50,1,0,0,0,0,0,0,1,1,1,1,1,0,0,1,0,1,1,1,0,0,1,1,0,0,0,1,1,1,0,1,0,1,0,0,0,0.2777777777777778,21.526489325675637,1
51,1,0,0,0,0,0,1,1,1,0,1,1,1,0,1,0,1,1,1,0,0,1,0,0,0,0,0,1,1,0,0,0,1,0,1,0,0.2777777777777778,20.87211029489912,1
52,1,0,0,0,0,0,0,1,1,0,1,1,1,0,1,0,1,1,1,0,0,1,0,0,0,0,0,1,1,0,0,0,1,0,0,0,0.2777777777777778,17.49986233029433,1
53,1,0,0,0,0,0,0,0,1,0,1,1,1,0,0,0,1,1,1,0,0,1,0,0,0,0,0,1,1,0,0,0,1,0,0,0,0.1111111111111111,8.73322969272311,1
54,1,0,0,1,0,0,0,1,1,1,1,1,1,0,1,0,1,1,1,0,0,1,0,0,1,0,0,1,1,0,0,0,1,1,1,0,0.2777777777777778,30.91513381795732,1
55,1,0,0,0,0,0,1,1,1,1,1,1,0,0,1,0,1,1,1,0,0,1,0,0,0,0,0,1,1,0,0,0,1,1,1,0,0.25,24.035468247328055,1
56,1,0,0,0,0,0,0,1,0,0,1,1,1,0,1,0,1,1,1,0,0,1,0,0,1,0,0,1,1,0,0,0,1,0,1,0,0.2222222222222222,15.224480634697608,1
57,1,0,0,0,0,0,0,1,1,0,1,1,0,0,1,0,1,1,1,0,0,0,1,0,0,0,0,1,1,0,0,0,1,1,1,0,0.16666666666666666,13.864428439633068,1
58,1,0,0,0,1,0,0,1,1,0,1,0,1,0,1,0,0,1,1,0,0,1,0,0,0,0,0,1,1,0,1,0,1,0,0,0,0.16666666666666666,12.064852734713952,1
59,1,0,1,0,0,0,0,1,0,0,1,1,1,0,1,0,1,1,1,0,0,1,0,0,0,0,1,1,1,0,0,0,0,0,1,0,0.16666666666666666,19.144227725127323,1
60,1,0,0,0,0,0,0,1,1,0,1,0,1,0,1,0,1,1,1,0,0,1,0,0,0,0,0,1,1,0,1,0,1,0,0,0,0.16666666666666666,13.246591839789678,1
61,1,0,0,0,0,0,0,1,0,0,1,1,1,0,1,0,0,1,1,0,0,1,1,0,0,0,1,1,1,0,0,0,0,0,0,0,0.16666666666666666,14.093966712498379,1
62,1,0,0,0,0,0,1,1,1,0,1,1,1,0,1,0,1,1,1,0,0,1,1,0,0,0,1,1,1,0,0,0,1,0,0,0,0.19444444444444445,20.775707876030427,1
63,0,0,0,1,0,0,0,0,0,0,1,0,0,0,1,0,0,1,1,0,0,0,0,0,1,0,1,0,1,0,0,0,1,0,0,0,0.08333333333333333,2.441071801097164,1
64,1,0,0,0,0,0,0,1,1,0,1,1,1,0,1,0,1,1,1,0,0,1,1,0,0,0,1,1,1,0,1,0,1,0,1,0,0.2777777777777778,20.364407330805186,1
65,1,0,0,0,0,0,0,0,0,0,1,0,0,0,1,0,1,1,1,0,0,1,0,0,0,0,1,0,1,0,0,0,1,0,0,0,0.05555555555555555,4.208635371571062,1
66,1,0,0,0,0,0,0,1,1,0,1,0,1,0,1,0,1,1,1,0,0,1,1,0,0,0,0,0,1,0,0,0,0,0,0,0,0.08333333333333333,12.981601668550764,1
67,1,0,0,1,0,0,0,1,0,0,1,0,1,0,1,0,1,1,1,0,0,1,0,0,0,0,1,0,1,0,0,0,1,0,0,0,0.19444444444444445,17.28191884593504,1
68,1,0,0,0,0,0,0,1,1,0,1,1,0,0,1,0,1,1,1,0,0,1,1,0,0,0,1,0,1,0,1,0,1,0,0,0,0.19444444444444445,13.361499374158132,1
69,1,0,0,0,0,0,0,1,1,1,1,1,0,0,1,0,1,1,1,0,0,1,0,0,0,0,1,1,1,0,1,0,1,1,0,0,0.3055555555555556,23.931225367284306,1
70,1,0,0,0,0,0,0,1,0,0,1,1,1,1,1,0,1,1,1,0,0,1,1,0,0,0,1,1,1,0,0,0,1,0,0,0,0.2222222222222222,22.613350992759802,1
71,1,0,0,0,0,0,1,1,1,0,1,1,1,0,1,0,1,1,1,0,0,1,0,0,0,0,1,1,1,0,0,0,1,0,1,0,0.2777777777777778,20.95656409627381,1
72,1,0,1,0,0,0,1,1,1,0,1,1,1,0,1,0,0,1,1,0,0,1,0,0,0,0,0,1,1,0,0,0,1,0,0,0,0.19444444444444445,22.434503774911896,1
73,0,0,0,1,0,0,0,1,1,1,1,1,1,0,1,0,1,1,1,0,0,0,0,0,0,0,1,1,1,0,0,0,1,1,1,0,0.3055555555555556,26.570178917703934,1
74,1,0,0,0,0,0,0,1,1,0,1,1,0,0,1,0,1,1,1,0,0,1,1,0,0,0,0,1,1,0,0,0,1,0,0,0,0.25,14.361499374158141,1
75,0,0,0,0,0,0,0,1,1,1,1,1,1,0,0,0,1,1,1,0,0,1,0,0,0,0,1,1,1,0,0,0,1,1,0,0,0.16666666666666666,19.123356936798178,1
76,1,0,0,0,1,0,0,1,1,0,1,1,0,0,1,0,1,1,1,0,0,0,0,0,1,0,0,1,1,0,0,0,0,1,1,0,0.16666666666666666,14.843630489055592,1
77,1,0,0,0,0,0,0,1,0,0,1,1,1,0,1,0,1,1,1,0,0,1,0,0,0,0,0,0,0,0,0,0,1,1,1,0,0.2222222222222222,14.295313913341989,1
78,1,0,0,1,0,0,0,1,0,0,1,1,1,0,1,0,0,1,1,0,0,0,0,0,0,0,1,1,1,0,0,0,1,0,1,0,0.2777777777777778,19.321751474962618,1
79,1,0,0,0,0,0,0,0,1,0,1,0,1,1,1,0,0,1,1,0,0,1,1,0,0,0,0,0,1,0,0,0,1,0,0,0,0.19444444444444445,7.885254341484565,1
80,1,0,0,0,0,0,0,1,1,0,1,1,1,0,1,0,1,1,0,0,0,1,0,0,0,0,1,1,1,0,1,0,1,0,0,0,0.25,19.315601536282713,1
81,1,0,0,0,0,0,0,1,1,0,0,1,1,0,1,0,1,1,1,0,0,1,0,0,0,0,1,1,1,0,0,0,1,1,1,0,0.16666666666666666,19.90658363640893,1
82,1,0,0,0,0,0,0,1,0,1,1,1,1,0,1,0,1,1,1,0,0,1,0,0,0,0,1,1,1,0,0,0,1,1,1,0,0.3055555555555556,22.16985417763621,1
83,0,0,1,0,0,0,0,1,1,1,1,1,1,0,1,0,1,1,1,0,0,0,1,0,0,0,0,1,1,0,0,0,1,1,1,0,0.25,21.119047060629576,1
84,1,0,0,0,0,0,0,1,1,1,1,1,0,0,1,0,1,1,1,0,0,1,0,0,0,0,1,1,1,0,1,0,1,0,1,0,0.25,21.75515097916533,1
85,0,0,0,0,0,0,0,1,1,1,1,1,0,0,1,0,0,1,1,0,0,1,0,0,0,0,1,1,1,0,0,0,1,0,0,0,0.25,15.196476776883175,1
86,1,0,0,1,0,0,0,1,0,1,1,1,0,0,1,0,1,1,1,0,0,0,0,0,0,0,1,1,1,0,1,0,1,1,0,0,0.2777777777777778,24.229697721086676,1
87,1,0,1,0,0,0,0,0,1,0,1,1,1,0,1,0,1,1,1,0,0,1,0,0,0,0,1,1,0,0,0,0,1,0,1,0,0.16666666666666666,13.288032667651652,1
88,1,0,0,1,0,0,0,1,1,0,1,1,1,0,1,0,1,1,1,0,0,1,1,0,0,0,1,1,1,0,1,0,1,0,1,0,0.2777777777777778,25.871445479289406,1
89,1,0,1,1,0,0,0,1,1,1,1,1,0,0,1,0,0,1,1,0,0,1,1,0,0,0,1,1,1,0,0,0,1,0,0,0,0.25,28.618123970731702,1
90,1,0,0,0,0,0,0,0,1,0,1,0,0,1,0,0,1,1,0,0,0,0,1,0,0,0,1,0,1,0,0,0,0,1,1,0,0.027777777777777776,6.274718535915822,1
91,1,1,1,0,0,0,0,1,1,0,0,1,1,0,1,0,1,1,1,0,0,1,0,0,0,0,0,1,1,0,0,0,1,0,1,0,0.2222222222222222,28.078287369478325,1
92,1,0,0,0,0,0,0,1,1,0,1,0,1,0,1,0,0,1,1,0,0,1,0,0,0,0,1,0,1,0,1,0,1,0,1,0,0.16666666666666666,9.88489477377622,1
93,0,0,0,0,0,0,0,0,1,0,1,1,1,0,1,0,1,1,1,0,0,1,0,0,0,0,0,1,1,0,0,0,1,1,1,0,0.19444444444444445,13.420861043795567,1
94,1,0,0,0,0,0,0,1,1,0,1,1,1,0,0,0,1,1,1,0,0,1,0,0,0,0,1,1,1,0,0,0,1,1,0,0,0.2222222222222222,17.344874121738286,1
95,1,0,0,0,0,0,0,1,1,0,1,0,0,0,1,0,1,1,1,0,0,1,0,0,0,0,0,1,1,0,0,0,1,0,1,0,0.2777777777777778,11.263783436511497,1
96,1,0,0,1,0,0,0,1,1,1,1,1,1,0,0,0,1,1,1,0,0,1,1,0,0,0,1,1,1,1,0,0,1,0,1,0,0.3333333333333333,30.080686730465853,1
97,1,0,0,0,1,0,0,1,1,0,1,1,1,0,1,0,0,1,1,0,0,1,0,1,0,0,1,1,1,0,0,0,1,0,0,0,0.2222222222222222,17.73088567938033,1
98,1,0,1,0,0,0,0,0,1,0,1,0,1,1,0,0,0,1,0,0,0,1,1,1,0,0,0,0,1,0,0,0,1,0,0,0,0.1111111111111111,10.554805080888181,1
99,0,0,0,0,0,0,0,0,0,0,1,0,0,1,1,0,1,1,1,0,0,0,1,0,0,0,0,0,1,0,0,0,0,1,1,0,0.16666666666666666,5.651672679587746,1
