,0,1,2,3,4,5,6,7,8,9,10,11,12,13,14,15,16,17,18,19,20,21,22,23,24,25,26,27,28,29,30,31,32,33,34,35,chain_break_fraction,energy,num_occurrences
0,1,0,0,1,0,1,0,1,0,1,0,0,1,0,0,0,0,1,0,1,0,0,0,0,1,0,0,0,0,0,0,1,0,1,0,1,0.2777777777777778,16.08719041437031,1
1,1,0,0,1,0,1,0,1,0,1,0,0,1,0,0,0,0,1,0,1,0,0,1,0,1,0,0,0,0,0,0,0,0,1,0,1,0.3055555555555556,14.492397527243266,1
2,1,0,0,1,0,0,0,0,0,1,0,0,1,0,0,0,0,1,0,1,0,0,0,0,1,0,1,0,0,0,0,0,0,1,0,1,0.25,6.059124318538024,1
3,1,0,0,1,0,0,0,0,0,1,0,0,1,0,0,0,1,1,0,1,0,0,0,0,1,0,0,1,0,0,0,0,0,1,0,1,0.2222222222222222,9.087221666038904,1
4,1,0,0,1,0,1,0,0,0,1,0,0,1,0,1,0,0,1,0,1,0,0,0,0,1,1,0,0,0,0,0,1,0,1,0,1,0.2777777777777778,13.400980040873627,1
5,1,0,0,1,0,1,0,0,1,1,0,0,1,0,0,0,0,1,0,1,0,0,0,0,1,0,0,0,0,0,0,0,0,1,0,1,0.3611111111111111,11.833449034125437,1
6,1,0,0,1,0,1,0,0,0,1,1,0,1,0,0,0,0,1,0,1,0,0,1,0,1,0,0,0,0,0,0,1,0,1,0,1,0.3333333333333333,12.336100457245927,1
7,1,0,0,1,0,0,0,0,0,1,0,0,1,0,0,0,0,1,0,1,0,0,0,0,1,0,0,0,0,0,0,0,0,1,0,1,0.3055555555555556,5.123658631806625,1
8,1,0,0,1,0,1,0,0,0,1,0,0,1,0,0,0,0,1,0,1,0,0,1,0,1,0,0,0,1,0,0,0,0,1,0,1,0.3333333333333333,9.171502476768158,1
9,1,0,0,1,0,1,0,0,0,1,0,0,1,0,1,0,0,1,0,1,0,0,0,0,0,1,1,0,0,0,0,0,0,1,0,1,0.2777777777777778,10.615888443753335,1
10,1,0,0,1,0,1,0,0,0,1,0,0,1,0,1,0,0,1,0,1,0,0,0,0,1,1,0,0,0,0,0,1,0,1,0,1,0.3055555555555556,13.400980040873627,1
11,1,0,0,1,0,1,0,0,1,1,1,0,1,0,0,0,0,1,0,1,0,0,0,0,1,0,0,0,0,0,0,0,0,1,0,1,0.3611111111111111,14.542643803150455,1
12,1,0,0,1,0,1,0,0,0,1,0,0,1,0,0,0,0,1,0,1,0,0,1,0,1,1,1,0,0,1,0,0,0,1,0,1,0.3055555555555556,19.82416528785606,1
13,1,0,0,1,0,0,0,0,0,1,1,0,1,0,0,0,0,1,0,1,0,0,0,0,1,0,1,0,0,0,0,0,0,1,0,1,0.3055555555555556,6.326071542459871,1
14,1,0,0,1,0,0,0,0,1,1,1,0,1,0,1,0,0,1,0,1,0,0,0,0,1,0,0,0,0,0,0,0,0,1,0,1,0.3333333333333333,9.243415002212164,1
15,1,0,0,1,0,1,0,0,0,1,1,0,1,0,1,0,0,1,0,1,0,0,1,0,1,0,0,0,0,0,0,1,0,1,0,1,0.3611111111111111,12.752825162779203,1
16,1,0,0,1,0,1,0,0,0,1,1,0,1,0,0,0,0,1,0,1,0,0,0,0,1,0,0,1,0,1,0,0,0,1,0,1,0.3611111111111111,17.38066589062796,1
17,1,0,0,1,0,1,0,0,0,1,0,0,1,0,1,0,0,1,0,1,0,0,1,0,1,0,1,0,0,0,0,0,0,1,0,1,0.3333333333333333,9.604451350707429,1
18,0,1,1,0,1,0,1,0,1,0,0,1,0,1,0,1,1,0,1,0,1,1,1,1,0,0,0,0,0,0,1,1,1,0,1,0,0.2222222222222222,10.815936107931854,1
19,1,0,0,1,0,1,0,1,1,1,0,0,1,0,1,0,0,1,0,1,0,0,1,0,1,1,1,0,0,0,0,1,0,1,0,1,0.3888888888888889,20.7765436874635,1
20,1,0,0,1,0,0,0,1,0,1,0,0,1,0,0,0,0,1,0,1,0,0,0,0,0,0,0,0,0,0,0,0,0,1,0,1,0.3055555555555556,10.540230222965441,1
21,1,0,0,1,0,1,0,0,0,1,0,0,1,0,1,0,0,1,0,1,0,0,1,0,1,1,1,0,0,0,0,1,0,1,0,0,0.2777777777777778,15.392912662430211,1
22,0,1,1,0,1,0,1,0,1,0,0,1,0,1,0,1,1,0,1,0,1,1,1,1,0,0,0,0,0,0,1,0,1,0,1,0,0.19444444444444445,8.69055295631155,1
23,1,0,0,1,0,1,0,0,1,1,0,0,1,0,1,0,1,1,0,1,0,0,0,0,1,1,0,1,0,0,0,0,0,1,0,1,0.2777777777777778,15.196297060153665,1
24,1,0,0,1,0,1,0,0,0,1,0,0,1,0,1,0,0,1,0,1,0,0,0,0,1,1,1,0,0,0,0,0,0,1,0,1,0.3611111111111111,10.930151072089757,1
25,1,0,0,1,0,1,0,0,0,1,0,0,1,0,1,0,1,1,0,1,0,0,1,0,1,0,0,0,0,0,0,1,0,1,0,1,0.3888888888888889,12.57969024293288,1
26,0,1,1,0,1,0,1,0,0,0,1,1,0,1,0,1,1,0,1,0,1,1,1,1,0,0,0,0,0,0,1,0,1,0,1,0,0.25,10.699876857969624,1
27,0,1,1,0,1,0,1,0,0,0,0,1,0,1,0,1,1,0,1,0,1,1,1,1,0,0,1,0,1,0,1,0,1,0,1,0,0.2777777777777778,9.980124050521255,1
28,1,0,0,1,0,1,0,0,1,1,1,0,1,0,0,0,0,1,0,1,0,0,1,0,1,1,0,0,0,1,0,0,0,1,0,1,0.3611111111111111,16.320862817341652,1
29,0,1,1,0,1,0,0,0,1,0,1,1,0,1,0,1,1,0,1,0,1,1,1,1,0,0,1,0,0,1,1,0,1,0,1,0,0.25,12.876050766333417,1
30,0,1,1,0,1,0,1,0,1,0,0,1,0,1,0,1,1,0,1,0,1,1,1,1,0,0,0,0,1,0,1,0,1,0,1,0,0.2222222222222222,8.753244532121702,1
31,1,0,0,1,0,1,0,0,1,1,0,0,1,0,1,0,0,1,0,1,0,0,1,0,1,0,1,1,0,1,0,0,0,1,0,1,0.3888888888888889,21.119707569604806,1
32,0,1,1,0,1,0,0,0,1,0,1,1,0,1,0,1,1,0,1,0,1,1,1,1,0,0,0,0,0,0,1,1,1,0,1,0,0.19444444444444445,10.813682731420936,1
33,1,0,0,1,0,1,0,0,0,1,0,0,1,0,0,0,0,1,0,1,0,0,0,0,1,1,1,0,0,1,0,0,0,1,0,1,0.3611111111111111,16.974916604596974,1
34,1,0,0,1,0,1,0,1,0,1,0,0,1,0,0,0,0,1,0,1,0,0,1,0,1,0,1,0,0,0,0,0,0,1,0,1,0.3611111111111111,13.951439701221819,1
35,0,0,0,1,0,0,0,0,0,1,0,0,1,0,1,0,0,1,0,1,0,0,0,0,0,0,1,0,0,0,0,0,0,1,0,1,0.25,6.616643672053505,1
36,0,1,1,0,1,0,1,0,0,0,1,1,0,1,0,1,1,0,1,0,1,1,1,1,0,0,1,0,1,0,1,1,1,0,1,0,0.3611111111111111,18.06056317264244,1
37,0,1,1,0,1,0,1,0,1,0,0,1,0,1,0,1,1,0,1,0,1,1,1,1,0,0,1,0,1,0,1,0,1,0,1,0,0.3055555555555556,9.815936107931853,1
38,1,0,0,1,0,1,0,0,0,1,0,0,1,0,0,0,0,1,0,1,0,0,0,0,1,1,1,0,0,0,0,0,0,1,0,1,0.2777777777777778,10.99724649264531,1
39,0,1,1,0,1,0,0,0,0,0,1,1,0,1,0,1,1,0,1,0,1,1,1,1,0,0,1,0,0,0,1,0,1,0,1,0,0.3333333333333333,8.387571905973854,1
40,0,1,1,0,1,0,1,0,0,0,0,1,0,1,0,1,1,0,1,0,1,1,1,1,0,0,0,0,0,0,1,0,1,0,1,0,0.2777777777777778,7.798879577367873,1
41,1,0,0,1,0,1,0,1,1,1,0,0,1,0,0,0,1,1,0,1,0,0,0,0,1,1,0,1,0,0,0,1,0,1,0,1,0.2777777777777778,23.479811327465764,1
42,0,1,1,0,1,0,1,0,0,0,1,1,0,1,0,1,1,0,1,0,1,1,1,1,0,0,1,0,1,0,1,0,1,0,1,0,0.3055555555555556,11.88022001530603,1
43,0,1,1,0,1,0,1,0,0,0,1,1,0,1,0,1,1,0,1,0,1,1,1,1,0,0,0,0,0,0,1,1,1,0,1,0,0.25,12.880220015306033,1
44,0,1,1,0,1,0,1,0,1,0,0,1,0,1,0,1,1,0,1,0,1,1,1,1,0,0,1,0,1,0,1,1,1,0,1,0,0.3611111111111111,15.941319259552156,1
45,0,1,1,0,1,0,1,1,1,0,1,1,0,1,0,1,1,0,1,0,1,1,1,1,0,0,1,0,0,0,1,0,1,0,1,0,0.2777777777777778,21.4587443661928,1
46,0,1,1,0,1,0,1,1,0,0,0,1,0,1,0,1,0,0,1,0,1,1,1,1,0,0,0,0,1,0,1,0,1,0,1,0,0.3333333333333333,14.61848468593824,1
47,1,0,0,1,0,0,0,0,0,1,1,0,1,0,1,0,0,1,0,1,0,0,0,0,1,0,1,0,0,0,0,0,0,1,0,0,0.16666666666666666,9.471306833646032,1
48,0,1,1,0,1,0,0,0,0,0,1,1,0,1,0,1,1,0,1,0,1,1,1,1,0,0,1,0,1,0,1,0,1,0,1,0,0.3055555555555556,9.977870601652873,1
49,0,1,1,0,1,0,1,0,0,0,1,1,0,1,0,1,1,0,1,0,1,1,1,1,0,0,0,0,1,0,1,0,1,0,1,0,0.3055555555555556,10.790048436637829,1
50,0,1,1,0,1,0,1,0,1,0,0,1,0,1,0,1,1,0,1,0,1,1,1,1,0,0,1,0,0,1,1,0,1,0,1,0,0.3055555555555556,12.878627683742007,1
51,0,1,1,0,1,0,1,0,1,0,0,1,0,1,0,1,1,0,1,0,1,1,1,1,0,0,1,0,1,0,1,0,1,0,1,0,0.2777777777777778,9.815936107931853,1
52,0,1,1,0,1,0,1,0,1,0,0,1,0,1,0,1,1,0,1,0,1,1,1,1,0,0,1,0,1,1,1,1,1,0,1,0,0.3611111111111111,26.066702411172443,1
53,0,1,1,0,1,0,0,0,1,0,0,1,0,1,1,1,1,0,1,0,1,1,0,1,0,0,0,0,1,0,1,1,1,0,1,0,0.2222222222222222,11.811107096727259,1
54,1,0,0,1,0,0,0,0,1,1,1,0,1,0,0,0,1,1,0,1,0,0,0,0,0,1,1,1,0,0,0,0,0,1,0,1,0.25,13.436707770163174,1
55,0,1,1,0,1,0,1,0,0,0,0,1,0,1,0,1,1,0,1,0,1,1,1,1,0,0,1,0,0,0,1,1,1,0,1,0,0.3333333333333333,13.57074628709795,1
56,0,1,1,0,1,0,0,0,0,0,1,1,0,1,0,1,1,0,1,0,1,1,1,1,0,0,0,0,0,0,1,1,1,0,1,0,0.16666666666666666,10.977870601652878,1
57,0,1,1,0,1,0,0,0,0,0,1,1,0,1,0,1,1,0,1,0,1,1,1,1,0,0,0,0,1,0,1,1,1,0,1,0,0.2222222222222222,13.568169297331895,1
58,0,1,0,0,1,0,1,0,1,0,1,1,0,1,1,1,1,0,1,0,1,1,1,1,0,0,0,0,1,0,1,1,1,0,1,0,0.2777777777777778,14.896540268170527,1
59,0,1,1,0,1,0,1,0,0,0,0,1,0,1,1,1,1,0,1,0,1,1,1,1,0,0,1,0,0,0,1,1,1,0,1,0,0.16666666666666666,13.957118333176988,1
60,1,1,0,0,1,0,1,0,0,0,0,1,0,1,0,1,1,0,1,0,1,1,1,1,0,0,0,0,1,0,1,0,1,0,1,0,0.16666666666666666,7.485792575515886,1
61,1,1,0,1,0,1,0,0,0,1,0,0,1,0,1,0,0,1,0,1,0,0,0,0,1,1,0,1,0,1,0,0,0,1,0,1,0.25,19.175317934612618,1
62,0,1,1,0,1,0,1,0,0,0,1,1,0,1,0,1,0,0,1,0,1,1,1,1,0,0,0,0,0,0,1,1,1,0,1,0,0.25,13.233530153595844,1
63,0,1,0,0,1,0,1,0,0,0,1,1,0,1,0,1,0,0,1,0,1,1,1,1,0,0,0,0,1,0,1,0,1,0,1,0,0.3055555555555556,9.87505186150999,1
64,0,1,1,0,1,0,0,1,0,0,0,1,0,1,0,1,1,0,1,0,1,1,1,1,0,0,1,0,0,0,1,0,1,0,1,0,0.2777777777777778,11.827388497068103,1
65,0,1,1,0,1,0,1,0,0,0,1,1,0,1,0,1,1,0,1,0,1,1,1,1,0,0,1,0,0,0,1,0,1,0,1,0,0.19444444444444445,10.790048436637829,1
66,0,1,1,0,1,0,1,0,0,0,0,1,0,1,0,1,1,1,1,0,1,1,1,1,0,0,0,0,1,1,1,0,1,0,1,0,0.3333333333333333,14.86397578457093,1
67,0,1,1,0,1,0,1,1,0,0,0,1,0,1,0,1,1,0,1,0,1,1,1,1,0,0,1,0,1,0,1,1,1,0,1,0,0.3055555555555556,21.03637918785684,1
68,0,1,1,0,1,0,1,0,0,0,1,1,0,1,0,1,1,0,1,0,1,1,1,1,0,0,0,0,1,0,1,0,1,0,1,0,0.25,10.790048436637829,1
69,0,1,1,0,1,0,1,0,1,0,0,1,0,1,1,1,0,0,1,0,1,1,1,1,0,0,1,0,0,0,1,1,1,0,1,0,0.25,14.118268083293914,1
70,1,0,0,1,0,1,0,0,0,1,1,0,1,0,1,0,0,1,0,1,0,0,1,0,1,1,1,0,0,0,0,1,0,1,0,1,0.4166666666666667,17.92255957106342,1
71,0,1,1,0,1,0,1,0,1,0,1,1,0,1,0,1,1,0,1,0,1,1,1,1,0,0,1,0,1,0,1,1,1,0,1,0,0.2222222222222222,17.340514006774892,1
72,1,0,0,0,0,1,0,1,0,1,0,0,1,0,1,0,0,1,0,1,0,0,0,0,1,1,0,0,0,0,0,1,0,1,0,0,0.19444444444444445,13.085031653377248,1
73,0,1,1,0,1,0,1,0,1,0,0,1,0,1,1,1,0,0,1,0,1,1,1,1,0,0,1,0,0,0,1,0,1,0,1,0,0.25,10.028846050769845,1
74,0,1,1,0,1,0,0,0,1,0,0,1,0,1,0,1,1,0,1,0,1,1,1,1,0,0,0,0,1,0,0,0,1,0,1,0,0.19444444444444445,6.252539130279721,1
75,0,1,1,0,1,0,0,0,1,0,1,1,0,1,0,1,1,0,1,0,1,1,1,1,0,0,1,0,1,0,1,1,1,0,1,0,0.2777777777777778,15.938418801245891,1
76,0,1,0,0,1,0,0,0,0,0,1,1,0,1,0,0,1,0,0,0,1,1,1,1,0,0,1,0,0,0,0,0,0,0,1,0,0.0,4.0459478193947955,1
77,0,1,1,0,0,0,1,0,1,0,0,1,0,1,0,1,1,0,1,0,1,1,1,1,1,0,0,0,0,0,1,1,1,0,1,0,0.25,11.168275549201253,1
78,0,1,1,0,1,0,0,0,0,0,1,1,0,1,0,1,1,0,1,0,1,1,1,1,0,0,0,1,1,0,1,0,1,0,1,0,0.25,13.568169297331895,1
79,0,1,1,0,1,0,0,0,1,0,1,1,0,1,0,1,0,0,1,0,1,1,1,1,0,0,0,0,1,0,1,0,1,0,1,0,0.3333333333333333,8.604542540212284,1
80,0,1,1,0,1,0,1,0,0,0,0,1,1,1,0,1,0,0,1,0,1,1,1,1,0,0,0,0,1,0,1,1,1,0,1,0,0.2222222222222222,13.604813307856123,1
81,0,1,1,0,1,0,1,0,0,0,1,1,0,1,0,1,0,0,1,0,1,1,1,1,0,0,0,0,0,0,1,0,1,0,1,0,0.3333333333333333,10.053135940971732,1
82,0,1,1,0,1,0,1,1,1,0,1,1,0,1,0,1,0,0,1,0,1,1,1,1,0,0,1,0,1,0,1,0,1,0,1,0,0.3888888888888889,19.873797386076657,1
83,0,1,1,0,1,0,1,0,1,0,0,1,0,1,0,1,1,0,1,0,1,1,1,1,0,0,1,0,1,0,1,0,1,0,1,0,0.3611111111111111,9.815936107931853,1
84,0,1,1,0,1,0,0,1,0,0,1,1,0,1,0,1,1,0,1,0,1,1,1,1,0,0,0,0,0,0,1,0,1,0,1,0,0.3055555555555556,15.602480505644404,1
85,0,1,1,0,1,0,0,0,1,0,0,1,0,1,1,1,1,0,1,0,1,1,1,1,0,0,1,0,1,0,1,1,0,0,1,0,0.19444444444444445,12.883797090500765,1
86,0,1,0,0,1,0,1,0,0,0,1,1,0,1,1,1,0,0,1,0,1,1,1,1,0,0,0,0,1,0,1,0,1,0,1,0,0.3055555555555556,10.79921687558742,1
87,0,1,1,0,1,0,1,0,1,0,1,1,0,1,0,1,1,0,1,0,1,1,1,1,1,0,1,0,0,0,1,0,1,0,1,0,0.25,11.648472640669619,1
88,0,1,1,0,1,0,1,0,1,0,0,1,0,1,1,1,0,0,1,0,1,1,1,1,0,0,0,0,1,0,1,0,1,0,1,0,0.25,10.028846050769845,1
89,0,1,1,0,1,0,1,0,1,0,0,1,0,1,0,1,0,0,0,0,1,1,1,1,0,0,1,0,1,0,1,1,1,0,1,0,0.16666666666666666,13.631461038001813,1
90,1,1,0,0,1,0,1,0,0,0,1,1,0,1,0,1,1,0,0,0,1,1,1,1,0,0,1,0,1,0,1,0,1,0,1,0,0.19444444444444445,9.718315562053148,1
91,0,1,1,0,1,0,1,1,0,0,1,1,0,1,0,1,1,0,1,0,1,1,1,1,0,0,1,0,1,0,1,1,1,0,1,0,0.3055555555555556,23.864753531905514,1
92,0,1,1,0,1,0,0,1,1,0,1,1,0,1,0,1,1,0,1,0,1,1,1,1,0,0,1,0,1,0,1,1,1,0,1,0,0.3611111111111111,20.742609212303886,1
93,1,1,1,0,1,0,1,0,0,0,1,0,0,1,0,1,1,0,1,0,1,1,1,1,0,0,1,0,1,1,1,0,1,0,1,0,0.1388888888888889,14.34349315245124,1
94,1,1,1,0,1,0,0,0,0,0,1,1,0,1,0,1,1,0,1,0,1,1,1,1,0,0,1,0,1,0,0,0,1,0,1,0,0.3055555555555556,8.69324041961453,1
95,1,1,1,0,1,0,1,0,0,0,0,1,0,1,1,1,1,0,0,0,1,1,1,1,1,0,1,0,1,1,1,0,1,0,1,0,0.1388888888888889,14.375736580162775,1
96,0,1,1,0,1,0,1,0,0,0,1,1,0,1,0,1,1,0,1,0,1,1,1,1,0,0,1,0,0,1,1,0,1,0,1,0,0.3611111111111111,14.970391593974238,1
97,0,1,0,0,1,0,0,1,0,0,1,1,0,1,0,1,1,0,1,0,0,1,1,1,0,0,0,0,0,0,1,0,1,0,1,0,0.2222222222222222,14.600170777848431,1
98,0,1,1,0,1,1,0,0,1,0,0,1,0,1,1,1,0,0,0,0,1,1,1,1,0,0,0,0,1,0,1,0,1,0,1,0,0.19444444444444445,14.201948720494567,1
99,1,0,1,0,1,0,1,0,1,0,0,1,1,1,0,0,1,0,1,0,1,1,1,1,0,0,0,0,0,0,1,1,1,0,1,0,0.1388888888888889,9.007175409529596,1
