,0,1,2,3,4,5,6,7,8,9,10,11,12,13,14,15,16,17,18,19,20,21,22,23,24,25,26,27,28,29,30,31,32,33,34,35,chain_break_fraction,energy,num_occurrences
0,0,0,0,0,0,0,0,1,0,1,0,1,1,0,0,1,1,0,0,1,0,1,1,1,0,1,0,0,1,0,1,0,0,0,1,0,0.25,13.90419013021287,1
1,0,0,0,0,0,0,0,1,0,1,0,1,1,0,0,1,1,0,0,1,0,1,1,1,0,1,0,0,1,0,1,1,0,0,0,0,0.3055555555555556,15.826001640236342,1
2,0,0,0,0,0,0,0,1,0,1,0,1,1,0,0,1,1,0,0,1,0,1,1,1,0,1,0,0,1,0,1,0,0,0,1,0,0.25,13.90419013021287,1
3,0,0,0,0,0,0,0,1,0,1,0,1,1,0,0,1,1,0,0,1,0,1,1,1,0,1,0,0,1,0,1,1,0,0,1,0,0.3611111111111111,19.044061436016882,1
4,0,0,0,0,0,0,0,1,1,1,0,1,1,0,0,1,1,0,1,1,0,1,1,0,0,0,0,0,1,0,1,0,0,0,1,0,0.25,10.597580835542523,1
5,0,0,0,0,0,0,0,1,1,1,0,1,1,0,0,1,1,0,0,1,0,1,1,0,0,1,0,0,1,0,1,1,0,0,0,0,0.3055555555555556,11.227926322846564,1
6,0,0,0,0,0,0,0,1,0,1,0,1,1,0,0,1,1,0,0,1,0,1,1,1,0,1,0,0,1,0,1,0,0,0,0,0,0.25,11.690210028179026,1
7,0,0,0,0,0,0,0,1,0,1,0,1,1,0,0,1,1,0,0,1,0,1,1,1,0,1,0,0,1,0,1,1,0,0,1,0,0.2777777777777778,19.044061436016882,1
8,0,0,0,0,0,0,0,1,1,1,0,1,1,0,0,1,1,0,0,1,0,1,1,0,0,1,0,0,1,0,1,0,0,0,1,0,0.3055555555555556,10.174236283732748,1
9,0,0,0,0,0,0,0,1,0,1,0,1,1,0,0,1,1,0,1,1,0,0,1,1,1,1,0,0,1,0,1,0,0,0,0,0,0.25,9.984045034673208,1
10,0,0,0,0,0,0,0,1,0,1,0,1,1,0,1,1,1,0,0,1,0,1,1,1,1,0,0,0,1,0,1,0,0,0,1,0,0.2222222222222222,12.21794071389748,1
11,0,0,0,0,0,0,0,1,0,1,0,1,1,0,0,1,1,0,0,1,0,1,1,0,0,1,0,0,1,0,1,0,0,0,1,0,0.2777777777777778,9.476229926145182,1
12,0,0,0,0,0,0,0,1,0,1,0,1,1,0,0,1,1,0,0,1,0,1,1,1,1,1,0,0,1,0,1,1,0,0,1,0,0.3055555555555556,22.718235780262894,1
13,0,0,0,0,0,0,0,1,0,1,0,1,1,0,0,1,1,0,0,1,0,1,1,0,1,1,0,0,1,0,1,1,0,0,0,0,0.3055555555555556,13.21147874209282,1
14,0,0,0,0,0,0,0,1,1,1,0,1,1,0,0,1,1,0,0,1,0,1,1,0,0,1,0,0,1,0,1,1,0,0,0,0,0.3055555555555556,11.227926322846564,1
15,0,0,0,0,0,0,0,1,0,1,0,1,1,0,0,1,1,0,0,1,0,1,1,1,0,1,0,0,1,0,1,0,0,0,1,0,0.2777777777777778,13.90419013021287,1
16,0,0,0,0,0,0,0,1,0,1,0,1,1,0,0,1,1,0,0,1,1,1,1,1,0,1,0,0,1,0,1,1,0,0,0,0,0.3055555555555556,19.470462596176,1
17,0,0,0,0,0,0,0,1,0,1,0,1,1,0,0,1,1,0,0,1,0,1,1,1,0,1,0,0,1,0,1,0,0,0,1,0,0.3055555555555556,13.90419013021287,1
18,0,0,0,0,0,0,0,1,0,1,0,1,1,0,1,1,1,0,0,1,0,0,1,0,0,1,0,0,1,0,1,1,0,0,0,0,0.3055555555555556,10.793208671700466,1
19,0,0,0,0,0,0,0,1,0,1,0,1,1,0,0,1,1,0,0,1,1,1,1,1,0,1,0,0,1,0,1,1,0,0,0,0,0.3055555555555556,19.470462596176,1
20,0,0,0,0,0,0,0,1,1,1,0,1,1,0,0,1,1,0,1,1,0,1,1,1,0,1,0,0,1,0,1,0,0,0,1,0,0.2777777777777778,15.575850882498754,1
21,0,0,0,0,0,0,0,1,0,1,0,1,1,0,0,1,1,0,0,1,0,1,1,0,1,1,0,0,1,0,1,0,0,0,1,0,0.3055555555555556,10.700864233763857,1
22,0,0,0,0,0,0,0,1,0,1,0,1,1,0,0,1,1,0,0,1,0,1,1,1,0,1,0,0,1,0,1,1,0,0,0,0,0.2777777777777778,15.826001640236342,1
23,0,0,0,0,0,0,0,1,0,1,0,1,1,0,0,1,1,0,1,1,0,0,1,1,0,1,0,0,1,0,1,0,0,0,1,0,0.3333333333333333,10.530168268020772,1
24,0,0,0,0,0,0,0,1,0,1,0,1,1,0,1,1,1,0,0,1,0,1,1,0,0,1,0,0,1,0,1,0,0,0,1,0,0.25,10.82606519282786,1
25,0,0,0,0,0,0,0,1,1,1,0,1,1,0,0,1,1,0,0,1,0,1,1,0,0,1,0,0,1,0,1,1,0,0,1,0,0.2777777777777778,11.94596059098325,1
26,0,0,0,0,0,0,0,1,0,1,0,1,1,0,0,1,1,0,0,1,0,1,0,1,0,0,0,0,1,0,1,1,0,0,1,0,0.2777777777777778,11.712704718963279,1
27,0,0,0,0,0,0,0,1,0,1,0,1,1,0,0,1,1,0,0,1,0,1,1,0,0,1,0,0,0,0,1,1,0,0,0,0,0.2777777777777778,10.651977161765224,1
28,0,1,0,0,0,0,0,1,0,1,0,1,1,0,0,1,1,0,1,1,0,1,1,0,0,0,0,0,1,0,1,0,0,0,0,0,0.25,15.303646408989508,1
29,0,0,0,0,0,0,0,1,0,1,0,1,1,0,0,1,1,0,0,1,1,1,1,1,0,1,0,0,1,0,1,0,0,0,0,0,0.3055555555555556,14.22044971969843,1
30,0,0,0,0,0,0,0,1,0,1,0,1,1,0,0,1,1,0,0,0,0,1,1,1,0,1,0,0,1,0,1,0,0,0,1,0,0.2222222222222222,10.95665299736814,1
31,0,0,0,0,0,0,0,1,0,1,0,1,1,0,0,1,1,0,0,1,0,1,1,0,1,1,0,0,1,0,1,1,0,0,0,0,0.2777777777777778,13.21147874209282,1
32,0,0,0,0,0,0,0,1,0,1,0,1,1,0,0,1,1,0,0,1,0,1,0,1,0,0,0,0,1,0,1,0,0,0,1,0,0.2777777777777778,10.005889645722702,1
33,0,0,0,0,0,0,0,1,0,1,0,1,1,0,0,1,1,0,1,1,0,1,1,1,0,0,0,0,1,0,1,1,0,0,1,0,0.25,16.136622403922107,1
34,0,0,0,0,0,0,0,1,0,1,0,1,1,0,0,1,1,0,0,1,0,1,1,0,0,1,0,0,1,0,1,0,0,0,1,0,0.25,9.476229926145182,1
35,0,0,0,0,1,0,0,1,0,1,0,1,1,0,1,1,1,0,0,1,0,1,1,1,0,1,0,0,1,0,1,0,0,0,1,0,0.2222222222222222,13.467996943076878,1
36,0,0,0,0,0,0,0,1,0,1,0,1,1,0,0,1,1,0,0,1,0,1,1,1,0,1,0,0,1,1,1,0,0,0,1,0,0.3333333333333333,19.43065453132796,1
37,0,0,0,0,0,0,0,1,0,1,0,1,1,0,1,1,1,0,0,1,0,1,0,0,0,0,0,0,1,0,1,0,0,0,1,0,0.2222222222222222,13.457498755089972,1
38,0,0,0,0,0,0,0,1,0,1,0,1,1,0,0,1,1,0,0,1,0,0,1,1,0,0,0,0,1,0,1,1,0,0,1,0,0.2777777777777778,10.049217871287308,1
39,0,0,0,0,0,0,0,1,0,1,0,1,1,0,0,1,1,0,0,1,0,1,1,0,0,1,0,0,1,0,1,1,0,0,0,0,0.3611111111111111,11.389882048675261,1
40,0,0,0,0,0,0,0,1,0,1,0,1,1,0,0,1,1,0,0,1,0,1,0,1,0,1,0,0,1,1,1,0,0,0,1,0,0.25,16.195056866923004,1
41,0,0,1,0,0,0,0,1,0,1,0,1,1,0,0,1,1,0,1,1,0,1,1,0,0,1,0,0,1,0,1,1,0,0,1,0,0.25,15.265132165858867,1
42,0,0,0,0,0,0,0,1,0,1,0,1,1,0,1,1,1,0,1,1,0,1,1,0,1,0,0,0,1,0,1,0,0,0,0,0,0.25,11.194514449635772,1
43,0,0,0,0,0,0,0,1,0,1,0,1,1,0,0,1,1,0,0,1,0,0,1,0,0,1,0,0,1,0,1,0,0,0,1,0,0.3055555555555556,7.729030986459634,1
44,0,0,0,0,0,0,0,1,0,1,0,1,1,0,0,1,1,0,0,1,0,1,1,0,1,1,0,0,1,1,1,0,0,0,1,0,0.2777777777777778,15.746222493777495,1
45,0,0,0,0,0,0,0,1,0,1,0,1,1,0,0,1,1,0,0,1,0,1,1,1,0,0,0,0,1,1,1,0,0,0,0,0,0.25,11.386478517185148,1
46,0,0,0,0,0,0,0,1,0,1,0,1,1,0,0,1,1,0,0,1,0,1,1,1,1,1,0,0,1,1,1,0,0,0,1,0,0.2777777777777778,23.45246958980638,1
47,0,0,0,0,0,0,0,1,0,1,0,1,1,0,0,1,1,0,0,1,0,0,1,0,1,1,0,0,0,0,1,1,0,0,0,0,0.2222222222222222,8.673962950395737,1
48,0,0,0,0,0,0,0,1,0,1,0,1,1,0,1,1,1,0,1,1,0,0,1,0,0,0,0,0,1,0,1,0,0,0,1,0,0.25,12.461765585351648,1
49,0,0,0,0,0,0,0,1,0,1,0,1,1,0,0,1,1,0,0,1,0,1,1,1,0,0,0,0,1,0,1,0,0,0,0,0,0.3055555555555556,10.005889645722707,1
50,0,0,0,0,0,0,0,1,1,1,0,1,1,0,0,1,1,0,0,1,0,0,1,1,1,1,0,0,1,0,1,0,0,0,1,0,0.2777777777777778,10.701579514036196,1
51,0,0,0,0,0,0,0,1,0,1,0,1,1,0,0,1,1,0,0,1,0,1,1,1,0,1,0,0,0,0,1,0,0,0,1,0,0.3333333333333333,13.140957929655322,1
52,0,0,0,0,1,0,0,1,0,1,0,1,1,0,0,1,1,0,0,1,0,1,1,0,1,1,0,0,1,0,1,0,0,0,1,0,0.16666666666666666,10.199810804960078,1
53,0,0,0,0,0,0,0,1,0,1,0,1,1,0,0,1,1,0,0,1,0,1,1,1,0,1,0,0,0,0,1,1,0,0,0,0,0.3888888888888889,14.066479190955194,1
54,0,0,0,0,0,0,0,1,0,1,0,1,1,0,0,1,1,0,1,0,0,1,1,0,0,0,0,0,1,0,1,0,0,0,1,0,0.2777777777777778,8.677135288432996,1
55,0,0,0,0,0,0,0,1,0,1,0,1,1,0,0,1,1,0,1,1,0,1,1,0,0,1,0,0,1,0,1,0,0,0,1,0,0.3611111111111111,10.87829719419616,1
56,0,0,0,0,0,0,0,1,1,1,0,1,1,0,0,1,1,0,0,1,1,1,1,1,0,1,0,0,1,1,1,0,0,0,0,0,0.3055555555555556,18.31653785365069,1
57,0,0,0,0,0,0,0,1,0,1,0,1,1,0,0,1,1,0,1,1,0,1,1,1,1,1,0,0,1,0,1,1,0,0,1,0,0.3333333333333333,26.73750730502435,1
58,0,0,1,0,0,0,0,1,1,1,0,1,1,0,0,1,1,0,1,1,0,1,1,0,0,0,0,0,1,0,1,1,0,0,1,0,0.3055555555555556,12.892404683118851,1
59,0,0,0,0,1,0,0,1,0,1,0,1,1,0,0,1,1,0,0,1,0,1,1,1,0,1,0,0,1,0,1,1,0,0,1,0,0.3611111111111111,17.04300407265079,1
60,0,0,0,0,0,0,0,1,0,1,0,1,1,0,0,1,1,0,0,1,0,1,1,1,0,1,0,0,1,0,1,1,0,0,0,0,0.3333333333333333,15.826001640236342,1
61,0,0,0,0,1,0,0,1,0,1,0,1,1,0,1,1,1,0,1,1,0,0,1,0,0,1,0,0,1,0,1,0,0,0,1,0,0.2222222222222222,10.588860068610488,1
62,0,0,0,0,0,0,0,1,1,1,0,1,1,0,0,1,1,0,0,1,0,1,1,0,0,1,0,0,0,0,1,1,0,0,0,0,0.3611111111111111,11.103528703386143,1
63,0,0,0,0,0,1,0,1,0,1,0,1,1,0,0,1,1,0,0,1,0,1,1,1,0,1,0,0,1,0,1,1,0,0,1,0,0.4166666666666667,17.041946709284687,1
64,0,0,0,0,0,0,0,1,0,1,0,1,1,0,0,1,1,0,0,1,1,1,0,1,0,0,0,0,1,0,1,0,0,0,1,0,0.25,11.058275597744606,1
65,0,0,0,0,0,0,0,1,0,1,0,1,1,0,0,1,1,0,1,1,0,0,1,1,0,1,0,0,1,0,1,1,0,0,0,0,0.3333333333333333,12.020349378922313,1
66,0,0,1,0,0,0,0,1,0,1,0,1,1,0,1,1,1,0,0,1,0,0,1,0,0,1,0,0,1,1,1,1,0,0,0,0,0.25,14.650033818955231,1
67,0,0,0,0,0,0,0,1,0,1,0,1,1,0,0,1,1,0,0,1,0,1,1,1,0,1,0,0,0,1,1,1,0,0,1,0,0.2777777777777778,23.314392666483585,1
68,0,1,0,0,0,0,0,1,0,1,0,1,1,0,0,1,1,0,0,1,0,1,1,0,0,1,0,0,1,1,1,0,0,0,1,0,0.25,13.901442847894703,1
69,0,0,0,0,1,0,0,0,0,1,0,1,1,0,0,1,1,0,1,1,0,1,0,0,0,0,0,0,1,0,1,0,0,0,1,0,0.1388888888888889,4.995848519542509,1
70,0,0,0,0,0,0,0,1,0,1,0,1,1,0,0,1,1,0,0,1,0,1,1,0,1,1,0,0,0,0,1,1,0,0,1,0,0.2777777777777778,13.01728626156687,1
71,0,0,0,0,0,0,0,1,1,1,0,1,1,0,0,1,1,0,0,1,0,1,1,1,1,1,0,0,0,0,1,0,0,0,0,0,0.2777777777777778,12.79894527510382,1
72,0,0,0,0,0,0,0,1,0,1,0,1,1,0,0,1,1,0,0,1,0,1,1,0,1,1,0,0,1,0,1,0,0,0,0,0,0.2222222222222222,9.86935824812053,1
73,0,0,0,0,0,0,0,1,0,1,0,1,1,0,0,1,1,0,0,0,0,1,1,0,0,1,0,0,1,1,1,0,0,0,1,0,0.25,10.141085916961874,1
74,0,0,0,0,0,0,0,1,1,1,0,1,1,0,0,1,1,0,0,1,0,1,0,1,1,1,0,0,1,0,1,1,0,0,0,0,0.3055555555555556,14.87365803750598,1
75,0,0,0,0,0,0,0,1,0,1,0,1,1,0,0,1,1,0,0,1,0,1,1,1,0,1,0,0,1,0,1,0,0,0,1,1,0.3888888888888889,22.33215033428056,1
76,0,0,0,0,0,0,0,1,0,1,0,1,0,0,1,1,1,0,0,1,0,1,1,0,0,1,0,0,1,0,1,0,0,0,1,0,0.3333333333333333,12.719102468327579,1
77,0,0,1,0,0,0,0,1,0,1,0,1,1,0,0,1,1,0,0,1,0,1,0,0,1,0,0,0,0,0,1,0,0,0,1,0,0.25,13.675388410016717,1
78,0,0,1,0,0,0,0,0,1,1,0,1,1,0,0,1,1,0,0,1,0,1,1,0,0,0,0,0,1,0,1,1,0,0,1,0,0.3055555555555556,7.164708794837275,1
79,0,0,0,0,0,0,0,1,0,1,0,1,1,0,0,1,1,0,0,1,0,0,1,1,0,1,0,0,1,0,1,1,0,0,0,0,0.3055555555555556,10.53707972835703,1
80,0,0,0,0,0,0,0,1,0,1,0,1,1,0,1,1,1,0,1,1,1,1,0,1,0,1,0,0,1,0,1,0,0,0,1,0,0.2777777777777778,16.558548254825546,1
81,0,0,0,0,0,0,0,1,0,1,0,1,1,0,0,1,1,0,0,1,1,0,0,1,0,1,0,0,1,0,1,0,0,0,0,0,0.25,8.602630456302405,1
82,0,0,0,0,0,0,0,1,1,1,0,1,1,0,0,1,1,0,1,1,0,1,1,1,1,1,0,0,1,0,1,0,1,0,0,0,0.2222222222222222,16.32211892370463,1
83,0,0,0,0,0,0,0,1,0,1,0,1,1,0,0,1,1,0,0,1,1,1,1,0,1,1,0,0,1,0,1,1,0,0,0,0,0.4166666666666667,16.28158612442798,1
84,1,0,0,0,0,0,0,1,0,1,0,1,1,0,1,1,1,0,1,1,0,0,0,1,0,1,0,0,1,0,1,0,0,0,1,0,0.2222222222222222,11.585819323003447,1
85,0,0,0,0,0,0,1,1,0,1,0,1,1,0,0,1,1,0,0,1,0,1,1,0,0,1,0,0,1,0,1,0,0,0,1,0,0.2777777777777778,11.791471314894428,1
86,1,0,0,1,0,1,1,0,1,1,1,0,1,1,1,0,0,1,0,0,1,0,0,1,0,0,1,1,0,1,0,1,1,1,0,1,0.25,14.318393534123894,1
87,0,0,0,0,0,0,0,1,0,1,0,1,1,0,0,1,1,0,0,1,0,0,0,1,0,1,0,0,1,0,1,0,0,0,0,0,0.3611111111111111,8.729030986459628,1
88,0,0,0,0,0,0,0,1,0,1,0,1,1,0,0,1,1,0,0,0,1,1,0,0,0,1,0,0,1,0,1,1,0,0,0,0,0.3333333333333333,10.672835331120876,1
89,1,0,0,1,0,1,1,0,1,1,1,0,0,1,1,0,0,1,0,0,1,0,0,1,1,0,1,1,0,0,0,1,1,1,0,1,0.25,15.346137282203202,1
90,0,0,0,0,0,0,0,1,0,1,0,1,1,0,0,1,1,0,0,1,0,0,1,1,0,1,0,0,1,0,1,0,0,0,0,0,0.3055555555555556,8.629730645140224,1
91,1,0,0,1,1,1,1,0,1,1,1,0,0,1,1,0,0,1,0,0,1,1,0,0,1,0,1,1,0,1,0,1,1,1,0,1,0.2777777777777778,19.50203680981848,1
92,0,0,0,0,0,0,0,1,1,1,0,1,1,0,0,1,1,0,0,0,0,1,1,1,0,1,0,0,1,0,1,0,0,0,1,0,0.3333333333333333,11.654734532540663,1
93,1,0,1,1,0,1,1,0,1,1,1,0,0,1,1,0,0,1,1,0,1,0,0,1,1,0,1,1,0,1,0,1,1,1,0,1,0.3055555555555556,19.169060335895487,1
94,1,0,1,1,1,1,1,0,1,1,1,0,0,1,1,0,0,1,1,0,1,0,0,1,1,0,1,1,0,1,0,1,1,1,0,1,0.3055555555555556,19.66851403260948,1
95,1,0,0,1,1,1,1,0,1,1,1,0,0,1,1,0,0,1,0,0,1,0,0,0,1,0,1,1,0,1,0,1,1,1,0,1,0.25,15.247521466251085,1
96,1,1,0,1,1,1,1,0,1,1,1,0,0,1,1,0,0,1,1,0,1,0,0,1,1,0,1,1,0,1,0,1,1,1,0,1,0.3333333333333333,23.058868600208573,1
97,1,0,0,1,1,1,1,0,1,1,1,0,0,1,1,0,0,1,0,0,1,0,0,1,0,0,0,1,0,1,0,1,1,1,0,1,0.3055555555555556,16.02744267924665,1
98,1,1,1,1,1,1,1,0,1,1,1,0,0,1,0,0,0,0,0,0,1,0,0,1,1,0,1,1,0,0,0,1,1,1,0,1,0.19444444444444445,20.761405436365667,1
99,0,1,0,1,1,1,1,0,1,1,1,0,0,1,1,0,0,1,1,0,0,0,0,1,1,0,1,1,0,1,0,0,0,1,0,1,0.2222222222222222,22.197140176683202,1
