,0,1,2,3,4,5,6,7,8,9,10,11,12,13,14,15,16,17,18,19,20,21,22,23,24,25,26,27,28,29,30,31,32,33,34,35,chain_break_fraction,energy,num_occurrences
0,1,0,0,1,0,0,1,0,0,1,0,1,1,0,1,0,0,1,1,0,0,0,0,1,1,0,0,1,1,1,1,1,0,0,0,1,0.3055555555555556,23.001864368210555,1
1,1,0,0,1,0,0,1,0,0,1,0,1,1,0,1,0,0,1,1,0,0,0,0,1,1,0,0,1,1,1,1,1,0,0,0,1,0.3333333333333333,23.001864368210555,1
2,1,0,0,1,0,0,1,0,0,1,0,1,1,0,1,0,0,1,1,0,0,0,0,1,1,0,0,1,1,1,1,1,0,0,0,1,0.3055555555555556,23.001864368210555,1
3,1,0,0,1,0,0,1,0,0,1,0,1,1,0,1,0,0,1,1,0,0,0,0,1,1,0,0,1,1,0,1,1,0,0,0,1,0.2777777777777778,17.530500901101846,1
4,1,0,0,1,0,0,1,0,0,1,0,1,1,0,1,0,0,1,1,0,0,0,0,1,1,0,0,1,1,1,1,1,0,0,0,1,0.2777777777777778,23.001864368210555,1
5,1,1,0,1,0,0,1,0,0,1,0,1,1,0,1,0,0,1,1,0,0,0,0,1,1,0,0,1,1,1,1,1,0,0,0,1,0.2777777777777778,22.580144183235312,1
6,1,0,0,1,0,0,1,0,0,1,0,1,1,0,1,0,0,1,1,0,0,0,0,1,1,0,0,1,1,0,1,0,0,0,0,1,0.2777777777777778,12.13003612682154,2
7,1,0,0,1,0,0,1,0,0,1,0,1,1,0,1,0,0,1,1,0,0,0,0,1,1,0,0,1,1,0,1,1,0,0,0,1,0.2777777777777778,17.530500901101846,1
8,1,1,0,1,0,0,1,0,0,1,0,1,1,0,1,0,0,1,1,0,0,0,0,1,1,0,0,1,1,1,1,0,0,0,0,1,0.2777777777777778,17.376526281793833,1
9,1,0,0,1,0,0,1,0,0,1,0,1,1,0,1,0,0,1,1,0,0,0,0,1,0,0,0,1,1,1,1,0,0,0,0,1,0.3055555555555556,13.616412007064799,1
10,1,0,0,1,0,0,1,0,0,1,0,1,1,0,1,0,0,1,1,0,0,0,0,1,1,0,0,1,1,1,1,1,0,0,0,1,0.3333333333333333,23.001864368210555,1
11,1,0,0,1,0,0,1,0,0,1,0,1,1,0,1,0,0,1,1,0,0,0,0,1,1,0,0,1,1,0,1,0,0,0,0,1,0.2777777777777778,12.13003612682154,1
12,1,0,0,1,0,0,1,0,0,1,0,1,1,0,1,0,0,1,1,0,0,0,0,1,1,0,0,1,1,1,1,1,0,0,0,1,0.3333333333333333,23.001864368210555,1
13,1,0,0,1,0,0,1,0,0,1,0,1,1,0,1,0,0,1,1,0,0,0,0,1,0,0,0,1,1,1,1,1,0,0,0,1,0.25,19.20671358116197,1
14,1,0,0,1,0,0,1,0,0,1,0,1,1,0,1,0,0,1,1,0,0,0,0,0,1,0,0,1,1,0,1,1,0,0,0,1,0.2777777777777778,13.562731096529928,1
15,1,0,0,1,0,0,1,0,0,1,0,1,1,0,1,0,0,1,1,0,0,0,0,1,1,0,0,1,1,1,1,1,0,0,0,1,0.3055555555555556,23.001864368210555,1
16,1,0,0,1,0,0,1,0,0,1,0,1,1,0,1,0,0,1,1,0,0,0,0,1,1,0,0,1,1,0,1,1,0,0,0,1,0.2222222222222222,17.530500901101846,1
17,1,1,0,1,0,0,1,0,0,1,0,1,1,0,1,0,0,1,1,0,0,0,0,1,0,0,0,1,1,1,1,1,0,0,0,1,0.3333333333333333,19.97833523251458,1
18,1,0,0,1,0,0,1,0,0,1,0,1,1,0,1,0,0,1,1,0,0,0,0,1,1,0,0,1,1,1,1,1,0,0,0,1,0.25,23.001864368210555,1
19,1,0,0,1,0,0,1,0,0,1,0,1,1,0,1,0,0,1,1,0,0,0,0,1,1,0,0,1,1,0,1,0,0,0,0,1,0.2777777777777778,12.13003612682154,1
20,1,1,0,1,0,0,1,0,0,1,0,1,1,0,0,0,0,1,1,0,0,0,0,1,1,0,0,1,1,0,1,1,0,0,0,1,0.2777777777777778,18.65742160594568,1
21,1,1,0,1,0,0,1,0,0,1,0,1,1,0,0,0,0,1,1,0,0,0,0,1,1,0,0,1,1,1,1,1,0,0,0,1,0.3333333333333333,23.132405496026983,1
22,1,0,0,1,0,0,1,0,0,1,0,1,1,0,1,0,0,1,1,0,0,0,0,1,1,0,0,1,1,0,1,1,0,0,0,1,0.3055555555555556,17.530500901101846,1
23,1,0,0,1,0,0,1,0,0,1,0,1,1,0,1,0,0,1,1,0,0,0,0,1,1,0,0,1,1,1,1,1,0,0,0,1,0.2777777777777778,23.001864368210555,1
24,1,0,0,1,0,0,1,0,0,1,0,1,1,0,1,0,0,1,0,0,0,0,0,1,1,0,0,1,1,0,1,1,0,0,0,1,0.3055555555555556,15.077061370965252,1
25,1,0,0,1,0,0,1,0,0,1,0,1,1,0,1,0,0,1,1,0,0,0,0,1,1,0,0,1,1,1,1,1,0,0,0,1,0.3611111111111111,23.001864368210555,1
26,1,0,0,1,0,0,1,0,0,1,0,1,1,0,1,0,0,1,1,0,0,0,0,1,1,0,0,1,1,0,1,1,0,0,1,1,0.3055555555555556,20.433900259267162,1
27,1,0,0,1,0,0,1,0,0,1,0,1,1,0,1,0,0,1,1,0,0,0,0,1,1,0,0,1,1,1,1,1,0,0,1,1,0.3055555555555556,26.919113120767932,1
28,1,0,0,1,0,0,1,0,0,1,0,1,1,0,1,0,0,1,1,0,0,0,0,0,1,0,0,1,1,0,1,0,0,0,0,1,0.2222222222222222,11.665549169073032,1
29,1,1,0,1,0,0,1,0,0,1,0,1,1,0,1,0,0,1,1,0,0,0,0,1,0,0,0,1,1,1,1,1,0,0,0,1,0.3333333333333333,19.97833523251458,1
30,1,0,0,1,0,0,1,0,0,1,0,1,1,0,1,0,0,1,1,0,0,0,0,0,1,0,0,1,1,1,1,0,0,0,0,1,0.3611111111111111,12.856280657357281,1
31,1,1,0,1,0,0,1,0,0,1,0,1,1,0,1,0,0,1,1,0,0,0,0,1,1,0,0,1,1,1,1,0,0,0,0,1,0.2222222222222222,17.376526281793833,1
32,1,1,0,1,0,0,1,0,0,1,0,1,1,0,0,0,0,1,1,0,0,0,0,1,1,0,0,1,1,1,1,1,0,0,0,1,0.2777777777777778,23.132405496026983,1
33,1,1,0,1,0,0,1,0,0,1,0,1,1,0,1,0,0,1,1,0,0,0,0,1,1,0,0,1,1,1,1,0,0,0,0,1,0.2777777777777778,17.376526281793833,1
34,1,0,0,1,0,0,1,0,0,1,0,1,1,0,1,0,0,1,1,0,0,0,0,1,1,0,0,1,1,0,1,1,0,0,0,1,0.2777777777777778,17.530500901101846,1
35,1,1,0,1,0,0,1,0,0,1,0,1,1,0,1,0,0,1,1,0,0,0,0,1,1,0,0,1,1,1,1,1,0,0,0,1,0.3055555555555556,22.580144183235312,1
36,1,0,0,1,0,0,1,0,0,1,0,1,1,0,1,0,0,1,0,0,0,0,0,1,1,1,0,1,1,1,1,1,0,0,0,1,0.2777777777777778,29.007789473820516,1
37,1,0,0,1,0,0,1,0,0,1,0,1,1,0,1,0,0,1,1,0,0,0,0,1,1,1,0,1,1,1,1,0,0,0,0,1,0.3333333333333333,23.001864368210555,1
38,1,1,0,1,0,0,1,0,0,1,0,1,1,0,1,0,0,1,1,0,0,0,0,1,1,0,0,1,1,1,1,1,0,0,0,1,0.3333333333333333,22.580144183235312,1
39,1,0,0,1,0,0,1,0,0,1,0,1,1,0,0,0,0,1,1,0,0,0,0,1,1,0,0,1,1,1,1,0,0,0,0,1,0.2222222222222222,15.960958142577006,1
40,1,0,0,1,0,0,1,0,0,1,0,1,1,0,1,0,0,1,1,0,0,0,0,0,1,0,0,1,1,1,1,1,0,0,0,1,0.3055555555555556,16.94329938463104,1
41,1,0,0,1,0,0,1,0,0,1,0,1,1,0,1,0,0,1,1,0,0,0,0,1,1,0,0,1,1,0,1,1,0,0,1,1,0.2777777777777778,20.433900259267162,1
42,1,0,0,1,0,0,1,0,0,1,0,1,1,0,1,0,0,1,1,0,0,0,0,1,1,0,0,1,1,1,1,1,0,0,0,1,0.3333333333333333,23.001864368210555,1
43,1,0,0,1,0,0,1,0,0,1,0,1,1,0,0,0,0,1,1,0,0,0,0,1,1,0,0,1,0,1,1,1,0,0,0,1,0.2777777777777778,21.30921386309918,1
44,1,0,0,1,0,0,1,0,0,1,0,1,1,0,1,0,0,1,1,0,0,0,0,1,1,0,0,1,1,1,1,1,0,0,0,1,0.2777777777777778,23.001864368210555,1
45,1,0,0,1,0,0,1,0,0,1,0,1,1,0,1,0,0,1,0,0,0,0,0,1,1,0,0,1,1,1,1,1,0,0,0,1,0.2777777777777778,19.31041546397978,1
46,0,1,1,1,1,1,0,1,1,0,1,0,0,1,0,1,1,0,0,1,1,1,1,0,0,1,1,0,0,0,0,1,1,1,1,0,0.25,27.905758424239,3
47,0,1,0,1,0,0,1,0,0,1,0,1,1,0,0,0,0,1,1,0,0,0,0,1,1,0,0,1,1,1,1,0,0,0,0,1,0.2777777777777778,16.443439029797517,1
48,0,0,1,1,1,1,0,1,1,0,1,0,0,1,0,1,1,0,0,1,1,1,1,0,0,1,1,0,0,0,0,1,1,1,1,0,0.25,27.55162022341501,1
49,1,1,0,1,0,0,1,0,0,1,0,1,1,0,1,0,0,1,0,0,0,0,0,1,1,0,0,1,1,1,1,0,0,0,0,1,0.3333333333333333,16.716888809510113,1
50,1,0,0,1,0,0,1,0,0,1,0,1,1,0,0,0,0,1,1,0,0,0,0,1,1,0,0,1,1,0,1,1,0,0,0,1,0.3055555555555556,18.064300331956723,1
51,1,0,0,1,0,0,1,0,0,1,0,1,1,0,0,0,0,1,1,0,0,0,0,1,1,0,0,1,1,1,1,1,0,0,0,1,0.3333333333333333,24.554127394241647,1
52,0,1,1,1,1,1,0,1,1,0,1,0,0,1,0,1,1,0,0,1,1,1,1,0,0,0,1,0,0,0,0,1,1,1,1,0,0.25,23.29698695832201,1
53,1,1,0,1,0,0,1,0,0,1,0,1,1,0,0,0,0,1,1,0,0,0,0,1,0,0,0,1,1,0,1,0,0,0,0,1,0.19444444444444445,14.632448437157567,1
54,1,0,0,1,0,0,1,0,0,1,0,1,1,0,1,0,0,1,1,0,0,0,0,1,1,0,0,1,1,1,1,1,0,0,0,1,0.3888888888888889,23.001864368210555,1
55,0,1,1,1,1,1,0,1,1,0,1,1,0,1,0,1,1,0,0,1,1,1,1,0,0,1,1,0,0,0,0,1,1,1,1,0,0.2222222222222222,33.508730280863006,1
56,0,1,1,1,1,0,0,1,1,0,1,0,0,1,0,1,1,0,0,1,1,1,1,0,0,1,1,0,0,0,0,1,1,1,1,0,0.2777777777777778,23.851079816055005,1
57,1,0,0,1,0,0,1,0,0,1,1,1,1,0,1,0,0,1,1,0,0,0,0,1,1,0,0,1,1,1,1,0,0,0,0,1,0.3055555555555556,16.604347851318348,1
58,0,1,1,1,1,1,0,1,1,0,1,0,0,1,0,1,1,0,0,1,1,1,1,0,0,1,0,0,0,0,0,1,1,1,1,0,0.3055555555555556,28.589169612994116,1
59,0,1,1,1,1,1,0,1,1,0,1,0,0,1,0,1,1,0,0,1,1,1,1,0,0,1,0,0,0,0,0,1,1,1,1,0,0.2777777777777778,28.589169612994116,1
60,0,1,1,1,1,1,0,1,1,0,1,0,0,1,0,1,1,0,0,1,1,1,1,0,0,1,1,0,0,1,0,1,1,1,1,0,0.25,30.538936046728775,1
61,0,1,1,1,1,1,0,1,1,0,1,0,0,1,0,1,1,0,0,1,1,1,1,0,0,0,1,0,0,1,0,1,1,1,1,0,0.2777777777777778,23.740327780994935,1
62,0,0,1,1,1,1,0,1,1,0,1,0,0,1,1,1,1,0,0,1,1,1,1,0,0,1,0,0,0,0,0,1,1,1,1,0,0.2777777777777778,27.67074682843726,1
63,1,1,0,1,0,0,1,0,0,1,0,1,1,0,0,0,0,1,0,0,0,0,0,1,1,0,0,1,1,0,1,1,0,0,1,1,0.3055555555555556,18.313219599858705,1
64,0,0,1,1,1,1,0,1,1,0,1,0,0,1,0,1,1,0,0,1,1,1,1,0,0,1,0,0,0,0,0,1,1,1,1,0,0.2777777777777778,27.227609826068306,1
65,0,1,1,1,1,1,0,1,1,0,1,0,0,1,0,1,1,0,0,1,1,1,1,0,0,0,1,0,0,1,0,1,1,1,1,0,0.2777777777777778,23.740327780994935,1
66,0,1,1,1,1,1,0,1,1,0,1,0,1,1,0,1,1,0,0,1,0,1,1,0,0,0,1,0,0,0,0,1,1,1,1,0,0.2777777777777778,24.674215559720825,1
67,0,1,1,1,1,1,0,1,1,0,1,0,0,1,0,1,1,0,0,1,1,1,1,0,0,1,1,0,0,0,0,1,1,1,0,0,0.2222222222222222,27.337184583104694,1
68,0,1,1,1,1,0,0,1,1,0,1,0,0,1,0,1,1,0,0,1,1,1,1,0,0,1,1,0,0,0,0,1,1,1,1,0,0.19444444444444445,23.851079816055005,1
69,0,0,1,1,1,1,0,1,1,0,1,1,0,1,0,1,1,0,0,1,1,1,1,0,0,1,1,0,0,0,0,1,1,1,1,0,0.2777777777777778,31.102178608959825,1
70,0,1,1,1,1,1,0,1,1,0,1,0,0,1,0,1,1,0,0,1,1,1,1,0,0,1,1,0,0,0,0,1,1,1,1,0,0.2777777777777778,27.905758424239,1
71,1,1,1,1,1,1,0,1,1,0,1,0,0,1,0,1,1,0,0,1,1,1,1,0,0,1,0,0,0,0,0,1,1,1,1,0,0.3333333333333333,30.269949506456964,1
72,0,1,1,1,1,1,0,1,1,0,1,0,0,1,0,1,1,0,0,1,1,1,1,0,0,1,0,0,0,0,0,1,1,1,1,0,0.2777777777777778,28.589169612994116,1
73,0,0,1,1,1,1,0,1,1,0,1,0,1,1,0,1,1,0,0,1,1,1,1,0,0,0,1,0,0,0,0,1,1,1,1,0,0.25,20.83387752317277,1
74,0,0,1,1,1,1,0,1,1,0,1,0,0,1,0,1,1,0,0,1,1,1,1,0,0,1,1,0,0,0,0,1,1,1,0,0,0.25,25.787382676142357,1
75,1,1,0,1,0,0,1,0,0,1,0,1,1,0,1,0,0,1,1,0,0,0,0,1,1,0,0,1,1,1,1,0,0,0,0,1,0.3888888888888889,17.376526281793833,1
76,0,0,1,1,1,1,0,1,1,0,1,0,0,1,0,1,1,0,0,1,0,1,1,0,0,1,1,0,0,0,0,1,1,1,1,0,0.3055555555555556,23.921685853045336,1
77,1,0,0,1,0,0,1,0,0,1,0,1,1,0,0,0,0,1,1,0,0,0,0,1,1,0,0,1,0,1,1,1,0,0,0,1,0.3055555555555556,21.30921386309918,1
78,0,0,0,1,0,0,1,0,0,1,1,1,1,0,1,0,0,1,0,0,0,0,0,1,0,0,0,1,1,1,1,1,0,0,0,1,0.3333333333333333,18.186434751833637,1
79,0,1,1,1,1,1,0,1,1,0,1,0,0,1,0,1,1,0,0,1,0,1,1,0,0,1,1,0,0,0,0,1,1,1,0,0,0.3055555555555556,25.580444336517864,1
80,0,1,1,1,1,1,0,1,1,0,1,0,1,1,0,1,1,0,0,1,0,1,1,0,0,1,1,0,0,0,0,1,1,1,1,0,0.3055555555555556,25.862623992376754,1
81,0,0,1,1,1,1,0,1,1,0,1,0,0,1,0,1,1,0,0,1,1,1,1,0,0,1,1,0,0,0,0,1,1,1,1,0,0.3055555555555556,27.55162022341501,1
82,0,0,1,1,1,0,0,1,1,0,1,0,0,1,0,1,1,0,0,1,1,1,1,0,0,1,1,0,0,0,0,1,1,1,1,0,0.3055555555555556,25.50161386523186,1
83,0,1,1,1,1,1,0,1,1,0,0,0,0,1,0,1,1,0,0,1,1,1,1,0,0,0,0,0,0,0,0,1,1,1,1,0,0.25,22.772117920597005,1
84,0,1,1,1,1,1,0,1,1,0,1,0,1,1,0,1,1,0,0,1,1,1,1,0,0,0,1,0,0,1,0,1,1,1,1,0,0.2777777777777778,24.03946795237709,1
85,0,0,1,1,1,1,0,1,1,0,1,0,0,1,0,1,1,0,0,1,1,1,1,0,0,0,1,0,0,1,0,1,1,1,1,0,0.2777777777777778,23.01434907971886,1
86,0,1,1,1,1,1,0,1,1,0,0,0,1,1,0,1,0,0,0,1,1,1,1,0,0,1,1,0,0,0,0,1,1,1,1,0,0.3055555555555556,24.35851628615205,1
87,0,1,1,1,1,1,0,1,1,0,1,1,1,1,0,1,1,0,0,1,1,1,1,0,0,1,1,0,0,0,0,1,1,1,0,0,0.3333333333333333,35.57404019926643,1
88,0,1,1,1,1,1,0,1,1,0,1,0,0,1,0,1,1,0,0,1,1,1,1,0,0,1,1,0,0,0,0,1,1,1,1,0,0.2777777777777778,27.905758424239,1
89,0,1,1,1,1,1,0,1,1,0,1,0,0,1,0,1,1,0,1,1,1,1,1,0,0,0,1,0,0,0,0,1,1,1,1,0,0.3055555555555556,24.89510989674462,1
90,0,0,1,1,1,0,0,1,1,0,1,0,0,1,0,1,1,0,0,1,1,1,1,0,0,1,0,0,0,0,0,1,1,1,1,0,0.25,24.177603467344582,1
91,0,1,1,1,1,1,0,1,1,0,1,0,1,1,0,1,1,0,0,1,1,1,1,0,1,0,1,0,0,1,0,1,1,1,1,0,0.2777777777777778,25.675054350741725,1
92,0,1,1,1,1,1,0,1,1,0,1,0,0,1,0,1,1,0,0,1,1,1,1,0,0,1,0,0,0,0,0,1,1,1,1,0,0.3055555555555556,28.589169612994116,1
93,0,1,1,1,1,1,0,1,1,0,0,0,0,1,0,1,1,0,0,1,1,1,1,0,0,1,1,0,0,0,0,1,1,1,1,0,0.3333333333333333,27.104272495926995,1
94,0,0,1,1,1,1,0,1,1,0,1,1,1,1,0,1,1,0,0,1,1,1,1,0,0,0,1,0,0,1,0,1,1,1,1,0,0.3611111111111111,26.829574828364212,1
95,0,1,1,1,0,1,0,1,1,0,1,0,0,1,0,1,1,0,0,1,1,1,0,0,0,1,0,0,0,0,0,1,1,1,1,0,0.2222222222222222,25.115213536107312,1
96,1,0,1,1,1,1,0,1,1,0,1,0,0,1,1,1,1,0,0,1,1,1,1,0,0,1,0,0,0,0,0,1,1,1,1,0,0.2222222222222222,27.85152757851987,1
