,0,1,2,3,4,5,6,7,8,9,10,11,12,13,14,15,16,17,18,19,20,21,22,23,24,25,26,27,28,29,30,31,32,33,34,35,chain_break_fraction,energy,num_occurrences
0,1,0,1,0,1,0,0,0,0,0,0,0,1,0,0,0,1,0,0,1,1,0,0,1,0,0,1,1,0,1,0,0,0,0,0,1,0.2777777777777778,27.511142996494183,1
1,1,0,1,0,1,0,0,0,0,0,0,0,1,0,0,0,1,0,0,1,1,0,0,1,0,0,1,1,0,1,0,0,0,0,0,1,0.2777777777777778,27.511142996494183,1
2,1,0,1,0,1,1,0,0,0,0,0,0,1,0,0,0,1,0,0,1,1,0,0,1,0,0,1,1,0,1,0,0,0,0,0,1,0.2777777777777778,24.511137121086097,1
3,1,0,1,0,1,0,0,0,0,0,0,0,1,0,0,0,1,0,0,0,1,0,0,1,0,0,1,1,0,1,0,0,0,0,0,1,0.25,18.44649070600819,1
4,1,0,1,0,1,0,0,0,0,0,0,0,1,0,0,0,1,0,0,0,1,0,0,1,0,0,1,1,0,1,0,0,0,0,0,1,0.2222222222222222,18.44649070600819,1
5,1,0,1,0,1,0,0,0,1,0,0,0,1,0,0,0,1,0,0,1,1,0,0,1,0,0,1,1,0,1,0,0,0,0,0,1,0.25,22.432637729380335,1
6,1,0,1,0,1,0,0,0,1,0,0,0,1,0,0,0,1,0,0,1,1,0,0,1,0,0,1,1,0,1,0,0,0,0,0,1,0.2777777777777778,22.432637729380335,1
7,1,0,1,0,1,0,0,0,1,0,0,0,1,0,0,0,1,1,0,1,1,0,0,1,0,0,1,1,0,1,0,0,0,0,0,1,0.2222222222222222,14.71153238538239,1
8,1,0,1,0,1,0,0,0,0,0,0,0,1,0,0,0,1,1,0,0,1,1,0,1,0,1,1,1,0,1,0,0,0,0,0,1,0.3333333333333333,33.613757347723684,1
9,1,0,1,0,1,0,0,0,0,0,0,0,1,0,0,0,1,0,0,1,1,0,0,1,0,0,1,1,0,1,0,0,0,0,0,1,0.25,27.511142996494183,1
10,1,0,1,0,1,0,0,0,0,0,0,0,1,0,0,0,1,1,0,1,1,0,0,1,0,0,1,1,0,1,0,0,0,0,0,1,0.25,18.711346774366078,1
11,1,0,1,1,1,0,0,0,0,0,0,0,1,0,0,0,1,0,0,1,1,1,0,1,0,0,1,1,0,1,0,0,0,0,0,1,0.3333333333333333,37.56078758022069,1
12,1,0,1,0,1,1,0,0,0,0,0,0,1,0,0,0,1,0,0,0,1,0,0,1,0,0,1,1,0,1,0,0,0,0,0,1,0.3055555555555556,17.446484873262058,1
13,1,0,1,0,1,0,0,0,0,0,0,0,1,0,0,0,1,0,0,0,1,0,0,1,0,0,1,1,0,1,0,0,0,0,0,1,0.2222222222222222,18.44649070600819,1
14,1,0,1,0,1,0,0,0,1,0,0,0,0,0,0,0,1,1,0,1,1,0,0,1,0,0,1,1,0,1,0,0,0,0,0,1,0.2222222222222222,17.203339342412846,1
15,0,0,1,0,1,0,0,0,0,0,0,0,1,0,0,0,1,0,0,0,1,0,0,1,0,0,1,1,0,1,0,0,0,0,0,1,0.2777777777777778,20.94649362238125,1
16,1,0,1,0,1,0,0,0,0,0,0,0,1,0,0,0,1,0,0,0,1,0,0,1,0,0,1,1,0,1,0,0,1,0,0,1,0.2777777777777778,21.978816851251192,1
17,1,0,1,0,1,1,0,0,0,0,0,0,1,0,0,0,1,1,0,0,1,1,0,1,0,0,1,1,0,1,0,0,0,0,0,1,0.2777777777777778,22.268945021900226,1
18,1,0,1,0,1,0,0,0,0,0,0,0,1,0,0,0,1,0,0,1,1,0,0,1,0,0,1,1,0,1,0,0,0,0,0,1,0.3333333333333333,27.511142996494183,1
19,1,0,1,0,1,0,0,0,0,0,0,0,1,0,0,0,1,0,0,0,1,0,0,1,0,0,1,1,0,1,0,0,0,0,0,1,0.25,18.44649070600819,1
20,1,0,1,0,1,0,0,0,0,0,0,0,0,0,0,0,1,0,0,1,1,0,0,1,0,0,1,1,0,1,0,0,0,0,0,1,0.3333333333333333,31.53503080111323,1
21,1,0,1,0,1,0,0,0,0,0,0,0,1,0,0,0,1,0,0,1,1,0,0,1,0,0,1,1,0,1,0,0,0,0,0,1,0.3333333333333333,27.511142996494183,1
22,1,0,1,0,1,0,0,0,0,0,0,0,1,0,0,0,1,1,1,0,1,0,0,1,0,1,1,1,0,1,0,0,0,0,0,1,0.25,23.980910432251104,1
23,1,0,1,0,1,0,0,0,0,0,0,0,1,0,0,0,1,0,0,0,1,0,0,1,0,0,1,1,0,1,0,0,1,0,0,1,0.25,21.978816851251192,1
24,1,0,1,0,1,0,0,0,0,0,0,0,1,0,0,0,1,0,0,0,1,0,0,1,0,0,1,1,0,1,0,0,0,0,0,1,0.3055555555555556,18.44649070600819,1
25,1,0,1,0,1,0,0,0,1,0,0,0,1,0,0,0,1,1,0,1,1,0,0,1,0,1,1,1,0,1,0,0,0,0,0,1,0.2222222222222222,24.737715932748788,1
26,1,0,1,0,1,1,0,0,0,0,0,0,0,0,0,0,1,1,0,0,1,0,0,1,0,1,1,1,0,1,0,0,0,0,0,1,0.2777777777777778,20.855601168469835,1
27,0,0,1,0,1,0,0,0,0,0,0,0,1,0,0,0,1,1,0,0,1,1,0,1,0,1,1,1,0,1,0,0,0,0,0,1,0.2777777777777778,37.11376022251213,1
28,1,0,1,0,1,1,0,0,0,0,0,0,1,0,0,0,1,1,0,0,1,0,0,1,0,1,1,1,0,1,0,0,0,0,0,1,0.3055555555555556,18.831381466092843,1
29,1,0,1,0,0,0,0,0,0,0,0,0,1,0,0,0,1,0,0,0,1,0,0,1,0,1,1,1,0,1,0,0,0,0,0,1,0.25,32.715231525533156,1
30,1,0,0,1,1,0,0,0,0,0,0,0,1,0,0,0,1,1,0,1,1,1,0,1,0,0,1,1,0,1,0,0,0,0,0,1,0.2777777777777778,30.149518320982086,1
31,0,0,1,0,1,0,0,0,0,0,0,0,1,0,0,0,1,1,0,1,1,0,0,1,0,0,1,1,0,1,0,0,0,0,0,1,0.3055555555555556,21.211349658537987,1
32,1,0,1,1,1,0,0,0,0,0,0,0,1,0,0,0,1,0,0,1,0,0,0,1,0,0,1,1,0,1,0,0,0,0,0,1,0.2222222222222222,18.482518749216176,1
33,1,0,0,0,1,1,0,0,0,0,0,0,1,0,0,0,1,1,0,1,1,0,0,1,0,1,1,1,0,1,0,0,0,0,0,1,0.3055555555555556,30.13166639317414,1
34,0,0,1,0,1,1,0,0,1,0,0,0,1,0,0,0,1,0,0,1,1,0,0,1,0,0,1,1,0,1,0,0,0,0,0,1,0.3055555555555556,21.432634791676982,1
35,1,0,1,0,1,1,0,0,0,0,0,0,1,0,0,0,1,0,0,0,1,0,0,1,0,0,1,1,0,1,0,0,1,0,0,1,0.2222222222222222,19.97881099717408,1
36,1,0,0,1,1,0,0,0,0,0,0,0,1,0,0,0,1,0,0,0,1,0,0,1,0,0,1,1,0,1,0,0,0,0,0,1,0.25,17.445223393703856,1
37,1,0,0,0,1,0,0,0,0,0,0,0,1,0,0,0,1,1,0,0,1,0,0,1,0,0,1,1,0,1,0,0,0,1,0,1,0.2777777777777778,21.712584948561506,1
38,1,0,0,0,1,0,0,0,0,0,0,0,1,0,0,0,1,1,0,0,1,0,0,1,0,0,1,1,0,1,0,0,0,0,0,1,0.16666666666666666,13.959157602811167,1
39,0,0,1,0,1,1,0,0,0,0,0,0,1,0,0,0,1,0,0,1,1,0,0,1,0,0,1,1,0,1,0,0,0,0,0,1,0.2777777777777778,26.01114005879014,1
40,0,0,1,0,1,1,0,0,0,0,0,0,1,0,0,0,1,1,0,0,1,0,0,1,0,1,1,1,0,1,0,0,0,0,0,1,0.2777777777777778,19.33138434087867,1
41,0,0,1,0,1,0,0,0,0,0,0,0,1,0,0,0,1,1,0,1,1,0,0,1,0,0,0,1,0,1,0,0,0,0,0,1,0.2222222222222222,16.17046047029448,1
42,1,0,1,0,0,0,0,0,0,0,0,0,1,0,0,0,1,1,0,0,1,0,0,1,0,1,1,1,0,1,1,0,0,0,0,1,0.2777777777777778,25.341197107774786,1
43,1,0,1,0,1,1,0,0,0,0,0,0,1,0,0,0,1,1,0,0,1,0,0,1,0,1,1,1,0,1,0,0,0,0,0,1,0.2222222222222222,18.831381466092843,1
44,1,0,1,1,1,0,0,0,0,0,0,0,1,0,0,0,1,0,0,0,1,0,0,1,0,1,1,1,0,1,0,0,0,0,1,1,0.2777777777777778,31.40999325937547,1
45,0,0,1,0,1,0,0,0,0,0,0,0,1,0,0,0,1,1,0,0,1,0,0,1,0,1,1,1,0,1,0,0,0,0,0,1,0.2777777777777778,22.33139009045032,1
46,1,0,1,0,1,0,0,0,0,0,0,0,1,0,0,0,1,1,0,0,0,0,0,1,0,1,1,1,0,1,0,0,0,0,0,1,0.19444444444444445,14.9402021496349,1
47,1,0,0,1,1,0,0,0,0,0,0,0,1,0,0,0,1,0,0,1,1,0,0,1,0,0,1,1,0,1,0,0,0,0,0,1,0.3333333333333333,25.509875678022603,1
48,1,0,1,0,1,0,0,0,1,0,0,0,1,0,0,0,1,1,0,0,1,0,0,1,0,0,1,1,0,1,0,0,0,0,1,1,0.19444444444444445,13.249767601263487,1
49,1,0,0,0,1,1,0,0,1,0,0,0,1,0,0,0,1,1,0,1,1,0,0,1,0,0,1,1,0,1,0,0,0,0,0,1,0.3055555555555556,16.21276438103846,1
50,1,0,1,0,0,0,0,0,0,0,0,0,1,0,0,0,1,1,0,0,1,0,1,1,0,0,1,1,0,1,0,0,0,0,0,1,0.3055555555555556,16.360498514723545,1
51,1,0,1,0,1,0,0,0,0,0,0,0,1,0,0,0,1,1,0,0,1,0,0,1,0,0,1,1,0,1,0,0,1,0,0,1,0.25,14.334633104574525,1
52,1,0,1,1,1,0,0,0,0,0,0,0,1,0,0,0,1,1,0,0,1,1,0,1,0,1,1,1,0,1,0,0,0,0,1,1,0.25,36.50084652630435,1
53,1,0,1,0,1,0,0,0,0,0,0,0,1,0,0,0,1,1,0,1,1,0,0,1,0,0,1,1,0,1,0,0,0,0,1,1,0.3888888888888889,24.43132143921236,1
54,1,0,1,0,1,0,0,0,0,0,0,0,1,0,0,0,1,0,0,0,1,0,0,1,0,1,1,1,0,1,0,0,0,0,0,1,0.25,29.2152285972152,1
55,1,0,0,1,1,0,0,0,0,0,0,0,1,0,0,0,1,0,0,1,1,0,0,1,0,0,1,1,0,1,0,0,0,0,0,1,0.3333333333333333,25.509875678022603,1
56,0,0,1,0,1,0,0,0,0,0,0,0,1,0,0,0,1,1,0,0,1,0,1,1,0,0,1,1,0,1,0,0,0,0,0,1,0.2222222222222222,16.360498514723545,1
57,1,0,1,0,1,0,0,0,1,0,0,0,1,0,0,0,1,1,0,0,1,0,0,1,0,1,1,1,0,1,0,0,0,1,1,1,0.2777777777777778,31.030984983730352,1
58,1,0,1,1,0,0,0,0,0,0,0,0,1,0,0,0,1,0,0,1,1,0,0,1,0,0,1,1,0,1,0,0,0,0,1,1,0.3055555555555556,32.53470090759121,1
59,1,0,1,0,1,0,0,0,0,0,0,0,1,0,0,0,1,0,1,0,1,0,0,1,0,0,1,1,0,1,0,0,1,0,0,1,0.2777777777777778,26.511142996494186,1
60,1,0,1,0,1,0,0,0,0,0,0,1,1,0,0,0,1,1,0,0,1,0,0,1,0,1,1,1,0,1,0,0,0,0,0,1,0.19444444444444445,17.78294781091052,1
61,1,0,0,1,1,0,0,0,0,0,0,0,1,0,0,0,1,0,0,0,1,0,0,1,0,1,1,1,0,1,0,0,0,0,0,1,0.2777777777777778,27.213960922536252,1
62,1,0,1,0,0,1,0,0,0,0,0,0,1,0,0,0,1,0,0,0,0,0,0,1,0,0,1,1,0,1,0,0,0,0,0,1,0.2222222222222222,13.484317578864594,1
63,1,0,1,1,1,0,0,0,0,0,0,0,0,0,0,0,1,0,0,1,1,0,0,1,0,0,1,1,0,1,0,0,0,0,0,0,0.19444444444444445,15.469742519198086,1
64,1,0,1,0,1,1,0,0,0,0,0,0,1,0,0,0,1,0,0,1,1,0,0,1,0,0,1,1,0,1,0,0,0,0,0,1,0.3611111111111111,24.511137121086097,1
65,1,0,1,0,1,0,0,0,0,0,0,0,1,0,0,0,1,1,0,1,1,0,0,1,0,0,1,1,0,1,0,0,0,0,0,1,0.3055555555555556,18.711346774366078,1
66,1,0,1,1,1,0,0,0,0,0,0,0,1,0,0,0,1,1,0,0,1,0,0,1,0,0,1,1,0,1,0,0,0,1,0,1,0.25,16.7088704259752,1
67,1,0,0,0,0,0,0,0,0,0,0,0,1,0,0,0,1,1,0,0,1,0,0,1,0,0,1,1,0,1,0,0,0,0,0,1,0.2777777777777778,15.959160465652099,1
68,1,0,1,0,1,0,0,0,0,0,0,0,1,0,0,0,1,1,0,1,1,0,1,1,0,0,1,1,0,1,0,0,0,0,0,1,0.3055555555555556,22.724863285649516,1
69,1,0,0,0,1,0,0,0,0,0,0,0,1,0,0,0,1,1,0,0,1,0,0,1,0,0,1,1,0,1,0,0,0,0,0,1,0.3055555555555556,13.959157602811167,1
70,0,0,0,0,1,0,0,0,0,0,0,0,1,0,0,0,1,1,0,0,1,0,0,1,0,0,1,1,0,1,0,0,0,0,1,1,0.3333333333333333,21.61494592649613,1
71,1,0,0,0,1,1,0,0,0,0,0,0,1,0,0,0,1,1,1,1,1,0,0,1,0,0,1,1,0,1,0,0,0,0,0,1,0.25,23.589292831761874,1
72,1,0,1,0,1,1,0,0,0,0,0,0,1,0,0,0,1,1,0,0,1,0,0,1,0,0,1,1,0,1,0,0,0,0,0,1,0.3888888888888889,12.957913709101124,1
73,1,0,0,1,1,0,0,0,1,0,0,0,1,0,0,0,1,1,0,0,1,0,0,1,0,1,1,1,0,1,0,0,0,0,1,1,0.3055555555555556,19.96449354002077,1
74,1,0,1,1,1,0,0,0,1,0,0,0,1,0,0,0,1,1,0,0,1,0,0,1,0,1,1,1,0,1,0,0,0,0,0,1,0.2222222222222222,14.734715181718004,1
75,1,0,1,0,1,1,0,0,0,0,0,1,1,0,0,0,0,1,0,1,1,1,0,1,0,0,1,1,0,1,0,0,0,0,0,1,0.3333333333333333,30.788989544903917,1
76,1,0,1,0,1,0,0,0,0,0,0,0,0,0,0,0,1,1,0,0,0,0,0,1,0,0,1,1,0,1,0,0,0,0,1,1,0.2222222222222222,13.981098583967885,1
77,1,0,1,0,1,1,0,0,0,0,0,0,1,0,0,0,1,0,0,1,1,0,0,1,0,0,1,1,0,1,0,0,0,0,0,1,0.2777777777777778,24.511137121086097,1
78,1,0,0,1,1,0,0,0,0,0,0,0,1,0,0,0,1,1,0,0,1,0,0,1,0,1,0,1,0,1,0,0,0,0,0,1,0.2777777777777778,14.526769288813657,1
79,1,0,0,0,1,1,0,0,0,0,0,0,1,0,0,0,1,1,0,1,1,0,0,1,0,0,1,1,0,1,0,0,1,0,0,1,0.3055555555555556,23.589292831761874,1
80,1,0,1,1,0,0,0,0,0,0,0,1,1,0,0,0,1,0,0,0,1,1,0,1,0,1,1,1,0,1,0,0,0,0,0,1,0.3055555555555556,38.0375671877276,1
81,1,0,1,0,1,0,0,0,0,0,0,0,1,0,0,0,1,1,0,0,1,0,0,1,0,0,1,1,0,1,0,0,1,0,0,1,0.19444444444444445,14.334633104574525,1
82,1,0,1,0,1,1,0,0,0,0,0,0,1,0,0,0,1,1,0,1,1,1,0,1,0,0,1,1,0,1,0,0,1,0,0,1,0.2777777777777778,33.59246299261425,1
83,1,0,0,0,1,0,0,0,1,0,0,1,0,0,0,0,1,1,0,0,1,0,0,1,0,1,1,1,0,1,0,0,0,0,0,1,0.25,17.246219885938544,1
84,1,0,0,1,1,0,0,0,0,0,0,0,1,0,0,0,1,1,0,0,1,1,0,1,0,1,1,1,0,1,0,0,0,0,0,1,0.3611111111111111,31.61197920843978,1
85,0,0,0,1,1,0,0,0,0,0,0,0,1,0,0,0,1,0,0,0,1,0,0,1,0,0,1,1,0,1,1,0,1,0,0,1,0.3333333333333333,26.05702663044125,1
86,0,1,0,0,0,0,1,1,1,1,1,0,0,1,1,1,0,0,1,1,0,0,1,0,0,0,0,0,1,0,1,1,1,0,1,0,0.25,19.815335343325536,1
87,1,0,1,0,0,1,0,0,0,0,0,1,1,0,0,0,1,1,0,0,1,1,0,1,0,1,1,1,0,1,0,0,0,0,0,1,0.3055555555555556,29.0441665576124,1
88,1,0,1,0,1,1,0,0,0,0,0,1,1,0,0,0,1,0,0,0,1,1,0,1,0,1,0,1,0,1,0,0,0,0,0,1,0.2777777777777778,30.272380394665596,1
89,0,1,0,0,0,0,1,1,1,1,1,0,0,1,1,1,0,1,1,0,0,0,1,0,1,1,0,0,1,0,1,1,1,0,0,0,0.3888888888888889,24.657359206029234,1
90,1,0,0,1,1,0,0,0,0,0,0,0,1,0,0,0,1,0,0,0,1,0,1,1,0,0,0,1,0,1,0,0,0,0,0,1,0.2777777777777778,15.584198064350048,1
91,0,1,0,0,0,0,1,1,1,1,1,0,0,1,1,1,0,1,1,1,0,0,1,0,1,1,0,0,1,0,1,1,0,1,1,0,0.2222222222222222,25.057503079912543,1
92,0,1,0,0,0,0,1,1,1,1,1,0,1,1,1,1,0,0,1,1,0,0,1,0,1,0,0,0,1,0,1,1,1,0,1,0,0.2777777777777778,23.444984376724786,1
93,0,1,0,0,0,0,1,1,1,1,1,0,1,1,1,1,0,0,1,0,0,0,0,0,1,0,0,0,1,0,1,1,1,0,1,0,0.2222222222222222,27.294269707015307,1
94,0,1,0,0,1,1,1,1,1,1,1,0,0,1,1,1,0,1,1,1,0,0,1,0,1,0,0,0,1,0,1,1,1,0,0,0,0.3333333333333333,41.41700007096582,1
95,0,1,0,0,0,1,1,1,1,1,1,0,0,1,0,1,0,1,1,1,0,0,1,0,1,0,0,0,1,0,1,1,1,0,1,0,0.25,25.795936848331976,1
96,0,0,1,1,1,0,0,0,1,0,0,0,1,0,0,0,1,1,1,0,1,0,1,1,0,0,1,1,0,1,1,0,0,0,1,1,0.3055555555555556,20.209194189579584,1
97,1,0,1,0,1,0,0,0,0,0,0,0,1,0,0,0,1,1,1,0,1,0,0,1,0,0,1,1,0,1,0,0,0,0,0,1,0.3055555555555556,14.334633104574525,1
98,0,1,0,0,0,0,1,1,1,1,1,0,0,1,1,1,0,0,0,0,0,0,1,0,1,0,0,0,1,0,1,1,1,1,0,0,0.3333333333333333,22.038524914258865,1
99,1,0,1,0,1,1,0,0,1,0,0,1,1,0,0,0,1,0,0,0,1,0,0,1,0,1,1,1,0,1,0,0,0,0,0,1,0.3055555555555556,21.057775490940045,1
