,0,1,2,3,4,5,6,7,8,9,10,11,12,13,14,15,16,17,18,19,20,21,22,23,24,25,26,27,28,29,30,31,32,33,34,35,chain_break_fraction,energy,num_occurrences
0,0,0,1,0,1,0,1,0,1,0,0,1,1,1,0,0,1,1,0,1,1,0,0,0,0,0,1,0,1,0,0,0,1,1,0,0,0.19444444444444445,9.41237213199739,1
1,0,0,1,0,1,0,1,0,0,0,0,0,1,1,0,0,1,1,0,1,1,0,0,0,0,0,1,0,1,0,0,0,0,1,0,0,0.16666666666666666,3.360097249752778,1
2,0,0,1,0,1,0,1,0,1,0,0,1,0,1,0,1,1,1,0,1,1,0,0,0,0,0,1,0,1,0,0,0,1,1,0,0,0.19444444444444445,11.601127539145512,1
3,0,0,1,0,1,1,1,0,1,0,0,0,0,1,0,1,1,1,0,1,1,0,0,1,0,0,1,0,1,0,0,1,0,1,0,0,0.16666666666666666,11.468225076859062,1
4,0,0,0,0,0,0,1,0,1,0,0,1,0,0,1,1,1,1,0,1,1,0,0,0,0,0,0,0,1,0,0,1,0,0,1,0,0.1388888888888889,7.238229187860544,1
5,0,0,1,0,1,0,1,0,1,0,0,1,1,0,0,1,0,1,0,1,0,0,0,0,0,0,1,0,1,0,0,1,1,0,1,0,0.1111111111111111,6.782362050516102,1
6,1,0,0,1,0,1,0,1,0,1,0,0,0,0,0,0,1,0,1,0,0,0,1,0,1,1,0,0,0,0,1,0,0,0,1,1,0.2222222222222222,10.352636688655013,1
7,0,0,1,0,1,1,1,0,1,0,0,1,1,1,0,0,1,1,0,1,1,1,0,0,0,0,1,0,1,0,0,0,1,1,0,0,0.2222222222222222,13.685259037277653,1
8,1,1,0,1,0,1,0,1,0,1,0,0,0,0,0,0,1,0,1,0,0,0,1,0,1,1,0,0,0,0,1,1,0,0,1,1,0.25,15.90227477361681,1
9,0,0,1,0,0,0,1,0,1,0,0,1,0,1,0,0,1,1,0,1,1,0,0,0,0,0,1,0,1,0,0,0,0,1,0,0,0.16666666666666666,6.734867702259173,1
10,0,0,0,0,1,0,1,0,1,0,0,1,1,1,0,1,1,0,0,1,1,0,0,0,0,0,1,0,1,0,0,1,1,1,0,0,0.19444444444444445,10.15152125128942,1
11,1,1,0,1,0,1,0,1,0,1,1,0,0,0,0,0,1,0,1,0,0,0,1,0,1,1,0,0,0,0,1,1,0,0,1,1,0.25,18.764289880776005,1
12,0,0,1,0,0,1,1,0,1,0,0,1,1,1,0,1,1,0,0,1,1,0,0,1,0,0,1,0,1,1,0,0,1,1,0,0,0.19444444444444445,15.523255219909066,1
13,0,0,0,0,0,0,1,0,1,0,0,1,0,0,0,1,0,1,0,0,1,0,0,0,0,0,1,0,0,0,0,1,0,0,1,0,0.1388888888888889,5.136381061936918,1
14,1,0,0,1,0,1,0,1,0,1,0,0,0,0,0,0,1,0,1,0,0,0,1,0,0,1,0,0,0,0,1,0,0,0,1,1,0.2222222222222222,9.279057258520652,1
15,1,0,0,1,0,1,0,1,0,1,0,0,1,0,0,0,1,0,1,0,0,0,1,0,1,1,0,0,0,0,1,1,0,0,1,1,0.2777777777777778,12.540518412544852,1
16,0,0,0,0,1,0,1,0,1,0,0,1,1,0,0,1,0,0,0,1,1,0,0,0,0,0,1,0,0,0,0,1,1,0,1,0,0.1388888888888889,5.9947628825330295,1
17,0,0,1,0,1,0,1,0,1,0,0,1,0,1,0,1,1,1,0,1,1,0,0,1,0,0,1,0,1,0,0,1,0,1,0,0,0.19444444444444445,11.343570069694524,1
18,1,0,0,0,0,1,0,1,0,1,0,0,1,0,1,0,0,0,1,0,0,0,1,0,1,0,0,0,0,0,1,0,0,0,1,1,0.19444444444444445,7.646713435109,1
19,1,0,0,1,1,1,0,1,0,1,0,0,0,0,0,0,1,0,1,0,0,0,1,0,1,1,0,0,0,0,1,1,0,0,1,1,0.2777777777777778,12.679447234701993,1
20,1,1,0,1,0,1,0,1,0,1,0,0,0,0,0,0,0,1,1,0,0,0,1,0,1,1,0,0,0,0,1,0,0,0,1,1,0.2777777777777778,17.77098515556883,1
21,0,0,1,0,1,0,1,0,1,0,0,0,1,1,1,1,1,1,0,1,1,1,0,0,0,0,1,0,1,0,0,1,0,1,0,0,0.1111111111111111,10.300580206914582,1
22,1,0,0,1,1,1,0,1,0,0,0,0,0,0,1,0,1,0,0,0,0,0,1,0,1,1,0,0,0,0,1,1,0,0,1,1,0.25,9.869078027353027,1
23,0,0,1,0,1,0,1,0,1,0,0,1,0,1,0,1,1,1,0,1,1,0,0,0,0,0,1,0,1,0,0,0,0,1,0,0,0.2222222222222222,14.263332240033925,1
24,0,0,1,0,1,0,1,0,1,0,0,1,0,1,0,1,1,1,0,1,1,1,0,1,0,0,1,0,1,0,0,0,1,1,0,0,0.2777777777777778,11.294767948414275,1
25,0,0,1,0,0,0,1,0,1,0,0,1,0,1,0,1,1,1,0,1,1,0,0,0,0,0,1,0,1,0,0,1,0,1,0,0,0.16666666666666666,9.549367547048679,1
26,1,1,0,1,0,0,0,1,0,1,1,0,0,0,0,0,0,0,1,0,0,0,1,0,1,1,0,0,0,0,1,0,0,0,1,1,0.25,16.73335999424529,1
27,0,0,1,0,1,0,1,0,1,0,1,0,1,1,0,1,1,1,0,1,1,1,0,0,0,0,1,1,1,0,0,0,0,1,0,0,0.19444444444444445,12.224246856004399,1
28,0,0,1,0,1,0,1,0,1,0,0,1,0,0,0,1,1,1,0,1,1,0,0,0,0,0,1,0,1,0,1,0,0,1,0,0,0.08333333333333333,5.915748539312777,1
29,1,1,0,1,0,0,0,1,0,1,0,0,0,0,1,0,0,0,1,0,0,0,1,0,1,0,0,0,0,0,1,1,1,0,1,1,0.2222222222222222,12.301850997590002,1
30,0,0,1,0,1,1,1,0,1,0,0,1,1,1,0,1,1,1,0,1,1,1,0,0,0,0,1,0,1,0,0,1,1,1,0,0,0.25,17.039530689761087,1
31,0,0,0,1,1,0,0,1,0,0,1,0,1,1,0,0,0,0,1,0,0,0,1,0,1,1,0,0,0,0,1,0,0,0,0,1,0.2222222222222222,10.184112237146344,1
32,0,0,0,0,1,0,1,0,1,0,0,0,1,1,1,0,1,1,0,1,1,0,0,1,0,0,1,1,1,0,0,1,0,1,0,0,0.2222222222222222,16.120010285642174,1
33,1,0,0,1,0,1,0,1,0,1,0,0,1,0,0,0,1,0,1,0,1,0,1,0,1,1,0,0,0,0,1,0,0,0,1,1,0.25,12.515399155408735,1
34,0,0,1,0,1,0,1,0,1,0,0,0,0,1,0,1,1,1,0,1,1,0,0,0,0,0,1,0,1,0,1,1,0,1,0,0,0.1388888888888889,6.568325684816561,1
35,1,1,0,1,0,1,0,1,0,1,0,0,1,0,1,0,1,0,1,0,0,0,1,0,1,1,0,0,0,0,1,0,0,0,1,1,0.2777777777777778,20.576459400581058,1
36,1,1,0,1,0,1,0,1,0,1,0,0,0,0,0,0,1,0,0,0,0,0,1,0,1,1,0,0,0,0,1,1,0,0,1,1,0.2222222222222222,14.804551422312176,1
37,1,1,0,1,0,1,0,1,0,1,0,0,0,0,0,0,1,0,1,0,0,0,1,0,0,1,0,0,0,0,1,1,1,0,0,1,0.25,14.606574255511301,1
38,0,0,0,0,1,0,1,0,1,0,0,0,1,0,1,0,1,1,0,0,1,0,0,0,0,0,1,1,1,0,0,1,0,1,0,0,0.16666666666666666,2.8431736879321656,1
39,1,1,0,1,0,1,0,1,0,1,0,0,0,0,0,0,1,0,1,0,0,0,1,0,1,0,0,0,0,0,1,1,0,0,1,1,0.3055555555555556,13.70682807100755,1
40,0,0,0,0,0,0,1,0,1,0,0,1,0,1,0,1,0,1,1,1,0,0,0,0,0,0,1,0,1,0,0,0,1,1,0,0,0.16666666666666666,8.606295758139842,1
41,0,0,0,0,1,0,1,0,1,0,0,0,0,0,1,0,1,1,0,0,1,0,0,0,0,0,1,0,1,0,0,1,0,1,0,0,0.19444444444444445,0.7134721524245649,1
42,1,0,0,0,1,1,0,1,0,1,1,0,0,0,0,0,1,0,1,0,0,0,1,0,1,1,0,0,0,0,1,0,0,0,1,1,0.25,11.2163572009502,1
43,0,0,0,0,1,1,1,0,1,0,0,1,0,1,0,1,1,1,0,1,1,1,0,0,0,0,1,0,1,0,0,1,0,1,0,0,0.25,13.76202684000562,1
44,0,0,0,1,1,0,0,1,0,1,0,0,0,0,0,0,1,0,1,0,0,0,1,0,1,1,0,0,0,0,1,0,0,0,0,1,0.19444444444444445,7.280334918156168,1
45,1,1,0,1,0,1,0,1,0,1,0,0,0,0,0,0,0,0,1,0,0,0,1,0,0,1,0,0,0,0,1,1,0,0,1,1,0.25,15.533959687745497,1
46,1,1,0,1,0,0,0,1,0,1,0,0,1,0,0,0,1,0,1,0,0,0,1,0,1,1,0,0,0,0,1,1,0,0,1,1,0.3055555555555556,15.262628734031914,1
47,1,0,0,1,0,0,0,1,0,1,0,0,0,0,1,0,1,0,1,0,0,0,1,0,1,1,0,0,0,0,1,1,0,0,0,1,0.2777777777777778,9.995497805655528,1
48,1,0,0,1,1,0,0,1,0,1,0,0,1,0,0,0,1,0,1,0,0,0,1,0,1,1,0,0,0,0,1,1,0,0,1,1,0.19444444444444445,11.539297427792057,1
49,0,0,1,0,1,0,1,0,1,0,0,0,1,1,0,1,1,1,0,1,0,0,0,1,0,0,1,0,1,1,0,0,1,1,0,0,0.25,9.601975197973335,1
50,0,0,0,0,1,0,1,0,1,0,0,1,0,1,1,1,1,1,0,1,1,1,0,0,0,0,1,1,1,0,0,1,1,1,0,0,0.2222222222222222,15.64889220170466,1
51,0,1,0,1,1,1,0,1,0,1,0,0,0,0,0,0,1,0,1,0,0,0,1,0,1,1,0,0,0,0,1,0,0,0,1,1,0.2222222222222222,15.216356096531035,1
52,0,1,0,1,0,0,0,1,0,1,0,0,0,0,0,0,0,0,0,0,0,0,1,0,1,1,0,0,0,0,1,0,0,0,1,1,0.16666666666666666,10.79578572053398,1
53,0,0,1,0,1,0,1,0,1,0,0,1,0,1,0,1,0,1,0,0,1,1,0,0,0,0,1,1,1,0,0,1,0,1,0,0,0.1388888888888889,10.548008386381367,1
54,0,0,0,0,0,1,1,0,1,0,0,1,0,0,0,1,1,1,0,0,1,0,0,0,0,0,0,0,1,0,0,1,0,1,0,0,0.1388888888888889,11.6656027494209,1
55,0,0,0,0,1,0,1,0,1,0,0,1,0,1,0,1,1,1,0,1,1,0,0,0,0,0,1,0,1,0,0,0,1,1,0,0,0.25,9.569199770314162,1
56,0,0,0,0,1,1,1,0,1,0,0,0,0,1,0,1,1,1,0,1,1,1,0,0,0,0,1,0,1,0,0,1,1,1,0,0,0.19444444444444445,10.482516434373775,1
57,0,0,0,0,0,0,1,0,1,0,0,1,0,0,0,1,0,1,0,0,0,0,0,0,0,0,0,0,1,0,0,1,1,0,1,0,0.1388888888888889,5.383302492940693,1
58,0,0,0,1,1,0,0,1,0,1,0,0,0,0,0,0,1,0,1,0,0,0,1,0,0,1,0,0,0,0,1,0,0,0,1,1,0.2222222222222222,6.416260145539143,1
59,0,0,0,1,0,0,0,1,0,0,1,0,0,0,0,0,1,0,1,0,0,0,1,0,1,1,0,0,0,0,1,0,0,0,0,1,0.19444444444444445,8.207855251268255,1
60,0,0,0,0,1,0,1,0,1,0,0,1,0,1,0,1,0,1,0,0,1,0,0,0,0,0,1,0,1,0,0,1,1,1,0,0,0.2222222222222222,8.756417665710648,1
61,0,1,0,1,1,0,0,1,0,0,0,0,1,0,0,0,0,0,1,0,0,0,1,0,0,1,0,0,0,0,1,1,0,0,0,1,0.16666666666666666,10.548634158999423,1
62,0,0,0,0,0,1,1,0,1,0,0,1,1,0,0,1,1,1,0,1,0,0,0,0,0,0,1,0,1,0,0,1,1,1,1,0,0.1388888888888889,8.78086334201721,1
63,1,0,0,1,0,1,0,1,0,1,0,0,0,0,1,0,1,0,0,0,0,0,1,0,1,1,0,1,0,0,1,1,0,0,1,1,0.2222222222222222,15.288910724013782,1
64,1,0,1,1,0,1,0,1,0,1,0,0,1,0,1,0,1,0,1,0,0,0,1,0,1,1,0,0,0,0,1,0,0,0,0,1,0.16666666666666666,16.676812906434364,1
65,1,1,1,1,0,1,0,1,0,1,0,0,1,0,0,0,0,0,1,0,0,0,1,0,1,1,0,0,0,0,1,0,0,0,1,1,0.3055555555555556,20.822287274923468,1
66,0,0,1,0,1,0,1,0,1,0,0,1,0,1,1,0,1,1,0,1,0,0,0,0,0,0,1,0,1,0,0,1,0,1,0,0,0.19444444444444445,9.927482464681876,1
67,1,1,0,1,0,1,0,1,0,1,0,0,0,0,0,0,1,0,1,0,0,0,1,0,1,1,0,1,0,0,1,0,1,0,1,1,0.3055555555555556,20.130026760804217,1
68,0,0,1,1,1,0,0,0,0,1,0,0,0,0,0,0,1,0,0,0,0,0,1,0,0,1,0,0,0,0,1,0,0,0,1,1,0.1111111111111111,4.898095672843263,1
69,0,0,1,0,1,0,1,0,1,0,0,1,1,1,0,1,0,1,0,1,1,1,0,0,0,0,1,0,1,0,0,1,0,1,0,0,0.2222222222222222,12.322662624502895,1
70,0,1,0,1,1,0,0,1,0,1,1,0,0,0,0,0,1,0,1,0,0,0,1,0,0,1,0,0,0,0,1,1,0,0,1,1,0.19444444444444445,12.802359462943961,1
71,1,0,0,0,1,1,0,1,0,0,0,0,0,0,0,0,1,0,1,0,1,0,1,0,1,1,0,0,0,0,1,0,0,0,0,1,0.2222222222222222,9.906409288098656,1
72,1,1,0,1,0,1,0,1,0,1,0,0,0,0,0,0,0,0,1,0,0,0,1,0,1,1,0,0,0,0,1,0,0,0,1,1,0.3333333333333333,16.38237658238041,1
73,1,0,0,0,1,1,1,0,1,0,0,1,0,1,0,1,0,1,0,0,1,0,0,1,0,0,1,0,1,1,0,1,1,1,0,0,0.16666666666666666,14.977356827151823,1
74,0,0,0,0,1,1,1,0,1,0,0,0,1,0,1,1,1,1,0,1,0,0,0,1,0,0,1,1,1,0,0,0,1,1,0,0,0.19444444444444445,13.662441421826966,1
75,1,0,1,1,0,1,0,1,0,1,0,0,0,0,0,0,0,0,1,0,0,0,1,0,0,1,0,0,0,0,1,0,0,0,1,1,0.25,11.442756208914714,1
76,0,0,0,0,1,0,1,0,1,0,0,1,0,1,1,1,1,1,0,1,1,1,0,0,0,0,1,1,1,0,0,1,0,1,0,0,0.2222222222222222,14.500626038341439,1
77,0,0,0,0,1,0,1,0,1,0,1,1,1,0,1,0,1,0,0,1,0,0,0,0,0,0,1,1,1,0,0,1,1,0,0,0,0.2222222222222222,8.344100989878758,1
78,1,0,0,1,1,0,0,1,0,1,0,0,1,0,0,0,0,0,1,1,0,0,1,0,1,1,0,0,0,0,1,0,0,0,0,1,0.25,16.416197937012317,1
79,1,1,0,1,0,0,0,1,0,1,0,0,0,0,0,0,0,0,0,0,0,0,1,0,1,1,0,0,0,0,1,1,0,0,1,1,0.25,14.529575822541194,1
80,0,0,1,0,1,0,1,0,1,0,0,1,1,1,0,0,1,1,0,1,1,1,0,0,0,0,1,1,1,1,0,1,1,1,0,0,0.3055555555555556,23.127462620857855,1
81,0,0,0,0,1,0,1,0,1,0,0,1,0,0,1,1,1,1,0,1,1,0,0,1,0,0,1,0,1,0,0,0,1,1,0,0,0.2222222222222222,8.210932447638847,1
82,0,0,0,1,1,0,0,0,0,1,0,0,0,0,0,0,0,0,1,0,0,0,1,0,0,1,0,0,0,0,1,0,0,0,1,1,0.16666666666666666,9.144868831306182,1
83,0,1,0,1,0,0,0,0,0,1,0,0,0,0,0,0,1,0,1,0,0,0,0,0,1,0,0,0,0,0,1,0,1,0,0,1,0.1111111111111111,3.1516482476061913,1
84,0,0,0,0,1,0,1,0,1,0,0,0,0,1,0,1,1,1,0,1,1,0,0,0,0,0,1,0,1,0,0,1,0,1,0,0,0.25,5.6426834114744535,1
85,0,1,0,1,0,0,0,1,0,1,0,0,0,0,1,0,0,0,1,0,0,0,0,0,0,1,0,0,0,0,1,0,0,1,1,1,0.16666666666666666,11.358166860963394,1
86,0,0,1,0,1,0,1,0,1,0,0,1,1,1,0,1,1,1,0,1,1,0,0,0,0,0,1,0,1,1,0,1,0,1,0,0,0.25,12.602135491466473,1
87,0,0,0,0,1,0,1,0,1,0,1,1,0,0,0,1,1,1,0,0,1,0,0,1,0,0,0,1,0,0,0,1,1,0,0,0,0.16666666666666666,9.739152739210493,1
88,1,1,0,1,1,1,0,1,0,1,1,0,1,0,0,0,0,0,1,0,0,0,1,0,0,1,0,0,0,0,1,1,0,0,1,1,0.3055555555555556,22.723456222844607,1
89,1,1,0,1,0,1,0,1,0,1,0,0,1,0,0,0,1,0,1,0,0,0,1,0,1,1,0,0,0,1,1,0,0,0,1,1,0.3333333333333333,19.856969435513193,1
90,1,1,0,1,0,1,0,1,0,1,0,0,1,0,0,0,0,0,1,0,0,0,1,0,1,1,0,0,0,0,1,0,0,0,1,1,0.3333333333333333,18.32228782714621,1
91,1,0,1,0,1,1,0,1,0,1,1,0,0,0,0,0,1,0,0,0,0,1,1,0,1,1,0,0,0,0,1,1,0,0,0,1,0.2222222222222222,13.008850644341997,1
92,0,1,0,1,1,1,0,1,0,1,0,0,0,0,0,0,0,0,1,0,0,0,1,0,0,1,0,0,0,0,1,0,0,0,1,1,0.2777777777777778,14.800877593388334,1
93,0,0,1,0,1,1,1,0,1,0,0,1,1,1,0,1,1,1,0,1,1,0,0,1,0,0,1,0,1,0,0,1,1,1,1,0,0.3055555555555556,16.815230326858195,1
94,0,1,1,1,1,0,0,1,0,1,0,0,0,0,0,0,0,0,1,0,0,0,1,0,1,0,0,0,0,0,1,0,0,0,0,1,0.19444444444444445,11.885869136287228,1
95,0,1,0,1,0,0,0,1,0,1,1,0,1,0,0,0,1,0,1,0,0,0,1,0,1,1,0,0,0,0,1,1,1,0,1,1,0.3055555555555556,16.102722434466926,1
96,1,1,0,1,0,1,0,1,0,1,1,0,0,0,0,0,0,0,1,0,0,0,1,0,1,1,0,0,0,0,1,0,1,0,0,1,0.3333333333333333,18.83843647101379,1
97,0,0,0,0,1,0,1,0,1,0,0,1,0,1,0,1,1,1,0,1,1,1,0,0,0,0,0,0,1,0,0,1,0,0,1,0,0.19444444444444445,11.179744951937865,1
98,0,0,1,0,1,1,1,0,1,0,0,1,0,1,1,1,1,1,0,1,1,1,0,1,0,0,1,0,1,0,0,1,0,1,0,0,0.2777777777777778,17.68341524036962,1
99,0,1,0,1,0,0,0,1,0,1,1,0,1,0,1,0,0,0,1,0,0,0,0,0,1,1,0,0,0,0,1,0,0,0,1,1,0.3055555555555556,15.718075325675466,1
