,0,1,2,3,4,5,6,7,8,9,10,11,12,13,14,15,16,17,18,19,20,21,22,23,24,25,26,27,28,29,30,31,32,33,34,35,chain_break_fraction,energy,num_occurrences
0,1,0,1,1,0,1,0,0,1,1,0,1,0,0,0,1,1,1,0,0,1,0,0,1,1,0,1,0,1,1,0,1,1,1,1,0,0.3333333333333333,8.5062199625973,1
1,1,0,1,1,0,1,0,0,1,1,0,1,0,0,0,1,1,1,0,0,1,0,0,1,1,0,1,0,1,1,0,1,1,1,1,0,0.25,8.5062199625973,1
2,1,0,1,1,0,1,0,0,1,1,0,1,0,0,1,1,1,1,0,0,1,0,0,1,1,0,1,0,1,1,0,1,1,1,1,0,0.3055555555555556,10.180514358425356,1
3,1,0,1,1,0,1,0,0,1,1,0,1,0,0,0,1,1,1,0,0,0,0,0,1,1,0,1,0,1,1,0,1,1,1,1,0,0.25,10.160318198857967,1
4,1,0,1,1,0,0,0,0,1,1,0,1,0,0,0,1,1,1,0,0,1,0,0,1,1,0,1,0,1,1,0,1,1,1,1,0,0.2777777777777778,6.507280419688769,1
5,1,0,1,1,0,1,0,0,1,1,0,1,0,0,0,1,1,1,0,0,1,0,0,1,1,1,1,0,1,1,0,1,1,1,1,0,0.3611111111111111,10.7800313527729,1
6,1,0,1,1,0,1,0,0,1,1,0,1,0,0,1,0,1,0,0,0,1,0,0,1,1,0,1,0,1,1,0,1,1,1,1,0,0.2777777777777778,5.403224280021807,1
7,1,0,1,1,0,1,0,0,1,1,0,1,0,0,1,0,1,0,0,0,1,0,0,1,1,1,1,0,1,1,0,1,1,1,1,0,0.3611111111111111,10.689892107014707,1
8,1,0,1,1,0,1,0,0,1,1,0,1,0,0,1,1,1,1,0,0,1,0,0,1,1,0,1,0,1,1,0,1,1,1,1,0,0.3333333333333333,10.180514358425356,1
9,1,0,1,1,0,1,0,0,1,1,0,1,0,0,1,1,1,1,0,0,1,0,0,1,1,0,1,0,1,1,0,1,1,1,1,0,0.3055555555555556,10.180514358425356,1
10,1,0,1,1,0,1,0,0,1,1,0,1,0,0,0,1,1,1,0,0,1,0,0,1,1,0,1,0,1,1,0,1,1,1,1,0,0.3888888888888889,8.5062199625973,1
11,1,0,1,1,0,1,0,0,1,1,0,1,0,0,0,1,1,1,0,0,0,0,0,1,1,0,1,0,1,1,0,1,1,1,1,0,0.2777777777777778,10.160318198857967,1
12,1,0,1,1,0,1,0,0,1,1,0,1,0,0,1,1,1,1,0,0,1,0,0,1,1,0,1,0,1,1,0,1,1,1,1,0,0.3611111111111111,10.180514358425356,1
13,0,1,0,0,1,0,1,1,0,0,1,0,1,1,1,0,0,0,1,1,0,1,1,0,0,0,0,1,0,1,1,1,0,0,0,1,0.3333333333333333,19.68773865751021,1
14,0,1,0,0,1,0,1,1,0,0,1,0,1,1,1,1,0,0,1,1,0,1,1,0,0,0,0,1,0,1,1,1,0,1,0,1,0.3055555555555556,22.13716277762065,1
15,0,1,0,0,1,0,1,1,0,0,1,0,1,1,1,1,0,0,1,1,1,1,1,0,0,0,0,1,0,1,1,1,0,1,0,1,0.3333333333333333,25.830596744999106,1
16,1,0,1,1,0,0,0,0,1,1,0,1,0,0,0,0,1,1,0,0,1,0,0,1,1,0,1,0,1,1,0,1,1,1,1,0,0.25,7.1586916280484125,1
17,1,0,1,1,0,1,0,0,1,1,0,1,0,0,0,1,1,1,0,0,1,0,0,1,1,0,1,0,1,1,0,1,0,1,1,0,0.3611111111111111,9.999639511250425,1
18,0,1,0,0,1,0,1,1,0,0,1,0,1,1,1,1,0,0,1,1,1,1,1,0,0,0,0,1,0,1,1,1,0,0,0,1,0.2777777777777778,20.649894575382447,1
19,1,0,1,1,0,1,0,0,1,1,0,1,0,0,1,0,1,1,0,0,1,0,0,1,1,1,1,0,1,1,0,1,1,1,1,0,0.3333333333333333,10.109636268437372,1
20,1,0,1,1,0,1,0,0,1,1,0,1,0,0,1,1,1,1,0,0,1,0,0,1,1,0,1,0,1,1,0,1,1,1,1,0,0.3611111111111111,10.180514358425356,1
21,1,0,1,1,0,0,0,0,1,1,0,1,0,0,0,0,1,0,0,0,1,0,0,1,1,1,1,0,1,1,0,1,1,1,1,0,0.3611111111111111,17.10035680650691,1
22,0,1,0,0,1,0,1,1,0,0,1,0,1,1,1,0,0,0,1,1,0,1,1,0,0,0,0,1,0,1,1,1,0,0,0,1,0.3055555555555556,19.68773865751021,1
23,1,0,1,1,0,1,0,0,1,1,0,1,0,0,1,1,1,1,0,0,1,0,0,1,1,0,1,0,1,1,1,1,0,1,1,0,0.3333333333333333,11.455428751911963,1
24,0,1,0,0,1,0,1,1,0,0,1,0,1,1,1,1,0,0,1,1,0,1,1,0,0,0,0,1,0,1,1,1,1,0,0,1,0.2777777777777778,19.04682032645232,1
25,0,1,0,0,1,0,1,1,0,0,1,0,1,1,1,0,0,0,1,1,1,1,1,0,0,0,0,1,0,1,1,1,0,0,0,1,0.3333333333333333,23.67967728016283,1
26,1,0,1,1,0,1,0,0,1,1,0,1,0,0,0,0,1,0,0,0,1,0,0,1,1,0,1,0,1,1,0,1,1,1,1,0,0.25,6.807620762323934,1
27,0,1,0,0,1,0,1,1,1,0,1,0,1,1,1,0,0,0,1,1,0,1,1,0,0,0,0,1,0,1,1,1,0,0,0,1,0.2777777777777778,15.517291299552653,1
28,0,1,0,0,1,0,1,1,0,0,1,0,1,1,1,1,0,0,1,1,1,1,1,0,0,0,0,1,0,1,1,1,0,0,0,1,0.2777777777777778,20.649894575382447,1
29,1,0,1,1,0,0,0,0,1,1,0,1,0,0,0,0,1,0,0,0,0,0,0,1,1,1,1,0,1,1,0,1,1,1,1,0,0.2777777777777778,14.30026700439446,1
30,1,0,1,1,0,1,0,0,1,1,0,1,0,0,0,0,1,1,0,0,1,0,0,1,0,1,1,0,1,1,0,1,1,1,1,0,0.3055555555555556,9.298436177521516,1
31,0,1,0,0,1,0,1,1,0,0,1,0,1,1,1,0,0,0,1,1,0,1,1,0,0,1,0,1,0,1,1,1,0,1,0,1,0.2777777777777778,35.277183964825134,1
32,1,0,1,1,0,0,0,0,1,1,0,1,0,0,1,1,1,1,0,0,1,0,0,1,1,1,1,0,1,1,0,1,1,1,1,0,0.2777777777777778,10.452595342729387,1
33,1,0,1,1,0,1,0,0,1,1,0,1,0,0,0,0,1,1,0,0,1,0,0,1,1,0,1,0,1,1,0,1,1,1,1,0,0.3888888888888889,7.157631170941151,1
34,0,1,0,0,1,0,1,1,1,0,1,0,0,1,1,0,0,0,1,1,1,1,1,0,0,0,0,1,0,1,0,1,0,0,0,1,0.3055555555555556,16.39371221804954,1
35,0,1,0,0,1,0,1,1,0,0,1,0,0,1,1,0,0,0,1,1,0,1,1,0,0,0,0,1,0,1,0,1,0,0,0,1,0.3611111111111111,16.938549064986834,1
36,1,0,1,1,0,1,0,0,1,1,0,1,0,0,1,0,1,1,0,0,1,0,0,1,1,1,1,0,1,1,0,1,1,1,1,0,0.3055555555555556,10.109636268437372,1
37,1,0,1,1,0,0,0,0,1,1,0,1,0,0,1,1,1,0,0,0,1,0,0,1,1,1,1,0,1,1,0,1,1,1,1,0,0.3333333333333333,10.875469425099263,1
38,1,0,1,1,0,1,0,0,1,1,0,1,0,0,0,0,1,1,0,0,1,0,0,1,1,0,1,0,1,1,0,1,1,1,1,0,0.3611111111111111,7.157631170941151,1
39,1,0,1,1,0,1,0,0,1,1,0,1,0,0,0,1,1,1,0,0,1,0,0,1,1,0,1,0,1,1,1,1,1,1,1,0,0.3055555555555556,8.872986556409984,1
40,0,1,0,0,1,0,1,1,0,0,1,0,1,1,1,0,0,0,1,1,0,1,1,0,0,0,0,1,0,1,1,1,1,0,0,1,0.3888888888888889,21.778695811507184,1
41,0,1,0,0,1,0,1,1,0,0,1,0,1,1,1,1,0,0,1,1,1,1,1,0,0,1,0,1,0,1,1,1,0,1,0,1,0.3333333333333333,34.23038276170245,1
42,1,0,1,1,0,1,0,0,1,1,0,1,0,0,0,1,1,1,0,0,1,0,0,1,1,0,1,0,1,1,0,1,0,1,1,0,0.3055555555555556,9.999639511250425,1
43,1,0,1,1,0,1,0,0,1,1,0,1,0,0,0,1,1,0,0,0,1,0,0,1,1,0,1,0,1,1,0,1,1,1,1,0,0.3333333333333333,5.998827797719727,1
44,1,0,1,1,0,1,0,0,1,1,0,1,0,0,0,1,1,1,0,0,1,0,0,1,1,0,1,0,1,1,0,1,1,1,1,0,0.3333333333333333,8.5062199625973,1
45,1,0,1,1,0,1,0,0,1,1,0,1,0,0,0,0,1,1,0,0,1,0,0,1,1,1,1,0,1,1,1,1,1,1,1,0,0.2777777777777778,13.889102280252098,1
46,0,1,0,0,1,0,1,1,0,0,1,0,0,1,1,1,0,0,1,1,0,1,1,0,0,0,0,1,0,1,0,1,1,0,0,1,0.2777777777777778,16.230307639866577,1
47,0,1,0,0,1,0,1,1,0,0,1,0,0,1,1,0,0,0,1,1,1,1,1,0,0,1,0,1,0,1,1,1,0,0,0,1,0.4166666666666667,33.93890946527625,1
48,0,1,0,0,1,0,1,1,0,0,1,0,1,1,1,0,0,0,1,1,0,1,0,0,0,0,0,1,0,1,1,1,1,0,0,1,0.3333333333333333,18.198076170881052,1
49,1,0,1,1,0,1,0,0,1,1,0,1,0,0,1,1,1,0,0,0,0,0,0,1,1,0,1,0,1,1,1,1,1,1,1,0,0.3333333333333333,8.481702266855077,1
50,1,0,1,1,0,1,0,0,1,1,0,1,0,0,1,0,1,0,0,0,1,0,0,1,1,0,1,0,1,1,0,1,0,1,1,0,0.3888888888888889,5.390097261428496,1
51,1,0,1,1,0,1,0,0,1,1,0,1,0,0,1,1,1,1,0,0,1,0,0,1,1,1,1,0,1,1,0,1,1,1,1,0,0.3888888888888889,11.450426437108389,1
52,1,0,1,1,0,0,0,0,1,1,0,1,0,0,1,1,1,1,0,0,1,0,0,1,1,0,1,0,1,1,1,1,1,1,1,0,0.3333333333333333,8.04214291571527,1
53,0,1,0,0,1,0,1,1,0,0,1,0,1,1,0,1,0,0,1,1,0,1,1,0,0,0,0,1,0,1,0,1,0,0,0,1,0.25,15.502339350872763,1
54,1,0,1,1,0,1,0,0,1,1,0,1,0,0,1,0,1,0,0,0,1,0,0,1,1,0,1,0,1,1,0,1,1,1,1,0,0.3055555555555556,5.403224280021807,1
55,1,0,1,1,0,0,0,0,1,1,0,1,1,0,1,0,1,1,0,0,1,0,0,1,1,1,1,0,1,1,0,1,0,1,1,0,0.3888888888888889,8.452262382264681,1
56,1,0,1,1,0,1,0,0,1,1,0,1,0,0,1,0,1,0,0,0,0,0,0,1,1,0,1,0,1,1,0,1,1,1,1,0,0.25,5.252449079553952,1
57,0,1,0,0,1,0,1,1,1,0,1,0,1,1,1,0,0,0,1,1,1,1,1,0,0,0,0,1,0,1,1,1,0,1,0,1,0.4444444444444444,25.10711604392137,1
58,0,1,0,0,1,0,1,1,0,0,1,0,1,1,1,0,0,0,1,1,1,0,1,0,0,0,0,1,0,1,1,1,0,0,0,1,0.2777777777777778,15.695800034857598,1
59,0,1,0,0,1,0,1,1,0,0,1,0,0,1,1,0,0,0,1,1,0,1,0,0,0,0,0,1,0,1,1,1,0,0,0,1,0.2777777777777778,17.731882203396502,1
60,1,0,1,1,0,1,0,0,1,1,0,1,0,0,1,0,1,1,0,0,1,0,0,1,1,1,1,0,1,1,0,1,1,1,1,1,0.3333333333333333,15.825448182645214,1
61,1,0,0,1,0,1,0,0,1,1,0,1,0,0,0,1,1,1,0,0,1,0,0,1,1,1,1,0,1,1,0,1,1,1,1,0,0.3888888888888889,11.07478566059754,1
62,0,1,0,0,1,0,1,1,0,0,1,0,1,1,1,1,0,0,1,1,1,1,1,0,0,0,0,0,0,1,0,1,0,0,0,1,0.3611111111111111,13.255805048743902,1
63,1,0,1,1,0,1,0,0,1,1,0,1,0,0,0,0,1,1,0,0,1,0,0,1,1,1,1,0,1,1,0,1,0,1,1,0,0.3333333333333333,10.306800976985159,1
64,1,1,1,1,0,1,0,0,1,1,0,1,0,0,1,1,1,1,0,0,1,0,0,1,1,0,1,0,1,1,1,0,1,1,1,0,0.3611111111111111,17.046589603928236,1
65,1,0,1,1,0,1,0,0,1,1,0,1,1,0,1,1,1,0,0,0,1,0,0,1,1,0,1,0,1,1,0,1,1,1,1,0,0.2777777777777778,7.064369090279021,1
66,0,1,0,0,1,0,1,1,0,0,1,0,1,1,1,0,0,0,1,1,0,1,0,0,0,1,0,1,0,1,1,1,0,0,0,1,0.2777777777777778,21.797673067642584,1
67,1,0,1,1,0,0,0,0,1,1,0,1,0,0,1,0,1,0,0,0,1,0,0,1,1,0,1,0,1,1,0,1,0,1,1,0,0.3888888888888889,5.390429569935648,1
68,1,0,1,1,0,1,0,0,1,1,0,1,1,0,1,0,1,1,0,0,1,0,0,1,1,1,1,0,1,1,0,1,1,1,1,0,0.3888888888888889,9.582954480698838,1
69,0,1,0,0,1,1,1,1,0,0,1,0,1,1,1,1,0,1,1,1,0,1,1,0,0,0,0,1,0,1,1,1,0,0,0,1,0.2777777777777778,16.77330004247418,1
70,1,0,1,1,0,1,0,0,1,1,0,1,1,0,0,0,1,1,0,0,1,0,0,1,1,1,1,0,1,1,0,1,0,1,1,0,0.3611111111111111,9.779949326659848,1
71,0,1,0,0,1,0,1,1,0,0,1,0,1,1,1,0,0,0,1,1,1,1,1,0,0,1,0,1,0,1,1,1,0,1,0,1,0.3611111111111111,41.269193495125236,1
72,1,0,1,1,0,1,0,0,0,1,0,1,0,0,1,1,1,1,0,0,1,0,0,1,1,0,1,0,1,1,0,1,1,1,1,0,0.25,8.38747283692145,1
73,0,1,0,0,1,0,1,1,0,0,1,0,1,1,1,0,0,0,1,1,0,0,1,0,0,0,0,1,0,1,1,1,0,0,0,1,0.3055555555555556,13.703861412204983,1
74,1,0,1,1,0,1,0,0,1,1,0,1,0,0,1,1,1,1,0,0,1,0,0,1,1,0,1,0,1,1,1,1,1,1,1,0,0.3055555555555556,10.04108237497759,1
75,0,1,0,0,1,0,1,1,0,0,1,0,1,1,1,0,0,0,1,1,0,1,1,0,0,1,0,1,0,1,1,1,0,0,0,1,0.2222222222222222,25.844779550948786,1
76,0,1,0,0,1,0,1,1,0,0,1,0,1,1,1,0,0,0,1,1,0,1,1,0,0,1,0,1,0,1,0,1,1,0,0,1,0.3055555555555556,24.084936394152454,1
77,0,1,0,0,1,0,1,1,0,0,1,0,1,1,1,0,0,0,1,1,1,1,1,0,0,1,0,1,0,1,1,1,0,0,0,1,0.3888888888888889,30.836771813968895,1
78,1,0,1,1,0,0,0,0,1,1,0,1,0,1,0,1,1,0,0,0,1,0,0,1,1,0,1,0,1,1,0,1,1,1,1,0,0.2777777777777778,5.939424078860245,1
79,0,1,0,0,1,0,1,1,0,0,1,0,1,1,1,1,0,0,1,1,0,1,1,0,0,0,0,0,0,1,1,1,0,0,0,1,0.25,14.827247120324245,1
80,0,1,0,0,1,0,1,1,0,0,1,0,0,1,1,1,0,0,1,1,1,1,1,0,0,1,0,1,0,1,1,1,0,0,0,1,0.3611111111111111,27.900988411784006,1
81,0,1,0,0,1,0,1,1,0,0,1,0,0,1,1,1,0,0,1,1,1,1,1,0,0,0,0,1,0,1,1,1,0,0,0,1,0.3888888888888889,21.751692500421754,1
82,0,1,0,0,1,0,1,1,0,0,1,0,0,1,1,1,0,0,1,1,1,1,1,0,0,0,0,1,1,1,1,1,0,0,0,1,0.3333333333333333,26.396893519804458,1
83,1,1,1,1,0,1,0,0,1,1,0,1,1,0,0,0,1,1,0,0,1,0,0,1,1,0,1,0,1,1,1,1,0,1,1,0,0.3333333333333333,11.926350641874846,1
84,0,1,0,0,1,0,1,1,0,0,1,0,1,1,1,0,0,0,1,1,0,1,1,0,0,0,0,1,1,1,1,1,0,1,0,1,0.3611111111111111,31.623285293685655,1
85,0,1,0,0,1,0,1,1,0,0,1,0,0,1,1,0,0,0,1,1,0,0,1,0,0,0,0,1,0,1,1,1,0,0,0,1,0.3611111111111111,14.229944062859644,1
86,0,1,0,0,1,0,1,1,0,0,1,0,1,1,1,0,0,0,1,1,0,1,1,0,0,1,0,1,0,1,0,1,0,0,0,1,0.2777777777777778,20.94811471034735,1
87,1,0,1,1,0,1,0,0,1,1,0,1,1,0,0,0,1,0,0,0,1,0,0,1,1,1,1,0,1,1,1,1,1,1,1,0,0.3611111111111111,14.399408442039356,1
88,1,0,1,1,0,0,0,0,1,1,0,1,0,0,1,0,1,1,0,0,1,0,0,1,0,1,1,0,1,1,1,1,1,1,1,0,0.2777777777777778,10.88070952760687,1
89,0,1,0,0,1,0,1,1,0,0,1,0,0,1,1,1,0,0,1,1,0,1,1,0,0,1,0,1,1,1,1,1,0,0,0,1,0.3333333333333333,28.81595965353285,1
90,0,1,0,0,1,0,1,1,0,0,1,0,0,1,1,0,0,0,1,1,0,1,1,0,1,1,0,1,1,1,0,1,0,0,0,1,0.3333333333333333,33.02659184884047,1
91,0,1,0,0,1,0,1,1,0,0,1,0,1,1,1,0,0,0,1,1,1,1,1,0,0,0,0,1,0,1,0,1,0,0,0,1,0.3888888888888889,19.350726657026403,1
92,0,1,0,0,1,0,1,1,0,0,1,0,1,1,1,0,0,0,1,1,1,1,0,0,0,1,0,0,0,1,1,1,0,0,0,1,0.3055555555555556,17.311153984827236,1
93,0,1,0,0,1,0,1,1,0,0,1,0,0,1,1,0,0,0,1,1,1,1,1,0,0,0,0,1,0,1,1,1,0,0,0,1,0.4444444444444444,25.781814930928867,1
94,0,1,0,0,1,0,1,1,0,0,1,0,1,1,1,1,0,0,1,1,0,1,1,0,1,1,0,0,0,1,1,1,1,1,0,1,0.3055555555555556,30.635087983530916,1
95,0,1,0,0,1,0,1,1,0,0,1,0,0,1,1,0,0,0,1,1,1,1,1,0,0,1,0,0,0,1,1,1,0,0,0,1,0.3611111111111111,22.935923617275268,1
96,0,1,1,0,1,0,1,1,0,0,1,0,0,1,1,0,0,0,1,1,1,1,0,0,0,1,0,1,0,1,1,1,1,0,0,1,0.3055555555555556,28.55469162579483,1
97,1,0,1,1,0,1,0,0,1,1,0,1,1,0,0,0,1,1,1,0,1,0,0,1,1,0,1,0,1,1,0,1,0,1,1,1,0.3055555555555556,10.805575219910834,1
98,1,0,1,1,0,1,0,0,1,1,0,1,0,0,0,0,1,1,1,0,1,0,0,1,1,0,1,0,1,1,0,1,1,1,1,0,0.3611111111111111,7.246343200238373,1
99,0,1,0,0,1,0,1,1,0,0,1,0,0,1,1,1,0,0,1,1,1,1,0,0,1,1,0,0,0,1,0,1,1,0,0,1,0.3333333333333333,18.053913466687042,1
