,0,1,2,3,4,5,6,7,8,9,10,11,12,13,14,15,16,17,18,19,20,21,22,23,24,25,26,27,28,29,30,31,32,33,34,35,chain_break_fraction,energy,num_occurrences
0,0,1,0,0,1,1,0,0,1,1,0,0,0,0,1,1,1,1,1,0,0,0,0,1,1,0,0,1,0,1,1,1,0,0,1,0,0.2222222222222222,13.62643227485698,1
1,0,0,0,0,1,1,0,0,1,1,0,0,0,0,1,1,1,0,1,0,0,0,0,1,0,0,0,1,0,1,1,1,0,0,1,0,0.25,12.12522947895219,1
2,0,0,0,0,1,1,0,0,1,1,0,0,0,0,1,1,1,0,1,0,0,0,0,1,0,0,0,1,0,1,1,1,0,0,1,0,0.2777777777777778,12.12522947895219,1
3,0,1,0,0,1,1,0,0,1,1,0,0,0,0,1,1,1,0,1,0,0,0,0,1,1,0,0,1,0,1,1,1,0,0,1,0,0.2777777777777778,12.31483123199726,1
4,0,0,0,0,1,1,0,0,1,1,0,0,0,0,1,1,1,0,1,0,0,0,0,1,1,0,0,1,0,1,1,1,0,0,1,0,0.2222222222222222,13.822726407579719,1
5,0,1,0,0,1,1,0,0,1,1,0,0,0,0,1,1,1,0,1,0,0,0,0,1,0,0,0,1,0,1,1,1,0,0,1,0,0.3055555555555556,11.61814333183725,1
6,0,0,1,0,1,1,0,0,1,1,0,0,0,0,1,1,1,0,1,0,0,0,0,1,1,0,0,1,0,1,1,1,0,0,1,0,0.2222222222222222,12.841619238307933,1
7,0,1,0,0,1,1,0,0,1,1,0,0,0,0,1,1,1,0,1,0,0,0,0,1,0,0,0,1,0,1,1,1,0,0,1,0,0.25,11.61814333183725,1
8,0,1,0,0,1,1,0,0,1,1,0,0,0,0,1,1,1,1,1,0,0,0,0,1,0,0,0,1,0,1,1,1,0,0,1,0,0.3055555555555556,13.961913892013524,1
9,0,0,0,0,1,1,0,0,1,1,0,0,0,0,1,0,1,0,1,0,0,0,0,1,0,0,0,1,0,1,0,1,0,0,1,0,0.25,9.117794540308022,1
10,0,1,0,0,1,1,0,0,1,1,0,0,0,1,1,1,1,0,1,0,0,0,0,1,0,0,0,1,0,1,1,1,0,0,1,0,0.2777777777777778,14.636743576395014,1
11,0,1,0,0,1,1,0,0,1,1,0,0,0,0,1,1,1,0,1,0,0,0,0,1,1,0,0,1,0,1,1,1,0,0,1,0,0.3333333333333333,12.31483123199726,1
12,0,1,0,0,1,1,0,0,1,1,0,0,0,0,1,1,1,0,1,0,0,0,0,1,0,0,0,1,0,1,1,1,0,0,1,0,0.3055555555555556,11.61814333183725,1
13,0,1,0,0,1,1,0,0,1,1,0,0,0,0,1,0,1,0,1,0,0,0,0,1,1,0,0,1,0,1,0,1,0,0,1,0,0.25,9.045640661828667,1
14,0,1,0,0,1,1,0,0,1,1,0,0,0,0,1,1,1,0,1,0,0,0,0,1,1,0,0,1,0,1,0,1,0,0,1,0,0.3055555555555556,11.141794950451416,1
15,0,0,0,0,1,1,1,0,1,1,0,0,0,0,1,1,1,0,1,0,0,0,0,1,1,0,0,1,0,1,1,1,0,0,1,0,0.2777777777777778,12.668888399617535,1
16,0,1,0,0,1,1,0,0,1,1,0,0,0,0,1,1,1,0,1,0,0,0,0,1,0,0,0,1,0,1,0,1,0,0,1,0,0.2777777777777778,10.966858056009304,1
17,0,0,0,0,1,1,0,0,1,1,0,0,0,0,1,1,1,0,1,0,0,0,0,1,1,0,0,1,0,1,1,1,0,0,1,0,0.19444444444444445,13.822726407579719,1
18,0,0,0,0,1,1,0,0,1,1,0,0,1,0,1,1,1,1,1,0,0,0,0,1,1,0,0,1,0,1,0,1,0,0,1,0,0.2777777777777778,12.110609928421507,1
19,0,1,0,0,1,1,0,0,1,1,0,0,0,0,1,1,1,0,1,0,0,0,0,1,0,0,0,1,0,1,0,1,0,0,1,0,0.2777777777777778,10.966858056009304,1
20,0,0,0,0,1,1,1,0,1,1,0,0,0,0,1,1,1,1,1,0,0,0,0,1,1,0,0,1,0,1,0,1,0,0,1,0,0.2777777777777778,12.330842498194206,1
21,0,1,0,0,1,1,0,0,1,1,0,0,0,0,1,1,1,1,1,0,0,0,0,1,1,0,0,1,0,1,0,1,0,0,1,0,0.3333333333333333,13.453403541507358,1
22,0,1,0,0,1,1,0,0,1,1,0,0,0,0,1,1,1,0,1,0,0,0,0,1,1,0,0,1,0,1,1,1,0,0,1,0,0.2777777777777778,12.31483123199726,1
23,0,0,0,0,1,1,0,0,1,1,0,0,0,0,1,0,1,0,1,0,0,0,0,1,0,0,0,1,0,1,1,1,0,0,1,0,0.3333333333333333,12.130382108841754,1
24,0,0,0,0,1,1,0,0,1,1,0,0,1,0,1,0,1,0,1,0,0,0,0,1,0,0,0,1,0,1,1,1,0,0,1,0,0.25,10.63956252793086,1
25,0,0,0,0,1,1,0,0,1,1,0,0,0,0,1,0,1,0,1,0,0,0,0,1,1,0,0,1,0,1,0,1,0,0,1,0,0.2777777777777778,11.29354046999772,1
26,0,0,0,0,1,1,0,0,1,1,0,0,0,0,1,1,1,1,1,0,0,0,0,1,1,0,0,1,0,1,1,1,0,0,1,0,0.3055555555555556,13.134327443783306,1
27,0,0,0,0,1,1,0,0,1,1,0,0,0,0,1,1,1,0,1,0,0,0,0,1,1,0,0,1,0,1,1,1,0,0,1,0,0.25,13.822726407579719,1
28,0,0,0,0,1,1,0,0,1,1,0,0,1,0,1,0,1,0,1,0,0,0,0,1,0,0,0,1,0,1,1,1,0,0,1,0,0.3055555555555556,10.63956252793086,1
29,0,0,0,0,1,1,0,0,1,1,0,0,0,0,1,1,1,1,1,0,0,0,0,1,1,0,0,1,0,1,0,1,0,0,1,0,0.3333333333333333,11.601311099373572,1
30,0,0,0,0,1,1,0,0,1,1,0,0,0,0,1,0,1,0,1,0,0,0,0,1,0,0,0,1,0,1,1,1,0,0,1,0,0.3055555555555556,12.130382108841754,1
31,0,1,0,0,1,1,0,0,1,1,1,0,0,0,1,0,1,0,1,0,0,0,0,1,0,0,0,1,0,1,0,1,0,0,1,0,0.2777777777777778,8.418780908307895,1
32,0,0,0,0,1,1,0,0,1,1,0,0,1,0,1,0,1,0,1,0,0,0,0,1,0,0,0,1,0,1,1,1,0,0,1,0,0.25,10.63956252793086,1
33,0,1,0,0,1,1,0,0,1,1,0,0,0,0,1,1,1,1,1,0,0,0,0,1,0,0,0,1,0,1,1,1,0,0,1,0,0.3055555555555556,13.961913892013524,1
34,0,0,0,0,1,1,0,0,1,1,0,0,0,0,1,1,1,0,1,0,0,0,0,1,1,0,0,1,0,1,1,1,0,0,1,0,0.2777777777777778,13.822726407579719,1
35,0,0,0,0,1,1,0,0,1,1,0,0,0,0,1,1,1,1,1,0,0,0,0,1,1,0,0,1,1,1,1,1,0,0,1,0,0.2222222222222222,13.39190643609316,1
36,0,0,0,0,1,1,0,0,1,1,0,0,1,0,1,0,1,1,1,0,0,0,0,1,0,0,0,1,0,1,0,1,0,0,1,0,0.25,8.470754532494405,1
37,1,0,0,0,1,1,0,0,1,1,0,0,0,0,1,1,1,0,1,0,0,0,0,1,0,0,0,1,0,1,1,1,0,0,1,0,0.2777777777777778,10.871686405394723,1
38,0,1,0,0,1,1,0,0,1,1,0,0,0,0,1,0,1,1,1,0,0,0,0,1,0,0,0,1,0,1,1,1,0,0,1,0,0.2777777777777778,9.867074278256405,1
39,0,1,0,0,1,1,0,0,1,1,0,0,0,0,1,0,1,0,1,0,0,0,0,1,0,0,0,1,0,1,1,1,0,0,1,0,0.19444444444444445,9.523303718080111,1
40,0,1,0,0,1,1,0,0,1,1,0,0,1,0,1,0,1,0,1,0,0,0,0,1,1,0,0,1,0,1,0,1,0,0,1,0,0.2222222222222222,8.554825316882223,1
41,0,1,0,0,1,1,0,0,1,1,0,0,0,0,1,1,1,1,1,0,0,0,0,1,0,0,0,1,0,1,0,1,1,0,1,0,0.3055555555555556,12.851166759824988,1
42,0,1,0,0,1,1,0,0,1,1,0,0,0,1,1,1,1,0,1,0,0,0,0,1,0,0,0,1,0,1,0,1,0,0,1,0,0.3333333333333333,14.985461243328862,1
43,0,0,1,0,1,1,0,0,1,1,0,0,0,0,1,1,1,0,1,0,0,0,0,1,1,0,0,1,0,1,0,1,0,0,1,0,0.3333333333333333,10.808595346065333,1
44,0,1,0,0,1,1,1,0,1,1,0,0,0,0,1,1,1,0,1,0,0,0,0,1,1,0,0,1,0,1,0,1,0,0,1,0,0.3333333333333333,11.487956946805854,1
45,0,1,0,0,1,1,0,0,1,1,0,0,0,0,1,0,1,0,1,0,0,0,0,1,0,0,0,1,0,1,1,1,0,0,1,0,0.3055555555555556,9.523303718080111,1
46,0,1,0,0,1,1,0,0,1,1,0,0,0,0,1,0,1,0,1,0,0,0,0,1,1,0,0,1,0,1,1,1,0,0,1,0,0.25,11.219991625020189,1
47,0,0,0,0,1,1,1,0,1,1,0,0,0,0,1,1,1,0,1,0,0,0,0,1,1,0,0,1,0,1,0,1,0,0,1,0,0.3055555555555556,10.635864511327256,1
48,0,0,1,0,1,1,0,0,1,1,0,0,0,0,1,1,1,0,1,0,0,0,0,1,1,0,0,1,0,1,1,1,0,0,1,0,0.3055555555555556,12.841619238307933,1
49,0,0,0,0,1,1,0,0,1,1,0,1,0,0,1,1,1,0,1,0,0,0,0,1,0,0,0,1,0,1,0,1,0,0,1,0,0.3055555555555556,15.110118643820233,1
50,0,0,0,0,1,1,0,0,1,1,0,0,0,0,1,0,1,1,1,0,0,0,0,1,1,0,0,1,0,1,0,1,0,0,1,0,0.2777777777777778,9.605149054397529,1
51,0,1,0,0,1,1,0,0,1,1,0,0,0,1,1,1,1,0,1,0,0,0,0,1,0,0,0,1,0,1,1,1,0,0,1,0,0.3333333333333333,14.636743576395014,1
52,0,1,0,0,1,1,0,0,1,1,0,0,0,0,1,1,1,1,1,0,0,0,1,1,1,0,0,1,0,1,1,1,0,0,1,0,0.2777777777777778,14.472877480637184,1
53,0,0,0,0,1,1,0,0,1,1,0,0,1,1,1,1,1,0,1,0,0,0,0,1,1,0,0,1,0,1,0,1,0,0,1,0,0.25,13.817599002117577,1
54,0,0,0,0,1,1,0,0,1,1,0,0,0,0,1,0,1,0,1,0,0,0,0,1,0,0,0,0,0,1,1,1,0,0,1,0,0.2777777777777778,8.29433068468087,1
55,0,0,0,0,1,1,0,0,1,1,0,0,1,0,1,1,1,1,1,0,0,0,0,1,0,0,0,1,0,1,1,1,1,0,1,0,0.25,12.536872601389032,1
56,0,0,0,0,1,1,0,0,1,1,0,0,0,0,1,0,1,0,1,0,0,0,0,1,0,0,0,1,0,1,0,1,0,0,1,0,0.2777777777777778,9.117794540308022,1
57,0,0,0,0,1,1,0,0,1,0,0,0,0,0,1,1,1,0,1,0,0,0,0,1,0,0,0,1,0,1,0,1,0,0,1,0,0.3611111111111111,9.249030318201996,1
58,0,1,0,0,1,1,0,0,1,1,0,0,0,0,1,0,1,0,1,0,0,0,0,1,1,0,0,1,0,1,0,1,0,0,1,0,0.2777777777777778,9.045640661828667,1
59,0,0,0,0,1,1,0,0,1,1,0,0,0,0,1,0,1,0,1,0,0,0,0,1,1,0,0,1,0,1,1,1,0,0,1,0,0.3055555555555556,14.827879044249354,1
60,0,0,0,0,1,1,0,0,1,1,0,0,1,0,1,1,1,0,1,0,0,0,0,1,0,0,0,1,0,1,0,1,0,0,1,0,0.2777777777777778,10.123255421126213,1
61,0,1,0,0,1,1,0,0,0,1,0,0,1,0,1,0,1,0,1,0,0,0,0,1,1,0,0,1,0,1,1,1,0,0,1,0,0.25,10.310870629207916,1
62,0,1,1,0,1,1,0,0,1,1,0,0,0,1,1,0,1,1,1,0,0,0,0,1,0,0,0,1,0,1,1,1,0,0,1,0,0.25,14.45019988433663,1
63,0,1,0,0,1,1,0,0,1,1,0,0,0,0,1,1,1,0,1,0,0,0,0,1,0,0,0,1,0,1,1,1,0,0,1,0,0.2777777777777778,11.61814333183725,1
64,0,0,0,0,1,1,0,0,1,1,0,0,1,0,1,0,1,0,1,0,0,0,0,1,0,0,0,1,1,1,1,1,0,0,1,0,0.2777777777777778,12.511460171694116,1
65,0,0,0,0,1,1,0,0,1,1,0,0,0,0,1,1,1,0,1,0,0,0,0,1,0,0,0,1,0,1,1,1,0,1,1,0,0.3611111111111111,16.26823863572916,1
66,0,0,0,0,1,1,0,0,1,1,0,0,1,0,1,1,1,0,1,0,0,0,0,1,0,0,0,1,0,1,0,1,0,0,1,0,0.3333333333333333,10.123255421126213,1
67,0,1,0,0,1,1,1,0,1,1,0,0,0,0,1,1,1,0,1,0,0,0,0,1,0,0,0,1,0,1,0,1,0,0,1,1,0.3055555555555556,14.116143295222887,1
68,1,1,0,0,1,1,0,0,1,1,0,0,0,0,1,0,1,1,1,0,0,0,0,1,0,0,0,1,0,1,1,1,0,0,1,0,0.3333333333333333,10.56353508620364,1
69,0,0,0,0,1,1,0,0,1,1,0,0,1,0,1,1,1,0,1,0,0,0,0,1,1,0,0,1,0,1,0,1,0,0,1,0,0.3333333333333333,10.799001344021704,1
70,0,0,0,0,1,1,0,0,1,1,0,0,1,0,1,0,1,1,1,0,0,0,0,1,1,0,0,1,0,1,1,1,0,0,1,0,0.2777777777777778,11.148660499527903,1
71,0,0,0,0,1,1,0,0,1,1,0,0,1,0,1,0,1,0,1,0,0,0,1,1,0,0,0,1,0,1,1,1,0,0,1,0,0.25,13.516206049373217,1
72,0,0,0,0,1,1,1,0,1,1,0,0,0,0,1,1,1,0,1,0,0,0,0,1,1,0,0,1,0,1,1,1,0,0,1,0,0.3333333333333333,12.668888399617535,1
73,0,1,0,0,1,1,0,0,1,1,0,0,0,0,1,1,1,0,0,0,0,0,0,1,1,0,0,1,0,1,0,1,1,0,1,0,0.3055555555555556,10.52031801860415,1
74,0,1,0,0,1,1,0,0,1,1,0,0,0,0,1,1,1,0,1,0,1,0,0,1,0,0,0,1,0,1,1,0,0,0,1,0,0.19444444444444445,8.427914614457912,1
75,0,0,0,0,1,0,0,0,1,1,0,0,1,0,1,0,1,0,1,0,0,0,0,1,1,0,0,1,0,1,0,1,0,0,1,0,0.25,12.045513181226234,1
76,0,1,0,0,1,1,0,0,1,1,0,0,0,0,1,0,0,0,1,0,0,0,0,1,0,0,0,1,0,1,1,1,0,0,1,0,0.3055555555555556,11.351418437991962,1
77,0,1,0,0,1,1,0,0,1,1,0,0,1,0,1,1,1,1,1,0,0,0,0,1,1,0,0,1,0,1,0,1,0,0,1,0,0.3611111111111111,14.962705135153,1
78,0,0,0,0,1,1,0,0,1,1,0,0,0,0,1,0,1,1,1,0,0,0,0,1,1,0,0,1,0,1,1,1,0,0,1,0,0.3611111111111111,12.13948008045294,1
79,1,0,1,0,1,1,1,0,1,0,0,0,0,0,1,1,1,1,1,0,0,0,0,1,1,0,0,1,0,1,1,1,0,0,1,0,0.2777777777777778,10.35632941793125,1
80,0,0,0,0,1,1,0,0,1,1,0,0,1,0,1,1,1,0,1,0,0,0,1,1,0,0,0,1,0,1,1,1,0,0,1,0,0.3611111111111111,13.5111115937904,1
81,0,0,0,0,1,1,0,0,1,1,0,0,0,1,1,1,1,0,1,0,0,0,0,1,0,0,0,1,0,1,1,1,0,0,1,0,0.3888888888888889,13.143824194314552,1
82,0,0,0,0,1,1,0,0,1,1,0,0,0,1,1,0,1,0,1,0,0,0,0,1,1,0,0,1,0,1,0,0,0,0,1,0,0.25,7.243232987929733,1
83,0,1,0,0,1,1,0,0,1,1,0,0,0,0,0,1,1,1,1,0,0,0,0,1,0,0,0,1,0,1,0,1,0,0,1,0,0.3611111111111111,11.762559016680427,1
84,0,0,1,0,1,1,0,0,1,1,0,0,0,0,1,0,1,0,1,0,0,0,0,1,0,0,0,1,0,1,1,1,1,0,1,0,0.3055555555555556,12.220784357431441,1
85,1,1,0,1,1,1,0,0,0,1,0,0,0,0,1,0,1,0,1,0,0,0,0,1,1,0,0,1,0,1,1,1,0,0,1,0,0.2777777777777778,10.53695664742409,1
86,0,1,1,0,1,1,1,0,1,1,0,0,1,0,1,0,1,0,1,0,0,0,0,1,1,0,0,1,0,1,1,1,1,0,1,0,0.25,10.10684270961362,1
87,1,0,1,0,0,0,1,1,0,0,1,1,0,0,0,0,0,1,0,1,1,1,1,0,0,1,1,0,1,0,0,0,0,1,0,0,0.25,19.187358399705513,1
88,0,0,0,0,1,1,0,0,1,1,0,0,0,1,1,0,1,0,1,0,0,0,0,1,1,0,0,1,0,1,1,1,0,0,1,0,0.3333333333333333,12.846239882399274,1
89,1,0,0,0,1,1,0,0,1,1,0,0,0,0,1,1,1,0,1,0,0,0,0,1,1,0,0,0,0,1,0,1,1,0,1,0,0.16666666666666666,8.520545069557887,1
90,0,0,0,0,1,1,0,0,1,1,0,0,1,0,1,0,1,1,1,0,0,0,0,1,0,0,0,1,0,1,1,1,0,0,1,0,0.3055555555555556,9.983333081451017,1
91,0,1,0,0,1,1,1,0,0,1,0,0,1,0,1,0,1,0,1,0,0,0,0,1,0,0,0,1,0,1,1,1,0,0,1,0,0.2777777777777778,7.9605989494205955,1
92,1,0,1,0,0,0,1,1,0,0,1,0,0,0,0,0,0,1,0,1,1,1,0,0,0,1,1,0,1,0,0,0,0,1,0,0,0.2222222222222222,17.984338775541907,1
93,0,1,0,0,1,1,0,0,1,1,0,0,0,0,1,0,1,0,1,0,0,0,0,1,0,0,0,1,0,1,1,1,0,0,1,0,0.3888888888888889,9.523303718080111,1
94,0,0,1,0,1,1,0,0,1,1,1,0,0,0,1,0,1,0,1,0,0,0,0,1,0,0,1,1,0,1,1,0,0,0,0,0,0.25,6.50816035960852,1
95,0,0,1,0,1,1,0,0,1,1,0,0,1,0,1,1,1,0,1,0,0,0,0,1,1,0,0,1,0,1,0,1,0,1,1,0,0.3055555555555556,13.793084843525317,1
96,0,0,1,0,1,1,1,0,1,1,0,0,1,0,1,0,1,0,1,0,0,0,0,1,0,0,0,1,1,1,1,1,0,0,1,0,0.16666666666666666,9.715150876169755,1
97,1,0,1,1,0,0,1,1,0,0,1,0,1,0,0,0,0,1,0,1,1,1,0,0,0,1,1,0,1,0,0,0,1,1,1,0,0.25,21.64021616287232,1
98,0,0,0,0,1,1,0,0,1,1,0,0,1,0,1,0,1,0,1,0,0,0,0,1,0,0,0,1,0,1,1,1,0,0,1,0,0.3888888888888889,10.63956252793086,1
99,0,1,1,1,0,0,0,1,0,0,1,1,0,1,0,0,0,1,0,1,1,1,1,0,0,1,0,0,1,0,0,0,1,0,0,0,0.3055555555555556,20.685989938096093,1
