,0,1,2,3,4,5,6,7,8,9,10,11,12,13,14,15,16,17,18,19,20,21,22,23,24,25,26,27,28,29,30,31,32,33,34,35,chain_break_fraction,energy,num_occurrences
0,1,0,0,0,0,0,1,0,1,1,0,1,0,1,1,1,0,0,0,0,1,0,1,0,0,1,1,1,1,0,1,1,0,0,0,0,0.25,8.41615454712656,1
1,1,0,0,0,0,0,1,1,1,1,0,1,0,1,1,1,0,0,0,0,1,0,1,0,0,1,1,1,0,0,1,1,0,0,0,0,0.25,12.105079303808052,1
2,1,0,0,0,0,0,1,0,1,1,0,1,0,1,0,1,0,0,0,0,1,0,1,0,0,1,1,1,1,0,1,0,0,0,0,0,0.2777777777777778,7.031966685196073,1
3,1,0,0,0,1,0,1,0,1,1,0,1,0,1,1,1,0,0,0,0,1,0,1,0,0,1,1,1,1,0,1,0,0,0,0,0,0.2777777777777778,9.878048558910484,1
4,1,0,0,0,0,0,1,1,1,1,0,1,0,1,0,1,0,0,0,0,1,0,1,0,0,1,1,1,0,0,1,1,0,0,0,0,0.2777777777777778,10.124804872537574,1
5,1,0,0,0,0,0,1,0,1,1,0,1,0,1,1,1,0,0,0,0,1,0,1,0,1,1,1,1,0,0,1,0,0,0,0,0,0.3055555555555556,9.887626441711149,1
6,1,0,0,0,0,0,1,0,1,1,0,1,0,1,1,1,0,0,0,0,1,0,1,0,0,1,1,1,0,0,1,1,0,0,0,0,0.25,8.927241320678764,1
7,1,0,0,0,0,0,1,0,1,1,0,1,0,0,1,1,0,0,0,0,1,0,1,0,0,1,1,1,0,0,1,0,0,0,0,0,0.2777777777777778,6.229156437171738,1
8,1,0,0,0,1,0,1,0,1,1,0,1,0,1,1,1,0,0,0,1,1,0,1,0,0,1,1,1,0,0,1,0,0,0,0,0,0.25,9.879931523500716,1
9,1,0,0,0,0,0,1,1,1,1,0,1,0,1,1,1,0,0,0,0,1,0,1,0,0,1,1,1,0,0,1,0,0,0,0,0,0.3055555555555556,16.451100174027175,1
10,1,0,0,0,0,0,1,0,1,1,0,1,0,1,0,1,0,0,0,0,1,0,1,0,0,1,1,1,0,0,1,0,0,0,0,0,0.25,8.251766348265626,1
11,1,0,0,0,0,0,1,0,1,1,0,1,0,0,1,1,0,1,0,0,1,0,1,0,0,1,1,1,1,0,1,1,0,0,0,0,0.2777777777777778,7.896675716161999,1
12,1,0,0,0,0,0,1,0,1,1,0,1,0,0,1,1,0,1,0,1,1,0,1,0,0,1,1,1,0,0,1,0,0,0,0,0,0.2777777777777778,9.151742299401864,1
13,1,0,0,0,0,0,1,1,1,1,0,1,0,0,1,1,0,0,0,0,1,0,1,0,0,1,1,1,1,0,1,1,0,0,0,0,0.25,7.373579966024179,1
14,1,0,0,0,0,0,1,0,1,1,0,1,0,1,1,1,0,0,0,0,1,0,1,0,1,1,1,1,1,0,1,1,0,0,0,1,0.3055555555555556,14.622600504840575,1
15,1,0,0,0,0,0,1,0,1,1,0,1,0,0,1,1,0,1,0,0,1,0,1,0,0,1,1,1,1,0,1,0,0,0,0,0,0.3055555555555556,8.41603754039726,1
16,1,0,0,0,0,0,1,1,1,1,0,1,0,1,1,1,0,0,0,0,1,0,1,0,1,1,1,1,1,0,1,0,0,0,0,1,0.3055555555555556,12.293688134380606,1
17,1,0,0,0,1,0,1,0,1,1,0,1,0,1,1,1,0,1,0,1,1,0,1,0,0,1,1,1,0,0,1,0,0,0,0,0,0.2222222222222222,14.955134744176622,1
18,1,0,0,0,0,0,1,0,1,1,0,1,0,1,0,1,0,0,0,0,1,0,1,0,1,1,1,1,1,0,1,1,0,0,0,0,0.3055555555555556,9.793577522741586,1
19,1,0,0,0,0,0,1,1,1,1,0,1,0,0,0,1,0,0,0,0,1,0,1,0,0,1,1,1,0,0,1,1,0,0,0,0,0.25,7.1218004138935775,1
20,1,0,0,0,0,0,1,0,1,1,0,1,0,0,1,1,0,0,0,0,1,0,1,0,0,1,1,1,1,0,0,1,0,0,0,0,0.25,6.461182634988349,1
21,1,0,0,0,0,0,1,1,1,1,0,1,0,1,1,1,0,0,0,0,1,0,1,0,0,1,1,1,0,0,0,0,0,0,0,0,0.2222222222222222,20.624110609136736,1
22,1,0,0,0,0,0,1,0,1,1,0,1,0,1,1,1,0,0,0,0,1,0,1,0,0,1,1,1,0,0,1,1,0,0,0,0,0.2777777777777778,8.927241320678764,1
23,1,0,0,0,1,0,1,0,1,1,0,1,0,0,1,1,0,0,0,0,1,0,1,0,0,1,1,1,1,0,1,0,0,0,0,0,0.3055555555555556,5.875044100357109,1
24,1,0,0,0,0,0,1,1,1,1,0,1,0,1,0,0,0,0,0,0,1,0,1,0,0,1,1,1,0,0,1,0,0,0,0,0,0.2222222222222222,9.509912214410512,1
25,1,0,0,0,0,0,1,0,1,1,0,1,0,0,1,1,0,0,0,0,1,0,1,0,0,1,1,1,0,0,1,1,0,0,0,1,0.3055555555555556,11.1603118177429,1
26,1,0,0,0,1,0,1,0,1,1,0,1,0,0,1,1,0,0,0,0,1,0,1,0,1,1,1,1,0,0,1,0,0,0,0,0,0.3055555555555556,7.3617595540874285,1
27,1,0,0,0,0,0,1,0,1,1,0,1,0,0,1,1,0,0,0,0,1,0,1,0,1,1,1,1,1,0,1,0,0,0,0,0,0.2777777777777778,6.682677323012372,1
28,1,0,0,0,1,0,1,0,1,1,0,1,0,1,1,1,0,0,0,1,1,0,1,0,0,1,1,1,0,0,1,0,0,0,0,1,0.2222222222222222,11.78745487695592,1
29,1,0,0,0,0,0,1,1,1,1,0,1,0,1,1,1,0,0,0,0,1,0,1,0,1,1,1,1,1,0,1,0,0,0,0,0,0.25,12.686358958718818,1
30,1,0,0,0,1,0,1,0,1,1,0,1,0,0,0,1,0,0,0,0,1,0,1,0,0,1,1,1,0,0,1,1,0,0,0,0,0.3333333333333333,5.646305598022886,1
31,1,0,0,0,0,0,1,1,1,1,0,1,0,0,1,1,0,0,0,0,1,0,1,0,0,1,1,1,0,0,1,1,0,0,0,1,0.3333333333333333,9.918687561437562,1
32,1,0,0,0,1,0,1,1,1,1,0,1,0,1,0,1,0,0,0,0,1,0,1,0,0,1,1,1,1,0,1,0,0,0,0,0,0.25,13.808041405030758,1
33,1,0,0,0,1,0,1,0,1,1,0,1,0,1,1,1,0,0,0,0,1,0,1,0,1,1,1,1,0,0,1,1,0,0,0,0,0.2777777777777778,9.298482047443478,1
34,1,0,0,0,0,0,1,0,1,1,0,1,0,1,1,1,0,0,0,0,1,0,1,0,0,1,1,1,0,0,0,1,0,0,0,1,0.2777777777777778,10.320034741260303,1
35,1,0,0,0,1,0,1,0,1,1,0,1,0,1,1,1,0,0,0,0,1,0,1,0,1,1,1,1,0,0,1,1,0,0,0,0,0.3333333333333333,9.298482047443478,1
36,1,0,0,0,0,0,1,1,1,1,0,1,0,0,1,1,0,0,0,1,1,0,1,0,0,1,1,1,0,0,1,0,0,0,0,0,0.2222222222222222,8.963081600190055,1
37,1,0,0,0,1,0,1,0,1,1,0,1,0,0,1,1,0,0,0,0,1,0,1,0,1,1,1,1,0,0,1,0,0,0,0,0,0.2777777777777778,7.3617595540874285,1
38,1,0,0,0,0,0,1,0,1,1,0,1,0,0,1,1,0,0,0,0,1,0,1,0,0,1,1,1,0,0,1,0,0,0,0,1,0.3333333333333333,7.473748747490709,1
39,1,0,0,0,0,0,1,0,1,1,0,1,0,0,1,1,0,1,0,0,1,0,1,0,1,1,1,1,0,0,1,1,0,0,0,0,0.3333333333333333,9.080412001334505,1
40,1,0,0,0,1,0,1,0,1,1,0,1,0,0,0,1,0,1,0,0,1,0,1,0,1,1,1,1,1,0,1,0,0,0,0,1,0.3055555555555556,10.028261472733345,1
41,1,0,0,0,0,0,1,1,1,1,0,1,0,1,1,1,0,0,0,0,1,0,1,0,0,1,1,1,1,0,1,1,0,0,0,0,0.2222222222222222,10.376584424577805,1
42,1,0,0,0,0,0,1,1,1,1,0,1,0,0,1,1,0,0,0,0,1,0,1,0,0,1,1,1,1,0,1,0,0,0,0,1,0.25,8.985444669882092,1
43,1,0,0,0,0,0,1,1,1,1,0,1,0,0,1,1,0,0,0,0,1,0,1,0,0,1,1,1,1,0,1,0,0,0,0,1,0.2777777777777778,8.985444669882092,1
44,1,0,0,0,1,0,1,0,1,1,0,1,0,1,1,1,0,0,0,0,1,0,1,0,1,1,1,1,1,0,0,0,0,0,0,0,0.25,11.978944310605259,1
45,1,0,0,0,1,0,1,0,1,1,0,1,0,0,1,1,0,0,0,0,1,0,1,0,0,1,1,1,1,0,0,0,0,0,0,0,0.3333333333333333,7.811112719657802,1
46,1,0,0,0,1,0,1,0,1,1,0,1,0,1,1,1,0,0,0,0,1,0,1,0,1,1,1,1,0,0,1,0,0,0,0,0,0.2777777777777778,11.364764012731172,1
47,1,0,0,0,0,0,1,0,0,1,0,1,0,1,1,1,0,0,0,0,1,0,1,0,0,1,1,1,1,0,0,0,0,0,0,1,0.2222222222222222,8.472593980837733,1
48,0,0,0,0,0,0,1,0,1,1,0,1,0,0,1,1,0,1,0,0,1,0,1,0,0,1,1,1,1,0,1,0,0,0,0,0,0.19444444444444445,7.416697537350974,1
49,1,0,0,0,1,0,1,1,1,1,0,1,0,1,0,1,0,0,0,0,1,0,1,0,1,1,1,1,1,0,1,0,0,0,0,0,0.3055555555555556,13.148751897732739,1
50,1,0,0,0,1,0,1,1,1,1,0,1,0,1,1,1,0,0,0,0,1,0,1,0,1,1,1,1,1,0,1,0,0,0,0,0,0.25,15.45962764198856,1
51,1,0,0,0,0,0,1,0,1,1,0,1,0,1,1,1,0,0,0,0,1,0,1,0,1,1,1,1,1,0,1,1,0,0,0,0,0.25,9.604326444355538,1
52,1,0,0,0,1,0,1,0,1,1,0,1,0,1,0,1,0,0,0,0,1,0,1,0,0,1,1,1,1,0,1,1,0,0,0,0,0.25,7.025776092432334,1
53,1,0,0,0,0,0,1,0,1,1,0,1,0,1,1,1,0,0,0,0,0,0,1,0,0,1,1,1,0,0,1,1,0,0,0,0,0.3333333333333333,9.060403073931887,1
54,1,0,0,0,1,0,1,0,1,1,0,1,1,0,1,1,0,0,0,0,1,0,1,0,0,1,1,1,0,0,1,0,0,0,0,0,0.2777777777777778,8.709076368918378,1
55,1,0,0,0,1,0,1,0,1,1,0,1,0,1,1,1,0,1,0,0,1,0,1,0,1,1,1,1,0,0,0,0,0,0,0,0,0.3333333333333333,21.7159169990651,1
56,1,0,0,0,0,0,1,0,1,1,0,1,0,0,1,1,0,0,0,0,1,0,1,0,1,1,1,1,1,0,0,0,0,0,0,0,0.2777777777777778,7.223354991617475,1
57,1,0,0,0,1,0,1,0,1,1,0,1,0,1,0,1,1,0,0,0,1,0,1,0,1,1,1,1,0,0,1,0,0,0,0,0,0.25,11.106929849160231,1
58,1,0,0,0,0,0,1,0,1,1,0,1,0,1,1,1,1,0,0,0,1,0,1,0,1,1,1,1,1,0,1,1,0,0,0,1,0.3055555555555556,13.351208019592358,1
59,1,0,0,0,0,0,1,1,1,1,0,1,0,1,1,1,0,1,0,0,1,0,1,0,0,1,1,1,1,0,1,0,0,0,0,1,0.3333333333333333,17.11755648276959,1
60,1,0,0,0,0,0,1,0,1,1,0,1,0,0,1,1,0,0,0,0,1,0,1,0,1,1,1,1,0,0,1,1,0,0,0,0,0.3333333333333333,8.5944121635508,1
61,0,0,0,0,0,0,1,1,1,1,0,1,0,1,0,1,0,0,0,0,1,0,1,0,0,1,1,1,1,0,1,0,0,0,0,0,0.25,9.534108365476987,1
62,1,0,0,0,1,0,1,0,1,1,0,1,0,1,1,1,0,0,0,0,1,0,1,0,1,1,1,1,1,0,1,0,0,0,0,1,0.3611111111111111,10.262092528728832,1
63,1,0,0,0,0,0,1,0,1,1,0,1,0,0,0,1,0,0,0,0,1,0,1,0,0,1,1,1,1,1,0,1,0,0,0,0,0.3055555555555556,11.250245614209822,1
64,1,0,0,0,1,0,1,1,1,1,0,1,0,1,0,1,0,0,0,0,1,0,1,0,1,1,1,1,1,0,1,0,0,0,0,0,0.25,13.148751897732739,1
65,1,0,0,0,1,0,1,0,1,1,0,1,0,0,1,1,0,0,0,0,1,0,1,0,1,1,1,1,1,0,1,1,0,0,0,1,0.3333333333333333,13.393143232583308,1
66,1,0,0,0,1,0,1,0,1,1,0,1,1,0,1,1,0,1,0,0,1,0,1,0,0,1,1,1,1,0,0,1,0,0,0,0,0.3055555555555556,10.332718772423332,1
67,1,0,0,0,0,0,1,0,1,1,0,1,0,1,1,1,0,0,0,0,1,0,1,0,1,1,1,1,0,0,1,0,0,0,0,1,0.3611111111111111,10.264849611746719,1
68,1,0,0,0,0,0,1,1,1,1,0,1,0,0,1,1,0,1,0,0,1,0,1,0,0,1,1,1,1,0,1,0,0,0,0,0,0.2777777777777778,13.666109394634459,1
69,1,0,0,0,1,0,1,0,1,1,0,1,0,1,1,1,0,0,0,0,1,0,1,0,0,1,1,1,0,0,1,0,0,0,0,1,0.2777777777777778,10.140241453077056,1
70,1,0,0,0,1,0,1,1,1,1,0,1,0,0,0,1,0,0,0,0,1,0,1,0,1,1,1,1,0,0,1,0,0,0,0,1,0.2777777777777778,10.32284791784857,1
71,1,0,0,0,0,0,1,0,1,1,0,1,0,0,1,1,0,0,0,0,1,0,1,0,0,1,1,1,1,0,1,0,0,0,0,0,0.25,5.509215181403499,1
72,1,0,0,0,0,0,1,0,1,1,0,1,0,0,0,1,0,1,0,0,1,0,1,0,1,1,1,1,0,0,1,0,0,0,0,0,0.2777777777777778,8.48290631356679,1
73,1,0,0,0,0,0,1,1,1,1,0,1,0,0,1,1,0,0,0,0,1,0,1,0,0,1,1,1,1,0,1,0,0,0,0,0,0.2222222222222222,8.510746353936899,1
74,1,0,0,0,0,0,1,0,1,1,0,1,0,0,1,1,0,1,0,0,1,0,1,0,1,1,1,1,1,0,1,0,0,0,0,0,0.3055555555555556,8.589444770284397,1
75,1,0,0,0,1,0,1,1,1,1,0,1,0,0,1,1,0,0,0,0,0,0,1,0,0,1,1,1,1,0,1,0,0,0,0,0,0.25,12.004437035606797,1
76,1,0,0,0,0,0,1,1,1,1,0,1,1,1,0,0,0,0,0,0,1,0,1,0,1,1,1,1,1,0,1,0,0,0,0,0,0.19444444444444445,10.755245440381424,1
77,1,0,0,0,1,0,1,0,1,1,0,1,0,1,1,1,0,0,0,0,1,0,1,0,0,1,1,1,1,0,0,1,0,0,0,0,0.25,8.941979939609787,1
78,0,0,0,0,0,0,1,1,1,1,0,1,0,0,0,1,0,0,0,0,1,0,1,0,1,1,1,1,0,0,0,0,0,0,0,0,0.2222222222222222,9.954777477701716,1
79,1,0,0,0,1,0,1,0,1,1,0,1,0,0,1,1,0,0,0,0,1,0,1,0,0,1,1,1,1,0,0,0,0,0,0,1,0.3055555555555556,7.894602496860982,1
80,1,0,0,0,1,0,1,0,1,1,0,1,0,0,1,1,0,1,0,0,1,0,1,0,0,1,1,1,0,0,1,0,0,0,0,1,0.3611111111111111,10.21739985777942,1
81,1,0,0,0,1,0,1,0,1,1,0,1,0,1,0,1,0,0,0,0,1,0,1,0,1,1,0,1,0,0,1,1,0,0,0,1,0.3611111111111111,9.572924604027108,1
82,1,0,0,0,1,0,1,0,1,1,0,1,0,0,0,1,0,0,0,0,0,0,1,0,1,1,1,1,0,0,1,1,0,0,0,0,0.2777777777777778,5.758765919507005,1
83,1,0,0,0,0,0,1,0,1,1,0,1,0,1,1,1,0,1,0,0,1,0,1,0,1,1,1,1,1,0,1,0,0,0,0,0,0.25,12.592449228837742,1
84,1,0,0,0,0,0,1,0,1,1,0,1,0,0,1,1,0,1,0,0,1,0,1,0,1,1,1,1,0,0,1,0,0,0,0,0,0.3055555555555556,9.793918552256073,1
85,1,0,0,0,1,0,1,0,1,1,0,1,0,1,1,1,0,0,0,0,1,0,1,0,1,1,1,1,1,0,1,1,0,0,0,0,0.3611111111111111,8.692803086133328,1
86,1,0,0,0,1,0,1,0,1,1,0,1,0,1,1,1,0,0,1,0,1,0,1,0,0,1,1,1,0,0,1,0,0,0,0,0,0.2777777777777778,10.045255060870481,1
87,1,0,0,0,1,0,1,0,1,1,0,1,0,0,0,1,0,1,0,0,0,0,1,0,1,1,1,1,0,0,1,1,0,0,0,0,0.25,7.443790239899014,1
88,1,0,0,0,0,0,1,0,1,1,0,1,0,0,1,1,1,0,1,0,1,0,1,0,0,1,1,1,0,0,1,0,0,0,0,0,0.16666666666666666,6.198253200545154,1
89,1,0,0,0,1,0,1,0,1,1,0,1,0,0,1,1,1,0,1,1,1,0,1,0,1,1,1,1,0,0,0,0,0,0,0,0,0.19444444444444445,9.38206098236746,1
90,1,0,0,0,0,0,1,1,1,1,0,1,0,1,1,0,0,0,0,0,1,0,1,0,1,1,1,1,1,0,1,0,0,0,0,0,0.3611111111111111,9.06461512697602,1
91,1,0,0,0,1,0,1,0,1,1,0,1,0,0,0,1,0,0,0,0,1,0,1,0,1,1,1,1,0,0,0,1,0,0,0,0,0.2777777777777778,7.017663451021981,1
92,1,0,0,0,0,0,1,0,0,1,0,1,0,1,1,1,0,0,0,1,1,0,1,0,1,1,1,1,1,0,1,0,0,0,0,1,0.3055555555555556,17.04713372148303,1
93,1,0,0,0,0,0,1,0,0,1,0,1,0,1,1,1,1,0,0,1,1,0,1,0,0,1,1,1,1,0,0,1,0,0,0,0,0.25,9.587927729800017,1
94,0,0,0,0,1,0,1,0,0,1,0,1,0,0,1,1,0,0,0,0,1,0,1,0,0,1,1,1,1,0,1,1,0,0,0,0,0.2222222222222222,6.51970194170726,1
95,1,0,0,0,0,0,1,1,1,1,0,1,0,0,1,1,0,1,0,0,1,0,1,0,0,1,1,1,0,0,1,0,0,0,0,0,0.2777777777777778,16.60598787799738,1
96,0,0,0,0,1,0,1,0,1,1,0,1,0,0,0,1,0,0,0,0,1,0,1,0,1,1,1,1,0,0,0,1,0,0,0,0,0.3333333333333333,7.515166103363248,1
97,1,0,0,0,0,0,1,0,1,1,0,1,1,0,1,1,0,1,0,0,1,0,1,0,1,1,1,1,0,0,0,0,0,0,0,0,0.2777777777777778,14.152174057038717,1
98,0,0,1,0,1,0,1,0,1,1,0,1,0,1,0,1,0,0,0,0,0,0,1,0,0,1,1,1,0,0,1,0,0,0,0,1,0.25,8.625137752135345,1
99,1,0,0,0,1,0,1,0,0,1,0,1,0,0,0,1,0,0,0,0,1,0,1,0,1,1,1,1,0,0,0,0,0,0,0,0,0.3888888888888889,6.598336682386679,1
