,0,1,2,3,4,5,6,7,8,9,10,11,12,13,14,15,16,17,18,19,20,21,22,23,24,25,26,27,28,29,30,31,32,33,34,35,chain_break_fraction,energy,num_occurrences
0,0,1,0,1,1,0,0,1,0,0,0,0,1,1,0,1,0,0,0,1,1,1,0,0,1,0,0,0,0,0,1,0,1,0,1,0,0.19444444444444445,10.691207898004196,1
1,0,1,0,1,0,0,0,1,0,0,1,0,1,1,0,1,0,0,0,1,1,1,0,0,1,0,0,0,0,0,1,0,1,0,1,0,0.19444444444444445,12.365354355010352,1
2,0,1,0,1,1,0,0,1,0,0,1,0,0,1,0,1,0,0,0,1,1,1,0,0,1,0,0,0,0,0,1,0,1,0,1,0,0.16666666666666666,13.166417630580957,1
3,0,1,0,1,0,0,0,1,0,0,1,1,1,1,0,1,0,0,0,1,1,1,0,0,1,0,0,0,0,0,1,0,1,0,1,0,0.2222222222222222,22.430325441276214,1
4,0,1,1,1,1,0,0,1,0,0,1,0,1,1,0,1,0,0,0,1,1,1,0,0,1,0,0,0,0,0,1,0,1,0,1,0,0.25,17.26219071629306,1
5,0,1,0,1,1,0,0,1,0,0,0,0,1,1,0,1,0,0,0,1,1,1,0,0,1,0,0,0,0,0,1,0,1,0,1,0,0.2222222222222222,10.691207898004196,1
6,0,1,0,1,1,0,0,1,1,0,1,0,1,1,0,1,0,0,0,1,1,1,0,0,1,0,0,0,0,0,1,0,1,0,1,0,0.2222222222222222,16.126890788655086,1
7,0,1,1,1,1,0,0,1,0,0,1,0,1,1,0,1,0,0,0,1,1,1,0,0,1,0,0,0,0,0,1,0,1,0,1,0,0.16666666666666666,17.26219071629306,1
8,0,1,0,1,1,0,0,1,0,0,1,0,1,1,0,1,0,0,0,1,1,1,0,0,1,0,0,1,0,0,1,0,1,0,1,0,0.19444444444444445,14.516454080823713,1
9,0,1,0,1,1,0,0,1,1,0,1,0,1,1,0,1,0,0,0,1,1,1,0,0,1,0,0,0,0,0,1,0,1,0,1,0,0.25,16.126890788655086,1
10,0,1,0,1,1,0,0,1,0,0,0,0,1,1,0,1,0,0,0,1,1,1,0,0,1,0,0,0,0,0,1,0,1,0,1,0,0.2222222222222222,10.691207898004196,1
11,0,1,0,1,1,0,0,1,1,0,1,0,0,1,0,1,0,0,0,1,1,1,0,0,1,0,0,0,0,0,1,0,1,0,1,0,0.19444444444444445,14.476017298766289,1
12,0,1,1,1,1,0,0,1,0,0,1,0,1,1,0,1,0,0,0,1,1,0,0,0,1,0,0,0,0,0,1,0,1,0,1,0,0.2222222222222222,22.70058556230586,1
13,0,1,0,1,1,0,0,1,0,0,1,1,1,1,0,1,0,0,0,1,1,1,0,0,1,0,0,0,0,0,1,0,1,0,1,0,0.3055555555555556,25.569453278741992,1
14,0,1,0,1,1,0,0,1,0,0,1,0,1,1,0,1,0,0,0,1,1,1,0,0,0,0,0,0,0,0,1,0,1,0,1,0,0.25,15.90959524463854,1
15,0,1,0,1,1,0,0,1,0,0,0,0,1,1,0,1,0,0,0,1,1,1,0,0,1,0,0,0,0,0,1,0,1,0,1,0,0.2222222222222222,10.691207898004196,1
16,0,1,0,1,1,0,0,1,0,0,1,0,0,1,0,1,0,0,0,1,1,1,0,0,1,0,0,0,0,0,1,0,1,0,1,0,0.19444444444444445,13.166417630580957,1
17,0,1,0,1,1,0,0,1,0,0,1,0,0,1,0,1,0,0,0,1,1,1,0,0,1,0,0,0,0,0,1,0,1,0,1,0,0.16666666666666666,13.166417630580957,1
18,0,1,0,1,1,0,0,1,0,0,0,0,1,1,0,1,0,0,0,1,0,1,0,0,1,0,0,0,0,0,1,0,1,0,1,0,0.1388888888888889,12.370862907925334,1
19,0,1,0,1,0,0,0,1,1,0,1,0,1,1,0,1,0,0,0,1,1,1,0,0,1,0,0,0,0,0,1,0,1,0,1,0,0.16666666666666666,13.673173533295989,1
20,0,1,0,1,0,0,0,1,0,0,0,0,1,1,0,1,0,0,0,1,1,1,0,0,1,0,0,0,0,0,0,0,1,0,1,0,0.19444444444444445,9.874199132109828,1
21,0,1,0,1,1,0,0,1,0,0,1,0,1,1,0,1,0,0,0,1,1,1,0,0,1,0,0,1,0,0,1,0,1,0,1,0,0.25,14.516454080823713,1
22,0,1,0,1,1,0,0,1,0,0,1,0,1,1,0,0,1,0,0,1,1,1,0,0,1,0,0,0,0,0,0,0,1,0,1,0,0.19444444444444445,10.350879004777761,1
23,0,1,0,1,1,0,0,1,0,0,0,0,0,1,0,1,0,0,0,1,1,1,0,0,1,0,0,0,0,0,1,0,1,0,1,0,0.2222222222222222,10.053439204771491,1
24,0,1,0,1,0,0,0,1,1,0,1,0,1,1,0,1,0,0,0,1,1,1,0,0,1,0,0,1,0,0,1,0,1,0,1,0,0.19444444444444445,13.874556784697901,1
25,0,1,0,1,0,0,0,1,0,0,1,0,1,1,0,1,0,0,0,1,1,1,0,1,1,0,0,0,0,0,1,0,1,0,1,0,0.2222222222222222,14.139374581858837,1
26,0,1,0,1,0,0,0,1,0,0,1,1,1,1,0,1,0,0,0,1,1,1,0,0,1,0,0,0,0,0,1,0,1,0,1,0,0.2222222222222222,22.430325441276214,1
27,0,1,0,1,1,0,0,1,0,0,1,0,1,1,0,1,0,0,0,1,1,1,0,0,1,0,0,0,0,0,1,0,1,0,0,0,0.19444444444444445,15.938819219278557,1
28,0,1,0,1,0,0,0,1,0,0,1,0,0,1,0,1,1,0,0,1,1,1,0,0,1,0,0,0,0,0,1,0,1,0,1,0,0.2222222222222222,14.29632671322351,1
29,0,1,1,1,1,0,0,1,1,0,0,0,1,1,0,1,0,0,0,1,1,1,0,0,1,0,0,0,0,0,1,0,1,0,1,0,0.2222222222222222,14.945796231965074,1
30,0,1,1,1,1,0,0,1,0,0,0,0,0,1,0,1,0,0,0,1,0,1,0,0,1,0,0,0,0,0,1,0,1,0,1,0,0.2222222222222222,13.367672178436825,1
31,0,1,1,1,0,0,0,1,1,0,0,0,1,1,0,1,0,0,0,1,1,1,0,0,1,0,0,0,0,0,1,0,1,0,1,0,0.2222222222222222,12.58566294233505,1
32,0,1,0,1,1,0,0,1,1,0,1,0,1,1,0,1,0,0,0,1,1,1,1,0,1,0,0,0,0,0,1,0,1,0,1,0,0.2222222222222222,14.989276502301726,1
33,0,1,0,1,1,0,0,1,0,0,0,0,0,1,0,1,0,0,0,1,1,1,0,0,1,0,0,0,0,0,0,0,1,0,1,0,0.19444444444444445,10.569179150679764,1
34,0,1,0,1,1,0,0,1,0,0,1,0,1,1,0,1,0,0,1,1,1,1,0,0,1,0,0,0,0,0,1,0,1,0,1,0,0.25,13.384168906039482,1
35,0,1,1,1,0,0,1,1,0,0,1,0,1,1,0,1,0,0,0,1,1,1,0,0,1,0,0,0,0,0,1,0,1,0,1,0,0.19444444444444445,19.34272942397207,1
36,0,1,0,1,0,0,0,1,0,0,0,0,0,1,0,1,0,0,0,1,1,1,0,0,1,0,0,0,0,0,1,0,1,0,0,0,0.19444444444444445,9.295876530647277,1
37,0,1,0,1,1,0,0,1,0,0,1,0,0,1,0,0,1,0,0,1,0,1,0,0,1,0,0,0,0,0,1,0,1,0,1,0,0.1388888888888889,9.46111365561668,1
38,0,1,0,1,0,0,0,1,0,0,0,0,1,1,0,1,0,1,0,1,1,1,0,0,1,0,0,0,0,0,1,0,1,0,1,0,0.2222222222222222,15.96771116488504,1
39,0,1,1,1,1,0,0,1,0,0,0,0,0,1,0,1,1,0,0,1,1,1,0,0,1,0,0,0,0,0,1,0,1,0,1,0,0.16666666666666666,14.980935136387659,1
40,0,1,0,1,1,0,0,1,0,0,1,0,1,1,0,1,0,1,0,1,1,1,0,1,1,0,0,0,0,0,1,0,1,0,1,0,0.2222222222222222,22.74231411524857,1
41,0,1,0,1,1,0,0,1,0,0,0,1,1,1,0,1,1,0,0,1,1,1,0,0,1,0,0,0,0,0,1,0,1,0,1,0,0.19444444444444445,24.60457948092601,1
42,0,1,0,1,1,0,0,1,0,0,1,0,1,1,0,1,0,0,0,1,1,1,1,0,1,0,0,0,0,0,1,0,1,0,1,0,0.2222222222222222,13.695760163888403,1
43,0,1,0,1,1,0,0,1,0,0,1,0,0,1,0,1,1,0,0,1,1,1,0,0,1,0,0,0,0,0,1,0,1,0,1,0,0.2222222222222222,16.4662420359548,1
44,0,1,0,1,1,0,0,1,0,0,1,1,0,1,0,1,0,0,0,1,1,1,0,0,1,0,0,0,0,0,1,0,1,0,1,0,0.2222222222222222,23.392374482199877,1
45,0,1,0,1,0,0,0,1,0,0,1,1,0,1,0,1,1,0,0,1,1,1,0,0,1,0,0,0,0,0,1,0,1,0,1,0,0.2222222222222222,24.95797948873936,1
46,0,1,0,1,0,0,0,1,0,0,0,0,1,1,0,1,0,0,0,1,1,1,1,0,0,0,0,0,0,0,1,0,1,0,1,0,0.19444444444444445,9.438442784389073,1
47,0,1,0,1,1,0,0,1,0,0,1,0,1,1,1,1,0,0,0,1,1,1,1,0,1,0,0,0,0,0,1,0,1,0,1,0,0.19444444444444445,17.82154349310211,1
48,0,1,0,1,0,0,0,1,0,0,0,1,0,1,0,1,0,0,0,1,1,1,0,0,1,0,0,0,0,0,1,0,1,0,1,0,0.2222222222222222,16.236782877682668,1
49,0,1,1,1,1,0,0,1,0,0,0,0,1,1,0,1,0,0,0,1,1,1,0,0,1,0,0,0,0,0,1,0,1,0,1,0,0.25,13.136108136877313,1
50,0,1,0,1,1,0,0,1,1,0,0,0,1,1,0,1,0,0,0,1,1,1,0,0,1,0,0,0,0,0,1,0,0,0,1,0,0.2222222222222222,13.917752533703837,1
51,0,1,0,1,1,0,0,1,0,0,1,0,0,1,0,0,0,0,0,1,0,1,0,0,1,0,0,0,0,0,1,0,1,0,1,0,0.2222222222222222,7.276090009079397,1
52,0,1,0,1,1,0,0,1,0,0,0,0,0,1,0,1,1,0,0,1,1,1,0,0,1,0,0,0,0,0,1,0,0,0,1,0,0.16666666666666666,13.679969406953504,1
53,0,1,0,1,0,0,0,1,1,0,1,0,0,1,0,1,0,0,0,1,1,1,0,0,1,0,0,0,0,0,1,0,1,0,1,0,0.3055555555555556,12.525218451718887,1
54,0,1,0,1,1,0,1,1,0,0,0,0,1,1,0,1,0,0,0,1,1,1,0,0,0,0,0,0,0,0,1,0,1,0,1,0,0.2222222222222222,15.909595244638526,1
55,0,1,0,1,1,0,0,1,0,0,1,0,1,1,0,1,0,0,0,1,1,1,0,0,1,0,0,0,0,0,1,0,1,0,1,0,0.2222222222222222,14.31728969158348,1
56,0,1,0,1,0,0,0,1,1,0,1,0,1,1,0,1,0,0,0,1,1,1,0,0,1,0,0,0,0,0,1,0,0,0,1,0,0.25,15.589620193552914,1
57,0,1,0,1,1,0,1,1,1,0,0,0,1,1,0,1,0,0,0,1,1,1,0,0,1,0,0,0,0,0,1,0,1,0,1,0,0.2222222222222222,16.12689078865508,1
58,0,0,0,1,1,0,0,1,0,0,0,0,0,1,0,1,0,0,0,1,0,1,0,0,1,0,0,0,0,0,1,0,1,0,1,0,0.19444444444444445,7.456061082294774,1
59,0,1,0,1,0,0,0,1,0,0,0,0,1,1,0,1,0,0,0,1,1,1,0,0,1,0,0,0,0,0,1,0,1,0,1,0,0.19444444444444445,9.332868811877407,1
60,0,1,0,1,1,0,1,1,0,0,1,0,1,1,0,1,0,0,0,1,1,1,0,0,1,0,0,1,0,0,1,0,1,0,1,0,0.25,18.14192841350265,1
61,0,1,0,1,1,0,0,1,1,0,1,0,1,1,0,0,0,0,0,1,0,1,0,0,1,0,0,0,0,0,1,0,1,0,1,0,0.25,9.553386089830768,1
62,0,1,0,1,0,0,0,1,1,0,1,1,0,1,0,1,0,0,0,1,1,1,0,0,1,0,0,0,0,0,1,1,1,0,1,0,0.16666666666666666,22.532358027877297,1
63,0,1,0,1,0,0,0,1,0,0,1,1,1,1,0,1,0,0,0,1,1,1,0,0,1,0,0,0,0,0,1,0,1,0,1,0,0.2777777777777778,22.430325441276214,1
64,0,1,0,1,1,0,0,1,0,0,0,0,1,1,0,1,0,1,0,1,1,1,0,1,1,0,0,0,0,0,1,1,1,0,1,0,0.25,22.2322313525883,1
65,0,1,0,1,0,0,0,1,0,0,0,0,1,1,0,1,0,0,0,1,0,1,0,1,1,0,0,0,0,0,1,0,1,0,1,0,0.19444444444444445,12.238207191722557,1
66,0,1,0,1,1,0,1,1,0,0,1,0,1,1,0,1,0,0,0,1,1,1,0,1,1,0,0,0,0,0,1,0,1,0,1,0,0.2222222222222222,18.69971550104152,1
67,0,1,0,1,0,0,0,1,0,0,1,0,1,1,0,1,0,0,0,1,0,1,0,1,1,0,0,0,0,0,1,0,1,0,1,0,0.2222222222222222,14.771091186197031,1
68,0,1,0,1,1,0,1,1,1,0,0,0,1,1,0,1,0,0,0,1,1,1,0,0,1,0,0,0,0,0,1,0,1,0,1,0,0.25,16.12689078865508,1
69,0,1,0,1,0,0,0,1,1,0,1,1,0,1,0,1,0,0,0,1,1,1,0,0,1,0,0,0,0,0,1,0,1,0,1,0,0.25,22.563985049460133,1
70,0,1,0,1,1,0,0,1,0,0,1,0,0,1,0,1,0,0,0,1,0,1,0,0,1,0,0,0,0,0,1,0,1,0,1,0,0.19444444444444445,14.504037620843546,1
71,0,1,0,1,0,0,0,1,1,0,1,0,0,1,0,1,0,0,0,1,1,1,0,0,1,0,0,0,0,0,0,0,1,0,1,0,0.25,13.540097681239073,1
72,0,1,0,1,1,0,0,1,0,0,1,0,0,1,0,1,0,0,0,1,1,1,0,0,1,0,0,0,0,0,1,0,1,0,1,0,0.25,13.166417630580957,1
73,0,1,0,1,1,0,0,1,0,0,0,0,0,1,1,1,0,0,0,1,1,1,0,1,1,0,0,0,0,0,1,0,1,0,1,0,0.2222222222222222,14.95302541222947,1
74,0,1,0,1,0,0,0,1,1,0,1,0,1,1,0,1,0,0,0,1,1,1,0,0,1,0,0,0,0,0,1,0,1,0,1,0,0.2777777777777778,13.673173533295989,1
75,0,1,0,1,1,0,0,1,1,0,1,0,1,1,0,1,0,0,1,1,1,1,0,0,1,0,0,0,0,0,1,0,1,0,1,0,0.2222222222222222,14.60945212344062,1
76,0,1,0,1,1,0,1,1,1,0,0,0,0,1,0,1,0,0,0,1,1,1,0,0,1,0,0,0,0,0,1,0,1,0,1,0,0.19444444444444445,14.476017298766285,1
77,0,1,0,1,1,0,0,1,0,0,1,0,0,1,0,1,0,0,0,1,0,1,0,0,1,0,1,0,0,0,1,0,1,0,1,0,0.25,13.49553914363233,1
78,0,1,0,1,0,0,0,1,0,0,0,0,0,1,0,1,1,0,0,1,1,1,0,1,1,0,0,0,0,0,1,0,1,0,1,0,0.19444444444444445,13.754062274242953,1
79,0,1,1,1,1,0,0,1,0,0,0,0,0,1,0,1,0,0,0,1,1,1,0,0,1,0,0,0,0,0,1,0,0,0,0,0,0.2222222222222222,14.961886134027644,1
80,0,1,0,1,0,0,0,1,0,0,1,0,1,1,0,1,0,0,0,1,1,1,1,0,1,0,0,0,0,0,1,0,0,0,1,0,0.2222222222222222,13.065556053095587,1
81,0,1,0,1,0,0,0,1,0,0,0,0,1,1,1,1,0,0,0,1,1,1,0,0,1,0,0,0,0,0,1,0,0,0,1,0,0.19444444444444445,13.78175872647055,1
82,0,1,0,1,0,0,0,1,1,0,0,0,1,1,0,1,0,0,0,1,1,1,0,1,1,0,0,0,0,0,1,0,1,0,1,0,0.19444444444444445,11.883134504918532,1
83,0,1,1,1,1,0,0,1,0,0,1,0,1,1,0,1,1,0,0,1,1,1,0,1,1,0,0,0,0,0,1,0,1,0,1,0,0.25,20.18785130778479,1
84,1,1,0,1,1,0,0,1,0,0,0,0,0,1,0,1,1,0,0,1,1,1,0,0,1,0,0,0,0,0,1,0,0,0,1,0,0.19444444444444445,16.871934378344616,1
85,0,1,1,1,1,0,0,1,0,0,1,0,1,1,0,1,0,0,0,1,1,1,0,0,1,0,0,1,0,0,1,0,1,0,1,0,0.2777777777777778,16.044210138945992,1
86,0,1,0,1,1,0,0,1,1,0,0,0,0,1,0,1,0,0,0,1,0,1,0,1,1,0,0,0,1,0,1,0,1,0,1,0,0.2222222222222222,14.000073720254052,1
87,0,1,0,1,1,0,0,1,0,0,1,0,1,1,0,1,0,0,0,1,1,1,1,0,1,0,0,0,0,0,0,0,1,0,1,0,0.2777777777777778,14.27536467430553,1
88,0,1,0,1,1,0,0,1,0,0,0,1,0,1,0,1,0,0,0,1,0,1,0,0,1,0,0,0,0,0,0,0,1,0,1,0,0.19444444444444445,22.189028278161423,1
89,0,1,0,1,1,0,0,1,0,0,0,0,1,1,0,0,1,0,0,1,1,1,0,1,1,0,0,0,0,0,1,0,1,0,1,0,0.19444444444444445,9.597485143992012,1
90,1,0,0,1,1,0,0,1,0,0,1,0,1,1,0,0,1,0,0,0,1,0,0,0,1,0,1,0,0,0,0,0,1,0,1,0,0.19444444444444445,12.363352861466131,1
91,0,1,0,1,0,0,0,1,0,0,0,0,1,1,0,1,0,0,0,0,1,1,0,1,1,0,0,0,0,0,0,0,1,0,1,0,0.2222222222222222,11.425180120084208,1
92,0,1,1,1,1,0,0,1,0,0,0,0,0,1,0,0,1,0,0,1,1,1,0,0,1,0,0,0,0,0,1,0,0,0,1,0,0.16666666666666666,8.828170746042057,1
93,1,1,1,1,1,0,0,1,0,0,0,0,1,1,0,1,1,0,1,1,1,1,0,0,1,0,0,0,0,0,1,0,1,0,1,0,0.16666666666666666,18.615840859327744,1
94,0,1,0,1,0,0,1,1,0,0,0,0,1,1,0,1,0,0,0,1,0,1,1,0,0,0,0,0,0,0,1,0,1,0,1,0,0.19444444444444445,14.247089661556881,1
95,1,0,0,1,1,0,1,1,1,0,0,0,1,1,1,1,0,0,0,1,0,1,0,0,1,0,0,0,0,0,1,0,1,0,1,0,0.25,19.707700843458554,1
96,0,0,0,1,0,0,1,1,0,0,1,0,1,1,0,1,0,0,0,1,1,1,0,1,1,0,0,0,1,0,1,0,1,0,0,0,0.1388888888888889,14.860348128920375,1
97,0,1,0,1,0,0,0,1,1,0,0,1,1,1,0,1,0,0,0,1,1,1,1,0,1,0,0,0,0,0,1,0,0,0,1,0,0.16666666666666666,19.892014744391545,1
98,0,1,1,1,1,0,0,1,1,0,0,0,0,1,0,1,1,0,0,1,1,1,0,0,1,0,1,0,0,0,1,0,1,0,1,0,0.2777777777777778,15.272158743527173,1
99,0,1,0,1,0,0,0,1,0,0,0,0,0,1,0,0,0,0,0,1,1,1,0,1,1,0,0,0,0,0,0,0,1,0,1,0,0.25,9.033033382872167,1
