,0,1,2,3,4,5,6,7,8,9,10,11,12,13,14,15,16,17,18,19,20,21,22,23,24,25,26,27,28,29,30,31,32,33,34,35,chain_break_fraction,energy,num_occurrences
0,1,0,1,0,0,1,1,0,1,0,0,0,0,1,1,0,1,0,0,1,1,1,1,0,0,0,0,1,1,0,1,0,0,0,0,1,0.25,13.110496190515077,1
1,1,0,1,0,0,1,1,0,1,0,0,0,0,1,1,0,1,0,0,1,1,1,0,0,0,0,0,1,1,0,1,0,0,0,0,1,0.3055555555555556,10.409064061247312,1
2,1,0,1,0,0,1,1,0,1,0,0,1,0,1,1,0,1,0,0,1,1,1,0,0,0,0,0,1,1,0,1,0,0,0,0,1,0.25,9.820111247170725,1
3,1,0,1,0,0,1,1,0,1,0,0,0,0,1,1,0,1,0,0,1,1,1,0,0,0,0,0,1,1,0,1,0,0,0,0,1,0.2777777777777778,10.409064061247312,1
4,1,0,1,0,0,1,1,0,1,0,0,0,0,1,1,0,1,0,0,1,1,1,1,0,0,0,0,1,1,0,1,0,0,0,0,1,0.2777777777777778,13.110496190515077,1
5,1,0,1,0,0,1,1,0,1,0,1,1,0,1,1,0,1,0,0,1,1,1,0,0,0,0,0,1,1,0,1,0,0,0,0,1,0.19444444444444445,10.52563484013244,1
6,1,0,1,0,1,1,1,0,1,0,0,1,0,1,1,0,1,0,0,1,1,1,0,0,0,0,0,1,1,0,1,0,0,0,0,1,0.16666666666666666,10.96099328560751,1
7,1,0,1,0,1,1,1,0,1,0,0,0,0,1,0,0,1,0,0,1,1,1,0,0,0,0,0,1,1,0,1,0,0,0,0,1,0.25,11.042337944318328,1
8,1,0,1,0,0,1,1,0,1,0,0,0,0,1,0,0,1,0,0,1,1,1,1,0,0,0,0,0,1,0,1,0,0,0,0,1,0.2222222222222222,10.150777705985913,1
9,1,0,1,0,0,1,1,0,1,0,0,0,0,1,1,0,1,0,0,1,1,1,1,0,0,0,0,1,1,0,1,0,0,0,0,1,0.3055555555555556,13.110496190515077,1
10,1,0,1,0,0,1,1,0,1,0,1,1,0,1,1,0,1,0,0,1,1,1,0,0,0,0,0,1,1,0,1,0,0,0,0,1,0.2777777777777778,10.52563484013244,1
11,1,0,1,0,0,1,1,0,1,0,0,0,0,1,1,0,1,0,0,1,1,1,0,0,0,0,0,0,1,0,1,0,0,0,0,1,0.2777777777777778,7.9747387729133585,1
12,1,0,1,0,1,0,1,0,1,0,0,1,0,1,1,0,1,0,0,1,1,1,0,0,0,0,0,1,1,0,1,0,0,0,0,1,0.2222222222222222,8.679229208733942,1
13,1,0,1,0,1,1,1,0,1,0,1,0,0,1,1,0,1,0,0,1,1,1,0,0,0,0,0,1,1,0,1,0,0,0,0,1,0.3055555555555556,9.753553433152307,1
14,1,0,1,0,0,1,1,0,1,0,1,1,0,1,1,0,1,0,0,1,1,1,1,0,0,0,0,1,1,0,1,0,0,0,0,1,0.25,11.302007572273206,1
15,1,0,1,0,1,1,1,0,1,0,0,1,0,1,0,0,1,0,0,1,1,1,1,0,0,0,0,1,1,0,1,0,0,0,0,1,0.2222222222222222,11.87525472873509,1
16,1,0,1,0,0,1,0,0,1,0,1,1,0,1,0,0,1,0,0,1,1,1,0,0,0,0,0,1,1,0,1,0,0,0,0,1,0.2222222222222222,9.858314567845259,1
17,1,0,1,0,0,1,1,0,1,0,0,0,0,1,1,0,1,0,0,1,1,1,0,0,0,0,0,0,1,0,1,0,0,0,0,1,0.25,7.9747387729133585,1
18,1,0,1,0,0,1,1,0,1,0,0,0,0,1,0,0,1,0,0,1,1,1,0,1,0,0,0,1,1,0,1,0,0,0,0,1,0.25,19.80815268851345,1
19,1,0,1,0,0,0,1,0,1,0,1,0,0,1,1,0,1,0,0,1,1,1,0,0,0,0,0,1,1,0,1,0,0,0,0,1,0.3055555555555556,9.836656096322459,1
20,1,0,1,0,0,1,1,1,1,0,1,0,0,1,1,0,1,0,0,1,1,1,0,0,0,0,0,1,1,0,1,0,0,0,0,1,0.2777777777777778,12.193136244321602,1
21,1,0,1,0,0,1,1,0,1,0,0,1,0,1,1,0,1,0,0,1,1,0,1,0,0,0,0,1,1,0,1,0,0,0,0,1,0.25,9.538329442530465,1
22,1,0,1,0,0,0,1,0,1,0,1,0,0,1,1,0,1,0,0,1,1,1,0,0,0,0,0,1,1,0,1,0,0,0,0,1,0.2777777777777778,9.836656096322459,1
23,1,0,1,0,0,1,1,0,1,0,0,0,0,1,0,0,1,0,0,1,0,1,0,0,0,0,0,0,1,0,1,0,0,0,0,1,0.16666666666666666,7.340891646503357,1
24,1,0,1,0,0,1,1,0,1,0,1,0,0,1,0,0,1,0,0,1,1,1,0,0,0,0,0,0,1,0,1,0,0,0,0,1,0.1388888888888889,7.348438720069192,1
25,1,0,1,0,0,1,1,0,1,0,0,0,0,1,0,0,1,0,0,1,1,1,0,0,0,0,0,0,1,0,1,0,0,0,0,1,0.25,7.970963136534568,1
26,1,0,1,0,0,1,1,0,1,0,0,0,0,1,1,0,1,0,0,1,0,1,1,0,0,0,0,1,1,0,1,0,0,0,0,1,0.25,11.250731801634661,1
27,1,0,1,0,0,1,1,0,1,0,1,0,0,1,1,0,1,0,0,1,1,1,0,0,0,0,0,0,1,0,1,0,0,0,0,1,0.2777777777777778,7.852214356448048,1
28,1,0,1,0,1,1,1,0,1,0,1,1,0,1,0,0,1,0,0,1,1,1,1,0,0,0,0,1,1,0,1,0,0,0,0,1,0.25,11.941008115481228,1
29,1,0,1,0,0,1,1,0,1,0,0,1,0,1,1,0,1,0,0,1,1,1,0,0,0,0,0,0,1,0,1,0,0,0,0,1,0.19444444444444445,9.729689939982745,1
30,1,0,1,0,1,1,1,1,1,0,1,1,0,1,1,0,1,0,0,1,1,1,0,0,0,0,0,1,1,0,1,0,0,0,0,1,0.2777777777777778,18.49898614569235,1
31,1,0,0,0,1,1,1,0,1,0,0,0,0,1,1,0,1,0,0,1,1,1,0,0,0,0,0,1,1,0,1,0,0,0,0,1,0.2777777777777778,10.934884985759505,1
32,1,0,1,0,0,1,1,0,1,0,0,0,0,1,1,0,1,0,0,1,0,1,1,0,0,0,0,1,1,0,1,0,0,0,0,1,0.3055555555555556,11.250731801634661,1
33,1,0,1,0,1,1,1,0,1,0,0,1,0,1,1,0,1,0,0,1,0,1,0,0,0,0,0,1,1,0,1,0,0,0,0,1,0.2222222222222222,11.125247499903777,1
34,1,0,1,0,1,1,1,0,1,0,0,1,0,1,0,0,1,0,0,1,1,1,0,0,0,0,0,1,1,0,1,0,0,0,0,1,0.2222222222222222,10.457217649228605,1
35,1,0,1,0,0,1,1,0,1,0,1,0,0,1,0,0,1,0,0,1,1,1,0,0,0,0,0,1,1,0,1,0,0,0,0,1,0.2777777777777778,9.610812017830181,1
36,1,0,1,0,0,1,1,0,1,0,1,0,0,1,0,0,1,0,0,1,1,1,0,0,0,0,0,0,1,0,1,0,0,0,0,1,0.25,7.348438720069192,1
37,1,0,1,0,0,1,1,0,1,0,1,1,0,1,1,0,1,0,0,1,1,1,0,0,0,0,0,1,1,0,1,0,0,0,0,1,0.2222222222222222,10.52563484013244,1
38,1,0,1,0,0,1,1,0,1,0,0,1,0,0,0,0,1,0,0,0,1,0,0,0,0,0,0,1,1,0,1,0,0,1,0,1,0.16666666666666666,5.291241517809246,1
39,1,0,1,0,0,1,1,0,1,0,1,1,0,1,0,0,1,0,0,1,1,1,0,0,1,0,0,1,1,0,1,0,0,0,0,1,0.2777777777777778,9.689534535148436,1
40,1,0,1,0,1,1,1,0,1,0,0,0,0,1,1,0,1,0,0,1,1,1,0,0,0,0,0,0,1,0,1,0,0,0,0,1,0.3055555555555556,9.336201443690301,1
41,1,0,1,0,1,1,1,0,0,0,0,1,0,1,1,0,1,0,0,1,1,1,0,0,0,0,0,0,1,0,1,0,0,0,0,1,0.19444444444444445,10.421163924880691,1
42,1,0,1,0,0,1,1,0,1,0,0,1,0,1,0,0,1,0,0,1,1,1,0,0,0,0,0,0,1,0,1,1,0,0,0,1,0.2222222222222222,9.816335610791807,1
43,1,0,1,0,1,0,1,0,1,0,1,0,0,1,0,0,1,0,0,1,1,1,1,0,0,0,0,0,1,0,1,0,0,0,0,1,0.16666666666666666,8.023210014439062,1
44,1,0,1,0,0,1,1,0,1,0,1,0,0,1,1,0,1,0,0,1,1,1,0,0,0,0,0,1,1,0,1,0,0,0,0,1,0.3055555555555556,9.11458765420902,1
45,1,0,1,0,1,0,1,0,1,0,0,0,0,1,1,0,1,0,0,1,1,1,0,0,0,0,0,1,1,0,1,0,0,0,0,1,0.2777777777777778,10.272014541797537,1
46,0,0,1,0,1,1,1,0,1,0,1,1,0,1,1,0,1,0,0,1,1,1,1,0,0,0,0,1,1,0,1,0,0,0,0,1,0.1388888888888889,12.031337136725005,1
47,1,0,0,0,0,1,1,0,1,0,0,0,0,1,1,0,1,0,0,1,0,1,1,0,0,1,0,0,1,0,1,0,0,0,0,1,0.2222222222222222,10.243075927961266,1
48,1,0,1,0,1,0,1,0,1,0,0,1,0,1,1,0,1,0,0,1,1,1,1,0,0,0,0,1,1,0,1,0,0,0,0,1,0.2777777777777778,10.59731052748168,1
49,0,0,1,0,0,1,1,0,1,1,0,1,0,1,1,0,1,0,0,1,1,1,1,0,0,0,0,1,1,0,1,0,0,0,0,1,0.2222222222222222,14.17221880771398,1
50,1,0,1,0,1,1,0,0,1,0,0,1,0,1,0,0,1,0,0,1,1,1,1,0,0,0,0,0,1,0,1,0,0,0,0,1,0.2222222222222222,10.369411171552333,1
51,1,0,1,0,1,1,1,0,1,0,0,1,0,1,1,0,1,0,0,1,1,1,0,0,0,1,0,1,1,0,1,0,0,0,0,1,0.25,10.609681759161308,1
52,1,0,1,0,1,1,1,0,1,0,0,1,0,1,1,0,1,0,0,1,1,1,1,0,1,0,0,1,1,0,1,0,0,0,0,1,0.2222222222222222,11.203537568263874,1
53,1,0,1,0,0,0,1,0,1,0,0,1,0,1,1,0,1,0,0,1,1,0,1,0,0,0,0,1,0,0,1,0,0,0,0,1,0.2222222222222222,6.903710801463989,1
54,1,0,1,0,0,1,1,0,1,0,0,1,0,1,0,0,1,0,0,1,1,1,1,0,0,0,0,1,1,0,1,0,0,0,0,1,0.2777777777777778,11.73439481119626,1
55,1,0,1,0,0,0,1,0,1,0,0,0,0,1,1,0,1,0,0,1,0,1,0,0,0,0,0,0,1,0,1,0,0,0,0,1,0.2777777777777778,6.103278346247139,1
56,1,0,1,0,1,1,1,0,1,0,0,1,0,1,1,0,1,0,0,1,1,1,0,0,1,0,0,1,1,0,1,0,0,0,0,1,0.3333333333333333,9.785337522384413,1
57,1,0,1,0,1,1,1,0,1,0,1,0,0,1,0,0,1,0,0,1,1,1,0,0,0,0,0,0,1,0,1,1,0,1,0,1,0.2777777777777778,14.382798493162865,1
58,1,0,1,0,0,0,1,0,1,0,0,1,0,1,1,0,1,0,0,1,1,1,0,0,0,0,0,1,1,0,1,0,0,0,0,1,0.3055555555555556,9.538347170297163,1
59,1,0,1,0,0,1,1,0,1,0,0,0,0,1,1,0,1,0,0,1,1,1,0,0,0,0,0,0,1,0,1,0,0,0,0,1,0.3055555555555556,7.9747387729133585,1
60,1,0,1,0,0,1,1,0,1,0,0,1,0,1,0,0,1,0,0,1,1,1,0,0,0,0,0,1,1,0,1,0,0,0,0,1,0.3055555555555556,9.816335610791805,1
61,1,0,1,0,0,1,1,0,1,0,1,1,0,1,1,0,0,0,0,1,1,1,0,0,0,0,0,1,1,0,1,0,0,0,0,1,0.2222222222222222,10.026511349629857,1
62,1,0,1,0,0,1,0,0,1,0,1,0,0,1,1,0,1,0,0,1,1,0,0,0,1,0,0,1,1,0,1,0,0,0,0,1,0.3055555555555556,6.4131586527822915,1
63,1,0,1,0,0,1,1,0,1,0,1,0,0,1,1,0,1,0,0,1,1,1,1,1,0,1,0,0,1,0,1,0,0,0,0,1,0.3055555555555556,17.433132481546323,1
64,1,0,1,0,0,1,1,0,1,0,0,1,0,1,0,0,1,0,0,1,1,1,1,0,1,0,0,1,1,0,1,0,0,0,0,1,0.2777777777777778,12.40605166923721,1
65,1,0,1,0,1,1,1,0,1,0,1,0,0,1,1,0,1,0,0,1,1,1,0,0,0,1,0,0,1,0,1,0,0,0,0,1,0.2777777777777778,7.486849990015029,1
66,1,0,1,0,0,1,1,1,1,0,1,0,0,1,1,0,1,0,0,1,1,0,0,0,0,0,0,1,1,0,1,0,0,0,0,1,0.3333333333333333,12.493404112687392,1
67,1,0,1,0,0,1,1,0,1,0,0,1,0,0,1,0,1,0,0,1,1,0,0,0,0,1,0,0,1,0,1,0,0,0,0,1,0.1388888888888889,4.589010707032898,1
68,1,0,1,0,1,1,1,0,0,0,1,0,0,1,1,0,1,0,0,1,1,1,1,0,1,0,0,1,1,0,1,0,0,0,0,1,0.3333333333333333,11.96786542048425,1
69,1,0,1,0,0,1,1,0,1,0,0,1,0,1,0,0,1,0,0,1,1,1,0,0,0,1,0,0,1,0,1,0,0,0,0,1,0.2222222222222222,8.183833196136492,1
70,1,0,1,0,0,1,1,0,1,0,0,1,0,1,1,0,0,0,0,1,1,1,1,0,0,0,0,1,1,0,1,0,0,0,0,1,0.2222222222222222,11.739046954633984,1
71,1,0,1,0,0,1,1,0,1,0,1,0,0,1,0,0,1,0,0,1,1,1,0,0,0,0,0,0,1,0,1,0,0,0,0,1,0.3055555555555556,7.348438720069192,1
72,1,0,1,0,1,1,1,0,1,0,1,0,0,1,1,0,0,0,0,1,1,1,0,0,0,0,0,1,1,0,1,0,0,0,0,1,0.2777777777777778,9.754422394599525,1
73,1,0,1,0,1,0,1,0,1,0,0,0,0,1,0,0,1,0,0,1,1,1,0,0,0,0,0,1,1,0,1,0,0,0,0,1,0.3333333333333333,11.768238905418768,1
74,0,0,1,0,1,1,0,0,1,0,1,1,0,1,1,0,1,0,0,1,1,1,1,0,0,0,0,1,1,0,1,0,0,0,0,1,0.2222222222222222,11.86690036008542,1
75,0,0,1,0,1,1,0,0,1,0,0,1,0,1,1,0,1,0,0,1,1,1,1,0,0,0,0,0,1,0,1,0,0,0,0,1,0.16666666666666666,10.458855904761181,1
76,1,0,1,0,1,1,1,0,1,0,0,1,0,1,1,0,1,0,0,1,1,1,0,0,0,0,1,0,1,0,1,1,0,0,0,1,0.3055555555555556,11.393997363537924,1
77,1,0,1,0,0,0,1,0,1,0,0,1,0,1,1,0,1,0,0,1,1,1,0,0,0,0,0,1,1,0,1,0,0,0,0,1,0.3333333333333333,9.538347170297163,1
78,1,0,1,0,1,1,1,0,1,0,0,1,0,1,1,0,1,0,0,1,1,1,1,0,0,0,0,0,1,0,1,1,0,0,0,1,0.3333333333333333,11.879030362559313,1
79,1,0,1,1,1,0,1,0,1,0,0,0,0,1,1,0,1,0,0,1,1,1,0,0,0,0,0,0,1,0,1,1,0,0,0,1,0.3055555555555556,11.494471726365823,1
80,1,0,1,0,1,1,1,0,0,0,0,0,0,1,1,0,0,0,0,1,1,1,0,0,0,0,0,0,1,0,1,1,0,0,0,1,0.2777777777777778,11.873161450672509,1
81,1,0,1,0,0,1,1,0,1,0,0,1,0,1,1,0,1,0,0,1,1,1,0,1,0,0,0,0,0,0,1,0,0,0,0,1,0.16666666666666666,11.231465107011868,1
82,1,0,1,0,0,1,1,0,1,0,0,1,1,1,1,0,1,0,0,1,1,1,1,0,0,0,0,1,1,0,1,0,0,1,0,1,0.2222222222222222,16.21299326726804,1
83,1,0,1,0,1,1,1,0,1,0,1,0,0,1,1,0,1,0,0,1,1,1,0,0,1,0,0,0,1,0,1,1,0,0,0,1,0.25,9.081716227647512,1
84,1,0,1,0,0,1,1,0,1,0,0,1,0,1,1,0,1,0,0,1,1,0,0,0,0,0,0,0,1,0,1,0,0,0,0,1,0.3055555555555556,11.489234735381293,1
85,1,0,0,0,0,1,1,0,0,0,0,0,0,1,1,0,1,0,0,1,1,1,0,0,0,0,0,0,1,0,1,1,0,0,0,1,0.3055555555555556,12.624051356678148,1
86,1,0,1,0,0,1,1,0,1,0,1,1,0,1,1,0,1,0,0,1,1,1,0,0,0,0,1,1,1,0,1,0,0,0,0,1,0.2777777777777778,10.98486949843994,1
87,0,0,1,0,0,1,1,0,1,0,0,1,0,1,0,0,1,0,0,0,0,1,1,0,0,0,0,0,1,0,1,1,0,0,0,1,0.19444444444444445,6.5799706456347105,1
88,1,0,1,0,1,0,1,0,1,0,0,1,0,0,1,0,1,0,0,1,1,0,0,0,0,0,0,0,1,0,1,0,0,1,0,1,0.19444444444444445,6.92044578173639,1
89,0,0,0,1,0,0,1,0,1,1,1,1,0,1,1,0,0,0,0,1,1,1,0,0,0,0,0,0,1,0,1,0,0,0,0,1,0.1111111111111111,13.324460992532753,1
90,1,0,1,0,1,1,0,0,1,0,1,1,0,0,0,0,1,0,0,1,1,1,1,0,0,0,0,0,1,0,1,0,0,0,0,1,0.2222222222222222,8.988228206270508,1
91,0,1,0,1,0,1,0,0,0,1,1,0,1,0,0,1,0,1,1,0,0,0,0,1,1,1,1,1,0,1,0,0,1,1,1,0,0.3333333333333333,21.85848653467614,1
92,0,0,1,1,0,1,0,1,1,0,1,0,0,1,0,0,1,0,0,1,1,1,1,0,0,0,0,0,1,0,1,0,0,0,0,1,0.25,13.554608868004058,1
93,0,0,1,1,0,1,1,0,0,0,0,1,0,1,0,0,0,0,0,0,1,1,0,0,0,0,0,1,1,1,1,0,0,0,0,1,0.2222222222222222,12.374568448847118,1
94,1,0,1,0,1,1,1,0,1,0,0,1,0,1,0,0,1,0,0,1,1,1,0,0,1,0,0,1,1,0,1,0,0,0,0,1,0.3611111111111111,9.781561886005507,1
95,0,1,0,0,1,0,0,0,0,1,0,1,1,0,0,1,0,1,1,0,0,0,0,0,1,1,1,1,0,1,0,1,0,1,1,0,0.25,19.130685766960514,1
96,1,0,1,0,1,0,0,0,1,0,0,0,0,1,1,0,1,0,0,1,1,0,0,0,1,1,0,0,1,0,1,0,0,0,0,1,0.16666666666666666,7.181647306192016,1
97,1,0,1,0,0,1,1,0,1,0,0,1,0,1,1,0,1,0,0,1,1,1,0,1,0,0,0,0,1,0,1,1,0,0,0,1,0.3055555555555556,14.656229642870258,1
98,1,0,1,0,1,0,1,0,1,0,1,0,0,0,1,0,1,0,0,0,0,1,0,0,0,0,0,0,1,0,1,1,0,1,0,1,0.2222222222222222,6.028006952713586,1
99,1,0,1,1,1,0,1,0,1,0,0,1,0,1,1,0,1,0,0,1,1,1,0,0,0,1,0,0,1,0,1,1,0,0,0,1,0.3333333333333333,12.938982527332804,1
