,0,1,2,3,4,5,6,7,8,9,10,11,12,13,14,15,16,17,18,19,20,21,22,23,24,25,26,27,28,29,30,31,32,33,34,35,chain_break_fraction,energy,num_occurrences
0,1,0,1,0,1,0,1,0,0,0,0,1,1,1,0,0,1,0,0,0,1,1,1,1,0,0,1,0,0,1,1,1,1,0,1,1,0.3611111111111111,27.57291354450401,1
1,1,0,1,0,1,0,1,0,0,0,0,1,1,1,0,0,1,0,0,0,1,1,1,1,0,0,1,0,0,1,1,1,0,0,1,1,0.3055555555555556,23.580379893467914,1
2,1,0,1,0,1,0,1,1,0,0,0,1,1,1,0,0,1,0,0,0,1,1,1,1,0,0,1,0,0,1,1,1,0,0,1,1,0.3333333333333333,21.74290455592724,1
3,1,0,1,0,1,0,1,0,0,0,0,1,1,1,0,0,1,0,0,0,1,1,1,1,0,0,1,0,0,1,1,1,0,0,1,1,0.25,23.580379893467914,1
4,1,0,1,0,1,0,1,1,0,0,0,1,1,1,0,0,1,0,0,0,1,1,1,1,0,0,1,0,0,1,1,1,0,0,1,1,0.3055555555555556,21.74290455592724,1
5,1,0,1,0,1,0,1,0,0,0,0,1,1,1,0,0,1,0,0,0,1,1,1,1,0,0,1,0,0,1,1,1,0,1,1,1,0.2777777777777778,33.56544719554011,1
6,1,0,1,0,1,0,1,1,0,0,0,1,1,1,0,0,1,0,0,0,1,1,1,1,0,0,1,0,0,1,1,1,0,0,1,1,0.3055555555555556,21.74290455592724,2
7,1,0,1,0,1,0,1,1,0,0,0,1,1,1,0,0,1,0,0,0,1,1,1,1,0,0,1,0,0,1,1,1,1,1,1,1,0.3611111111111111,34.70123364595043,1
8,1,0,1,0,1,0,1,0,0,0,0,1,1,1,0,0,1,0,0,0,1,1,1,1,0,0,1,0,0,1,1,1,1,0,1,1,0.2777777777777778,27.57291354450401,1
9,1,0,1,0,1,0,1,1,0,0,0,1,1,1,0,0,1,0,0,0,1,1,1,1,0,0,1,0,0,1,1,1,0,1,1,1,0.3333333333333333,29.715123949276038,1
10,1,0,1,0,1,0,1,0,0,0,0,1,1,1,0,0,1,0,0,0,1,1,1,1,0,0,1,0,0,1,1,1,1,1,1,1,0.3333333333333333,39.5579808465762,1
11,1,0,1,0,1,0,1,0,0,0,0,0,1,1,0,0,1,0,0,0,1,1,1,1,0,0,1,0,0,1,1,1,0,0,1,1,0.3611111111111111,25.913830201226705,1
12,1,0,1,0,1,0,1,0,0,0,0,1,1,1,0,0,1,0,0,1,1,1,1,0,0,0,1,0,0,1,1,1,0,0,1,1,0.3055555555555556,24.142837794429095,1
13,1,0,1,0,1,0,1,0,0,0,0,1,0,1,0,0,1,0,0,0,0,1,1,1,0,0,1,0,0,1,1,1,1,0,1,1,0.3055555555555556,24.452736330396625,1
14,1,0,1,0,1,0,1,0,0,0,0,0,1,1,0,0,1,0,0,0,1,1,1,1,0,0,1,0,0,1,1,1,0,0,1,1,0.3055555555555556,25.913830201226705,1
15,1,0,1,0,1,0,1,1,0,0,0,0,1,1,0,0,1,0,0,0,1,1,1,1,0,0,1,0,0,1,1,1,1,0,1,1,0.3333333333333333,26.062880011729632,1
16,1,0,1,0,1,0,1,1,0,0,0,0,1,1,0,0,1,0,0,0,1,1,1,0,0,0,1,0,0,1,1,1,1,1,1,1,0.3611111111111111,26.67712955684274,1
17,1,0,1,0,1,0,1,0,0,0,0,1,1,1,0,0,1,0,0,0,0,1,1,1,0,0,1,0,0,1,1,1,1,1,1,1,0.2777777777777778,34.25793073895526,1
18,1,0,1,0,1,0,1,0,0,0,0,1,1,1,0,0,1,0,0,0,1,1,1,1,0,0,1,0,0,1,1,1,0,0,1,1,0.2777777777777778,23.580379893467914,1
19,1,0,1,0,1,0,1,0,0,0,0,1,1,1,0,0,1,0,0,1,1,1,1,0,0,0,1,0,0,1,1,1,0,0,1,1,0.2777777777777778,24.142837794429095,1
20,1,0,1,0,1,0,1,0,0,0,0,1,1,1,0,0,1,0,0,0,1,1,1,1,0,0,1,0,0,1,1,1,0,1,1,1,0.3611111111111111,33.56544719554011,1
21,1,0,1,0,1,0,1,0,0,0,0,1,0,1,0,0,1,0,0,0,1,1,1,1,0,0,1,0,0,1,1,1,0,1,1,1,0.2777777777777778,35.71155004458152,1
22,1,0,1,0,1,0,1,1,0,0,0,1,1,1,0,0,1,0,0,0,1,1,1,1,0,0,1,0,0,1,1,1,1,1,1,1,0.3333333333333333,34.70123364595043,1
23,1,0,1,0,1,0,1,1,0,0,0,1,0,1,0,0,1,0,0,0,1,1,1,0,0,0,1,0,0,1,1,1,0,0,1,1,0.3055555555555556,14.620830292256262,1
24,1,0,1,0,1,0,1,0,0,0,0,1,1,1,0,0,1,0,0,0,1,1,1,0,0,0,1,0,0,1,1,1,1,1,1,1,0.3055555555555556,28.19325452931648,1
25,1,0,1,0,1,0,1,0,0,0,0,1,0,1,0,0,1,0,0,0,1,1,1,1,0,0,1,0,0,1,1,1,0,1,1,1,0.3055555555555556,35.71155004458152,1
26,1,0,1,0,1,0,1,0,0,0,0,1,1,1,0,0,0,0,0,0,1,1,1,1,0,0,1,0,0,1,1,1,1,0,1,1,0.3333333333333333,32.34909233745218,1
27,0,0,1,0,1,0,1,0,0,0,0,1,1,1,0,0,1,0,0,0,1,1,1,1,0,0,1,0,0,1,1,1,0,0,1,1,0.2777777777777778,26.591809160243223,1
28,1,0,1,0,1,0,1,1,0,0,0,1,0,1,0,0,1,0,0,0,1,1,1,1,0,0,1,0,0,1,1,1,0,0,1,1,0.2777777777777778,21.88753585859044,1
29,1,0,1,0,1,0,1,0,0,0,0,1,0,1,0,0,1,0,0,0,1,1,1,1,0,0,1,0,0,1,1,1,0,0,1,1,0.2777777777777778,24.725012935929033,1
30,1,0,1,0,0,0,1,0,0,0,0,1,1,1,0,0,1,0,0,0,1,1,1,1,0,0,1,0,0,1,1,1,1,0,1,1,0.3333333333333333,31.487244079826535,1
31,1,0,1,0,1,0,1,1,0,0,0,1,0,1,0,0,1,0,0,0,1,1,1,1,0,0,1,0,0,1,1,1,1,0,1,1,0.3055555555555556,25.37438045855498,1
32,1,0,1,0,1,0,1,1,0,0,0,1,0,1,0,0,1,0,0,0,1,1,1,0,0,0,1,0,0,1,1,1,1,0,1,1,0.3055555555555556,17.076975056891662,1
33,1,0,1,0,1,0,1,1,0,0,0,1,0,1,0,0,1,0,0,0,1,1,1,1,0,0,1,0,0,1,1,1,0,1,1,1,0.3333333333333333,30.861225058519526,1
34,1,0,1,0,1,0,1,1,0,0,0,1,1,1,0,0,1,0,0,1,1,1,1,0,0,0,1,0,0,1,1,1,1,0,1,1,0.3611111111111111,25.748819352176955,1
35,1,0,1,0,1,0,1,0,0,0,0,1,1,1,0,0,1,0,0,0,0,1,1,1,0,0,1,0,0,1,1,1,0,0,1,1,0.25,19.832087211327522,1
36,1,0,1,0,1,0,1,1,0,0,0,1,1,1,0,0,1,0,0,1,0,1,1,0,0,0,1,0,0,1,1,1,0,0,1,1,0.3055555555555556,19.99745894754105,1
37,1,0,1,0,1,0,1,1,0,0,0,1,1,1,0,0,1,0,0,1,1,1,1,0,0,0,1,0,0,1,1,1,0,0,1,1,0.3333333333333333,22.17516231599936,1
38,1,0,1,0,1,0,1,1,0,0,0,1,1,1,0,0,1,0,0,0,1,1,1,1,0,0,1,0,0,1,1,1,0,0,1,1,0.25,21.74290455592724,1
39,1,0,1,0,1,0,1,1,0,0,0,0,1,1,0,0,1,0,0,0,1,1,1,1,0,0,1,0,0,1,1,1,0,0,1,1,0.3055555555555556,22.076352704379367,1
40,1,0,1,0,1,0,1,0,0,0,0,1,1,1,0,0,1,0,0,0,1,1,1,1,0,0,1,0,0,1,1,1,1,0,1,1,0.4166666666666667,27.57291354450401,1
41,1,0,1,0,1,0,1,1,0,0,0,0,1,1,0,0,1,0,0,0,0,1,1,1,0,0,1,0,0,1,1,1,1,0,1,1,0.3611111111111111,21.797490157806802,1
42,1,0,1,0,1,0,1,0,0,0,0,1,1,1,0,0,1,0,0,0,1,1,1,1,0,0,1,0,0,1,1,1,1,1,1,1,0.3611111111111111,39.5579808465762,1
43,1,0,1,0,1,0,1,1,0,0,0,1,0,1,0,0,1,0,0,0,1,1,1,0,0,0,1,0,0,1,1,1,0,0,1,1,0.3611111111111111,14.620830292256262,1
44,1,0,1,0,1,0,1,1,0,0,0,1,1,1,0,0,0,0,0,0,1,1,1,0,0,0,1,0,0,1,1,1,1,1,1,1,0.3333333333333333,28.96811169322499,1
45,1,0,1,0,1,0,1,0,0,0,0,1,1,1,0,0,1,0,0,0,0,1,1,1,0,0,1,0,0,1,1,1,1,0,1,1,0.2777777777777778,23.307368387203436,1
46,1,0,1,0,1,0,1,0,0,0,0,0,1,1,0,0,0,0,0,0,1,1,1,1,0,0,1,0,0,1,1,1,1,0,1,1,0.3055555555555556,36.68296025620286,1
47,1,0,1,0,1,0,1,0,0,0,0,0,1,1,0,0,1,0,0,0,1,1,1,1,0,0,1,0,0,1,1,1,0,0,1,1,0.3055555555555556,25.913830201226705,1
48,1,0,1,0,1,0,1,0,0,0,0,1,0,1,0,0,1,0,0,0,1,1,1,1,0,0,1,0,0,1,1,1,0,1,1,1,0.3055555555555556,35.71155004458152,1
49,1,0,1,0,0,0,1,1,0,0,0,1,1,1,0,0,1,0,0,0,1,1,1,1,0,0,1,0,0,1,1,1,1,0,1,1,0.4166666666666667,27.09158247368981,1
50,1,0,1,0,1,0,1,1,0,0,0,0,1,1,0,0,1,0,0,0,0,1,1,1,0,0,1,0,0,1,1,1,1,0,1,1,0.3888888888888889,21.797490157806802,1
51,1,0,1,0,1,0,1,1,0,0,0,1,0,1,0,0,1,0,0,0,1,1,1,0,0,0,1,0,0,1,1,1,1,1,1,1,0.2777777777777778,25.989264586162474,1
52,1,0,1,0,1,0,1,0,0,0,0,1,1,1,0,0,1,0,0,0,1,1,1,1,0,0,1,0,0,1,1,1,1,0,1,1,0.3333333333333333,27.57291354450401,1
53,1,1,1,0,1,0,1,1,0,0,0,0,1,1,0,0,1,0,0,1,1,1,1,0,0,0,1,0,0,1,1,1,1,0,1,1,0.2777777777777778,23.996929302939236,1
54,1,0,1,0,1,0,1,1,0,0,0,0,1,1,0,0,1,0,0,0,1,1,1,1,0,0,1,0,0,1,1,1,0,1,1,1,0.25,32.049407319079904,1
55,1,0,1,0,0,0,1,1,0,0,0,1,1,1,0,0,1,0,0,0,1,1,1,1,0,0,1,0,0,1,1,1,0,0,1,1,0.3888888888888889,23.600007130325018,1
56,1,0,1,0,1,0,1,1,0,0,0,1,0,1,0,0,1,0,0,1,0,1,1,0,0,0,1,0,0,1,1,1,1,0,1,1,0.3333333333333333,23.199363686272026,1
57,1,0,1,0,1,0,1,1,0,0,0,0,1,1,0,0,1,0,0,0,1,1,1,1,0,0,1,0,0,1,1,1,0,0,1,1,0.3611111111111111,22.076352704379367,1
58,1,1,1,0,1,0,1,1,0,0,0,1,1,1,0,0,1,0,0,1,1,1,1,0,0,0,1,0,0,1,1,1,1,0,1,1,0.3055555555555556,24.66350490056028,1
59,0,1,0,1,0,1,0,0,1,1,1,0,0,0,1,1,0,1,0,0,0,1,0,1,1,1,0,1,1,1,0,0,0,0,0,0,0.3333333333333333,24.323955404720913,1
60,0,1,0,1,0,1,0,0,1,1,1,0,0,0,1,1,0,1,1,0,0,1,0,1,1,1,0,1,1,1,0,0,0,0,0,0,0.3055555555555556,26.124899771463305,2
61,1,0,1,0,1,0,1,0,0,0,0,0,0,1,0,0,1,0,0,0,1,1,1,0,0,0,1,0,0,1,1,1,0,0,1,1,0.25,17.69450682777073,1
62,1,0,1,0,1,0,1,1,0,0,0,0,0,1,0,0,1,0,0,0,1,1,1,0,0,0,1,0,0,1,1,1,0,1,1,1,0.3055555555555556,23.776073590502943,1
63,0,0,1,0,1,0,1,0,0,0,0,0,0,1,0,0,1,0,0,0,1,1,1,0,0,0,1,0,0,1,1,1,0,0,1,1,0.3055555555555556,21.206823507288007,1
64,1,0,1,0,1,0,1,1,0,0,0,1,1,1,0,0,0,0,0,0,1,1,1,1,0,0,1,0,0,1,1,1,1,0,1,1,0.4444444444444444,28.50518861368957,1
65,1,0,1,0,1,0,1,1,0,0,0,1,0,1,0,0,1,0,0,0,1,1,1,0,0,0,1,0,0,1,1,1,0,0,1,1,0.3888888888888889,14.620830292256262,1
66,1,0,1,0,1,0,1,0,0,0,0,1,1,1,0,0,1,0,0,0,0,1,1,1,0,0,1,0,0,1,1,1,0,0,1,1,0.4166666666666667,19.832087211327522,1
67,1,0,1,0,1,0,1,0,0,0,0,1,1,1,0,0,1,0,0,1,1,1,1,1,0,0,1,0,0,1,1,0,0,0,1,1,0.3055555555555556,25.02164795721098,1
68,1,0,1,0,1,0,1,1,0,0,0,1,1,1,0,0,1,0,1,0,1,1,1,0,0,0,1,0,0,1,1,1,1,1,1,1,0.3888888888888889,30.119281000988885,1
69,1,0,1,0,1,0,1,0,0,0,0,1,1,1,0,0,1,0,0,0,1,1,1,1,0,0,1,0,0,1,1,0,0,0,1,1,0.2777777777777778,16.480902642962192,1
70,0,1,0,1,0,1,0,0,1,1,1,1,0,0,1,1,0,1,1,1,0,1,0,1,1,1,0,1,1,1,0,0,0,0,0,0,0.3333333333333333,36.7422797625434,1
71,0,1,0,1,0,1,0,0,1,1,1,0,0,0,1,1,0,1,0,0,0,1,0,1,1,1,0,1,1,1,0,0,0,0,0,0,0.3055555555555556,24.323955404720913,1
72,1,0,1,0,1,0,1,0,0,0,0,1,1,1,0,0,1,0,0,0,1,1,1,1,0,0,1,0,0,1,1,1,1,1,1,1,0.3333333333333333,39.5579808465762,1
73,0,1,0,1,0,1,0,0,1,1,1,0,0,0,1,1,0,1,1,0,0,1,0,1,1,1,0,1,1,1,0,0,0,0,0,0,0.2777777777777778,26.124899771463305,1
74,1,0,1,0,1,0,1,0,0,0,0,1,1,1,0,0,0,0,0,0,0,1,1,1,0,0,1,0,0,1,1,1,1,0,1,1,0.3611111111111111,27.25553310830893,1
75,0,1,0,1,0,1,0,0,1,1,1,0,0,0,1,1,1,1,1,0,0,1,0,1,1,1,0,1,1,1,0,0,0,0,0,0,0.3611111111111111,27.233466070614174,1
76,1,0,1,0,1,0,1,1,0,0,0,1,0,1,0,0,1,0,0,0,1,1,1,0,0,0,1,0,0,1,1,1,1,0,1,1,0.3055555555555556,17.076975056891662,1
77,1,0,1,0,1,0,1,1,0,0,0,0,1,1,0,0,1,0,0,0,1,1,1,1,0,0,1,0,0,1,1,0,1,1,1,1,0.3055555555555556,27.86047287051723,1
78,0,1,0,1,0,1,0,0,1,1,1,0,0,0,1,1,0,1,1,0,0,1,0,1,1,1,0,1,1,1,0,0,0,1,0,0,0.25,30.159522611194387,1
79,1,1,1,0,1,0,1,0,0,0,0,1,1,1,0,0,1,0,0,0,0,1,1,0,0,0,1,0,0,1,1,1,1,1,1,1,0.3333333333333333,22.32959527365124,1
80,0,1,0,1,0,1,0,0,1,1,1,0,0,0,1,1,0,1,0,0,0,1,0,1,1,1,0,1,1,1,0,0,0,0,0,0,0.3611111111111111,24.323955404720913,1
81,0,1,0,1,0,1,0,0,1,1,1,0,0,0,1,1,0,1,0,1,0,1,0,1,1,1,0,1,1,1,0,0,0,0,0,0,0.3333333333333333,29.925844138205704,1
82,0,1,0,1,0,1,0,0,1,1,1,0,0,0,1,1,1,1,1,0,1,1,0,1,1,1,0,1,1,1,0,0,0,0,0,0,0.3333333333333333,26.68994002536544,1
83,1,0,1,0,1,0,1,0,0,0,0,1,0,1,0,0,1,0,0,0,1,1,0,1,0,0,1,0,0,1,1,1,0,0,0,1,0.2222222222222222,16.030057094911747,1
84,0,1,0,1,0,1,0,0,1,1,1,0,0,0,1,1,0,1,1,0,1,1,0,1,1,1,0,1,1,1,0,0,0,0,0,0,0.3333333333333333,26.409387798057253,1
85,0,1,0,1,0,1,0,0,1,1,1,0,0,0,1,1,0,1,0,0,1,1,0,1,1,1,0,1,1,1,0,0,0,0,0,0,0.3611111111111111,24.08103790971985,1
86,0,1,0,1,0,1,0,0,1,1,1,0,0,0,1,0,0,1,0,0,0,1,0,1,1,1,0,1,1,1,0,0,0,0,0,0,0.3333333333333333,19.75326691324953,1
87,1,0,1,0,1,0,1,0,0,0,0,0,1,1,0,0,1,0,0,0,1,1,1,1,0,0,1,0,0,1,1,1,1,0,1,1,0.3611111111111111,30.90678146293868,1
88,0,1,0,1,0,1,0,0,1,1,1,1,0,0,1,1,0,1,1,0,0,1,0,1,1,1,0,1,1,1,0,0,0,1,0,0,0.3611111111111111,33.174260635260524,1
89,1,0,1,0,1,0,1,0,0,0,0,1,0,1,0,0,1,0,1,0,1,1,1,1,0,0,1,0,0,1,1,1,0,0,0,1,0.3055555555555556,24.5769902524543,1
90,0,0,0,1,0,1,0,0,1,1,1,0,0,0,1,1,0,1,1,0,1,0,0,1,1,1,0,1,1,1,0,0,0,0,0,0,0.2777777777777778,21.36884227344057,1
91,1,0,1,0,1,0,1,1,0,0,0,1,1,1,0,0,1,0,0,0,1,1,1,1,0,0,1,0,0,1,1,1,0,0,1,1,0.3611111111111111,21.74290455592724,1
92,1,0,1,0,1,0,1,0,0,0,0,0,0,1,0,0,1,0,0,0,0,1,1,1,0,0,1,0,0,1,0,1,0,0,1,1,0.3055555555555556,19.16497036773798,1
93,1,0,1,0,1,0,1,0,0,0,0,1,1,1,0,0,1,0,0,0,1,1,1,1,0,0,1,0,0,1,1,1,1,0,1,1,0.3333333333333333,27.57291354450401,1
94,1,0,0,0,0,0,1,0,0,0,0,0,1,1,0,0,1,0,0,0,1,1,1,1,0,0,1,0,0,1,1,0,0,0,1,1,0.2777777777777778,24.436951832609846,1
95,0,1,0,1,0,1,0,0,1,1,1,1,0,0,1,1,0,1,1,0,0,0,0,1,1,1,0,1,1,1,0,0,0,1,0,0,0.3055555555555556,34.536274682538206,1
96,0,0,1,0,1,0,1,0,0,0,0,1,1,1,0,0,1,0,0,0,1,1,1,0,0,0,1,0,0,1,1,1,0,1,1,1,0.2777777777777778,26.298420916540188,1
97,0,1,0,1,0,0,0,0,1,1,1,0,0,0,1,0,1,1,0,1,0,0,0,1,1,1,0,1,1,0,0,0,0,0,0,0,0.3611111111111111,17.848663310828446,1
