,0,1,2,3,4,5,6,7,8,9,10,11,12,13,14,15,16,17,18,19,20,21,22,23,24,25,26,27,28,29,30,31,32,33,34,35,chain_break_fraction,energy,num_occurrences
0,1,1,1,0,1,0,1,1,0,0,0,1,0,0,0,0,1,0,0,0,1,1,1,1,0,0,0,1,0,1,1,0,0,1,1,0,0.3611111111111111,19.022358301963887,1
1,0,1,0,0,1,0,1,1,0,0,0,1,0,0,0,0,1,0,0,0,1,1,1,1,0,0,0,1,0,1,1,0,0,1,1,0,0.3611111111111111,22.656744448973534,2
2,0,1,0,0,1,0,1,1,0,0,0,1,0,0,0,0,1,0,0,0,1,1,0,1,0,0,0,1,0,1,1,0,0,1,1,0,0.3333333333333333,17.893900852953763,1
3,0,1,0,0,1,0,1,1,0,0,0,1,0,0,0,0,1,0,0,0,1,1,0,1,0,1,0,1,0,1,1,0,0,1,1,0,0.3611111111111111,24.627397395050092,1
4,1,1,1,0,1,0,1,1,0,0,0,1,0,0,0,0,1,0,0,0,1,1,1,1,0,0,0,1,0,1,1,0,0,1,1,0,0.3611111111111111,19.022358301963887,1
5,1,1,1,0,1,0,1,1,0,0,0,1,1,0,0,0,1,0,0,0,1,1,1,1,0,0,0,1,0,1,1,0,0,1,1,0,0.3611111111111111,17.521466749081185,1
6,0,1,1,0,1,0,1,1,0,0,0,1,0,0,0,0,1,0,0,0,1,1,0,1,0,1,0,1,0,1,1,0,0,1,1,0,0.3611111111111111,21.604805723775062,1
7,1,1,1,0,1,0,1,1,0,0,0,0,0,0,0,0,1,0,0,0,1,1,1,1,0,0,0,1,0,1,1,0,0,1,1,0,0.3888888888888889,23.84819819589941,1
8,0,1,0,0,1,0,1,1,0,0,0,1,0,0,0,0,1,0,0,0,1,1,1,1,0,0,0,1,0,1,1,0,0,1,1,0,0.3333333333333333,22.656744448973534,1
9,0,1,0,0,1,0,1,1,0,0,0,1,0,0,0,0,1,0,0,0,1,1,1,1,0,0,0,1,0,1,1,0,0,1,1,0,0.3611111111111111,22.656744448973534,1
10,0,1,1,0,1,0,1,1,0,0,0,1,0,0,0,0,1,0,0,0,1,1,1,1,0,0,0,1,0,1,1,0,0,1,1,0,0.3611111111111111,20.073793030781168,1
11,1,1,0,0,1,0,1,1,0,0,0,0,1,0,0,0,1,0,0,0,1,1,1,1,0,0,0,1,0,1,1,0,0,1,1,0,0.3888888888888889,24.838180203706656,1
12,0,1,0,0,1,0,1,1,0,0,0,1,0,0,0,0,1,0,0,0,1,1,1,1,0,0,0,0,0,1,1,0,0,1,1,0,0.3333333333333333,16.77541880256976,1
13,0,1,1,0,1,0,1,1,0,0,0,1,0,0,0,0,1,0,0,0,1,1,1,1,0,0,0,1,0,1,1,0,0,1,1,0,0.3333333333333333,20.073793030781168,1
14,0,1,0,0,1,0,1,1,0,0,0,0,0,0,0,0,1,0,0,0,1,1,1,1,0,0,0,0,0,1,1,0,0,1,1,0,0.3611111111111111,20.76279929366277,1
15,0,1,0,0,1,0,1,1,0,0,0,0,0,0,0,0,1,0,0,0,1,1,0,1,0,0,0,0,0,1,1,0,0,1,1,0,0.3055555555555556,16.24271482443177,1
16,1,1,0,0,1,0,1,1,0,0,0,1,0,0,0,0,1,0,0,0,1,1,1,1,0,0,0,1,0,1,1,0,0,1,1,0,0.3888888888888889,21.104512084839577,1
17,0,1,0,0,1,0,1,1,0,0,0,1,0,0,0,0,1,0,0,0,1,1,0,1,0,0,0,0,0,1,1,0,0,1,1,0,0.3055555555555556,13.47774314301206,1
18,0,1,0,0,1,0,1,1,0,0,0,1,1,0,0,0,1,0,0,0,1,1,1,1,0,0,0,1,0,1,1,0,0,1,1,0,0.3888888888888889,20.155851803657182,1
19,0,1,1,0,1,0,1,1,0,0,0,0,0,0,0,0,1,0,0,0,1,1,0,1,0,0,0,0,0,1,1,0,0,1,1,0,0.3333333333333333,13.978758041308906,1
20,0,1,0,0,1,0,1,1,0,0,0,0,0,0,0,0,1,0,0,0,1,1,1,1,0,1,0,0,0,1,1,0,0,1,1,0,0.3333333333333333,28.49722096179152,1
21,1,1,0,0,1,0,1,1,0,0,0,1,0,0,0,0,1,0,0,0,1,1,1,1,0,0,0,1,0,1,1,0,0,1,1,0,0.3888888888888889,21.104512084839577,1
22,1,1,1,0,1,0,1,1,0,0,0,0,0,0,0,0,1,0,0,0,1,1,1,1,0,0,0,0,0,1,1,0,0,1,1,0,0.3611111111111111,16.890850627586303,1
23,1,1,1,0,1,0,1,1,0,0,0,1,0,0,0,0,1,0,0,0,1,1,1,1,0,0,0,1,0,1,0,0,0,1,1,0,0.3888888888888889,17.27457130733218,1
24,1,1,1,0,1,0,1,1,0,0,0,1,0,0,0,0,1,0,0,0,1,1,1,1,0,0,0,1,0,1,1,0,0,1,1,0,0.3888888888888889,19.022358301963887,1
25,0,1,1,0,1,0,1,1,0,0,0,0,0,0,0,0,1,0,0,0,1,1,1,1,0,0,0,1,0,1,0,0,0,1,1,0,0.3333333333333333,22.528635939150565,1
26,1,1,1,0,1,0,1,1,0,0,0,1,0,0,0,0,1,0,0,0,1,1,1,1,1,0,0,1,0,1,1,0,0,1,1,0,0.4166666666666667,20.887290650134556,1
27,0,1,1,0,1,0,1,1,0,0,0,1,0,0,0,0,1,0,0,0,1,1,1,1,0,0,0,1,0,0,1,0,0,1,1,0,0.3888888888888889,13.375952758262287,1
28,1,1,0,0,1,0,1,1,0,0,0,1,0,0,0,0,1,0,0,0,1,1,0,1,0,0,0,1,0,1,1,0,0,1,1,0,0.4166666666666667,16.905602324424862,1
29,0,1,0,0,1,0,1,1,0,0,0,1,0,0,0,0,1,0,0,0,1,1,1,1,0,0,0,1,0,1,0,0,0,1,1,0,0.3611111111111111,19.786629245048257,1
30,0,1,1,0,1,0,1,1,0,0,0,1,0,0,0,0,1,0,0,0,1,1,1,1,0,0,0,0,0,1,0,0,0,1,1,0,0.3055555555555556,14.509023440290562,1
31,0,1,1,0,1,0,1,1,0,0,0,1,0,0,0,0,1,0,0,0,0,1,1,1,0,0,0,1,0,1,1,0,0,1,1,0,0.3888888888888889,16.209598033077228,1
32,0,1,0,0,1,0,1,1,0,0,0,1,0,0,0,0,1,0,0,0,1,1,0,1,0,0,0,1,0,0,1,0,0,1,1,0,0.3611111111111111,11.237109653213077,1
33,1,1,1,0,1,0,1,1,0,0,0,1,0,0,0,0,1,0,0,0,1,1,1,1,0,0,0,1,0,1,1,0,0,1,1,0,0.3888888888888889,19.022358301963887,1
34,1,1,1,0,1,0,0,1,0,0,0,1,1,0,0,0,1,0,0,0,1,1,1,1,0,0,0,1,0,1,1,0,0,1,1,0,0.3333333333333333,17.408002836865478,1
35,0,1,1,0,1,0,0,1,0,0,0,1,1,0,0,0,1,0,0,0,1,1,0,1,0,0,0,1,0,1,1,0,0,1,1,0,0.3611111111111111,14.506953946248357,1
36,0,1,0,0,1,0,1,1,0,0,0,1,0,0,0,0,1,0,0,0,1,1,1,1,0,0,0,1,0,1,1,0,0,1,1,0,0.3888888888888889,22.656744448973534,1
37,0,1,0,0,1,0,1,1,0,0,0,1,0,0,0,0,1,0,0,0,1,1,0,1,0,0,0,1,0,1,1,0,0,1,1,0,0.3611111111111111,17.893900852953763,1
38,1,1,0,0,1,0,1,1,0,0,0,1,0,0,0,0,1,0,0,0,1,1,1,1,0,0,0,1,0,1,1,0,0,1,1,0,0.3888888888888889,21.104512084839577,1
39,0,1,0,0,1,0,1,1,0,0,0,1,0,0,0,0,1,0,0,0,1,1,1,1,0,0,0,0,0,1,1,0,0,1,1,0,0.3611111111111111,16.77541880256976,1
40,0,1,1,0,1,0,1,1,0,0,0,1,1,0,0,0,1,0,0,0,1,1,0,1,0,0,0,1,0,1,1,0,0,1,1,0,0.4166666666666667,14.373006185959452,1
41,1,1,0,0,1,0,1,1,0,0,0,0,0,0,0,0,1,0,0,0,1,1,1,1,0,0,0,1,0,1,1,0,0,1,1,0,0.4166666666666667,27.839071874495986,1
42,0,0,0,0,1,0,1,1,0,0,0,1,1,0,0,0,1,0,0,0,1,1,1,1,0,0,0,1,0,1,1,0,0,1,1,0,0.3333333333333333,24.260314356347617,1
43,0,1,0,0,1,0,1,1,0,1,0,1,0,0,0,0,1,0,0,0,1,1,1,1,0,0,0,1,0,1,1,0,0,1,1,0,0.3611111111111111,15.672774881531177,1
44,0,1,0,0,1,0,1,1,0,0,0,1,0,0,0,0,1,0,0,0,1,1,1,1,0,1,0,1,0,1,0,0,0,1,1,0,0.3055555555555556,26.36169331571131,1
45,0,1,1,0,1,0,0,1,0,0,0,1,0,0,0,0,1,0,0,0,1,1,0,1,0,0,0,1,0,1,1,0,0,1,1,0,0.3055555555555556,16.507817218850498,1
46,1,1,1,0,1,0,1,1,0,0,0,0,0,0,0,0,1,0,0,0,1,1,0,1,0,0,0,1,0,1,1,0,0,1,1,0,0.4166666666666667,18.989799635538198,1
47,1,1,1,0,1,0,1,1,0,0,0,0,0,0,0,0,1,0,0,0,1,1,1,1,0,0,0,0,0,1,0,0,0,1,1,0,0.3611111111111111,15.148639415135822,1
48,1,1,0,0,1,0,1,1,0,0,0,0,0,0,0,0,1,0,0,0,1,1,1,1,0,0,0,1,0,1,1,0,0,1,1,0,0.4166666666666667,27.839071874495986,1
49,0,1,0,0,1,0,1,1,0,0,0,1,0,0,0,0,1,0,0,0,1,1,1,1,0,0,0,1,0,1,1,0,0,1,1,0,0.3333333333333333,22.656744448973534,1
50,0,1,1,0,1,0,0,1,0,0,0,1,0,0,0,0,1,0,0,0,1,1,1,1,0,1,0,0,0,0,1,0,0,1,1,0,0.3888888888888889,14.188610268821233,1
51,0,1,0,0,1,0,1,1,0,0,0,1,0,0,0,0,1,0,0,0,1,1,1,1,0,0,0,1,0,1,1,0,0,1,1,0,0.3888888888888889,22.656744448973534,1
52,1,1,0,0,1,0,0,1,0,0,0,1,1,0,0,0,1,0,0,0,1,1,1,1,0,0,0,1,0,1,1,0,0,1,1,0,0.3888888888888889,19.490168899813526,1
53,0,1,1,0,1,0,1,1,0,0,0,0,1,0,0,0,1,0,0,0,1,1,0,1,1,0,0,0,0,1,1,0,0,1,1,0,0.2777777777777778,13.843662513452406,1
54,0,1,0,0,1,0,1,1,0,0,0,0,1,0,0,0,1,0,0,0,1,1,0,1,0,0,0,0,0,1,0,0,0,1,1,0,0.3333333333333333,12.400384731974349,1
55,0,1,1,0,1,0,1,1,0,0,0,0,0,0,0,0,1,0,0,0,1,1,0,1,0,0,0,1,0,1,1,0,0,1,1,0,0.3611111111111111,20.47980556578669,1
56,0,1,0,0,1,0,1,1,0,0,0,0,0,0,1,0,1,0,0,0,1,1,1,1,0,0,0,1,0,1,1,0,0,1,1,0,0.3611111111111111,26.399741669714803,1
57,1,1,0,0,1,0,1,1,0,0,0,1,1,0,0,0,1,0,0,0,1,1,1,1,0,0,0,1,0,1,1,0,0,1,1,0,0.4444444444444444,19.10362052731199,1
58,0,1,1,0,1,0,1,1,0,0,0,0,0,0,0,0,1,0,0,0,1,1,1,1,0,0,0,0,0,0,1,0,0,1,1,0,0.2777777777777778,11.304873635979398,1
59,0,1,0,0,1,0,1,1,0,0,0,1,0,0,0,0,1,0,0,0,1,1,1,1,0,1,0,1,0,1,0,0,0,1,1,0,0.4444444444444444,26.36169331571131,1
60,0,1,0,0,1,0,1,1,0,0,0,1,0,0,1,0,1,0,0,0,1,1,1,1,0,0,0,1,0,1,1,0,0,1,1,0,0.3333333333333333,20.322920429307285,1
61,0,1,1,0,1,0,0,1,0,0,0,1,1,0,0,0,1,0,0,0,1,1,0,1,0,0,0,0,0,1,1,0,0,1,1,0,0.3611111111111111,11.755438198916854,1
62,1,1,0,0,1,0,0,1,0,0,0,1,1,0,0,0,1,0,0,1,1,1,1,1,0,0,0,1,0,0,1,0,0,1,1,0,0.4722222222222222,22.768911931655317,1
63,0,1,0,0,1,0,0,1,0,0,0,1,1,0,0,0,1,0,0,0,1,1,1,1,0,0,0,1,0,1,1,0,0,1,1,0,0.3888888888888889,21.292803631138916,1
64,0,1,0,0,1,0,1,1,0,0,0,1,1,0,0,0,1,0,0,0,1,1,0,1,0,0,0,1,0,1,0,0,0,1,1,0,0.3333333333333333,14.045993662886016,1
65,1,1,0,0,1,0,1,1,0,0,0,0,0,0,0,0,1,0,0,0,1,1,0,1,0,0,0,0,0,1,1,0,0,1,1,0,0.3333333333333333,15.260779151493388,1
66,0,1,0,0,1,0,1,1,0,0,1,1,0,0,0,0,1,0,0,0,1,1,1,1,0,0,0,0,0,1,0,0,0,1,1,0,0.3611111111111111,14.431954966732315,1
67,1,1,0,0,1,0,1,1,0,0,0,1,0,0,0,0,1,0,0,0,1,1,1,1,1,0,0,0,0,1,0,0,0,1,1,0,0.3611111111111111,15.779506173950727,1
68,1,1,0,0,1,0,1,1,0,0,0,0,1,0,0,0,1,0,0,0,1,1,0,1,0,0,0,0,0,1,0,0,0,1,1,0,0.3611111111111111,12.534321287159989,1
69,0,1,1,0,1,0,0,1,0,0,0,1,1,0,0,0,1,0,0,0,1,1,1,1,0,0,0,0,0,1,1,0,0,1,1,0,0.3888888888888889,14.493156249080634,1
70,1,1,0,1,0,1,0,0,1,1,1,0,1,1,1,1,0,1,1,1,0,0,0,0,1,0,1,0,1,0,0,1,1,0,0,1,0.3333333333333333,30.444791622518252,1
71,1,0,0,0,1,0,1,1,0,0,0,1,0,0,0,0,1,0,0,0,1,1,1,1,0,0,0,1,0,0,0,0,0,1,1,0,0.2777777777777778,13.309109521756907,1
72,1,0,1,0,1,0,0,1,0,0,0,1,1,0,0,0,1,0,0,0,1,1,0,1,0,0,0,1,0,1,0,0,0,1,1,0,0.2222222222222222,12.732283385927394,1
73,1,1,0,1,0,1,0,0,1,1,1,0,1,1,1,1,0,1,1,1,0,0,0,0,1,0,1,0,1,0,0,1,1,0,0,1,0.3333333333333333,30.444791622518252,1
74,1,1,0,0,1,0,1,1,0,0,0,1,1,0,0,0,1,0,0,0,1,1,0,1,0,0,0,0,0,0,1,0,0,1,1,0,0.3888888888888889,10.808310256007102,1
75,1,1,0,0,1,0,1,1,0,0,0,1,1,0,0,0,0,0,0,0,1,1,0,1,0,0,0,1,0,1,1,0,0,1,1,0,0.3333333333333333,17.3524287111188,1
76,1,1,0,0,1,0,1,1,0,1,0,1,0,0,0,0,1,0,0,0,1,1,1,1,0,0,0,1,0,1,0,0,0,1,1,0,0.4166666666666667,13.987398939512973,1
77,0,1,1,0,1,0,1,1,0,0,0,0,0,0,0,0,1,0,0,0,1,1,0,1,0,0,0,0,0,0,1,0,0,1,1,0,0.3055555555555556,8.554134750073606,1
78,0,1,1,0,1,0,0,1,0,0,0,1,1,0,0,0,1,0,0,0,1,1,1,1,1,0,0,1,0,1,0,0,0,1,1,0,0.3888888888888889,18.076714103306877,1
79,0,1,1,0,1,0,1,1,0,0,0,1,0,0,0,0,1,0,0,0,1,1,1,1,0,1,0,0,0,1,1,0,0,1,1,0,0.3888888888888889,20.587415319999014,1
80,0,1,1,0,1,0,1,1,0,0,0,0,0,0,0,0,1,0,0,0,1,1,1,1,0,1,0,0,0,1,1,0,0,1,1,0,0.4444444444444444,24.667783906132353,1
81,1,1,1,0,1,0,0,1,0,0,0,1,1,0,0,0,1,0,0,0,1,1,0,1,0,0,0,1,0,1,0,0,0,1,1,0,0.4166666666666667,12.48821914579059,1
82,0,1,1,0,1,0,1,1,0,0,0,1,0,0,0,0,1,0,0,0,1,1,1,1,0,0,0,1,0,1,1,0,0,1,1,0,0.4166666666666667,20.073793030781168,1
83,1,1,0,0,1,0,1,1,0,0,0,1,0,1,0,0,1,0,0,0,1,1,1,1,0,0,0,1,0,1,0,0,0,1,1,0,0.3611111111111111,17.848484906734974,1
84,0,1,1,0,1,0,1,1,0,0,0,1,0,0,0,0,1,0,0,1,1,1,0,1,0,0,0,1,0,0,0,0,0,1,1,0,0.3888888888888889,17.07288394084517,1
85,0,1,1,0,1,0,0,1,0,0,0,1,1,0,0,0,1,0,0,0,1,1,1,1,0,0,0,1,0,0,0,0,0,1,1,0,0.3888888888888889,11.146757487045953,1
86,1,1,0,0,1,0,1,1,0,0,0,0,1,0,0,0,1,0,0,0,1,1,1,1,0,0,0,0,0,0,1,0,0,1,1,0,0.3888888888888889,11.541889417197435,1
87,1,1,0,1,0,1,0,0,1,1,1,0,0,1,1,1,0,1,1,1,0,0,0,0,1,0,1,0,1,0,0,1,1,0,0,1,0.3888888888888889,25.941357077541205,1
88,0,1,0,0,1,0,1,1,0,0,0,1,0,0,0,0,1,0,0,0,1,1,1,1,0,0,0,1,0,0,1,0,0,1,1,0,0.3333333333333333,14.793527675634456,1
89,0,1,0,0,1,0,0,1,0,0,0,1,1,0,0,0,1,0,0,0,1,1,0,1,0,1,0,0,0,1,0,0,0,1,1,0,0.4444444444444444,14.297363790441118,1
90,0,1,0,0,1,0,1,1,0,0,0,1,0,1,0,0,1,0,0,0,1,1,1,1,0,0,0,1,0,0,1,0,0,1,1,0,0.4166666666666667,13.791742398561915,1
91,0,1,0,0,1,0,0,1,0,0,0,1,0,0,0,0,1,0,0,0,1,1,1,1,0,0,0,0,0,1,1,0,0,1,1,0,0.4166666666666667,17.412216656980707,1
92,1,1,0,0,1,0,0,1,0,0,0,1,1,0,0,0,1,0,0,0,1,1,1,1,0,0,0,1,0,0,1,0,0,1,1,0,0.4444444444444444,12.7321480840663,1
93,0,1,0,0,1,0,1,1,0,0,0,1,1,0,0,0,1,0,0,0,1,1,1,1,0,1,1,1,0,1,1,0,0,1,1,0,0.3055555555555556,31.33089474922369,1
94,0,1,0,1,0,1,0,0,1,1,1,0,0,1,1,1,0,1,1,1,0,0,0,0,0,0,1,1,1,0,0,1,1,0,0,0,0.3055555555555556,23.638560978229457,1
95,0,1,0,0,1,0,0,1,0,0,0,0,0,0,0,0,1,0,0,1,1,1,1,1,0,0,0,1,0,0,1,0,0,1,1,0,0.4722222222222222,36.524462528560065,1
96,1,1,0,0,1,0,1,1,0,0,0,1,0,0,0,0,1,0,0,0,1,1,0,1,0,0,0,0,0,1,0,0,0,1,1,0,0.3611111111111111,12.782559390097475,1
97,1,1,0,1,0,1,0,0,1,1,0,0,1,1,1,1,0,1,1,1,0,0,0,0,1,0,1,0,1,0,0,1,1,0,0,1,0.3333333333333333,25.27225264157488,1
98,0,1,1,0,1,0,1,1,0,1,0,1,1,0,0,0,1,0,0,0,1,1,1,1,0,1,0,1,0,0,1,0,0,1,1,0,0.3888888888888889,11.028849262903032,1
