,0,1,2,3,4,5,6,7,8,9,10,11,12,13,14,15,16,17,18,19,20,21,22,23,24,25,26,27,28,29,30,31,32,33,34,35,chain_break_fraction,energy,num_occurrences
0,0,0,0,1,0,0,1,0,1,1,1,1,0,0,1,0,1,1,0,0,1,1,1,0,1,1,0,1,0,1,0,0,1,0,1,1,0.25,19.54271271326479,1
1,0,0,0,1,0,0,1,0,1,0,1,1,0,0,1,0,1,1,0,0,1,1,1,0,1,1,0,1,0,1,0,0,1,0,1,1,0.2222222222222222,20.870267393076215,2
2,0,0,0,0,0,0,1,0,1,0,1,1,0,0,1,0,1,1,0,0,1,1,1,0,1,0,0,1,0,1,0,0,1,0,1,1,0.16666666666666666,13.840948640178414,1
3,0,0,0,1,0,0,1,0,1,0,1,1,0,0,1,0,1,1,0,0,1,1,1,0,1,1,0,1,0,1,0,0,1,0,1,1,0.19444444444444445,20.870267393076215,1
4,0,0,0,1,0,0,1,0,0,1,1,1,1,0,1,0,1,1,0,0,1,1,1,0,1,1,0,1,0,1,0,0,1,0,1,1,0.2222222222222222,19.67564530084173,1
5,0,0,0,0,0,0,1,0,1,0,1,1,0,0,1,0,1,1,0,0,1,1,1,0,1,1,0,1,0,1,0,0,1,0,1,1,0.2222222222222222,24.798175172034387,1
6,0,0,0,1,0,0,1,0,1,0,1,1,1,0,1,0,1,1,0,0,1,1,1,0,1,1,0,1,0,1,0,0,1,0,1,1,0.2222222222222222,19.589019185767253,1
7,0,0,0,1,0,0,1,0,1,1,1,1,0,0,1,0,1,1,0,0,1,1,1,0,1,1,0,1,0,1,0,0,1,0,1,1,0.25,19.54271271326479,1
8,0,0,0,1,0,0,1,0,1,0,1,1,0,0,1,0,1,1,0,0,1,1,1,0,1,1,0,1,0,1,0,0,0,0,1,1,0.25,19.727834463833968,1
9,0,0,0,1,0,0,1,0,1,0,1,1,1,0,1,0,1,1,0,0,1,1,1,0,1,0,0,1,0,1,0,0,1,0,1,1,0.2222222222222222,11.632585101223627,1
10,0,0,0,1,0,0,1,0,1,1,1,1,1,0,1,0,1,1,0,0,1,1,1,0,1,0,0,1,0,1,0,0,1,0,1,1,0.2222222222222222,13.80863764692931,1
11,0,0,0,1,0,0,1,0,1,0,1,1,0,0,1,0,1,1,0,0,1,1,1,0,1,1,0,1,0,1,0,0,1,0,1,1,0.2777777777777778,20.870267393076215,1
12,0,0,0,1,0,0,1,0,1,1,1,1,1,0,1,0,1,1,1,0,1,0,1,0,1,1,0,1,0,1,0,0,1,0,1,1,0.25,20.652519883283453,1
13,0,0,0,1,0,0,1,0,1,0,1,1,1,0,1,0,1,1,1,0,1,1,1,0,1,0,0,1,0,1,0,0,1,0,1,1,0.2222222222222222,14.610802143495452,1
14,0,0,0,0,0,0,1,0,1,0,1,1,1,0,1,0,1,1,0,0,1,1,1,0,1,0,0,1,0,1,0,0,1,0,1,1,0.25,12.5604928520351,1
15,0,0,0,1,0,0,1,0,1,1,1,1,0,0,1,0,1,1,0,0,1,1,1,0,1,1,0,1,0,1,0,0,1,0,1,1,0.3055555555555556,19.54271271326479,1
16,0,0,0,1,0,0,1,0,1,0,1,1,1,0,1,0,1,1,0,0,1,1,1,0,1,1,0,1,0,1,0,0,1,0,1,1,0.25,19.589019185767253,1
17,0,0,0,0,0,0,1,0,1,1,1,1,0,0,1,0,1,1,1,0,1,1,1,0,1,0,0,1,0,1,0,0,1,0,1,1,0.25,15.993403032918415,1
18,0,0,0,1,0,0,1,0,1,0,1,1,0,0,1,0,1,1,0,0,1,1,1,0,1,0,0,1,0,1,0,0,1,0,1,1,0.25,11.913040861220237,1
19,0,0,0,1,0,0,1,0,1,1,1,1,0,0,1,0,1,1,0,0,1,1,1,0,1,1,0,1,0,1,0,0,0,0,1,1,0.3055555555555556,19.41069831256948,1
20,0,0,0,1,0,0,1,0,0,1,1,1,1,0,1,0,1,1,1,0,1,1,1,0,1,0,0,1,0,1,0,0,1,0,1,1,0.2777777777777778,15.19812833745912,1
21,0,0,0,1,0,0,1,0,1,0,1,1,0,0,1,0,1,1,0,0,1,1,1,0,1,0,0,1,0,1,0,0,1,0,1,1,0.25,11.913040861220237,1
22,0,0,1,0,0,0,1,0,1,0,1,1,1,0,1,0,1,1,0,0,1,1,1,0,1,0,0,1,0,1,0,0,1,0,1,1,0.2222222222222222,11.096538976629375,1
23,0,0,0,1,0,0,1,0,1,0,1,1,1,0,1,0,1,1,0,0,1,1,1,0,1,1,0,1,0,1,0,0,1,0,1,1,0.3055555555555556,19.589019185767253,1
24,0,0,0,1,0,0,1,0,1,0,1,1,0,0,1,0,1,1,1,0,1,0,1,0,1,1,0,1,0,1,0,0,1,0,1,1,0.2777777777777778,19.997571386696375,1
25,0,0,0,1,0,0,1,0,1,0,1,1,1,0,1,0,1,1,0,0,1,0,1,0,1,0,0,1,0,1,0,0,1,0,1,1,0.25,9.324517740009528,1
26,0,0,0,0,0,0,1,0,1,1,1,1,1,0,1,0,1,1,0,0,1,1,1,0,1,0,0,1,0,1,0,0,1,0,1,1,0.2222222222222222,12.736541046585835,1
27,0,0,0,1,0,0,1,0,1,0,1,1,1,0,1,0,1,1,0,0,1,1,1,0,1,0,0,1,0,1,0,0,1,0,1,1,0.2222222222222222,11.632585101223627,1
28,0,0,0,1,0,0,1,0,1,0,1,1,0,0,1,0,1,1,0,0,1,0,1,0,1,0,0,1,0,1,0,0,1,0,1,1,0.2777777777777778,8.595695561815436,1
29,0,0,0,0,0,0,1,0,0,1,1,1,0,0,1,0,1,1,0,0,1,1,1,0,1,0,0,1,0,1,0,0,1,0,1,1,0.19444444444444445,13.178569282473603,1
30,0,0,0,1,0,0,1,0,1,1,1,1,1,0,1,0,1,1,0,0,0,0,1,0,1,1,0,1,0,1,0,0,1,0,1,1,0.2777777777777778,18.64940077667844,1
31,0,0,0,0,0,0,1,0,1,0,1,1,1,0,1,0,1,1,1,0,0,1,1,0,1,0,0,1,0,1,0,0,1,0,1,1,0.25,13.879015185397545,1
32,0,0,0,0,0,0,1,0,1,0,1,1,0,0,1,0,1,1,0,0,1,0,1,0,1,0,0,1,0,1,0,0,1,0,1,1,0.16666666666666666,8.523602608469965,1
33,0,0,0,1,0,0,1,0,1,1,1,1,1,0,1,0,1,1,0,0,1,1,1,0,1,1,0,1,0,1,0,0,1,0,1,1,0.3055555555555556,19.762271415916185,1
34,0,0,0,1,0,0,1,0,1,1,1,1,1,0,1,0,1,1,1,0,0,1,1,0,1,1,0,1,0,1,0,0,1,0,1,1,0.3055555555555556,22.195804091846526,1
35,0,0,0,0,0,0,1,0,1,1,1,1,0,0,1,0,1,1,1,0,1,0,1,0,1,0,0,1,0,1,0,0,1,0,1,1,0.2222222222222222,11.920198593899887,1
36,0,0,0,0,0,0,1,0,1,1,1,1,0,0,1,0,1,1,1,0,1,1,1,0,1,0,0,1,0,1,0,0,1,0,0,1,0.2222222222222222,13.537165127049498,1
37,0,0,0,1,0,0,1,0,1,0,1,1,0,0,1,0,1,1,0,0,0,0,1,0,1,0,0,1,0,1,0,0,1,0,1,1,0.25,8.937022912113015,1
38,0,0,0,1,0,1,1,0,1,0,1,1,0,0,1,0,1,1,0,0,1,1,1,0,1,0,0,1,0,1,0,0,1,0,1,1,0.25,9.428732594079593,1
39,0,0,0,0,0,0,0,0,1,1,1,1,1,0,1,0,1,1,0,0,1,1,1,0,1,0,0,1,0,1,0,0,1,0,1,1,0.2777777777777778,13.765847635332303,1
40,0,0,0,1,0,0,1,0,1,1,1,1,0,0,1,0,1,1,0,1,1,0,1,0,1,0,0,1,0,1,0,0,1,0,1,1,0.3055555555555556,16.458187682248912,1
41,0,0,0,1,0,0,1,0,1,1,1,1,1,0,1,0,1,1,0,0,1,1,1,0,1,0,0,1,1,1,0,0,1,0,1,1,0.2222222222222222,15.785454531422747,1
42,0,0,0,1,0,0,1,0,1,0,1,1,0,0,1,0,1,1,0,0,0,0,1,0,1,1,0,1,0,1,0,0,1,0,1,1,0.2777777777777778,14.860285471065968,1
43,0,0,0,1,0,0,1,0,1,0,1,1,1,0,1,0,1,1,0,0,1,0,1,0,1,0,0,1,0,1,0,0,1,0,1,1,0.2222222222222222,9.324517740009528,1
44,0,0,1,0,0,0,1,0,1,1,1,1,1,0,1,0,1,1,0,0,1,1,1,0,1,0,0,1,0,1,0,0,1,0,1,1,0.19444444444444445,12.27258934675757,1
45,0,0,0,1,0,0,0,0,1,0,1,1,1,0,1,0,1,1,1,0,1,0,1,0,1,0,0,1,0,1,0,0,1,0,1,1,0.25,11.765027568464824,1
46,0,0,0,1,0,0,1,0,1,0,1,1,1,0,1,0,1,1,1,0,1,0,1,0,1,1,0,1,0,1,0,0,1,0,1,1,0.25,19.225204893921962,1
47,1,0,0,1,0,0,1,0,1,1,1,1,0,0,1,0,1,1,0,0,1,1,1,0,1,1,0,0,0,1,0,0,1,0,1,1,0.25,13.675608127600626,1
48,0,0,0,1,0,0,1,0,1,1,0,1,1,0,1,0,1,1,0,0,1,0,1,0,1,0,0,1,0,1,0,0,1,0,1,1,0.2777777777777778,12.705605413757588,1
49,0,0,0,0,0,1,1,0,1,0,1,1,0,0,1,0,1,1,0,0,1,0,1,0,1,0,0,1,0,1,0,0,1,0,1,1,0.19444444444444445,7.230071190943691,1
50,0,0,0,0,0,0,1,0,1,0,1,1,1,0,1,0,1,1,0,0,1,1,1,0,1,0,0,1,0,1,0,0,1,0,1,1,0.25,12.5604928520351,1
51,0,0,0,0,0,0,0,0,1,0,1,1,1,0,1,0,1,1,1,0,1,1,1,0,1,0,0,1,0,1,0,0,1,0,1,1,0.2777777777777778,19.086757030679443,1
52,0,0,0,1,0,0,0,0,1,0,1,1,0,1,1,0,1,1,1,0,1,1,1,0,1,0,0,1,0,1,0,0,1,0,1,1,0.19444444444444445,16.80502886263264,1
53,0,0,0,0,0,0,1,0,1,1,1,1,0,0,1,0,1,1,0,0,0,0,1,0,1,0,0,1,0,1,0,0,1,0,1,1,0.25,9.923365252692513,1
54,0,0,0,0,0,0,1,0,1,0,1,1,1,0,1,0,1,1,0,0,0,1,1,0,1,0,0,1,1,1,0,0,1,0,1,1,0.2222222222222222,13.879015185397538,1
55,0,0,0,1,0,0,1,0,1,1,1,1,0,0,1,0,1,1,0,0,1,1,1,0,1,0,0,1,0,1,0,0,1,0,1,1,0.19444444444444445,12.58828649696556,1
56,0,0,0,0,0,0,1,0,1,0,1,1,0,0,1,0,1,1,0,0,1,0,1,0,1,0,0,1,0,1,0,0,1,0,1,1,0.25,8.523602608469965,1
57,0,0,1,0,0,0,1,0,1,0,1,1,1,0,1,0,1,1,0,0,1,1,1,0,1,0,0,1,1,1,0,0,1,0,1,1,0.19444444444444445,14.574756018901184,1
58,0,0,0,1,0,0,0,0,1,0,1,1,0,0,1,0,1,1,0,1,1,0,1,0,1,0,0,1,0,1,0,0,1,0,1,1,0.25,17.004594605390565,1
59,0,0,0,1,0,0,0,0,1,1,1,1,0,0,1,0,1,1,0,0,1,1,1,0,1,0,0,1,0,1,0,0,1,0,1,1,0.2777777777777778,13.046026746686715,1
60,0,0,0,1,0,0,1,0,1,0,1,1,1,0,1,0,1,0,0,0,1,0,1,0,1,0,0,1,0,1,0,0,1,0,1,1,0.2222222222222222,7.368717404066917,1
61,0,0,0,0,0,0,1,0,0,1,1,1,1,0,1,0,1,1,1,0,1,0,1,0,0,1,0,1,0,1,0,0,1,0,1,1,0.2777777777777778,16.40057159245144,1
62,0,0,0,0,0,0,1,0,1,0,1,1,1,0,1,0,1,1,0,0,1,1,1,0,1,0,0,1,0,1,0,0,1,0,1,1,0.3055555555555556,12.5604928520351,1
63,0,0,0,1,0,0,1,0,0,1,1,1,0,0,0,0,1,1,0,0,1,1,1,0,1,1,0,1,0,1,0,0,1,0,1,1,0.2222222222222222,21.737334805499277,1
64,0,0,0,1,0,1,1,0,0,1,1,1,0,0,1,0,1,1,0,0,1,1,1,0,1,1,0,1,0,1,0,0,1,0,1,1,0.2777777777777778,17.30971563632063,1
65,0,0,0,0,0,0,0,0,1,0,1,1,1,0,1,0,1,1,0,1,1,1,1,0,1,0,0,1,0,1,0,0,1,0,1,1,0.19444444444444445,25.564974075509337,1
66,0,0,0,1,0,0,0,0,1,0,0,1,0,0,1,0,1,1,0,0,1,1,1,0,1,0,0,1,0,1,0,0,1,0,1,1,0.19444444444444445,15.878727018737916,1
67,0,0,0,1,0,0,1,0,0,1,1,1,1,0,1,0,1,1,0,0,1,0,1,0,0,1,0,1,0,1,0,0,1,0,1,1,0.3055555555555556,14.006471110439477,1
68,0,0,0,0,0,0,1,0,1,1,1,1,0,0,1,0,1,1,0,0,1,0,1,0,1,0,0,1,0,1,0,0,1,0,0,1,0.25,9.082837276126197,1
69,0,0,0,1,0,0,1,0,0,0,1,1,1,0,1,0,1,1,0,0,1,1,1,0,1,0,0,1,0,1,0,0,1,0,1,1,0.25,12.544558828370802,1
70,0,0,0,1,0,0,1,0,1,1,1,1,0,0,1,0,1,1,0,0,1,0,1,0,1,1,0,1,0,1,0,0,1,0,1,1,0.2777777777777778,16.458187682248912,1
71,0,0,0,1,0,0,1,0,1,0,1,1,1,0,1,0,1,1,0,0,1,1,1,1,1,1,0,1,1,1,0,0,1,0,1,1,0.25,32.799635655878774,1
72,0,0,0,1,0,0,1,0,1,0,1,1,0,0,1,0,1,1,1,0,0,0,1,0,1,0,0,1,0,1,0,0,1,0,1,1,0.25,10.898654191589502,1
73,0,0,0,1,0,1,1,0,0,1,1,1,0,0,1,0,0,1,0,0,1,0,1,0,1,1,0,1,0,1,0,0,1,0,1,1,0.2222222222222222,15.276104144978003,1
74,0,0,0,0,0,0,1,0,1,1,1,1,1,0,1,0,1,1,1,0,0,0,1,0,1,0,0,1,0,1,0,0,1,0,1,1,0.3055555555555556,13.117468179837548,1
75,0,0,0,0,0,0,1,0,0,0,1,1,1,0,1,0,1,1,0,1,0,0,1,0,1,0,0,1,0,1,0,0,1,0,1,1,0.25,16.24263969615891,1
76,0,0,0,0,0,0,1,0,1,1,1,1,0,0,1,0,1,1,0,0,0,0,1,0,1,0,0,1,0,1,0,0,1,0,1,1,0.2777777777777778,9.923365252692513,1
77,0,1,1,0,1,1,0,0,1,0,0,0,1,0,0,1,0,0,0,1,0,0,0,1,0,0,1,0,0,0,1,1,0,1,0,1,0.2777777777777778,13.069194072444212,1
78,0,0,0,0,0,0,1,0,1,0,1,1,1,0,1,0,0,1,0,0,1,1,1,1,1,0,0,0,0,1,0,0,1,0,1,1,0.16666666666666666,12.899496456866366,1
79,1,1,1,0,1,1,0,1,0,0,0,0,0,1,0,1,0,0,0,1,0,1,0,1,0,0,1,0,0,0,1,1,0,1,0,1,0.2222222222222222,20.705796863969283,1
80,0,0,0,1,0,0,0,0,1,0,1,1,1,0,1,0,1,1,1,0,1,0,1,0,1,0,0,1,0,1,0,0,1,0,1,1,0.2777777777777778,11.765027568464824,1
81,0,0,0,1,0,0,1,0,1,0,1,1,1,0,1,0,1,1,0,0,1,1,1,0,1,1,0,1,0,1,0,0,1,0,1,1,0.2777777777777778,19.589019185767253,1
82,0,0,0,1,0,0,1,0,0,1,1,1,1,0,1,0,0,1,0,0,1,0,1,0,1,0,0,1,0,1,0,0,1,0,1,1,0.25,10.061577668069905,1
83,0,0,0,0,1,0,1,0,1,0,1,1,0,0,1,0,1,1,0,0,1,0,1,0,1,0,0,1,1,1,0,0,1,0,0,1,0.19444444444444445,8.574183409778602,1
84,0,0,0,0,0,0,1,0,1,0,1,1,1,0,1,0,1,1,1,0,0,0,1,0,1,0,1,1,0,1,0,0,1,0,1,1,0.2777777777777778,14.020860823399108,1
85,0,0,0,1,0,0,1,0,0,1,1,1,1,0,1,0,1,1,0,0,1,1,1,0,1,0,0,0,0,1,0,0,1,0,1,1,0.2777777777777778,9.765577447311234,1
86,0,0,0,1,0,0,1,0,1,0,1,1,1,0,1,0,1,1,0,0,1,0,1,0,1,1,1,1,1,1,0,0,0,0,1,1,0.3333333333333333,23.733533893123273,1
87,0,1,1,0,1,1,0,0,0,0,0,0,1,0,0,1,0,0,0,1,0,0,0,0,0,0,1,0,0,0,1,1,0,1,0,1,0.25,9.091409599588935,1
88,1,0,0,0,0,0,1,0,1,0,1,1,0,0,1,0,1,1,0,0,1,1,1,0,1,0,0,0,0,1,0,0,0,0,1,1,0.2222222222222222,7.243757087675634,1
89,0,0,0,0,0,0,1,0,1,1,1,1,1,0,1,0,1,0,0,0,1,0,1,0,1,0,0,1,1,1,0,0,1,0,1,1,0.2777777777777778,11.693000834431345,1
90,0,0,0,0,0,1,1,0,1,0,1,1,0,0,0,0,1,0,0,0,0,0,1,0,1,0,0,1,0,1,0,0,1,0,1,1,0.19444444444444445,6.497092659896588,1
91,0,0,1,0,0,0,1,0,1,0,1,1,1,0,1,0,1,0,0,0,1,0,1,0,1,0,0,1,0,1,0,0,1,0,1,1,0.2222222222222222,6.832670922610616,1
92,0,0,0,1,0,0,1,0,1,1,1,1,1,0,1,0,1,1,0,0,1,0,1,0,1,0,0,1,0,1,0,0,1,0,1,1,0.3055555555555556,13.75603320270616,1
93,0,0,0,0,0,0,1,0,1,0,1,1,1,0,1,0,1,0,0,0,0,0,1,1,1,1,0,0,0,1,0,0,1,0,1,1,0.25,10.947348217516693,1
94,0,0,0,1,0,0,1,0,1,1,1,1,1,0,1,0,1,1,0,0,1,1,1,0,1,0,0,1,0,1,0,0,0,0,1,1,0.3333333333333333,15.346973606391579,1
95,1,0,0,0,0,0,1,0,0,0,1,1,1,0,0,0,0,1,0,0,1,0,1,0,1,0,1,0,0,0,0,0,1,0,1,1,0.1111111111111111,1.627924954841513,1
96,0,0,0,1,0,0,1,0,1,0,1,1,0,1,1,0,1,1,1,0,1,0,1,0,0,0,0,1,0,1,0,0,1,0,1,1,0.3333333333333333,12.053339918203655,1
97,0,1,1,0,1,1,0,1,0,1,0,0,0,0,0,1,0,0,0,1,0,1,0,0,0,0,0,0,1,0,1,1,0,1,0,1,0.3611111111111111,12.875059652000356,1
98,0,0,0,1,0,0,1,0,1,0,1,1,0,0,1,0,1,1,0,0,1,1,1,0,1,1,0,1,0,1,0,0,0,0,1,1,0.3611111111111111,19.727834463833968,1
