,0,1,2,3,4,5,6,7,8,9,10,11,12,13,14,15,16,17,18,19,20,21,22,23,24,25,26,27,28,29,30,31,32,33,34,35,chain_break_fraction,energy,num_occurrences
0,1,0,0,0,1,1,0,1,0,0,1,0,1,1,1,0,0,1,1,1,0,1,0,0,0,0,0,1,1,1,0,1,0,0,1,0,0.3055555555555556,15.608286806767442,1
1,1,0,0,0,0,1,0,1,1,0,1,0,1,1,0,0,0,1,0,1,0,1,0,0,0,0,0,1,1,1,0,1,0,0,1,0,0.2777777777777778,14.445189795097535,1
2,1,0,0,0,0,1,0,1,1,1,1,0,1,1,0,0,0,1,1,1,0,1,1,0,0,0,0,1,1,1,0,1,0,0,1,0,0.3333333333333333,21.45934452933588,1
3,1,0,0,0,1,1,0,0,1,1,1,0,1,1,0,0,0,1,1,1,0,1,0,0,0,0,0,1,1,1,0,1,0,0,1,0,0.3055555555555556,17.640770837809363,1
4,1,0,0,0,0,1,0,1,0,0,1,0,1,1,1,0,0,1,1,1,0,1,0,0,0,1,0,1,1,1,0,1,0,0,1,0,0.3055555555555556,24.338401003577168,1
5,1,0,0,0,0,1,0,1,0,1,1,0,0,1,0,0,0,1,1,1,0,1,1,0,0,0,0,1,1,1,0,1,0,0,1,1,0.3611111111111111,30.107753167035373,1
6,1,0,0,0,1,1,0,1,0,1,1,0,1,1,0,0,0,1,1,1,0,1,0,0,0,0,0,0,1,1,0,1,0,0,1,1,0.3333333333333333,18.334586839086917,1
7,0,0,0,0,0,1,0,1,0,0,1,0,1,1,0,1,0,1,1,1,0,1,0,0,0,1,0,1,1,1,0,1,0,0,1,0,0.3055555555555556,25.187242552377796,1
8,0,0,0,0,0,1,0,1,0,0,1,0,1,1,1,0,0,1,1,1,0,1,0,0,0,0,0,1,1,1,0,1,0,0,1,0,0.19444444444444445,16.926621903458454,1
9,0,0,0,0,1,1,0,1,1,1,1,0,1,1,0,0,0,1,1,1,0,1,0,0,0,0,0,1,1,1,0,1,0,0,1,1,0.3333333333333333,25.12602605960066,1
10,0,1,1,1,1,0,0,1,0,0,0,1,0,0,1,1,1,0,0,0,1,1,1,1,0,0,1,0,0,0,1,0,1,1,0,0,0.25,17.651792017721473,1
11,1,0,0,0,0,1,0,1,1,1,1,0,0,1,0,0,0,1,1,1,0,1,0,0,0,0,0,1,1,1,0,1,0,0,1,0,0.3888888888888889,18.837387451230853,1
12,1,1,1,1,1,0,1,1,0,0,0,1,0,0,0,1,1,0,0,0,1,1,1,0,1,0,1,0,0,0,1,0,1,1,0,0,0.3333333333333333,22.391381525252395,1
13,1,0,0,0,1,1,0,1,0,0,1,0,1,1,0,0,1,1,1,0,0,1,0,0,0,0,0,1,1,1,0,1,0,0,1,0,0.3888888888888889,13.513525923150814,1
14,1,0,0,0,1,1,0,0,0,1,1,0,1,1,1,0,1,1,1,1,0,1,0,0,0,0,0,1,1,1,0,1,0,0,1,1,0.2777777777777778,22.850766350980706,1
15,0,1,1,1,0,0,0,1,1,0,0,1,0,0,0,1,1,0,0,0,1,1,1,0,1,0,1,0,0,0,1,0,1,1,0,0,0.3888888888888889,16.140042269145354,1
16,0,1,1,1,1,0,0,1,0,0,0,1,0,0,0,1,1,0,0,0,1,1,1,1,1,0,1,0,0,0,1,0,1,1,0,0,0.2777777777777778,18.211980417259284,1
17,1,0,0,0,0,1,1,0,1,1,1,0,1,1,0,0,0,1,1,1,0,1,0,0,0,0,0,1,1,0,0,1,0,0,1,0,0.2222222222222222,14.298403721693841,1
18,1,0,0,0,0,1,0,1,0,1,1,0,1,1,0,0,1,1,0,1,0,1,0,0,0,0,0,1,1,1,0,1,0,0,1,1,0.2777777777777778,21.784474825370378,1
19,1,0,0,0,0,1,0,0,0,0,1,0,1,1,0,0,0,1,0,1,0,1,0,0,0,0,0,1,1,1,0,1,0,0,1,0,0.2777777777777778,14.770714923862963,1
20,0,0,0,0,1,1,0,1,0,0,1,0,1,1,1,0,0,1,0,1,0,1,0,1,0,0,0,1,1,1,0,1,0,0,1,0,0.3611111111111111,19.80114580910312,1
21,1,0,0,0,0,1,0,0,0,1,1,0,0,1,0,0,0,1,1,1,0,0,0,0,0,0,0,1,0,1,0,1,0,0,1,0,0.2222222222222222,11.374021935568573,1
22,1,1,0,1,1,0,1,1,1,0,0,1,0,0,0,1,1,0,0,0,1,1,0,0,1,0,1,0,0,0,1,0,1,1,0,0,0.3333333333333333,23.020223779607328,1
23,0,1,0,1,0,0,1,1,0,1,0,1,0,0,0,1,1,0,0,0,1,1,0,0,1,0,1,0,0,0,1,0,1,1,0,0,0.2777777777777778,20.917581177401676,1
24,1,0,0,0,1,1,0,1,0,0,1,0,1,1,1,0,0,1,1,1,0,1,0,1,0,0,0,1,1,1,0,1,0,0,1,0,0.2777777777777778,21.994092176453776,1
25,0,0,1,0,1,1,0,1,0,0,1,0,1,1,1,0,0,1,1,1,0,1,1,0,0,0,0,1,1,1,0,1,0,0,1,0,0.3333333333333333,18.945699298260575,1
26,0,1,0,1,1,0,1,1,1,0,0,1,0,0,0,1,0,0,0,0,1,1,1,0,1,0,1,0,0,0,1,0,1,1,0,0,0.3055555555555556,16.710204103300306,1
27,0,1,0,1,1,0,1,1,1,0,0,1,0,0,0,1,0,0,0,0,1,1,1,0,1,0,1,0,0,0,1,0,1,1,0,0,0.3055555555555556,16.710204103300306,1
28,0,0,0,0,0,1,0,0,0,1,1,0,1,1,0,0,0,1,1,1,0,1,0,0,0,0,0,1,0,1,0,1,0,0,1,0,0.2777777777777778,15.631417637121578,1
29,0,1,1,1,1,0,1,1,1,0,0,1,0,1,0,1,0,0,0,0,1,1,1,0,1,0,1,0,0,0,1,0,1,1,0,0,0.3888888888888889,27.50286732445184,1
30,1,0,0,0,0,1,1,1,0,0,1,0,1,1,1,0,0,1,1,1,0,1,0,0,0,0,0,1,1,1,0,1,0,0,1,0,0.25,16.802976373129813,1
31,0,0,0,0,0,1,0,1,0,1,1,0,1,1,0,0,0,1,1,1,0,1,0,0,0,0,0,1,1,1,0,1,0,0,1,0,0.4444444444444444,18.496803877508906,1
32,1,0,0,0,0,1,0,0,0,1,1,0,0,1,1,0,0,1,0,1,0,1,0,0,0,0,0,1,1,1,0,1,0,0,1,0,0.2222222222222222,14.971729881782649,1
33,0,0,0,0,1,1,0,1,0,0,1,0,1,1,0,0,1,1,1,1,0,1,0,1,0,0,0,1,0,1,0,1,0,0,1,0,0.2777777777777778,21.07988244248667,1
34,0,0,0,0,1,1,0,1,0,0,1,0,1,1,1,0,1,1,1,0,0,1,0,1,0,0,0,1,1,1,0,1,0,0,1,0,0.3333333333333333,16.608284436636637,1
35,1,0,0,0,0,1,0,1,0,1,1,0,1,1,0,0,0,1,1,1,0,1,0,1,0,0,0,1,0,1,0,1,0,0,1,0,0.2777777777777778,21.898122688749243,1
36,1,1,0,1,0,0,1,1,0,0,0,1,0,0,0,1,0,0,0,0,1,1,1,0,1,0,1,0,0,0,1,0,1,1,0,0,0.3055555555555556,15.972794539993188,1
37,0,1,1,1,1,0,0,1,0,0,0,0,0,0,0,1,1,0,1,0,1,1,1,0,1,0,1,0,0,0,1,0,1,1,0,0,0.25,14.017873927159727,1
38,0,0,0,0,1,1,0,1,0,0,1,0,1,1,1,0,1,1,1,1,0,1,0,0,1,0,0,1,1,1,0,1,0,0,1,1,0.2777777777777778,27.0306774671427,1
39,0,1,0,1,1,0,0,1,0,0,0,1,0,0,1,1,0,0,0,0,1,0,0,0,1,0,0,0,0,0,1,0,1,1,0,0,0.1388888888888889,17.518621414747397,1
40,1,0,0,0,1,1,0,0,0,0,1,0,1,1,1,0,0,1,1,0,0,1,0,1,0,0,0,1,1,1,0,1,0,0,1,0,0.3055555555555556,14.855654083695926,1
41,1,0,0,0,1,1,0,0,0,1,1,0,1,1,1,0,1,1,1,1,0,1,0,1,0,0,0,1,0,1,0,1,0,0,1,1,0.3055555555555556,27.174586747193455,1
42,0,1,0,1,0,0,0,1,1,0,0,1,0,0,0,1,1,0,0,0,1,0,1,0,0,0,1,0,0,0,1,0,1,1,0,0,0.2777777777777778,14.741192048901606,1
43,1,1,0,1,0,0,1,1,1,0,0,1,0,0,0,1,0,0,0,0,1,0,0,0,1,0,1,0,0,0,1,0,1,1,0,0,0.3055555555555556,20.553078676303375,1
44,1,0,1,0,1,1,0,1,0,1,1,0,1,1,1,0,0,1,1,1,0,1,1,0,1,0,0,1,1,1,0,1,0,0,1,1,0.4166666666666667,30.46637534226714,1
45,0,1,0,1,1,0,0,1,0,0,0,1,0,0,1,1,1,0,1,0,1,1,1,0,1,0,1,0,0,0,1,0,1,1,0,0,0.2222222222222222,14.8233413803636,1
46,0,1,1,1,1,0,0,1,0,0,0,1,0,0,0,1,1,0,0,0,1,1,1,0,1,0,1,0,0,0,1,0,1,1,0,0,0.25,15.743827076476073,1
47,1,1,0,1,0,0,1,1,1,0,0,1,0,0,1,1,1,0,0,0,1,1,1,0,1,0,1,0,0,0,1,0,1,1,0,0,0.3888888888888889,21.210439606280982,1
48,1,0,0,0,0,1,0,1,0,0,1,0,1,1,1,0,0,1,1,0,0,1,0,0,1,0,0,1,1,1,0,1,0,0,1,0,0.3333333333333333,13.326365226175836,1
49,0,1,0,1,1,0,0,0,1,0,0,1,0,0,0,1,1,0,0,0,1,1,1,0,1,0,1,0,0,0,1,0,0,1,0,0,0.2777777777777778,9.837540598413538,1
50,0,1,1,0,1,0,1,0,0,0,0,0,0,0,0,1,1,0,1,0,1,1,1,0,1,0,1,0,0,0,1,0,1,1,0,0,0.2222222222222222,11.957077366194037,1
51,1,0,1,0,1,1,0,0,0,1,1,0,1,1,1,0,1,1,1,1,0,1,0,1,0,1,0,1,0,1,0,1,0,0,1,1,0.3055555555555556,37.02302274905109,1
52,0,0,0,0,0,1,0,1,0,0,1,0,0,1,1,0,0,1,0,1,0,1,0,0,0,0,0,1,1,1,0,1,0,0,1,0,0.3333333333333333,14.900462454577747,1
53,0,0,0,0,1,1,0,1,0,1,1,0,1,1,0,0,0,1,1,0,0,1,0,0,1,1,0,1,1,1,0,1,0,0,1,1,0.3888888888888889,30.331982915004648,1
54,0,1,0,1,1,0,1,1,1,0,0,1,0,0,0,1,0,0,0,0,1,1,1,0,1,0,1,0,0,0,1,0,1,1,0,0,0.3055555555555556,16.710204103300306,1
55,0,1,1,1,1,0,1,1,0,0,0,1,0,0,1,1,0,0,0,0,1,1,1,0,1,0,1,0,0,0,1,0,0,1,0,1,0.2777777777777778,20.94155084251882,1
56,1,0,1,0,0,1,0,1,1,1,1,0,1,1,1,0,0,1,1,1,0,1,0,0,0,0,0,1,1,1,0,1,0,0,1,1,0.3611111111111111,25.75494122425563,1
57,0,0,1,0,0,0,1,0,0,0,0,0,1,0,1,0,1,1,0,0,1,1,0,0,1,0,0,0,0,0,0,0,1,0,1,0,0.0,3.042049173420642,1
58,1,1,0,1,1,0,0,1,0,0,0,1,0,1,0,1,0,0,1,0,1,1,1,0,1,0,1,0,0,0,1,0,1,1,0,0,0.3611111111111111,18.469461331950132,1
59,0,0,1,0,1,1,1,1,0,0,1,0,1,1,1,0,0,1,1,1,0,1,1,1,0,0,0,1,1,1,0,1,0,0,1,0,0.3333333333333333,27.66750831417637,1
60,0,0,1,0,0,1,0,0,0,1,1,0,1,1,1,0,0,1,1,1,0,1,0,1,0,0,0,1,0,1,0,1,0,0,1,0,0.25,20.70013471355216,1
61,0,1,0,1,0,0,0,1,1,1,0,1,0,0,0,1,0,0,1,0,1,1,1,0,1,0,1,0,0,0,1,0,1,1,0,0,0.3333333333333333,18.43631838356016,1
62,0,1,0,1,0,0,0,1,0,0,1,0,0,0,0,1,1,0,0,0,1,1,0,1,0,0,1,0,0,0,1,0,1,1,0,0,0.19444444444444445,11.853429796811982,1
63,1,0,0,0,1,1,0,1,0,0,1,0,1,1,0,0,0,1,1,1,0,1,0,0,1,0,0,1,1,1,0,1,0,0,1,0,0.3333333333333333,19.13253362912322,1
64,0,1,0,1,1,0,0,1,0,0,1,0,1,0,0,1,1,0,0,0,1,1,1,0,0,0,1,0,0,0,1,0,1,1,0,0,0.19444444444444445,11.797930764825047,1
65,1,1,0,1,1,0,1,1,1,0,0,1,1,0,1,1,0,0,0,0,1,1,1,0,1,0,1,0,0,0,1,0,1,1,0,0,0.4166666666666667,24.974016431497233,1
66,0,1,0,1,0,0,0,1,1,0,0,1,0,1,0,1,0,0,0,0,1,1,1,0,1,0,1,0,0,0,1,0,1,1,0,0,0.3055555555555556,16.693697634262804,1
67,1,0,1,0,0,1,0,0,0,1,1,0,0,1,1,0,1,1,1,1,0,1,0,0,0,0,0,1,1,1,0,1,0,0,1,1,0.3611111111111111,23.209024735338502,1
68,0,1,0,1,1,0,0,1,0,0,0,0,0,0,1,1,0,0,0,0,1,0,1,0,0,0,1,0,0,0,1,0,1,1,0,0,0.2222222222222222,10.207861545706086,1
69,1,1,1,1,1,0,0,1,0,0,0,0,0,0,1,1,1,0,0,0,1,1,1,1,0,0,1,0,0,0,1,0,1,1,0,0,0.3055555555555556,16.184198946973574,1
70,1,1,1,1,0,0,0,1,1,0,0,0,0,0,0,1,1,0,0,0,1,1,1,0,1,1,1,0,0,0,1,0,0,1,0,0,0.25,17.166028285261408,1
71,0,1,0,1,0,0,1,1,1,0,0,1,0,0,0,1,1,0,0,0,1,1,1,0,1,0,1,0,0,0,1,0,1,1,0,0,0.4166666666666667,16.399954210043745,1
72,0,1,0,1,0,0,0,1,0,1,0,0,0,0,0,1,0,0,0,0,1,1,0,0,1,0,1,0,0,0,1,0,1,1,0,0,0.2222222222222222,12.765751380412613,1
73,1,0,0,0,1,1,1,1,0,1,1,0,1,0,1,0,0,1,1,1,0,1,0,1,0,0,0,1,0,1,0,1,0,0,1,1,0.3611111111111111,28.04447993677447,1
74,0,0,0,0,0,1,0,0,1,0,0,0,1,1,0,0,0,1,1,0,0,1,0,0,0,0,0,1,0,0,0,1,0,0,1,0,0.2222222222222222,7.9221705894088625,1
75,0,0,0,0,1,1,0,1,0,0,1,0,1,1,1,0,0,1,1,0,0,1,1,1,0,0,0,1,1,1,0,1,0,0,1,0,0.3611111111111111,18.80114580910312,1
76,0,1,1,0,1,0,1,0,1,0,0,1,0,0,0,1,1,0,1,0,1,1,0,0,0,0,0,0,0,0,1,0,1,1,0,0,0.08333333333333333,9.142488929802665,1
77,0,0,0,0,0,1,0,1,1,0,1,0,1,1,1,0,0,1,1,0,0,1,1,0,1,0,0,1,1,1,0,1,0,0,1,0,0.3888888888888889,15.907649661413304,1
78,1,1,1,1,0,0,0,0,1,0,0,1,1,0,1,1,1,0,0,0,1,1,0,0,1,0,1,0,0,1,1,0,0,1,0,0,0.1388888888888889,15.486550996391877,1
79,1,0,0,0,1,1,0,1,0,0,1,0,1,1,1,0,0,1,1,0,0,1,0,1,0,0,0,1,1,1,0,1,1,0,1,0,0.3055555555555556,18.14778670041753,1
80,0,0,1,0,1,1,1,0,0,0,1,0,1,1,1,0,0,1,1,0,0,1,0,1,0,0,0,1,1,1,0,1,1,0,1,0,0.2777777777777778,17.950381012099957,1
81,0,1,1,1,1,0,1,1,1,0,0,1,0,0,1,1,0,0,0,0,1,1,1,0,0,0,1,0,0,1,1,0,1,1,0,0,0.3888888888888889,22.100838510761292,1
82,1,0,0,0,1,1,0,0,0,1,1,0,1,1,1,0,0,1,1,0,0,1,0,1,0,0,0,1,1,1,0,1,1,0,1,0,0.2777777777777778,19.226263325820003,1
83,0,1,1,1,1,0,0,0,0,0,0,1,0,0,1,1,1,0,1,0,1,1,1,0,0,0,1,0,0,0,1,0,0,1,0,1,0.1388888888888889,12.650092622657132,1
84,0,1,1,1,1,0,0,1,1,0,0,1,0,0,0,1,0,0,0,0,1,1,0,0,0,0,1,0,1,0,1,0,1,1,0,0,0.2222222222222222,16.562833791648526,1
85,0,1,1,1,0,0,1,1,1,0,0,0,1,0,0,1,0,0,0,0,1,1,1,0,1,1,1,0,0,0,1,0,1,1,0,0,0.3611111111111111,21.37041814585008,1
86,0,1,0,1,1,0,1,1,1,0,0,1,0,0,0,1,1,0,0,0,1,1,0,0,1,0,1,0,0,0,1,0,1,1,0,1,0.3611111111111111,20.11434186545611,1
87,0,0,0,0,1,1,1,1,0,1,1,0,0,1,1,0,1,1,1,1,0,1,0,1,0,0,0,1,1,1,0,1,0,0,1,1,0.3055555555555556,32.54397787832822,1
88,0,0,0,0,1,1,1,1,0,1,1,0,0,0,0,0,1,1,0,1,0,1,0,0,0,1,0,1,0,1,0,1,0,0,1,1,0.4444444444444444,29.730046511367338,1
89,1,0,0,0,1,1,0,1,0,0,1,0,1,1,0,0,0,1,0,0,0,1,0,1,1,0,0,1,0,1,0,1,0,0,1,1,0.3055555555555556,20.633399963932582,1
90,1,1,1,1,0,0,0,1,1,0,0,1,0,1,0,1,0,0,0,0,1,1,1,0,0,0,1,0,0,0,1,0,1,1,0,0,0.3888888888888889,24.26380849221796,1
91,0,0,0,0,0,1,0,1,1,0,1,0,1,0,1,0,0,1,1,0,0,1,0,1,0,0,0,1,0,1,0,1,0,0,1,0,0.3888888888888889,14.397911472202962,1
92,0,1,0,1,0,0,0,1,1,0,0,1,0,0,0,1,1,0,0,0,1,1,0,0,1,1,1,0,0,0,1,0,1,1,0,0,0.2222222222222222,16.841605941734645,1
93,0,0,0,0,0,1,0,1,0,1,1,0,1,1,1,0,0,1,0,1,0,1,0,0,0,1,0,1,0,1,0,1,0,0,1,1,0.4444444444444444,27.13107755971382,1
94,0,1,1,1,1,0,1,1,1,0,0,0,0,1,0,1,0,0,0,0,1,1,0,0,1,0,1,0,0,0,1,0,1,1,0,0,0.3055555555555556,22.911088467056373,1
95,1,0,1,1,0,0,0,0,0,0,0,0,1,0,1,1,0,0,1,0,1,0,0,0,0,0,0,0,0,0,1,0,1,1,0,0,0.08333333333333333,4.2868302022098925,1
96,0,1,0,1,1,0,1,1,0,0,0,1,0,1,0,1,1,0,0,1,1,1,0,0,1,0,1,0,0,0,0,0,1,1,0,0,0.25,23.497572293246147,1
97,0,1,0,1,1,0,0,1,0,0,0,0,0,0,0,1,1,0,0,0,1,1,0,0,1,0,1,0,1,0,1,1,1,1,0,0,0.19444444444444445,16.61817788839075,1
98,0,1,1,0,1,0,0,0,1,0,0,1,0,0,0,1,1,0,0,0,1,1,1,0,0,0,1,0,0,0,1,0,0,1,0,0,0.2777777777777778,8.010316430584847,1
99,0,1,0,1,1,0,0,0,1,0,0,0,1,0,0,1,0,0,0,1,1,0,0,0,0,0,0,0,1,0,1,0,0,1,0,0,0.05555555555555555,6.570959749166406,1
