,0,1,2,3,4,5,6,7,8,9,10,11,12,13,14,15,16,17,18,19,20,21,22,23,24,25,26,27,28,29,30,31,32,33,34,35,chain_break_fraction,energy,num_occurrences
0,1,0,0,1,0,0,0,0,0,1,1,0,1,1,0,0,0,0,0,0,0,1,0,0,0,1,1,0,0,0,0,0,1,1,0,0,0.19444444444444445,8.247901708142244,1
1,1,0,0,1,0,0,0,0,0,1,1,0,1,1,1,0,0,0,0,0,1,1,0,0,0,1,0,1,1,0,0,0,1,1,0,0,0.2222222222222222,11.253130029982637,1
2,0,0,0,1,0,1,0,0,0,1,1,0,1,0,1,0,0,0,0,0,1,1,0,1,0,0,0,0,1,0,0,0,1,1,0,0,0.19444444444444445,8.389359727519647,1
3,1,0,0,1,0,0,0,0,0,1,1,0,1,1,1,0,1,0,0,0,0,1,0,0,0,0,1,0,1,0,0,0,1,1,0,0,0.25,10.644091240363313,1
4,1,0,0,1,0,0,0,0,0,1,1,0,0,1,1,0,1,0,0,0,1,1,0,0,0,1,0,0,1,0,0,0,1,1,0,0,0.2222222222222222,7.514101293885685,1
5,0,0,0,1,0,1,0,0,0,1,1,0,1,1,0,0,1,0,0,0,1,1,0,0,0,1,1,0,1,0,0,0,1,1,0,0,0.2777777777777778,11.216660702977839,1
6,1,0,0,1,0,0,0,0,1,1,1,0,1,1,0,0,0,0,0,0,1,1,0,0,0,0,1,1,1,0,0,0,0,1,0,0,0.16666666666666666,10.86041304425983,1
7,1,0,0,0,0,1,0,0,1,1,1,0,1,1,0,0,0,0,0,0,1,1,0,0,0,1,1,1,1,0,0,0,1,1,0,0,0.2222222222222222,12.641707730044761,1
8,0,0,0,1,0,1,0,0,0,1,1,0,0,1,0,0,0,0,0,0,1,1,0,0,0,1,1,0,1,0,0,0,1,1,0,0,0.3055555555555556,9.648273835423385,1
9,1,0,0,1,0,1,0,0,0,1,1,0,1,1,0,0,0,0,0,0,1,1,0,1,0,1,1,1,1,0,0,0,1,0,0,0,0.19444444444444445,16.713747845884622,1
10,0,0,0,1,0,1,0,0,0,1,1,0,1,1,0,1,0,0,0,0,1,1,0,0,0,1,1,0,0,0,0,0,1,1,0,0,0.2777777777777778,14.054244339066292,1
11,0,0,0,1,0,1,0,0,0,1,1,0,0,1,1,0,1,0,0,0,1,1,0,1,0,1,1,1,0,0,0,0,1,1,0,0,0.3333333333333333,15.779120018481253,1
12,1,0,0,1,0,1,0,0,0,1,1,0,1,1,0,1,0,0,0,0,1,1,0,0,0,1,1,1,0,0,0,0,1,1,1,0,0.2777777777777778,16.548311105074628,1
13,0,0,0,1,0,1,0,0,0,1,1,0,1,1,1,0,1,0,0,0,1,1,0,1,0,1,1,1,1,0,0,0,1,1,0,0,0.2222222222222222,18.225303212655312,1
14,0,0,0,1,0,1,0,0,1,1,1,0,1,1,1,0,1,0,0,0,1,1,0,0,0,1,1,0,1,0,1,0,1,0,0,0,0.25,14.511445259650586,1
15,1,0,0,1,0,1,0,0,1,1,1,0,0,1,1,0,1,0,0,0,1,1,0,1,0,1,0,0,1,0,0,0,1,1,0,0,0.3333333333333333,13.667923332231403,1
16,0,0,0,1,0,0,0,0,1,1,1,0,0,1,0,1,0,0,0,0,1,1,0,0,0,1,1,0,0,0,0,0,1,1,1,0,0.2222222222222222,8.565784134474127,1
17,0,0,0,1,0,1,0,0,0,1,1,0,1,1,1,0,0,0,0,0,1,1,0,1,0,1,1,0,1,0,0,0,1,1,0,0,0.3333333333333333,14.256566618426366,1
18,0,0,0,1,0,0,0,0,0,1,1,0,0,1,1,0,0,0,0,0,0,1,0,0,0,0,0,1,1,0,0,0,1,1,0,0,0.19444444444444445,6.77532807616329,1
19,0,0,0,1,0,1,0,0,1,1,1,0,0,1,0,0,1,0,0,0,1,1,0,0,0,1,1,1,0,0,0,0,1,1,1,0,0.16666666666666666,12.515207589409606,1
20,0,1,0,1,0,1,0,0,1,1,1,0,0,1,1,0,0,0,0,0,0,1,0,0,0,1,1,1,1,0,0,0,1,0,0,0,0.19444444444444445,16.959189793137288,1
21,0,0,0,1,0,1,0,0,0,1,1,0,1,1,0,0,0,0,0,0,0,1,0,0,0,1,1,0,1,0,0,0,0,1,1,0,0.25,10.265789138335526,1
22,1,0,0,1,0,1,0,0,0,1,1,0,0,1,1,0,0,0,0,0,1,1,0,0,0,1,1,1,1,0,0,0,0,1,0,0,0.2222222222222222,12.950316772190577,1
23,1,0,0,1,0,1,0,0,0,1,1,0,1,1,0,0,1,0,0,0,1,0,0,0,0,1,1,0,1,0,0,0,1,1,1,0,0.2222222222222222,11.787522736439577,1
24,0,0,0,1,0,0,0,0,0,1,1,0,1,1,0,1,1,0,0,0,1,1,0,0,1,1,1,1,0,0,0,0,1,1,0,0,0.2222222222222222,14.582088377434696,1
25,0,0,1,1,0,1,0,0,1,1,1,0,1,0,1,0,0,0,0,0,1,1,0,0,0,1,0,0,1,0,0,0,1,1,1,0,0.25,8.132540656617048,1
26,0,0,0,1,0,1,0,0,0,1,1,0,0,1,1,0,1,0,0,0,0,1,0,0,0,1,1,0,1,0,0,0,0,1,0,0,0.25,9.748410943807823,1
27,0,0,0,1,0,1,0,0,0,1,1,0,1,1,1,0,0,0,0,0,1,1,0,0,0,1,0,1,0,0,1,0,1,1,0,0,0.3333333333333333,13.34790082196563,1
28,1,0,0,1,0,1,0,0,1,1,1,0,0,1,1,0,0,0,0,0,0,1,0,0,0,1,1,1,1,0,0,0,1,1,0,0,0.25,11.694515832167786,1
29,1,0,0,1,0,0,0,0,0,1,1,0,0,1,0,1,1,0,0,0,1,1,0,0,0,1,1,0,0,0,0,0,1,1,0,0,0.2777777777777778,9.682597767387023,1
30,0,0,0,1,0,1,0,0,0,1,1,0,0,1,0,0,1,0,0,0,1,1,0,0,0,1,1,0,0,0,0,0,0,1,0,0,0.2777777777777778,9.872051004631683,1
31,1,1,0,1,0,1,0,0,0,1,1,0,1,1,0,0,1,0,0,0,1,1,0,1,1,1,1,1,1,0,0,0,1,1,0,0,0.25,24.636378300419356,1
32,1,0,0,1,0,0,0,0,0,1,1,0,1,1,0,0,1,0,0,0,1,1,0,1,0,1,1,0,1,0,0,0,1,1,0,0,0.3055555555555556,13.65564744747401,1
33,0,0,0,1,0,1,0,0,0,1,1,0,0,1,1,1,0,0,0,0,1,1,0,0,0,0,1,1,1,0,0,0,1,1,0,0,0.25,13.516618199870326,1
34,1,0,0,1,0,1,0,0,0,1,1,0,0,0,1,0,0,0,0,0,1,1,0,0,0,0,1,0,1,0,0,0,1,1,0,0,0.19444444444444445,5.862392167917062,1
35,1,0,0,1,0,1,0,0,0,1,0,0,0,1,1,0,1,0,0,0,1,1,0,0,0,1,1,0,1,0,0,0,1,1,0,0,0.3055555555555556,10.597799808250087,1
36,0,1,0,1,0,1,0,0,1,1,1,0,1,1,1,1,0,0,0,0,1,1,0,0,0,1,1,0,1,0,0,0,1,1,1,0,0.3611111111111111,22.952343962795883,1
37,1,1,0,1,0,1,0,0,0,1,1,0,1,1,1,0,0,0,0,0,1,1,0,0,0,1,0,1,1,0,1,0,0,1,0,0,0.3333333333333333,21.544606036080452,1
38,0,0,0,1,0,0,0,0,0,1,0,0,1,1,1,0,0,0,0,0,1,1,0,0,1,1,0,0,0,0,0,0,1,1,0,0,0.2777777777777778,10.154277821863769,1
39,0,0,1,1,0,1,0,0,0,1,1,0,1,1,1,0,1,0,0,0,1,1,0,0,0,1,1,1,1,0,0,0,1,1,0,0,0.3611111111111111,16.00440994303669,1
40,0,0,0,1,0,1,0,0,1,1,0,0,1,1,1,0,0,0,0,0,1,1,0,0,0,1,1,0,1,0,0,0,1,1,1,0,0.2222222222222222,11.295549336845442,1
41,1,0,0,1,1,0,0,0,1,1,1,0,1,1,0,0,1,0,0,0,1,1,0,0,0,1,1,1,1,0,1,0,1,1,0,0,0.25,14.542034786626028,1
42,0,0,0,1,0,1,0,0,0,1,1,0,1,1,1,0,0,0,0,0,1,1,0,0,0,1,1,0,1,0,1,0,0,1,0,0,0.2222222222222222,11.833057197280201,1
43,0,0,0,1,0,1,0,0,0,1,0,0,1,1,0,0,1,0,0,0,1,1,0,1,0,1,1,0,1,0,0,0,1,0,0,0,0.25,12.403990760743467,1
44,0,1,0,1,0,1,0,0,0,1,1,0,1,1,0,1,0,0,0,0,1,1,0,0,0,1,1,0,1,0,0,0,1,1,0,0,0.3055555555555556,19.643846707247608,1
45,1,0,0,1,0,0,0,0,1,1,0,0,1,1,1,0,1,0,0,0,0,1,0,0,0,1,1,0,1,0,0,0,1,1,0,0,0.3055555555555556,8.905119643152782,1
46,1,0,0,1,0,1,0,0,1,1,1,0,1,1,0,0,0,0,0,0,1,1,0,0,0,1,1,0,1,0,0,0,1,1,0,0,0.3333333333333333,12.650373242502942,1
47,0,0,0,1,0,1,0,0,1,1,0,0,1,1,1,0,1,0,0,0,1,1,0,0,1,0,1,0,1,0,0,0,1,1,0,0,0.2222222222222222,11.523196048527275,1
48,1,0,0,1,0,1,0,0,0,1,0,0,1,1,0,0,0,0,0,0,1,1,0,0,0,1,0,0,1,0,0,0,1,1,0,0,0.2777777777777778,12.216846729580167,1
49,0,0,1,1,0,1,0,0,0,1,1,0,1,1,1,0,1,0,0,0,1,1,0,0,0,1,1,0,1,0,1,0,1,1,0,0,0.3333333333333333,14.810411769710246,1
50,1,0,0,1,0,1,0,0,1,0,1,0,0,0,0,1,1,0,0,0,1,1,0,0,0,1,1,0,1,0,0,0,1,1,0,0,0.2222222222222222,8.300201799887319,1
51,0,0,0,1,0,1,0,0,1,1,0,0,1,1,1,0,0,0,0,0,1,1,0,0,0,1,0,1,1,0,0,0,1,1,0,0,0.3055555555555556,12.407013504930397,1
52,0,0,0,1,0,1,0,0,1,1,0,0,1,1,0,0,0,0,0,0,1,1,0,0,0,1,1,0,1,0,0,0,1,0,0,0,0.2222222222222222,10.892610176788034,1
53,0,0,0,1,0,1,0,0,0,1,1,0,0,1,0,0,0,0,0,0,0,1,0,0,0,1,1,0,0,0,1,0,1,1,0,0,0.25,8.636463474084279,1
54,0,0,0,1,0,1,0,0,0,1,1,0,0,1,1,0,1,0,0,0,0,1,0,0,0,1,1,0,1,0,1,0,1,1,0,0,0.3333333333333333,9.07400086996236,1
55,1,0,0,1,1,0,0,0,1,1,1,0,1,1,1,0,0,0,0,0,0,1,0,0,0,1,0,1,1,0,0,0,1,1,0,0,0.2222222222222222,10.856063937557384,1
56,1,0,0,1,0,1,0,0,1,1,0,0,1,1,0,1,1,0,0,0,1,1,0,1,1,1,1,0,1,0,0,0,1,1,0,0,0.3611111111111111,17.308297934981105,1
57,0,0,0,1,0,0,0,0,1,1,1,0,1,1,0,0,0,0,0,0,0,1,0,0,0,1,1,1,1,0,0,0,1,1,0,0,0.2222222222222222,11.638899014473331,1
58,0,0,0,1,0,0,0,0,0,1,1,0,1,1,0,1,1,0,0,0,1,1,0,0,0,1,1,0,1,0,0,0,1,1,0,0,0.25,10.545287978033484,1
59,0,0,0,1,1,1,0,0,0,1,1,0,1,0,1,0,0,0,0,0,1,1,0,0,0,1,1,0,1,0,0,0,1,1,0,0,0.25,7.960625042157198,1
60,1,0,0,1,0,1,0,0,1,1,1,0,0,1,0,0,1,0,0,0,1,1,0,0,0,1,1,1,1,0,1,0,1,0,0,0,0.3888888888888889,13.660635363020983,1
61,0,0,0,1,0,1,0,0,0,1,0,0,1,1,1,1,0,0,0,0,1,1,0,0,0,0,1,0,1,0,0,0,0,1,0,0,0.2777777777777778,17.27526095065933,1
62,1,0,0,1,0,1,0,0,0,1,1,0,0,1,1,0,1,0,0,0,1,1,0,0,0,0,1,1,1,0,0,0,1,1,0,0,0.2777777777777778,12.500217412230905,1
63,0,0,0,1,0,0,0,0,1,1,1,0,1,0,0,0,1,0,0,0,1,1,0,1,0,0,0,1,0,0,0,0,0,1,0,0,0.19444444444444445,8.123091407815908,1
64,0,0,0,1,0,1,0,0,0,1,0,0,0,1,1,1,0,0,0,0,1,1,0,0,1,1,1,1,1,0,0,0,1,1,0,0,0.2777777777777778,16.730251068773025,1
65,1,0,0,1,0,1,0,0,1,1,0,0,1,1,1,0,0,0,0,0,1,1,0,0,0,1,1,1,1,0,0,0,1,1,0,0,0.3055555555555556,14.832851524711009,1
66,0,0,0,1,0,1,0,0,1,1,0,0,1,0,1,0,0,0,0,0,1,1,0,0,0,1,0,0,1,0,1,0,0,0,0,0,0.19444444444444445,7.695186255009753,1
67,1,0,0,1,0,0,0,0,0,1,0,0,0,1,1,0,0,0,0,1,1,1,1,0,0,0,0,1,1,0,0,0,1,1,0,0,0.1111111111111111,15.794811571106806,1
68,0,0,0,1,1,1,0,0,1,1,1,0,1,1,0,0,1,0,0,0,1,1,0,0,0,1,1,1,1,0,1,0,1,1,0,0,0.19444444444444445,16.373566274646556,1
69,1,0,0,1,0,0,0,0,1,1,0,0,1,1,0,1,1,0,0,0,0,1,0,0,0,1,1,0,1,0,0,0,1,1,0,0,0.3055555555555556,11.401124592772698,1
70,0,0,0,1,0,1,0,0,0,1,1,0,1,1,1,0,0,0,0,0,1,1,0,1,1,0,0,0,0,0,0,0,1,1,0,0,0.2777777777777778,12.409235137414587,1
71,1,0,0,0,0,0,1,1,0,0,1,0,1,0,1,0,1,0,0,0,1,0,0,0,0,0,1,0,1,0,0,0,1,0,0,0,0.05555555555555555,5.083704660304425,1
72,1,0,0,1,0,1,0,0,1,1,0,0,1,1,1,0,0,0,0,0,1,1,0,1,0,1,1,0,1,0,1,0,1,1,0,0,0.3055555555555556,16.917634180507925,1
73,1,0,0,1,0,1,0,0,1,1,1,0,1,1,0,0,0,0,0,0,0,1,0,0,1,1,1,0,1,0,0,0,1,1,0,0,0.3333333333333333,12.131282530896156,1
74,0,0,1,0,0,1,0,0,1,0,0,0,1,0,0,0,0,0,0,0,0,1,0,1,0,0,1,0,1,0,0,0,1,0,0,0,0.1388888888888889,4.505244969224861,1
75,1,0,0,1,0,1,1,0,0,1,1,0,1,1,0,0,0,0,0,0,1,1,0,0,0,0,0,0,1,0,1,0,1,0,0,0,0.25,21.036334868152988,1
76,0,0,0,1,1,1,0,0,0,1,1,0,0,1,1,0,0,0,0,0,1,1,0,1,0,1,1,1,1,0,0,0,1,0,0,0,0.3055555555555556,14.637562099306423,1
77,0,0,0,1,0,1,0,0,1,1,0,0,1,1,1,1,1,0,1,0,1,1,0,1,1,0,1,1,1,0,0,0,1,1,0,0,0.3055555555555556,18.75452944209319,1
78,0,0,0,1,0,1,0,0,1,1,1,0,1,1,1,1,1,0,0,0,1,1,0,0,0,1,1,0,1,0,1,0,1,1,0,0,0.4166666666666667,17.601654582547752,1
79,0,1,0,1,0,1,0,0,0,1,0,0,1,1,1,0,0,0,0,0,0,1,0,1,0,0,1,0,0,0,0,0,0,1,0,0,0.3055555555555556,20.190417371964593,1
80,0,0,0,1,0,1,0,0,0,1,1,0,0,1,1,1,1,0,0,0,1,1,0,0,0,1,1,1,1,0,0,0,1,1,0,0,0.2777777777777778,14.540957070703103,1
81,0,0,0,1,0,1,0,0,1,1,1,0,1,1,1,1,1,0,0,0,1,1,0,0,0,1,0,0,1,0,1,0,1,0,0,0,0.2777777777777778,24.299361669002035,1
82,0,0,0,1,0,0,0,0,1,1,0,0,1,1,1,0,1,0,0,0,1,1,0,0,1,1,0,0,1,0,0,0,0,1,1,0,0.25,9.849411161210437,1
83,0,0,0,1,0,1,0,0,1,1,1,0,1,1,0,0,0,0,0,0,1,1,0,1,0,1,0,1,1,0,0,0,1,1,0,0,0.3611111111111111,16.67435780832382,1
84,0,1,0,1,0,1,0,0,0,1,0,0,1,1,1,0,1,0,0,0,1,1,0,1,0,1,0,1,1,0,1,0,1,1,0,0,0.3055555555555556,21.948063350738636,1
85,0,0,0,1,0,1,0,0,1,1,0,0,0,1,1,1,0,0,1,0,1,1,1,0,0,1,1,0,1,0,0,0,1,1,0,0,0.25,13.138344792480472,1
86,0,0,0,1,1,0,0,0,1,1,1,0,1,1,0,0,0,0,0,0,1,1,0,0,1,1,1,1,0,0,0,0,0,1,0,0,0.2777777777777778,12.88669277582223,1
87,1,0,1,1,0,1,1,0,0,1,1,0,1,1,1,0,0,0,0,0,1,1,0,0,1,0,1,0,1,0,1,0,1,0,0,0,0.3055555555555556,23.87285348671211,1
88,1,0,1,1,0,1,0,0,1,1,1,0,1,1,1,0,0,0,0,0,1,1,0,1,0,1,0,0,0,0,1,0,1,1,0,0,0.3611111111111111,18.962258796632277,1
89,0,0,0,0,0,1,0,0,1,1,1,0,1,1,1,0,0,0,0,0,1,1,0,0,1,1,1,0,1,0,0,0,1,0,0,0,0.2222222222222222,6.827695120701646,1
90,1,0,0,1,0,0,0,0,1,1,0,0,0,1,1,0,0,0,0,0,1,1,0,0,0,0,1,1,1,0,0,0,0,1,1,0,0.2222222222222222,9.979999070511594,1
91,0,0,0,1,0,0,0,0,0,1,1,0,1,1,1,0,1,0,0,0,1,1,0,1,0,1,1,0,0,0,0,0,1,1,1,0,0.4722222222222222,13.603123250398614,1
92,0,0,0,1,0,1,0,0,0,1,1,0,1,0,0,1,0,0,0,0,1,1,0,1,0,1,0,1,0,0,0,0,1,1,0,0,0.2222222222222222,13.686184050699307,1
93,0,0,0,1,0,0,1,0,1,1,1,0,1,1,0,0,1,0,0,1,1,1,0,1,0,0,1,0,0,0,0,0,1,0,0,0,0.25,13.906495339937345,1
94,1,0,1,1,0,1,0,0,1,0,1,0,0,1,0,1,0,0,0,1,0,0,0,1,0,0,1,1,1,0,0,0,1,1,0,0,0.25,14.946839079437636,1
95,1,0,0,1,0,1,0,0,0,1,1,0,0,0,0,1,0,0,0,0,1,1,0,1,0,0,1,0,0,0,0,0,1,1,0,0,0.3055555555555556,9.707817588305863,1
96,1,0,0,1,0,0,0,0,1,1,1,0,1,1,1,0,0,0,0,0,1,1,0,0,0,1,1,1,0,0,1,0,0,1,0,0,0.3611111111111111,12.436551482199302,1
97,0,0,0,1,1,1,0,0,0,1,0,0,1,1,0,1,1,0,0,0,1,1,0,0,1,1,1,0,1,0,0,0,1,0,0,0,0.3888888888888889,17.281213616609907,1
98,1,0,0,1,0,1,0,0,0,1,0,0,0,1,1,1,1,0,0,0,1,1,0,0,0,1,1,0,0,0,1,0,1,1,0,0,0.2777777777777778,15.299680624258606,1
99,0,0,0,1,0,0,0,0,1,1,1,0,1,1,0,1,0,0,0,0,0,0,0,1,0,1,1,0,1,0,1,0,1,0,0,0,0.3055555555555556,11.338281049206326,1
