,0,1,2,3,4,5,6,7,8,9,10,11,12,13,14,15,16,17,18,19,20,21,22,23,24,25,26,27,28,29,30,31,32,33,34,35,chain_break_fraction,energy,num_occurrences
0,0,1,0,1,1,1,1,0,1,0,0,1,0,1,1,0,0,0,1,0,0,1,0,0,0,0,1,0,0,0,0,1,1,0,0,0,0.25,24.22398289458635,1
1,0,1,0,1,1,1,1,0,1,0,0,1,0,0,1,0,0,0,1,0,0,1,0,0,0,0,1,0,0,0,0,0,1,0,0,0,0.2777777777777778,19.57663398707986,1
2,0,1,0,1,1,1,1,0,1,0,0,1,0,1,1,0,0,0,1,0,0,1,0,0,0,0,1,0,0,0,0,1,1,0,0,0,0.2777777777777778,24.22398289458635,1
3,0,0,0,1,1,1,1,0,1,0,0,1,0,1,1,0,0,0,1,0,0,1,0,0,0,0,1,0,0,0,0,0,1,0,0,0,0.2777777777777778,19.576633987079862,1
4,0,1,0,1,1,1,1,0,1,0,0,1,0,1,1,0,0,0,1,0,0,0,0,0,0,0,1,0,0,0,0,1,1,0,0,0,0.2777777777777778,30.852592259273962,1
5,0,1,0,1,1,1,1,1,1,0,0,1,0,1,1,0,0,0,1,0,0,1,0,0,0,0,1,0,0,0,0,1,1,0,0,0,0.2777777777777778,34.97375516502941,1
6,0,0,0,1,1,1,1,0,1,0,0,1,0,1,1,0,0,0,1,0,0,1,0,0,0,0,1,0,0,0,0,0,1,0,0,0,0.2777777777777778,19.576633987079862,1
7,0,1,0,1,1,1,1,0,1,0,0,1,0,1,1,0,0,0,1,0,0,0,0,0,0,0,1,1,0,0,0,0,1,0,0,0,0.2777777777777778,33.456064452876774,1
8,0,1,0,1,1,1,1,0,1,0,0,1,0,1,1,0,0,0,1,0,0,1,0,0,0,0,1,0,0,0,0,1,1,0,0,0,0.2777777777777778,24.22398289458635,1
9,0,0,0,1,1,1,1,0,1,0,0,1,0,1,0,0,0,0,1,0,0,0,0,0,0,0,1,0,0,0,0,1,1,0,0,0,0.25,15.235139581850422,1
10,0,1,0,1,1,1,1,0,1,0,0,1,0,1,1,0,0,0,1,0,0,1,0,1,0,0,1,0,0,0,0,0,1,0,0,0,0.3055555555555556,25.467423944045706,1
11,0,0,0,1,1,1,1,0,1,0,0,1,0,0,1,0,0,0,1,0,0,1,0,0,0,0,1,0,0,0,0,0,1,0,0,0,0.3055555555555556,11.4451261402687,1
12,0,0,0,1,1,1,1,0,1,0,0,1,0,1,1,0,0,0,1,0,0,1,0,1,0,0,1,0,0,0,0,1,1,0,0,0,0.25,11.855895501604973,1
13,0,1,0,0,1,1,1,0,1,0,0,1,0,1,1,0,0,0,1,0,0,1,0,0,0,0,1,0,0,0,0,0,1,0,0,0,0.3055555555555556,22.185863839999453,1
14,0,1,0,1,1,1,1,1,1,0,0,1,0,1,1,0,0,0,1,0,0,1,0,0,0,0,1,1,0,0,0,0,1,0,0,0,0.3055555555555556,37.88967075803661,1
15,0,0,0,1,1,1,1,0,1,0,0,1,0,0,1,0,0,0,1,0,0,1,0,0,0,0,1,0,0,0,0,1,1,0,0,0,0.2777777777777778,7.965348895784073,1
16,0,1,0,0,1,1,1,0,1,0,0,1,0,1,1,0,0,0,1,0,0,1,0,0,0,0,1,0,0,0,0,0,1,0,0,0,0.3055555555555556,22.185863839999453,1
17,0,1,0,1,1,1,1,0,1,0,0,1,0,1,1,0,0,0,1,0,0,1,0,0,0,0,1,0,0,0,0,0,1,0,0,0,0.3055555555555556,31.708141833891016,1
18,0,1,0,1,1,1,1,1,1,0,0,1,0,0,1,0,0,0,1,0,0,1,0,0,0,0,1,1,0,0,0,0,1,0,0,0,0.2777777777777778,25.758473126067617,1
19,0,0,0,1,1,1,1,1,1,0,0,1,0,1,1,0,0,0,1,0,0,1,0,0,0,0,1,0,0,0,0,1,1,0,0,0,0.2777777777777778,22.84443777260863,1
20,0,1,0,1,1,1,1,0,1,0,1,1,0,1,1,0,0,0,1,0,0,1,0,0,0,0,1,1,0,0,0,0,1,0,0,0,0.3055555555555556,32.81486172326696,1
21,0,1,0,1,1,1,1,0,1,0,0,1,0,1,1,0,0,0,1,0,0,1,0,0,0,0,1,0,0,0,1,0,1,0,0,0,0.2777777777777778,26.966062364238685,1
22,0,1,0,1,1,1,1,0,1,0,0,1,0,1,0,0,0,0,1,0,0,1,0,0,0,0,1,0,0,0,0,0,1,0,0,0,0.3055555555555556,27.321392944460342,1
23,0,1,0,1,1,1,1,0,1,0,0,1,0,1,1,0,0,0,1,0,0,1,0,1,0,0,1,1,0,0,0,0,1,0,0,0,0.3055555555555556,23.06895050383323,1
24,0,1,0,1,1,1,1,1,1,0,0,1,0,1,1,0,0,0,1,0,0,0,0,0,0,0,1,1,0,0,0,0,1,0,0,0,0.2777777777777778,46.452440626927704,1
25,0,1,0,1,1,1,1,0,1,0,0,1,0,1,1,0,0,0,0,0,0,1,0,0,0,0,1,1,0,0,0,0,1,0,0,0,0.2777777777777778,30.830058466758974,1
26,0,1,0,1,1,1,1,0,1,0,0,1,0,0,1,0,0,0,1,0,0,1,0,0,0,0,1,0,0,0,0,1,1,0,0,0,0.2777777777777778,14.09466589518522,1
27,0,1,0,1,1,1,1,0,1,0,0,1,0,1,0,0,0,0,1,0,0,1,0,0,0,0,1,0,0,0,0,0,1,0,0,0,0.3333333333333333,27.321392944460342,1
28,0,1,0,1,1,1,1,1,1,0,0,1,0,1,1,0,0,0,1,0,0,1,0,0,0,0,1,0,0,0,0,1,1,0,0,0,0.2777777777777778,34.97375516502941,1
29,0,1,0,1,1,1,1,0,1,0,0,1,0,1,1,0,0,0,1,0,0,1,0,0,0,0,1,1,0,0,0,0,1,0,0,0,0.3333333333333333,27.11775787379999,1
30,0,0,0,0,1,1,1,0,1,0,1,1,0,1,1,0,0,0,1,0,0,1,0,0,0,0,1,1,0,0,0,0,1,0,0,0,0.3055555555555556,14.558861012857712,1
31,0,1,0,1,1,1,1,0,1,0,0,1,0,1,1,0,0,0,0,0,0,0,0,0,0,0,1,0,0,0,0,1,1,0,0,0,0.3055555555555556,35.90428970040144,1
32,0,1,0,1,1,1,1,0,1,0,0,1,0,1,1,0,0,0,1,0,0,1,0,0,0,0,1,0,0,0,0,0,1,0,0,0,0.3333333333333333,31.708141833891016,1
33,0,0,0,1,1,1,1,0,1,0,0,1,1,1,1,0,0,0,1,0,0,1,0,1,0,0,1,0,0,0,0,0,1,0,0,0,0.25,19.40167309108969,1
34,0,1,0,0,1,1,1,0,1,0,0,1,0,1,1,0,0,0,1,0,0,1,0,0,0,0,1,1,0,0,0,0,1,0,0,0,0.2222222222222222,19.595479879908428,1
35,0,1,0,0,1,1,1,0,1,0,0,1,0,1,0,0,0,0,1,0,0,1,0,0,0,0,1,0,0,0,0,0,1,0,0,0,0.2777777777777778,18.799114978715497,1
36,0,1,0,1,1,1,1,0,1,0,0,1,0,1,0,0,0,0,1,0,0,1,0,0,0,0,1,0,0,0,0,1,1,0,0,0,0.2222222222222222,20.849096759364798,1
37,0,0,0,1,1,1,1,0,1,0,0,1,0,1,1,0,0,0,1,0,0,1,0,0,0,0,1,0,0,1,0,0,1,0,0,0,0.3055555555555556,15.335922238133673,1
38,0,0,0,1,1,1,1,1,1,0,0,1,0,1,1,0,0,0,1,0,0,1,0,1,0,0,1,0,0,0,0,0,1,0,0,0,0.3055555555555556,23.650977584520227,1
39,0,1,0,1,1,1,1,0,1,0,0,1,0,1,1,0,0,0,1,0,0,0,0,0,0,0,1,1,0,0,0,1,1,0,0,0,0.25,25.944721648583112,1
40,0,0,0,1,1,1,1,0,1,0,0,1,0,1,0,0,0,0,1,0,0,1,0,1,0,0,1,0,0,0,0,1,1,0,0,0,0.25,10.710230582620829,1
41,0,1,0,1,1,1,1,0,1,0,0,1,0,1,1,0,0,0,1,0,0,0,0,1,0,0,1,0,0,0,0,1,1,0,0,0,0.3055555555555556,23.58839921676578,1
42,0,1,0,1,1,1,1,1,1,0,0,1,0,1,1,0,0,0,1,0,0,1,0,0,0,0,1,1,0,0,0,0,1,0,0,0,0.3611111111111111,37.88967075803661,1
43,0,1,0,1,1,1,1,0,1,0,0,1,0,1,1,0,0,0,1,0,0,1,0,0,0,0,1,0,0,0,0,1,1,0,0,0,0.25,24.22398289458635,1
44,0,0,0,0,1,1,1,0,1,1,0,1,0,1,1,0,0,0,1,0,0,1,0,0,0,0,1,0,0,0,0,0,1,0,0,0,0.3055555555555556,20.047128494517654,1
45,0,1,0,1,1,1,1,0,1,0,0,1,0,0,1,0,0,0,1,0,0,1,0,1,0,0,1,0,0,0,0,1,1,0,0,0,0.2777777777777778,11.85589550160497,1
46,0,1,0,1,1,1,1,0,1,0,0,1,0,1,0,0,0,0,1,0,0,1,0,1,0,0,1,0,0,0,0,0,1,0,0,0,0.3333333333333333,22.309896074342596,1
47,0,0,0,1,1,1,1,0,1,0,0,1,0,1,1,0,0,0,1,0,0,1,0,0,0,1,1,1,0,0,0,0,1,0,0,0,0.3333333333333333,14.389103443087585,1
48,0,1,0,1,1,1,1,0,1,0,0,1,0,1,1,0,0,0,1,0,0,1,0,1,0,1,0,1,0,0,0,0,1,0,0,0,0.2777777777777778,20.498207552361997,1
49,0,0,0,1,1,1,1,0,1,0,0,1,0,1,1,0,0,0,0,0,0,1,0,0,0,0,1,1,0,0,0,0,1,0,0,0,0.3055555555555556,19.626643182798514,1
50,0,1,0,1,1,1,1,1,1,0,0,1,0,1,1,0,0,0,1,0,0,1,0,0,0,0,1,1,0,0,0,0,1,0,0,0,0.3055555555555556,37.88967075803661,1
51,0,1,0,1,1,1,1,0,1,0,0,1,0,1,0,0,0,0,1,0,0,1,0,0,0,0,1,1,0,0,0,1,1,0,0,0,0.3055555555555556,19.259540688518612,1
52,0,1,0,1,0,1,1,0,1,0,0,1,0,1,1,0,0,0,1,0,0,1,0,0,0,0,1,1,0,0,1,0,1,0,0,0,0.25,19.783517346550322,1
53,0,1,0,1,1,1,1,0,1,0,0,1,0,1,1,0,0,0,0,0,0,1,0,1,0,1,1,0,0,0,0,1,1,0,0,0,0.2777777777777778,19.012945173849026,1
54,0,1,0,1,1,1,1,0,1,0,0,1,0,1,1,0,0,0,1,0,0,1,0,0,0,1,1,1,0,0,0,1,1,0,0,0,0.3333333333333333,19.286829679344386,1
55,0,0,0,1,1,1,1,1,1,0,0,1,0,0,1,0,0,0,1,0,0,1,0,1,0,0,1,0,0,0,0,0,1,0,0,0,0.3055555555555556,15.519475485588528,1
56,0,0,0,1,1,1,1,1,1,0,0,1,0,1,1,0,0,0,0,0,0,0,0,0,0,0,1,0,0,0,0,1,1,0,0,0,0.3333333333333333,34.6776257192326,1
57,0,1,0,1,1,1,1,1,1,0,0,1,0,1,1,0,0,0,1,0,0,0,0,1,0,0,0,0,0,0,0,0,1,0,0,0,0.3055555555555556,48.99614535053123,1
58,0,0,0,1,1,1,1,1,1,0,0,1,0,1,1,0,0,0,1,0,0,0,0,1,0,1,1,0,0,0,0,0,1,0,0,0,0.2777777777777778,22.71454889466449,1
59,0,1,0,0,1,1,1,1,1,0,0,1,0,1,1,0,0,0,1,0,0,1,0,0,1,0,1,0,0,0,0,0,1,0,0,0,0.3055555555555556,28.565505433086702,1
60,0,1,0,1,1,1,1,0,1,0,0,1,0,1,1,0,0,0,1,0,0,1,0,1,0,0,1,0,0,0,0,1,1,0,0,0,0.3611111111111111,19.985206360106986,1
61,0,1,0,1,1,1,1,0,1,0,1,1,0,0,1,0,0,0,1,0,0,1,0,1,0,0,1,0,0,0,0,0,1,0,0,0,0.2777777777777778,19.430555396324934,1
62,0,0,0,1,1,1,1,0,1,0,1,1,0,1,1,0,0,0,1,0,0,1,0,1,0,0,1,1,0,0,0,1,1,0,0,0,0.3611111111111111,15.552329335042034,1
63,0,1,0,1,1,1,1,0,1,0,0,1,0,0,1,0,0,0,1,0,0,1,0,0,0,0,0,1,0,0,0,1,1,0,0,0,0.25,13.799646940036848,1
64,0,0,0,1,1,1,1,0,1,0,0,1,0,1,1,0,0,0,0,0,0,1,0,1,0,0,1,1,0,0,0,0,1,0,0,0,0.3611111111111111,16.556170151611973,1
65,0,1,0,1,1,1,1,0,1,0,0,1,0,0,1,0,0,0,1,0,0,1,0,1,0,0,1,1,0,0,0,0,1,0,0,0,0.3333333333333333,14.937759405782996,1
66,0,1,0,1,1,1,1,0,1,0,0,1,0,0,1,0,0,0,1,0,0,1,0,0,0,0,1,1,0,0,0,1,1,0,0,0,0.3333333333333333,13.504627984888476,1
67,0,0,0,0,1,1,1,0,1,0,0,1,0,1,1,0,0,0,1,0,0,1,0,0,0,0,1,0,0,0,0,1,1,0,0,0,0.25,8.57501726690929,1
68,0,0,0,1,1,1,1,0,1,0,0,1,0,1,1,0,0,0,1,0,0,1,0,1,0,1,0,0,0,0,0,1,1,0,0,0,0.2777777777777778,11.88599950257377,1
69,0,1,0,1,1,1,1,1,1,0,0,1,0,1,1,0,0,0,1,0,0,0,0,1,0,0,1,1,0,0,0,0,1,0,0,0,0.3055555555555556,36.91977470947702,1
70,0,1,0,1,1,1,1,1,1,0,0,1,0,1,1,0,0,0,1,0,0,0,0,1,0,1,1,0,0,0,0,1,1,0,0,0,0.2777777777777778,27.564559183400867,1
71,0,0,0,1,1,1,1,0,1,0,0,1,0,0,1,0,0,0,1,0,0,0,0,1,0,0,1,0,0,0,0,1,1,0,0,0,0.3055555555555556,7.327741310954684,1
72,1,1,0,1,1,1,1,1,1,0,0,1,0,1,1,0,0,0,1,0,0,1,0,0,0,0,1,1,0,0,0,0,1,0,0,0,0.3055555555555556,44.955269574021116,1
73,0,1,0,1,1,1,1,0,1,0,0,1,0,0,0,0,0,0,1,0,0,1,0,1,0,0,1,0,0,0,0,0,1,0,0,1,0.2777777777777778,11.262848205813938,1
74,0,0,0,0,1,1,1,0,1,1,0,1,0,1,1,0,0,0,0,0,0,0,1,0,0,0,1,0,0,0,0,1,1,0,0,0,0.19444444444444445,19.012130446913126,1
75,0,0,0,1,1,1,1,0,1,1,0,1,1,1,0,0,0,0,1,0,0,0,0,1,0,0,1,0,0,0,0,1,1,0,0,0,0.3055555555555556,22.716634334270672,1
76,0,1,0,1,1,1,1,0,0,0,0,1,0,0,1,0,0,0,1,0,0,1,0,0,0,0,0,1,0,0,0,1,1,0,0,0,0.2222222222222222,12.304909873740298,1
77,0,1,0,0,1,1,1,0,1,0,0,1,0,1,1,0,0,0,1,0,0,0,0,0,0,0,1,1,0,0,0,0,1,0,0,0,0.25,23.933786457904084,1
78,0,1,0,1,1,1,1,0,1,0,0,1,0,1,1,0,0,0,1,0,0,1,0,1,0,0,1,1,0,0,1,0,1,0,0,0,0.2777777777777778,20.327859432830103,1
79,0,0,0,0,1,1,1,0,1,0,1,1,0,1,1,0,0,0,1,0,0,1,0,0,0,0,1,0,0,0,0,0,1,0,0,0,0.2777777777777778,16.148989276808667,1
80,0,1,0,1,1,1,1,0,1,0,0,1,0,1,1,0,0,0,1,0,0,1,0,0,0,0,1,1,0,0,0,0,1,0,0,0,0.3611111111111111,27.11775787379999,1
81,0,1,0,1,1,1,1,0,1,1,0,1,0,1,1,0,0,0,1,0,0,1,0,1,0,0,1,0,0,0,0,0,1,0,0,0,0.3055555555555556,35.41767726850653,1
82,0,1,0,1,1,1,1,0,1,0,0,1,0,1,1,0,0,0,0,0,0,1,0,0,0,0,1,0,0,1,0,1,1,0,0,0,0.3611111111111111,22.761239345165635,1
83,0,0,0,1,1,1,1,0,1,0,0,1,0,0,1,0,0,0,1,0,0,1,0,0,0,0,1,0,0,0,0,1,1,0,0,0,0.3333333333333333,7.965348895784073,1
84,0,1,0,1,1,1,1,1,1,0,0,1,0,0,1,0,0,0,1,0,0,1,1,1,0,0,1,0,0,0,0,0,1,0,0,0,0.3055555555555556,21.301400690319568,1
85,0,0,0,0,1,1,1,1,1,1,0,1,0,1,1,0,0,0,1,0,0,0,0,1,0,0,1,0,0,1,0,1,1,0,0,0,0.25,18.641605125213644,1
86,0,1,0,1,1,1,1,0,1,0,0,1,0,0,1,0,0,0,1,0,0,1,0,0,0,0,1,1,0,1,1,1,1,0,0,0,0.2777777777777778,13.71777246388867,1
87,0,1,0,1,0,1,1,0,1,0,1,1,0,1,1,0,0,0,1,0,0,1,0,0,0,0,1,1,0,0,0,0,1,0,0,0,0.2777777777777778,28.140525088144578,1
88,0,0,1,0,1,1,1,0,1,0,0,1,0,1,1,0,0,0,0,0,0,1,0,0,1,0,1,0,1,0,0,1,1,0,0,0,0.3055555555555556,8.642887420020735,1
89,1,1,1,0,0,0,0,1,0,1,0,0,1,0,0,0,1,1,0,1,1,1,0,0,1,0,0,0,1,1,1,0,0,1,1,1,0.2222222222222222,24.27428663629732,1
90,1,0,1,0,0,0,0,0,0,1,0,0,1,0,0,1,1,1,0,1,1,0,1,0,1,0,0,0,1,1,1,0,0,1,1,1,0.2777777777777778,18.78999900291268,1
91,0,1,1,0,0,0,0,0,0,1,0,0,1,0,0,1,1,1,0,1,1,1,1,1,1,0,0,0,1,1,1,0,0,1,1,0,0.2777777777777778,31.117761051108012,1
92,0,1,1,1,0,0,0,0,0,1,0,0,1,0,0,1,1,1,0,1,1,0,1,0,1,0,0,0,1,0,1,0,0,1,1,1,0.2777777777777778,16.15609870800335,1
93,0,0,1,0,0,0,0,0,0,1,1,0,1,0,0,1,1,1,0,1,1,1,1,0,1,1,0,0,1,1,1,0,0,1,1,0,0.3333333333333333,29.789300750573492,1
94,1,0,1,0,0,0,0,0,0,1,0,0,1,0,0,1,1,1,0,1,1,1,1,0,1,0,0,0,0,0,1,0,0,1,1,0,0.3333333333333333,11.188363778732077,1
95,0,0,1,1,0,0,0,0,0,1,1,0,0,0,0,1,1,1,0,1,1,1,0,0,1,0,0,0,1,0,1,0,0,1,1,1,0.3055555555555556,17.46507324272241,1
96,0,0,1,0,0,0,0,0,0,1,1,0,1,0,0,1,1,1,0,1,1,1,0,0,1,1,0,0,1,1,1,0,0,1,1,0,0.3611111111111111,25.14523934296908,1
97,1,0,1,0,0,0,0,1,0,1,0,0,1,0,0,1,1,1,0,1,1,1,0,0,1,1,0,0,1,0,1,0,0,1,1,0,0.3055555555555556,17.638306962923284,1
98,0,0,1,0,0,0,0,0,0,1,0,0,1,0,1,1,1,1,0,1,1,1,0,1,1,0,0,0,1,0,1,0,0,1,1,1,0.3611111111111111,23.380915415587364,1
99,1,0,1,0,0,0,0,1,0,0,0,0,0,0,0,1,1,1,0,1,1,1,0,0,1,1,0,0,1,0,1,0,0,0,1,1,0.3055555555555556,23.272096613052295,1
