,0,1,2,3,4,5,6,7,8,9,10,11,12,13,14,15,16,17,18,19,20,21,22,23,24,25,26,27,28,29,30,31,32,33,34,35,chain_break_fraction,energy,num_occurrences
0,0,1,1,1,0,1,0,0,1,0,0,0,0,0,1,1,0,0,0,0,1,0,0,0,0,1,1,0,1,1,0,0,1,1,1,0,0.2222222222222222,4.980004873173092,1
1,0,1,1,1,0,1,0,0,1,0,0,1,0,0,1,1,0,0,0,0,1,0,0,0,0,1,1,0,1,1,0,0,0,1,1,0,0.19444444444444445,7.079979759114666,1
2,0,1,1,1,0,1,0,1,1,0,0,0,0,0,1,1,0,0,0,0,1,0,0,0,0,1,1,0,1,1,0,0,0,1,1,0,0.25,8.013061257198387,1
3,0,1,1,1,0,1,0,1,1,0,0,1,0,0,1,1,0,0,0,0,1,0,0,0,0,1,1,0,1,1,1,0,1,1,1,0,0.3055555555555556,10.543110653264337,1
4,0,1,1,1,0,1,0,0,1,0,0,0,1,0,1,1,0,0,0,0,1,0,0,0,0,1,1,0,1,1,0,0,1,1,0,0,0.25,5.413987630333961,1
5,0,1,1,1,0,1,0,0,1,0,0,1,0,0,1,1,0,0,0,0,1,1,0,0,0,1,1,0,1,1,0,0,0,1,1,0,0.2222222222222222,7.600750492745909,1
6,0,1,1,1,0,1,0,1,1,0,0,0,0,0,1,1,0,0,0,0,1,0,0,0,0,1,1,0,1,1,0,0,1,1,1,0,0.25,7.411339227890906,1
7,0,1,1,1,0,1,0,1,1,0,0,0,0,0,1,1,0,0,0,0,1,0,0,0,0,1,1,0,1,1,0,0,1,0,1,0,0.2222222222222222,8.614783286505872,1
8,0,1,1,1,0,1,0,1,1,0,0,0,0,0,1,1,0,0,1,0,1,0,0,0,0,1,1,0,1,1,0,0,1,1,0,0,0.25,7.411339227890898,1
9,0,1,1,1,0,1,0,1,1,0,0,0,0,0,1,1,0,0,0,0,1,0,0,0,0,1,1,0,1,1,0,0,1,1,0,0,0.2222222222222222,8.197683756045222,1
10,0,1,1,1,0,1,0,1,1,0,0,0,0,0,1,1,0,0,0,0,1,0,0,0,0,1,1,0,1,1,1,0,0,1,1,0,0.3055555555555556,7.5658288978172115,1
11,0,1,1,1,0,1,0,0,1,0,0,0,0,0,1,1,0,0,0,0,1,0,0,0,0,1,1,0,1,1,0,0,1,1,1,0,0.25,4.980004873173092,1
12,0,1,1,1,0,1,0,1,1,0,0,1,0,0,1,1,0,0,0,0,1,0,0,0,0,1,1,0,1,1,0,0,0,1,1,0,0.25,13.019704325371467,1
13,0,1,1,1,0,1,0,1,1,0,0,0,0,0,1,1,0,0,0,0,1,0,0,0,0,1,1,0,1,1,1,0,1,1,1,0,0.3333333333333333,7.537188428244488,1
14,0,1,1,1,0,1,0,0,1,0,0,0,0,0,1,1,0,0,1,0,1,0,0,0,0,1,1,0,1,1,0,0,0,1,1,0,0.2777777777777778,4.72553570025316,1
15,0,1,1,1,0,1,0,1,1,0,0,0,0,0,1,1,0,0,0,0,1,0,0,0,0,1,1,0,1,1,0,0,1,1,1,0,0.3055555555555556,7.411339227890906,1
16,0,1,1,1,0,1,0,1,1,0,0,0,0,0,1,1,0,0,0,0,1,1,0,0,0,1,1,0,1,1,0,0,1,1,0,0,0.2777777777777778,8.12200270374824,1
17,0,1,1,1,0,1,0,1,1,0,0,0,0,0,1,1,0,0,1,0,1,0,0,0,0,1,1,0,1,1,0,0,1,1,1,0,0.3055555555555556,7.6249946997365825,1
18,0,1,1,1,0,1,0,1,1,0,0,0,0,0,1,1,0,0,1,0,1,0,0,0,0,1,1,0,1,1,0,0,1,1,1,0,0.3055555555555556,7.6249946997365825,1
19,0,1,1,1,0,1,0,0,1,0,0,0,0,0,1,1,0,0,0,0,1,0,0,0,0,1,1,0,1,1,0,0,1,1,1,0,0.2777777777777778,4.980004873173092,1
20,0,1,1,1,0,1,0,1,1,0,0,0,0,0,1,1,0,0,1,0,1,0,0,0,0,1,1,0,1,1,0,0,1,1,1,0,0.2777777777777778,7.6249946997365825,1
21,0,1,1,1,0,0,0,1,1,0,0,0,0,0,1,1,0,0,1,0,1,0,0,0,0,1,1,0,1,1,0,0,0,1,0,0,0.25,5.186710206967881,1
22,1,1,1,1,0,1,0,1,1,0,0,0,0,0,1,1,0,0,0,0,1,0,0,0,0,1,1,0,1,1,1,0,1,1,1,0,0.3055555555555556,8.807207460163648,1
23,0,1,1,1,0,1,0,1,1,0,0,0,0,0,1,1,0,0,0,0,1,1,0,0,0,1,1,0,1,1,0,0,0,1,1,0,0.25,8.537247753677313,1
24,0,1,1,1,0,1,0,1,1,0,0,0,0,0,1,1,0,0,1,0,1,0,0,0,0,1,1,0,1,0,0,0,1,1,1,0,0.2222222222222222,10.427177232331571,1
25,0,1,1,1,0,0,0,0,1,0,0,0,0,0,1,1,0,0,0,0,1,0,0,0,0,1,1,0,1,1,0,0,1,1,1,0,0.25,5.1562609587499,1
26,0,1,1,1,0,1,0,1,1,0,0,0,0,0,1,1,1,0,0,0,1,0,0,0,0,1,1,0,1,1,0,0,1,1,0,0,0.25,10.622599075625256,1
27,0,1,1,1,0,1,0,1,1,0,0,1,0,0,1,1,0,0,0,0,1,0,0,0,0,1,1,0,1,1,0,0,0,1,0,0,0.25,15.382646059010675,1
28,0,1,1,1,0,1,0,0,1,0,0,0,0,0,1,1,0,0,0,0,1,0,0,0,0,1,1,0,1,1,1,0,1,1,0,0,0.3055555555555556,4.9678251275299,1
29,0,1,1,1,0,1,0,1,1,0,0,0,0,0,1,1,0,0,0,0,1,0,0,0,0,1,1,0,1,1,0,0,1,1,1,0,0.3055555555555556,7.411339227890906,1
30,0,1,1,1,0,1,0,1,1,0,0,0,1,0,1,1,0,0,0,0,1,0,0,0,0,1,1,0,1,1,0,0,1,1,1,0,0.3055555555555556,8.577952773241403,1
31,0,1,1,1,0,1,0,1,1,0,0,1,0,0,1,1,0,0,0,0,1,1,0,0,0,1,1,0,1,1,0,0,0,1,1,0,0.2777777777777778,11.539469873145626,1
32,0,1,1,1,0,0,0,1,1,0,0,0,0,0,1,1,0,0,0,0,1,0,0,0,0,1,1,0,1,1,0,0,0,1,1,0,0.25,5.186710206967891,1
33,0,1,1,1,0,1,0,1,1,0,0,0,0,0,1,1,0,0,0,0,1,0,0,0,0,1,1,0,1,1,0,0,1,1,1,0,0.3055555555555556,7.411339227890906,1
34,0,1,1,1,0,1,0,1,1,0,0,1,0,0,1,1,0,0,0,0,1,0,0,0,0,1,1,0,1,1,0,0,1,1,1,0,0.3055555555555556,11.41785838164183,1
35,0,1,1,1,0,1,0,1,1,0,0,0,0,0,1,1,0,0,0,0,1,0,0,0,0,1,1,0,1,1,0,0,1,1,1,0,0.3055555555555556,7.411339227890906,1
36,0,1,0,1,0,1,0,1,1,0,0,0,0,0,1,1,0,0,0,0,1,0,0,0,0,1,1,0,1,1,0,0,1,1,1,0,0.25,7.157740748177304,1
37,0,1,1,1,0,1,0,1,1,0,0,1,0,0,1,1,0,0,0,0,1,0,0,0,0,1,1,0,0,1,1,0,1,1,1,0,0.25,12.909107384676618,1
38,0,1,1,1,0,0,0,1,1,0,0,1,0,0,1,1,0,0,0,0,1,0,0,0,0,1,1,0,1,1,1,0,0,1,0,0,0.19444444444444445,8.12409475048659,1
39,0,1,1,1,0,1,0,0,1,0,0,0,0,0,1,1,0,0,1,0,1,0,0,0,0,1,1,0,1,0,0,0,1,1,1,0,0.3055555555555556,7.006207703706704,1
40,0,1,1,1,0,1,0,1,1,0,0,1,1,0,1,1,0,0,0,0,1,0,0,0,0,1,1,0,1,1,0,0,0,1,1,0,0.25,15.715639758040094,1
41,1,1,1,1,0,1,0,1,1,0,0,1,0,0,1,1,0,0,1,0,1,0,0,0,0,1,1,0,1,1,0,0,1,1,1,0,0.2222222222222222,12.904339272846554,1
42,0,1,1,1,0,1,0,0,1,0,0,0,0,0,1,1,0,0,0,0,1,0,0,0,0,1,1,0,1,1,0,0,1,1,0,0,0.2777777777777778,4.755418107946618,1
43,0,1,1,1,0,1,0,1,1,0,0,0,0,0,1,1,0,0,0,0,1,0,0,0,0,1,1,0,1,0,1,0,0,1,0,0,0.25,12.75822511623301,1
44,0,1,1,1,0,1,0,0,1,0,0,1,0,0,1,1,0,0,1,0,1,0,0,0,0,1,1,0,1,0,0,0,1,1,1,0,0.25,10.008517521685688,1
45,0,1,1,1,0,1,0,1,1,0,0,0,0,0,1,1,0,0,0,0,1,0,0,0,0,1,1,0,1,0,0,0,0,1,0,0,0.2777777777777778,15.236693602045936,1
46,0,1,1,1,0,1,0,1,1,0,0,0,0,0,1,1,0,0,1,0,1,0,0,0,0,1,1,0,1,1,1,0,0,1,0,0,0.3333333333333333,7.565828897817205,1
47,0,1,0,1,0,1,0,0,1,0,0,1,0,0,1,1,0,0,0,0,1,0,0,0,0,1,1,0,1,1,0,0,0,1,0,0,0.2777777777777778,7.174180298782445,1
48,0,1,1,1,0,1,0,0,1,0,0,1,0,0,1,1,0,0,0,0,1,1,0,0,0,1,1,0,1,1,0,0,0,1,1,0,0.25,7.600750492745909,1
49,0,1,1,1,0,1,0,1,1,0,0,0,0,0,1,1,0,0,1,0,1,0,0,0,0,1,1,0,1,1,0,0,1,1,1,0,0.3333333333333333,7.6249946997365825,1
50,0,1,0,1,0,1,0,1,1,0,0,0,1,0,1,1,0,0,0,0,1,0,0,0,0,1,1,0,1,1,0,0,1,1,1,0,0.2777777777777778,7.824354290827264,1
51,0,1,1,1,0,1,0,0,1,0,0,1,0,0,1,1,0,0,0,0,1,0,0,0,0,1,1,0,1,1,0,0,1,1,1,0,0.3055555555555556,6.986522938571228,1
52,0,1,1,1,0,0,0,1,1,0,0,0,0,0,1,1,0,0,0,0,1,0,0,0,0,1,1,0,1,1,0,0,1,1,1,0,0.2777777777777778,5.587360070026541,1
53,0,1,1,1,0,1,0,1,1,0,0,0,0,0,1,1,0,0,0,0,1,0,0,0,0,1,1,0,1,1,0,0,1,1,1,0,0.19444444444444445,7.411339227890906,1
54,0,1,1,1,0,1,0,0,1,0,0,0,0,0,1,1,0,0,1,0,0,0,0,0,0,1,1,0,1,1,0,0,1,1,1,0,0.2777777777777778,5.628212628451551,1
55,0,1,1,1,0,1,0,1,1,0,0,1,0,0,1,1,0,0,1,0,1,1,0,0,0,1,1,0,1,1,0,0,0,0,1,0,0.25,13.821460492814207,1
56,0,1,1,1,0,0,0,1,1,0,0,1,0,0,1,1,0,0,0,0,1,0,0,0,0,1,1,0,1,1,0,0,1,1,0,0,0.19444444444444445,8.33034460289525,1
57,0,1,1,1,0,0,0,0,1,0,0,1,0,0,1,1,0,0,0,0,1,0,0,0,0,1,1,0,1,1,0,0,0,1,0,0,0.2777777777777778,4.551786882330005,1
58,0,1,0,1,0,1,0,1,1,0,0,0,0,0,1,1,0,0,0,0,1,0,0,0,0,1,1,0,1,1,0,0,1,1,0,0,0.2777777777777778,7.439947969754354,1
59,0,1,1,1,0,1,0,1,1,0,0,1,0,0,1,1,0,0,0,0,1,0,0,0,0,1,1,0,1,1,0,0,1,1,1,0,0.3333333333333333,11.41785838164183,1
60,0,1,1,1,0,0,0,0,1,0,0,1,0,0,1,1,0,0,1,0,1,0,0,0,0,1,1,0,1,0,0,0,1,1,0,0,0.25,6.941425137921882,1
61,0,1,1,1,0,1,1,1,1,0,0,0,0,0,1,1,0,0,0,0,1,0,0,0,0,1,1,0,1,1,1,0,0,1,1,0,0.2222222222222222,10.027238173387312,1
62,0,1,1,1,0,1,0,1,1,0,1,0,0,0,1,1,0,0,1,0,1,0,0,0,0,1,1,0,1,1,0,0,1,1,1,0,0.2777777777777778,8.126150096003453,1
63,0,1,0,1,0,1,0,0,1,0,0,0,0,0,1,1,0,0,1,0,1,0,0,0,0,1,1,0,1,1,0,0,1,1,1,0,0.3055555555555556,7.45531184918971,1
64,0,1,1,1,0,0,0,1,1,0,0,0,1,0,1,1,0,0,0,0,1,0,0,0,0,1,1,0,1,1,0,0,0,1,1,0,0.25,5.424509543543001,1
65,0,1,0,1,0,1,0,1,1,0,0,0,0,0,1,1,0,0,0,0,1,1,0,0,0,1,1,0,1,1,0,0,0,1,0,0,0.2777777777777778,8.0427364962439,1
66,0,1,1,1,0,1,0,0,1,0,0,0,1,0,1,1,0,0,0,0,1,0,0,0,0,1,1,0,1,1,1,0,0,0,1,0,0.3055555555555556,4.918558607688108,1
67,0,1,0,1,0,1,0,1,1,0,0,0,0,0,1,1,0,0,1,0,1,0,0,0,0,1,1,0,1,1,0,0,0,1,1,0,0.3611111111111111,7.4046112160672335,1
68,0,1,0,1,0,1,0,1,1,0,0,0,0,0,1,1,0,0,0,0,1,0,0,0,0,1,1,0,1,1,1,0,1,1,1,0,0.3333333333333333,7.801688230474081,1
69,0,1,1,1,0,1,0,0,1,0,0,1,0,0,1,1,0,0,0,0,1,0,0,0,0,1,1,0,1,1,0,0,1,1,0,0,0.2777777777777778,7.766144534561956,1
70,0,1,1,1,0,1,0,1,1,0,0,0,0,0,1,1,0,0,1,0,1,0,0,0,0,1,1,0,1,1,1,0,1,1,1,0,0.3888888888888889,8.681191007624278,1
71,0,1,1,1,0,1,0,1,1,0,0,0,0,0,1,1,0,0,1,0,1,0,0,0,0,1,1,0,1,0,1,0,0,1,1,0,0.3611111111111111,10.84005291579893,1
72,0,1,1,1,0,1,0,1,1,0,0,1,0,0,0,1,0,0,0,0,1,0,0,0,0,1,1,0,1,1,0,0,1,1,0,0,0.19444444444444445,10.487277902787678,1
73,0,1,1,1,0,1,0,1,1,0,0,0,1,0,1,1,0,0,0,0,1,0,0,0,0,1,1,0,1,1,0,0,1,1,1,0,0.3333333333333333,8.577952773241403,1
74,0,1,0,1,0,1,0,1,1,0,0,0,0,0,1,1,0,0,0,0,1,0,0,0,0,1,1,0,1,1,0,0,1,1,1,0,0.3333333333333333,7.157740748177304,1
75,0,1,1,1,0,1,0,1,1,0,0,1,1,0,1,1,0,0,0,0,1,0,0,0,0,1,1,0,1,1,1,0,1,1,1,0,0.3333333333333333,12.212550267824417,1
76,0,1,1,1,0,1,0,1,1,0,0,0,1,0,1,1,0,0,0,0,1,0,0,0,0,1,1,0,1,1,0,0,1,1,1,0,0.2777777777777778,8.577952773241403,1
77,0,1,1,1,0,1,0,1,1,0,0,0,1,0,1,1,0,0,1,0,1,0,0,0,0,1,1,0,1,1,0,0,1,1,1,0,0.2777777777777778,8.290214893547247,1
78,1,1,0,1,0,1,0,1,1,0,0,0,0,0,1,1,1,0,0,0,1,0,0,0,0,1,1,0,1,1,0,0,1,1,1,0,0.2222222222222222,10.32959043757465,1
79,0,1,1,1,0,1,0,1,1,0,0,0,0,0,1,1,0,0,0,0,1,0,0,0,0,1,1,0,1,0,1,0,1,0,1,0,0.3611111111111111,12.329096254760959,1
80,0,1,1,1,0,1,0,1,1,0,0,1,0,0,1,1,1,0,0,0,1,0,0,0,0,1,1,0,1,1,1,0,0,1,0,0,0.3333333333333333,16.511513898335743,1
81,0,1,1,1,0,1,0,1,1,0,0,0,1,0,1,1,0,0,0,0,1,0,0,0,0,1,1,0,1,1,0,0,0,1,1,0,0.2222222222222222,9.70576610642367,1
82,0,1,1,1,0,1,0,0,1,0,0,1,0,0,1,1,0,0,0,0,1,0,0,0,0,1,1,0,1,1,0,0,1,1,1,0,0.3055555555555556,6.986522938571228,1
83,0,1,1,1,0,0,0,0,1,0,0,1,0,0,1,1,0,0,0,0,1,0,0,0,0,1,1,0,1,1,0,0,1,1,1,0,0.3333333333333333,5.1091091245701525,1
84,0,1,1,1,0,1,0,1,1,0,0,0,0,0,1,1,0,0,0,0,1,1,0,0,0,1,1,0,1,1,0,0,1,1,1,0,0.3611111111111111,8.949375118761877,1
85,0,1,1,1,0,1,0,1,1,0,0,0,0,0,1,1,0,0,0,0,1,0,0,0,0,1,1,0,1,0,0,0,0,1,1,0,0.3333333333333333,12.84726039429479,1
86,1,1,1,1,0,1,0,1,1,0,0,0,0,0,1,1,0,0,1,0,1,0,0,0,0,1,1,0,1,1,1,0,0,1,1,0,0.3333333333333333,9.398404184237377,1
87,0,1,1,1,0,1,0,1,1,0,0,0,0,0,1,1,0,0,0,0,1,0,0,0,0,1,1,0,1,1,0,0,1,1,1,0,0.3611111111111111,7.411339227890906,1
88,0,1,0,1,0,0,0,1,1,0,0,1,1,0,1,1,0,0,1,0,1,0,0,0,0,1,1,0,1,1,0,0,0,1,1,0,0.19444444444444445,7.76707914705143,1
89,0,1,1,1,0,1,0,0,1,0,0,0,0,0,1,1,1,0,1,0,1,0,0,0,0,1,1,0,1,0,0,0,1,1,1,0,0.3055555555555556,7.875897379068132,1
90,0,1,0,1,0,1,0,1,1,0,0,1,0,0,1,1,0,0,0,0,1,0,0,0,0,1,1,0,1,0,0,0,1,1,1,0,0.3055555555555556,14.129769975987314,1
91,0,1,0,1,0,1,0,1,1,0,0,0,0,0,1,1,0,0,0,1,1,0,0,0,0,1,1,0,1,1,0,0,1,1,0,0,0.2222222222222222,8.87553352660024,1
92,0,1,1,1,0,0,0,0,1,0,0,0,0,0,1,1,0,0,1,0,1,0,0,0,0,1,1,0,1,1,0,0,1,1,1,0,0.3055555555555556,7.381265334652241,1
93,0,1,0,1,0,1,0,1,1,0,0,1,0,0,1,1,0,0,0,0,1,0,0,0,0,1,1,0,1,1,1,0,1,1,0,0,0.3611111111111111,10.163678928100678,1
94,0,1,1,1,0,0,0,1,1,0,0,1,0,0,1,1,0,0,0,0,1,0,0,0,0,1,1,0,1,1,0,0,0,1,1,0,0.3611111111111111,8.13968337556311,1
95,0,1,1,1,0,0,0,1,1,0,0,1,0,1,1,1,0,0,0,0,1,0,0,0,0,1,1,0,1,1,0,0,0,1,1,0,0.3055555555555556,12.621743215599917,1
96,1,0,0,1,1,0,1,0,0,1,1,0,1,1,0,1,1,1,0,0,0,0,1,1,1,0,0,1,0,0,0,1,1,1,0,1,0.3055555555555556,20.24495744514851,1
97,0,1,1,1,0,0,0,1,0,0,1,0,0,0,1,1,0,0,1,0,1,0,0,0,0,1,1,0,1,1,1,0,1,1,0,0,0.2222222222222222,6.644010703418089,1
98,0,0,1,1,1,0,1,0,0,1,1,0,1,1,0,1,1,1,0,0,0,0,1,0,1,0,0,1,0,0,0,1,0,1,0,1,0.2777777777777778,23.479753423997032,1
99,1,0,0,1,0,0,1,0,0,1,1,0,0,1,0,1,0,1,0,0,0,1,1,0,1,0,1,1,0,0,0,1,0,1,0,0,0.2222222222222222,12.7560461858272,1
