,0,1,2,3,4,5,6,7,8,9,10,11,12,13,14,15,16,17,18,19,20,21,22,23,24,25,26,27,28,29,30,31,32,33,34,35,chain_break_fraction,energy,num_occurrences
0,0,1,0,1,1,0,0,0,1,1,0,0,0,1,1,1,0,0,1,0,1,0,0,1,1,0,1,1,0,0,0,0,0,0,0,0,0.3055555555555556,14.18497366343796,1
1,1,1,0,1,1,0,0,0,1,1,0,0,0,0,0,1,0,1,1,0,1,0,0,1,1,0,1,1,0,0,0,0,0,0,0,0,0.2777777777777778,15.300543503185716,1
2,1,1,0,1,1,0,1,0,1,1,0,0,0,1,0,1,0,1,1,0,1,0,0,1,1,0,1,1,0,0,0,0,0,0,0,0,0.2777777777777778,26.539860204536257,1
3,0,1,0,1,1,0,1,0,1,1,0,0,0,1,0,1,0,1,1,0,1,0,0,1,1,0,1,1,0,0,1,0,0,0,0,0,0.3055555555555556,19.058108560508547,1
4,0,1,0,1,1,0,0,0,1,1,0,0,0,1,1,1,0,0,1,0,1,0,0,1,1,0,1,1,0,0,0,0,0,0,0,0,0.2777777777777778,14.18497366343796,1
5,0,1,0,1,1,0,0,0,1,1,0,0,0,1,0,1,0,1,1,0,1,0,0,1,1,0,1,1,0,0,0,0,1,0,0,0,0.3055555555555556,16.45055517528713,1
6,0,1,0,1,1,0,0,0,1,1,0,0,0,0,1,1,0,0,1,0,1,0,0,1,1,0,1,1,0,0,0,0,0,0,0,0,0.2777777777777778,8.47622839587887,1
7,0,1,0,1,1,0,0,0,1,1,0,0,0,0,0,1,0,1,1,0,1,0,0,1,1,0,1,1,0,0,1,0,0,0,0,0,0.25,11.01443390463086,1
8,0,1,0,1,1,0,1,0,1,1,0,0,0,0,0,1,0,0,1,0,1,0,0,1,1,0,1,1,0,0,0,0,0,0,0,0,0.3055555555555556,8.476228395878868,1
9,0,1,0,1,1,0,1,0,1,1,0,0,0,0,1,1,0,0,1,0,1,0,0,1,1,0,1,1,0,0,0,0,1,0,0,0,0.3611111111111111,9.20563457558936,1
10,0,1,0,1,1,0,1,0,1,1,0,0,0,0,0,1,0,0,1,0,1,0,0,1,1,0,0,1,0,0,0,0,0,0,0,0,0.3055555555555556,9.951501841569767,1
11,0,1,0,1,1,0,0,0,1,1,0,0,0,1,1,1,0,1,1,0,1,0,0,1,1,0,1,1,0,0,0,0,0,0,0,0,0.3333333333333333,21.351365760890552,1
12,0,1,0,1,1,0,0,0,1,1,0,0,0,1,0,1,0,1,0,0,1,0,0,1,1,0,1,1,0,0,0,0,0,0,0,0,0.25,21.03510220725404,1
13,0,1,0,1,1,0,0,0,1,1,0,0,0,1,0,1,0,0,1,0,1,0,0,1,1,0,1,1,0,0,1,0,0,0,0,0,0.2777777777777778,11.618612126177924,1
14,0,1,0,1,1,0,0,0,1,1,0,0,0,1,1,1,0,1,1,0,1,0,0,1,1,0,1,1,0,0,0,0,0,0,0,0,0.3055555555555556,21.351365760890552,1
15,1,1,0,1,1,0,0,0,1,1,0,0,0,0,0,1,0,0,1,0,1,0,0,1,1,0,1,1,0,0,0,0,0,0,0,0,0.2222222222222222,10.198171665146814,1
16,0,1,0,1,1,0,1,0,1,1,0,0,0,0,0,1,0,0,1,0,1,0,0,1,1,0,1,1,0,0,1,0,0,0,0,0,0.2222222222222222,8.185215131141701,1
17,0,1,0,1,1,0,0,0,1,1,0,0,0,1,0,1,0,1,1,0,1,0,0,1,1,0,1,1,0,0,1,0,1,0,0,0,0.3055555555555556,15.581780998619072,1
18,0,1,0,1,1,0,0,0,1,1,0,0,0,1,0,1,0,1,1,0,1,0,0,1,1,0,1,1,0,0,0,0,0,0,0,0,0.3333333333333333,18.508009124481884,1
19,0,1,0,1,1,0,0,0,1,1,0,0,0,0,0,1,0,0,1,0,1,0,0,1,1,0,0,1,0,0,0,0,0,0,0,0,0.3333333333333333,8.343150476213687,1
20,0,1,0,1,1,0,0,0,1,1,0,0,0,1,1,1,0,0,1,0,1,0,0,1,1,0,1,1,0,0,0,0,0,0,0,0,0.3611111111111111,14.18497366343796,1
21,0,1,0,1,1,0,0,0,1,1,0,0,0,0,0,1,0,1,1,0,1,0,0,1,1,0,1,1,0,0,0,0,0,0,0,0,0.3333333333333333,11.799282053400018,1
22,0,1,0,1,1,0,1,0,1,1,0,0,0,0,1,1,0,1,1,0,1,0,0,1,1,0,1,1,0,0,0,0,0,0,0,0,0.2777777777777778,16.485958933147494,1
23,0,1,0,1,1,0,1,0,1,1,0,0,0,0,0,1,0,0,1,0,1,0,0,1,1,0,1,1,0,0,0,0,0,0,0,0,0.3055555555555556,8.476228395878868,1
24,0,1,0,1,1,0,0,0,1,1,0,0,0,0,0,1,1,1,1,0,1,0,0,1,1,0,1,1,0,0,1,0,0,0,0,0,0.2777777777777778,13.565603092193221,1
25,0,1,0,1,1,0,0,0,1,1,0,0,0,0,1,1,0,1,1,0,1,0,0,1,1,0,1,1,0,0,1,0,0,0,0,0,0.3333333333333333,12.351573767244165,1
26,0,1,0,1,1,0,1,0,1,1,0,0,0,1,0,1,0,1,1,0,1,0,0,1,1,0,1,1,0,0,1,0,1,0,0,0,0.2777777777777778,17.416750249550233,1
27,0,1,0,1,1,0,0,0,1,1,0,0,0,0,1,1,0,1,1,0,1,0,0,1,1,0,1,1,0,0,1,0,0,0,0,0,0.3888888888888889,12.351573767244165,1
28,0,1,0,1,1,0,1,0,0,1,0,0,0,0,0,1,0,1,1,0,1,0,0,1,1,0,1,1,0,0,1,0,0,0,0,0,0.2777777777777778,10.067921949342328,1
29,0,1,0,1,1,0,0,0,1,1,0,0,0,1,1,1,0,0,1,0,1,0,0,1,1,0,1,1,0,0,1,0,0,0,0,0,0.3611111111111111,12.89174992434841,1
30,0,1,0,1,1,0,0,0,1,1,0,0,0,0,0,1,0,1,1,0,1,0,0,1,1,0,0,1,0,0,0,0,0,0,0,0,0.2777777777777778,13.453249398551778,1
31,0,1,0,1,1,0,0,0,1,1,1,0,0,1,0,1,0,1,1,0,1,0,0,1,1,0,1,1,0,0,0,0,1,0,0,0,0.3333333333333333,19.45035904352382,1
32,1,1,0,1,1,0,0,0,1,1,0,0,0,0,0,1,0,1,1,0,1,0,0,1,1,0,1,1,0,0,0,0,1,0,0,0,0.3055555555555556,13.591345249981034,1
33,0,1,0,1,1,0,1,0,0,1,0,0,0,0,1,1,0,0,1,0,1,0,0,1,1,0,1,1,0,0,0,0,0,0,0,0,0.3055555555555556,7.893878632558207,1
34,0,1,0,1,1,0,0,0,1,1,0,0,0,1,1,1,0,0,1,0,1,0,0,1,1,0,1,1,0,0,0,0,0,0,0,0,0.25,14.18497366343796,1
35,1,1,0,1,1,0,1,0,1,1,0,0,0,1,0,1,0,1,1,0,1,0,0,1,1,0,1,1,0,0,1,0,0,0,0,0,0.3055555555555556,23.69048718170069,1
36,1,1,0,1,1,0,0,0,1,1,0,0,0,1,1,1,0,1,1,0,1,0,0,1,1,0,1,1,0,0,1,0,0,0,0,0,0.3333333333333333,23.69048718170069,1
37,0,1,0,1,1,0,0,0,1,1,0,0,0,0,1,1,0,0,1,0,1,0,0,1,1,0,1,1,0,0,0,0,0,0,0,0,0.3055555555555556,8.47622839587887,1
38,0,1,0,1,1,0,0,0,1,1,0,0,0,1,0,1,0,0,1,0,1,0,0,1,1,0,1,1,0,0,0,1,0,0,0,0,0.3055555555555556,12.831586964348805,1
39,0,1,0,1,1,0,0,0,1,1,0,0,0,1,1,1,0,0,1,0,1,0,0,1,1,0,1,1,0,0,1,0,0,0,0,0,0.3055555555555556,12.89174992434841,1
40,0,1,0,1,1,0,1,0,1,1,0,0,0,0,0,1,0,1,1,0,1,0,0,1,1,0,1,1,0,0,1,0,0,0,0,0,0.2777777777777778,12.351573767244165,1
41,0,1,0,1,1,0,0,0,1,1,0,0,0,1,0,1,0,1,1,0,1,0,0,1,1,0,1,1,0,0,0,0,1,0,0,0,0.3611111111111111,16.45055517528713,1
42,1,1,0,1,1,0,1,0,1,1,0,0,0,0,1,1,0,0,1,0,1,0,0,1,1,0,1,1,0,0,1,0,0,0,0,0,0.2777777777777778,12.403561344422322,1
43,0,1,0,1,1,0,0,0,1,1,0,0,0,1,0,1,0,1,1,0,1,0,0,1,1,0,1,1,0,0,0,0,0,0,0,0,0.25,18.508009124481884,1
44,0,1,0,1,1,0,0,0,1,1,1,0,0,1,0,1,0,1,1,0,1,0,0,1,1,0,1,1,0,0,1,0,0,0,0,0,0.3055555555555556,19.72075437049298,1
45,0,1,0,1,1,0,1,0,1,1,0,0,0,0,0,1,0,1,1,0,1,0,0,1,1,0,1,1,0,0,0,0,1,0,0,0,0.3055555555555556,12.094894387949804,1
46,0,1,0,1,1,0,0,0,0,1,0,0,0,1,0,1,0,1,1,0,1,0,0,1,1,0,1,1,0,0,1,0,1,0,0,0,0.3611111111111111,13.341007447760585,1
47,0,1,0,1,1,0,0,0,1,1,0,0,0,0,0,1,0,1,1,0,1,0,0,1,1,0,0,1,0,0,0,0,1,0,0,0,0.2222222222222222,11.8815914786568,1
48,0,1,0,1,0,0,0,0,1,1,0,0,0,0,1,1,0,1,1,0,1,0,0,1,1,0,1,1,0,0,1,0,0,0,0,0,0.2777777777777778,10.85184356769323,1
49,0,1,0,1,1,0,0,0,0,1,0,0,0,0,1,1,0,1,1,0,1,0,0,1,1,0,1,1,0,0,1,0,0,0,0,0,0.3055555555555556,10.067921949342328,1
50,1,1,0,1,1,0,0,0,1,1,0,0,0,0,1,1,0,0,1,0,1,0,0,1,1,0,0,1,0,0,1,0,0,0,0,0,0.3333333333333333,12.0596288252514,1
51,1,1,0,1,1,0,1,0,1,1,0,0,0,1,0,1,0,1,1,0,1,0,0,1,1,0,1,1,0,0,0,0,1,0,0,0,0.3055555555555556,23.31655649102668,1
52,0,1,0,1,1,0,0,0,1,1,0,0,0,0,1,1,1,0,1,0,1,0,0,1,1,0,1,1,0,0,0,0,1,0,0,0,0.3888888888888889,9.011699796430104,1
53,0,1,0,1,1,0,1,0,1,1,0,0,0,0,0,1,0,1,1,0,1,0,0,1,1,0,1,1,0,0,1,0,0,0,0,0,0.3888888888888889,12.351573767244165,1
54,0,1,0,1,1,0,1,0,1,1,0,0,0,1,0,1,0,0,1,0,1,0,0,1,1,0,1,1,0,0,0,0,1,0,0,0,0.3055555555555556,12.62533382038166,1
55,0,1,0,1,1,0,0,1,1,1,0,0,0,1,0,1,0,0,1,0,1,0,0,1,1,1,1,1,0,0,1,1,0,0,0,0,0.2777777777777778,16.673987407697805,1
56,1,1,0,1,1,0,0,0,1,1,0,0,0,0,1,1,0,0,1,0,1,0,0,1,1,0,0,1,0,0,0,0,0,0,0,0,0.3055555555555556,13.454217112396359,1
57,0,1,0,1,1,0,0,0,1,1,0,0,0,0,0,1,0,0,1,0,1,0,0,1,1,0,0,1,0,0,0,0,0,0,0,0,0.2777777777777778,8.343150476213687,1
58,0,1,0,1,1,0,0,0,1,1,0,0,0,1,0,1,0,1,1,0,1,0,0,1,1,0,1,1,0,0,0,0,0,0,0,0,0.3333333333333333,18.508009124481884,1
59,0,1,0,1,1,0,0,0,0,1,0,0,0,1,1,1,0,1,1,0,1,0,0,1,1,0,1,1,0,0,0,0,0,0,0,0,0.3611111111111111,17.489720415275144,1
60,0,1,0,1,1,0,0,0,1,1,1,0,0,0,0,1,0,1,1,0,1,0,0,1,1,0,0,1,0,0,0,0,0,0,0,0,0.3055555555555556,16.452980032109423,1
61,1,1,0,1,1,0,0,0,1,1,0,0,0,0,0,1,0,1,1,0,1,0,0,1,1,0,1,1,0,0,0,0,1,0,0,0,0.2777777777777778,13.591345249981034,1
62,0,1,0,1,1,0,0,0,1,1,0,0,0,0,1,1,0,0,1,0,1,0,0,1,1,0,0,1,0,0,0,0,0,0,0,0,0.3333333333333333,9.951501841569767,1
63,0,1,0,1,1,0,1,1,1,1,0,0,0,1,0,1,0,0,1,0,1,0,0,1,1,1,1,1,0,0,0,0,0,0,0,0,0.19444444444444445,17.535170027514653,1
64,0,1,0,1,1,0,1,0,0,1,0,0,0,1,0,1,0,1,1,0,1,0,0,1,1,0,1,1,0,0,0,0,0,0,0,0,0.3888888888888889,17.489720415275144,1
65,0,1,0,1,0,0,0,0,1,1,0,0,0,1,0,1,0,1,1,0,1,0,0,1,1,0,1,1,0,0,1,0,1,0,0,0,0.2777777777777778,14.081977130652671,1
66,0,1,0,1,1,0,1,0,1,1,0,0,0,0,0,1,0,1,1,0,1,0,0,1,1,0,0,1,0,0,0,0,0,0,0,0,0.3888888888888889,16.125621024885618,1
67,0,1,0,1,1,0,1,0,1,1,1,0,0,0,1,1,0,0,1,0,1,0,0,1,1,0,1,1,0,0,0,0,0,0,0,0,0.3055555555555556,12.755277066192276,1
68,0,1,0,1,1,0,0,0,1,1,0,0,0,0,1,1,1,0,1,0,1,0,0,1,1,0,1,1,0,0,0,0,0,0,0,0,0.3888888888888889,10.059424444576306,1
69,0,1,0,1,1,0,1,0,1,1,1,0,0,0,0,1,0,0,0,0,1,0,0,1,1,0,1,1,0,0,1,0,0,0,0,0,0.19444444444444445,10.501786875720788,1
70,0,1,0,1,1,0,0,0,1,1,0,0,0,1,0,1,0,1,1,0,1,0,0,1,1,0,1,1,0,0,1,0,0,0,0,0,0.3055555555555556,16.72095050136034,1
71,1,1,0,1,1,0,0,0,0,1,1,0,0,1,0,1,0,0,1,0,1,0,0,1,1,0,1,1,0,0,0,0,0,0,0,0,0.3333333333333333,15.730494375163603,1
72,0,1,0,1,1,0,0,0,1,1,0,0,0,0,1,1,0,0,1,0,1,0,0,1,1,0,1,1,0,0,0,1,0,0,0,0,0.2222222222222222,9.894201866404536,1
73,0,1,0,1,1,0,0,0,1,1,0,0,0,0,0,1,0,0,1,0,1,0,0,1,1,0,1,1,0,0,1,0,1,0,0,0,0.3055555555555556,8.784845593208262,1
74,0,1,0,1,1,0,0,0,1,1,1,0,0,0,0,1,0,0,1,0,0,0,0,1,1,0,1,1,0,0,1,0,0,0,0,0,0.25,9.53907537492191,1
75,1,1,0,1,0,0,0,0,1,1,0,0,0,1,0,1,0,1,1,0,1,0,0,1,1,0,1,1,0,0,0,0,0,0,0,0,0.3333333333333333,20.19665919168394,1
76,0,1,0,1,1,0,0,0,1,1,0,0,0,1,0,1,0,1,1,0,1,0,0,1,1,0,1,1,0,0,0,0,1,0,0,0,0.19444444444444445,16.45055517528713,1
77,1,1,0,1,0,0,1,0,1,1,0,0,0,0,0,1,0,1,1,0,1,0,0,1,1,0,1,1,0,0,0,0,0,0,0,0,0.3055555555555556,15.144192222132228,1
78,0,1,0,1,1,0,0,1,0,1,0,0,0,0,0,1,0,0,0,0,1,0,0,1,1,1,1,1,0,0,1,0,0,0,0,0,0.2222222222222222,9.104874389279633,1
79,0,1,0,1,1,0,0,0,1,1,0,0,0,0,1,1,0,0,0,0,1,0,0,1,0,1,1,1,0,0,1,0,0,0,0,0,0.2777777777777778,8.677048804463817,1
80,0,1,0,1,1,0,0,0,1,1,1,0,0,0,0,1,0,1,1,0,1,0,0,1,1,0,1,1,0,0,1,0,0,0,0,0,0.3333333333333333,13.014163812584036,1
81,0,1,0,1,1,0,1,0,1,1,0,0,0,1,0,1,0,0,1,0,1,0,0,1,1,0,1,1,0,0,0,0,0,0,0,0,0.3611111111111111,14.184973663437953,1
82,1,1,0,1,1,0,0,0,1,1,0,0,0,1,0,1,0,0,1,0,1,0,0,1,1,0,1,1,0,0,1,0,0,0,0,0,0.3333333333333333,14.750950252780932,1
83,0,1,0,1,1,0,0,0,1,1,0,0,0,1,0,1,0,1,0,0,1,0,0,1,1,0,1,1,0,0,0,0,1,0,0,0,0.3611111111111111,18.316432375262178,1
84,1,1,0,1,1,0,0,0,1,1,0,0,0,1,1,1,0,0,1,0,1,0,0,1,0,0,1,1,0,0,0,0,1,0,0,0,0.2222222222222222,18.953812580560378,1
85,0,1,0,1,1,0,1,0,0,1,0,0,0,0,1,1,0,0,1,0,1,0,0,1,1,0,0,1,0,0,0,0,1,0,0,0,0.25,8.664703576858066,1
86,0,1,0,1,1,0,0,0,1,1,0,0,0,0,1,1,0,0,1,0,1,0,0,1,1,0,1,1,0,0,0,0,0,0,0,0,0.3611111111111111,8.47622839587887,1
87,1,1,0,1,1,0,1,0,1,1,0,0,0,1,0,1,0,1,1,0,1,0,0,1,1,0,1,1,0,0,1,0,1,0,0,0,0.3888888888888889,21.385467914644604,1
88,0,1,0,1,0,0,1,0,1,1,0,0,0,0,0,1,0,1,1,0,1,0,0,1,1,0,1,1,0,0,1,0,1,0,0,0,0.25,10.72240190998901,1
89,0,1,1,1,1,0,0,1,1,1,0,0,0,1,0,1,0,0,1,0,0,0,0,1,1,1,1,1,0,0,0,0,0,0,0,0,0.25,21.462626885014412,1
90,0,1,0,1,1,0,1,0,1,1,0,0,0,0,1,1,0,0,1,0,1,0,0,1,1,0,1,1,0,0,0,0,0,0,0,0,0.3055555555555556,10.255546574774854,1
91,1,1,0,1,1,0,0,0,1,1,0,0,0,0,0,1,0,1,0,0,1,0,0,1,1,0,1,1,0,0,0,1,1,0,0,0,0.3611111111111111,14.54819505350633,1
92,0,1,0,1,1,0,0,0,1,1,0,0,0,0,0,1,0,1,1,0,1,0,0,1,1,1,1,1,0,0,1,0,1,0,0,0,0.3333333333333333,12.587889951758449,1
93,0,1,0,1,1,0,0,0,0,1,0,0,0,1,0,1,0,0,1,0,1,0,0,1,1,1,1,1,0,0,0,0,1,0,0,0,0.3055555555555556,11.221462263773482,1
94,1,1,0,1,1,0,0,0,1,1,0,0,0,1,0,1,0,1,1,0,1,0,0,1,1,0,1,1,0,0,1,1,1,0,0,0,0.3888888888888889,20.200678172502823,1
95,1,1,1,1,1,0,0,0,1,1,0,0,0,0,0,1,0,1,1,0,1,0,0,1,1,0,1,1,0,0,1,1,1,0,0,0,0.2777777777777778,18.492559702000456,1
96,0,1,0,1,0,0,0,0,0,1,0,0,0,0,1,1,0,1,1,0,1,0,0,1,1,0,1,1,0,0,0,0,0,0,0,0,0.2777777777777778,9.281247194852128,1
97,0,1,0,1,1,0,1,0,1,1,0,0,0,1,1,1,0,0,1,0,1,0,0,1,1,1,0,1,0,0,1,0,0,0,0,0,0.3333333333333333,14.60885123209782,1
98,1,1,0,1,0,0,0,0,1,1,0,0,0,0,1,1,0,0,0,0,1,0,0,1,1,0,0,1,0,0,0,0,1,0,0,0,0.2777777777777778,11.402230625991432,1
99,0,1,0,1,1,0,0,0,0,1,0,0,0,1,0,1,0,0,1,0,0,0,0,1,1,0,1,1,0,0,0,0,0,0,0,0,0.25,11.558614663520613,1
