,0,1,2,3,4,5,6,7,8,9,10,11,12,13,14,15,16,17,18,19,20,21,22,23,24,25,26,27,28,29,30,31,32,33,34,35,chain_break_fraction,energy,num_occurrences
0,1,0,1,1,0,0,0,1,0,0,1,1,1,0,1,0,0,1,0,0,0,0,0,1,1,1,1,1,0,1,1,0,1,1,0,0,0.3333333333333333,7.815503957894271,2
1,1,0,1,1,0,0,0,1,0,0,1,1,1,0,1,0,0,1,0,0,0,0,0,1,1,1,1,1,0,1,1,0,1,1,0,0,0.3055555555555556,7.815503957894271,1
2,1,0,1,1,0,0,0,1,0,0,1,1,1,0,1,0,0,1,0,0,0,0,0,1,1,1,1,1,0,1,1,0,1,1,0,0,0.2777777777777778,7.815503957894271,1
3,1,0,1,1,0,0,0,1,0,0,1,1,1,0,1,0,0,1,0,0,0,0,0,1,1,1,1,1,0,1,1,0,1,1,0,0,0.2777777777777778,7.815503957894271,1
4,1,0,1,1,0,0,0,1,0,0,1,1,1,0,1,0,0,1,0,0,0,0,0,1,1,1,1,1,0,0,1,1,1,1,0,0,0.3055555555555556,9.59722641425857,1
5,1,0,1,1,0,0,0,1,0,0,1,1,1,0,1,0,0,1,0,0,0,0,0,1,1,1,1,1,0,0,1,0,1,1,0,0,0.3333333333333333,7.240702279387288,1
6,1,0,1,1,0,0,0,1,0,0,1,1,1,0,1,0,0,1,0,0,0,0,0,1,1,1,1,1,0,1,1,0,1,1,0,0,0.3055555555555556,7.815503957894271,1
7,1,0,1,1,0,0,0,1,0,0,1,1,1,0,1,0,0,1,0,0,0,0,0,1,1,1,1,1,0,0,1,0,1,1,0,0,0.3333333333333333,7.240702279387288,1
8,1,0,1,1,0,0,0,1,0,0,1,1,1,0,1,0,0,1,0,0,1,0,0,1,1,1,1,1,0,1,1,0,1,1,0,0,0.3055555555555556,8.330766797663149,1
9,1,0,1,1,0,0,0,1,0,0,1,1,1,0,1,0,0,1,0,0,0,0,0,1,1,1,0,1,0,0,1,0,1,1,0,0,0.3333333333333333,7.048611914012977,1
10,1,0,1,1,0,0,0,1,0,0,1,1,1,0,1,0,0,1,0,0,0,0,0,1,1,1,0,1,0,0,1,0,1,1,0,0,0.3333333333333333,7.048611914012977,1
11,1,0,1,1,0,0,0,1,0,0,1,1,1,0,1,0,0,1,0,0,1,0,0,1,1,1,1,1,0,0,1,0,1,1,0,0,0.25,6.753527160362962,1
12,1,0,1,1,0,0,0,1,0,0,1,1,1,0,1,0,0,1,0,0,0,0,0,1,1,1,1,1,0,0,1,0,1,1,0,0,0.2777777777777778,7.240702279387288,1
13,1,0,1,1,0,0,0,1,0,0,1,1,1,0,1,0,0,1,0,0,0,0,1,1,1,1,0,1,0,0,1,0,1,1,0,0,0.3611111111111111,7.081236246979876,1
14,1,0,1,1,0,0,0,1,0,0,1,1,1,0,1,0,0,1,0,0,0,0,0,1,0,1,1,1,0,0,1,0,1,1,0,0,0.3611111111111111,7.130141817514835,1
15,1,0,1,1,0,0,0,1,0,0,1,1,1,0,1,0,0,1,0,0,0,0,0,1,0,1,1,1,0,1,1,0,1,1,0,0,0.3333333333333333,6.7049257750555835,1
16,1,0,1,1,0,0,0,1,0,0,1,1,1,0,1,0,0,1,0,0,0,0,0,1,1,1,1,1,0,1,1,0,1,1,0,0,0.3055555555555556,7.815503957894271,1
17,1,0,1,1,0,0,0,1,0,0,1,1,1,0,1,0,0,1,0,0,0,0,0,1,0,1,1,1,0,1,1,0,1,1,0,0,0.3333333333333333,6.7049257750555835,1
18,1,0,1,1,0,0,0,1,0,0,1,1,1,0,1,0,0,1,0,0,0,0,0,1,1,1,1,1,0,0,1,0,1,1,0,0,0.3333333333333333,7.240702279387288,1
19,1,0,1,1,0,0,0,1,0,0,1,1,1,0,1,0,0,1,0,0,0,0,0,1,1,1,1,1,0,1,1,0,1,1,0,0,0.3055555555555556,7.815503957894271,1
20,1,0,1,1,0,0,0,1,0,0,1,1,1,0,1,0,0,1,0,0,1,0,1,1,1,1,0,1,0,1,1,0,1,1,0,0,0.2777777777777778,8.551587095976178,1
21,1,0,1,1,0,0,0,1,0,0,1,1,1,0,1,0,0,1,0,0,0,0,0,1,0,1,1,1,0,1,1,0,1,1,0,0,0.3333333333333333,6.7049257750555835,1
22,1,0,1,1,0,0,0,1,0,0,1,1,1,0,1,0,0,1,0,0,0,0,0,1,1,1,0,1,0,1,1,0,1,1,0,0,0.2777777777777778,6.451355017741879,1
23,1,0,1,1,0,0,0,1,0,0,1,1,1,0,1,0,0,1,0,0,0,0,0,1,1,1,1,1,0,0,1,0,1,1,0,0,0.3055555555555556,7.240702279387288,1
24,1,0,1,1,0,0,0,1,0,0,1,1,1,0,1,0,0,1,0,0,0,0,0,1,0,1,1,1,0,0,1,0,1,1,0,0,0.3055555555555556,7.130141817514835,1
25,1,0,1,1,0,0,0,1,0,0,1,1,1,0,1,0,0,1,0,0,0,0,0,1,1,1,0,1,0,0,1,0,1,1,0,0,0.3333333333333333,7.048611914012977,1
26,1,0,1,1,0,0,0,1,0,0,1,1,1,0,1,0,0,1,0,0,0,0,0,1,0,1,1,1,0,0,1,0,1,1,0,0,0.3888888888888889,7.130141817514835,1
27,1,0,1,1,0,0,0,1,0,0,1,1,1,0,1,0,0,1,0,0,0,0,0,1,0,1,1,1,0,1,1,0,1,1,0,0,0.3055555555555556,6.7049257750555835,1
28,1,0,1,1,0,0,0,1,0,0,1,1,1,0,1,0,0,1,0,0,0,0,0,1,1,1,1,1,0,1,1,0,1,1,0,0,0.3333333333333333,7.815503957894271,1
29,1,0,1,1,0,0,0,1,0,0,1,1,1,0,1,0,0,1,0,0,0,0,1,1,0,1,1,1,0,0,1,0,1,1,0,0,0.3333333333333333,7.454903905329002,1
30,1,0,1,1,0,0,0,1,0,0,1,1,1,0,1,0,0,1,0,0,1,0,0,1,0,1,1,1,0,0,1,0,1,1,0,0,0.2777777777777778,6.135611820680455,1
31,1,0,1,1,0,0,0,1,0,0,1,1,1,0,1,0,0,1,0,0,0,0,0,1,0,1,1,1,0,0,1,0,1,1,0,0,0.3611111111111111,7.130141817514835,1
32,1,0,1,1,0,0,0,1,0,0,1,1,1,0,1,0,0,1,0,0,0,0,0,1,1,1,0,1,0,1,1,0,1,1,0,0,0.3055555555555556,6.451355017741879,1
33,1,0,1,1,0,0,0,1,0,0,1,1,1,0,1,0,0,1,0,0,0,0,0,1,1,1,1,1,0,0,1,0,1,1,0,0,0.3333333333333333,7.240702279387288,1
34,1,0,1,1,0,0,0,1,0,0,1,1,1,0,1,0,0,1,0,0,1,0,0,1,1,1,1,1,0,1,1,0,1,1,0,0,0.3611111111111111,8.330766797663149,1
35,1,0,1,1,0,0,0,1,0,0,1,1,1,0,1,0,0,1,0,0,0,0,1,1,0,1,0,1,0,0,1,0,1,1,0,0,0.3333333333333333,6.976172159841492,1
36,1,0,1,1,0,0,0,1,0,0,1,1,1,0,1,0,0,1,0,0,0,0,0,1,1,1,1,1,0,0,1,0,1,1,0,0,0.2777777777777778,7.240702279387288,1
37,1,0,1,1,0,0,0,1,0,0,1,1,1,0,1,0,0,1,0,0,0,0,1,1,0,1,0,1,0,0,1,0,1,1,0,0,0.3888888888888889,6.976172159841492,1
38,1,0,1,1,0,0,0,1,0,0,1,1,0,0,1,0,0,1,0,0,0,0,0,1,1,1,1,1,0,0,1,0,1,1,0,0,0.3333333333333333,7.306136900485801,1
39,1,0,1,1,0,0,0,1,0,0,1,1,1,0,1,0,0,1,0,0,0,0,0,1,1,1,1,1,0,0,1,0,1,1,0,0,0.25,7.240702279387288,1
40,1,0,1,1,0,0,0,1,1,0,1,1,1,0,1,0,0,1,0,0,1,0,0,1,1,1,1,1,0,0,1,0,1,1,0,0,0.3055555555555556,7.173896587051044,1
41,1,0,1,1,0,0,0,1,1,0,1,1,1,0,1,0,0,1,0,0,0,0,0,1,1,1,1,1,0,1,1,0,1,1,0,0,0.3055555555555556,7.724020639031417,1
42,1,0,1,1,0,0,0,1,1,0,1,1,1,0,1,0,0,1,0,0,0,0,0,1,1,1,1,1,0,0,1,0,1,1,0,0,0.2777777777777778,8.161081714733559,1
43,1,0,1,1,0,1,0,1,0,0,1,1,1,0,1,0,0,1,0,0,1,0,0,1,1,1,0,1,0,1,1,0,1,1,0,0,0.2777777777777778,8.614494687655437,1
44,1,0,1,1,0,0,0,1,0,0,1,1,1,0,1,0,0,1,0,0,0,0,1,1,0,1,1,1,0,0,1,0,1,1,0,0,0.3055555555555556,7.454903905329002,1
45,1,0,1,1,0,0,0,1,0,0,1,1,1,0,1,0,0,1,0,0,0,0,0,1,0,1,1,1,0,1,1,0,1,1,0,0,0.2777777777777778,6.7049257750555835,1
46,1,0,1,1,0,0,0,1,0,0,1,1,1,0,1,0,0,1,0,0,0,0,0,1,1,0,1,1,0,0,1,0,1,1,0,0,0.2777777777777778,7.019581355642371,1
47,1,0,1,1,0,0,0,1,0,0,1,1,1,0,1,0,0,1,0,0,0,0,1,1,0,1,1,1,0,0,1,1,1,1,0,0,0.3333333333333333,10.426336746866799,1
48,1,0,1,1,0,0,0,1,0,0,1,1,1,0,1,0,0,1,0,0,0,0,0,1,0,1,1,1,0,0,1,0,1,1,0,0,0.3611111111111111,7.130141817514835,1
49,1,0,1,1,0,0,0,1,0,0,1,1,1,0,1,0,0,1,0,0,0,0,0,1,1,1,1,1,0,0,1,0,1,1,0,0,0.4166666666666667,7.240702279387288,1
50,1,0,1,1,0,0,0,1,1,0,1,1,1,0,1,0,0,1,0,0,1,0,0,1,1,1,1,1,0,0,1,0,1,1,0,0,0.25,7.173896587051044,1
51,1,0,1,1,0,1,0,1,0,0,1,1,1,0,1,0,0,1,0,0,1,0,0,1,1,1,1,1,0,0,1,0,1,1,0,0,0.3333333333333333,10.332336369056168,1
52,1,0,1,1,0,0,0,1,0,0,1,1,1,0,1,0,0,1,0,0,0,0,0,1,1,1,1,1,0,0,1,0,1,1,0,0,0.3333333333333333,7.240702279387288,1
53,1,0,1,1,0,0,0,1,0,0,1,1,1,0,1,0,0,1,0,0,0,0,0,1,0,1,1,1,0,0,1,0,1,1,0,0,0.3333333333333333,7.130141817514835,1
54,1,0,1,1,0,0,0,1,0,0,1,1,1,0,1,0,0,1,0,0,0,0,0,1,0,1,1,1,0,0,1,0,1,1,0,0,0.25,7.130141817514835,1
55,1,0,1,1,0,0,0,1,0,0,1,1,1,0,1,0,0,1,0,0,0,0,0,1,0,1,1,1,0,0,1,0,1,1,0,0,0.3333333333333333,7.130141817514835,1
56,1,0,1,1,0,0,0,1,0,0,1,1,1,0,1,0,0,1,0,0,0,0,1,1,0,1,0,1,0,1,1,0,1,1,0,0,0.3333333333333333,7.013257418009341,1
57,1,0,1,1,0,0,0,1,0,0,1,1,1,0,1,0,0,1,0,0,0,0,0,1,0,1,1,1,0,0,1,0,1,1,0,0,0.3611111111111111,7.130141817514835,1
58,1,0,1,1,0,0,0,0,0,0,1,1,1,0,1,0,0,1,0,0,1,0,0,1,1,1,0,1,0,1,1,0,1,1,0,0,0.2777777777777778,7.673244620873038,1
59,1,0,1,1,0,0,0,1,0,0,1,1,1,0,1,0,0,1,0,0,0,0,0,1,1,1,1,1,0,1,1,0,1,1,0,0,0.3888888888888889,7.815503957894271,1
60,1,0,1,1,0,0,0,1,0,0,1,1,1,0,1,0,0,1,0,0,0,0,0,1,0,1,0,1,0,0,1,1,1,1,0,0,0.3333333333333333,7.3313454985880835,1
61,1,0,1,1,0,0,0,1,0,0,1,1,1,0,1,0,0,1,0,0,0,0,0,1,0,1,1,1,0,1,1,0,1,1,0,0,0.3888888888888889,6.7049257750555835,1
62,1,0,1,1,0,0,0,1,0,0,1,1,1,0,1,0,0,1,0,0,0,0,0,1,0,1,1,1,0,0,1,0,1,1,0,0,0.3888888888888889,7.130141817514835,1
63,1,0,1,1,0,0,0,1,0,0,1,1,1,0,1,0,0,1,0,0,0,0,0,1,0,1,0,1,0,0,1,0,1,1,0,0,0.3888888888888889,7.4437121142910305,1
64,1,0,1,1,0,0,0,1,0,0,1,1,1,0,1,0,0,1,0,0,1,0,0,1,1,1,1,1,0,0,1,0,1,1,0,0,0.3055555555555556,6.753527160362962,1
65,1,0,1,1,0,0,0,1,0,0,1,1,1,0,1,0,0,1,0,0,0,0,0,1,0,1,0,1,0,0,1,0,1,1,0,0,0.3888888888888889,7.4437121142910305,1
66,1,0,1,1,0,0,0,1,0,0,1,1,1,0,1,0,0,1,1,0,0,0,0,1,0,1,1,1,0,0,1,0,1,1,0,0,0.4166666666666667,6.989872225063024,1
67,1,0,1,1,0,0,0,1,0,0,1,1,1,0,1,0,0,1,0,0,0,0,1,1,1,1,0,1,0,0,1,0,1,1,0,0,0.3888888888888889,7.081236246979876,1
68,1,0,1,1,0,0,0,1,0,0,1,1,1,0,1,0,0,1,1,0,0,0,0,1,0,1,0,1,0,1,1,0,1,1,0,0,0.3333333333333333,6.196086611396048,1
69,1,0,1,1,0,0,0,1,0,0,1,1,1,0,1,0,0,1,0,0,0,0,1,1,1,1,1,1,0,0,1,0,1,1,0,0,0.3055555555555556,8.065628654617885,1
70,1,0,1,1,0,0,0,1,0,0,1,1,1,0,1,0,0,1,0,0,0,0,1,1,0,1,0,1,0,1,1,0,1,1,0,0,0.3888888888888889,7.013257418009341,1
71,1,0,1,1,0,0,0,1,0,0,1,1,1,0,1,0,0,1,0,0,1,0,0,1,0,1,0,1,0,0,1,0,1,1,0,0,0.3611111111111111,5.8460704439389,1
72,1,0,1,1,0,0,0,1,0,0,1,1,1,0,1,0,0,1,0,0,0,0,0,1,0,1,0,1,0,0,1,0,1,1,0,0,0.3611111111111111,7.4437121142910305,1
73,1,0,1,1,0,0,0,1,0,0,1,1,1,0,1,0,0,1,0,0,0,0,1,1,1,1,1,1,0,1,1,0,1,1,0,0,0.4166666666666667,10.274790208530058,1
74,1,0,1,1,0,0,0,1,0,0,1,1,1,0,1,0,0,0,0,0,0,0,0,1,0,1,1,1,0,0,1,0,1,1,0,0,0.2777777777777778,4.92007156390607,1
75,1,0,1,1,0,0,0,1,0,0,1,1,1,0,1,0,0,1,0,0,1,0,0,1,1,1,1,1,0,1,1,0,1,1,0,0,0.3055555555555556,8.330766797663149,1
76,1,0,1,1,0,0,0,1,0,0,1,0,1,0,1,0,0,1,0,0,0,0,0,1,1,1,0,1,0,1,1,0,1,1,0,0,0.2777777777777778,9.688878056908461,1
77,1,0,1,1,0,0,0,1,0,0,1,1,1,0,1,0,0,1,0,0,0,0,0,1,0,1,1,1,0,0,1,0,1,1,0,0,0.3611111111111111,7.130141817514835,1
78,1,0,1,1,0,0,0,1,0,0,1,1,1,0,1,0,0,1,0,0,0,0,0,1,1,1,0,1,0,0,1,0,1,1,0,0,0.3888888888888889,7.048611914012977,1
79,1,0,1,1,0,0,0,1,0,0,1,1,1,0,1,0,0,1,0,0,1,0,0,1,0,1,1,1,0,0,1,0,1,1,0,0,0.3333333333333333,6.135611820680455,1
80,0,1,0,1,1,1,1,0,1,1,0,0,0,1,0,1,1,1,1,1,1,1,0,0,0,0,0,1,1,1,0,1,0,0,1,1,0.2777777777777778,18.464650347044,1
81,1,0,1,1,0,0,0,1,0,0,1,1,1,0,1,0,0,1,0,0,0,0,1,1,1,1,1,1,0,1,1,0,1,1,0,0,0.4166666666666667,10.274790208530058,1
82,0,1,0,1,1,1,1,0,1,1,0,0,0,1,0,1,1,1,0,1,1,1,1,0,0,0,0,1,1,0,0,1,0,0,1,1,0.3333333333333333,21.65605055542168,1
83,1,0,1,1,0,0,0,1,0,0,1,1,1,0,1,0,0,1,0,0,0,0,1,1,1,1,1,1,0,1,1,0,1,1,0,0,0.3611111111111111,10.274790208530058,1
84,0,1,0,1,1,1,1,0,1,1,0,0,0,1,0,1,1,1,1,1,1,1,1,0,0,0,0,1,1,1,0,1,0,0,1,1,0.3611111111111111,18.561934443713366,1
85,0,1,0,1,1,1,1,0,1,1,0,0,0,1,0,1,1,1,1,1,1,1,1,0,0,0,0,1,1,0,0,1,0,0,1,1,0.4166666666666667,20.920086220332568,1
86,0,1,0,1,1,1,1,0,1,1,0,0,0,1,0,1,1,1,1,1,1,1,0,0,0,0,0,1,1,0,0,1,0,0,1,1,0.3611111111111111,22.45716199906838,1
87,0,1,0,1,1,1,1,0,1,1,0,0,0,1,0,1,1,1,1,1,1,1,0,0,0,0,0,1,1,0,0,1,0,0,1,1,0.4166666666666667,22.45716199906838,1
88,1,0,1,1,0,0,0,1,0,0,1,1,1,0,1,0,0,1,0,0,0,0,0,1,0,0,1,1,0,0,1,0,1,1,0,0,0.3333333333333333,8.90902089376992,1
89,0,1,0,1,1,1,1,0,1,1,0,0,0,1,0,1,1,1,0,1,1,1,0,0,0,0,0,1,1,1,0,1,0,0,1,1,0.3055555555555556,18.70092251789596,1
90,0,1,0,1,1,1,1,0,1,1,0,0,0,1,0,1,1,1,1,1,1,1,1,0,0,0,0,1,1,1,0,1,0,0,1,1,0.3333333333333333,18.561934443713366,1
91,1,0,1,1,0,0,0,1,0,0,1,1,1,0,1,0,0,1,0,0,0,0,0,1,0,1,0,1,0,0,1,0,1,1,0,0,0.3611111111111111,7.4437121142910305,1
92,1,0,1,1,0,0,0,1,0,0,1,1,1,0,1,1,0,1,0,0,1,0,1,1,1,1,0,1,0,1,1,0,1,1,0,0,0.25,8.537286912058018,1
93,0,1,0,1,1,1,1,0,1,1,0,0,0,1,0,1,1,1,1,1,1,1,0,0,0,0,0,1,1,1,1,1,0,0,1,1,0.3055555555555556,18.268766013288083,1
94,0,1,0,1,1,1,1,0,0,0,0,0,0,1,0,1,1,1,1,1,1,1,0,0,0,0,0,1,1,0,0,1,0,0,1,1,0.3888888888888889,15.145148898815764,1
95,0,1,0,1,1,1,1,0,1,1,0,0,0,1,0,1,1,1,0,1,1,1,0,0,0,0,0,1,1,0,0,1,0,0,1,1,0.3611111111111111,23.693455838595206,1
96,0,1,0,0,1,1,1,0,1,1,0,0,1,1,0,1,1,1,1,1,1,1,0,0,0,0,0,1,1,1,0,1,0,0,1,1,0.2777777777777778,14.996959640467999,1
97,0,1,0,1,1,1,1,0,1,1,0,0,1,1,0,1,1,1,1,1,0,1,1,0,0,0,0,1,1,1,0,1,0,0,1,1,0.3333333333333333,19.457573063350342,1
98,0,1,1,1,1,1,1,0,1,1,0,0,0,1,0,1,1,1,1,1,1,1,1,0,0,0,0,1,1,0,0,1,0,0,1,1,0.3333333333333333,24.29436580884595,1
