,0,1,2,3,4,5,6,7,8,9,10,11,12,13,14,15,16,17,18,19,20,21,22,23,24,25,26,27,28,29,30,31,32,33,34,35,chain_break_fraction,energy,num_occurrences
0,1,0,0,1,1,0,1,1,1,0,0,1,0,0,1,1,0,0,0,1,0,1,1,0,0,0,1,0,1,0,1,1,0,0,0,0,0.2222222222222222,9.203500768887798,1
1,1,0,0,1,1,0,0,1,1,0,0,1,0,0,1,1,0,0,0,1,0,1,0,0,0,1,1,0,1,1,1,1,0,0,0,0,0.19444444444444445,7.010631053126568,1
2,1,0,0,1,1,0,0,1,1,0,0,1,0,0,1,1,0,0,0,1,0,1,1,0,0,0,1,0,1,0,0,1,0,0,0,0,0.2222222222222222,9.317234442620743,1
3,1,0,0,1,1,0,1,1,1,0,0,1,1,0,1,1,0,0,0,1,0,1,1,0,0,0,1,0,1,0,1,1,0,0,0,0,0.16666666666666666,11.20350257972254,1
4,1,0,0,1,1,0,0,1,0,0,0,1,0,0,1,1,0,0,0,1,0,1,1,0,1,0,1,0,1,0,1,1,0,0,0,0,0.1388888888888889,6.995519539854781,1
5,1,0,0,1,1,0,0,1,1,0,0,1,0,0,1,1,0,1,0,1,0,1,1,0,0,0,1,1,1,1,1,1,0,0,0,0,0.19444444444444445,12.746267439157567,1
6,1,0,0,1,1,0,1,1,1,0,1,0,0,0,1,1,0,0,0,1,0,1,1,0,0,0,0,0,1,0,1,1,0,0,0,0,0.16666666666666666,6.606210216043417,1
7,1,1,0,1,1,0,0,1,1,0,1,1,0,0,1,1,0,0,1,1,0,1,1,0,0,0,0,0,1,0,1,1,0,0,0,0,0.2222222222222222,15.44620697835324,1
8,1,0,0,1,1,0,0,1,1,0,1,0,0,0,1,1,0,0,0,1,0,1,1,0,0,1,1,0,1,0,1,1,0,0,0,0,0.16666666666666666,6.338524642791819,1
9,1,0,0,1,1,0,0,1,1,0,0,1,0,0,1,1,0,0,0,1,0,1,1,0,0,0,0,0,1,1,1,1,0,0,0,0,0.19444444444444445,5.496055117729176,1
10,1,0,0,1,1,0,0,1,1,0,0,1,0,0,1,1,0,0,0,1,0,1,0,0,0,0,0,1,1,1,1,1,0,0,0,0,0.19444444444444445,7.632204071520999,1
11,1,0,0,1,1,0,0,1,1,0,1,1,0,0,1,1,0,0,0,1,0,1,1,0,1,1,0,0,1,0,1,1,0,0,0,0,0.16666666666666666,8.696701202431374,1
12,1,1,0,1,1,0,0,1,1,0,1,1,0,0,1,1,0,1,0,1,0,1,1,0,0,0,0,1,1,0,1,1,0,0,0,0,0.2777777777777778,24.396417027897442,1
13,1,0,0,1,1,0,1,1,1,0,1,1,0,0,0,1,0,0,1,1,0,1,1,0,0,0,1,0,1,0,1,1,0,0,0,0,0.16666666666666666,9.617807621872206,1
14,1,0,0,1,1,0,0,1,0,0,0,1,1,0,1,1,1,0,0,1,0,1,1,0,0,1,0,0,1,1,1,1,0,0,0,0,0.16666666666666666,7.007300715761166,1
15,1,0,0,1,1,0,0,1,1,0,1,1,0,0,1,1,0,1,0,1,0,1,1,0,1,0,1,0,1,1,1,1,0,0,0,0,0.16666666666666666,10.67314415340623,1
16,1,0,0,1,1,0,0,1,1,0,0,1,0,0,1,1,1,0,0,1,0,1,1,0,0,0,1,0,1,0,0,1,0,0,0,0,0.19444444444444445,12.030483374019825,1
17,1,0,0,1,1,0,0,1,1,0,0,1,1,0,1,1,0,0,0,1,0,1,1,0,1,0,0,0,1,0,1,1,0,0,0,0,0.16666666666666666,8.33362846359819,1
18,1,0,0,1,1,0,0,1,1,0,0,1,1,0,1,1,0,1,1,1,0,0,1,0,1,0,0,1,1,1,1,1,0,0,0,0,0.19444444444444445,9.959389054032975,1
19,1,0,0,1,1,0,0,1,1,0,1,1,0,1,1,1,0,0,1,0,0,1,1,0,0,0,1,1,1,1,1,1,0,0,0,0,0.2222222222222222,12.379837424840375,1
20,1,0,0,1,1,0,1,1,1,0,0,1,0,0,1,1,0,1,1,1,0,1,1,0,0,0,1,0,1,0,1,1,0,0,0,0,0.19444444444444445,15.601268742813586,1
21,1,0,0,1,1,0,0,1,1,0,0,1,1,0,1,1,0,0,0,1,0,1,1,0,1,0,0,0,1,0,1,1,0,0,0,0,0.16666666666666666,8.33362846359819,1
22,1,1,0,1,1,0,0,1,0,0,1,1,0,0,1,1,0,0,0,1,0,1,1,0,0,0,0,0,1,1,1,1,0,0,0,0,0.16666666666666666,9.428643614852948,1
23,0,0,0,0,1,0,1,0,0,0,1,0,1,0,1,0,1,0,1,0,0,0,0,0,0,0,1,0,1,0,1,0,1,0,0,0,0.0,-2.5962199085562476,1
24,1,0,0,1,1,0,0,1,1,0,0,1,0,0,1,1,0,1,1,1,0,1,0,0,0,0,1,0,1,1,1,1,0,0,0,0,0.2222222222222222,9.422143418662362,1
25,1,0,0,1,1,0,1,1,1,0,1,0,0,0,1,1,1,0,0,1,0,1,0,0,0,1,0,0,1,0,1,1,0,0,1,0,0.1388888888888889,6.483224843566038,1
26,1,0,0,1,1,0,1,1,1,0,0,1,0,0,1,1,0,1,0,1,0,1,1,0,0,1,0,0,1,0,0,1,0,0,0,0,0.2222222222222222,15.930440236779662,1
27,1,0,0,1,1,0,1,1,1,0,0,1,1,0,1,1,0,0,0,1,0,1,0,0,0,1,0,0,0,1,1,1,0,0,0,0,0.1388888888888889,8.419830368407695,1
28,1,0,0,1,1,0,0,1,1,0,0,1,0,1,0,1,1,0,1,1,0,1,1,0,0,0,1,0,1,1,1,1,0,0,0,0,0.19444444444444445,9.413745026170307,1
29,0,1,1,0,0,1,1,0,0,1,0,0,1,0,0,0,0,1,0,0,1,0,0,1,1,1,0,1,0,0,0,0,1,1,1,1,0.3333333333333333,19.023652638706203,1
30,1,0,0,1,1,0,0,1,1,0,1,1,0,0,1,1,0,0,1,1,0,1,0,0,0,0,1,0,1,1,1,1,0,0,0,0,0.2222222222222222,7.298382024234831,1
31,1,1,0,1,1,0,1,1,1,0,1,0,0,0,1,1,1,0,0,1,0,1,1,0,0,1,0,0,1,0,1,1,0,0,1,0,0.16666666666666666,9.344217446953287,1
32,1,0,0,1,1,0,1,1,1,0,0,1,0,0,1,1,0,0,1,1,0,1,1,0,1,0,1,0,1,0,1,1,0,0,0,0,0.25,7.98822993417606,1
33,1,0,0,1,1,0,0,1,1,0,0,1,0,0,1,1,0,1,1,1,0,1,1,0,0,0,1,0,1,0,1,1,0,0,0,0,0.2222222222222222,14.155671752034136,1
34,0,1,1,0,0,1,1,0,0,1,0,0,0,0,0,0,1,0,0,0,0,0,0,1,1,1,0,1,0,1,0,0,1,1,0,1,0.2222222222222222,16.839077780677815,1
35,1,0,0,1,1,0,0,1,1,0,0,1,0,0,0,1,1,0,0,0,0,1,1,0,1,0,1,0,1,1,0,1,0,0,0,0,0.08333333333333333,4.225779513470875,1
36,1,0,0,1,1,0,0,1,0,0,0,1,0,0,1,1,1,0,0,1,0,1,1,0,1,0,0,0,1,0,1,1,0,0,0,0,0.19444444444444445,7.93433139600657,1
37,1,0,0,1,1,0,0,1,1,0,0,1,0,0,0,1,0,0,1,1,0,1,1,0,1,0,1,0,1,1,0,1,0,0,0,0,0.1111111111111111,7.679381044805523,1
38,1,0,0,1,1,0,1,1,1,0,1,0,0,0,1,1,0,0,1,0,0,1,1,0,1,0,0,0,1,1,1,1,0,0,0,0,0.19444444444444445,1.9920568949103896,1
39,1,0,0,1,1,0,1,1,1,0,0,1,0,0,1,1,0,1,0,1,0,1,1,0,1,0,0,1,1,1,1,1,0,0,0,0,0.2777777777777778,10.608658950346232,1
40,0,0,1,0,0,1,0,0,0,1,0,0,1,1,0,0,0,1,0,0,0,0,0,1,0,1,0,1,1,0,0,0,1,1,0,1,0.2777777777777778,17.797287490785923,1
41,1,0,0,1,1,0,1,1,0,0,1,1,0,0,1,1,0,1,1,1,0,1,1,0,0,0,1,1,1,0,0,1,0,0,0,0,0.25,20.371397397941504,1
42,1,0,0,1,1,0,0,1,1,0,1,1,1,0,1,1,1,0,1,1,0,1,0,0,0,0,1,1,1,0,0,1,0,0,0,0,0.2222222222222222,18.032022800235517,1
43,1,0,0,1,1,0,0,1,0,0,0,1,0,0,0,1,0,0,0,1,0,0,1,0,0,0,0,1,1,0,1,1,0,0,0,0,0.19444444444444445,6.091180554496157,1
44,1,1,0,1,1,0,1,1,1,0,1,0,0,1,1,1,1,0,1,1,0,1,1,0,0,0,1,0,1,1,1,1,0,0,0,0,0.19444444444444445,12.298632450171738,1
45,1,0,0,1,1,0,1,1,1,0,0,1,1,0,0,1,1,1,0,1,0,1,1,0,0,0,1,0,1,1,1,1,0,0,0,0,0.1388888888888889,13.0008834908658,1
46,0,1,0,1,1,0,0,1,1,0,0,1,0,0,1,1,0,0,1,0,0,1,1,0,1,1,0,0,1,0,1,1,0,0,0,0,0.16666666666666666,7.217637321961789,1
47,1,0,0,1,1,0,0,1,1,0,0,1,1,0,1,1,0,0,0,1,1,1,1,0,0,0,0,0,1,0,1,1,0,0,0,0,0.2222222222222222,9.753949666292273,1
48,1,1,0,1,1,0,0,1,1,0,0,1,1,0,1,1,1,1,0,1,0,1,0,0,0,0,1,0,1,1,1,1,0,0,0,0,0.2222222222222222,22.428681614812216,1
49,1,0,0,1,1,0,1,1,1,0,1,1,0,0,1,1,0,0,0,1,0,1,1,0,1,0,1,1,1,0,1,1,0,0,1,0,0.25,13.944052256109183,1
50,0,1,1,0,0,1,1,0,0,1,0,0,1,0,0,0,1,0,0,0,0,0,0,1,1,1,0,1,1,0,0,0,1,1,1,1,0.3055555555555556,16.645797944586757,1
51,0,1,1,0,0,1,1,0,0,1,0,0,1,0,0,0,0,1,0,0,0,0,0,1,0,1,0,1,1,0,0,0,1,1,1,1,0.2777777777777778,14.887060364293422,1
52,0,1,1,0,0,1,0,0,0,1,0,0,1,0,0,0,0,1,0,0,0,0,0,1,1,1,0,1,1,0,0,0,1,1,0,1,0.2222222222222222,14.881041056280853,1
53,0,1,1,0,0,1,1,0,0,1,0,0,1,0,0,0,1,0,0,0,0,0,0,1,1,1,0,0,1,1,0,0,1,1,1,1,0.16666666666666666,15.045997843479658,1
54,1,0,0,1,1,0,0,1,0,0,0,1,0,0,1,1,1,1,0,1,0,1,1,0,0,0,0,1,1,1,1,1,0,0,0,0,0.25,12.716213823720967,1
55,1,0,0,1,1,0,1,1,1,0,0,1,0,0,0,1,0,0,0,1,0,1,1,0,0,0,1,1,0,1,1,1,0,0,0,0,0.2222222222222222,10.474300518139117,1
56,0,1,0,1,1,0,0,1,1,0,0,1,0,0,1,0,0,0,1,0,1,1,0,0,0,0,0,0,1,0,0,1,0,0,0,0,0.1111111111111111,8.062544243574669,1
57,0,1,1,0,0,1,1,0,0,1,0,0,0,1,0,0,1,0,0,0,0,0,0,1,1,1,0,0,1,1,0,0,1,1,0,1,0.2222222222222222,12.742311512814382,1
58,1,0,1,1,1,0,0,1,1,0,0,1,1,0,1,1,0,0,1,1,1,0,1,0,1,0,0,0,1,1,1,1,0,0,0,0,0.1111111111111111,6.1787589135394345,1
59,0,0,0,1,1,0,0,1,0,0,1,1,1,0,0,1,1,0,0,1,0,1,0,0,0,0,1,0,1,0,1,1,0,0,0,0,0.1111111111111111,11.196708558719566,1
60,0,1,1,0,0,0,0,1,0,0,1,1,0,0,0,0,0,0,1,0,0,1,0,0,0,0,0,0,1,0,1,0,1,0,1,0,0.0,3.008884858697642,1
61,0,0,1,0,0,1,1,0,0,1,0,0,1,0,0,0,0,1,0,0,0,0,0,1,1,1,0,1,1,1,0,0,1,1,1,1,0.3333333333333333,27.598019985456858,1
62,0,0,1,0,0,1,0,0,0,1,0,0,1,1,0,0,1,0,0,0,0,0,0,1,1,0,0,1,1,1,0,0,1,1,0,1,0.25,18.095468689764594,1
63,0,1,1,0,0,1,1,0,0,1,1,0,1,1,0,0,0,1,0,0,0,0,0,1,1,1,0,1,1,0,0,0,1,1,0,1,0.2777777777777778,16.984010154808924,1
64,0,1,1,0,0,1,1,0,0,1,0,0,0,0,0,0,0,1,1,0,0,0,0,1,0,1,0,0,0,0,1,0,1,1,0,1,0.2222222222222222,12.333980261003305,1
65,0,1,1,0,0,1,1,0,0,1,0,0,1,1,0,0,0,1,0,0,0,0,0,1,1,1,0,0,1,0,0,0,1,1,0,1,0.3333333333333333,15.042510554653294,1
66,1,0,0,1,1,0,0,1,0,0,0,1,0,0,1,1,1,0,0,0,0,1,1,0,0,0,0,0,1,1,1,1,0,0,0,0,0.16666666666666666,5.994660179535452,1
67,1,0,0,1,1,0,1,1,0,0,0,1,0,0,1,1,0,0,0,0,0,1,1,0,0,1,1,0,1,0,1,1,0,0,1,0,0.16666666666666666,6.61678484897365,1
68,0,1,1,0,0,1,1,0,0,1,0,0,1,0,0,0,0,0,0,0,0,0,0,1,1,0,0,1,1,0,1,0,1,1,0,1,0.1388888888888889,11.419893055927428,1
69,1,0,1,0,1,0,1,0,0,0,1,0,1,0,1,0,1,1,1,0,0,0,0,1,0,0,0,0,1,1,0,1,0,1,0,0,0.0,4.2065496727218665,1
70,1,1,0,1,1,0,1,1,0,0,0,1,1,0,1,1,1,0,1,1,0,1,1,0,0,0,0,0,1,1,0,1,0,0,1,0,0.19444444444444445,12.518246973259284,1
71,0,1,1,0,0,1,1,0,0,1,0,0,1,1,0,0,1,0,0,0,0,0,0,1,0,1,0,1,1,0,0,0,1,1,1,1,0.25,16.486818547309785,1
72,0,1,1,0,0,1,0,0,0,1,0,0,0,1,0,0,0,1,0,0,0,0,0,1,1,1,0,0,1,0,0,0,1,1,1,1,0.25,14.585145754670688,1
73,1,0,0,1,1,0,1,1,0,0,0,1,0,0,0,1,1,1,1,1,0,1,1,0,0,0,0,0,1,1,1,1,0,0,1,0,0.19444444444444445,11.199019813907341,1
74,1,0,0,1,1,0,1,1,0,0,0,1,1,1,0,1,1,1,1,1,0,1,1,0,0,0,0,1,1,1,1,1,0,0,1,0,0.19444444444444445,17.64895155913541,1
75,0,1,1,0,0,1,1,0,0,1,0,0,1,1,0,0,1,1,1,0,1,0,0,1,1,1,0,1,0,0,0,0,1,1,0,1,0.3333333333333333,21.64933585083788,1
76,0,0,0,0,0,1,1,0,0,1,0,0,0,1,0,0,1,0,0,0,1,0,0,1,1,0,0,0,1,1,0,0,0,1,0,1,0.2222222222222222,11.731583127202725,1
77,0,1,1,0,0,1,1,0,0,1,0,0,0,0,0,0,0,1,0,0,1,0,0,1,1,0,0,0,1,0,0,0,1,1,0,1,0.19444444444444445,8.50465120733811,1
78,1,1,0,1,1,0,0,1,0,0,1,1,0,1,1,1,0,0,1,1,0,1,0,0,1,0,0,0,1,1,1,1,0,0,0,0,0.16666666666666666,12.178139461180042,1
79,0,1,1,0,0,1,0,0,0,1,0,0,1,1,0,0,1,0,0,0,0,0,0,1,0,0,0,1,1,1,1,0,1,1,1,1,0.25,18.566163584788843,1
80,0,1,1,0,0,1,0,0,0,0,0,0,1,0,0,0,1,0,1,0,0,0,0,1,0,0,0,1,0,1,0,0,0,1,0,1,0.1388888888888889,12.495954095707084,1
81,0,0,1,0,0,1,0,0,0,1,0,0,1,0,1,0,0,1,0,0,0,0,0,1,1,1,0,1,0,0,0,0,1,1,1,1,0.2777777777777778,20.19380029109936,1
82,0,1,1,0,0,1,1,0,0,1,0,0,1,0,0,0,0,1,0,0,1,0,0,1,1,1,1,0,1,0,0,0,1,0,1,0,0.19444444444444445,6.162289832093587,1
83,0,1,1,0,0,1,1,0,0,1,1,0,0,1,0,0,0,1,0,0,0,0,0,1,1,1,0,1,1,0,0,0,0,1,0,1,0.2777777777777778,14.040387153132329,1
84,0,0,1,0,0,1,0,0,0,0,0,0,1,0,1,0,1,0,0,0,0,0,0,0,1,0,0,0,1,0,1,0,0,0,0,1,0.05555555555555555,0.3284963053448944,1
85,0,0,1,0,0,1,0,0,0,1,1,0,0,1,0,0,0,1,0,0,0,0,0,1,0,1,0,0,1,0,0,0,1,1,0,1,0.25,13.329160789206224,1
86,0,1,1,0,0,1,1,0,0,0,1,0,1,0,0,0,1,0,1,0,1,0,0,1,1,1,0,1,0,0,0,0,1,1,0,1,0.2777777777777778,19.22245475766568,1
87,0,0,1,0,0,1,0,0,0,1,0,0,1,1,0,0,0,1,0,0,0,0,0,1,1,1,0,1,0,1,0,0,1,1,0,1,0.2777777777777778,21.586386602520967,1
88,0,1,1,0,0,1,0,0,0,1,1,0,1,0,0,0,0,1,1,0,0,0,0,1,1,1,0,1,1,0,0,0,1,1,0,1,0.3055555555555556,17.347243539724005,1
89,0,1,1,0,0,1,0,0,0,1,0,0,1,1,0,0,0,1,0,0,0,0,0,1,1,1,0,1,1,0,0,0,1,1,0,1,0.25,16.881048289645506,1
90,1,0,1,1,1,0,0,1,1,0,0,0,1,0,0,1,1,0,1,1,0,0,1,0,1,0,0,0,1,1,1,1,0,0,0,0,0.1388888888888889,3.1101701671957684,1
91,0,1,1,0,0,1,0,0,0,1,0,0,1,0,0,0,1,1,1,0,1,0,0,1,0,1,0,0,1,0,0,0,1,1,0,0,0.2222222222222222,9.97846493424014,1
92,0,0,1,0,0,1,0,0,0,0,0,0,1,1,0,0,0,0,0,0,0,0,0,1,0,0,0,1,1,0,1,0,1,1,0,1,0.19444444444444445,17.140076683075957,1
93,0,1,0,0,0,1,1,0,0,1,0,0,1,0,1,0,1,0,0,0,0,0,0,1,0,1,1,0,1,0,0,0,0,1,1,1,0.16666666666666666,9.021233737765357,1
94,0,0,1,0,0,1,0,0,0,1,0,0,0,1,0,0,0,1,1,0,0,0,0,1,0,0,0,0,1,0,1,0,1,0,0,1,0.16666666666666666,11.452612228245187,1
95,0,0,1,0,0,1,0,0,0,1,0,0,0,1,0,0,1,0,1,0,0,0,0,1,0,1,0,1,1,0,0,0,1,1,0,1,0.19444444444444445,21.778383103206515,1
96,1,1,0,0,1,0,1,1,1,0,1,1,0,0,0,1,0,0,1,1,1,0,0,0,1,0,1,0,1,1,1,1,0,0,0,0,0.19444444444444445,5.6678614637276805,1
97,0,1,1,0,0,1,0,0,0,1,0,0,1,1,0,0,1,0,0,0,0,0,0,1,1,1,0,1,0,0,1,0,1,1,1,1,0.3611111111111111,20.710893645182633,1
98,0,0,0,1,1,0,1,1,1,0,1,0,1,0,1,0,1,0,1,1,1,1,1,0,1,0,0,0,1,1,0,1,0,0,1,0,0.1111111111111111,9.540385329305298,1
99,0,0,1,0,0,1,1,0,0,1,0,0,1,1,0,0,0,1,0,0,0,0,0,1,0,1,1,0,0,0,0,0,1,1,0,1,0.3055555555555556,15.95034661241474,1
