,0,1,2,3,4,5,6,7,8,9,10,11,12,13,14,15,16,17,18,19,20,21,22,23,24,25,26,27,28,29,30,31,32,33,34,35,chain_break_fraction,energy,num_occurrences
0,1,0,1,0,1,1,1,0,0,0,1,1,0,1,0,1,0,0,1,0,0,1,1,1,0,1,1,1,0,0,0,1,0,0,0,0,0.3333333333333333,10.7562802856422,1
1,0,1,1,0,1,1,1,0,0,0,1,1,0,1,0,1,0,0,1,0,0,1,1,1,0,1,1,1,0,0,0,1,0,0,0,0,0.3055555555555556,13.476537464642997,1
2,1,0,1,0,1,1,1,1,0,0,1,1,0,1,0,1,0,0,1,0,0,1,1,1,0,1,1,1,0,0,0,1,0,0,0,0,0.3333333333333333,13.893984491585814,1
3,1,0,1,0,1,1,1,1,0,0,1,1,0,1,0,1,0,0,1,0,0,1,1,1,0,1,1,1,0,0,0,1,0,0,0,0,0.2777777777777778,13.893984491585814,1
4,0,0,1,0,1,1,1,0,0,0,1,1,0,1,0,1,0,0,1,0,0,1,1,1,0,1,1,1,1,0,0,1,0,0,0,0,0.3333333333333333,10.62800611698117,1
5,1,0,0,0,1,1,1,1,0,0,1,1,0,1,0,1,0,0,1,0,0,1,1,1,0,1,1,1,0,0,0,1,0,0,0,0,0.3611111111111111,12.10098334536677,1
6,0,0,0,1,0,0,0,1,1,0,0,0,1,0,1,1,1,1,0,1,1,0,0,1,1,0,0,0,1,0,1,0,1,0,1,1,0.25,8.33103408622023,1
7,0,0,1,0,1,1,1,1,0,0,1,1,0,1,0,1,0,0,1,0,0,1,1,1,0,1,1,1,0,0,0,1,0,0,0,0,0.3333333333333333,12.173584955093853,1
8,0,1,0,0,1,1,1,0,0,0,1,1,0,1,0,1,0,0,1,0,0,1,1,1,0,1,1,1,0,0,0,1,0,0,0,0,0.3333333333333333,11.861304111348273,1
9,1,0,0,0,1,1,1,0,0,1,1,1,0,1,0,1,0,0,1,0,0,1,1,1,0,1,1,1,0,0,0,1,0,0,0,0,0.3333333333333333,13.269145172118959,1
10,0,1,1,0,1,1,1,0,0,0,1,1,0,1,0,1,0,0,1,0,0,1,1,1,0,1,1,1,0,0,0,1,0,0,0,0,0.3611111111111111,13.476537464642997,1
11,1,1,1,0,1,0,1,1,0,0,1,1,0,0,0,1,0,0,1,0,0,1,1,1,0,1,1,1,0,0,0,1,0,0,0,0,0.3333333333333333,12.240804495753816,1
12,0,0,1,0,1,1,1,1,0,0,1,1,0,1,0,1,0,0,1,0,0,1,1,1,0,1,1,1,0,0,0,1,0,0,0,0,0.2777777777777778,12.173584955093853,1
13,0,1,1,0,1,1,1,0,0,1,1,1,0,1,0,1,0,0,1,0,0,1,1,1,0,1,1,1,0,1,0,1,0,0,0,0,0.2777777777777778,18.46959878161033,1
14,1,0,0,0,1,1,1,0,0,0,1,1,0,1,0,1,0,0,1,0,0,1,1,1,0,1,1,1,0,0,0,1,0,0,0,0,0.3333333333333333,9.963863216491218,1
15,1,1,0,0,1,1,1,0,0,1,1,1,0,1,0,1,0,0,1,0,0,1,1,1,0,1,1,1,1,0,0,1,0,0,0,0,0.3611111111111111,18.33567266490926,1
16,0,1,1,0,1,1,1,0,0,0,1,1,0,1,0,1,0,0,1,0,0,1,1,1,0,1,1,1,0,0,0,1,0,0,0,0,0.2777777777777778,13.476537464642997,1
17,1,1,0,0,1,1,1,0,0,1,1,1,0,1,0,1,0,0,1,0,0,1,1,1,0,1,1,1,0,0,0,1,0,0,0,0,0.3333333333333333,20.000243418242267,1
18,0,1,0,0,1,1,1,1,0,0,1,1,0,1,0,1,0,0,1,0,0,1,1,1,0,1,1,1,1,0,0,1,0,0,0,0,0.3611111111111111,14.053676236677367,1
19,1,1,0,0,1,1,1,0,0,1,1,1,0,1,0,1,0,0,1,0,0,1,1,1,0,1,1,1,1,0,0,1,0,0,0,0,0.3333333333333333,18.33567266490926,1
20,0,1,0,0,1,1,1,0,0,0,1,1,0,1,0,1,0,0,1,0,0,1,1,1,0,1,1,1,1,0,0,1,0,0,0,0,0.3333333333333333,11.951256520390059,1
21,0,1,1,0,1,1,1,0,0,0,1,1,0,1,0,1,0,0,1,0,0,1,1,1,0,1,1,1,0,0,0,1,0,0,0,0,0.3611111111111111,13.476537464642997,1
22,1,1,1,0,1,1,1,0,0,0,1,1,0,1,0,1,0,0,1,0,0,1,1,1,0,1,1,1,0,0,0,1,0,0,0,0,0.3611111111111111,16.196794643643777,1
23,1,1,1,0,1,1,1,0,0,0,1,1,0,1,0,1,0,0,1,0,0,1,1,1,0,1,1,1,1,0,0,1,0,0,0,0,0.3888888888888889,14.951631493494547,1
24,1,1,1,0,1,1,1,1,0,0,1,1,0,1,0,1,0,0,1,0,0,1,1,1,0,1,1,1,0,0,0,1,0,0,0,0,0.3611111111111111,21.334783564569666,1
25,0,0,0,1,0,1,0,1,1,0,0,0,1,0,1,1,1,1,0,1,0,0,0,1,1,0,0,0,1,1,1,0,1,0,1,1,0.2777777777777778,13.595895111485358,1
26,0,0,0,0,1,1,1,0,0,0,1,1,0,1,0,1,0,0,1,0,0,1,1,1,0,1,1,1,0,0,0,1,0,0,0,0,0.3611111111111111,10.066422321634146,1
27,0,1,1,0,1,1,1,0,0,0,1,1,0,1,0,1,0,0,1,0,0,1,1,1,0,1,1,1,1,0,0,1,0,0,0,0,0.3055555555555556,12.843756367990094,1
28,1,1,0,0,1,1,1,1,0,1,1,1,0,0,0,1,0,0,1,0,0,1,1,1,0,1,1,1,0,0,0,1,0,0,0,0,0.3333333333333333,20.92100192436447,1
29,0,0,1,0,1,1,1,1,0,0,1,1,0,1,0,1,0,0,1,0,0,1,1,1,0,1,1,1,0,0,0,1,0,0,0,0,0.3333333333333333,12.173584955093853,1
30,1,1,0,0,1,1,1,1,0,0,1,1,0,1,0,1,0,0,1,0,0,1,1,1,0,1,1,1,0,0,0,1,0,0,0,0,0.3055555555555556,17.896149850063217,1
31,1,0,1,0,1,1,1,0,0,0,1,1,0,0,0,1,0,0,1,0,0,1,1,1,0,1,1,1,0,0,0,1,0,0,0,0,0.2777777777777778,10.684103560520422,1
32,0,0,1,0,1,1,1,0,0,0,1,1,0,1,0,1,0,0,1,0,0,1,1,1,0,1,1,1,0,0,0,1,0,0,0,0,0.3333333333333333,10.036023106641425,1
33,0,0,1,0,0,1,1,1,0,0,1,1,0,1,0,1,0,0,1,0,0,1,1,1,0,1,1,1,0,0,0,1,0,0,0,0,0.3055555555555556,11.203400093018566,1
34,1,0,1,0,1,1,1,1,0,1,1,0,0,1,0,1,0,0,1,0,0,1,1,1,0,1,1,1,0,0,0,1,0,0,0,0,0.2777777777777778,17.180667405755532,1
35,0,1,0,0,1,1,1,1,0,0,1,1,0,1,0,1,0,0,1,0,0,1,1,1,0,1,1,1,0,0,0,1,0,0,0,0,0.2777777777777778,14.998566597715003,1
36,1,1,1,0,1,1,1,0,0,0,1,1,0,1,0,1,0,0,1,0,0,1,1,1,0,1,1,1,0,0,0,1,0,0,0,0,0.3055555555555556,16.196794643643777,1
37,0,1,0,0,1,1,1,0,0,1,1,1,0,1,0,1,0,0,1,0,0,1,1,1,0,1,1,1,0,0,0,1,0,0,0,0,0.3055555555555556,16.63469429518062,1
38,1,1,1,0,1,0,1,0,0,0,1,1,0,0,0,1,0,0,1,0,0,1,1,1,0,1,1,1,0,0,0,1,0,0,0,0,0.3055555555555556,11.248518501571864,1
39,0,1,1,0,1,1,1,1,0,1,1,1,0,1,0,1,0,0,1,0,0,1,1,1,0,1,1,1,0,1,0,1,0,0,0,0,0.25,22.537825708728533,1
40,1,1,0,0,1,0,1,0,0,0,1,1,0,0,0,1,0,0,1,0,0,1,1,1,0,1,1,1,1,0,0,1,0,0,0,0,0.3333333333333333,13.733674473118127,1
41,1,1,1,0,1,1,1,1,0,0,1,1,0,1,0,1,0,0,1,0,0,1,1,1,0,1,1,1,1,1,0,1,0,0,0,0,0.3611111111111111,18.494765803883723,1
42,0,1,1,0,1,1,1,1,0,1,1,1,0,1,0,1,0,0,1,0,0,1,1,1,0,1,1,1,0,0,0,1,0,0,0,0,0.3611111111111111,26.15735565995011,1
43,1,1,0,0,1,1,1,1,0,1,1,1,0,1,0,1,0,0,1,0,0,1,1,1,0,1,1,1,0,0,0,1,0,0,0,0,0.3055555555555556,26.137714165942434,1
44,0,0,1,0,1,1,1,0,0,1,0,1,0,1,0,1,0,0,1,0,0,1,1,1,0,1,1,1,0,0,0,1,0,0,0,0,0.3055555555555556,13.267481735063948,1
45,0,1,0,0,1,1,1,0,0,1,1,1,0,0,0,1,0,0,1,0,0,1,1,1,0,1,1,1,1,0,0,1,0,0,0,0,0.3333333333333333,14.510496439460278,1
46,1,1,1,0,1,1,1,0,0,0,1,1,0,0,0,1,0,0,1,0,0,1,1,1,0,1,1,1,0,0,0,1,0,0,0,0,0.3055555555555556,14.124616610057691,1
47,0,1,1,0,1,1,1,1,0,1,1,1,0,1,0,1,0,0,1,0,0,1,1,1,0,1,1,1,0,0,0,1,0,0,0,0,0.3611111111111111,26.15735565995011,1
48,0,1,1,0,1,1,1,1,0,1,1,1,0,1,0,1,0,0,1,0,0,1,1,1,0,1,1,1,0,0,0,1,0,0,0,0,0.3611111111111111,26.15735565995011,1
49,0,1,1,0,1,1,1,0,0,0,1,1,0,1,0,1,0,0,1,0,0,1,1,1,0,1,1,1,1,1,0,1,0,0,0,0,0.3611111111111111,15.578194174684286,1
50,0,0,0,1,0,0,0,0,1,0,0,0,1,0,1,1,1,1,0,1,0,0,0,1,1,0,0,0,1,0,1,0,1,0,1,1,0.2222222222222222,6.764067267445094,1
51,1,1,1,0,1,1,1,0,0,0,1,1,0,1,0,1,0,0,1,0,0,1,1,1,0,1,1,1,1,1,0,1,0,0,0,0,0.3055555555555556,16.46130519319609,1
52,1,1,1,0,1,1,1,1,0,0,1,1,0,1,0,1,0,0,1,0,0,1,1,1,0,1,1,1,0,1,0,1,0,0,0,0,0.3333333333333333,18.77477172411237,1
53,0,1,0,0,1,1,1,0,0,1,1,1,0,1,0,1,0,0,1,0,0,1,1,1,0,1,1,1,0,1,0,1,0,0,0,0,0.3055555555555556,16.53031689550725,1
54,0,1,1,0,1,1,1,0,0,0,1,1,0,1,0,1,0,0,1,0,0,1,1,1,0,1,1,1,0,0,0,1,0,0,0,0,0.3888888888888889,13.476537464642997,1
55,0,1,1,0,1,1,1,0,0,1,0,1,0,1,0,1,0,0,1,0,0,1,1,1,0,1,1,1,0,1,0,1,0,0,0,0,0.3055555555555556,18.12825680074305,1
56,0,1,0,0,1,1,1,1,0,1,1,1,0,1,0,1,0,0,1,0,0,1,1,1,0,1,1,1,0,0,0,1,0,0,0,0,0.3055555555555556,21.772022685389658,1
57,1,1,0,0,1,0,1,1,0,1,1,1,0,1,0,1,0,0,1,0,0,1,1,1,0,1,1,1,0,0,0,1,0,0,0,0,0.3333333333333333,17.721415648534144,1
58,1,1,0,0,1,1,1,1,0,0,1,1,0,0,0,1,0,0,1,0,0,1,1,1,0,1,1,1,1,0,0,1,0,0,0,0,0.3611111111111111,14.12233287138516,1
59,0,1,1,0,1,1,1,0,0,1,1,1,0,1,0,1,0,0,1,0,0,1,1,1,0,1,1,1,0,0,0,1,0,0,0,0,0.3888888888888889,20.019443192673073,1
60,1,1,0,0,1,1,1,0,0,0,1,1,0,0,0,1,0,0,1,0,0,1,1,1,0,1,1,1,1,0,0,1,0,0,0,0,0.3333333333333333,13.164305570214593,1
61,0,1,1,1,0,0,0,0,1,1,0,0,1,0,1,0,1,1,0,1,1,0,0,1,1,0,0,0,1,0,1,0,1,1,1,1,0.3055555555555556,17.231924247639164,1
62,1,1,0,0,1,0,1,1,0,0,1,1,0,0,0,1,0,0,1,0,0,1,1,1,0,1,1,1,1,0,0,1,0,0,0,0,0.3333333333333333,12.690533620152662,1
63,0,1,0,1,0,0,0,0,1,1,0,0,1,0,1,0,1,1,0,1,1,0,0,1,1,0,0,0,1,0,1,0,1,0,1,1,0.3055555555555556,11.51514903517383,1
64,1,0,1,0,1,1,1,1,0,0,0,1,0,1,0,1,0,0,1,0,0,1,1,1,0,1,1,1,0,0,0,1,0,0,0,0,0.2777777777777778,13.001489517470022,1
65,0,0,0,1,0,0,0,0,1,0,0,0,1,0,1,0,1,1,0,1,1,0,0,1,1,0,0,0,1,0,1,0,1,0,1,1,0.25,9.667686810563398,1
66,1,0,0,0,1,1,1,1,0,1,1,1,0,0,0,1,0,0,1,0,0,1,1,1,0,1,1,1,0,0,0,1,0,0,0,0,0.2777777777777778,14.189620271723113,1
67,0,0,0,0,1,1,1,0,0,1,1,1,0,1,0,1,0,0,1,0,0,1,1,1,0,1,1,1,0,0,0,1,0,0,0,0,0.3055555555555556,11.903596049057308,1
68,0,0,0,1,0,1,0,0,1,0,0,0,1,0,1,1,1,1,0,1,1,0,0,1,1,0,0,0,1,0,1,0,1,0,1,1,0.3333333333333333,11.090998401325768,1
69,1,1,1,0,1,0,1,0,0,0,1,1,0,0,0,1,1,0,1,0,0,1,1,1,0,1,1,1,0,0,0,1,0,0,0,0,0.3611111111111111,11.117229751871076,1
70,1,0,0,0,1,1,1,0,0,1,1,1,0,1,0,1,0,0,1,0,0,1,1,1,0,1,0,1,0,0,0,1,0,0,0,0,0.3888888888888889,12.987598479001386,1
71,0,1,0,0,1,1,1,0,0,0,1,1,0,1,0,1,0,0,1,0,0,1,1,1,0,1,0,1,1,0,0,1,0,0,0,0,0.3333333333333333,10.669358667098503,1
72,1,1,1,0,1,1,1,0,0,1,1,1,0,1,0,1,0,0,1,0,0,1,1,1,0,1,1,1,1,1,0,1,0,0,0,0,0.2777777777777778,21.045895822795288,1
73,1,0,0,0,1,1,1,1,0,0,1,1,0,1,0,1,0,0,1,0,0,1,1,1,0,1,1,1,0,0,0,1,0,0,0,0,0.3055555555555556,12.10098334536677,1
74,0,1,0,1,0,0,0,0,1,1,0,0,1,0,1,0,1,1,0,1,1,0,0,1,1,0,0,0,1,0,1,0,1,0,1,1,0.3333333333333333,11.51514903517383,1
75,0,0,0,1,0,1,0,0,1,1,0,0,1,1,1,0,1,1,0,1,1,0,0,1,1,0,0,0,1,1,1,0,1,0,1,1,0.3055555555555556,16.945553892682987,1
76,0,1,1,0,1,1,1,0,0,0,1,1,0,1,0,1,0,0,1,0,0,1,1,1,0,1,1,1,0,0,0,1,0,0,0,0,0.3611111111111111,13.476537464642997,1
77,1,0,0,0,1,0,1,0,0,1,1,1,0,1,0,1,0,0,1,0,0,1,1,1,0,1,1,1,0,0,0,1,0,0,0,0,0.3055555555555556,10.145279945421537,1
78,0,0,0,1,0,0,1,0,1,1,0,0,1,0,1,1,1,1,0,1,0,0,0,1,1,0,0,0,1,0,1,0,1,0,1,1,0.2777777777777778,11.697241358098255,1
79,1,1,0,0,1,1,1,1,0,0,1,1,0,1,0,1,0,0,1,0,0,1,1,1,0,1,1,1,1,0,1,1,0,0,0,0,0.3888888888888889,16.702178515146734,1
80,1,0,0,0,1,1,1,1,0,0,1,1,0,1,0,1,0,0,1,0,0,1,1,1,0,1,1,1,1,0,0,1,0,0,0,0,0.3611111111111111,11.768475037825462,1
81,0,1,0,0,1,1,1,0,0,0,1,1,0,1,0,1,0,0,1,0,0,1,1,1,0,1,1,1,1,0,0,1,0,0,0,0,0.4444444444444444,11.951256520390059,1
82,0,0,0,1,0,0,0,0,1,1,0,0,1,0,1,0,1,1,0,1,1,0,0,1,1,0,0,0,1,0,0,0,1,0,0,1,0.25,6.979079721964755,1
83,0,1,0,1,0,0,0,0,1,1,0,0,1,0,1,1,1,1,0,1,1,0,0,1,1,0,0,0,1,1,1,0,1,0,1,1,0.3055555555555556,18.877270357818357,1
84,0,1,0,1,0,0,0,0,1,0,0,0,1,0,1,1,1,1,0,1,1,0,0,1,1,0,0,0,1,1,0,0,1,0,1,1,0.25,13.704740566639494,1
85,1,0,1,0,1,1,1,1,0,1,0,1,0,1,0,1,0,0,1,0,0,1,1,1,0,1,0,1,1,0,0,1,0,0,0,0,0.3333333333333333,17.552097506955167,1
86,1,1,1,0,0,1,1,1,0,0,1,1,0,1,0,1,0,0,1,0,0,1,1,1,0,1,1,1,0,0,0,1,0,0,0,0,0.2777777777777778,17.896149850063217,1
87,0,1,0,1,0,0,0,0,1,0,1,1,1,0,1,1,1,1,0,1,1,0,0,1,1,0,0,0,1,1,1,0,1,1,1,1,0.3055555555555556,20.976927857945647,1
88,1,1,1,0,0,1,1,1,0,1,1,1,0,1,0,1,0,0,1,0,0,1,1,1,0,1,1,1,0,1,0,1,0,0,0,0,0.2777777777777778,22.73888711911759,1
89,0,1,1,1,0,0,0,0,1,1,0,0,1,0,1,0,1,1,0,1,1,0,0,1,1,0,0,0,1,0,1,0,1,1,1,1,0.3888888888888889,17.231924247639164,1
90,0,0,0,1,0,0,0,1,0,1,0,0,1,0,1,0,1,1,0,1,1,0,0,1,1,0,0,0,1,0,1,0,1,1,1,1,0.2777777777777778,14.46928545369816,1
91,0,0,1,1,0,1,0,0,1,0,0,0,1,0,1,0,1,1,0,1,0,0,0,1,1,0,0,0,1,0,1,0,1,1,1,1,0.25,12.71878759412252,1
92,0,0,0,1,0,1,0,1,1,0,0,0,0,0,1,1,1,1,0,1,0,0,0,0,1,0,0,0,1,1,0,0,1,0,1,1,0.25,14.3846806403009,1
93,1,1,1,0,1,0,1,0,0,0,1,1,0,0,0,1,0,0,1,0,0,1,1,1,0,1,0,1,0,0,0,1,0,0,0,0,0.3055555555555556,9.46664438832174,1
94,1,0,1,0,1,1,1,1,0,1,1,1,0,1,0,1,0,0,1,0,0,1,1,1,0,1,1,1,0,1,1,1,0,0,0,0,0.2777777777777778,18.75166760351982,1
95,0,1,0,1,0,1,0,1,0,0,0,0,1,0,1,1,1,1,0,1,1,0,0,0,1,0,0,0,0,1,1,0,1,0,1,1,0.3055555555555556,18.68990341329036,1
96,1,1,0,0,1,1,1,1,0,1,0,1,0,1,0,1,0,0,1,0,0,1,1,1,0,1,0,1,0,0,0,1,0,0,0,0,0.3333333333333333,24.903709967196374,1
97,0,0,1,0,1,1,1,0,0,0,1,0,0,0,0,1,0,0,1,0,0,1,1,1,0,1,1,1,0,0,0,1,0,0,0,0,0.3611111111111111,14.21658064177659,1
98,0,1,1,0,1,1,1,0,0,1,1,0,0,1,0,1,0,0,1,0,0,1,1,1,0,1,0,1,0,0,0,1,0,0,0,0,0.3888888888888889,16.865509750208673,1
99,1,1,1,0,1,1,1,0,0,1,1,1,0,1,0,1,0,0,1,0,0,1,1,1,0,1,1,1,1,0,0,1,0,0,0,0,0.4444444444444444,21.82050434085068,1
