,0,1,2,3,4,5,6,7,8,9,10,11,12,13,14,15,16,17,18,19,20,21,22,23,24,25,26,27,28,29,30,31,32,33,34,35,chain_break_fraction,energy,num_occurrences
0,0,0,0,0,1,0,0,1,0,1,0,1,0,1,0,1,0,1,1,0,1,0,1,0,0,1,0,0,0,0,0,0,1,0,1,0,0.3055555555555556,16.365082061500487,1
1,0,0,0,0,1,0,0,1,0,1,0,1,0,1,0,1,0,1,1,0,1,0,1,0,0,1,0,0,0,0,0,0,1,1,1,0,0.3055555555555556,14.665369674562486,1
2,0,0,0,0,1,0,0,1,0,1,0,1,0,1,0,1,0,1,1,0,1,0,1,0,0,1,0,0,0,0,0,0,1,1,1,0,0.3333333333333333,14.665369674562486,1
3,0,0,0,0,1,0,0,1,0,0,0,1,0,1,0,1,0,1,1,0,0,0,1,0,0,1,0,0,0,0,0,0,1,0,1,0,0.2777777777777778,12.267100540922842,1
4,0,0,0,0,1,0,0,1,0,1,0,1,0,1,0,1,0,1,1,0,0,1,1,0,0,1,0,0,0,0,0,0,1,1,1,0,0.3333333333333333,14.245265550632494,1
5,0,0,0,0,1,0,0,1,0,1,0,1,0,1,0,1,0,1,1,0,1,0,1,0,0,1,0,0,0,0,0,0,1,1,1,0,0.3333333333333333,14.665369674562486,1
6,0,0,0,0,1,0,0,0,0,1,0,1,0,1,0,1,0,1,1,0,0,0,1,0,0,1,0,0,0,0,0,0,1,1,1,0,0.3055555555555556,11.557897046010778,1
7,0,0,0,0,1,0,0,1,0,1,0,1,0,1,0,1,0,1,1,0,0,0,1,0,0,1,0,0,0,0,0,0,1,0,1,0,0.3055555555555556,19.82117937685684,1
8,0,0,0,0,1,0,0,1,0,1,0,1,0,1,0,1,0,1,1,0,1,0,1,0,0,1,0,0,0,0,0,0,1,0,1,0,0.3333333333333333,16.365082061500487,1
9,0,0,0,0,1,1,0,1,0,1,0,1,0,1,0,1,0,1,1,0,1,0,1,0,0,1,0,0,0,0,0,0,1,1,1,0,0.2777777777777778,22.227945694740658,1
10,0,0,0,0,1,0,0,1,0,1,0,1,0,1,0,1,0,1,1,0,1,1,1,0,0,1,0,0,0,0,0,0,1,1,1,0,0.3888888888888889,13.825161426702554,1
11,0,0,0,0,1,0,0,1,0,1,0,1,0,1,0,1,0,1,1,0,1,0,1,0,0,0,0,0,0,0,0,0,1,1,1,0,0.2777777777777778,17.147286708038266,1
12,0,0,0,0,1,0,0,1,0,1,0,1,0,1,0,1,0,1,1,0,1,0,1,1,0,1,0,0,0,0,0,0,1,1,1,0,0.3055555555555556,13.083488406176404,1
13,0,0,0,0,1,0,0,0,0,1,0,1,0,1,0,1,0,1,1,0,0,1,1,1,0,1,0,0,0,0,0,0,1,1,1,0,0.3333333333333333,12.765077571803905,1
14,0,0,0,0,1,0,0,1,0,1,0,1,0,1,0,1,0,1,1,0,0,1,1,0,0,1,0,0,0,0,0,0,1,1,1,0,0.2777777777777778,14.245265550632494,1
15,0,0,0,0,1,0,0,1,0,1,0,1,0,1,0,1,0,1,1,0,1,0,1,0,0,1,0,0,0,0,0,0,1,1,1,0,0.25,14.665369674562486,1
16,0,0,0,0,1,0,0,1,0,1,0,1,0,1,0,1,0,1,1,0,0,0,1,1,0,1,0,0,0,0,0,0,1,1,1,0,0.3333333333333333,13.878347477165159,1
17,0,0,0,0,1,0,0,0,0,1,0,1,0,1,0,1,0,1,1,0,1,0,1,0,0,1,0,0,0,0,0,0,1,1,1,0,0.3611111111111111,10.137847833802558,1
18,0,0,0,0,1,0,0,1,0,1,0,1,0,1,0,1,0,1,1,0,0,0,1,0,0,1,0,0,0,0,0,0,1,0,1,0,0.2777777777777778,19.82117937685684,1
19,0,0,0,0,1,0,0,1,0,1,0,1,0,1,0,1,0,1,1,0,0,0,1,0,0,1,0,0,0,0,0,0,1,1,1,0,0.3055555555555556,17.08547379849243,1
20,0,0,0,0,1,0,0,1,0,1,0,1,0,1,0,1,0,1,1,0,1,0,1,1,0,1,0,0,0,0,0,0,1,0,1,0,0.25,12.680986457181383,1
21,0,0,0,0,1,0,0,1,0,1,0,1,0,1,0,1,0,1,1,0,0,1,1,0,1,1,0,0,0,0,0,0,1,1,1,0,0.3055555555555556,14.504724679456768,1
22,0,0,0,0,0,0,0,1,0,1,0,1,0,1,0,1,0,1,1,0,1,1,1,0,0,1,0,0,0,0,0,0,1,0,1,0,0.3055555555555556,11.644605331434752,1
23,0,0,0,0,1,0,0,0,0,1,0,1,0,1,0,1,0,1,1,0,1,0,1,0,0,1,0,0,0,0,0,0,1,1,1,0,0.3611111111111111,10.137847833802558,1
24,0,0,0,0,1,0,0,1,0,1,0,1,0,1,0,1,0,1,1,0,1,0,1,1,0,1,0,0,0,0,0,0,1,1,1,0,0.2777777777777778,13.083488406176404,1
25,0,0,0,0,1,0,0,1,0,1,0,1,0,1,0,1,0,1,1,0,0,1,1,1,0,1,0,0,0,0,0,0,1,0,1,0,0.3611111111111111,12.850134194766193,1
26,0,0,0,0,0,1,0,0,0,1,0,1,0,1,0,1,1,1,1,0,1,0,1,1,0,1,0,0,0,0,0,0,1,1,1,0,0.2777777777777778,11.61208266086171,1
27,0,0,0,0,1,0,0,1,0,1,0,1,0,1,0,1,0,1,1,0,0,0,1,0,1,1,0,0,0,0,0,0,1,1,1,0,0.2777777777777778,16.344097636192377,1
28,0,0,0,0,1,1,0,1,0,1,0,1,0,1,0,1,0,1,1,0,1,0,1,0,0,1,0,0,0,0,0,0,1,0,1,0,0.3611111111111111,25.981956868068274,1
29,0,0,0,0,1,0,0,1,0,1,0,1,0,1,0,1,0,1,1,0,0,1,1,0,1,1,0,0,0,0,0,0,1,0,1,0,0.2777777777777778,13.718637088987524,1
30,0,0,0,0,0,0,0,1,0,1,0,1,0,1,0,1,0,1,1,0,0,0,1,0,1,1,0,0,0,0,0,0,1,0,1,0,0.25,14.875542665735999,1
31,0,0,0,0,1,0,0,1,0,1,0,1,0,1,0,1,0,1,1,0,1,1,1,1,0,0,0,0,0,0,0,0,1,0,1,0,0.25,14.393609773839763,1
32,0,0,0,0,1,0,0,0,0,1,0,1,0,1,0,1,0,1,1,0,1,0,1,0,1,1,0,0,0,0,0,0,1,0,1,0,0.2777777777777778,9.150485689790145,1
33,0,0,0,0,1,0,0,0,0,1,0,1,0,1,0,1,0,1,1,0,1,0,1,1,0,1,0,0,0,0,0,0,1,0,1,0,0.3055555555555556,8.152321538242616,1
34,0,0,0,0,1,0,0,1,0,1,0,1,0,1,0,1,0,1,1,0,1,0,1,0,0,1,0,0,0,0,0,0,1,1,1,0,0.3333333333333333,14.665369674562486,1
35,0,0,0,0,1,0,0,1,0,1,0,1,0,1,0,1,0,1,1,0,0,1,1,0,1,1,0,0,0,0,0,0,1,1,1,0,0.25,14.504724679456768,1
36,0,0,0,0,1,0,0,1,0,1,0,1,0,1,0,1,0,1,1,0,1,0,1,0,0,0,0,0,0,0,0,0,1,1,1,0,0.3611111111111111,17.147286708038266,1
37,0,0,0,0,1,0,0,1,0,1,0,1,0,1,0,1,0,1,1,0,1,0,1,0,0,0,0,0,0,0,0,0,1,1,1,0,0.3333333333333333,17.147286708038266,1
38,0,0,0,0,1,0,0,0,0,1,0,1,0,1,0,1,1,1,1,0,0,0,1,1,0,1,0,0,0,0,0,0,1,0,1,0,0.3055555555555556,10.06105981304873,1
39,0,0,0,0,1,0,0,1,0,1,0,1,0,1,0,1,0,1,1,0,1,1,1,0,0,1,0,0,0,0,0,0,1,1,1,0,0.3611111111111111,13.825161426702554,1
40,0,0,0,0,1,0,0,1,0,1,0,1,0,1,0,1,0,1,1,0,0,1,1,0,0,1,0,0,0,0,0,0,1,0,1,0,0.3611111111111111,14.90898474614409,1
41,0,0,0,0,1,0,0,1,0,1,0,1,0,1,0,1,0,1,1,0,1,0,1,1,0,1,0,0,0,0,0,0,1,1,1,0,0.3055555555555556,13.083488406176404,1
42,0,0,0,0,0,0,0,1,0,1,0,1,0,1,0,1,0,1,1,0,1,0,1,0,0,0,1,0,0,0,0,0,1,0,1,0,0.19444444444444445,15.246272147982188,1
43,0,0,0,0,1,0,0,0,0,1,0,1,0,1,0,1,1,1,1,0,1,0,1,1,0,1,0,0,0,0,0,0,1,0,1,0,0.25,8.544643321610636,1
44,0,0,0,0,1,0,0,1,0,1,0,1,0,1,0,1,0,1,1,0,0,0,1,0,0,0,0,0,0,0,0,0,1,0,1,0,0.2222222222222222,26.203545273418634,1
45,0,0,0,0,1,0,0,1,0,1,0,1,0,1,0,1,0,1,1,0,1,0,1,0,0,1,0,0,0,0,0,0,1,0,1,0,0.3333333333333333,16.365082061500487,1
46,0,0,0,0,1,0,0,1,0,1,0,1,0,1,0,1,0,1,1,0,1,0,1,1,1,1,0,0,0,0,0,0,1,0,1,0,0.2777777777777778,11.992987245312701,1
47,0,0,0,0,1,0,0,1,0,1,0,1,0,1,0,1,1,1,1,0,0,1,1,0,0,1,0,0,0,0,0,0,1,1,1,0,0.2777777777777778,15.805344032793245,1
48,0,0,0,0,1,0,0,1,0,1,0,1,0,1,0,1,0,1,1,0,1,0,1,0,0,0,0,0,0,0,0,0,1,0,1,0,0.2777777777777778,21.746612666937953,1
49,0,0,0,0,1,0,0,1,0,1,0,1,0,1,0,1,0,1,1,0,1,0,1,0,0,1,0,0,0,0,0,0,1,1,1,0,0.2777777777777778,14.665369674562486,1
50,0,0,0,0,0,0,0,1,0,1,0,1,0,1,0,1,0,1,1,0,0,1,1,0,0,1,0,0,0,0,0,0,1,1,1,0,0.2222222222222222,12.964055192508859,1
51,0,0,0,0,1,0,0,1,0,1,0,1,0,1,0,1,0,1,1,0,0,0,1,0,0,1,0,0,0,0,0,0,1,0,1,0,0.3611111111111111,19.82117937685684,1
52,0,0,0,0,1,0,0,1,0,1,0,1,0,1,0,1,0,1,1,0,1,0,1,1,0,1,0,0,0,0,0,0,1,1,1,0,0.3333333333333333,13.083488406176404,1
53,0,0,0,0,1,1,0,0,0,1,0,1,0,1,0,1,0,1,1,0,1,1,1,0,0,1,0,0,0,0,0,0,1,1,1,0,0.3333333333333333,13.65496386192024,1
54,0,0,0,0,1,0,0,1,0,1,0,1,0,1,0,1,0,1,1,0,0,0,1,0,1,1,0,0,0,0,1,0,1,1,1,0,0.25,15.93866379201955,1
55,0,0,0,0,1,0,0,0,0,1,0,1,0,1,0,1,0,1,1,0,0,0,1,0,0,0,0,0,0,0,0,0,1,1,1,0,0.3055555555555556,13.023151339407704,1
56,1,0,0,0,1,0,0,1,0,1,0,1,0,1,0,1,0,1,1,0,0,0,1,0,0,1,0,0,0,0,0,0,1,0,1,0,0.3055555555555556,24.066435430183354,1
57,0,0,0,0,1,0,0,1,0,1,0,1,0,1,0,1,0,1,1,0,1,0,1,0,0,1,0,0,0,0,0,0,1,0,1,0,0.3055555555555556,16.365082061500487,1
58,0,0,0,0,1,1,0,1,0,1,0,1,0,1,0,1,0,1,1,0,1,0,1,0,0,1,0,0,0,0,0,0,1,1,1,0,0.3888888888888889,22.227945694740658,1
59,0,0,0,0,1,0,0,0,0,1,0,1,0,1,0,1,0,1,1,0,1,0,0,0,0,1,0,0,0,0,0,0,1,1,1,0,0.3055555555555556,11.926830885168371,1
60,0,0,0,0,1,0,0,1,0,1,0,1,0,1,0,1,0,1,1,0,0,1,1,0,1,1,0,0,0,0,0,0,1,1,1,0,0.3611111111111111,14.504724679456768,1
61,0,0,0,0,1,0,0,1,0,1,0,1,0,1,0,1,0,1,1,0,0,0,1,0,0,1,0,0,0,0,0,0,1,1,1,0,0.3333333333333333,17.08547379849243,1
62,0,0,0,0,1,0,0,0,0,1,0,1,0,1,0,1,0,1,1,0,0,1,1,1,0,1,0,0,0,0,0,0,1,1,1,0,0.3611111111111111,12.765077571803905,1
63,0,0,0,0,1,0,0,1,0,1,0,1,0,1,0,1,0,1,1,0,1,0,1,1,0,1,0,0,0,0,1,0,1,1,1,0,0.25,13.57893134909548,1
64,0,0,0,0,0,0,0,1,0,1,1,1,0,1,0,1,0,1,1,0,1,1,1,0,0,1,0,0,0,0,0,0,1,0,1,0,0.25,14.329012788814781,1
65,0,0,0,0,0,0,0,1,0,1,0,1,0,1,0,1,1,1,1,0,0,0,1,1,0,1,0,0,0,0,0,0,1,1,1,0,0.3055555555555556,13.16234925624065,1
66,0,0,0,0,1,0,0,1,0,1,0,1,0,1,0,1,0,1,1,0,0,1,1,0,1,1,0,0,0,0,0,0,0,0,1,0,0.3333333333333333,15.325593293752904,1
67,0,0,0,0,1,0,0,1,0,1,0,1,0,1,0,1,0,1,1,0,1,1,1,0,1,1,0,0,0,0,0,0,1,1,1,0,0.3333333333333333,14.585038201088992,1
68,0,0,0,0,1,0,0,1,0,1,0,1,1,1,0,1,0,1,1,0,0,1,1,0,0,1,0,0,0,0,0,0,1,0,1,0,0.2222222222222222,18.837717469379136,1
69,0,0,0,0,1,0,0,0,0,1,0,0,0,1,0,1,0,1,1,0,0,0,1,0,0,1,0,0,0,0,1,0,1,1,1,0,0.25,9.72902247981447,1
70,0,0,0,0,1,0,0,0,0,1,0,1,0,1,0,1,0,1,1,0,1,0,1,0,1,1,0,0,0,0,0,0,1,0,1,0,0.3888888888888889,9.150485689790145,1
71,0,0,0,0,1,0,0,1,0,1,0,1,0,1,0,1,0,1,1,0,0,1,1,0,1,1,0,0,0,0,0,0,1,1,1,0,0.3333333333333333,14.504724679456768,1
72,0,0,0,0,1,0,0,1,0,1,0,1,0,1,0,1,0,1,1,0,1,1,1,0,0,1,1,0,0,0,0,0,1,0,1,0,0.2777777777777778,12.661781237803831,1
73,0,0,0,0,1,0,0,0,0,1,0,1,0,1,0,1,1,1,1,0,0,0,1,0,0,1,0,0,0,0,0,0,1,1,1,0,0.2777777777777778,13.485750073847644,1
74,0,0,0,0,1,0,0,1,0,1,0,1,0,1,0,1,0,1,1,0,0,0,1,0,0,1,0,0,0,0,0,0,1,1,1,0,0.3055555555555556,17.08547379849243,1
75,0,0,0,0,1,0,0,1,0,1,0,1,0,1,0,1,1,1,1,0,1,1,1,0,0,1,0,0,0,0,0,0,1,1,1,0,0.3333333333333333,14.699620768118608,1
76,0,0,0,0,1,0,0,1,0,1,0,0,0,1,0,1,0,1,1,0,0,1,1,0,0,1,0,0,0,0,0,0,0,1,1,0,0.2777777777777778,10.34664385029954,1
77,0,0,0,0,1,0,0,1,0,1,0,1,0,1,0,1,0,1,1,0,0,1,1,1,0,1,0,0,0,0,0,0,1,1,1,0,0.3055555555555556,14.28862933518762,1
78,0,0,0,0,1,0,0,1,0,1,0,1,0,1,0,1,0,1,1,0,0,1,1,1,0,1,0,0,0,0,0,0,1,1,1,0,0.3333333333333333,14.28862933518762,1
79,0,0,0,0,0,0,0,1,0,1,0,1,0,1,0,0,0,1,1,0,1,0,1,0,0,1,0,0,0,0,0,0,1,0,1,0,0.2777777777777778,8.124266889333203,1
80,0,0,0,0,1,0,0,1,0,1,0,1,0,1,0,1,0,1,1,0,1,0,1,0,0,1,0,0,0,0,0,0,1,0,0,0,0.3055555555555556,19.1249728922977,1
81,0,0,0,0,1,0,0,0,0,1,0,1,1,1,0,1,0,1,1,0,1,0,1,0,0,0,0,0,1,0,1,0,1,0,1,0,0.19444444444444445,10.490978948015815,1
82,0,0,0,0,0,0,0,1,0,1,0,1,0,1,0,1,1,1,1,0,0,1,1,0,0,1,0,0,0,0,0,0,1,1,1,0,0.25,14.022596132781802,1
83,1,0,0,0,0,0,0,0,0,1,0,1,0,1,0,1,0,1,1,0,0,0,1,1,0,1,1,0,0,0,0,0,1,0,1,0,0.2777777777777778,9.849934778580815,1
84,0,0,0,0,1,0,0,1,0,1,0,1,0,1,0,1,0,1,1,0,1,0,1,0,0,1,0,0,0,0,0,0,1,1,0,0,0.3333333333333333,16.134921477668605,1
85,1,0,0,0,1,0,0,0,0,1,0,1,0,1,0,1,0,1,1,0,0,0,1,0,0,1,0,0,0,0,0,0,1,0,1,0,0.3055555555555556,15.533800433574525,1
86,0,0,0,0,1,0,0,1,0,1,0,1,0,1,0,1,0,1,1,0,0,1,1,0,0,1,0,0,0,0,0,0,1,1,1,0,0.3333333333333333,14.245265550632494,1
87,0,0,0,0,1,0,0,0,0,1,0,0,0,1,0,1,0,1,1,0,1,1,1,0,0,0,0,0,0,0,0,0,1,1,1,0,0.3055555555555556,7.590148803512982,1
88,0,0,0,0,1,0,0,1,0,1,0,1,0,1,0,1,0,1,1,0,1,1,1,0,0,1,0,0,0,0,1,0,0,0,1,0,0.25,12.942561516569597,1
89,0,0,0,0,0,0,0,1,0,1,0,1,0,1,0,1,0,1,1,0,0,0,1,0,0,1,0,0,1,0,0,0,0,0,1,0,0.25,15.57442874452963,1
90,0,0,0,0,1,0,0,1,0,1,0,1,0,1,0,1,0,1,1,0,1,0,1,0,0,0,0,0,0,0,0,0,1,1,1,0,0.3333333333333333,17.147286708038266,1
91,1,0,0,0,1,0,0,1,0,1,0,1,0,1,0,1,0,1,1,0,0,1,1,0,1,1,0,0,0,0,0,0,1,0,1,0,0.3055555555555556,16.46340508502271,1
92,0,0,0,0,1,1,0,1,0,1,0,1,0,1,0,1,0,1,1,0,1,1,1,0,1,1,0,0,0,0,0,0,1,1,1,0,0.3333333333333333,19.039181028586558,1
93,0,0,0,0,1,0,0,0,0,1,0,1,0,1,0,1,1,1,1,0,1,0,0,1,0,1,1,0,1,0,0,0,1,0,1,0,0.2777777777777778,7.73334704651435,1
94,0,0,0,0,1,0,1,0,0,1,0,1,0,1,0,1,0,1,1,0,1,0,1,0,0,1,0,0,0,0,0,0,1,1,1,0,0.3611111111111111,11.401608754182517,1
95,0,0,0,0,1,0,0,1,0,1,0,1,0,1,0,1,0,1,1,0,0,1,1,0,0,1,0,0,0,0,0,0,1,0,1,0,0.4722222222222222,14.90898474614409,1
96,0,0,0,0,1,0,0,1,0,1,0,1,0,1,0,1,0,1,1,0,0,0,1,0,0,1,1,0,0,0,0,0,1,0,1,0,0.2777777777777778,17.33112689429769,1
97,0,0,0,0,1,0,1,1,0,1,0,1,0,1,0,1,0,1,0,0,1,0,1,0,0,1,0,0,0,0,0,0,1,1,1,0,0.3055555555555556,19.991256282791884,1
98,0,0,0,0,1,1,0,1,0,1,0,1,0,1,0,1,0,1,1,0,0,0,1,1,0,1,0,0,0,0,0,0,1,0,1,0,0.3888888888888889,23.122947581340313,1
99,0,0,0,0,1,0,0,0,0,1,1,0,0,1,0,1,0,1,1,0,1,0,1,0,0,1,0,0,0,0,0,0,0,0,1,0,0.1388888888888889,7.9241176532779045,1
