,0,1,2,3,4,5,6,7,8,9,10,11,12,13,14,15,16,17,18,19,20,21,22,23,24,25,26,27,28,29,30,31,32,33,34,35,chain_break_fraction,energy,num_occurrences
0,1,0,0,1,0,0,0,0,0,1,1,1,1,0,0,0,1,0,1,1,0,1,1,0,0,0,0,1,1,0,0,0,0,1,0,0,0.2777777777777778,7.805273977047987,1
1,1,0,0,1,0,0,1,0,0,1,1,1,1,1,0,0,1,0,1,1,0,1,1,0,0,0,0,1,1,0,1,0,0,1,0,0,0.4166666666666667,9.977416443129037,1
2,1,0,0,1,0,0,0,0,0,1,1,1,1,0,0,0,1,0,1,1,0,1,1,0,0,0,0,1,1,0,0,0,0,1,0,0,0.3333333333333333,7.805273977047987,1
3,1,0,0,1,0,0,0,0,0,1,1,1,1,1,0,0,1,0,1,1,0,1,1,0,0,0,0,1,1,0,1,0,0,1,0,0,0.3611111111111111,9.612174177675358,1
4,1,0,0,1,0,0,1,0,0,1,1,1,1,0,0,0,1,0,1,1,0,1,1,0,0,0,0,1,1,0,0,0,0,1,0,0,0.3611111111111111,7.667514534480572,1
5,1,0,0,1,0,0,0,0,0,1,1,1,1,1,0,0,1,0,1,1,0,1,1,0,0,0,0,1,1,0,1,0,0,1,0,0,0.3888888888888889,9.612174177675358,1
6,1,0,0,1,0,0,1,0,0,1,1,1,1,0,0,0,1,0,1,1,0,1,1,0,0,0,0,1,1,0,1,0,0,1,0,0,0.4166666666666667,8.661484959524728,1
7,1,0,0,1,0,0,1,0,0,1,1,1,1,1,0,0,1,0,1,1,0,1,1,0,0,0,0,1,1,0,1,0,0,0,0,0,0.4166666666666667,11.41531534227852,1
8,1,0,0,1,0,0,0,0,0,1,1,1,1,1,0,0,1,0,1,1,0,1,1,0,0,0,0,1,1,1,0,0,0,1,0,0,0.3055555555555556,10.954196776226333,1
9,1,0,0,1,0,0,1,0,0,1,1,1,1,1,0,0,0,0,1,1,0,1,1,0,0,0,0,1,1,0,1,0,0,1,0,0,0.4166666666666667,10.002159275065175,1
10,1,0,0,1,0,0,1,0,0,1,1,1,1,0,0,0,1,0,1,1,0,1,1,0,0,0,0,1,1,0,0,0,0,1,0,0,0.3055555555555556,7.667514534480572,1
11,1,0,0,1,0,0,1,0,0,1,1,1,1,1,0,0,1,0,1,1,0,1,1,0,0,0,0,1,1,1,1,0,0,1,0,0,0.3611111111111111,11.766754275144613,1
12,1,0,0,1,0,0,0,0,0,1,1,1,1,1,0,0,1,0,1,1,0,0,1,0,0,0,0,1,1,0,0,0,0,0,0,0,0.2777777777777778,12.816582259334748,1
13,1,0,0,1,0,0,0,0,0,1,1,1,1,0,0,0,1,0,1,1,0,1,1,0,0,0,0,1,1,0,0,0,0,0,0,0,0.3333333333333333,6.7438843659519225,1
14,1,0,0,1,0,0,1,0,0,1,1,1,1,1,0,0,0,0,1,1,0,1,1,0,0,0,0,1,1,0,0,0,0,1,0,0,0.3333333333333333,9.551533176736587,1
15,1,0,0,1,0,0,1,0,0,1,1,1,1,1,0,0,0,0,1,1,0,1,1,0,0,0,0,1,1,0,1,0,0,1,0,0,0.3611111111111111,10.002159275065175,1
16,1,0,0,1,0,0,0,0,0,1,1,1,1,0,0,0,1,0,1,1,0,1,1,0,0,0,0,1,1,1,1,0,0,1,0,0,0.2777777777777778,14.088811664253171,1
17,1,0,0,1,0,0,1,0,0,1,1,1,1,0,0,0,1,0,1,1,0,1,1,0,0,0,0,1,1,0,1,0,0,0,0,0,0.3611111111111111,7.3794086365539835,1
18,1,0,0,1,0,0,0,0,0,1,1,1,1,1,0,0,1,0,1,1,0,1,1,0,0,0,0,1,1,1,1,0,0,0,0,0,0.3611111111111111,10.799256524099983,1
19,1,0,0,1,0,0,1,0,0,1,1,1,1,1,0,0,1,0,1,1,0,1,0,0,0,0,0,1,1,0,1,0,0,1,0,0,0.4166666666666667,10.542376482174106,1
20,1,0,0,1,0,0,0,0,0,1,1,1,1,1,0,0,1,0,1,1,0,1,1,0,0,0,0,1,1,1,1,0,0,1,0,0,0.3611111111111111,12.401512533300629,1
21,1,0,0,1,0,0,0,0,0,1,1,1,1,0,0,0,1,0,1,1,0,1,1,0,0,0,0,1,1,0,1,0,0,0,0,0,0.2777777777777778,6.977277488125926,1
22,1,0,0,1,0,0,0,0,0,1,1,1,1,1,0,0,1,0,1,1,0,1,1,0,0,0,0,1,1,0,1,0,0,0,0,0,0.3611111111111111,10.009953610407191,1
23,1,0,0,1,0,0,0,0,0,1,1,1,1,0,0,0,1,0,1,1,0,1,1,0,0,0,0,1,1,0,1,0,0,0,0,0,0.3333333333333333,6.977277488125926,1
24,1,0,0,1,0,0,0,0,0,1,1,1,1,0,0,0,1,0,1,1,0,1,1,0,0,0,0,1,1,1,1,0,0,1,0,0,0.3611111111111111,14.088811664253171,1
25,1,0,0,1,0,0,1,0,0,1,1,1,1,1,0,0,1,0,1,1,0,1,1,0,0,0,0,1,1,1,1,0,0,1,0,0,0.3611111111111111,11.766754275144613,1
26,1,0,0,1,0,0,1,0,0,1,1,1,1,0,0,0,1,0,1,1,0,1,1,0,0,0,0,1,1,0,1,0,0,1,0,0,0.3611111111111111,8.661484959524728,1
27,1,0,0,1,0,0,0,0,0,1,1,1,1,0,0,0,1,0,1,1,0,1,0,0,0,0,0,1,1,0,0,0,0,1,0,0,0.3055555555555556,7.369765688314824,1
28,1,0,0,1,0,0,1,0,0,1,1,1,1,1,0,0,1,0,1,1,0,1,1,0,0,0,0,1,1,1,1,0,0,0,0,0,0.4166666666666667,11.204617732361617,1
29,1,0,0,1,0,0,1,0,0,1,1,1,1,0,0,0,1,0,1,1,0,1,1,0,0,0,0,1,1,0,1,0,0,1,0,0,0.4444444444444444,8.661484959524728,1
30,1,0,0,1,0,0,0,0,0,1,1,1,1,0,0,0,1,0,1,1,0,1,1,0,0,0,0,1,1,0,0,0,0,0,0,0,0.3055555555555556,6.7438843659519225,1
31,1,0,0,1,0,0,0,0,0,1,1,1,1,1,0,0,1,0,1,1,0,0,1,0,0,0,0,1,1,0,1,0,0,1,0,0,0.3333333333333333,8.537023272908828,1
32,1,0,0,1,0,0,1,0,0,1,1,1,1,0,0,0,1,0,1,1,0,1,1,0,0,0,0,1,1,0,0,0,0,1,0,0,0.3611111111111111,7.667514534480572,1
33,1,0,0,1,0,0,1,0,0,1,1,1,1,1,0,0,1,0,1,1,0,1,0,0,0,0,0,1,1,0,1,0,0,0,0,0,0.3333333333333333,12.981246059006562,1
34,1,0,0,1,0,0,0,0,0,1,1,1,1,1,0,0,0,0,1,1,0,1,1,0,0,0,0,1,1,0,0,0,0,0,0,0,0.3611111111111111,9.844630624285042,1
35,1,0,0,1,0,0,1,0,0,1,1,1,1,0,1,0,1,0,1,1,0,1,1,0,0,0,0,1,1,0,0,0,0,0,0,0,0.3333333333333333,8.236518183495505,1
36,1,0,0,1,0,0,1,0,0,1,1,1,1,1,0,0,1,0,1,1,0,1,1,0,0,0,1,1,1,0,0,0,0,0,0,0,0.3333333333333333,11.079121068195773,1
37,1,0,0,1,0,0,0,0,0,1,1,1,1,1,0,0,1,0,1,1,0,1,1,0,0,0,0,1,1,1,0,0,0,1,0,0,0.3888888888888889,10.954196776226333,1
38,1,0,0,1,0,0,1,0,0,1,1,1,1,1,0,0,1,0,1,1,0,1,1,0,0,0,0,1,1,0,0,0,0,1,0,0,0.3611111111111111,10.031164852601245,1
39,0,0,0,1,0,0,1,0,0,1,1,1,1,0,0,0,1,0,1,1,0,0,1,0,0,0,0,1,1,0,0,0,0,1,0,0,0.3333333333333333,6.765579767605082,1
40,1,0,0,1,0,0,1,1,0,1,1,1,1,0,0,0,1,0,1,1,0,1,1,0,0,0,0,1,1,0,1,0,0,1,0,0,0.3611111111111111,11.385508323545523,1
41,1,0,0,1,0,0,1,0,0,1,1,1,1,0,0,0,1,0,1,1,0,1,1,0,0,0,0,1,1,0,1,0,0,0,0,0,0.3333333333333333,7.3794086365539835,1
42,1,0,0,1,0,0,0,0,0,1,1,1,1,0,0,0,1,0,1,1,0,1,0,0,0,0,0,1,1,0,0,0,0,1,0,0,0.3055555555555556,7.369765688314824,1
43,1,0,0,1,0,0,1,0,0,1,1,1,1,1,0,0,1,0,1,1,0,1,1,0,0,0,0,1,1,0,1,0,0,0,0,0,0.3888888888888889,11.41531534227852,1
44,1,0,0,1,0,0,0,0,0,1,1,1,1,1,0,0,1,0,1,0,1,1,1,0,0,0,0,1,1,0,0,0,0,1,0,0,0.3888888888888889,8.323722286991716,1
45,1,0,0,1,0,0,0,0,0,1,1,1,1,0,0,0,1,0,1,1,0,1,1,0,0,0,0,1,1,0,1,0,0,1,0,0,0.4166666666666667,9.299473277514322,1
46,0,0,0,1,0,0,0,0,0,1,1,1,1,0,0,0,1,0,1,1,0,1,1,0,0,0,0,1,1,1,0,0,0,1,0,0,0.3611111111111111,14.62563448430433,1
47,1,0,0,1,0,0,0,0,0,1,1,0,1,1,0,0,1,0,1,1,0,0,1,0,0,0,0,1,1,1,1,0,0,0,0,0,0.3055555555555556,7.467973347818121,1
48,1,0,0,1,0,0,0,0,0,1,1,1,1,1,0,0,1,0,1,1,0,1,1,0,0,0,0,1,1,1,1,0,0,0,0,0,0.3888888888888889,10.799256524099983,1
49,1,0,0,1,0,0,1,0,0,1,1,1,1,0,0,0,0,0,1,1,0,1,1,0,0,0,0,1,1,0,1,0,0,0,0,0,0.2777777777777778,7.4041369538961375,1
50,1,0,0,1,0,0,0,0,0,1,1,0,1,1,0,0,1,0,1,1,0,1,1,0,0,0,0,1,1,0,0,0,0,0,0,0,0.3055555555555556,7.192225288952235,1
51,1,0,0,1,0,0,0,0,0,1,1,0,1,1,0,0,0,0,1,1,0,0,1,0,0,0,0,1,1,0,1,0,0,0,0,0,0.3055555555555556,5.843355132205622,1
52,1,0,0,1,0,0,1,0,0,1,1,1,1,1,0,0,1,0,1,1,1,1,1,0,0,0,0,1,1,0,1,0,0,1,0,0,0.4444444444444444,11.013886658336109,1
53,1,0,0,1,0,0,1,0,0,1,1,1,1,1,0,0,1,0,1,1,0,1,1,0,0,0,0,1,1,0,0,0,0,1,0,0,0.4444444444444444,10.031164852601245,1
54,1,0,0,1,0,0,1,0,0,1,1,1,1,0,0,0,1,0,1,1,0,0,0,0,0,0,0,1,1,0,0,0,0,1,0,0,0.3611111111111111,8.212971137423063,1
55,1,0,0,1,0,0,1,0,0,1,1,0,1,1,0,0,1,0,1,1,0,0,1,0,0,0,0,1,1,0,1,0,0,1,0,0,0.3333333333333333,6.261116631820931,1
56,1,0,0,1,0,0,0,0,0,1,1,1,0,1,0,0,1,0,1,1,0,1,1,0,0,0,0,1,1,0,0,0,0,0,0,0,0.3611111111111111,8.784081844350728,1
57,1,0,0,1,0,0,1,0,0,1,1,1,1,1,0,0,1,0,1,1,0,1,1,0,0,0,0,1,1,0,1,0,0,1,0,0,0.4166666666666667,9.977416443129037,1
58,1,0,0,1,0,0,0,0,0,1,1,1,1,1,0,0,0,0,1,1,0,0,1,0,0,0,0,1,1,1,1,0,0,0,0,0,0.3611111111111111,8.958550093488233,1
59,1,0,0,1,0,0,0,0,0,1,1,1,1,1,0,0,1,0,1,1,0,1,1,0,0,0,0,1,1,0,0,0,0,1,0,0,0.3888888888888889,9.165693711725387,1
60,1,0,0,1,0,0,1,0,0,1,1,1,1,1,0,0,1,0,1,1,0,1,1,0,0,0,0,1,1,0,0,0,0,1,0,0,0.4722222222222222,10.031164852601245,1
61,1,0,0,1,0,0,1,0,0,1,1,1,1,0,0,0,1,0,1,1,0,1,1,0,0,0,0,1,1,1,0,0,0,0,0,0,0.25,8.434711519874508,1
62,1,0,0,1,0,0,1,0,0,1,1,1,1,0,0,0,0,0,1,1,0,1,1,0,0,0,0,1,1,1,0,0,0,1,0,0,0.3333333333333333,11.976442850362773,1
63,1,0,0,1,0,0,0,0,0,1,1,0,1,0,0,0,0,0,1,1,0,0,1,0,0,0,0,1,1,0,0,0,0,1,0,0,0.3888888888888889,5.147167950060221,1
64,1,0,0,1,0,0,1,0,0,1,1,1,1,0,0,0,1,0,1,1,0,1,1,0,0,0,1,1,1,0,1,0,0,0,0,0,0.2777777777777778,7.879703587047411,1
65,1,0,0,1,0,0,1,0,0,1,1,1,1,0,0,0,1,0,1,1,0,1,1,0,0,0,0,1,1,1,0,0,0,1,0,0,0.3611111111111111,10.456017106485401,1
66,1,0,0,1,0,0,1,0,0,1,1,0,1,0,0,0,1,0,1,0,0,1,1,0,0,0,0,1,1,0,1,0,0,1,0,0,0.3333333333333333,4.250716106851833,1
67,1,0,0,1,0,0,1,0,0,1,1,0,1,0,0,0,1,0,1,0,0,1,0,0,0,0,0,1,1,0,1,0,0,1,0,0,0.3611111111111111,3.8314390502688878,1
68,0,1,1,1,1,1,1,1,1,0,0,1,0,0,1,1,0,1,0,0,1,0,0,1,1,1,1,0,0,1,1,1,1,1,1,1,0.3611111111111111,15.62455735463059,1
69,1,0,0,1,0,0,0,0,0,1,1,1,1,1,0,0,0,0,1,1,0,1,1,0,0,0,0,1,1,0,0,0,0,0,0,0,0.3611111111111111,9.844630624285042,1
70,1,0,0,1,0,0,0,0,0,1,1,1,1,1,0,0,1,0,1,1,0,1,1,0,0,0,0,1,1,1,1,0,0,1,0,0,0.3611111111111111,12.401512533300629,1
71,1,0,0,1,0,0,1,0,0,0,1,1,1,0,0,0,0,0,1,1,0,1,1,0,0,0,0,1,1,0,0,0,0,0,0,0,0.3055555555555556,5.818642922040919,1
72,1,0,0,1,0,0,1,0,0,1,1,1,1,0,0,0,0,0,1,1,0,1,1,0,0,0,0,1,1,0,0,0,0,1,0,0,0.3611111111111111,8.187885366636204,1
73,1,0,0,1,0,0,1,0,0,1,1,1,1,0,0,0,1,0,1,1,0,1,1,0,0,0,0,1,1,0,0,0,0,0,0,0,0.4166666666666667,7.646244389802158,1
74,1,0,0,1,0,0,1,0,0,1,1,1,1,0,0,0,1,0,1,1,0,1,1,0,0,0,0,1,1,1,0,0,0,0,0,0,0.25,8.434711519874508,1
75,1,0,0,1,0,0,0,0,0,1,1,1,1,0,0,0,0,0,1,1,0,0,1,0,0,0,0,1,1,0,1,0,0,0,0,0,0.3333333333333333,5.453874041740215,1
76,1,0,0,1,0,0,1,0,0,1,1,0,1,0,0,0,1,0,1,0,0,0,1,0,0,0,0,1,1,1,0,0,0,1,0,0,0.3055555555555556,3.8335916683069304,1
77,0,0,0,1,0,0,0,0,0,1,1,1,1,1,0,0,0,0,1,1,0,1,0,0,0,0,0,1,1,0,0,0,0,0,0,0,0.3333333333333333,10.580873573772207,1
78,1,0,0,1,0,0,0,0,1,1,1,1,1,1,0,0,1,0,1,1,0,1,1,0,0,0,0,1,1,1,1,0,0,1,0,0,0.3055555555555556,12.663340855235212,1
79,1,0,0,1,0,0,1,0,0,1,1,1,1,0,0,0,1,0,1,1,0,1,1,0,0,0,0,1,1,0,1,0,0,0,0,0,0.3611111111111111,7.3794086365539835,1
80,0,1,1,1,1,1,1,1,1,0,0,1,0,0,1,1,0,1,0,0,1,0,1,1,1,1,1,1,0,1,1,1,1,1,1,1,0.3611111111111111,23.069876098388352,1
81,0,1,1,1,1,1,1,1,1,0,0,1,0,0,1,1,0,1,0,0,1,0,1,1,1,1,1,0,0,1,1,1,1,1,1,1,0.3611111111111111,17.333783278830563,1
82,1,0,0,1,0,0,0,0,0,1,1,1,1,0,0,0,0,0,1,1,1,1,1,0,0,0,0,1,1,1,0,0,0,1,0,0,0.3333333333333333,17.290522130937227,1
83,0,0,0,1,0,0,1,0,0,1,1,1,1,1,0,0,1,0,1,1,0,1,1,0,0,0,0,1,1,1,1,0,0,0,0,0,0.3888888888888889,12.049455307642708,1
84,1,0,0,1,0,0,1,0,0,1,1,1,1,1,0,0,1,0,1,1,0,1,1,0,0,0,0,1,1,1,1,0,1,0,0,0,0.3333333333333333,10.485686003753113,1
85,0,1,1,1,1,1,1,1,1,0,0,1,0,0,1,1,0,1,0,0,1,0,1,1,1,1,1,0,0,0,1,1,1,1,1,1,0.4166666666666667,19.213872950110943,1
86,0,1,1,1,1,1,1,1,1,0,0,0,0,0,1,1,0,1,0,0,1,0,1,1,1,1,1,0,0,0,1,1,1,1,1,1,0.3333333333333333,16.13272221352263,1
87,0,1,1,1,1,1,1,1,1,0,0,1,0,0,1,1,0,1,0,0,1,0,0,1,1,1,1,0,0,0,1,1,1,1,1,1,0.4444444444444444,18.600602285850243,1
88,0,1,1,1,1,1,0,1,1,0,0,1,0,0,1,1,0,1,0,0,0,0,1,1,1,1,1,0,0,1,1,1,1,1,1,1,0.3333333333333333,15.264178827720098,1
89,0,1,1,1,1,1,1,1,1,0,0,1,0,0,1,1,0,1,0,0,1,0,0,1,1,1,1,0,0,0,1,1,1,1,1,1,0.3888888888888889,18.600602285850243,1
90,0,1,1,1,1,1,1,1,1,0,0,1,0,1,1,1,0,1,0,0,1,0,0,1,1,1,1,0,0,1,0,1,1,1,1,1,0.3055555555555556,18.73732841431037,1
91,0,1,1,1,1,1,0,1,1,0,0,0,0,0,1,1,1,1,0,0,1,0,0,1,1,1,1,0,0,1,1,1,1,1,1,1,0.3611111111111111,13.593821060379536,1
92,0,1,0,1,1,1,1,1,1,0,0,0,0,0,1,1,0,1,0,0,1,0,0,1,1,1,1,0,0,0,1,1,1,1,1,1,0.3611111111111111,13.277840480201071,1
93,0,1,1,1,1,1,0,1,1,0,0,1,0,1,1,1,0,1,0,0,1,0,1,1,1,1,1,1,0,0,1,1,1,1,1,1,0.3888888888888889,21.12322847098576,1
94,0,1,1,1,1,1,1,1,1,0,0,0,0,0,1,1,0,1,0,0,1,1,0,1,1,1,1,0,0,1,1,1,1,1,1,1,0.4722222222222222,19.904131701105097,1
95,0,1,1,1,1,1,1,1,1,0,0,0,0,0,1,1,0,1,0,0,0,0,0,1,1,1,1,1,0,1,1,1,1,1,1,1,0.4722222222222222,19.093558092930092,1
96,0,1,1,1,1,1,1,1,1,0,0,0,0,0,1,1,0,1,0,0,0,0,1,1,0,1,1,0,0,0,1,1,1,1,1,1,0.4444444444444444,16.42903315035068,1
97,0,1,1,1,1,1,0,1,1,0,0,0,0,1,1,1,0,1,0,0,1,0,0,1,1,1,1,0,0,1,1,1,1,1,1,1,0.3888888888888889,12.597047644142851,1
98,0,1,1,1,1,1,1,1,1,0,0,0,0,1,1,1,0,1,0,0,0,0,0,1,1,1,1,0,0,0,1,1,1,1,1,1,0.3333333333333333,17.682869155623038,1
99,0,1,1,1,1,1,1,1,1,0,0,1,0,0,1,1,1,1,0,0,1,0,0,1,1,1,1,0,0,0,1,1,1,1,1,1,0.3888888888888889,20.956122329769233,1
