,0,1,2,3,4,5,6,7,8,9,10,11,12,13,14,15,16,17,18,19,20,21,22,23,24,25,26,27,28,29,30,31,32,33,34,35,chain_break_fraction,energy,num_occurrences
0,0,0,1,1,0,1,1,0,0,1,1,1,0,0,0,1,1,0,1,1,1,0,0,0,1,1,0,0,0,0,0,1,1,0,0,1,0.25,13.44106541527241,1
1,0,0,1,1,0,1,1,0,0,1,1,0,0,0,0,1,1,0,1,1,1,0,0,0,0,1,0,0,0,0,0,1,1,0,0,1,0.2222222222222222,12.128470143766437,1
2,0,0,1,1,0,1,1,0,0,1,1,1,1,0,0,0,1,0,1,1,1,0,0,0,0,1,0,0,0,0,0,1,1,0,0,1,0.19444444444444445,10.680239998568853,1
3,0,0,1,1,0,1,1,0,0,1,1,1,0,0,0,1,0,0,1,1,1,0,0,0,0,1,0,0,0,0,0,1,1,0,0,1,0.25,11.64277699486023,1
4,0,1,1,1,0,1,1,0,0,1,1,1,1,0,0,1,1,0,1,1,1,0,0,0,1,1,0,0,0,0,0,1,1,0,0,1,0.2222222222222222,22.517202860226227,1
5,0,0,1,1,0,1,1,0,0,1,1,0,1,0,0,1,1,0,1,1,1,0,0,0,0,1,0,0,0,0,0,1,1,0,0,1,0.2222222222222222,13.913428627439016,1
6,0,0,1,1,0,1,1,0,0,1,1,0,0,0,0,1,0,0,1,1,1,0,0,0,0,1,0,0,0,0,0,1,1,1,0,1,0.25,17.17493227223543,1
7,0,0,1,1,0,1,1,0,0,1,1,1,0,0,0,1,1,0,1,1,1,0,0,0,0,1,0,0,0,0,0,1,1,0,0,1,0.25,12.92558686271799,1
8,0,0,1,1,0,1,1,0,0,1,1,1,1,0,0,0,1,0,1,1,1,0,0,0,1,1,0,0,0,0,0,1,1,1,0,1,0.2222222222222222,15.03635044591282,1
9,0,0,1,1,0,1,1,0,0,1,1,1,0,0,0,1,1,0,1,1,1,0,0,0,0,1,0,0,0,0,0,1,1,0,0,1,0.2222222222222222,12.92558686271799,1
10,0,0,1,1,0,1,1,0,0,1,1,0,0,0,0,0,1,0,1,0,1,0,0,0,0,1,0,0,0,0,0,1,1,0,0,1,0.16666666666666666,7.440935093265136,1
11,0,0,1,1,0,1,1,0,0,1,1,0,0,0,0,1,1,0,1,1,0,0,0,0,0,1,0,0,0,0,0,1,1,0,0,1,0.2222222222222222,13.177349743320894,1
12,0,0,1,1,0,1,1,0,0,1,1,0,0,0,0,1,1,0,1,1,1,1,0,0,0,1,0,0,0,1,0,1,1,0,0,1,0.2222222222222222,21.677517157764342,1
13,0,0,1,1,0,1,1,0,0,1,1,1,0,0,0,0,1,0,1,1,1,1,0,0,0,1,0,0,0,0,0,1,1,0,0,1,0.19444444444444445,10.797032331223345,1
14,0,0,1,1,0,1,1,0,0,1,1,0,0,0,0,1,0,1,1,1,1,0,0,0,1,1,0,0,0,0,0,1,1,0,0,1,0.2777777777777778,15.635253721339344,1
15,0,0,1,1,0,1,1,0,0,1,1,1,1,0,0,1,1,0,1,1,1,0,0,0,1,1,0,0,0,0,0,1,1,0,0,1,0.3055555555555556,15.725610588823985,1
16,0,0,1,1,0,1,1,0,0,1,1,1,0,0,0,1,1,0,1,1,1,0,0,0,0,1,0,0,0,0,1,1,1,0,0,1,0.25,13.199960822382051,1
17,0,0,1,1,0,1,1,0,0,1,1,0,0,0,0,1,1,0,1,1,1,1,0,0,1,1,0,0,0,0,0,1,1,0,0,1,0.2777777777777778,16.88855147664595,1
18,0,0,1,1,0,1,1,0,0,1,1,0,0,0,0,1,0,0,0,1,1,0,0,0,1,1,0,0,0,1,0,1,1,0,0,1,0.19444444444444445,19.778575332427437,1
19,0,0,1,1,0,1,1,0,0,1,1,0,0,0,0,0,1,0,1,1,1,0,0,0,0,0,0,0,0,0,0,1,1,1,0,1,0.16666666666666666,10.599449947321233,1
20,0,0,1,1,0,1,1,0,0,1,1,0,0,0,0,1,0,1,1,1,1,0,0,0,1,1,0,0,0,1,0,1,1,0,0,1,0.25,22.074113285516262,1
21,0,0,1,1,0,1,1,0,0,1,1,1,0,0,0,1,0,0,1,1,1,0,0,0,0,1,0,0,0,0,0,1,1,0,0,1,0.3055555555555556,11.64277699486023,1
22,0,0,1,1,0,1,1,0,0,1,1,0,0,0,0,1,1,0,1,1,1,0,0,0,1,1,0,0,0,0,0,1,1,0,0,1,0.2777777777777778,13.853679816038037,1
23,0,0,1,1,0,1,1,0,0,1,1,0,1,0,0,1,1,0,1,1,1,1,0,0,0,1,0,0,0,1,0,1,1,1,0,1,0.2222222222222222,29.270696882273217,1
24,0,0,1,1,0,1,0,0,0,1,1,0,0,0,0,0,1,0,1,1,1,0,0,0,0,0,0,0,0,0,0,1,1,0,0,1,0.16666666666666666,6.6322344504008655,1
25,0,0,1,1,0,1,1,0,0,1,1,0,0,0,0,1,0,1,1,1,1,0,0,0,1,0,0,0,0,0,0,1,1,1,0,1,0.25,15.327908725237434,1
26,0,0,1,1,0,1,1,0,0,1,1,0,0,0,0,1,1,0,1,1,1,0,0,0,1,1,0,0,0,1,0,1,0,0,0,1,0.2222222222222222,19.291285206412265,1
27,0,1,1,1,0,1,1,0,0,1,1,0,0,0,0,1,0,0,1,1,0,1,0,0,1,1,0,0,0,0,0,1,1,0,0,1,0.2222222222222222,17.60784561539974,1
28,0,0,1,1,0,1,1,0,0,1,1,0,0,0,0,1,1,1,1,1,1,0,0,0,0,0,0,0,0,0,1,1,1,0,0,1,0.19444444444444445,16.090536385933575,1
29,0,0,1,1,0,1,1,0,0,1,1,1,0,0,0,1,1,0,1,1,1,0,0,0,1,0,0,0,0,1,1,1,1,0,0,1,0.2777777777777778,14.493385540880565,1
30,0,0,1,1,0,1,1,0,0,1,1,0,0,0,0,1,1,0,1,1,1,0,0,0,0,0,0,0,0,0,1,1,1,0,0,1,0.25,10.520264619504767,1
31,0,0,1,1,0,1,1,0,0,1,1,1,0,0,0,1,1,0,1,1,1,0,0,0,0,1,0,0,0,1,1,1,1,0,0,1,0.3055555555555556,17.822578465274468,1
32,0,1,1,1,0,1,1,0,0,1,1,0,0,0,0,1,1,0,1,1,0,0,0,0,1,1,0,0,0,1,0,1,1,0,0,1,0.2222222222222222,23.02606754586219,1
33,0,0,1,1,0,1,1,0,0,1,1,0,0,0,0,1,1,0,1,1,1,0,0,0,1,1,0,0,0,1,0,1,1,0,0,1,0.2777777777777778,21.293999782881052,1
34,0,0,1,1,0,1,1,0,1,1,1,0,0,0,0,1,1,0,1,1,1,1,0,0,0,1,0,0,0,1,0,1,1,1,0,1,0.19444444444444445,28.93590019056499,1
35,0,0,1,1,0,1,1,0,0,1,1,1,0,0,0,1,1,0,1,1,1,0,0,0,1,0,0,0,0,0,1,1,1,0,0,1,0.3055555555555556,11.859698147297335,1
36,0,0,0,1,0,1,1,0,0,1,1,0,0,0,0,0,1,0,1,1,1,0,0,0,0,1,0,0,0,0,0,1,1,0,0,1,0.2222222222222222,10.52716465822674,1
37,0,0,1,1,0,1,1,0,0,1,1,1,0,0,0,1,1,0,1,1,1,0,0,0,1,0,0,0,0,1,1,1,1,0,0,1,0.2777777777777778,14.493385540880565,1
38,0,0,1,1,0,1,1,0,0,1,1,1,1,0,0,1,1,0,1,1,1,1,0,0,1,1,0,0,0,1,0,1,1,0,0,1,0.2777777777777778,21.86343213613376,1
39,0,0,1,1,0,1,0,0,0,1,1,0,0,0,0,1,0,0,0,1,1,0,0,0,0,1,0,0,0,0,0,1,1,0,0,1,0.25,9.962131924726311,1
40,0,0,1,1,0,1,1,0,0,1,1,1,0,0,0,1,1,0,0,1,1,1,0,0,0,1,0,0,0,0,1,1,1,1,0,1,0.25,16.274093430436416,1
41,0,0,1,1,0,1,1,0,0,1,1,0,0,0,0,0,0,1,1,1,1,0,0,0,0,1,0,0,0,0,0,1,1,0,0,1,0.19444444444444445,11.348807126819596,1
42,0,0,1,1,0,1,1,0,0,1,1,0,0,0,0,1,1,0,1,1,1,0,0,0,0,1,0,0,0,1,0,1,1,1,0,1,0.2777777777777778,24.396625981783796,1
43,0,1,1,1,0,1,1,0,0,1,1,0,0,0,0,0,1,1,1,1,1,0,0,0,0,1,0,0,0,1,0,1,1,1,0,1,0.19444444444444445,25.21061230343221,1
44,0,0,1,1,0,1,0,0,0,1,1,0,0,0,0,1,1,0,1,1,1,0,0,0,0,0,0,0,0,0,1,1,1,0,0,1,0.2777777777777778,9.004992504732686,1
45,0,0,1,1,0,1,1,0,0,1,1,0,0,0,0,1,1,0,1,1,1,0,0,0,0,0,0,0,0,1,1,1,1,0,0,1,0.2222222222222222,13.694485589325081,1
46,0,0,1,1,0,1,1,0,0,1,1,0,1,0,0,0,1,0,1,0,1,0,0,0,0,1,0,0,0,1,0,1,1,0,0,1,0.2222222222222222,13.246157412523152,1
47,0,0,1,1,0,1,1,0,0,1,1,0,0,0,0,1,0,1,1,1,1,0,1,0,1,0,0,0,0,1,0,1,1,0,0,1,0.2777777777777778,17.764791806859357,1
48,0,0,1,1,0,1,1,0,0,1,1,0,1,0,0,1,1,0,1,1,1,1,0,0,1,1,0,0,0,1,0,1,1,0,0,1,0.3055555555555556,25.806980062113794,1
49,0,0,1,1,0,1,1,0,0,1,1,0,0,0,0,1,1,0,1,1,0,0,0,0,1,1,0,0,0,1,0,1,1,0,0,1,0.3055555555555556,20.678855704790593,1
50,0,0,1,1,0,1,1,0,0,1,1,0,0,0,0,1,1,0,0,1,1,0,0,0,0,1,0,0,0,1,1,1,1,0,0,1,0.25,18.704054434616758,1
51,0,0,1,1,0,1,1,0,0,1,1,0,0,0,0,1,1,0,1,1,1,0,0,0,1,0,0,0,0,1,1,1,1,0,0,1,0.3055555555555556,16.23340963343616,1
52,0,0,1,1,0,1,1,0,0,1,1,1,0,0,0,1,1,0,1,1,0,0,0,0,0,1,0,0,0,0,0,1,1,0,0,1,0.3055555555555556,14.975320457653021,1
53,0,0,1,1,0,1,1,0,0,1,0,0,1,0,0,1,1,0,1,1,1,0,1,0,1,0,0,0,0,0,0,1,1,0,0,1,0.2222222222222222,13.951663179508143,1
54,0,0,1,1,0,1,1,0,0,1,1,0,1,0,0,1,1,0,1,1,1,0,0,0,1,0,0,0,0,1,1,1,1,0,0,1,0.25,17.006811175113434,1
55,0,0,1,1,0,1,1,0,0,1,1,1,1,0,0,0,1,0,1,1,1,0,0,0,0,0,0,0,0,0,1,1,1,0,0,1,0.25,9.764749660014466,1
56,0,0,1,1,0,1,1,0,0,1,0,0,1,0,0,1,0,1,1,1,1,0,0,0,1,1,0,0,0,1,0,1,1,0,0,1,0.25,25.32777249605406,1
57,0,0,1,1,0,1,1,0,0,1,1,0,1,0,0,1,0,1,1,1,1,0,0,0,0,1,1,0,0,0,0,1,1,0,0,1,0.2777777777777778,17.139543764489623,1
58,0,0,1,1,0,1,1,0,0,1,1,1,0,0,0,1,0,0,1,1,1,0,0,0,1,0,0,0,0,1,1,1,1,0,0,1,0.3055555555555556,14.210943144910578,1
59,0,0,1,1,0,1,1,0,0,1,1,0,0,0,0,1,0,0,0,0,1,0,0,0,0,0,0,0,0,1,0,1,1,0,0,1,0.2777777777777778,11.391068176359203,1
60,0,0,1,1,0,1,1,0,0,1,1,0,1,0,0,1,1,0,1,1,1,0,0,0,1,0,0,0,0,0,1,1,1,0,0,1,0.3055555555555556,12.84522693940736,1
61,0,0,1,1,0,1,1,0,0,1,1,0,1,0,0,1,0,0,1,1,1,0,0,0,1,1,0,0,0,1,0,1,1,0,0,1,0.3333333333333333,22.296626115893154,1
62,0,0,1,1,0,1,1,0,0,1,1,1,0,0,0,1,1,0,1,1,1,0,0,0,1,0,1,0,0,1,1,1,1,0,0,1,0.3333333333333333,16.384000675106996,1
63,0,0,1,1,0,1,0,0,0,1,1,1,0,0,0,1,1,1,1,1,1,0,0,0,1,1,0,0,0,0,0,1,0,0,0,1,0.2777777777777778,17.782075786824304,1
64,0,0,1,1,0,1,1,0,0,1,1,1,1,0,0,1,1,0,1,1,1,0,0,0,1,1,0,0,0,1,0,1,0,0,0,1,0.3333333333333333,19.720509809654697,1
65,0,1,1,1,0,1,0,0,0,1,1,0,0,0,0,1,1,0,1,1,1,0,0,0,0,0,0,0,0,0,1,1,1,1,0,1,0.3333333333333333,15.744292610294208,1
66,0,0,1,1,0,1,0,0,0,1,1,0,0,0,0,0,1,0,1,1,0,1,0,0,0,0,0,0,0,0,1,1,1,1,0,1,0.25,17.214612092352063,1
67,0,0,1,1,0,1,1,0,0,1,1,1,1,0,0,1,1,0,1,1,0,1,1,0,0,0,0,0,0,1,0,1,1,0,0,1,0.2777777777777778,15.583763736157161,1
68,0,1,1,1,0,1,1,0,0,1,1,0,0,0,0,1,0,1,0,1,1,0,0,0,0,1,0,0,0,0,0,1,1,0,0,1,0.3333333333333333,20.990818156401716,1
69,0,0,1,1,0,1,1,0,0,1,1,1,0,0,0,1,0,0,1,1,1,0,0,0,0,0,1,0,0,1,1,1,1,0,0,1,0.3055555555555556,14.030840791084978,1
70,0,0,1,1,0,1,1,0,0,1,1,1,0,0,0,1,1,0,1,1,1,0,0,0,1,1,1,0,0,0,0,1,1,0,0,1,0.25,14.303525768488965,1
71,0,0,1,1,0,1,1,0,0,1,0,0,0,0,0,1,1,0,1,1,1,0,0,0,0,0,0,0,0,0,1,1,1,1,0,1,0.2777777777777778,16.506453647954324,1
72,0,0,1,1,0,1,1,1,0,1,1,0,0,0,0,1,0,0,1,1,1,0,0,0,1,1,0,0,0,1,0,1,1,0,1,1,0.25,26.78129123048607,1
73,0,0,1,1,0,1,1,0,0,1,0,0,0,0,1,0,0,1,1,0,1,0,0,0,0,0,0,0,0,0,0,1,1,1,0,1,0.16666666666666666,13.349719260755577,1
74,0,0,1,1,0,1,1,0,0,1,1,0,0,0,0,1,1,0,1,1,0,1,0,0,0,0,0,0,0,1,1,1,1,0,0,1,0.25,15.128679973553494,1
75,1,0,0,0,1,0,1,0,0,0,0,1,0,1,1,0,1,0,0,0,0,1,0,1,0,1,0,1,1,0,0,0,0,1,0,0,0.2222222222222222,13.987498062040027,1
76,0,0,1,1,0,1,1,0,0,1,1,0,0,0,0,1,0,0,1,1,1,0,0,0,0,1,1,0,0,0,0,1,1,0,0,1,0.25,13.800566989631294,1
77,0,1,1,1,0,1,1,0,0,1,1,0,0,0,0,1,1,0,1,1,1,0,0,0,0,0,0,0,0,1,1,1,1,0,0,1,0.3055555555555556,17.031144097728387,1
78,1,0,0,0,1,0,1,0,1,0,0,1,0,0,1,0,0,1,0,0,0,1,0,1,0,1,1,1,1,0,0,0,0,1,1,0,0.16666666666666666,18.840937251545853,1
79,1,0,0,0,1,0,1,1,1,0,0,1,0,1,1,0,0,0,0,0,0,1,0,1,0,1,0,1,1,0,1,0,0,1,1,0,0.2222222222222222,21.233461745358895,1
80,0,1,1,1,0,1,1,0,0,1,1,0,0,0,0,0,0,0,1,1,1,0,0,0,0,0,0,0,0,0,1,1,1,1,0,1,0.25,14.475800000274967,1
81,0,0,1,1,0,1,1,0,1,1,0,0,1,0,0,1,1,0,1,1,1,1,1,0,0,0,0,0,0,0,0,1,1,0,0,1,0.25,15.302780229779307,1
82,0,0,1,1,0,1,1,0,0,1,1,0,0,0,0,1,1,0,1,1,1,1,0,0,1,0,0,0,0,0,1,1,1,0,0,1,0.4444444444444444,12.875861546907318,1
83,0,0,1,1,0,1,0,1,1,1,1,0,0,0,0,1,1,0,1,1,1,0,0,0,1,0,0,0,0,1,1,1,1,0,0,1,0.3055555555555556,19.170168474178084,1
84,0,0,1,1,0,1,1,0,0,1,1,0,1,0,0,1,1,0,1,1,1,0,0,0,1,1,0,0,0,0,1,1,1,0,0,1,0.3333333333333333,16.94391132658304,1
85,0,0,1,1,0,1,1,0,0,1,1,0,0,0,0,1,0,0,1,1,1,0,1,0,1,0,0,0,0,0,0,1,1,0,0,1,0.3611111111111111,10.80190495530553,1
86,0,0,1,1,0,1,1,0,0,1,1,0,0,0,0,1,1,0,1,1,0,1,0,0,1,0,0,0,0,1,1,1,1,0,0,1,0.3611111111111111,18.233919447522986,1
87,0,0,1,1,0,1,1,0,0,1,1,0,0,0,0,1,1,0,1,0,1,0,0,0,1,1,0,0,0,0,0,1,1,0,0,1,0.2777777777777778,11.924632836257521,1
88,0,0,1,1,0,1,1,0,0,1,1,0,0,0,0,1,0,0,1,1,1,0,0,0,1,1,0,0,0,1,1,1,1,0,0,1,0.3888888888888889,27.031285811812168,1
89,0,1,1,1,0,1,1,0,0,1,1,0,0,0,1,1,0,0,1,1,1,0,0,0,0,0,0,0,0,1,1,1,1,0,0,1,0.25,18.246763163983502,1
90,1,0,0,0,1,0,0,1,1,0,0,1,0,1,1,1,1,1,0,0,0,1,1,1,0,1,1,1,1,0,1,0,0,1,1,0,0.3055555555555556,29.926742146104097,1
91,1,0,0,0,1,0,0,1,0,0,0,1,0,0,0,0,0,0,0,0,0,0,0,1,0,1,0,1,1,0,0,0,1,1,0,0,0.1388888888888889,16.13389607242014,1
92,0,0,0,1,0,1,1,0,0,1,1,0,0,0,0,1,1,0,1,1,1,1,1,0,0,0,0,0,0,0,0,1,1,0,0,1,0.3333333333333333,11.751914362900706,1
93,0,0,1,1,0,1,1,0,0,1,0,0,0,0,0,0,0,0,1,1,1,0,0,0,0,0,0,0,0,0,0,0,1,0,0,1,0.1388888888888889,6.383749200139208,1
94,0,0,1,1,0,1,1,0,0,1,1,1,0,0,0,1,0,1,1,1,1,0,1,0,0,0,0,0,0,0,1,1,1,0,0,1,0.3611111111111111,15.07939828191729,1
95,0,0,1,1,0,0,1,0,0,1,1,1,0,0,0,1,1,0,1,1,0,1,0,0,0,1,0,0,0,0,1,1,1,1,0,1,0.3055555555555556,17.908972083414,1
96,0,0,1,1,1,1,1,0,0,1,1,0,0,0,0,0,1,1,1,1,1,0,0,0,0,0,0,0,0,0,1,1,1,0,0,1,0.16666666666666666,13.182170760132431,1
97,1,0,0,0,1,0,0,1,1,0,1,1,0,1,1,0,1,0,0,0,0,1,0,1,0,1,0,1,1,0,1,0,0,1,1,0,0.19444444444444445,17.459594024607583,1
98,1,0,0,0,1,0,0,1,0,0,0,1,0,0,1,1,0,1,0,0,0,1,0,1,0,1,0,1,1,0,1,0,0,1,1,0,0.25,21.97346898643528,1
99,0,0,1,1,0,1,1,0,1,1,1,0,0,0,0,0,0,0,0,1,1,1,0,0,0,1,0,0,0,0,0,1,1,1,0,1,0.2777777777777778,19.369328922623296,1
