,0,1,2,3,4,5,6,7,8,9,10,11,12,13,14,15,16,17,18,19,20,21,22,23,24,25,26,27,28,29,30,31,32,33,34,35,chain_break_fraction,energy,num_occurrences
0,0,1,0,0,0,1,0,0,1,0,0,1,0,1,1,0,0,0,0,0,0,0,1,0,1,0,1,0,0,0,1,0,0,0,0,0,0.1388888888888889,11.324731842575884,1
1,0,1,0,0,0,1,0,0,1,0,0,1,0,0,1,0,0,0,0,0,0,0,1,0,1,0,1,0,0,0,1,0,0,0,0,0,0.16666666666666666,5.221529073210537,1
2,0,1,0,0,0,1,0,0,1,0,0,1,0,1,1,0,0,0,0,0,0,1,1,0,1,0,0,0,0,0,1,1,0,0,0,0,0.2222222222222222,6.8577369073066405,1
3,0,1,0,0,0,1,0,0,1,0,0,1,0,1,1,0,0,0,0,0,0,0,1,0,1,0,0,0,1,0,1,1,0,0,0,0,0.2222222222222222,6.4612992610835285,1
4,0,1,1,0,0,0,1,0,0,0,0,0,1,1,1,0,0,0,0,0,0,0,1,0,1,0,0,0,0,0,1,1,0,0,0,1,0.1388888888888889,3.4157433538089945,1
5,0,1,0,0,0,1,0,0,1,0,0,1,0,1,1,0,0,0,0,0,0,1,1,0,1,0,1,0,0,0,1,0,0,0,1,0,0.1388888888888889,7.123120373743356,1
6,0,1,0,0,0,1,0,0,1,0,0,1,0,0,1,0,0,0,0,0,0,1,1,0,1,0,1,0,1,0,1,0,0,0,1,0,0.16666666666666666,4.233189749903401,1
7,0,1,0,0,0,1,0,0,1,0,0,1,0,1,1,0,0,0,0,1,0,0,1,0,1,0,1,0,0,0,1,0,0,0,0,0,0.1388888888888889,5.893478483057955,1
8,0,1,1,0,0,1,0,0,1,0,0,1,0,1,1,0,0,0,0,1,0,1,1,0,1,0,1,0,0,0,1,0,0,0,1,0,0.16666666666666666,6.885008909073921,1
9,1,1,0,0,0,1,0,0,1,0,0,1,0,1,1,0,0,0,0,0,0,1,1,0,1,0,0,0,0,0,1,0,0,0,1,0,0.16666666666666666,12.119212531539862,1
10,1,1,0,0,0,0,0,0,1,0,0,1,0,1,1,0,0,0,0,0,0,1,1,0,1,0,0,0,0,0,1,0,0,0,1,0,0.16666666666666666,5.1448414259310535,1
11,0,1,0,0,0,1,0,0,1,0,0,1,0,1,1,0,0,0,0,0,0,0,1,0,1,0,0,0,0,1,1,0,0,0,1,0,0.19444444444444445,8.448190228413193,1
12,1,1,0,0,0,0,1,0,1,0,0,1,0,0,1,0,0,0,0,0,0,1,1,0,1,0,1,0,0,0,1,0,0,0,1,0,0.1388888888888889,1.6612168406773713,1
13,0,1,0,0,0,1,0,0,1,0,0,1,0,1,1,0,1,0,0,0,0,0,1,1,1,0,0,0,1,0,1,1,0,0,1,0,0.1388888888888889,7.385751766975287,1
14,0,1,0,0,0,1,0,0,1,0,0,1,0,1,1,0,0,0,0,0,0,0,1,0,1,0,0,0,1,0,1,0,0,0,1,0,0.2222222222222222,9.375485246354092,1
15,0,1,0,0,0,1,1,0,1,0,0,1,0,1,1,0,1,0,0,0,0,1,1,1,1,0,0,0,0,0,1,1,0,0,1,0,0.16666666666666666,11.78605218760703,1
16,0,1,1,0,0,1,0,0,1,0,0,1,0,0,1,0,0,0,0,0,0,1,1,1,1,0,0,0,0,0,1,1,0,0,1,0,0.19444444444444445,8.7418725629325,1
17,0,1,0,0,0,1,0,0,1,0,0,1,0,0,0,0,0,0,0,1,0,0,1,0,1,0,0,0,0,0,1,1,0,0,1,0,0.1388888888888889,3.3351218347852085,1
18,0,1,0,0,0,1,0,0,1,0,0,1,0,1,1,0,0,0,0,0,0,1,1,1,1,0,0,0,0,0,1,0,0,0,1,0,0.2222222222222222,10.147849779549084,1
19,0,1,0,0,0,0,1,0,1,0,0,1,0,0,1,0,0,0,0,0,0,1,1,0,1,0,0,0,0,0,1,0,0,0,1,0,0.25,2.45815665701396,1
20,0,1,0,0,0,1,0,0,1,0,0,1,0,1,1,0,0,0,0,0,0,0,1,0,1,0,0,0,0,0,1,0,1,0,0,0,0.1388888888888889,12.302780264294991,1
21,0,1,1,0,0,1,0,0,1,0,0,1,0,0,1,0,0,0,0,0,0,0,1,0,1,0,1,0,0,0,1,0,0,0,0,0,0.2222222222222222,7.221545911160067,1
22,0,1,1,0,0,1,0,0,1,0,0,1,0,1,1,0,0,0,0,0,0,0,1,0,1,0,0,0,0,0,1,1,0,0,1,0,0.2222222222222222,8.612513751714747,1
23,0,1,0,0,0,1,0,0,1,0,0,1,0,1,1,0,0,0,0,0,0,1,1,0,0,0,1,0,0,0,1,0,0,0,1,0,0.16666666666666666,8.813507968987889,1
24,0,1,0,0,0,1,1,0,1,0,0,1,0,1,1,0,0,0,0,1,0,0,1,0,1,0,0,0,0,0,1,0,0,0,0,0,0.16666666666666666,11.574829298693837,1
25,0,1,0,0,0,1,0,0,1,0,0,1,0,1,1,0,0,0,0,1,0,1,1,0,1,0,0,0,0,0,1,1,0,0,1,0,0.25,8.015927920305089,1
26,0,1,0,0,0,1,0,0,1,0,0,1,0,0,1,0,0,0,0,1,0,0,0,0,1,0,0,0,0,0,1,0,0,0,1,0,0.1388888888888889,3.714478410948138,1
27,0,1,1,0,0,1,0,0,1,0,0,1,0,0,1,0,0,0,0,0,0,0,1,0,1,0,1,0,0,0,1,0,0,0,0,1,0.16666666666666666,4.493094759123664,1
28,0,1,0,0,0,1,0,0,1,0,0,0,0,1,1,0,0,0,0,0,0,0,1,0,1,0,1,1,0,0,1,0,0,0,1,0,0.16666666666666666,1.661633620123168,1
29,0,1,0,0,0,1,0,0,1,0,0,1,0,0,1,0,0,0,0,0,0,0,1,0,1,0,0,0,0,0,1,1,0,0,1,0,0.16666666666666666,2.513554638061089,1
30,0,1,0,0,0,1,0,0,1,0,0,1,0,1,1,0,0,0,0,0,0,0,1,0,1,0,1,0,1,0,1,0,0,0,0,0,0.19444444444444445,8.396649136828549,1
31,0,1,0,0,0,0,0,0,1,0,0,1,0,0,1,0,0,0,0,0,0,0,1,0,1,0,1,0,0,0,1,0,0,0,1,0,0.16666666666666666,-0.547456105369208,1
32,0,1,1,0,0,1,1,0,1,0,0,1,0,1,1,0,0,0,0,0,0,1,1,1,1,0,1,0,1,0,1,0,0,0,1,0,0.16666666666666666,10.194609128913442,1
33,1,1,0,0,0,0,1,0,1,0,0,1,0,0,1,0,1,0,0,0,0,1,1,0,1,0,0,0,0,0,1,1,0,0,1,0,0.16666666666666666,2.790787140755086,1
34,0,1,0,0,0,1,0,0,1,0,0,1,0,1,1,0,0,0,0,0,0,0,1,0,1,0,0,0,0,0,1,0,0,1,0,0,0.19444444444444445,10.565202006255134,1
35,0,1,0,0,0,0,0,0,1,0,0,1,0,1,1,0,0,0,0,1,0,1,1,0,1,0,0,0,0,0,1,1,0,0,1,0,0.19444444444444445,9.011491212795711,1
36,0,1,0,0,0,1,0,0,1,0,0,1,0,1,1,0,0,0,0,0,0,0,1,0,0,0,0,0,0,0,1,1,0,0,0,0,0.19444444444444445,11.528147695985512,1
37,0,1,0,0,0,1,1,0,1,0,0,1,0,1,1,0,0,0,0,1,0,1,1,1,1,0,1,0,0,0,1,0,0,0,1,0,0.16666666666666666,10.523286036607217,1
38,0,1,0,0,0,0,0,0,1,0,0,1,0,1,1,0,0,0,0,0,0,1,0,1,1,0,0,0,0,0,1,1,0,0,0,0,0.2222222222222222,5.281061332907942,1
39,1,1,0,0,0,1,0,0,1,0,1,1,0,1,1,0,0,0,0,0,0,1,1,0,1,0,1,0,0,0,1,0,0,0,1,0,0.16666666666666666,11.810215236586664,1
40,1,1,0,0,0,0,0,0,1,0,0,1,0,1,1,0,0,0,0,0,0,0,1,0,1,0,0,0,0,0,1,1,0,1,1,0,0.16666666666666666,3.4380800212986276,1
41,0,1,0,0,0,0,1,0,1,0,0,1,0,0,1,0,0,0,0,1,0,1,1,0,1,0,1,0,0,0,1,0,0,0,0,0,0.2222222222222222,3.136465274594763,1
42,0,1,0,0,0,0,0,0,1,0,0,1,0,1,1,0,0,0,0,1,0,1,1,0,1,0,0,0,0,0,1,0,0,0,1,0,0.2222222222222222,4.5874686001818965,1
43,0,1,0,0,0,1,0,0,1,0,0,1,0,1,0,0,1,0,0,0,0,0,1,1,1,0,0,0,0,0,1,1,0,0,1,0,0.19444444444444445,7.299307398775995,1
44,0,1,0,0,0,1,0,0,1,0,1,1,0,1,1,0,0,0,0,0,0,0,1,0,1,0,1,0,0,0,1,0,1,0,1,0,0.19444444444444445,9.64315564212212,1
45,0,1,0,0,0,1,0,0,1,0,0,1,0,1,1,0,0,0,0,0,0,0,1,0,1,0,1,0,0,0,1,0,0,0,1,0,0.19444444444444445,8.457638589073037,1
46,0,1,1,0,0,1,0,0,1,0,0,0,0,0,1,0,0,0,0,0,0,0,1,0,0,0,1,0,0,0,1,0,0,0,1,0,0.16666666666666666,2.2516173404214372,1
47,1,1,0,0,0,1,0,0,1,0,0,1,0,1,1,0,0,0,0,1,0,1,1,0,1,0,0,0,1,0,1,1,0,0,1,0,0.19444444444444445,7.499055319104147,1
48,0,1,0,0,0,1,1,0,0,0,0,1,0,0,1,0,0,0,0,0,0,0,1,0,1,0,0,0,1,0,1,1,0,0,1,0,0.19444444444444445,1.980211403818394,1
49,0,1,0,0,0,1,0,0,1,0,0,1,0,1,0,0,1,0,0,1,0,0,1,0,1,0,1,0,0,0,1,0,0,0,1,0,0.16666666666666666,5.647870379139375,1
50,0,1,0,0,0,1,0,0,1,0,0,1,0,0,1,0,0,0,0,0,0,0,1,1,1,0,1,0,0,0,1,1,0,0,0,0,0.2777777777777778,3.0933442371075017,1
51,0,1,1,0,0,1,0,0,1,0,0,1,0,1,1,0,0,0,0,0,0,0,1,0,1,0,1,0,0,0,1,0,1,0,0,0,0.19444444444444445,10.957655426939745,1
52,1,1,0,0,0,1,0,0,1,0,0,1,0,0,1,0,1,0,1,0,0,0,1,1,1,0,0,0,0,0,1,1,0,0,1,0,0.16666666666666666,4.532210129401312,1
53,1,1,0,0,0,1,0,0,1,0,0,1,0,0,1,0,0,0,0,0,0,1,0,0,1,0,1,0,0,0,1,0,0,0,0,0,0.2222222222222222,6.834613751982075,1
54,0,1,0,0,0,0,1,0,1,0,0,1,0,1,1,0,0,0,0,0,0,0,1,1,1,0,0,0,0,0,1,1,0,0,1,0,0.25,4.31263430566308,1
55,1,1,1,0,0,0,0,0,1,0,0,1,0,0,1,0,0,0,0,0,0,0,1,0,1,0,1,0,0,0,1,0,0,0,0,0,0.2222222222222222,2.8578143218158636,1
56,0,1,0,0,0,0,1,0,1,0,0,0,0,0,1,0,0,0,0,0,0,0,1,0,1,0,0,0,0,0,1,1,0,1,0,0,0.19444444444444445,1.9203278992707444,1
57,1,1,0,0,0,0,1,0,1,0,0,0,1,1,1,0,0,0,0,1,0,0,1,0,0,0,1,0,0,0,1,0,0,0,1,0,0.08333333333333333,2.2278673044032,1
58,0,1,0,0,0,1,0,0,1,0,0,1,0,1,1,0,0,0,0,0,0,0,1,0,1,0,1,0,0,0,1,0,0,0,0,0,0.2222222222222222,11.324731842575884,1
59,0,1,0,0,0,1,1,0,1,0,0,1,0,1,1,0,1,0,0,0,0,0,1,0,1,0,0,1,0,0,1,1,1,0,0,0,0.2222222222222222,8.468881424300548,1
60,0,1,0,0,0,1,0,0,1,0,0,1,0,0,1,0,0,0,0,0,0,0,1,0,0,0,0,0,0,0,1,1,1,0,1,0,0.2222222222222222,3.224365182341556,1
61,0,1,0,0,0,1,0,0,1,0,0,0,0,1,1,0,0,0,1,1,0,0,1,0,0,0,0,0,0,1,1,1,0,0,1,0,0.1111111111111111,8.072399619922884,1
62,1,1,0,0,0,1,1,0,1,0,0,1,0,1,1,0,0,0,0,1,0,1,1,0,1,0,1,0,0,0,1,0,0,0,0,0,0.1388888888888889,8.070638783911331,1
63,0,1,0,0,0,0,1,0,1,0,0,0,0,1,1,0,0,0,0,0,0,0,1,0,0,0,0,0,0,0,1,0,0,0,1,0,0.1388888888888889,3.690922989426505,1
64,0,1,0,0,0,1,0,0,1,0,0,1,0,1,1,0,0,0,0,0,0,0,1,0,0,0,1,0,0,0,1,1,0,0,1,0,0.2222222222222222,6.528505865535326,1
65,1,1,0,0,0,0,0,0,1,0,0,1,0,0,1,0,0,0,0,0,0,0,1,1,1,0,0,0,0,0,1,0,0,0,1,0,0.16666666666666666,2.2398081475099962,1
66,0,1,0,0,0,0,0,0,1,0,0,1,0,1,0,0,0,0,0,0,0,1,1,0,1,0,0,0,0,0,1,1,1,0,1,0,0.16666666666666666,7.690144267529784,1
67,0,1,1,0,0,1,0,0,1,0,0,1,0,1,1,0,0,0,0,0,0,0,1,0,1,0,0,0,1,0,1,0,0,0,1,0,0.19444444444444445,11.875502081669158,1
68,0,1,0,0,0,1,0,0,1,0,0,0,0,1,0,0,0,0,1,0,0,0,1,0,0,0,1,0,0,0,1,0,0,0,0,0,0.1388888888888889,2.925293669228024,1
69,0,1,1,0,0,0,0,0,1,0,0,1,0,0,1,0,0,0,0,0,0,0,1,0,1,0,0,0,0,0,1,1,1,0,0,0,0.19444444444444445,0.18988733073333774,1
70,0,1,0,0,0,1,0,0,1,0,0,0,0,1,1,0,0,0,0,1,0,0,1,0,1,0,0,0,0,0,1,1,0,0,0,1,0.19444444444444445,5.561514898151761,1
71,1,1,0,0,0,1,0,0,1,0,0,1,0,0,1,0,1,0,0,0,0,1,1,0,1,0,0,0,1,0,1,1,0,0,0,0,0.19444444444444445,5.60703360000209,1
72,0,1,1,0,0,1,0,0,1,0,0,1,0,1,1,0,0,0,0,0,0,0,1,0,1,0,1,0,1,0,1,1,0,0,1,0,0.19444444444444445,5.180907468035994,1
73,0,1,1,0,0,0,0,0,1,0,0,0,0,0,1,0,0,0,0,0,0,0,1,0,1,0,1,0,0,1,1,0,0,0,0,0,0.2222222222222222,-0.2507270078822623,1
74,0,1,1,0,0,0,0,0,0,0,0,1,0,0,1,0,0,0,0,0,0,0,1,0,1,0,0,0,1,0,1,1,0,0,0,0,0.2222222222222222,0.42281881980724334,1
75,1,1,0,0,0,0,0,0,1,0,0,1,0,1,1,0,1,0,0,0,0,0,1,0,1,0,0,0,0,0,1,1,1,0,1,0,0.1111111111111111,3.46020968958202,1
76,0,1,1,0,0,1,0,0,1,0,0,1,0,0,1,0,0,0,0,0,0,1,0,0,0,0,0,0,1,0,1,1,0,0,1,0,0.1388888888888889,4.976285042485591,1
77,0,1,0,0,1,0,0,0,1,0,0,1,0,1,1,0,0,0,0,0,0,1,0,1,1,0,0,0,0,0,1,0,0,0,1,0,0.16666666666666666,6.664100346940492,1
78,0,1,0,0,1,0,1,0,1,0,0,1,0,1,1,0,0,0,0,1,0,1,1,0,1,0,0,0,0,0,1,0,0,0,1,0,0.2222222222222222,5.636435172023372,1
79,0,1,0,0,0,0,0,0,1,0,0,0,0,1,1,0,0,0,0,0,0,0,1,0,1,0,0,0,0,0,1,0,1,0,0,0,0.1111111111111111,0.7107020598668948,1
80,0,1,1,0,0,1,0,0,1,0,0,0,0,1,1,0,0,0,0,1,0,1,1,0,1,0,0,0,0,0,1,1,0,0,0,0,0.19444444444444445,4.778601074528026,1
81,0,1,0,0,0,0,1,0,1,0,0,1,0,0,1,0,0,0,0,1,0,0,1,0,1,0,0,0,0,0,1,0,1,0,1,0,0.19444444444444445,1.2711746186734572,1
82,0,1,1,0,0,0,0,0,1,0,0,1,0,1,1,0,0,0,0,1,0,1,1,0,1,0,0,0,0,0,1,1,0,0,1,0,0.19444444444444445,8.011508050415372,1
83,0,1,0,0,0,1,0,0,1,0,0,1,0,0,1,0,0,0,0,0,0,0,1,0,1,0,1,0,1,0,1,1,0,0,0,0,0.3055555555555556,1.4255764897848606,1
84,0,1,0,0,0,1,1,0,1,0,0,0,0,0,1,0,1,0,0,0,0,0,1,0,1,0,0,0,0,0,1,1,1,0,1,0,0.16666666666666666,2.117500478757125,1
85,0,1,0,0,0,0,1,0,0,0,0,1,0,1,1,0,0,0,0,1,0,1,1,0,1,0,0,0,0,0,1,0,0,1,1,0,0.16666666666666666,11.839181982582065,1
86,0,1,1,0,0,1,0,0,1,0,0,1,0,1,1,0,0,1,0,0,0,0,1,0,1,0,0,0,1,0,1,1,0,1,1,0,0.1111111111111111,13.02949895376431,1
87,0,1,0,0,0,1,1,0,1,0,1,1,0,1,1,0,0,0,0,1,0,1,1,0,1,0,0,0,1,0,1,0,1,0,1,0,0.19444444444444445,10.61559073780779,1
88,0,1,0,0,0,1,0,0,1,0,0,0,0,1,1,0,0,0,0,0,0,0,1,0,1,0,0,0,0,1,1,0,1,0,1,0,0.16666666666666666,4.16748299347156,1
89,0,1,0,0,0,1,1,0,1,0,0,1,0,1,1,0,0,0,0,0,0,0,0,0,1,0,0,0,1,0,1,0,1,0,0,0,0.25,15.710816479116417,1
90,0,1,1,0,0,1,0,0,1,0,0,1,0,1,1,0,0,0,1,0,0,0,1,0,0,0,1,1,0,1,1,0,1,0,0,0,0.19444444444444445,6.513260089204868,1
91,0,1,0,0,0,0,0,0,0,0,0,0,0,1,0,1,0,0,0,0,0,0,1,0,1,0,0,0,0,0,1,1,0,0,1,0,0.1111111111111111,2.0107308373170407,1
92,0,1,0,0,0,1,0,0,0,0,0,1,0,1,1,0,1,0,0,0,0,1,1,0,1,0,1,0,0,0,1,0,0,0,0,0,0.19444444444444445,8.097286062989745,1
93,1,1,0,0,0,1,0,0,1,0,0,0,0,1,1,0,0,0,0,0,0,0,1,0,1,0,0,0,0,0,1,1,0,0,0,0,0.2777777777777778,5.393780957539109,1
94,1,1,0,0,0,0,0,0,1,0,0,1,1,0,1,0,0,0,0,0,0,0,1,0,1,0,1,0,0,0,1,0,0,0,1,0,0.2777777777777778,0.9077478463961834,1
95,1,1,0,0,0,0,0,0,1,0,0,1,0,1,1,0,0,0,0,0,0,0,1,0,1,0,0,0,0,0,1,1,0,0,0,0,0.3055555555555556,4.3383013119596,1
96,0,1,0,0,0,1,1,1,1,0,0,0,0,1,1,0,0,0,0,0,0,0,1,0,1,0,0,0,0,0,1,0,0,0,1,0,0.19444444444444445,16.443953883245214,1
97,0,1,0,0,0,0,1,0,1,0,0,1,0,0,1,0,0,0,1,0,0,0,1,0,0,0,0,0,0,0,0,1,0,0,0,0,0.1388888888888889,2.278016410479704,1
98,0,1,0,0,0,0,1,0,1,0,0,1,1,1,1,0,1,0,0,0,0,0,1,1,1,0,1,0,0,0,1,1,0,0,0,0,0.16666666666666666,6.19066326425015,1
99,0,1,1,0,0,1,0,0,1,0,0,1,1,0,1,0,0,0,1,0,0,1,0,0,1,0,0,1,0,0,1,0,0,1,1,0,0.19444444444444445,8.80384642507438,1
