,0,1,2,3,4,5,6,7,8,9,10,11,12,13,14,15,16,17,18,19,20,21,22,23,24,25,26,27,28,29,30,31,32,33,34,35,chain_break_fraction,energy,num_occurrences
0,1,1,0,0,0,1,0,0,1,1,0,1,1,1,1,0,0,0,1,0,1,0,1,1,1,0,1,1,0,1,1,0,0,0,1,0,0.2777777777777778,21.84251778097711,1
1,0,0,0,1,1,0,1,1,0,0,1,0,0,0,0,1,0,1,0,1,0,1,0,1,0,1,0,0,1,1,0,1,1,1,0,1,0.2777777777777778,45.88880177473189,2
2,1,1,0,0,0,1,0,0,1,1,0,1,1,1,1,0,1,0,0,0,1,0,1,1,1,0,1,1,0,1,1,0,0,0,1,0,0.3055555555555556,21.78363424584243,1
3,0,0,0,1,1,1,1,1,0,0,1,0,0,0,0,1,0,1,0,1,0,1,0,1,0,1,0,0,1,1,0,1,1,1,0,1,0.3055555555555556,40.79042399606738,1
4,0,0,0,1,1,0,1,1,0,0,1,0,0,0,0,1,1,1,0,1,0,1,0,1,0,1,0,0,1,1,0,1,1,1,0,1,0.3333333333333333,43.79874995381897,1
5,1,1,0,0,0,1,0,0,1,1,0,1,1,1,1,0,1,0,1,0,1,0,1,1,1,0,1,1,0,1,1,0,0,0,1,0,0.2777777777777778,22.98932731775607,1
6,1,1,1,0,0,0,0,0,1,1,0,1,1,1,1,0,0,0,1,0,1,0,1,1,1,0,1,1,0,1,1,0,0,0,1,0,0.3055555555555556,22.246289038667992,1
7,1,1,0,0,0,1,0,0,1,1,0,1,1,1,1,0,1,0,0,0,1,0,1,1,1,0,1,1,0,1,1,0,0,0,1,0,0.3055555555555556,21.78363424584243,1
8,1,1,1,0,0,1,0,0,1,0,0,1,1,1,1,0,1,0,0,0,1,0,1,1,1,0,1,1,0,1,1,0,0,0,1,0,0.3055555555555556,19.640912155718862,1
9,1,1,1,0,0,1,0,0,1,1,0,1,1,1,1,0,1,0,1,0,1,0,1,1,1,0,1,1,0,1,1,0,0,0,1,0,0.3333333333333333,25.59462985431143,1
10,1,1,0,0,0,1,0,0,0,0,0,1,1,1,1,0,1,0,0,0,1,0,1,1,1,0,1,1,0,1,1,0,0,0,1,0,0.25,17.375622667160464,1
11,1,1,0,0,0,1,0,0,1,1,0,1,1,1,1,0,0,0,1,0,1,0,1,1,0,0,1,1,0,1,1,0,0,0,1,0,0.3055555555555556,22.330044059755878,1
12,1,1,0,0,0,1,0,0,1,0,0,1,1,1,1,0,1,0,0,0,1,0,1,1,0,0,1,1,0,1,1,0,0,0,1,0,0.25,17.999658404850756,1
13,0,1,0,0,0,1,0,0,1,1,0,1,1,1,1,0,1,0,1,0,1,0,1,1,0,0,1,1,0,1,1,0,0,0,1,0,0.25,21.871923395643943,1
14,1,1,0,0,0,1,0,0,1,0,0,1,0,1,1,0,1,0,1,0,1,0,1,1,1,0,1,1,0,1,1,0,0,0,1,0,0.2777777777777778,18.217838231484176,1
15,1,1,1,0,0,1,0,0,1,0,0,1,1,1,1,0,1,0,0,0,1,0,1,1,1,0,1,1,0,1,1,0,0,0,1,0,0.3611111111111111,19.640912155718862,1
16,1,1,1,0,0,1,0,0,1,0,0,1,1,1,1,0,1,0,0,0,1,0,1,1,1,0,1,1,0,1,1,0,0,0,1,0,0.3333333333333333,19.640912155718862,1
17,1,1,1,0,0,1,0,0,1,1,0,1,1,1,1,0,1,0,1,0,1,0,1,1,1,0,1,1,0,1,1,0,0,0,1,0,0.3611111111111111,25.59462985431143,1
18,1,1,0,0,0,1,0,0,1,1,0,1,0,1,1,0,0,0,1,0,1,0,1,1,0,0,1,1,0,1,1,0,0,0,1,0,0.2777777777777778,19.829764775943204,1
19,1,1,0,0,0,1,0,0,1,1,0,1,1,1,1,0,0,0,0,0,1,0,1,1,1,0,1,1,0,1,1,0,0,0,1,0,0.3333333333333333,20.133832926587914,1
20,1,1,0,0,0,1,0,0,1,0,0,1,1,1,1,0,1,0,0,0,1,0,1,1,1,0,1,1,0,1,1,0,0,0,1,0,0.3055555555555556,17.51162652672112,1
21,1,1,1,0,0,1,0,0,1,0,0,1,1,1,1,0,1,0,0,0,1,0,1,1,1,0,1,1,0,1,1,0,0,0,1,0,0.3055555555555556,19.640912155718862,1
22,1,1,0,0,0,1,0,0,1,1,0,1,1,1,1,0,1,0,0,0,1,0,1,1,1,0,1,1,0,1,1,0,0,0,1,0,0.3611111111111111,21.78363424584243,1
23,1,1,0,0,0,0,0,0,1,1,0,1,1,1,1,0,1,0,1,0,1,0,1,1,1,0,1,1,0,1,1,0,0,0,1,0,0.25,21.508719321387265,1
24,1,1,0,0,1,1,0,0,1,0,0,1,1,1,1,0,0,0,1,0,1,0,1,1,1,0,1,1,0,1,1,0,0,0,1,0,0.25,19.68709969664638,1
25,1,1,1,0,0,1,0,0,1,0,0,1,1,1,1,0,0,0,1,0,1,0,1,1,1,0,1,1,0,1,1,0,0,0,1,0,0.25,20.45571528099989,1
26,1,1,1,0,0,1,0,0,1,0,0,1,0,1,1,0,0,0,0,0,1,0,1,1,1,0,1,1,0,1,1,0,0,0,1,0,0.3333333333333333,16.269840036993,1
27,1,1,1,0,0,1,0,0,1,0,0,1,1,1,1,0,0,0,1,0,1,0,1,1,1,0,1,1,0,1,1,0,0,0,1,0,0.3055555555555556,20.45571528099989,1
28,1,1,0,0,0,1,0,0,0,1,0,1,1,1,1,0,1,0,0,0,1,0,1,1,1,0,1,1,0,1,1,0,0,0,1,0,0.3055555555555556,19.647630386281765,1
29,0,0,1,1,1,0,1,1,0,0,1,0,0,0,0,1,1,1,0,1,0,1,0,1,0,1,0,0,1,1,0,1,1,1,0,1,0.3333333333333333,42.13890522163209,1
30,1,1,1,0,0,1,0,0,1,0,0,1,1,1,1,0,0,0,0,0,1,0,1,1,1,0,1,1,0,1,1,0,0,0,1,0,0.2777777777777778,18.270212443616224,1
31,1,1,0,0,0,1,0,0,1,1,0,1,1,1,1,0,1,0,1,0,1,0,1,1,1,0,1,1,0,1,1,0,0,0,1,0,0.3055555555555556,22.98932731775607,1
32,1,1,1,0,0,0,0,0,1,0,0,1,1,1,1,0,0,0,1,0,1,0,1,1,1,0,1,1,0,1,0,0,0,0,1,0,0.3333333333333333,19.999321531708755,1
33,0,0,1,1,1,0,1,1,1,0,0,0,0,0,0,1,0,1,0,1,0,1,0,1,0,1,0,0,1,1,0,1,1,1,0,1,0.2777777777777778,43.63248382839867,1
34,1,1,0,0,0,1,0,0,1,0,0,1,0,1,1,0,0,0,1,0,1,0,1,1,0,0,1,1,0,1,1,0,0,0,1,0,0.25,17.558503231872173,1
35,0,1,1,0,0,1,0,0,1,0,0,1,1,1,1,0,1,0,0,0,1,0,1,1,1,0,1,1,0,1,1,0,0,0,1,0,0.3333333333333333,17.51162652672112,1
36,1,1,1,0,0,1,0,0,1,1,0,1,1,1,1,0,1,0,1,0,1,0,1,1,1,0,1,1,0,1,1,0,0,0,1,0,0.3055555555555556,25.59462985431143,1
37,1,1,0,0,0,0,0,0,1,0,0,1,1,1,1,0,0,0,1,0,1,0,1,1,0,0,1,1,0,1,1,0,0,0,1,0,0.3333333333333333,19.827186446782317,1
38,1,1,1,0,0,1,0,0,1,1,0,1,1,1,1,0,0,0,1,0,1,0,1,1,1,0,1,1,0,1,1,0,0,0,1,0,0.3888888888888889,23.72692192306265,1
39,1,1,1,0,0,1,0,0,0,1,0,1,1,1,1,0,1,0,0,0,1,0,1,1,1,0,1,1,0,1,1,0,0,0,1,0,0.2777777777777778,22.276916020136238,1
40,1,1,1,0,0,1,0,0,1,0,0,1,1,1,1,0,0,0,1,0,1,0,1,1,1,0,1,1,0,1,1,0,0,0,1,0,0.3055555555555556,20.45571528099989,1
41,0,1,0,0,0,1,0,0,1,0,0,1,1,1,1,0,0,0,1,0,1,0,0,1,0,0,1,1,0,1,1,0,0,0,1,0,0.2222222222222222,15.941049741042313,1
42,1,1,1,0,0,0,0,0,0,0,0,1,1,1,1,0,1,0,1,0,1,0,1,1,1,0,1,1,0,1,1,0,0,0,1,0,0.3055555555555556,22.08073030377486,1
43,1,1,0,0,0,0,0,0,1,1,0,1,0,1,1,0,1,0,1,0,1,0,1,1,1,0,1,1,0,1,0,0,0,0,1,0,0.2777777777777778,19.285636965846383,1
44,1,1,1,0,0,1,0,0,1,0,0,1,1,1,1,0,1,0,1,0,1,0,1,1,1,0,1,1,0,1,1,0,0,0,1,0,0.3333333333333333,21.32342321062697,1
45,1,1,1,0,0,0,0,0,1,0,0,1,1,1,1,0,0,0,0,0,1,0,1,1,1,0,1,1,0,1,1,0,0,0,1,0,0.4166666666666667,17.935280206108548,1
46,1,1,1,0,0,0,0,0,1,1,0,1,1,1,1,0,0,0,0,0,1,0,1,1,1,0,1,1,0,1,1,0,0,0,1,0,0.3888888888888889,19.958258253434966,1
47,1,1,1,0,0,1,0,0,0,0,0,1,1,1,1,0,1,0,1,0,1,0,1,1,1,0,1,1,0,1,1,0,0,0,1,0,0.2777777777777778,21.187819888784713,1
48,0,0,1,1,1,0,1,1,0,0,0,0,0,0,0,1,1,1,0,1,0,1,0,1,0,1,0,0,1,1,0,1,1,1,0,1,0.3333333333333333,45.13761373383433,1
49,1,1,0,0,0,0,0,0,1,0,0,1,1,1,1,0,1,0,1,0,1,0,1,1,1,0,0,1,0,1,1,0,0,0,1,0,0.3333333333333333,18.475268017563277,1
50,1,1,0,0,0,1,0,0,1,0,0,1,1,1,1,0,1,0,1,0,1,0,1,1,1,0,1,1,0,1,1,0,0,0,1,0,0.25,19.718120683785,1
51,1,1,1,0,0,0,0,0,1,0,0,1,1,1,1,0,1,0,1,0,1,0,1,1,1,0,1,1,0,1,1,0,0,0,1,0,0.3611111111111111,21.091818785673844,1
52,1,1,0,0,0,1,0,0,1,1,0,1,1,1,1,0,1,0,1,0,1,0,1,1,0,0,1,1,0,1,1,0,0,0,0,0,0.2777777777777778,24.30316158762069,1
53,1,1,1,0,0,0,0,0,1,1,0,1,1,1,1,0,0,0,0,0,0,0,1,1,1,0,1,1,0,1,1,0,0,0,1,0,0.3333333333333333,19.477429798584986,1
54,1,1,1,0,0,1,0,0,1,0,0,1,1,1,1,0,0,0,1,0,1,0,1,1,1,0,0,1,0,1,1,0,0,0,1,0,0.2222222222222222,19.471954175057377,1
55,1,1,0,0,0,1,0,0,1,0,0,1,0,1,1,0,0,0,1,0,1,0,1,1,1,0,1,1,0,1,1,0,0,0,0,0,0.3055555555555556,16.379182956156125,1
56,1,1,0,0,0,0,0,0,1,1,0,1,0,1,1,0,1,0,0,0,1,0,1,1,1,0,1,1,0,1,1,0,0,0,1,0,0.2777777777777778,17.199414755136,1
57,1,1,1,0,0,0,0,0,1,0,0,1,1,1,1,0,1,0,0,0,1,0,1,1,1,0,1,1,0,1,1,0,0,0,1,0,0.4166666666666667,18.30597869776611,1
58,1,1,1,0,0,0,0,0,1,1,0,1,1,1,1,0,0,0,0,0,1,0,1,1,1,0,1,1,0,1,1,0,0,0,1,0,0.25,19.958258253434966,1
59,0,1,1,0,0,0,0,0,1,1,0,1,1,1,1,0,1,0,1,0,1,0,1,1,1,0,1,1,0,1,1,0,0,0,1,0,0.3055555555555556,21.508719321387265,1
60,0,1,1,0,0,1,0,0,1,0,0,1,1,1,1,0,1,0,1,0,1,0,1,1,1,0,0,1,0,1,1,0,0,0,1,0,0.3333333333333333,18.734538763199527,1
61,1,1,0,0,0,1,0,0,1,1,0,1,0,1,1,0,1,0,0,0,1,0,1,1,1,0,1,1,0,1,1,0,0,0,1,0,0.3611111111111111,18.783351784504372,1
62,1,1,1,0,0,0,0,0,1,1,0,1,1,1,1,0,0,0,1,0,1,1,0,1,1,0,1,1,0,1,1,0,0,0,1,0,0.2222222222222222,24.919915163134924,1
63,0,1,1,0,0,0,0,0,1,0,0,1,1,1,1,0,0,0,0,0,1,0,1,1,1,0,0,1,0,1,1,0,0,0,1,0,0.2777777777777778,15.556345226444765,1
64,1,1,0,0,0,0,0,0,1,1,0,1,1,1,0,0,1,0,0,0,1,0,1,1,1,0,1,1,0,1,0,0,0,0,1,0,0.25,19.685116686165486,1
65,1,1,0,0,0,0,0,0,1,0,0,1,1,1,1,0,1,0,0,0,1,0,1,1,1,0,0,1,0,1,1,0,0,0,1,0,0.3055555555555556,15.706976110203541,1
66,1,1,0,0,0,1,0,0,0,0,0,1,1,1,1,0,1,0,1,0,1,0,1,1,1,0,1,1,0,1,0,0,0,0,1,0,0.3055555555555556,19.357064322962493,1
67,1,1,1,0,0,0,0,0,1,1,0,1,0,1,1,0,1,0,0,0,1,0,1,1,1,0,0,1,0,1,1,0,0,0,1,0,0.4166666666666667,18.372617548962875,1
68,0,0,0,1,1,1,1,1,0,0,1,0,0,0,0,1,0,1,0,1,0,1,0,1,0,1,0,0,1,1,0,1,1,1,0,1,0.3611111111111111,40.79042399606738,1
69,0,1,1,0,0,1,0,0,1,1,0,1,1,1,1,0,1,0,1,0,1,0,1,1,0,0,1,1,0,1,1,0,0,0,1,0,0.3333333333333333,23.977249820191002,1
70,1,1,1,0,0,0,0,0,1,0,0,1,1,1,1,0,1,0,1,0,1,0,1,1,1,0,1,1,0,1,1,0,0,0,1,0,0.3055555555555556,21.091818785673844,1
71,1,1,0,0,0,0,0,0,1,0,0,0,1,1,1,0,1,0,1,0,0,0,1,1,0,0,1,1,0,1,0,0,0,0,1,0,0.3055555555555556,13.810546509897723,1
72,1,1,0,0,0,1,0,0,0,1,0,1,1,1,1,0,1,0,1,0,1,0,1,1,0,0,1,1,0,1,1,0,0,0,1,0,0.3333333333333333,21.841619047344608,1
73,1,1,0,1,0,1,0,0,1,1,0,1,0,1,1,0,1,0,1,0,1,0,1,1,1,0,1,1,0,1,1,0,0,0,1,0,0.3055555555555556,26.699463711019288,1
74,1,1,1,0,0,1,0,0,0,0,0,1,1,1,1,0,0,0,0,0,1,0,1,1,1,0,1,1,0,1,1,0,1,0,1,0,0.2777777777777778,19.522559087186096,1
75,1,1,0,0,0,0,0,0,1,0,0,0,0,1,1,0,0,0,1,0,1,0,1,1,1,0,0,1,0,1,0,0,0,0,0,0,0.25,13.098050230989227,1
76,1,1,1,0,0,0,0,0,1,0,0,1,1,1,1,0,0,0,1,0,1,0,1,1,1,0,1,1,0,1,1,0,0,0,1,0,0.3333333333333333,21.224112076491807,1
77,1,1,0,0,0,0,0,0,1,0,0,1,1,1,0,0,1,0,1,0,1,0,1,1,1,0,1,1,0,1,1,0,0,0,1,0,0.3611111111111111,22.870753209061707,1
78,0,1,0,0,0,0,0,0,1,1,0,1,0,1,1,0,0,0,1,0,0,0,1,1,0,0,1,1,0,1,1,0,0,0,1,0,0.25,17.250387022526745,1
79,0,1,0,0,0,1,0,0,1,1,0,1,1,1,1,0,1,0,1,0,0,0,1,1,1,0,1,1,0,1,1,0,0,0,1,0,0.3611111111111111,21.250456175543817,1
80,0,1,0,0,0,0,0,0,0,0,0,1,1,1,1,0,1,0,1,0,1,0,1,1,1,0,0,1,0,1,1,0,0,0,1,0,0.25,19.851687604201853,1
81,1,1,1,1,0,0,0,0,1,0,0,1,1,1,1,0,0,0,0,0,1,0,1,1,1,0,1,1,0,1,1,0,0,0,1,0,0.3888888888888889,22.752002458222396,1
82,1,1,1,0,0,1,0,0,1,0,0,1,1,1,0,0,1,0,1,0,1,0,1,1,1,0,0,1,0,1,0,0,0,0,1,0,0.3055555555555556,20.622815197716218,1
83,0,1,1,0,0,1,0,0,0,0,0,1,1,1,1,0,0,0,0,0,1,0,1,1,1,0,1,1,0,1,0,0,0,0,1,0,0.3611111111111111,16.500660157798738,1
84,1,1,0,0,0,0,0,0,1,1,0,1,1,1,1,0,1,0,1,0,0,0,1,1,1,0,1,1,0,1,1,0,0,0,1,0,0.3888888888888889,20.294729575077874,1
85,0,1,1,0,0,1,0,0,1,0,0,1,0,1,1,0,0,0,1,0,1,0,1,0,1,0,1,1,0,1,1,0,0,0,1,0,0.2777777777777778,12.152059967661842,1
86,1,1,0,1,0,1,0,0,1,0,0,1,1,1,1,0,1,0,1,0,1,0,1,1,1,0,1,1,0,1,0,0,0,0,1,0,0.2777777777777778,25.7042606738952,1
87,1,1,0,0,0,0,0,0,1,0,0,1,1,1,1,0,0,0,0,0,1,0,1,1,1,0,1,1,0,1,0,0,1,0,0,0,0.2777777777777778,15.799383631857674,1
88,1,1,0,0,1,0,0,0,1,1,0,1,0,1,0,0,1,0,0,0,1,0,1,1,1,0,1,1,0,1,1,0,0,0,0,0,0.2777777777777778,15.824391752688301,1
89,0,1,0,0,0,1,0,0,1,0,0,1,1,1,1,0,0,0,0,0,1,0,1,0,1,0,1,1,0,1,1,0,0,0,1,0,0.3055555555555556,11.986499891170027,1
90,0,1,0,1,0,0,0,0,1,1,0,0,1,1,1,0,0,0,1,0,1,0,1,1,0,0,1,0,0,1,1,0,0,0,1,0,0.16666666666666666,16.36905491328798,1
91,1,1,1,0,0,1,0,0,0,1,1,1,1,1,1,0,0,0,1,0,1,0,1,1,1,0,0,1,0,1,1,0,0,0,1,0,0.3611111111111111,25.114493815265707,1
92,1,1,0,1,0,1,0,0,1,1,0,1,0,1,1,0,0,0,1,0,1,0,1,1,1,0,1,1,0,1,1,0,0,0,1,0,0.3055555555555556,24.610860553788797,1
93,1,1,0,1,0,0,0,0,1,0,0,1,0,1,1,0,1,0,0,0,1,0,1,1,0,0,0,1,0,1,0,0,0,0,1,0,0.3055555555555556,20.245491517931807,1
94,0,1,0,0,0,1,0,0,1,1,0,1,0,1,1,0,0,0,0,0,1,0,1,1,1,0,1,1,0,1,1,0,0,0,0,0,0.3055555555555556,15.857143020558334,1
95,0,1,0,0,0,0,0,0,1,0,0,1,1,1,1,0,0,0,1,0,1,0,1,1,1,0,0,1,0,1,1,0,0,0,0,0,0.3055555555555556,16.30005794300267,1
96,0,1,0,0,0,0,0,0,0,0,0,1,0,1,1,0,0,0,1,0,1,0,1,1,1,0,1,1,0,1,1,0,0,0,0,0,0.2222222222222222,21.233738987716215,1
97,1,1,0,0,0,0,0,0,0,0,0,0,1,1,1,1,1,0,1,0,1,0,1,1,1,0,1,0,0,1,1,0,0,0,1,0,0.19444444444444445,13.10166077784486,1
98,0,1,1,0,0,0,0,0,1,0,0,1,0,1,1,0,1,0,0,1,1,0,1,1,0,0,0,1,0,1,1,0,0,0,1,0,0.3055555555555556,21.297277241949185,1
