,0,1,2,3,4,5,6,7,8,9,10,11,12,13,14,15,16,17,18,19,20,21,22,23,24,25,26,27,28,29,30,31,32,33,34,35,chain_break_fraction,energy,num_occurrences
0,0,0,1,0,0,1,1,1,1,0,0,1,1,1,1,1,0,0,0,0,1,1,0,1,1,1,0,1,0,1,1,1,1,1,0,0,0.2777777777777778,23.60106655068335,1
1,0,0,1,0,0,1,1,0,1,0,0,1,1,0,1,1,0,0,1,0,1,1,0,0,1,1,0,1,0,1,1,1,1,1,0,0,0.3055555555555556,31.376840441443314,1
2,0,0,1,0,0,0,1,1,1,0,1,1,1,0,1,1,0,0,1,0,1,1,0,0,1,1,0,1,0,1,1,0,1,1,0,0,0.19444444444444445,16.104886076705995,1
3,0,0,0,0,0,1,1,0,0,0,0,1,1,1,1,1,0,0,1,0,1,1,0,1,1,1,0,1,0,1,1,1,1,1,0,0,0.3055555555555556,42.527188652679165,1
4,0,0,1,0,0,1,1,0,1,0,0,1,1,1,1,1,0,0,0,0,1,1,0,1,1,1,0,1,0,1,1,1,1,1,0,0,0.2777777777777778,29.639614789974807,1
5,1,1,1,1,0,0,0,0,0,1,0,0,0,0,0,0,1,1,0,1,0,0,1,1,0,0,1,0,1,0,0,1,0,0,0,1,0.2222222222222222,16.41899915801709,1
6,0,0,1,0,0,1,1,1,1,0,0,1,1,0,1,1,0,0,1,0,1,1,0,1,1,1,0,1,0,1,1,1,1,1,0,0,0.3055555555555556,30.63673987437894,1
7,0,0,1,0,0,0,1,1,1,0,0,1,1,1,1,1,0,0,1,0,1,1,0,1,1,1,0,1,0,1,1,1,1,1,1,0,0.3333333333333333,37.971838861762365,1
8,0,0,1,0,0,1,1,1,1,0,0,1,1,0,1,1,0,0,1,0,1,1,0,0,1,1,0,1,0,1,1,1,1,1,0,0,0.3055555555555556,24.23036014456175,1
9,0,0,1,0,0,1,0,1,1,0,0,1,1,0,1,1,0,0,1,0,1,1,0,0,1,1,0,1,0,1,1,1,1,1,0,0,0.3333333333333333,27.803600293002532,1
10,0,0,1,0,0,1,1,0,1,0,0,1,1,0,1,1,0,0,1,0,1,0,0,1,1,1,0,1,0,1,0,1,1,1,1,0,0.2777777777777778,28.641799132829473,1
11,0,0,1,0,0,1,1,1,1,0,1,1,1,1,1,1,0,0,1,0,1,1,0,1,1,1,0,1,0,1,1,1,1,1,0,0,0.25,26.829130311684047,1
12,0,0,1,0,0,0,1,1,1,0,0,1,1,1,1,1,0,0,1,0,1,1,1,0,1,1,0,1,0,1,1,1,1,1,1,0,0.25,33.2042092365109,1
13,0,0,1,0,0,0,1,1,0,0,0,1,1,1,1,1,0,0,1,0,1,1,0,0,1,1,0,1,0,1,1,1,1,1,0,0,0.2777777777777778,28.192212352337492,1
14,0,0,1,0,0,1,1,1,0,0,0,1,1,1,0,1,0,0,1,0,1,1,0,0,1,1,0,1,0,1,1,1,1,1,1,0,0.3611111111111111,31.995517042740715,1
15,0,0,1,0,0,1,1,1,1,0,1,1,1,0,1,1,0,0,1,0,1,1,0,0,1,1,0,1,0,1,1,1,1,0,1,0,0.3888888888888889,21.23139134928635,1
16,1,0,1,0,0,1,0,1,1,0,0,1,1,0,1,1,0,0,1,0,1,1,0,0,1,1,0,1,0,1,1,1,1,1,0,0,0.3055555555555556,24.230360144561757,1
17,0,0,1,0,0,1,0,1,1,0,0,1,1,0,1,1,0,0,1,0,1,1,0,0,1,1,0,1,0,1,1,1,1,0,0,0,0.3055555555555556,20.47173088060558,1
18,0,0,1,0,0,1,1,1,1,0,0,1,1,1,0,1,0,0,0,0,1,1,1,1,1,1,0,1,0,1,1,1,1,1,0,0,0.19444444444444445,28.549897769147492,1
19,0,0,1,0,0,0,1,1,1,0,0,1,1,1,1,1,0,0,1,0,0,1,0,0,1,1,0,1,0,1,1,1,1,1,1,0,0.3055555555555556,27.33277271733629,1
20,1,1,0,1,1,0,0,0,0,1,1,0,0,0,0,0,0,1,0,1,0,0,0,0,0,0,1,0,0,0,0,1,0,0,0,1,0.25,15.85561955780049,1
21,0,0,1,0,0,0,1,1,1,0,0,1,1,0,1,1,0,0,1,0,1,1,0,1,1,1,0,1,0,1,1,0,1,1,1,0,0.3333333333333333,29.164459322782562,1
22,0,0,1,0,0,0,1,1,0,0,0,1,1,0,1,1,0,0,1,0,1,1,0,0,1,1,0,1,0,1,0,0,1,1,0,0,0.19444444444444445,15.706479212838685,1
23,1,0,1,1,1,0,1,1,0,1,1,0,0,0,0,0,1,1,0,0,0,0,1,1,0,0,1,0,1,0,0,1,0,0,0,1,0.3333333333333333,20.305084216795876,1
24,0,0,1,0,0,0,0,1,1,0,0,1,1,0,1,1,0,0,1,0,1,1,0,0,1,1,0,1,0,1,1,1,1,0,0,0,0.25,23.481832516997702,1
25,1,0,0,1,1,0,0,0,0,1,1,0,0,0,0,0,1,1,0,0,0,0,1,1,0,0,1,0,1,0,0,1,0,0,0,1,0.25,10.904958303165348,1
26,0,0,1,0,0,1,1,1,1,0,1,1,1,0,1,1,0,0,1,0,1,1,0,0,1,1,0,1,0,1,0,1,1,1,1,0,0.3611111111111111,22.931399407592746,1
27,1,1,0,1,1,0,0,0,0,1,0,0,0,0,0,0,1,1,0,1,0,0,1,0,0,0,1,0,1,0,0,1,0,0,1,1,0.3333333333333333,17.911138624502307,1
28,0,1,1,0,0,1,1,1,1,0,1,1,1,1,1,1,0,0,1,0,1,1,0,0,1,1,0,1,0,1,1,1,1,1,0,0,0.3055555555555556,23.277684180863986,1
29,0,0,0,0,0,1,1,1,1,0,0,1,1,0,1,1,0,0,0,0,1,1,0,0,1,1,0,1,0,1,1,1,1,1,1,0,0.3333333333333333,26.411437688454043,1
30,0,0,1,0,0,1,1,1,0,0,1,1,1,0,1,1,0,0,1,0,1,1,1,0,1,1,0,1,0,1,0,1,1,1,1,0,0.3333333333333333,27.5535812753818,1
31,0,0,1,0,0,0,1,1,1,0,0,1,1,1,1,1,0,0,0,0,1,1,0,1,1,1,0,1,0,1,0,1,1,1,1,0,0.2777777777777778,26.258184490085466,1
32,0,0,1,0,0,1,1,1,1,0,0,1,1,1,0,1,0,0,0,0,1,1,0,0,1,1,0,1,0,1,1,0,1,1,1,1,0.3611111111111111,24.532236575967755,1
33,0,0,0,0,0,0,1,0,1,0,0,1,1,0,1,1,0,0,1,0,1,1,0,0,1,1,0,1,0,1,0,0,1,1,0,0,0.25,22.162926369303218,1
34,1,0,1,0,0,1,1,1,1,0,0,1,1,1,0,1,0,0,1,0,1,1,0,0,1,1,0,1,0,1,1,0,1,1,0,0,0.3055555555555556,15.30340391561285,1
35,0,1,0,0,0,0,1,1,1,0,0,1,1,0,1,1,0,0,1,0,1,1,0,0,1,1,0,1,0,1,1,1,1,1,1,0,0.3055555555555556,30.84639034328606,1
36,1,1,0,1,1,0,0,0,0,1,1,0,0,0,0,0,1,1,0,1,0,0,1,0,0,0,1,0,1,0,0,1,0,0,0,1,0.3333333333333333,16.99495390185229,1
37,0,0,1,0,0,1,1,0,0,0,1,1,1,1,1,1,0,0,0,0,1,1,0,1,1,1,0,1,0,1,1,1,1,1,1,0,0.3611111111111111,36.15351007537032,1
38,0,0,1,0,0,1,0,1,1,0,0,1,1,1,1,1,0,0,1,0,1,1,1,0,1,1,0,1,0,1,1,1,1,0,0,1,0.2777777777777778,31.154664502338232,1
39,0,0,1,0,0,1,1,1,0,0,0,1,0,1,1,1,0,0,1,0,0,1,0,1,1,1,0,1,0,1,1,1,0,1,0,0,0.2222222222222222,25.308140879373312,1
40,0,0,1,0,0,0,1,1,1,0,1,1,1,1,0,1,0,0,1,0,1,1,0,0,1,1,0,1,0,1,1,1,1,1,1,1,0.3888888888888889,45.246270967265374,1
41,1,1,0,1,1,0,0,0,0,1,1,0,0,0,0,0,1,1,0,0,0,0,1,1,0,0,1,0,1,0,0,1,0,0,0,1,0.2777777777777778,14.666479715378712,1
42,1,0,1,0,0,0,1,1,1,0,1,1,1,0,1,1,0,0,1,0,1,1,0,0,1,1,0,1,1,1,1,1,1,1,1,0,0.3611111111111111,34.01711622826143,1
43,0,0,0,0,0,1,1,1,1,0,1,0,1,1,1,1,0,0,1,0,1,1,0,0,1,1,0,1,0,1,1,1,1,1,0,1,0.3333333333333333,37.22337380477632,1
44,0,0,1,0,0,0,0,1,1,0,0,1,1,0,1,1,0,0,1,0,1,1,0,1,1,1,0,1,0,1,1,1,1,1,1,0,0.3333333333333333,49.8737815929973,1
45,0,0,1,0,0,1,0,1,1,0,0,1,1,1,1,1,0,0,1,0,1,1,0,0,1,1,0,1,0,1,1,1,1,1,1,0,0.3611111111111111,30.51782061732449,1
46,1,1,0,1,1,0,0,0,0,1,1,0,0,0,0,0,1,1,0,1,0,0,1,1,0,0,1,0,1,0,0,1,0,0,1,1,0.3611111111111111,19.675739654933007,1
47,0,0,1,0,0,1,1,0,1,0,0,1,1,1,0,1,0,0,0,0,1,0,1,0,1,1,0,1,0,1,1,1,1,1,0,0,0.2777777777777778,20.559930145009048,1
48,1,1,0,1,1,0,0,0,0,1,1,0,0,0,0,0,1,1,0,0,0,0,1,1,0,0,1,0,1,0,0,1,0,0,1,1,0.3333333333333333,15.407633802090611,1
49,1,0,1,0,0,1,1,1,1,0,0,1,1,0,1,1,0,0,1,0,1,1,0,1,1,1,0,1,0,1,1,1,1,0,1,0,0.3611111111111111,24.130673258500305,1
50,0,0,0,0,0,1,0,1,0,0,1,0,0,1,1,1,0,0,1,0,1,1,0,0,1,1,0,0,0,1,0,0,1,0,0,0,0.08333333333333333,9.133073616811096,1
51,1,1,0,1,1,0,1,0,0,1,1,0,0,0,0,0,1,1,0,1,1,0,1,1,0,0,1,0,1,0,0,1,0,0,1,1,0.3333333333333333,19.232278856486555,1
52,0,0,1,0,0,1,0,0,1,0,0,1,0,1,1,1,0,0,1,0,1,1,0,1,1,1,0,1,0,1,1,0,1,1,0,0,0.3333333333333333,30.30892530334138,1
53,0,0,1,0,0,1,1,1,1,0,0,1,1,1,1,1,0,0,1,0,1,1,0,0,1,1,0,1,0,1,1,1,1,1,0,0,0.3888888888888889,23.422551604983298,1
54,1,0,1,0,0,0,1,1,1,0,0,1,1,0,0,1,0,0,1,0,1,1,0,0,1,1,0,0,0,1,1,0,1,1,0,0,0.2777777777777778,8.591568539494144,1
55,1,1,1,0,1,0,0,0,1,1,1,0,0,0,0,0,1,0,0,1,1,0,0,1,0,0,0,0,1,0,0,1,0,0,0,1,0.1111111111111111,9.601488085888892,1
56,0,0,0,0,0,0,1,1,0,0,0,1,1,1,1,1,0,0,1,0,1,1,0,1,1,1,0,1,0,1,1,1,1,1,1,0,0.3611111111111111,46.54128976344365,1
57,0,0,1,0,0,1,0,1,1,0,0,1,1,1,1,1,0,0,0,0,1,1,0,0,1,1,0,1,0,1,1,1,1,1,0,0,0.3611111111111111,22.23291914552587,1
58,0,0,1,0,0,1,1,1,1,0,0,1,1,1,1,1,0,0,1,0,1,1,1,0,1,1,0,0,0,1,1,1,1,1,0,0,0.2777777777777778,16.36794801296005,1
59,0,0,0,0,0,0,1,1,1,0,0,1,1,1,1,1,0,0,1,0,1,1,0,0,1,1,0,1,0,1,0,1,1,1,0,0,0.3611111111111111,22.54642431207816,1
60,0,0,1,0,0,0,1,1,1,0,1,1,1,1,1,1,0,0,1,0,1,1,0,0,1,1,0,1,0,1,0,1,1,1,0,0,0.2222222222222222,20.366478754297663,1
61,0,0,1,0,0,1,1,0,1,0,1,1,1,1,0,1,0,0,1,0,1,1,0,1,1,1,0,1,0,1,1,1,1,1,1,0,0.3055555555555556,41.89101203594672,1
62,0,0,1,0,0,1,1,1,0,0,1,1,1,1,1,1,0,0,1,0,1,1,1,0,1,1,0,1,0,1,1,1,1,0,1,0,0.2222222222222222,23.83898147057526,1
63,0,0,1,0,0,1,1,0,1,0,0,1,1,1,1,1,0,0,1,0,1,1,0,0,1,1,0,1,0,0,1,1,1,1,1,0,0.25,23.440773249982257,1
64,1,1,0,1,1,0,1,0,0,1,1,0,0,0,0,0,1,1,0,1,0,0,1,1,0,0,1,0,1,0,0,1,0,0,0,1,0.3333333333333333,18.938459913595747,1
65,0,0,1,0,1,0,1,1,1,0,0,1,1,1,1,1,0,0,1,0,1,0,0,1,1,1,0,1,0,1,1,1,1,1,1,0,0.3611111111111111,27.209067991794555,1
66,0,0,1,0,0,0,1,1,0,0,1,1,1,1,1,1,0,0,1,0,1,1,0,0,1,1,0,0,0,1,1,1,1,0,1,1,0.25,24.15637688658885,1
67,1,1,1,1,1,0,0,0,0,1,1,0,0,0,0,0,1,1,0,1,0,0,1,0,0,0,1,0,1,0,0,1,0,1,0,1,0.25,18.18994446591846,1
68,0,0,1,0,0,0,1,1,1,0,1,1,1,0,1,1,0,0,1,0,1,0,0,0,0,1,0,1,0,1,0,1,1,1,1,0,0.25,17.74952703279793,1
69,0,0,1,0,0,0,1,1,1,0,0,1,1,1,1,1,0,0,1,0,1,1,0,1,0,1,0,1,0,1,1,1,1,1,1,0,0.2777777777777778,33.255583654603214,1
70,0,0,1,0,1,1,0,1,1,0,1,1,1,1,1,1,0,0,1,0,1,1,1,0,1,1,0,1,0,1,1,1,1,1,1,0,0.4166666666666667,30.24936028137892,1
71,0,0,0,0,0,1,0,1,1,0,0,1,1,1,1,1,0,0,1,0,1,1,0,0,1,1,0,1,0,1,1,0,1,1,0,0,0.2777777777777778,18.444330241213454,1
72,0,1,1,0,0,0,1,1,1,0,0,1,1,0,1,1,0,0,1,0,1,1,0,0,1,1,0,1,0,1,1,1,1,1,1,0,0.3611111111111111,28.061744744865855,1
73,0,1,0,1,1,0,1,1,0,1,0,0,0,0,0,0,1,1,0,0,0,1,1,1,0,0,1,0,1,0,0,1,0,0,1,1,0.3333333333333333,15.947507944028187,1
74,1,1,0,1,1,0,0,0,0,1,0,0,0,0,0,0,1,1,1,1,0,0,1,0,0,0,0,0,1,0,0,1,0,0,1,1,0.2777777777777778,18.173555483791038,1
75,0,0,0,0,0,1,1,1,1,0,0,1,1,1,1,1,0,0,1,0,1,1,0,0,1,1,0,1,0,1,0,1,1,1,0,0,0.3611111111111111,20.53633779032019,1
76,0,0,1,0,1,0,1,1,1,0,1,1,0,1,1,1,0,0,1,0,1,1,1,0,1,1,0,1,0,1,0,1,1,0,1,0,0.3055555555555556,19.026267071693418,1
77,1,0,1,0,0,0,1,1,1,1,0,1,1,1,1,1,0,0,1,0,1,1,0,0,1,1,0,1,0,1,0,1,1,1,0,0,0.3333333333333333,19.468658313876393,1
78,0,1,1,0,0,0,0,1,0,1,1,1,1,1,1,1,0,0,1,0,1,1,0,0,1,1,0,1,0,1,1,0,1,0,1,0,0.3333333333333333,18.752955378813525,1
79,0,0,1,0,0,1,0,1,1,0,1,1,1,1,1,1,0,0,1,0,1,0,0,0,1,1,0,1,0,1,1,1,1,1,1,0,0.3333333333333333,24.443043741997727,1
80,0,0,1,0,0,1,0,1,1,0,0,1,1,1,1,1,0,0,1,0,1,1,0,0,1,1,0,1,0,1,1,1,1,1,0,0,0.3611111111111111,25.99579175338784,1
81,0,0,1,0,0,0,1,1,1,0,0,1,1,1,1,1,0,0,1,0,1,1,0,0,1,1,0,1,1,1,1,1,1,1,0,0,0.3888888888888889,30.496323669375812,1
82,0,0,0,0,0,1,1,0,1,0,0,1,1,0,1,1,0,0,1,0,1,1,0,1,1,1,0,1,0,1,1,1,1,0,1,0,0.3611111111111111,38.61259187186543,1
83,0,0,1,0,0,0,1,1,1,0,1,1,0,1,1,1,0,0,1,0,1,1,1,0,1,1,0,1,0,1,1,0,1,0,1,1,0.2222222222222222,26.28610349617366,1
84,1,1,0,1,1,0,0,1,0,1,1,0,0,0,0,0,1,1,0,1,1,0,1,0,0,0,1,0,1,0,0,1,0,0,0,1,0.3333333333333333,20.34382484933468,1
85,1,0,0,0,0,0,1,0,0,0,0,1,1,0,1,1,0,0,0,0,1,0,0,0,1,1,0,1,0,1,1,0,1,1,1,0,0.25,17.001615165655892,1
86,0,0,1,0,0,0,0,1,1,0,0,1,1,1,1,1,1,0,0,0,1,1,0,0,1,1,0,1,1,1,0,0,1,1,1,0,0.2222222222222222,17.595425982315096,1
87,0,1,1,0,0,0,1,1,0,0,0,1,0,1,1,1,0,0,0,0,1,1,0,0,0,1,0,1,0,1,1,1,1,1,1,0,0.2222222222222222,22.353015444661352,1
88,0,0,1,0,0,0,1,1,1,0,0,1,1,1,0,1,0,0,1,0,1,1,0,0,1,1,0,1,0,1,1,0,1,0,1,0,0.25,15.824940703437267,1
89,1,0,0,0,0,1,1,1,1,0,1,1,1,0,1,1,0,0,1,0,1,1,0,1,1,1,0,1,0,1,0,1,1,1,0,0,0.4166666666666667,22.67094626918002,1
90,1,0,1,0,1,0,0,1,1,0,0,1,0,1,0,1,0,0,1,1,1,0,1,0,0,1,1,0,0,0,0,0,1,0,0,0,0.027777777777777776,7.791572583961775,1
91,0,0,1,0,0,0,1,1,1,0,0,1,1,1,1,1,1,0,1,0,0,1,0,1,1,1,0,1,0,1,1,1,0,1,1,0,0.3055555555555556,27.077673647068586,1
92,0,0,1,0,0,0,0,0,1,0,1,1,1,1,1,1,0,0,1,0,1,0,1,0,1,1,0,1,0,1,1,0,1,1,1,0,0.2777777777777778,22.056873837735523,1
93,0,0,1,0,0,0,1,0,1,1,0,0,1,1,0,1,1,0,1,0,0,0,1,0,1,1,0,1,0,1,0,0,1,1,0,0,0.1111111111111111,11.858539832870015,1
94,0,0,0,0,0,0,1,1,1,1,0,1,0,0,1,1,0,0,1,0,1,1,0,0,1,1,0,1,1,1,1,0,1,1,0,0,0.2777777777777778,23.079586479094015,1
95,1,0,0,0,0,0,1,1,0,1,1,1,0,1,1,1,0,0,1,0,1,1,1,0,1,0,0,1,0,0,0,0,1,1,0,0,0.05555555555555555,9.049008346952599,1
96,0,0,1,0,0,0,0,1,1,0,1,1,1,1,0,1,0,0,1,0,1,1,0,1,1,1,0,1,0,0,1,0,1,1,1,0,0.3611111111111111,19.602836062265446,1
97,1,0,1,0,0,1,0,0,1,0,0,1,1,1,1,1,0,0,1,0,1,1,0,0,1,1,0,1,0,0,1,1,1,1,0,0,0.3611111111111111,20.146891112499105,1
98,1,0,1,0,0,1,0,1,0,0,0,1,1,1,1,1,0,0,0,0,1,0,0,0,0,1,0,0,0,1,1,1,1,1,1,0,0.2222222222222222,14.661461290839384,1
99,0,0,0,0,0,1,1,1,1,0,0,1,1,1,1,1,0,0,1,0,1,1,0,1,1,1,0,1,0,1,1,1,1,1,1,1,0.4166666666666667,50.901424766611285,1
