,0,1,2,3,4,5,6,7,8,9,10,11,12,13,14,15,16,17,18,19,20,21,22,23,24,25,26,27,28,29,30,31,32,33,34,35,chain_break_fraction,energy,num_occurrences
0,0,0,1,0,0,0,1,1,0,0,1,1,1,0,1,0,0,0,1,0,0,1,0,0,0,0,1,0,0,1,1,1,1,0,0,0,0.3611111111111111,13.05458367183895,1
1,0,0,1,0,0,0,1,0,0,0,1,1,1,0,1,0,0,0,1,0,0,1,0,0,0,0,1,0,0,1,1,1,1,0,0,0,0.2777777777777778,13.054135421979332,1
2,0,0,1,0,0,0,1,1,0,0,1,1,1,0,1,0,0,0,1,0,0,1,0,0,0,0,1,0,0,1,1,1,1,0,0,0,0.3611111111111111,13.05458367183895,1
3,0,0,1,0,0,0,1,1,0,0,1,1,1,0,1,0,0,0,1,0,0,1,0,0,0,0,1,0,0,1,1,1,1,0,0,0,0.3611111111111111,13.05458367183895,1
4,0,0,1,0,0,0,1,1,0,0,1,1,1,0,1,0,0,0,1,0,0,1,0,0,0,0,1,0,0,1,1,1,1,0,0,0,0.3055555555555556,13.05458367183895,1
5,0,0,1,0,0,0,1,1,0,0,1,1,1,0,1,0,0,0,1,0,0,1,0,0,0,0,1,0,0,1,1,1,1,0,0,0,0.2777777777777778,13.05458367183895,1
6,0,0,1,0,0,0,1,1,0,0,1,1,1,0,1,0,0,0,1,0,0,1,0,0,0,0,1,0,0,1,1,1,0,0,0,0,0.3055555555555556,10.726115800061548,1
7,0,0,1,0,0,0,1,1,0,0,1,1,1,0,1,0,0,0,1,0,0,1,0,0,0,0,1,0,0,1,1,1,0,0,0,0,0.3055555555555556,10.726115800061548,1
8,0,0,1,0,0,0,1,0,0,0,1,1,1,0,1,0,0,0,1,0,1,1,0,0,0,0,1,0,0,1,1,1,1,0,0,0,0.3333333333333333,16.775502816235868,1
9,0,0,1,0,0,0,1,1,0,0,1,1,1,0,1,0,0,0,1,0,0,1,0,0,0,0,1,0,0,1,1,1,1,0,0,0,0.2777777777777778,13.05458367183895,1
10,0,0,1,0,0,0,1,1,0,0,1,1,1,0,1,0,0,0,1,0,0,1,0,0,0,0,1,0,0,1,1,1,1,0,0,0,0.3333333333333333,13.05458367183895,1
11,0,0,1,0,0,0,1,1,0,0,1,1,1,0,1,0,0,0,1,0,0,1,0,0,0,0,1,0,0,1,1,1,0,0,0,0,0.3333333333333333,10.726115800061548,1
12,0,0,1,0,0,0,1,1,0,0,1,1,1,0,1,0,0,0,1,0,0,1,0,0,0,0,1,0,0,1,1,1,1,0,0,0,0.3611111111111111,13.05458367183895,1
13,0,0,1,0,0,0,1,1,0,0,1,1,1,0,1,0,0,0,1,0,0,1,0,0,0,0,1,0,0,0,1,1,1,0,0,0,0.3055555555555556,9.861390485579726,1
14,0,0,1,0,0,0,1,1,0,0,1,1,1,0,1,0,0,0,1,0,0,1,0,0,0,0,1,0,0,1,1,1,0,0,0,0,0.2777777777777778,10.726115800061548,1
15,0,1,1,0,0,0,1,1,0,0,1,1,1,0,1,0,0,0,1,0,0,1,0,0,0,0,1,0,0,1,1,1,0,0,0,0,0.3055555555555556,12.725860240549085,1
16,0,0,1,0,0,0,1,1,0,0,1,1,1,0,1,0,0,0,1,0,0,1,0,0,0,0,1,0,0,0,1,1,1,0,0,0,0.3888888888888889,9.861390485579726,1
17,0,0,1,0,0,0,1,1,0,0,1,1,1,0,1,0,0,0,1,0,1,1,0,0,0,0,1,0,0,1,1,1,1,0,0,0,0.3888888888888889,15.775949135212658,1
18,0,0,1,0,0,0,1,1,0,0,1,1,1,0,1,0,0,0,1,0,0,1,0,0,0,0,1,0,0,1,1,1,1,0,0,0,0.3611111111111111,13.05458367183895,1
19,0,0,1,0,0,0,1,0,0,0,1,1,1,0,1,0,0,0,1,0,0,1,0,0,0,0,1,0,0,1,1,1,1,0,0,0,0.25,13.054135421979332,1
20,0,0,1,0,0,0,1,1,0,0,1,1,1,0,1,0,0,0,1,0,0,1,0,0,0,0,1,0,0,1,1,1,1,0,0,0,0.3333333333333333,13.05458367183895,1
21,0,0,1,0,0,0,1,1,0,0,1,1,1,0,1,0,0,0,1,0,0,1,0,0,0,0,0,0,0,1,1,1,0,0,0,0,0.25,9.156624556182946,1
22,0,0,1,0,0,0,1,1,0,0,1,1,1,0,1,0,0,0,1,0,0,1,0,0,0,0,1,0,0,1,1,1,0,0,0,0,0.3333333333333333,10.726115800061548,1
23,0,0,1,0,0,0,1,1,0,0,1,1,1,0,1,0,0,0,1,0,0,1,0,0,0,0,1,0,0,1,1,1,1,0,0,0,0.3055555555555556,13.05458367183895,1
24,0,0,1,0,0,0,1,1,0,0,1,1,1,0,1,0,0,0,1,0,1,1,0,0,0,0,1,0,0,1,1,1,0,0,0,0,0.3333333333333333,12.671336708589953,1
25,0,0,1,0,0,0,1,1,0,0,1,1,1,0,1,0,0,0,1,0,0,1,0,0,0,0,1,0,0,1,1,1,1,0,0,0,0.3333333333333333,13.05458367183895,1
26,0,0,1,0,0,0,1,0,0,0,1,1,1,0,1,0,0,0,1,0,0,1,0,0,0,0,1,0,0,1,1,1,1,0,0,0,0.3333333333333333,13.054135421979332,1
27,0,0,1,0,0,0,1,1,0,0,1,1,1,0,1,0,0,0,1,0,0,1,0,0,0,0,1,0,0,1,1,1,0,0,0,0,0.3333333333333333,10.726115800061548,1
28,0,0,1,0,0,0,1,1,0,0,1,1,1,0,1,0,0,0,1,0,0,1,0,0,0,0,1,0,0,1,1,1,1,0,0,0,0.3333333333333333,13.05458367183895,1
29,0,0,1,0,0,0,1,1,0,0,0,1,1,0,1,0,0,0,1,0,0,1,0,0,0,0,1,0,0,1,1,1,1,0,0,0,0.2777777777777778,13.315632367620193,1
30,0,0,1,0,0,0,1,1,1,0,1,1,1,0,1,0,0,0,1,0,0,1,0,0,0,0,1,0,0,1,1,1,0,0,0,0,0.25,10.644040495137453,1
31,0,0,1,0,0,0,1,1,0,0,1,1,1,0,1,0,0,0,1,0,0,1,0,0,0,0,1,1,0,1,1,1,1,0,0,0,0.3611111111111111,21.7966403242156,1
32,0,1,1,0,0,0,1,1,0,0,1,1,1,0,1,0,0,0,1,0,0,1,0,0,0,0,1,0,0,1,1,1,0,0,0,0,0.2222222222222222,12.725860240549085,1
33,0,0,1,0,0,0,1,1,0,0,1,1,1,0,0,0,0,0,1,0,0,1,0,0,0,0,1,0,0,1,1,1,1,0,0,0,0.3611111111111111,13.979910202568464,1
34,0,0,1,0,0,0,1,0,0,0,1,1,1,0,1,0,0,0,1,0,0,1,0,0,0,0,1,0,0,1,1,1,1,0,0,0,0.3333333333333333,13.054135421979332,1
35,0,0,1,0,0,0,1,1,0,0,1,1,1,0,1,0,0,0,1,0,0,1,0,0,0,0,1,1,0,1,1,1,1,0,0,0,0.3611111111111111,21.7966403242156,1
36,0,0,1,0,0,0,1,1,0,0,1,1,1,0,1,0,0,0,1,0,1,1,0,0,0,0,1,0,0,1,1,1,0,0,0,0,0.25,12.671336708589953,1
37,0,0,1,0,0,0,1,0,0,0,1,1,1,0,1,0,0,0,1,0,0,1,0,0,0,0,1,0,0,1,1,1,0,0,0,0,0.2777777777777778,9.725667264969841,1
38,0,0,1,0,0,0,1,1,0,0,1,1,1,0,1,0,0,0,1,0,1,1,0,0,0,0,1,0,0,1,1,1,0,0,0,1,0.3333333333333333,20.93054871506046,1
39,0,0,1,1,0,0,1,1,0,0,1,1,1,0,1,0,0,0,1,0,0,1,0,0,0,0,1,0,0,1,1,1,0,0,0,0,0.2777777777777778,12.123843913338957,1
40,0,0,1,0,0,0,1,1,0,0,1,1,1,0,1,0,0,0,1,0,1,1,0,0,0,0,1,0,0,1,1,1,1,0,0,0,0.3888888888888889,15.775949135212658,1
41,0,0,1,0,0,0,1,1,0,0,1,1,1,0,1,0,0,0,1,0,0,1,0,0,0,0,1,0,1,0,1,1,1,0,0,0,0.3055555555555556,10.457987078709339,1
42,0,0,1,0,0,0,1,1,0,0,1,1,1,0,1,0,0,0,0,0,0,1,0,0,0,0,1,0,0,1,1,1,0,0,0,0,0.2777777777777778,9.161976414419197,1
43,0,1,1,0,0,0,1,1,0,0,1,1,1,0,1,0,0,0,1,0,0,1,0,0,0,0,1,0,0,1,1,1,1,0,1,0,0.3055555555555556,16.425306838351634,1
44,0,0,1,0,0,0,1,1,0,0,0,1,1,0,1,0,0,0,1,0,0,1,0,0,0,0,1,0,0,1,1,1,0,0,0,0,0.2777777777777778,10.483837260694331,1
45,0,0,1,1,0,0,1,1,0,0,1,1,1,0,1,0,0,0,1,0,0,1,0,0,0,0,1,0,0,1,1,1,0,0,0,0,0.2777777777777778,12.123843913338957,1
46,0,0,1,0,0,0,1,1,0,0,0,1,1,0,1,0,0,0,1,0,0,1,0,0,0,0,1,0,0,1,1,1,1,0,0,0,0.3055555555555556,13.315632367620193,1
47,0,0,1,0,0,0,1,1,0,0,1,1,1,0,1,0,0,0,1,0,1,1,0,0,0,0,1,0,0,1,1,1,1,0,0,0,0.3333333333333333,15.775949135212658,1
48,0,0,1,0,0,0,1,1,0,0,1,1,1,0,1,0,1,0,1,0,0,1,0,0,0,0,1,0,1,1,1,1,1,0,0,0,0.3888888888888889,14.6511834004105,1
49,0,0,1,0,0,0,1,1,0,0,1,1,1,0,1,0,0,0,1,0,0,1,0,0,0,0,1,0,0,1,1,1,1,0,0,0,0.3055555555555556,13.05458367183895,1
50,0,0,1,0,0,0,1,1,0,0,1,1,1,0,1,0,0,0,1,0,0,1,0,0,0,0,1,0,1,1,1,1,1,0,0,0,0.3055555555555556,15.65118026496856,1
51,0,0,1,0,0,0,1,1,0,0,1,1,1,0,1,0,0,0,1,0,0,1,0,0,0,0,1,0,0,1,1,1,0,0,0,0,0.3333333333333333,10.726115800061548,1
52,0,0,1,0,0,0,1,1,0,0,1,1,1,0,1,0,0,0,0,0,0,1,0,0,1,0,1,0,0,1,1,1,1,0,0,0,0.2777777777777778,12.502775207776214,1
53,0,0,1,0,0,0,1,1,0,0,1,1,1,0,1,0,0,0,1,0,0,1,0,0,0,0,1,0,1,1,1,1,1,0,0,0,0.3333333333333333,15.65118026496856,1
54,0,0,1,0,0,0,1,0,0,0,0,1,1,0,1,0,0,0,1,0,0,1,0,0,0,0,1,0,0,1,1,1,1,0,0,0,0.3611111111111111,14.315199214165881,1
55,0,0,1,0,0,0,1,1,0,0,1,1,1,0,1,0,0,0,1,0,0,1,0,0,0,0,1,0,0,1,1,1,0,0,0,0,0.3333333333333333,10.726115800061548,1
56,0,0,1,0,0,0,1,1,0,0,1,1,0,0,1,0,0,0,1,0,0,1,0,0,0,0,1,0,0,1,1,1,0,0,0,0,0.2777777777777778,11.241952537282687,1
57,0,0,1,0,0,0,1,1,0,0,1,1,1,0,1,0,0,0,1,0,0,1,0,0,0,0,1,0,0,1,1,1,0,0,1,0,0.3333333333333333,13.295607043940148,1
58,0,0,1,0,0,0,1,1,0,0,1,1,1,0,1,0,0,0,1,0,0,1,0,0,0,0,1,0,0,1,1,1,1,0,0,0,0.3055555555555556,13.05458367183895,1
59,0,0,1,0,0,0,1,1,0,0,1,1,1,0,0,0,0,0,1,0,1,1,0,0,0,0,1,0,0,1,1,1,1,0,0,0,0.4166666666666667,17.237384688447737,1
60,0,0,1,0,0,0,1,1,0,0,1,1,1,0,1,0,0,0,1,0,0,1,0,0,0,0,1,0,0,1,1,1,1,0,1,0,0.3055555555555556,16.425611998027275,1
61,0,0,1,0,0,0,1,1,0,0,1,1,1,0,1,0,0,0,1,0,0,1,0,0,1,0,1,0,1,1,1,1,0,0,0,0,0.3333333333333333,15.151975407266296,1
62,0,1,1,0,0,0,0,1,0,0,1,1,1,0,1,0,0,0,1,0,0,1,0,0,0,0,1,0,0,1,1,1,0,0,0,0,0.3333333333333333,11.225635973003229,1
63,0,0,1,0,0,0,1,1,0,0,1,1,1,0,1,0,0,0,1,0,1,1,0,0,0,0,1,0,0,0,1,1,0,0,0,0,0.3888888888888889,8.96984112183415,1
64,0,0,1,0,0,0,1,1,0,0,0,1,1,0,1,0,0,0,1,0,0,1,0,0,0,0,1,0,1,1,1,1,1,0,1,0,0.3611111111111111,20.902350614025888,1
65,0,0,1,1,0,0,1,1,0,0,1,1,1,0,1,0,0,0,0,0,1,1,0,0,0,0,1,0,0,0,1,1,1,0,0,0,0.2777777777777778,11.207398625111484,1
66,0,0,1,0,0,0,1,1,0,0,1,1,1,0,1,0,0,0,1,0,0,1,0,0,0,0,1,1,0,1,1,1,1,0,0,0,0.3055555555555556,21.7966403242156,1
67,0,1,1,0,0,0,0,1,0,0,1,1,1,0,1,0,0,0,1,0,0,1,0,0,0,0,1,0,1,1,1,1,1,0,0,0,0.25,15.150701956432576,1
68,0,0,1,0,0,0,1,1,0,0,1,1,1,0,1,0,0,0,1,0,0,1,0,0,0,0,0,0,1,1,1,1,1,0,0,1,0.3611111111111111,20.56751479051371,1
69,0,0,1,0,0,0,1,1,0,0,1,1,1,0,1,0,0,0,1,0,1,1,0,0,0,0,1,0,0,1,1,1,0,0,0,1,0.3611111111111111,20.93054871506046,1
70,0,0,1,0,0,0,1,1,0,0,1,1,1,0,1,0,0,0,1,0,0,1,0,0,0,0,1,1,0,1,1,1,1,0,0,0,0.3611111111111111,21.7966403242156,1
71,0,1,1,1,0,0,1,0,0,0,1,1,1,0,1,0,0,0,1,0,0,1,0,0,0,0,1,0,0,1,1,1,1,0,0,0,0.3055555555555556,12.11887287420327,1
72,0,0,1,0,0,0,1,1,1,0,1,1,1,0,1,0,0,0,1,0,0,1,0,0,0,0,1,0,0,1,1,1,0,0,1,0,0.3333333333333333,12.656119083516073,1
73,0,0,1,0,0,0,1,0,0,0,1,1,1,0,0,0,0,0,1,0,0,1,0,0,0,0,1,0,0,1,1,1,1,0,0,0,0.2777777777777778,14.979461952710235,1
74,0,1,1,0,0,0,1,1,0,0,1,1,1,0,1,0,0,0,1,0,0,1,0,0,0,0,1,0,1,1,1,1,0,0,0,0,0.25,13.582142909013964,1
75,0,0,1,0,0,0,1,1,0,0,1,1,1,0,1,0,1,0,1,0,0,1,0,0,0,0,0,0,0,1,1,1,0,0,0,0,0.25,9.656627697716328,1
76,0,0,1,0,0,0,0,0,0,0,1,1,1,0,1,0,0,0,1,0,0,1,0,0,0,0,1,0,0,0,1,1,0,0,1,0,0.3055555555555556,9.491746055988846,1
77,0,0,1,0,0,0,1,1,0,0,0,1,1,0,1,0,0,0,1,0,1,1,0,0,0,0,1,0,0,1,1,1,0,0,0,0,0.3333333333333333,12.98573950516435,1
78,0,1,1,0,0,0,0,1,0,0,1,1,1,0,1,0,0,0,1,0,0,1,0,0,0,0,1,0,0,0,1,1,0,0,0,0,0.2777777777777778,10.513067151440389,1
79,0,0,1,0,0,0,1,1,0,0,1,1,1,0,1,0,0,0,1,0,0,1,0,0,0,0,1,0,0,0,1,1,0,0,0,0,0.3333333333333333,9.013550462614939,1
80,0,0,1,0,0,0,1,1,0,0,1,1,1,0,1,0,0,0,1,0,1,1,0,0,0,0,1,0,0,0,1,1,0,0,0,0,0.3333333333333333,8.96984112183415,1
81,0,0,1,0,0,0,1,1,0,0,1,1,1,0,1,0,0,0,1,0,0,1,0,0,0,0,1,0,0,1,1,1,0,0,0,0,0.3333333333333333,10.726115800061548,1
82,0,1,1,0,0,0,1,1,0,0,1,1,1,0,1,0,0,0,1,0,1,1,0,0,0,0,1,0,0,1,1,1,1,0,1,0,0.3611111111111111,18.70678706046428,1
83,0,0,1,0,0,0,1,1,1,0,1,1,1,0,1,0,0,0,1,0,0,1,0,0,0,0,1,0,0,0,1,1,0,0,0,0,0.3055555555555556,9.950487285991509,1
84,0,0,1,0,0,0,1,0,0,0,1,0,1,0,1,0,0,0,1,0,0,1,0,0,0,0,1,0,0,1,1,1,0,0,0,1,0.25,22.380494673340063,1
85,0,0,1,0,0,0,1,1,0,0,1,1,1,0,1,0,0,0,1,0,1,1,0,0,0,0,1,0,1,1,1,1,1,0,0,0,0.3888888888888889,19.36701085299686,1
86,0,0,0,0,0,0,1,1,0,0,1,1,1,0,1,0,0,0,0,0,0,1,0,0,0,0,1,0,1,0,1,1,1,0,0,0,0.25,9.39451039297696,1
87,1,0,0,1,1,1,0,0,1,1,0,0,0,1,0,1,1,1,0,1,0,0,0,1,1,1,0,0,1,0,0,0,0,1,1,0,0.3333333333333333,27.083836656746357,1
88,0,0,1,0,0,0,1,0,0,0,1,1,1,0,1,0,0,0,1,0,0,1,0,0,0,0,1,0,0,0,1,1,0,0,0,0,0.3333333333333333,6.013094958257057,1
89,1,0,0,1,1,1,0,0,0,1,0,0,0,1,0,1,0,1,0,1,0,0,1,1,1,1,0,0,1,0,0,0,0,0,0,1,0.25,22.55058168817644,1
90,1,0,1,1,1,1,0,0,0,1,0,0,0,1,0,1,1,1,0,1,1,0,0,1,1,1,0,0,1,0,0,0,0,0,0,0,0.2222222222222222,26.5452449303681,1
91,1,0,0,1,1,1,0,0,0,1,0,0,0,1,0,1,1,1,0,1,0,0,0,1,1,1,0,0,1,0,0,0,0,1,1,0,0.2222222222222222,23.12013241680712,1
92,1,1,0,1,1,1,0,0,1,1,0,0,0,1,0,1,1,1,0,1,1,0,1,1,1,1,0,1,1,0,0,0,0,1,1,1,0.4166666666666667,44.46446641582456,1
93,1,1,0,1,1,1,0,0,1,1,0,0,0,1,0,1,1,1,0,1,0,0,1,1,1,1,0,1,0,0,0,0,0,1,1,1,0.3611111111111111,44.64269858968377,1
94,1,1,0,1,1,1,0,0,0,1,0,0,0,1,0,1,1,1,0,1,1,0,1,1,1,1,0,0,1,0,0,0,0,0,0,1,0.25,29.83763488889787,1
95,1,0,0,1,1,1,0,0,0,1,0,0,0,1,0,1,1,1,0,1,1,0,0,1,1,1,0,0,1,0,0,0,0,0,0,0,0.2222222222222222,23.32299153263336,1
96,1,0,0,1,1,1,0,0,0,1,0,0,0,1,0,1,1,1,0,1,1,0,0,1,1,1,0,1,1,0,0,0,0,0,0,1,0.3055555555555556,27.581501154844705,1
97,1,1,0,1,1,1,0,0,0,1,0,0,0,1,0,1,1,1,0,1,1,0,1,1,1,1,0,0,1,0,0,0,0,0,0,1,0.3333333333333333,29.83763488889787,1
98,1,0,0,0,1,1,0,0,0,1,0,0,0,1,0,1,1,1,0,1,0,0,0,1,1,1,0,1,1,1,0,0,0,0,1,0,0.3611111111111111,25.503838199731582,1
99,1,1,0,0,1,1,0,0,0,1,0,0,0,1,0,1,0,1,0,1,1,0,0,1,1,1,0,0,0,0,0,0,0,0,1,0,0.3333333333333333,23.994101571382075,1
