,0,1,2,3,4,5,6,7,8,9,10,11,12,13,14,15,16,17,18,19,20,21,22,23,24,25,26,27,28,29,30,31,32,33,34,35,chain_break_fraction,energy,num_occurrences
0,0,0,0,1,1,0,1,1,0,1,0,0,1,1,0,1,1,0,1,0,1,0,1,0,0,1,0,1,0,1,0,0,1,1,0,1,0.2777777777777778,15.9546692506271,2
1,0,0,0,1,1,1,1,1,0,1,0,0,1,1,0,1,1,0,1,0,1,0,1,0,0,1,0,1,0,1,0,0,1,1,0,1,0.2777777777777778,17.104052948928523,1
2,0,0,0,1,1,0,1,1,0,1,0,0,1,1,0,1,1,0,1,0,1,0,1,0,0,1,0,1,0,1,0,0,1,1,0,1,0.3055555555555556,15.9546692506271,1
3,0,0,0,1,1,0,1,1,0,1,0,0,1,1,0,1,1,0,1,0,1,0,1,0,0,1,0,1,0,1,0,0,1,1,0,1,0.3055555555555556,15.9546692506271,1
4,0,0,0,1,1,0,1,1,0,1,0,0,1,1,0,1,1,0,1,0,1,0,1,0,0,1,0,0,0,1,0,0,1,1,0,1,0.2777777777777778,12.85721232904215,1
5,0,0,0,1,1,0,1,1,0,1,0,0,1,1,0,1,1,0,1,0,1,0,1,0,0,1,0,1,0,1,0,0,1,1,0,1,0.3055555555555556,15.9546692506271,1
6,0,0,0,1,1,0,1,1,0,1,0,0,1,1,0,1,1,0,1,0,1,0,1,0,0,1,0,1,0,1,0,0,1,1,0,1,0.25,15.9546692506271,1
7,0,0,0,1,1,0,1,1,0,1,0,0,1,1,0,1,1,0,0,0,1,0,1,0,0,1,0,1,0,1,0,0,1,1,0,1,0.2777777777777778,14.686034199640078,1
8,0,0,0,1,1,0,1,1,0,1,0,0,1,1,0,1,1,0,0,0,1,0,1,0,0,1,0,1,0,1,0,0,1,1,0,1,0.25,14.686034199640078,1
9,0,0,0,1,1,1,1,1,0,1,0,0,1,1,0,1,1,0,1,0,1,0,1,0,0,1,0,1,0,1,0,0,1,1,0,1,0.3055555555555556,17.104052948928523,1
10,0,0,0,1,1,1,1,1,0,1,0,0,1,1,0,1,1,0,1,0,1,0,1,0,0,1,0,1,0,1,0,0,1,1,0,1,0.2777777777777778,17.104052948928523,1
11,0,0,0,1,1,1,1,1,0,1,0,0,1,1,0,1,1,0,1,0,1,0,1,0,0,1,0,0,0,1,0,0,1,1,0,1,0.3055555555555556,16.295523544824317,1
12,0,0,0,0,1,1,1,1,0,1,0,0,1,1,0,1,1,0,1,0,1,0,1,0,0,1,0,1,0,1,0,0,1,1,0,1,0.25,12.091545825785317,1
13,0,0,0,1,1,1,1,1,0,1,0,0,1,1,0,1,1,0,1,0,1,0,1,0,0,1,0,1,0,1,0,0,1,1,0,1,0.3055555555555556,17.104052948928523,1
14,0,0,0,1,1,0,1,1,0,1,0,0,1,1,0,1,1,0,0,0,1,0,1,0,0,1,0,1,0,1,0,0,1,1,0,1,0.3055555555555556,14.686034199640078,1
15,0,0,0,1,1,0,1,1,0,1,0,0,1,1,0,1,1,0,0,1,1,0,1,0,0,1,0,0,0,1,0,0,1,1,0,1,0.2777777777777778,14.177989489542442,1
16,0,0,0,1,1,0,1,1,0,1,0,0,1,1,0,1,1,0,0,0,1,0,1,0,0,1,0,1,0,1,0,0,1,1,0,1,0.3333333333333333,14.686034199640078,1
17,0,0,0,1,1,0,1,1,0,1,0,0,1,1,0,1,1,0,1,0,1,0,1,0,0,1,0,1,0,1,0,0,1,1,0,1,0.2777777777777778,15.9546692506271,1
18,0,0,0,1,1,1,1,1,0,1,0,0,1,1,0,1,1,0,0,0,1,0,1,0,0,1,0,1,0,1,0,0,1,1,0,1,0.2777777777777778,17.047132088895943,1
19,0,0,0,1,1,0,1,1,0,1,0,0,1,1,0,1,1,0,1,0,1,0,1,0,0,1,0,1,0,1,0,0,1,1,0,0,0.25,14.29747983052669,1
20,0,0,0,1,1,0,1,1,0,1,0,0,1,1,0,1,1,0,1,0,1,0,1,0,0,1,0,0,0,1,0,0,1,1,0,1,0.2777777777777778,12.85721232904215,1
21,0,0,0,1,1,0,1,1,0,1,1,0,1,1,0,1,1,0,0,0,1,0,1,0,0,1,0,1,0,1,0,0,1,1,0,1,0.3333333333333333,14.646665681750259,1
22,0,0,0,1,1,0,1,1,0,1,0,0,1,1,0,1,1,0,0,0,1,0,1,0,0,1,0,1,0,1,0,0,1,1,0,1,0.3055555555555556,14.686034199640078,1
23,0,0,0,1,1,0,1,1,0,1,0,0,1,1,0,1,1,0,0,0,1,0,1,0,0,1,0,0,0,1,0,0,1,1,0,1,0.3333333333333333,13.536435168541873,1
24,0,0,0,1,1,1,1,1,0,1,0,0,1,1,0,1,1,0,1,0,1,0,1,0,0,1,0,1,0,1,0,0,1,1,0,1,0.2777777777777778,17.104052948928523,1
25,0,0,0,1,1,0,1,1,0,1,0,0,1,1,0,1,1,0,1,0,1,0,1,0,0,1,0,1,0,1,0,0,1,1,0,1,0.2777777777777778,15.9546692506271,1
26,0,0,0,1,1,1,1,1,0,1,0,0,1,1,0,1,1,0,0,0,1,0,1,0,0,1,0,1,0,1,0,0,1,1,0,1,0.2222222222222222,17.047132088895943,1
27,0,0,0,1,1,0,1,1,0,1,0,0,1,1,0,1,1,0,0,0,1,0,1,0,0,1,0,1,0,1,0,0,1,1,0,1,0.3055555555555556,14.686034199640078,1
28,0,0,0,1,1,0,1,1,0,1,0,0,1,1,0,1,1,0,1,0,0,0,1,0,0,1,0,1,0,1,0,0,1,1,0,1,0.25,14.077959298077522,1
29,0,0,0,1,1,0,1,1,0,1,0,0,1,1,0,1,1,0,0,0,1,0,1,0,0,1,0,1,0,1,0,0,1,1,0,1,0.2777777777777778,14.686034199640078,1
30,0,0,0,1,1,0,1,1,0,1,0,0,1,1,0,1,1,0,1,0,1,0,1,0,0,1,0,0,0,1,0,0,1,1,0,1,0.3333333333333333,12.85721232904215,1
31,0,0,0,1,1,1,1,1,0,1,0,0,1,1,0,1,1,0,0,0,1,0,1,1,0,1,0,0,0,1,0,0,1,1,0,1,0.3333333333333333,18.959076277786355,1
32,0,0,0,1,1,0,1,1,0,1,0,0,1,1,0,1,1,0,1,0,1,0,1,0,0,1,0,1,0,1,0,0,1,1,0,1,0.3333333333333333,15.9546692506271,1
33,0,0,0,1,1,0,1,1,0,1,0,0,1,1,0,1,1,0,1,0,1,0,1,0,0,1,0,0,0,1,0,0,1,1,0,1,0.25,12.85721232904215,1
34,0,0,0,1,1,0,1,1,0,1,0,0,1,1,0,1,1,0,1,0,1,0,1,0,0,1,0,1,0,1,0,0,1,1,0,1,0.25,15.9546692506271,1
35,0,0,0,1,1,0,1,1,0,1,0,0,1,1,0,1,1,0,1,0,1,0,1,0,0,1,0,1,0,1,0,0,1,1,0,1,0.2777777777777778,15.9546692506271,1
36,0,0,0,0,1,0,1,1,0,1,0,0,1,0,0,1,1,0,1,0,0,0,1,0,0,0,0,1,0,0,0,0,1,1,0,0,0.19444444444444445,7.455470292861914,1
37,0,0,0,1,1,1,1,1,0,1,0,0,1,1,0,1,1,0,1,0,1,0,1,0,0,1,0,0,0,1,0,0,1,1,0,1,0.2777777777777778,16.295523544824317,1
38,0,0,0,0,1,1,1,1,0,1,0,0,1,1,0,1,1,0,0,0,1,0,1,0,0,1,0,1,0,1,0,0,1,1,0,1,0.25,11.034470978608603,1
39,0,0,0,1,1,1,1,1,0,1,0,0,1,1,0,1,1,0,1,1,1,0,1,0,0,1,0,0,0,1,0,0,1,1,0,1,0.3055555555555556,16.51364948391593,1
40,0,0,0,1,1,1,1,1,0,1,1,0,1,1,0,1,1,0,1,0,1,0,1,0,0,1,0,1,0,1,0,0,1,1,0,1,0.3055555555555556,17.55362055731099,1
41,0,0,0,1,1,1,1,1,0,1,0,0,1,1,0,1,1,0,1,0,1,0,1,0,0,1,0,1,0,1,0,0,1,1,0,1,0.2777777777777778,17.104052948928523,1
42,0,0,0,0,1,0,1,1,0,1,0,0,1,1,0,1,1,0,1,0,1,0,1,0,0,1,0,1,0,1,0,0,1,1,0,1,0.25,12.945184164107324,1
43,0,0,0,1,1,0,1,1,0,1,0,0,1,1,0,1,1,0,0,0,1,0,1,0,0,1,0,1,0,1,0,0,1,1,0,1,0.2777777777777778,14.686034199640078,1
44,0,0,0,1,1,0,1,1,0,1,1,0,1,1,0,1,1,0,1,0,1,0,1,0,0,1,0,0,0,1,0,0,1,1,0,1,0.3611111111111111,13.35877514753397,1
45,0,0,0,1,1,0,1,1,0,1,0,0,1,1,0,1,1,0,1,0,1,0,1,0,0,1,0,0,0,1,0,0,1,1,0,1,0.2777777777777778,12.85721232904215,1
46,0,0,0,1,1,0,0,1,0,1,0,0,1,1,0,1,1,0,1,0,1,0,1,0,0,1,0,1,0,1,0,0,1,1,0,1,0.19444444444444445,14.449926707367217,1
47,0,0,0,1,1,0,1,1,0,1,0,0,0,1,0,1,1,0,0,1,1,0,1,0,0,1,0,0,0,1,0,0,1,1,0,1,0.3055555555555556,13.353385594749772,1
48,0,0,0,1,1,0,0,0,0,1,0,0,1,1,0,1,1,0,0,0,1,0,1,0,0,1,0,1,0,1,0,0,1,1,0,1,0.2222222222222222,10.671575589144204,1
49,0,0,0,1,1,0,1,1,0,1,1,0,1,1,0,1,1,0,1,0,1,0,1,0,0,1,0,1,0,1,0,0,1,1,0,1,0.25,15.404049461369356,1
50,0,0,0,1,1,0,1,1,0,1,0,0,1,1,0,1,1,0,1,0,1,0,1,0,0,1,0,1,0,1,0,0,1,1,0,1,0.3055555555555556,15.9546692506271,1
51,0,1,0,1,1,1,1,1,0,1,0,0,1,1,0,1,1,0,1,0,1,0,1,0,0,1,0,1,0,1,0,0,1,1,0,1,0.3055555555555556,21.19127895665212,1
52,0,0,0,1,1,0,1,1,0,1,0,0,1,1,0,1,1,0,1,0,1,0,1,0,0,1,0,1,0,1,0,0,1,1,0,1,0.3333333333333333,15.9546692506271,1
53,0,0,0,0,1,1,1,1,0,1,0,0,1,1,0,1,1,1,0,0,1,0,1,0,0,1,0,1,0,1,0,0,1,1,0,1,0.25,11.635287636680596,1
54,0,0,0,0,1,0,1,1,0,1,0,0,1,0,0,1,1,0,0,0,1,0,1,0,0,1,0,1,0,0,0,0,1,1,0,1,0.16666666666666666,7.121446043083797,1
55,0,0,0,1,1,1,1,1,0,1,0,0,1,0,0,1,1,0,1,0,1,0,1,0,0,1,0,1,0,1,0,0,1,1,0,1,0.2222222222222222,14.200483495006536,1
56,0,0,0,1,1,0,1,1,0,1,1,0,1,1,0,1,1,0,1,1,1,0,1,0,0,1,0,0,0,1,0,0,1,1,0,1,0.2777777777777778,14.977826925798672,1
57,1,1,1,1,0,0,0,0,1,0,1,1,0,1,1,0,0,1,0,0,0,1,0,0,1,0,1,1,1,0,1,1,0,0,1,0,0.3055555555555556,19.932114045177435,1
58,1,1,1,1,0,0,0,0,1,0,1,1,0,1,1,0,0,1,0,0,0,1,0,0,1,0,1,1,1,0,1,1,0,0,1,0,0.2777777777777778,19.932114045177435,1
59,0,0,0,1,1,0,1,1,0,1,1,0,1,1,0,1,1,0,1,0,1,0,1,0,0,1,0,1,0,1,0,0,1,1,0,1,0.3333333333333333,15.404049461369356,1
60,0,0,0,1,1,1,1,1,0,1,0,0,1,1,0,1,1,0,1,0,1,0,1,0,0,1,0,1,0,1,0,0,1,1,0,1,0.3333333333333333,17.104052948928523,1
61,1,1,1,1,0,0,0,0,1,0,1,1,0,1,1,0,0,1,0,1,0,1,0,0,1,0,1,1,1,0,1,1,0,0,1,0,0.3055555555555556,24.40425720670496,1
62,1,1,1,1,0,1,0,0,1,0,1,1,0,1,1,0,0,1,0,0,0,1,0,0,1,0,1,1,1,0,1,1,0,0,1,0,0.3333333333333333,25.595520947428614,1
63,0,0,0,1,1,1,1,1,0,1,0,0,1,0,0,1,1,0,1,0,1,0,1,0,0,1,0,0,0,1,0,0,1,1,0,1,0.2777777777777778,11.390932108611073,1
64,1,1,1,1,0,0,0,0,1,0,1,1,0,1,1,0,0,1,0,1,0,1,0,0,1,0,1,1,1,0,1,1,0,0,1,0,0.3055555555555556,24.40425720670496,1
65,0,0,0,1,1,0,1,0,0,1,0,0,1,1,0,1,1,0,1,0,1,0,1,0,0,1,0,1,0,1,0,0,1,1,0,0,0.2777777777777778,9.264269235588653,1
66,0,1,1,1,0,1,0,0,1,0,1,1,0,1,1,0,0,1,0,0,0,1,0,0,1,0,1,1,1,0,1,1,0,0,1,0,0.3055555555555556,22.073602545458296,1
67,1,1,1,1,0,0,0,0,1,0,1,1,0,1,1,0,0,1,0,1,0,1,0,1,1,0,1,0,1,0,1,1,0,0,1,0,0.3055555555555556,22.223409861766292,1
68,1,1,1,1,0,1,0,0,1,0,1,1,0,1,1,0,0,1,0,0,0,1,0,0,1,0,1,1,1,0,1,1,0,0,1,1,0.3333333333333333,23.168820272161785,1
69,1,1,1,1,0,1,0,0,1,0,1,1,0,1,1,0,0,1,0,1,0,1,0,0,1,0,1,0,1,0,1,1,0,0,1,1,0.3333333333333333,22.38342681147757,1
70,0,0,0,1,1,0,1,1,0,1,0,0,1,0,0,1,1,0,1,0,1,0,1,0,0,1,0,0,0,1,0,0,1,1,0,1,0.3333333333333333,10.206611723448926,1
71,1,1,1,1,0,1,0,0,1,0,1,1,0,1,1,0,0,1,0,1,0,1,0,1,1,0,1,0,1,0,1,1,0,0,1,0,0.2777777777777778,25.556022358027857,1
72,1,1,1,0,0,0,0,0,1,0,1,1,0,1,1,0,0,1,0,1,0,1,0,0,1,0,1,1,1,0,1,1,0,0,1,0,0.3055555555555556,21.21288481398098,1
73,1,1,1,1,0,1,0,0,1,0,1,1,0,1,1,0,0,1,0,1,0,1,0,0,1,0,1,0,1,0,1,1,0,0,1,0,0.3055555555555556,24.972056462148416,1
74,1,1,1,1,0,1,0,1,1,0,1,1,0,1,1,0,0,1,0,1,0,1,0,0,1,0,1,0,1,0,1,1,0,0,1,0,0.3611111111111111,36.1669602626177,1
75,1,1,1,1,0,1,0,0,1,0,1,1,0,1,1,0,0,1,0,0,0,1,0,0,1,0,1,1,1,0,1,1,0,0,1,0,0.3333333333333333,25.595520947428614,1
76,0,0,0,1,1,0,1,1,0,1,0,0,1,1,0,1,1,0,0,0,1,0,1,0,0,1,0,1,0,1,0,0,1,1,0,1,0.3333333333333333,14.686034199640078,1
77,1,1,1,1,0,0,0,0,1,0,1,1,0,1,1,0,0,1,0,1,0,1,0,0,1,0,1,0,1,0,1,1,0,0,1,0,0.3055555555555556,19.44315042432542,1
78,1,1,1,1,0,1,0,1,1,0,1,1,0,1,1,0,0,1,0,0,0,1,0,0,1,0,1,1,1,0,1,0,0,0,1,0,0.3333333333333333,40.0142692382609,1
79,1,1,1,1,0,1,0,0,1,0,1,1,0,1,1,0,0,1,0,0,0,1,0,0,1,0,1,1,1,0,1,1,0,0,1,0,0.2777777777777778,25.595520947428614,1
80,1,1,1,1,0,0,0,0,1,0,1,1,0,1,1,0,0,1,0,0,0,1,0,0,1,0,1,1,1,0,1,1,0,0,1,0,0.3055555555555556,19.932114045177435,1
81,1,1,1,1,0,0,0,0,1,0,1,0,0,1,1,0,0,1,0,1,0,1,0,0,1,0,1,0,1,0,1,0,0,0,1,0,0.19444444444444445,12.216305726952669,1
82,1,1,1,0,0,1,0,0,1,0,1,1,0,1,1,0,0,1,0,1,0,1,0,0,1,0,1,1,1,0,1,1,0,0,1,0,0.3055555555555556,22.449841297699862,1
83,0,1,1,1,0,1,0,0,1,0,1,1,0,1,1,0,0,1,0,0,0,1,0,0,1,0,1,1,1,0,1,1,0,0,1,1,0.3333333333333333,20.646901870918192,1
84,0,1,1,1,0,1,0,0,1,0,0,1,0,1,1,0,0,1,0,0,0,1,0,0,1,0,1,1,1,0,1,0,0,0,1,0,0.3055555555555556,18.693762771252963,1
85,0,0,0,0,1,1,1,1,0,1,0,0,1,0,0,1,1,0,0,0,1,0,1,0,0,1,0,1,0,1,0,0,1,1,0,0,0.3055555555555556,6.57081230221727,1
86,1,1,1,1,0,0,0,0,1,0,1,1,0,1,1,0,0,1,0,0,0,1,0,0,1,0,1,1,1,0,1,1,0,0,1,0,0.3055555555555556,19.932114045177435,1
87,0,1,1,1,0,1,0,0,1,0,1,1,0,1,1,0,0,1,0,0,0,1,0,0,1,0,1,1,1,0,1,1,0,0,1,0,0.3333333333333333,22.073602545458296,1
88,0,1,1,1,0,0,0,0,1,0,1,1,0,1,1,0,0,1,0,0,0,1,0,0,1,0,1,1,1,0,1,1,0,0,1,0,0.3888888888888889,17.41019779993105,1
89,1,1,1,1,0,0,0,1,1,0,1,1,0,1,1,0,0,1,0,0,0,1,0,0,1,0,1,1,1,0,1,0,0,0,1,1,0.3333333333333333,25.26488290894993,1
90,1,1,1,1,0,1,0,0,1,0,1,1,0,1,1,0,0,1,0,1,0,1,0,0,1,0,1,1,1,0,1,1,0,0,1,0,0.3055555555555556,27.64423572704723,1
91,0,1,1,1,0,1,0,0,1,0,1,1,0,1,1,0,0,1,0,1,0,1,0,0,1,0,1,1,1,0,1,1,0,0,1,0,0.3055555555555556,25.122317325318548,1
92,1,1,1,1,0,1,0,0,0,0,0,1,0,1,1,0,0,1,0,0,0,1,0,0,1,0,1,1,1,0,1,1,0,0,1,0,0.3333333333333333,20.212717512749602,1
93,0,1,1,1,0,0,0,0,1,0,1,1,0,1,1,0,0,1,0,1,0,1,0,0,1,0,1,0,1,0,1,0,0,0,1,1,0.2777777777777778,13.027894057412546,1
94,1,1,1,1,0,1,0,1,1,0,0,1,0,1,1,0,0,1,0,0,0,1,0,0,1,0,1,1,1,0,1,0,0,0,1,0,0.3055555555555556,34.91079377747808,1
95,1,1,1,1,0,1,0,0,1,0,1,1,0,1,1,0,0,1,0,0,0,1,0,0,1,0,1,1,1,0,1,1,0,0,1,0,0.3611111111111111,25.595520947428614,1
96,1,1,1,1,0,1,0,1,1,0,1,1,0,1,1,0,0,1,0,0,0,1,0,0,1,0,1,1,1,0,1,1,0,0,1,1,0.3888888888888889,32.33979716737917,1
97,1,1,1,1,0,0,0,0,1,0,1,1,0,1,1,0,0,1,0,1,0,1,0,0,1,0,1,1,1,0,1,1,0,0,1,1,0.25,26.201063990037333,1
98,0,0,0,1,1,0,1,1,0,1,0,0,1,1,0,1,1,0,0,1,1,0,1,0,0,1,0,0,0,1,0,0,1,1,0,1,0.3055555555555556,14.177989489542442,1
