,0,1,2,3,4,5,6,7,8,9,10,11,12,13,14,15,16,17,18,19,20,21,22,23,24,25,26,27,28,29,30,31,32,33,34,35,chain_break_fraction,energy,num_occurrences
0,0,0,1,0,0,0,0,1,1,1,1,1,1,1,1,0,0,0,1,0,1,0,0,0,1,0,0,0,0,1,0,0,1,0,1,0,0.25,13.101869844150636,1
1,1,0,1,0,0,0,0,1,1,1,1,1,1,1,1,0,0,0,1,0,1,0,0,1,1,0,0,0,0,1,0,0,1,0,1,0,0.25,11.583678873543102,1
2,0,0,1,0,0,0,0,1,1,0,1,1,1,1,1,0,0,0,1,1,1,0,0,1,1,0,0,0,0,1,0,0,1,0,0,0,0.3333333333333333,9.450924032078689,1
3,0,0,1,0,0,0,0,1,1,0,1,1,1,1,1,0,0,0,1,1,1,0,0,0,1,0,0,0,0,1,0,0,1,0,0,0,0.25,7.728201414005178,1
4,1,0,1,0,0,0,0,1,1,1,1,1,1,1,1,0,0,0,1,1,1,0,0,1,0,0,0,0,0,1,0,0,1,0,0,0,0.2222222222222222,13.64655205258244,1
5,1,0,1,0,0,0,0,1,1,0,1,1,1,1,1,0,0,0,1,1,1,0,0,1,1,0,0,0,0,1,1,0,1,0,0,0,0.19444444444444445,7.430456407512547,1
6,0,0,1,0,0,0,0,1,1,0,1,1,1,1,1,0,0,0,1,0,1,0,0,1,0,0,0,0,0,1,0,0,1,0,0,0,0.25,6.961623902882239,1
7,1,0,1,0,0,0,0,1,1,0,1,1,1,1,1,0,0,0,1,1,1,0,0,1,1,0,0,0,0,1,0,0,1,0,0,0,0.3055555555555556,8.272972871010086,1
8,1,0,1,0,0,0,0,1,1,0,1,1,1,1,1,0,0,0,1,1,1,0,0,1,0,0,0,0,0,1,0,0,1,0,0,0,0.2777777777777778,8.032512900109612,1
9,0,0,1,0,0,0,0,1,1,1,1,1,1,1,1,0,0,0,1,0,1,0,0,0,0,0,0,0,0,1,0,0,1,0,1,0,0.3055555555555556,15.37014048052268,1
10,0,0,1,0,0,0,0,1,1,0,1,1,1,1,1,0,0,0,1,0,1,0,0,1,0,0,0,0,0,1,1,0,1,0,0,0,0.25,5.046120822804572,1
11,0,0,1,0,0,0,0,1,1,0,1,1,1,1,1,0,0,0,1,1,1,0,0,1,1,1,0,0,0,1,0,0,1,0,0,0,0.2222222222222222,15.739912353434597,1
12,0,0,1,0,0,0,1,1,1,0,1,1,1,1,1,0,0,0,1,0,1,0,0,1,1,0,0,0,0,1,0,0,1,0,0,0,0.2777777777777778,8.707591217617335,1
13,0,0,1,0,0,0,0,1,1,1,1,1,1,1,1,0,0,0,1,0,1,0,0,1,1,0,0,0,0,1,0,0,1,0,0,0,0.25,11.67370680868773,1
14,0,0,1,0,0,0,0,1,1,0,1,1,1,1,1,0,0,0,1,1,1,0,0,1,0,0,0,0,0,1,1,0,1,0,0,0,0.25,7.499612039835674,1
15,1,0,1,0,0,0,0,1,1,0,1,1,1,1,1,0,0,0,1,1,1,0,0,1,1,0,0,0,0,1,0,0,1,1,0,0,0.25,9.386943672733679,1
16,1,0,1,0,0,0,0,1,1,1,1,1,1,1,1,0,0,0,1,1,1,0,1,1,0,0,0,0,0,1,0,0,1,0,0,0,0.2222222222222222,13.18455795707769,1
17,1,0,1,0,0,0,0,1,1,1,1,1,1,1,1,0,0,0,1,1,1,0,0,1,0,0,0,0,0,1,0,0,1,0,0,0,0.2777777777777778,13.64655205258244,1
18,1,0,1,0,0,0,0,1,1,1,1,1,1,1,1,0,0,0,1,0,1,0,1,1,1,0,0,0,0,1,0,0,1,0,1,0,0.3055555555555556,10.873207872579272,1
19,0,0,1,0,0,0,0,1,1,0,1,1,1,1,1,0,0,0,1,1,1,0,0,1,0,1,0,0,0,1,0,0,1,0,0,0,0.25,12.595418192756643,1
20,1,0,1,0,0,0,0,1,1,1,1,1,1,1,1,0,0,0,1,0,1,0,1,1,1,0,0,0,0,1,0,0,1,0,1,0,0.2777777777777778,10.873207872579272,1
21,0,0,1,0,0,0,1,1,1,0,1,1,1,1,1,0,0,0,1,1,1,0,0,0,1,0,0,0,0,1,0,0,1,0,0,0,0.2777777777777778,10.206005572695556,1
22,1,0,1,0,0,0,0,1,1,1,1,1,1,1,1,0,0,0,1,0,1,0,1,1,0,0,0,0,0,1,0,0,1,0,0,0,0.2222222222222222,13.86117298854094,1
23,0,0,1,0,0,0,0,1,1,1,1,1,1,1,1,0,0,0,1,1,1,0,0,1,1,1,0,0,0,1,0,0,1,0,0,0,0.3055555555555556,16.901422436834487,1
24,0,0,1,0,0,0,0,1,1,0,1,1,1,1,1,0,0,0,1,0,1,0,0,1,0,0,0,0,0,1,1,0,1,0,1,0,0.25,4.850431273161742,1
25,1,0,1,0,0,0,1,1,1,0,1,1,1,1,1,0,0,0,1,1,1,0,0,1,1,0,0,0,0,1,0,0,1,0,0,0,0.3055555555555556,10.286535974566831,1
26,1,0,1,0,0,0,0,1,0,1,1,1,1,1,1,0,0,0,1,1,1,0,0,0,0,0,0,0,0,1,1,0,1,0,1,0,0.19444444444444445,8.290811286177757,1
27,1,0,0,0,0,0,0,1,1,1,1,1,1,1,1,0,0,0,1,0,1,0,1,0,1,0,0,0,0,1,0,0,1,0,0,0,0.2222222222222222,11.738366693110319,1
28,0,0,1,0,0,0,1,1,1,1,1,1,1,1,1,0,0,0,1,1,1,0,0,0,1,0,0,0,0,1,0,0,1,0,0,0,0.3333333333333333,16.54750721210316,1
29,0,0,1,0,0,0,1,1,1,0,1,1,1,1,1,0,0,0,1,0,1,0,0,0,1,0,0,0,0,1,1,0,1,0,0,0,0.2222222222222222,8.48569025114528,1
30,0,0,1,0,0,0,0,1,1,0,1,1,1,1,1,0,0,0,1,1,1,0,0,0,1,0,0,0,0,1,0,0,1,0,1,0,0.3055555555555556,8.420480729237335,1
31,1,0,1,0,0,0,0,1,1,0,1,1,1,1,1,0,0,0,1,1,1,0,0,1,1,0,0,0,0,1,0,0,1,0,0,0,0.2777777777777778,8.272972871010086,1
32,1,0,1,0,0,0,0,1,1,0,1,1,1,1,1,0,0,0,1,1,1,0,0,1,1,0,0,0,0,1,0,0,1,0,0,0,0.3611111111111111,8.272972871010086,1
33,0,0,1,0,0,0,1,1,1,0,1,1,1,1,1,0,0,0,1,1,1,0,0,1,1,0,0,0,0,1,0,0,1,0,0,0,0.3055555555555556,10.92820045479436,1
34,0,0,0,0,0,0,0,1,1,0,1,1,1,1,1,0,0,0,1,1,1,0,0,0,1,0,0,0,0,1,0,0,1,0,0,0,0.2777777777777778,6.726220765346992,1
35,0,0,1,0,0,0,1,1,1,0,1,1,1,1,1,0,0,0,1,0,1,0,0,1,0,0,0,0,0,1,0,0,1,0,0,0,0.2777777777777778,9.959292195834905,1
36,1,0,1,0,0,0,0,1,1,1,1,1,1,1,1,0,0,0,1,1,1,0,0,1,0,0,0,0,0,1,0,0,1,1,1,0,0.25,11.709380159106194,1
37,0,0,1,0,0,0,0,1,1,0,1,1,1,1,1,0,0,0,1,1,1,0,0,1,1,0,0,0,0,1,0,0,1,1,0,0,0.2222222222222222,11.674442215192899,1
38,1,0,1,0,0,0,0,1,1,1,1,0,1,1,1,0,0,0,1,0,1,0,0,1,1,0,0,0,0,1,1,0,1,0,1,0,0.2777777777777778,4.436896127695988,1
39,1,0,1,0,0,0,0,1,1,1,1,1,1,1,1,0,0,0,1,0,1,0,0,1,1,0,0,0,0,0,0,0,1,0,1,0,0.3333333333333333,15.970271488348336,1
40,0,0,1,0,0,0,0,1,1,0,1,1,1,1,1,0,0,0,1,1,1,0,0,1,1,0,0,0,0,0,0,0,1,0,0,0,0.2222222222222222,8.170051503841057,1
41,0,0,1,0,0,0,0,0,1,1,1,1,1,1,1,0,0,0,1,1,1,0,0,1,0,0,0,0,0,1,0,0,1,0,0,0,0.19444444444444445,8.708952376419493,1
42,1,0,1,0,0,0,1,1,1,0,1,1,1,1,1,0,0,0,1,1,1,0,0,1,1,0,0,1,0,0,0,0,1,0,1,0,0.2222222222222222,8.696665687949306,1
43,1,0,1,0,0,0,1,1,1,0,1,1,1,1,1,0,0,0,1,1,1,0,0,1,1,1,0,0,0,1,0,0,1,0,0,0,0.3055555555555556,13.73964827080481,1
44,1,0,1,0,0,0,0,1,1,0,1,1,1,1,1,0,0,0,1,1,1,0,1,0,1,0,0,0,0,1,0,0,1,0,0,0,0.2222222222222222,6.9999731497425834,1
45,1,0,0,0,0,0,0,1,1,1,1,1,1,1,1,0,0,0,1,1,1,0,0,1,1,0,0,0,0,1,0,0,1,0,0,0,0.2222222222222222,11.306772873025814,1
46,1,0,1,0,0,0,1,1,1,0,1,1,0,1,1,0,0,0,1,1,1,0,0,1,1,0,0,0,0,1,0,0,1,0,0,0,0.3055555555555556,9.844126898727655,1
47,1,0,1,0,0,0,1,1,1,0,1,1,1,1,1,0,0,0,1,1,1,0,0,1,1,1,0,0,0,1,0,0,1,0,0,0,0.25,13.73964827080481,1
48,0,0,1,0,0,0,0,1,1,0,1,1,1,1,1,0,0,0,1,0,1,0,0,0,1,0,0,0,0,1,0,0,1,0,0,0,0.3055555555555556,7.902487631182409,1
49,1,0,1,0,0,0,0,1,1,0,1,1,1,1,1,0,0,0,1,1,1,0,0,1,1,1,0,0,0,1,0,0,1,0,0,0,0.2222222222222222,12.753892812811042,1
50,1,0,1,0,0,0,0,1,1,1,1,1,1,1,1,0,0,0,1,0,1,0,0,1,1,0,0,0,0,1,0,0,1,0,0,0,0.3055555555555556,13.303768854246833,1
51,1,0,1,0,0,0,0,1,1,0,1,1,1,1,1,0,0,0,1,1,1,0,1,0,1,0,0,0,0,1,0,0,1,0,0,0,0.2777777777777778,6.9999731497425834,1
52,1,0,1,0,0,0,1,1,1,0,1,0,1,1,1,0,0,0,1,1,1,0,0,1,1,0,0,0,0,1,1,0,1,0,1,0,0.25,9.195676280149613,1
53,1,0,1,0,0,0,1,1,1,0,1,1,1,1,1,0,0,0,1,1,1,0,0,1,1,0,0,0,0,1,0,0,1,1,0,0,0.3055555555555556,10.400438241873553,1
54,1,0,1,0,0,0,1,1,1,0,1,1,1,1,1,0,0,0,1,1,1,0,0,0,1,0,0,1,0,1,0,0,1,0,0,0,0.25,7.62463344570951,1
55,1,0,1,0,0,0,1,1,1,0,1,1,1,1,1,0,0,0,1,1,1,0,0,1,1,0,0,0,0,0,0,0,1,1,1,0,0.2222222222222222,8.43843879845929,1
56,1,0,1,0,0,0,1,1,1,0,1,1,1,1,1,0,0,0,1,1,1,0,1,1,1,0,0,0,0,0,1,0,1,0,0,0,0.2222222222222222,8.544139460047992,1
57,1,0,1,0,0,0,0,1,1,1,1,1,1,1,1,0,0,0,1,0,1,0,0,1,1,0,0,0,0,1,0,0,1,1,0,0,0.3055555555555556,9.623717569978105,1
58,0,0,1,0,0,0,0,1,1,1,1,1,1,1,1,0,0,0,1,0,1,0,0,1,1,0,0,0,0,1,0,0,1,0,0,0,0.25,11.67370680868773,1
59,0,0,1,0,0,0,0,1,1,1,1,1,1,1,1,0,0,0,1,0,1,0,0,1,1,0,0,0,0,1,0,0,1,0,0,0,0.2777777777777778,11.67370680868773,1
60,0,0,1,0,0,0,1,1,1,0,1,1,1,1,1,0,0,0,1,1,1,0,0,1,1,1,0,0,0,1,0,0,1,0,0,0,0.3333333333333333,16.189381130587297,1
61,0,0,1,0,0,0,0,1,1,0,1,1,1,1,0,0,0,0,1,1,1,0,0,1,1,0,0,0,0,1,0,0,1,0,0,0,0.3055555555555556,9.450886258766364,1
62,0,0,1,0,0,0,1,1,1,0,1,1,1,1,1,0,0,0,1,0,1,0,0,1,1,0,0,0,0,1,0,0,1,0,1,0,0.2222222222222222,8.455890239399768,1
63,1,0,1,0,0,0,1,1,1,0,1,0,1,1,1,0,0,0,1,0,1,0,0,1,1,0,0,0,0,1,0,0,1,0,0,0,0.3055555555555556,4.596274353661673,1
64,0,0,1,0,0,0,1,1,1,1,1,1,1,1,1,0,0,0,1,1,1,0,0,1,1,0,0,0,0,1,0,0,1,0,0,0,0.3055555555555556,15.251929306103268,1
65,0,0,1,0,0,0,1,1,1,0,1,1,1,1,1,0,0,0,1,1,1,0,0,1,1,1,0,0,0,1,1,0,1,0,0,0,0.2222222222222222,16.508583936112718,1
66,0,0,1,0,0,0,1,1,1,0,1,1,1,1,1,0,0,0,1,1,1,0,0,1,0,0,0,0,0,1,0,0,1,0,0,0,0.3333333333333333,10.2976101168979,1
67,0,0,1,0,0,0,1,1,1,0,1,1,1,1,1,0,0,0,1,1,1,0,0,1,1,0,0,0,0,1,1,0,1,0,0,0,0.3611111111111111,10.16318804873329,1
68,0,0,1,0,0,0,1,1,1,0,1,1,1,1,1,0,0,0,1,0,1,0,0,0,1,1,0,0,0,1,0,0,1,0,0,0,0.2777777777777778,9.978948190001553,1
69,0,0,1,0,0,0,0,1,1,1,1,1,1,1,1,0,0,0,1,0,1,0,0,1,0,1,0,0,0,1,0,0,1,1,0,0,0.3055555555555556,10.4307410550745,1
70,0,0,1,0,0,0,1,1,1,0,1,1,1,1,1,0,0,0,1,0,1,0,0,1,1,1,0,0,0,1,0,0,1,0,0,0,0.25,10.204189261182197,1
71,1,0,1,0,0,0,0,1,1,1,1,1,1,1,1,0,0,0,1,0,1,0,1,0,1,0,0,0,0,1,0,0,1,0,1,0,0.3333333333333333,12.29414987450693,1
72,1,0,1,0,0,0,0,1,1,0,1,1,1,1,1,0,0,0,1,1,1,0,0,1,1,0,0,0,0,0,0,0,1,0,0,0,0.3333333333333333,8.399232222841668,1
73,1,0,1,0,0,0,0,0,1,0,1,1,1,1,0,0,0,0,1,0,1,0,0,1,0,0,0,0,0,1,0,0,1,0,1,0,0.1388888888888889,2.0960321469080774,1
74,1,0,1,0,0,0,1,1,1,0,1,1,1,1,1,0,0,0,1,1,1,0,0,1,1,0,0,0,0,1,0,0,1,1,0,0,0.3333333333333333,10.400438241873553,1
75,1,0,1,0,0,0,0,1,1,1,1,1,1,1,1,0,0,0,1,0,1,0,1,0,1,0,0,0,0,1,0,0,1,0,0,0,0.25,14.740347277933562,1
76,1,0,1,0,0,0,1,1,1,0,1,1,1,1,1,0,1,0,1,1,1,0,0,1,1,1,0,0,0,1,0,0,1,0,0,0,0.25,14.388140354998797,1
77,1,0,1,0,0,0,0,1,1,0,1,0,1,1,1,0,0,0,0,1,1,0,0,1,0,0,0,0,0,1,0,0,1,0,1,0,0.2222222222222222,4.41210311766329,1
78,1,0,1,0,0,0,1,1,1,0,1,1,1,1,0,0,0,0,1,0,1,0,0,1,1,1,0,0,0,1,0,0,1,0,0,0,0.2777777777777778,8.3446603370092,1
79,1,0,1,0,0,0,0,1,1,1,1,1,1,1,1,0,0,0,1,0,1,0,1,1,1,1,0,0,0,1,0,0,1,0,0,0,0.3333333333333333,11.879225314598443,1
80,1,0,1,0,0,0,1,1,1,0,1,1,1,1,1,0,0,0,1,1,1,0,0,1,1,0,0,0,0,1,0,0,1,0,0,0,0.4444444444444444,10.286535974566831,1
81,1,0,1,0,0,0,0,1,1,0,1,1,1,1,1,0,0,0,1,1,1,0,0,1,1,1,0,0,0,1,0,0,1,1,0,0,0.2777777777777778,16.15505149491691,1
82,1,0,1,0,0,0,1,1,1,1,1,1,1,1,1,0,0,0,1,1,1,0,0,1,1,0,0,0,0,1,1,0,1,0,0,0,0.3888888888888889,12.79913854522906,1
83,0,0,1,0,0,0,0,1,1,0,1,1,1,1,1,0,0,0,1,1,1,0,0,0,1,0,0,0,0,1,0,0,0,0,0,0,0.2222222222222222,9.845535830457974,1
84,1,0,1,0,0,0,1,1,1,1,1,1,1,1,1,0,0,0,1,1,1,0,0,1,1,1,0,0,0,1,1,0,1,0,0,0,0.2777777777777778,15.179948782073176,1
85,1,0,1,0,0,0,0,1,1,0,1,1,1,1,1,0,0,0,1,0,1,0,0,1,1,0,0,0,0,1,0,0,1,0,0,0,0.3333333333333333,6.636135630402857,1
86,1,0,1,0,0,0,0,1,1,0,1,1,1,1,0,0,0,0,1,0,1,0,1,1,1,0,0,0,0,1,0,0,1,0,0,0,0.25,5.208405800596841,1
87,1,0,0,0,0,0,1,1,1,0,1,1,1,1,1,0,0,0,1,0,1,0,1,1,0,0,0,0,0,1,0,0,1,0,1,0,0.2777777777777778,7.226250432671579,1
88,0,0,1,0,0,0,1,1,1,1,1,1,1,1,1,0,0,0,1,1,1,0,0,1,1,0,0,0,0,1,0,0,1,1,1,0,0.3055555555555556,15.957960566787898,1
89,1,0,1,0,1,0,0,0,1,0,1,1,1,1,1,0,0,0,1,1,1,0,0,1,0,0,0,0,0,0,1,0,1,0,0,0,0.16666666666666666,3.845191663525894,1
90,0,0,1,0,1,0,1,1,1,0,1,1,1,1,1,0,0,0,1,1,1,0,0,1,0,1,0,0,0,1,0,0,1,0,0,0,0.3055555555555556,14.265850630919328,1
91,0,0,1,0,1,0,1,1,1,0,1,0,1,1,1,0,0,0,1,0,1,0,0,0,1,0,0,0,0,1,1,0,0,1,1,0,0.1388888888888889,3.929310036609876,1
92,1,0,1,0,0,0,1,1,1,0,0,0,0,1,1,0,0,0,1,0,0,0,0,0,0,0,0,1,0,1,1,0,1,0,1,0,0.19444444444444445,1.958053595997979,1
93,1,0,1,0,0,0,1,1,1,0,1,1,1,1,1,0,0,0,1,1,1,0,0,1,1,1,0,0,0,1,0,0,1,0,0,0,0.3055555555555556,13.73964827080481,1
94,0,0,1,0,0,0,1,1,1,0,1,1,1,1,1,0,0,0,1,1,1,0,0,1,0,1,0,0,0,1,1,0,1,0,0,0,0.4166666666666667,13.335885992423005,1
95,0,0,1,0,0,0,0,1,1,1,1,1,1,1,1,0,0,0,1,0,1,0,1,0,0,0,0,0,0,1,0,0,0,0,0,0,0.3055555555555556,19.535682533793935,1
96,1,1,0,1,1,1,1,0,0,0,0,0,0,0,0,1,1,1,0,0,0,1,1,0,0,0,1,1,1,1,1,1,0,1,0,1,0.3055555555555556,19.245526202295572,1
97,1,0,1,0,0,0,1,1,1,0,1,1,1,1,1,0,0,0,1,1,1,0,0,1,1,0,0,0,0,0,0,0,1,0,0,0,0.3055555555555556,11.414180200488001,1
98,0,1,0,1,0,1,1,0,1,0,0,0,0,0,0,1,1,1,0,0,0,1,0,0,0,0,1,1,1,0,1,1,0,0,0,1,0.2222222222222222,10.327754431366538,1
99,1,1,0,1,1,0,1,0,0,0,0,0,0,0,0,1,1,1,0,0,0,1,0,0,1,0,1,1,1,1,1,0,0,0,0,1,0.19444444444444445,8.895423482725695,1
