,0,1,2,3,4,5,6,7,8,9,10,11,12,13,14,15,16,17,18,19,20,21,22,23,24,25,26,27,28,29,30,31,32,33,34,35,chain_break_fraction,energy,num_occurrences
0,0,0,1,1,1,1,0,1,0,0,1,1,0,0,0,1,1,0,0,1,0,0,1,1,1,1,0,0,1,0,1,1,1,1,0,0,0.3055555555555556,19.351047026293898,1
1,0,0,0,1,1,1,0,1,0,0,1,1,0,0,0,1,1,0,0,1,0,0,1,1,1,1,0,0,1,0,1,1,0,1,0,0,0.2222222222222222,17.012719113121527,1
2,1,1,1,1,0,0,1,0,1,0,0,1,1,1,1,0,0,0,1,0,0,1,0,0,0,0,0,1,0,1,0,0,0,1,1,1,0.3055555555555556,19.18078628642611,1
3,0,0,0,1,1,1,0,1,0,0,1,1,0,0,0,1,1,0,0,1,0,0,1,1,1,1,0,0,1,0,1,1,1,1,0,0,0.2777777777777778,20.36814280203364,1
4,0,0,1,1,1,1,0,1,0,0,1,1,0,0,0,1,1,0,0,1,0,0,1,1,1,1,0,0,1,0,1,1,1,1,0,0,0.3055555555555556,19.351047026293898,1
5,0,0,1,1,1,1,0,1,0,0,1,1,0,0,0,1,1,0,0,1,1,0,1,1,1,1,0,0,0,0,1,1,0,1,0,0,0.19444444444444445,17.122632177528235,1
6,0,0,1,1,1,1,0,1,0,0,1,1,0,0,0,1,1,0,0,1,0,0,1,1,1,1,0,0,1,0,1,1,1,1,0,0,0.3055555555555556,19.351047026293898,1
7,0,0,0,1,1,1,0,1,0,0,1,1,0,0,0,1,1,0,0,1,1,0,1,1,1,1,0,0,1,0,1,1,0,1,0,0,0.2222222222222222,19.988691226551197,1
8,0,0,1,1,1,1,0,1,0,0,1,1,0,0,0,1,1,0,0,1,0,0,1,1,1,1,0,0,1,0,1,1,1,1,0,0,0.3055555555555556,19.351047026293898,1
9,0,0,1,1,1,1,0,1,0,0,1,1,0,0,0,1,1,0,0,1,1,0,1,1,1,1,0,0,0,0,1,1,0,1,0,0,0.25,17.122632177528235,1
10,0,0,1,1,1,1,0,1,0,0,1,1,0,0,0,1,1,0,0,1,1,0,1,1,1,1,0,0,1,0,1,1,1,1,0,0,0.2777777777777778,22.31814611254177,1
11,0,0,0,1,1,1,0,1,0,0,1,1,0,0,0,1,1,0,0,1,0,0,1,1,0,1,0,0,1,0,1,1,1,1,0,0,0.3333333333333333,18.133758780460695,1
12,0,0,1,1,1,1,0,1,0,0,1,1,0,0,0,1,1,0,0,1,1,0,0,1,1,1,0,0,1,0,1,1,0,1,0,0,0.25,16.563983821272075,1
13,0,0,0,1,1,1,0,1,0,0,1,1,0,0,0,1,1,0,0,1,0,0,1,1,0,1,0,0,1,0,1,1,1,1,0,0,0.3333333333333333,18.133758780460695,1
14,0,0,1,1,1,1,0,1,0,0,1,1,0,0,0,1,1,0,0,1,0,0,1,1,1,1,1,0,0,0,1,1,1,1,0,0,0.3055555555555556,20.081897398724315,1
15,0,0,0,1,1,1,0,1,0,0,1,0,0,0,0,1,1,0,0,1,0,0,1,1,1,1,1,0,1,0,1,1,0,1,0,0,0.19444444444444445,21.342591096769944,1
16,0,0,1,1,1,1,0,1,0,0,1,0,0,0,0,1,1,0,0,1,0,0,1,1,1,1,0,0,1,0,1,1,0,1,0,0,0.2222222222222222,15.53703527593237,1
17,0,0,1,1,1,1,0,0,0,0,1,1,0,0,0,1,1,0,0,1,1,0,1,1,0,1,0,0,1,0,1,1,1,1,0,0,0.3055555555555556,22.87644585322672,1
18,0,0,0,1,1,1,0,1,0,1,1,1,0,0,0,1,1,0,0,1,0,0,1,1,1,1,0,0,1,0,1,1,0,1,0,0,0.2777777777777778,18.432133809798557,1
19,0,0,0,1,1,1,0,1,0,0,1,1,0,0,0,1,1,0,0,1,1,0,1,1,0,1,1,0,1,0,1,1,0,1,0,0,0.3055555555555556,20.720283747287773,1
20,0,0,1,1,1,1,0,1,0,0,1,1,0,0,0,1,1,0,0,1,1,0,1,1,0,1,0,0,1,0,1,1,0,1,0,0,0.25,16.83747291465926,1
21,0,0,1,1,1,1,0,1,0,1,1,1,0,0,0,1,1,0,0,1,1,0,1,1,1,1,1,0,1,0,1,1,0,1,0,0,0.2777777777777778,22.70452564771286,1
22,0,0,0,1,1,1,0,1,0,0,1,1,0,0,0,1,1,0,0,1,1,0,1,1,0,1,1,0,1,0,1,1,0,1,0,0,0.25,20.720283747287773,1
23,0,0,1,1,1,1,0,1,0,0,1,1,0,0,0,1,1,0,0,1,1,0,1,1,0,1,0,0,1,0,1,1,1,1,0,0,0.3333333333333333,19.663956231414268,1
24,0,0,1,1,1,1,0,1,0,0,1,1,0,0,0,1,1,0,0,1,0,0,1,1,0,1,0,0,1,0,1,1,0,1,0,0,0.3055555555555556,15.41879809618888,1
25,0,0,0,1,1,1,0,1,0,0,1,1,0,0,0,1,1,0,0,1,0,0,1,1,0,1,0,0,1,0,1,1,1,1,0,0,0.3055555555555556,18.133758780460695,1
26,0,0,1,1,1,1,0,1,0,0,1,1,0,0,0,1,1,0,0,1,0,0,1,1,0,1,0,0,1,0,1,1,1,0,0,0,0.2777777777777778,13.17180334002132,1
27,0,0,1,1,1,1,0,1,0,0,1,1,0,0,0,1,1,0,0,1,0,0,1,1,0,1,1,0,1,0,1,1,0,1,0,0,0.2222222222222222,17.665792852356446,1
28,0,0,1,1,1,1,0,1,0,0,1,1,0,0,0,1,1,0,0,1,0,0,1,1,1,1,0,0,1,0,1,0,1,1,0,0,0.3611111111111111,13.776920616250244,1
29,0,0,1,1,1,1,0,1,0,1,1,1,0,0,0,1,1,0,0,1,1,0,1,1,0,1,0,0,1,0,1,1,0,1,0,0,0.25,19.257266895845568,1
30,1,1,0,0,0,0,1,0,1,1,0,1,1,1,1,0,0,0,1,0,0,1,0,0,0,0,0,1,0,1,0,0,0,1,1,1,0.2222222222222222,20.07343643105013,1
31,0,0,1,1,1,1,0,1,0,0,1,1,0,0,0,1,1,0,0,1,1,0,1,1,0,1,0,0,1,0,1,1,1,1,0,0,0.2777777777777778,19.663956231414268,1
32,0,0,1,1,1,1,0,1,0,1,1,1,0,0,0,1,1,0,0,1,1,0,1,1,0,1,0,0,1,0,1,1,0,1,0,0,0.25,19.257266895845568,1
33,0,0,0,1,1,1,0,1,0,0,0,1,0,0,0,1,1,0,0,1,1,0,1,1,0,1,0,0,1,0,1,1,0,1,0,0,0.2222222222222222,17.25688335871584,1
34,0,0,1,1,1,1,0,0,0,0,1,1,0,0,0,1,1,0,0,1,0,0,1,1,1,1,0,0,1,0,1,1,0,1,0,0,0.19444444444444445,18.574724371115988,1
35,0,0,0,1,1,1,0,0,0,0,1,1,0,0,0,1,1,0,0,1,0,0,1,1,0,1,1,0,1,0,1,1,0,1,0,0,0.25,21.55511517082622,1
36,0,0,0,1,1,1,0,1,0,0,1,1,0,0,0,1,1,0,0,1,0,0,1,1,0,1,0,0,1,0,1,0,1,1,0,0,0.3055555555555556,12.503048300345007,1
37,0,0,0,1,1,1,0,1,0,0,1,0,0,0,0,1,1,0,0,1,0,0,1,1,1,1,0,0,1,0,1,1,1,1,0,0,0.2222222222222222,21.342591096769944,1
38,0,0,1,1,1,1,0,1,0,0,1,1,0,0,0,1,1,0,0,1,1,0,1,1,1,1,0,0,1,0,1,1,1,1,0,0,0.2777777777777778,22.31814611254177,1
39,0,0,0,1,1,1,0,0,0,1,1,1,0,0,0,1,1,0,0,1,0,0,1,1,1,1,0,0,1,0,1,1,1,1,0,0,0.25,23.194176272079872,1
40,0,0,1,1,1,1,0,0,0,0,1,1,0,0,0,1,1,0,0,1,0,0,1,1,0,1,1,0,1,0,1,1,0,1,0,0,0.25,19.86939608011955,1
41,0,0,0,1,1,1,0,1,0,0,1,1,0,0,0,1,1,0,0,1,1,0,1,1,0,1,0,0,1,0,1,1,0,1,0,0,0.2777777777777778,17.325439946642483,1
42,0,0,0,1,1,1,0,1,0,0,1,1,0,0,0,1,1,0,0,1,1,0,1,1,0,1,0,0,0,0,1,1,0,1,0,0,0.19444444444444445,15.414349945532608,1
43,0,0,0,1,1,1,0,1,0,0,1,1,0,0,0,1,1,0,0,1,1,0,1,1,0,1,0,0,1,0,1,1,0,1,0,0,0.2777777777777778,17.325439946642483,1
44,0,0,0,0,1,1,0,0,0,0,0,1,0,0,0,1,1,1,0,1,0,0,1,1,1,1,0,0,1,0,1,1,0,0,0,0,0.19444444444444445,17.21122778598999,1
45,0,0,1,1,1,1,0,0,0,0,1,1,0,0,0,1,1,0,0,1,1,0,1,1,1,1,0,0,1,0,1,1,1,1,0,0,0.3333333333333333,26.53343676257337,1
46,0,0,0,1,1,1,0,1,0,0,1,1,0,0,0,1,1,0,0,1,1,0,1,1,0,1,0,0,1,0,1,1,0,1,0,0,0.3611111111111111,17.325439946642483,1
47,0,0,1,1,1,1,0,0,0,0,1,1,0,0,0,1,1,0,0,1,1,0,1,1,0,1,0,0,1,0,1,1,0,1,0,0,0.3055555555555556,18.854298830333363,1
48,0,0,0,0,1,1,0,1,0,1,0,1,0,0,0,1,1,1,0,1,0,0,1,1,1,1,0,0,1,0,1,1,0,0,0,0,0.25,17.3962903003237,1
49,0,1,0,0,1,1,0,1,0,0,1,0,0,0,0,1,1,1,0,1,1,0,1,1,1,0,0,0,1,0,1,1,0,0,0,0,0.19444444444444445,12.561255213306994,1
50,0,0,1,1,1,1,0,1,0,0,1,1,0,0,0,1,1,0,0,1,1,0,1,1,0,1,0,0,1,0,1,1,0,1,1,0,0.25,17.567324442847973,1
51,0,0,0,1,1,1,0,0,0,0,1,1,0,0,0,1,1,0,0,1,0,0,1,1,0,1,0,0,1,0,1,0,1,1,0,0,0.2222222222222222,13.533077278433835,1
52,0,0,0,1,1,1,0,1,0,0,1,0,0,0,0,1,1,0,0,1,1,0,1,1,0,1,0,0,1,0,1,1,0,1,0,0,0.2222222222222222,17.188326770789196,1
53,0,0,1,1,1,1,0,0,0,0,1,1,0,0,0,1,1,0,0,1,0,0,1,1,0,1,0,0,1,0,1,0,0,1,0,0,0.2777777777777778,11.54142069320183,1
54,0,0,1,1,1,1,0,0,0,1,1,1,0,0,0,1,1,0,0,1,0,0,1,1,1,1,1,0,0,0,1,1,1,1,0,0,0.25,22.314976405563065,1
55,0,0,0,1,1,1,0,0,0,0,1,0,0,0,0,1,1,0,0,1,0,0,1,1,0,1,0,0,1,0,1,1,0,1,0,0,0.2222222222222222,18.29362380337239,1
56,0,0,0,1,1,1,0,0,0,0,1,1,0,0,0,1,1,0,0,1,1,0,1,1,0,1,0,0,1,0,1,1,0,1,0,0,0.2222222222222222,20.560019024918994,1
57,0,0,0,1,1,1,0,0,0,1,1,1,0,0,0,1,1,0,0,1,0,0,1,1,0,1,1,0,1,0,1,1,0,1,0,0,0.3055555555555556,20.972907454214052,1
58,0,0,0,1,1,1,0,1,0,0,0,1,0,0,0,1,1,0,0,1,0,0,1,1,0,1,0,0,0,0,1,1,1,1,0,0,0.2777777777777778,15.247539147152038,1
59,0,0,1,1,1,1,0,1,0,1,0,1,0,0,0,1,1,0,0,1,0,0,1,1,1,1,1,0,0,0,1,1,0,1,0,0,0.3055555555555556,18.058921792492505,1
60,0,0,1,1,1,1,0,1,0,0,1,1,0,0,0,1,1,0,0,1,0,0,0,1,1,1,0,0,1,0,1,1,0,1,0,0,0.25,15.176373295611652,1
61,0,0,0,1,1,1,0,0,0,1,1,1,0,0,0,1,1,0,0,1,0,0,1,1,1,1,0,0,1,0,1,0,1,1,0,0,0.2777777777777778,16.126997910156806,1
62,0,0,0,1,1,1,0,0,0,0,1,1,0,0,0,1,1,0,0,1,0,0,1,1,1,1,0,0,1,0,1,1,0,0,0,0,0.19444444444444445,13.139038035466934,1
63,0,0,0,1,1,1,0,0,0,0,1,1,0,0,0,1,1,0,0,1,0,0,1,1,0,1,0,0,1,0,1,0,1,1,0,0,0.3333333333333333,13.533077278433835,1
64,0,0,0,1,1,1,0,1,0,0,1,1,0,0,0,1,1,0,0,1,1,0,1,1,0,1,0,0,1,0,1,1,1,1,0,0,0.3611111111111111,20.720283747287773,1
65,0,0,1,1,1,1,0,1,0,0,1,1,0,0,0,1,1,0,0,1,1,0,1,0,1,1,0,0,1,0,1,1,1,1,0,0,0.16666666666666666,16.38394794004605,1
66,0,0,1,1,1,1,0,1,0,0,1,1,0,0,0,1,1,0,0,1,0,0,1,1,0,1,0,0,1,0,1,1,1,1,0,0,0.3611111111111111,17.66579285235644,1
67,0,0,0,1,1,1,0,1,0,0,0,1,0,0,0,1,1,0,0,1,1,0,1,1,0,1,1,0,1,0,1,1,0,1,0,0,0.3333333333333333,21.151982654933946,1
68,0,0,0,1,1,1,0,1,0,1,1,0,0,0,0,1,1,0,0,1,0,0,1,1,1,0,0,0,1,0,1,1,0,1,0,0,0.2777777777777778,12.593518657523642,1
69,0,0,0,1,1,1,0,0,0,0,1,1,0,0,0,1,1,0,0,1,0,0,1,1,0,1,0,0,0,0,1,0,0,1,1,0,0.25,10.119851300661729,1
70,0,0,1,1,1,1,0,1,0,0,1,0,0,0,0,1,1,1,0,1,1,0,1,1,1,0,0,0,1,0,1,1,0,1,0,0,0.2222222222222222,14.72335148238601,1
71,0,0,1,1,1,1,0,1,0,1,0,1,0,0,0,1,1,0,0,1,1,0,1,1,0,1,0,0,1,0,1,1,0,1,0,0,0.3055555555555556,17.684803647640507,1
72,0,0,0,1,1,1,0,1,0,0,0,1,0,0,0,1,1,0,0,1,0,0,1,1,1,1,1,0,1,0,1,1,0,1,0,0,0.3055555555555556,20.8553669494018,1
73,0,0,0,1,1,1,0,1,0,0,1,0,0,0,0,1,1,0,0,1,0,0,1,1,0,1,0,0,1,0,1,1,1,1,0,0,0.2777777777777778,17.883793923869824,1
74,0,0,0,1,1,1,0,0,0,0,1,1,0,0,0,1,1,0,1,1,0,0,1,1,1,1,0,0,1,0,1,1,0,1,0,0,0.3333333333333333,24.40141171858425,1
75,0,0,1,0,1,1,0,0,0,0,0,1,0,0,0,1,1,1,0,1,1,0,1,1,0,1,0,0,1,0,1,1,1,0,0,0,0.25,18.175238674625525,1
76,0,0,0,1,1,1,0,0,0,0,1,1,0,0,0,1,0,0,0,1,0,0,1,1,1,1,1,0,1,0,1,0,0,1,0,0,0.2777777777777778,16.176840299979354,1
77,0,0,0,1,1,1,0,0,0,0,1,1,0,0,0,1,1,0,0,1,0,0,1,1,0,1,1,0,1,0,1,1,0,1,0,0,0.3611111111111111,21.55511517082622,1
78,0,0,0,1,1,1,0,0,0,0,1,1,0,0,0,1,1,0,0,1,1,0,1,1,1,1,0,0,1,0,1,1,1,1,0,0,0.2777777777777778,29.35664728868477,1
79,0,0,0,1,1,1,0,1,0,0,1,1,0,0,0,1,1,0,0,1,1,0,1,1,0,1,0,0,1,0,1,0,0,0,0,0,0.25,11.746064744061313,1
80,0,0,0,1,1,1,0,0,0,0,1,1,0,0,0,1,1,0,0,1,1,0,1,1,0,1,0,0,1,0,1,0,1,1,0,0,0.2777777777777778,15.969511518135358,1
81,0,0,1,1,1,1,0,0,0,0,0,1,0,0,0,1,1,0,0,1,1,0,1,1,0,1,0,0,1,0,1,1,1,1,0,0,0.2777777777777778,23.80770354964715,1
82,0,0,0,1,1,1,0,0,0,0,1,1,0,0,0,1,0,0,0,1,0,0,0,1,1,1,0,0,1,0,1,1,0,1,0,0,0.25,17.68664334718201,1
83,0,0,0,1,1,1,0,1,0,0,1,1,0,0,0,1,1,0,0,1,1,0,1,1,1,1,0,0,1,0,1,1,0,1,0,0,0.3333333333333333,19.988691226551197,1
84,0,0,0,1,1,1,0,1,0,0,1,1,0,0,0,1,1,0,0,1,1,0,1,1,1,1,0,0,1,0,1,1,1,1,0,0,0.2777777777777778,23.923603476050758,1
85,0,0,0,0,1,1,0,1,0,0,1,0,0,0,0,1,1,0,0,1,0,0,1,1,0,1,0,0,1,0,1,1,1,0,0,0,0.2777777777777778,12.916323079971006,1
86,0,0,0,1,1,1,0,1,0,0,0,1,0,0,0,1,1,0,0,1,0,0,1,1,0,1,0,0,1,0,1,1,1,1,0,0,0.3055555555555556,18.008776352165263,1
87,0,0,0,1,1,1,0,0,0,0,1,1,0,0,0,1,1,0,0,1,0,0,1,1,0,1,0,0,1,0,1,1,0,1,0,0,0.2777777777777778,17.544096224630024,1
88,0,0,0,1,1,1,0,1,0,0,1,0,0,0,0,1,1,0,0,1,0,0,0,1,1,1,0,0,1,0,1,1,1,0,0,0,0.25,10.120875511929048,1
89,0,0,1,1,1,1,0,1,0,1,1,1,0,0,0,1,1,1,0,1,1,0,1,1,0,1,0,0,1,0,1,1,0,0,0,0,0.2777777777777778,26.78524516921478,1
90,0,0,0,1,1,1,0,0,0,0,1,1,0,0,0,1,1,0,0,1,1,0,1,1,0,1,0,0,1,0,1,1,0,1,0,0,0.3333333333333333,20.560019024918994,1
91,0,0,0,1,1,1,0,0,0,0,1,1,0,0,0,1,1,0,0,1,1,0,1,0,0,1,1,0,1,0,1,1,1,1,0,0,0.25,22.39123419555854,1
92,0,0,0,1,1,1,0,0,0,0,1,0,0,0,0,1,1,0,0,1,1,0,0,1,0,0,0,0,1,0,1,1,0,0,0,0,0.2222222222222222,6.587778219575841,1
93,0,0,0,1,1,1,0,1,0,0,1,1,0,0,0,1,1,0,0,1,1,0,1,1,0,1,0,0,1,0,1,0,0,0,0,0,0.2777777777777778,11.746064744061313,1
94,0,1,0,1,1,1,0,0,0,0,0,1,0,0,0,1,1,0,0,1,1,0,1,1,0,1,0,0,1,0,1,1,0,1,0,0,0.2222222222222222,19.491165705724192,1
95,0,0,0,1,1,1,1,1,0,0,1,1,0,0,0,1,1,0,0,1,0,0,1,1,1,1,0,0,1,0,1,1,0,1,0,0,0.3055555555555556,16.398472256898376,1
96,0,0,0,1,1,1,0,1,0,0,1,1,0,0,0,1,1,0,0,1,0,0,1,1,0,1,1,0,0,0,1,1,1,1,0,0,0.2777777777777778,18.810773356221514,1
97,0,0,1,1,1,1,0,1,0,0,1,1,0,0,0,1,1,1,0,1,0,0,0,1,1,1,1,0,1,0,1,1,0,1,0,0,0.4166666666666667,22.52374816612333,1
98,0,0,1,0,1,1,0,1,0,0,0,0,0,0,0,1,1,0,0,1,0,0,0,1,1,1,0,0,1,0,1,1,0,0,0,0,0.2222222222222222,8.99918722686204,1
99,0,0,0,1,1,1,0,1,0,0,1,1,0,0,0,1,1,0,0,1,0,0,1,1,0,1,0,0,1,0,1,1,0,1,0,0,0.25,15.318403540402851,1
