,0,1,2,3,4,5,6,7,8,9,10,11,12,13,14,15,16,17,18,19,20,21,22,23,24,25,26,27,28,29,30,31,32,33,34,35,chain_break_fraction,energy,num_occurrences
0,1,0,0,0,0,0,0,0,1,1,0,1,1,1,0,0,1,0,0,1,0,1,1,0,0,0,1,0,0,0,0,0,0,1,1,0,0.25,4.1889359434628615,1
1,1,0,0,0,0,0,0,0,1,1,0,0,1,1,0,0,1,0,0,1,0,1,1,0,0,0,0,0,0,0,0,1,0,1,1,1,0.25,13.979449679719426,1
2,1,0,1,0,0,0,0,0,1,1,0,1,1,1,0,0,1,0,0,1,0,1,1,0,0,0,1,0,0,0,0,1,0,1,1,1,0.2777777777777778,12.336879651890783,1
3,1,0,0,0,0,0,0,0,1,1,0,1,1,1,0,0,1,0,0,1,0,1,1,0,0,0,1,0,0,0,0,0,0,1,1,1,0.2777777777777778,8.2064743780938,1
4,1,0,0,0,0,0,0,0,1,1,0,0,1,1,0,0,1,0,0,1,0,1,0,0,0,0,1,0,0,0,0,1,0,1,1,0,0.25,5.733738511852911,1
5,1,0,0,0,0,1,0,0,1,1,0,1,1,1,0,0,1,0,0,1,0,1,1,0,0,0,1,0,0,0,0,1,0,1,1,0,0.2222222222222222,8.050254836602882,1
6,1,0,0,0,0,1,0,0,1,1,0,0,1,1,0,0,1,0,0,1,0,1,1,0,0,0,0,0,0,0,0,1,0,1,1,0,0.2777777777777778,6.82725027965942,1
7,1,0,1,0,1,0,0,0,1,1,0,0,1,1,0,0,1,0,0,1,0,1,1,0,0,0,1,0,0,0,0,1,0,1,1,1,0.25,12.281876663299595,1
8,1,0,0,0,1,1,0,0,1,1,0,1,1,1,0,0,1,0,0,1,0,1,1,0,0,0,1,0,0,0,0,1,0,1,1,1,0.3055555555555556,12.540788273283265,1
9,1,0,0,0,0,1,0,0,1,1,0,0,1,1,0,0,1,0,0,1,0,1,1,0,0,0,0,0,0,0,0,1,0,1,1,0,0.25,6.82725027965942,1
10,1,0,0,0,0,0,0,0,1,1,0,0,1,1,0,0,1,0,0,1,0,1,1,0,0,0,0,0,0,0,0,1,0,1,1,1,0.25,13.979449679719426,1
11,1,0,0,0,0,0,0,0,1,1,0,1,1,1,0,0,1,0,0,1,0,1,0,0,0,0,1,0,0,0,0,1,0,1,1,0,0.25,5.734875057218922,1
12,1,1,0,0,0,0,0,0,1,1,0,0,1,1,0,0,1,0,0,1,0,1,0,0,0,0,1,0,0,0,0,1,0,1,1,1,0.25,12.030636796591981,1
13,1,0,0,0,0,1,0,0,1,1,0,0,1,1,0,0,1,0,0,1,0,1,0,0,0,0,1,0,0,0,0,1,0,1,1,0,0.3055555555555556,5.674397332029347,1
14,1,1,0,0,1,0,0,0,1,1,0,0,1,1,0,0,1,0,0,1,0,1,0,0,0,0,1,0,0,0,0,1,0,1,1,1,0.3055555555555556,10.976932990926592,1
15,1,0,0,0,0,0,0,0,1,1,0,1,1,1,0,0,1,0,0,1,0,1,1,0,0,0,0,0,0,0,0,0,0,1,1,0,0.19444444444444445,5.312787639882445,1
16,1,0,0,0,0,1,0,0,1,1,0,1,1,1,0,1,1,0,0,1,0,1,1,0,0,0,0,0,0,0,0,1,0,1,1,1,0.25,10.231984159014024,1
17,1,0,0,0,0,1,0,0,1,1,0,0,1,1,0,0,1,0,0,1,0,1,0,0,0,0,1,0,0,0,0,1,0,1,1,0,0.2777777777777778,5.674397332029347,1
18,1,0,0,0,0,0,0,0,1,1,0,0,1,1,1,0,1,0,0,1,0,1,1,0,0,0,1,0,0,0,0,1,0,1,1,1,0.3055555555555556,11.732027267928904,1
19,1,0,0,0,0,1,0,0,1,1,0,1,1,1,0,0,1,0,0,1,0,1,1,0,0,0,0,0,0,0,0,0,0,1,1,1,0.2777777777777778,10.222013665198801,1
20,1,0,0,0,1,0,0,0,1,1,0,0,1,1,0,0,1,0,0,1,0,1,0,0,0,0,1,0,0,0,0,0,0,1,1,1,0.25,6.441335767164567,1
21,1,0,0,0,0,0,0,0,1,1,0,0,1,1,0,0,1,0,0,1,0,1,1,0,0,0,1,0,0,0,0,0,0,1,1,0,0.2222222222222222,3.187798826519037,1
22,1,0,0,0,0,0,0,0,1,1,0,0,1,1,0,0,0,0,0,1,0,1,1,0,0,0,1,0,0,0,0,1,0,1,1,0,0.2777777777777778,10.651408761351124,1
23,1,1,0,0,1,0,0,0,1,1,0,1,1,1,0,1,1,0,0,1,0,1,1,1,0,0,1,0,0,0,0,1,0,1,1,1,0.25,13.369342829156652,1
24,1,0,0,0,1,0,0,0,1,1,0,1,1,1,0,0,1,0,0,1,0,1,0,0,0,0,1,0,0,0,0,1,0,1,1,1,0.3055555555555556,9.692529632376727,1
25,1,1,0,0,0,0,0,0,1,1,0,1,1,1,0,0,1,0,0,1,0,1,1,0,0,0,1,0,0,0,0,1,0,1,1,1,0.25,13.470979126858914,1
26,1,0,0,0,1,1,0,0,1,1,0,1,1,1,0,0,1,0,0,1,0,1,1,0,0,0,1,0,0,0,0,0,0,1,1,1,0.2777777777777778,10.544494667298249,1
27,1,0,0,0,0,1,0,0,1,1,0,1,1,1,0,0,1,0,0,1,0,1,1,0,0,0,1,0,0,0,0,0,0,1,1,1,0.3333333333333333,9.098487904230092,1
28,1,0,0,0,0,1,0,0,1,1,0,0,1,1,0,0,1,0,0,1,0,1,1,1,0,0,0,0,0,0,0,1,0,1,1,1,0.25,19.62083117825798,1
29,1,0,0,0,0,0,0,0,1,1,0,0,1,1,0,0,1,0,0,1,0,1,1,0,0,0,0,0,0,0,0,1,0,1,1,0,0.3055555555555556,6.886655104685035,1
30,1,0,0,0,0,0,0,0,1,1,0,1,1,1,0,1,1,0,0,1,0,1,1,0,0,0,0,0,0,0,0,1,0,1,1,0,0.19444444444444445,5.341834752413716,1
31,1,0,0,0,0,1,0,0,1,1,0,0,1,1,0,0,1,0,0,1,0,1,0,0,0,0,1,0,0,0,0,1,0,1,1,1,0.2777777777777778,10.637427609600854,1
32,1,0,0,0,1,0,0,0,1,1,0,0,1,1,0,0,1,0,0,1,0,1,1,0,0,0,0,0,0,0,0,1,0,1,1,0,0.2777777777777778,5.856952692172225,1
33,1,0,1,0,1,0,0,0,1,1,0,0,1,1,0,0,1,0,0,1,0,1,0,0,0,0,1,0,0,0,0,1,0,1,1,1,0.2777777777777778,9.834163038968665,1
34,1,0,0,0,0,0,0,0,1,1,0,1,1,1,0,0,1,0,0,1,0,1,0,0,0,0,1,0,0,0,0,1,0,1,1,0,0.2777777777777778,5.734875057218922,1
35,1,0,1,0,0,0,0,0,1,1,0,1,1,1,0,0,1,0,0,1,0,1,1,0,0,0,1,0,0,0,0,0,0,1,0,1,0.2777777777777778,6.833868922675046,1
36,1,0,0,0,0,1,0,0,1,1,0,0,1,1,0,0,1,0,0,1,0,1,1,0,0,0,1,0,0,0,0,0,0,1,1,1,0.2777777777777778,8.097350787286297,1
37,1,0,0,0,0,0,0,0,1,1,0,1,1,1,1,0,1,0,0,1,0,1,1,0,0,0,0,0,0,0,0,1,0,1,1,0,0.25,5.114950629794977,1
38,1,0,0,0,1,0,0,0,1,1,0,1,1,1,0,0,1,0,0,1,0,1,1,0,0,0,1,0,0,0,0,0,0,1,1,0,0.25,4.65923759402911,1
39,1,0,0,0,0,0,0,0,1,1,0,0,1,1,0,0,1,0,0,1,0,1,0,0,0,0,1,0,0,0,0,1,0,1,1,1,0.3055555555555556,12.74535856442061,1
40,1,0,1,0,0,0,0,0,1,1,0,0,1,1,0,0,1,0,0,1,0,1,0,0,0,0,1,0,0,0,0,1,0,1,1,1,0.2777777777777778,11.387997680506297,1
41,1,1,0,0,1,0,0,0,1,1,0,1,1,1,0,1,1,0,0,1,0,1,0,1,0,0,1,0,0,0,0,1,0,1,1,1,0.19444444444444445,12.17519079224351,1
42,1,0,1,0,0,0,0,0,1,1,0,0,1,1,0,0,1,0,0,1,0,1,1,0,0,0,1,0,0,0,0,1,0,1,1,1,0.2777777777777778,14.33574312864048,1
43,1,0,1,0,0,1,0,0,1,1,0,0,1,1,0,0,1,0,0,1,0,1,0,0,0,0,1,0,0,0,0,1,0,1,1,1,0.25,10.280328397431026,1
44,1,0,0,0,0,0,0,0,1,1,0,1,1,1,1,0,1,0,0,1,0,1,1,0,0,0,1,0,0,0,0,1,0,1,1,0,0.3055555555555556,4.687374374648214,1
45,1,0,1,0,0,0,0,0,1,1,0,0,1,1,0,0,1,0,0,1,0,1,0,0,0,0,1,0,0,0,0,1,0,1,1,1,0.2777777777777778,11.387997680506297,1
46,1,0,1,0,0,1,0,0,1,1,0,0,1,1,0,0,1,0,0,1,0,1,1,0,0,0,1,0,0,0,0,1,0,1,1,0,0.25,7.18428488763808,1
47,1,0,0,0,1,0,0,0,1,1,0,0,1,1,0,0,1,0,0,1,0,1,0,0,0,0,1,0,0,0,0,1,0,1,1,1,0.2777777777777778,10.69139308701073,1
48,1,0,0,0,0,1,0,0,1,1,0,0,1,1,0,0,1,0,0,1,0,1,0,1,0,0,1,0,0,0,0,0,0,1,1,1,0.2777777777777778,10.807327220536619,1
49,1,0,0,0,1,0,0,0,1,1,0,0,1,1,0,0,1,0,0,1,0,1,0,0,0,0,1,0,0,0,0,1,0,1,1,0,0.2777777777777778,4.704067921941128,1
50,1,0,0,0,0,0,0,0,1,1,0,1,1,1,0,0,1,0,0,1,0,1,0,0,0,0,0,0,0,0,0,1,0,1,1,1,0.3333333333333333,10.106109407441384,1
51,1,0,0,0,0,0,0,0,1,1,0,0,1,1,0,0,1,0,0,1,0,1,0,0,0,0,1,0,0,0,0,1,0,1,1,1,0.25,12.74535856442061,1
52,1,0,1,0,0,0,0,0,1,1,0,0,1,1,0,0,1,0,0,1,0,1,0,0,0,0,1,0,0,0,0,1,0,1,1,1,0.3055555555555556,11.387997680506297,1
53,1,1,0,0,0,0,0,0,1,1,0,1,1,1,0,0,1,0,0,1,0,1,1,1,0,0,1,0,0,0,0,1,0,1,0,1,0.2777777777777778,17.22213540745979,1
54,1,0,0,1,0,0,0,0,1,1,0,0,1,1,0,0,1,0,0,1,0,1,1,0,0,0,1,0,0,0,0,1,0,1,1,0,0.3611111111111111,8.378332945862923,1
55,1,0,1,0,0,0,0,0,1,1,0,0,1,1,0,0,1,0,0,1,0,1,0,0,0,0,1,0,0,0,0,1,0,1,1,1,0.2777777777777778,11.387997680506297,1
56,1,0,0,0,0,0,0,0,1,1,0,1,1,1,0,0,1,0,0,1,0,1,1,0,0,0,1,0,0,0,0,1,0,1,1,1,0.3333333333333333,13.202780176922658,1
57,1,0,0,0,0,1,0,0,1,1,0,1,1,1,0,0,1,0,0,1,0,1,1,0,0,0,1,0,0,0,0,1,0,1,1,0,0.2777777777777778,8.050254836602882,1
58,1,0,0,0,0,0,0,0,1,1,0,1,1,1,0,0,1,0,0,1,0,1,1,0,0,0,1,0,0,0,0,1,0,1,1,0,0.3333333333333333,7.109659664032959,1
59,0,0,0,0,0,0,0,0,1,1,0,1,1,1,1,1,1,0,0,1,0,1,1,0,0,0,1,0,0,0,0,1,0,1,1,1,0.25,7.157565559209715,1
60,1,0,1,0,0,1,0,0,1,1,0,0,1,1,1,0,1,0,0,1,0,1,0,0,0,0,1,0,0,0,0,1,0,1,1,1,0.3333333333333333,8.183984114433725,1
61,1,0,0,0,0,0,0,0,1,1,0,1,1,1,0,0,1,0,0,1,0,1,0,0,0,0,1,0,0,0,0,1,0,1,0,0,0.3333333333333333,5.2290650309350815,1
62,1,0,0,0,1,0,0,0,1,1,0,0,1,1,0,0,1,0,0,1,0,1,1,0,0,0,1,0,0,0,0,1,0,1,1,1,0.3611111111111111,13.647646352460985,1
63,1,0,1,0,0,0,0,0,1,1,0,0,1,1,0,0,1,0,0,1,0,1,1,0,0,0,1,0,0,0,0,1,0,1,1,1,0.16666666666666666,14.33574312864048,1
64,1,0,1,0,0,0,0,0,1,1,1,0,1,1,0,0,1,0,0,1,0,1,0,0,0,0,0,0,0,0,0,1,0,1,1,1,0.2222222222222222,9.248186725649454,1
65,0,0,1,1,0,0,1,0,0,0,1,0,0,0,1,1,0,1,0,0,1,1,0,0,1,1,0,1,1,1,1,0,1,0,0,0,0.2777777777777778,11.271015454772243,1
66,1,0,0,1,1,0,0,0,1,1,0,1,1,1,0,1,1,0,0,1,0,1,1,0,0,0,1,0,0,0,0,1,0,1,0,1,0.25,10.494762285915161,1
67,0,0,0,1,0,1,1,1,0,0,1,1,0,0,1,1,0,1,1,0,1,1,1,0,1,1,0,1,1,1,1,0,1,0,0,0,0.3055555555555556,15.799657559582188,1
68,1,0,1,0,0,1,0,0,1,1,0,1,1,1,1,0,1,0,0,1,0,1,1,1,0,0,1,0,0,0,0,0,0,1,1,1,0.19444444444444445,10.918104508964323,1
69,1,0,0,0,0,0,0,0,1,1,0,1,1,1,0,0,1,0,0,1,0,1,0,1,0,0,1,0,0,0,0,0,0,1,1,1,0.3055555555555556,10.916514436833179,1
70,1,0,0,0,1,1,0,1,1,1,0,0,1,1,0,0,1,0,0,1,0,1,1,1,0,0,1,0,0,0,0,1,0,1,1,1,0.3333333333333333,19.686563252530487,1
71,1,0,0,0,0,0,0,0,1,1,0,0,1,1,0,0,1,0,0,1,0,1,0,1,0,0,0,0,0,0,0,1,0,1,1,1,0.2777777777777778,18.854201376606106,1
72,1,0,0,0,0,0,0,0,1,1,0,0,1,1,0,0,1,0,0,1,0,1,1,0,0,0,1,0,0,0,0,1,0,1,1,0,0.3055555555555556,8.108523140784397,1
73,0,0,1,1,1,1,1,1,0,0,1,0,0,0,1,1,0,1,1,0,1,1,0,0,1,1,0,1,1,1,1,0,1,0,0,0,0.3055555555555556,15.995010769895632,1
74,1,0,0,0,1,0,0,0,1,1,0,0,1,1,0,0,1,0,0,1,0,1,1,0,0,0,1,0,0,0,0,1,0,1,0,0,0.3333333333333333,5.044407914373552,1
75,1,0,0,0,0,0,0,0,1,1,0,0,1,1,0,0,1,0,0,1,0,1,0,0,0,0,0,0,0,0,0,1,0,1,1,1,0.3055555555555556,11.104697982832743,1
76,0,0,0,1,0,1,1,1,0,0,1,0,0,0,1,1,0,1,0,0,1,0,1,0,1,1,0,1,1,1,1,0,0,0,0,0,0.2222222222222222,9.534887796066156,1
77,0,0,1,1,0,0,1,0,0,0,1,0,0,0,1,1,1,1,1,0,1,0,0,0,1,1,0,1,1,1,1,0,1,0,0,0,0.3055555555555556,6.922515208152438,1
78,0,0,1,1,0,1,1,0,0,0,1,0,0,0,1,1,0,1,0,0,1,0,0,0,1,1,0,1,1,1,1,0,1,0,0,0,0.3055555555555556,7.006486193269033,1
79,0,1,0,1,0,1,1,1,0,0,1,1,1,0,1,1,0,1,1,0,1,1,0,0,1,1,0,1,1,1,1,0,1,0,0,0,0.2777777777777778,22.014768196133176,1
80,1,0,0,0,0,0,0,0,1,1,0,0,1,1,0,0,1,0,1,1,0,1,0,1,0,0,1,0,0,0,0,1,0,1,1,1,0.25,27.00916001002212,1
81,0,1,0,1,0,1,1,0,0,0,1,0,0,0,1,1,0,1,1,0,1,0,0,0,1,1,0,1,1,1,1,0,1,0,0,0,0.3333333333333333,10.795708085061412,1
82,0,1,0,1,0,1,1,1,0,0,1,0,0,0,1,1,1,1,1,0,1,1,1,0,1,1,0,1,1,1,1,0,1,0,0,0,0.3333333333333333,18.07609876874682,1
83,0,1,1,1,0,1,1,1,0,0,1,1,0,0,1,1,0,1,1,0,1,1,1,0,1,1,0,1,1,1,1,0,1,0,0,0,0.3611111111111111,24.973301503123306,1
84,0,0,1,1,1,1,1,1,0,0,1,0,0,0,1,1,0,1,1,0,1,1,1,0,1,1,0,1,1,1,1,0,1,0,0,0,0.3055555555555556,15.999415031741844,1
85,0,0,1,1,0,1,1,0,0,0,1,0,0,0,1,1,0,1,1,0,1,0,0,0,1,1,0,1,1,1,1,0,1,0,0,0,0.3333333333333333,8.057443807772726,1
86,0,0,0,0,0,1,0,0,0,1,0,0,1,1,0,1,1,0,0,1,0,1,0,1,0,0,0,0,0,0,0,1,0,1,1,0,0.16666666666666666,7.445192437126337,1
87,0,0,1,1,0,1,1,0,0,0,1,0,0,0,1,1,0,1,1,0,1,0,0,1,1,1,0,1,1,1,1,0,1,0,0,0,0.3611111111111111,10.898015297975766,1
88,0,1,1,1,1,0,1,0,0,0,1,0,0,0,1,1,0,1,1,0,1,1,0,0,1,1,0,1,1,1,1,0,1,0,0,0,0.2777777777777778,15.54213704739712,1
89,1,0,0,0,0,0,0,0,1,1,0,1,1,1,0,1,1,0,0,1,0,1,0,0,0,0,1,0,0,0,0,1,0,1,1,0,0.3055555555555556,4.635326402630482,1
90,1,0,0,0,0,0,0,0,1,1,0,0,1,1,1,0,1,0,0,1,0,1,0,1,0,0,1,0,0,1,0,1,1,1,1,0,0.2222222222222222,18.620782830471697,1
91,0,0,1,1,0,1,1,1,0,0,1,0,0,0,1,1,1,1,1,0,1,1,0,0,1,1,0,1,1,1,1,0,1,1,0,0,0.3333333333333333,16.83788536559021,1
92,0,0,0,0,0,1,0,0,1,1,0,0,1,1,0,0,1,0,0,1,0,1,0,0,0,0,0,0,0,0,0,0,1,1,0,1,0.2777777777777778,6.599720960057358,1
93,0,0,1,0,0,1,0,0,1,1,0,1,1,1,0,0,0,0,0,1,0,1,0,0,0,0,1,0,0,0,0,1,0,1,1,1,0.3333333333333333,11.66198367297946,1
94,0,0,1,1,1,1,1,0,0,0,0,1,0,0,0,1,0,1,1,0,1,1,0,0,1,1,0,1,1,1,1,0,1,0,0,0,0.25,15.28394101579731,1
95,0,0,1,1,0,1,1,1,0,0,1,0,0,0,1,1,0,1,1,0,1,1,1,0,1,1,0,1,1,1,1,0,1,0,0,0,0.2777777777777778,15.524115419572077,1
96,0,0,0,1,0,1,1,1,0,0,1,0,0,0,1,1,0,1,1,0,1,1,0,0,1,1,0,1,1,1,1,0,1,0,0,0,0.3333333333333333,13.786591711624673,1
97,0,1,1,1,0,1,1,0,0,0,1,1,0,0,1,1,0,1,1,0,1,1,0,0,1,1,0,1,1,1,1,0,1,0,0,0,0.3333333333333333,19.512509363087766,1
98,0,0,0,1,0,1,1,1,0,0,0,0,0,0,1,1,0,1,1,0,1,1,0,0,1,1,0,1,1,1,1,1,1,1,0,0,0.2777777777777778,27.765944811895586,1
99,0,1,1,1,1,0,1,0,0,0,1,1,0,0,1,1,1,1,0,0,1,1,0,0,1,1,0,1,1,1,1,0,1,0,0,0,0.2777777777777778,17.05553257065571,1
