,0,1,2,3,4,5,6,7,8,9,10,11,12,13,14,15,16,17,18,19,20,21,22,23,24,25,26,27,28,29,30,31,32,33,34,35,chain_break_fraction,energy,num_occurrences
0,1,0,1,0,1,0,0,0,0,0,1,0,0,0,1,1,1,0,0,0,1,0,0,0,0,0,0,1,0,0,1,1,0,0,1,0,0.05555555555555555,-2.094651221969984,1
1,0,0,1,0,1,0,0,1,0,0,1,0,1,0,1,1,1,0,0,0,1,0,0,1,1,0,0,1,0,0,0,1,1,0,1,1,0.1111111111111111,1.3786304561903213,1
2,1,0,1,0,0,1,0,1,0,0,1,0,1,1,1,1,0,0,0,0,0,0,0,1,0,1,0,1,0,1,1,0,0,1,0,0,0.19444444444444445,7.696403147251392,1
3,0,0,1,0,0,1,0,1,0,0,1,1,0,1,0,1,0,0,1,1,0,0,0,1,0,0,0,1,0,1,1,0,0,0,0,0,0.2222222222222222,11.071793531798304,1
4,1,0,1,0,0,1,0,1,0,0,1,0,0,1,0,1,0,0,1,1,0,0,0,1,0,0,0,1,0,1,0,0,0,0,0,0,0.25,9.957136152695305,1
5,1,0,1,0,0,1,0,1,0,0,0,0,1,1,1,1,0,0,0,0,0,0,0,1,0,1,0,1,0,1,1,0,0,1,0,0,0.16666666666666666,6.8181926885844995,1
6,0,0,1,0,0,1,0,1,0,0,1,1,0,1,0,1,0,0,1,1,0,0,0,1,0,0,0,1,0,1,1,0,0,0,0,0,0.25,11.071793531798304,1
7,0,1,0,1,1,0,1,0,1,1,0,0,0,0,1,1,0,1,1,0,1,0,1,0,1,0,1,0,1,0,0,1,1,1,1,1,0.25,5.880961380978253,1
8,1,0,1,0,0,1,0,1,0,0,1,0,0,1,0,1,0,0,0,1,0,0,0,1,0,0,0,1,0,1,0,0,0,1,0,0,0.2222222222222222,8.065627933191958,1
9,0,0,1,0,0,1,0,1,0,0,0,0,1,1,0,1,0,0,0,0,0,0,0,1,0,0,0,1,0,1,0,0,0,0,0,0,0.16666666666666666,9.244752623983322,1
10,0,1,0,1,1,0,1,0,1,1,1,0,0,0,1,0,0,1,1,0,1,0,1,0,1,0,0,0,1,0,0,1,1,1,1,1,0.16666666666666666,7.303041152559252,1
11,1,0,1,0,0,1,0,1,0,0,1,1,0,1,0,1,0,0,1,1,0,0,0,1,0,0,0,1,0,1,0,0,0,0,0,0,0.1388888888888889,15.514271878742301,1
12,0,1,0,1,1,0,1,0,1,1,0,0,0,0,1,0,0,1,1,0,1,0,0,0,1,0,1,0,0,0,0,1,1,0,1,1,0.19444444444444445,4.587583230467151,1
13,0,0,1,0,0,1,0,1,0,0,0,1,1,1,0,1,0,0,1,1,0,0,0,1,0,0,0,1,0,1,1,0,0,0,0,0,0.2777777777777778,9.681112026194457,1
14,1,0,1,0,1,1,0,0,0,0,0,0,1,0,1,1,1,0,0,0,1,0,1,0,0,0,1,1,0,0,0,1,0,0,1,1,0.08333333333333333,2.077486672775749,1
15,0,1,0,1,1,0,1,0,1,1,0,0,0,0,1,1,0,1,0,0,1,0,1,0,1,0,1,0,1,0,0,1,1,0,1,1,0.2222222222222222,4.445342127808732,1
16,1,0,1,0,0,1,0,1,0,0,0,1,0,1,0,1,1,0,1,1,0,0,0,1,0,0,0,1,0,1,1,0,0,0,0,0,0.2777777777777778,11.534469952924606,1
17,0,1,0,1,1,0,1,0,1,1,0,0,1,0,1,1,0,1,1,0,1,0,1,0,1,0,1,0,1,0,0,1,1,1,1,1,0.19444444444444445,5.475548340164708,1
18,0,0,1,0,0,1,0,1,0,0,0,0,1,1,1,1,0,0,0,0,0,0,0,1,0,1,1,1,0,1,0,0,0,0,0,1,0.1388888888888889,6.589529955160401,1
19,0,0,1,0,0,0,0,1,0,0,1,0,1,1,0,0,1,0,0,1,0,0,0,1,0,0,0,1,0,1,1,0,0,0,1,0,0.16666666666666666,6.397515757938967,1
20,0,1,0,1,1,0,1,0,0,1,0,0,0,0,1,0,0,1,1,0,1,0,0,0,1,0,1,0,1,0,0,0,1,0,1,1,0.1388888888888889,2.6967803338118115,1
21,0,1,0,1,1,0,1,0,1,1,1,0,0,0,1,0,0,1,1,0,1,0,1,0,1,0,0,0,1,0,1,0,1,0,1,1,0.19444444444444445,4.956255007845864,1
22,0,1,1,1,1,0,1,0,1,1,0,0,0,0,1,1,0,1,0,0,1,0,1,0,0,1,1,0,1,0,0,1,1,1,1,1,0.19444444444444445,5.95913863070443,1
23,0,1,0,1,1,0,1,0,1,1,0,0,0,0,1,1,1,1,0,0,1,0,1,0,1,0,1,0,1,0,1,1,1,1,1,1,0.25,6.483867268491201,1
24,1,0,1,0,0,1,0,1,0,0,0,1,0,1,0,1,0,0,1,1,0,0,0,1,0,0,0,1,0,1,1,0,0,0,0,0,0.2222222222222222,10.223065338993095,1
25,1,0,1,0,0,1,0,1,0,0,1,1,0,1,0,1,0,0,1,1,0,0,0,1,0,0,0,1,0,1,1,0,0,0,0,0,0.3055555555555556,12.344168474275637,1
26,1,0,1,0,0,1,0,1,0,0,1,0,0,1,0,1,0,0,0,0,0,0,0,1,0,0,1,1,0,1,1,0,0,1,0,0,0.19444444444444445,5.73161101467127,1
27,0,0,1,0,0,0,0,1,0,0,1,0,1,1,0,1,0,0,0,0,0,0,0,1,0,1,0,1,0,1,1,0,0,0,0,0,0.2222222222222222,4.958217974662275,1
28,1,0,1,0,0,1,0,1,0,0,1,0,1,1,0,1,0,0,1,1,0,0,0,1,0,0,0,1,0,1,0,0,0,1,1,0,0.25,8.047213675199682,1
29,1,0,1,0,0,1,0,1,0,0,0,0,1,1,0,1,1,0,1,0,0,0,0,1,0,1,0,1,0,1,1,0,0,1,0,0,0.25,7.956798499061126,1
30,0,0,1,0,1,0,0,0,0,0,1,0,1,0,1,1,0,0,0,0,1,0,0,0,0,0,1,1,1,0,0,1,1,0,1,0,0.1111111111111111,-0.417395923005107,1
31,1,0,1,0,0,1,0,1,0,0,1,0,1,1,0,1,0,0,1,0,0,0,0,1,0,1,0,1,0,1,0,0,0,1,0,0,0.2222222222222222,8.988159221877385,1
32,1,0,1,0,0,1,0,1,0,0,1,0,0,1,0,1,0,0,0,1,0,0,0,1,0,0,0,1,0,1,0,0,0,0,0,0,0.25,9.844823350975352,1
33,0,1,1,1,1,0,1,0,0,1,0,0,0,0,1,1,0,1,1,0,1,0,1,0,1,0,0,0,1,0,1,1,1,1,1,1,0.16666666666666666,3.9381005092872288,1
34,0,1,1,1,1,0,1,0,1,1,0,0,0,0,1,1,0,1,0,0,1,0,1,0,0,1,1,0,1,0,0,1,1,1,1,1,0.25,5.95913863070443,1
35,0,0,1,0,1,1,0,1,0,0,1,1,0,1,0,1,0,0,1,1,0,0,0,1,0,0,1,1,0,1,0,0,0,0,0,0,0.2222222222222222,15.409589085145049,1
36,0,0,1,0,0,1,0,1,0,0,1,1,1,1,0,1,0,0,1,1,0,0,0,1,0,0,1,1,0,1,0,0,0,0,0,0,0.2222222222222222,14.106852547903435,1
37,1,1,1,1,1,0,1,0,1,1,0,0,0,0,1,0,0,1,1,0,1,0,0,0,1,1,1,0,1,0,0,1,1,1,1,1,0.19444444444444445,10.451364194765535,1
38,0,1,0,1,1,0,1,0,1,1,1,0,0,0,1,0,0,1,1,0,1,0,1,0,1,0,0,0,1,0,1,0,1,1,0,1,0.1388888888888889,6.001871695136882,1
39,1,0,1,0,0,1,0,1,1,0,1,0,0,1,0,1,1,0,1,1,0,0,0,1,0,0,0,1,0,1,0,0,0,1,0,0,0.19444444444444445,9.86982262436048,1
40,0,1,1,1,1,0,1,0,1,1,0,1,0,0,0,1,0,1,0,0,1,1,0,0,1,1,0,0,1,0,1,1,1,0,1,1,0.16666666666666666,9.259514708686977,1
41,0,1,1,1,1,0,1,0,1,1,0,1,1,0,1,1,1,1,0,0,1,0,1,0,1,1,1,0,1,0,0,1,1,1,1,1,0.3055555555555556,12.363306703540559,1
42,1,0,1,0,0,0,0,1,0,0,1,0,0,1,0,1,1,0,0,0,0,0,0,1,0,0,0,1,0,1,1,0,0,0,0,0,0.2222222222222222,5.288885890458908,1
43,0,1,1,1,1,0,1,0,1,1,1,1,0,0,1,0,0,1,0,0,1,0,1,0,1,0,1,0,1,0,0,1,1,0,1,1,0.2222222222222222,10.006900177198242,1
44,0,0,0,0,0,1,0,1,0,0,1,1,0,1,0,1,0,0,1,1,0,0,0,1,0,0,0,1,0,1,0,0,0,0,0,0,0.2777777777777778,12.04955615867556,1
45,0,0,1,0,0,1,0,1,0,0,1,1,1,1,0,1,0,0,1,1,0,0,0,1,0,0,0,1,0,1,0,0,0,1,0,0,0.3055555555555556,12.161059457365345,1
46,0,0,1,0,0,1,0,1,0,0,1,1,0,1,1,1,0,0,1,1,0,0,0,1,0,0,0,1,0,1,1,0,0,0,1,1,0.2222222222222222,8.31687164948253,1
47,0,1,0,1,1,0,1,0,1,1,1,0,1,0,1,1,0,1,0,0,1,1,0,0,1,0,0,0,1,0,0,1,1,1,1,1,0.2222222222222222,7.95714166507097,1
48,0,0,1,0,0,0,0,1,0,0,1,0,1,1,1,1,1,0,0,1,0,0,0,1,0,0,0,1,0,1,1,0,1,0,0,0,0.2222222222222222,4.856870016539545,1
49,0,0,1,0,0,1,0,1,0,0,1,0,1,1,0,1,0,0,1,1,0,0,0,1,0,0,1,1,0,1,1,0,0,0,0,0,0.19444444444444445,8.479009990963398,1
50,0,0,1,0,0,1,0,1,0,0,1,1,1,1,0,1,0,0,1,1,0,0,0,1,0,0,1,1,0,1,1,0,0,0,0,0,0.16666666666666666,11.646503467101837,1
51,0,0,1,0,1,0,0,1,1,0,0,0,1,0,1,1,0,0,0,0,1,0,0,0,0,0,1,1,0,0,0,1,1,0,1,1,0.1111111111111111,0.3572110961843231,1
52,0,0,1,0,0,1,0,1,0,0,1,0,1,1,1,1,0,0,0,0,0,0,0,1,0,0,1,1,0,1,0,0,0,0,1,0,0.19444444444444445,8.809288783303895,1
53,0,1,0,1,1,0,1,0,1,1,1,0,1,0,1,1,0,1,0,0,1,0,1,0,1,1,1,0,1,0,0,1,1,1,1,1,0.25,7.2938099715118305,1
54,1,0,1,0,0,1,0,1,0,0,1,1,1,1,0,1,1,0,0,1,0,0,0,1,0,1,1,1,0,1,1,0,0,0,0,1,0.3055555555555556,13.484857345265036,1
55,1,0,1,0,0,1,0,1,0,0,1,1,0,1,0,1,0,0,1,1,0,0,0,1,0,0,0,1,0,1,1,0,0,0,1,0,0.25,10.005070012030458,1
56,0,1,1,1,1,0,1,0,1,0,1,0,0,0,1,0,0,1,0,0,1,0,0,0,1,1,1,0,0,0,0,1,1,1,1,1,0.1388888888888889,4.989059767033946,1
57,0,1,1,1,0,0,1,0,0,1,0,0,1,0,1,0,0,1,1,0,0,0,1,0,1,0,1,0,1,0,1,1,1,0,0,1,0.1111111111111111,1.9225276352613334,1
58,0,0,1,0,0,1,0,1,0,0,1,0,0,1,0,1,1,0,0,0,0,0,0,1,0,0,0,1,0,1,1,0,0,1,1,0,0.19444444444444445,4.246330103594592,1
59,0,1,1,1,1,0,1,0,1,1,0,1,0,0,1,1,0,1,1,0,1,1,0,0,1,0,1,0,1,0,0,1,1,1,1,1,0.3333333333333333,8.727361916382794,1
60,0,1,0,1,1,0,1,0,0,1,1,0,0,0,1,0,0,1,0,0,1,0,1,0,1,0,1,0,0,0,1,1,0,1,1,1,0.16666666666666666,5.19938872810588,1
61,0,1,1,1,1,0,1,0,1,1,0,0,0,0,1,1,1,1,1,0,1,0,0,0,1,0,1,0,1,0,0,1,1,0,1,1,0.2777777777777778,8.79113299292371,1
62,0,0,1,0,0,1,0,1,0,0,1,1,1,1,0,0,0,0,1,1,0,0,0,1,0,0,0,1,0,1,1,0,1,0,0,0,0.1388888888888889,8.971331440440805,1
63,0,1,1,1,1,0,1,0,1,0,0,0,1,0,1,0,0,1,1,0,1,0,1,0,1,0,1,0,1,0,1,1,0,0,1,1,0.08333333333333333,1.475328019595561,1
64,0,1,0,1,1,0,1,0,1,1,0,0,0,0,1,1,0,1,0,0,1,1,0,0,1,1,1,0,1,0,0,1,1,1,1,1,0.19444444444444445,11.963924132858596,1
65,1,0,1,0,0,1,0,1,0,0,0,0,1,1,0,1,1,0,0,0,0,0,0,1,0,1,0,1,0,1,0,0,0,1,0,0,0.16666666666666666,8.428708169086034,1
66,0,1,0,1,1,0,1,0,1,1,0,1,0,0,1,1,0,1,1,0,1,1,1,0,1,0,1,0,1,0,0,1,1,1,1,1,0.3333333333333333,9.892226532534464,1
67,0,1,1,1,1,0,1,0,0,1,0,0,0,0,1,0,0,1,1,0,0,0,1,0,1,0,1,0,1,0,1,1,1,1,0,1,0.16666666666666666,5.084633283867712,1
68,0,1,0,1,1,0,1,0,0,1,1,0,0,0,1,1,0,1,0,0,1,1,0,0,1,1,1,0,1,0,0,1,1,0,1,1,0.1388888888888889,7.0501078709986995,1
69,0,0,1,0,0,1,0,1,0,0,0,1,1,1,1,1,0,0,0,1,0,0,1,1,0,0,1,1,0,1,1,0,0,0,1,0,0.16666666666666666,8.318036102101441,1
70,0,1,1,1,1,0,1,0,0,1,1,0,0,0,1,0,0,1,1,0,1,0,0,0,1,0,0,0,1,0,0,1,1,1,1,1,0.19444444444444445,4.513921875672406,1
71,0,1,0,1,1,0,1,0,1,1,0,0,0,0,0,1,0,1,0,0,1,1,0,0,1,0,1,0,1,0,0,1,1,0,1,0,0.1388888888888889,6.559589996900394,1
72,0,0,0,0,0,1,0,1,0,0,1,1,0,1,0,1,1,0,1,1,0,0,0,1,0,0,1,1,0,1,0,0,0,0,0,0,0.2222222222222222,13.338583989770704,1
73,0,1,0,1,1,0,1,0,0,1,0,0,0,0,1,1,0,1,0,0,1,0,0,0,1,0,1,0,1,0,0,1,1,0,1,1,0.2777777777777778,3.249687883112669,1
74,0,0,1,0,0,1,0,1,0,0,0,1,0,1,1,1,0,0,1,1,0,0,1,1,0,0,0,1,0,1,0,0,0,0,0,0,0.1388888888888889,13.197827940667736,1
75,1,1,0,1,1,0,1,0,0,1,1,0,0,0,1,1,0,1,1,0,1,0,1,0,1,0,1,0,1,0,0,1,1,1,1,1,0.3055555555555556,5.665805956921305,1
76,0,1,1,1,1,0,1,0,1,1,0,0,0,0,1,1,0,1,0,0,1,1,0,0,1,0,1,0,1,0,0,1,1,1,1,1,0.3333333333333333,5.852426365345887,1
77,0,1,1,1,1,0,1,0,0,1,1,0,0,0,1,0,0,1,1,0,1,0,1,0,1,0,1,0,1,0,0,1,1,1,1,1,0.2222222222222222,5.532548112309482,1
78,0,1,0,1,1,0,1,0,1,1,0,0,0,0,1,1,0,1,1,0,1,0,0,0,1,0,1,0,1,0,1,1,1,0,1,1,0.2777777777777778,3.795294238670659,1
79,1,0,1,0,0,1,0,1,0,0,1,0,1,1,0,1,0,0,1,1,1,0,0,1,0,1,0,1,0,1,0,0,1,0,0,0,0.2222222222222222,14.549723421409935,1
80,0,0,1,0,1,1,0,1,0,0,1,1,1,1,1,1,0,0,1,1,0,0,0,1,0,0,1,1,0,1,0,0,0,0,0,0,0.2777777777777778,19.591146941088915,1
81,0,1,0,1,1,0,1,0,1,1,0,0,0,0,1,0,1,1,1,0,1,0,0,0,1,0,0,0,1,0,0,1,1,0,1,1,0.3055555555555556,6.9803359791959885,1
82,0,1,1,1,1,0,1,0,0,1,0,0,0,0,1,0,0,1,0,0,0,1,1,0,1,0,1,0,1,0,0,1,1,1,1,1,0.19444444444444445,7.671725339492275,1
83,0,1,0,1,1,0,1,0,1,1,0,0,0,0,1,1,0,1,0,0,1,1,1,0,1,0,1,0,1,0,0,1,1,1,1,1,0.3055555555555556,8.467683642481605,1
84,0,1,0,1,1,0,1,0,1,1,0,0,0,0,1,0,0,1,1,0,1,1,0,0,1,0,1,0,1,0,0,1,1,0,0,1,0.2222222222222222,7.0334012087274695,1
85,0,0,1,0,0,1,0,1,0,0,1,1,1,1,0,0,0,0,0,1,0,0,0,1,0,1,0,1,0,1,0,0,0,0,1,0,0.16666666666666666,11.457136666423064,1
86,0,1,1,1,1,0,1,0,0,1,0,0,1,0,1,0,1,1,1,0,1,0,1,0,1,0,1,0,1,0,1,1,1,1,1,1,0.19444444444444445,7.3453892469464375,1
87,0,0,1,0,0,1,0,1,1,0,1,1,1,1,1,0,1,0,1,1,0,0,0,1,0,0,1,1,0,1,1,0,0,0,0,0,0.08333333333333333,12.025340615348327,1
88,1,0,1,0,0,1,0,1,0,0,1,0,0,1,1,1,0,0,0,1,1,0,1,1,0,0,0,1,0,1,1,0,1,1,0,0,0.19444444444444445,10.562605191284108,1
89,0,1,1,1,1,0,1,0,1,1,1,1,0,0,1,1,0,1,0,0,1,1,0,0,1,0,1,0,1,0,0,1,1,0,1,1,0.3333333333333333,13.971812581688031,1
90,1,0,1,0,0,1,0,1,0,0,0,1,0,1,0,1,1,0,1,1,0,0,0,1,0,0,0,1,0,1,1,0,0,0,1,0,0.25,9.329898920443323,1
91,0,1,1,1,1,0,1,0,1,1,1,0,0,0,1,1,0,1,1,0,1,1,0,0,1,0,1,0,1,0,0,1,1,1,1,1,0.25,6.847816471370314,1
92,0,1,1,1,1,0,1,0,1,1,1,0,0,0,1,0,0,1,1,0,1,1,0,0,1,0,1,0,1,0,0,1,1,1,1,1,0.2777777777777778,8.394252209808865,1
93,1,1,1,1,1,0,1,0,1,1,0,0,0,0,1,1,0,1,0,0,1,0,1,0,1,0,1,0,1,0,0,1,1,1,1,1,0.25,6.6072489967672166,1
94,0,1,0,1,1,0,1,0,0,1,1,0,1,0,1,0,0,1,1,0,1,0,1,0,1,0,1,0,1,0,0,1,1,0,1,0,0.19444444444444445,3.809982594021418,1
95,0,0,1,0,0,1,1,1,0,0,1,0,0,1,0,1,0,0,1,1,1,1,0,1,1,0,1,0,0,0,1,0,0,0,1,0,0.0,7.855406259347078,1
96,1,0,1,0,0,1,0,1,0,0,1,1,0,1,0,1,0,0,1,1,0,0,0,1,0,0,1,1,0,1,1,0,0,0,0,0,0.4166666666666667,12.22098098138957,1
97,0,1,0,1,1,0,1,0,1,1,1,1,1,0,1,1,1,1,0,0,1,1,1,0,1,0,0,0,1,0,0,1,1,1,1,1,0.25,15.253639591080995,1
98,1,0,0,0,0,1,0,1,0,0,1,0,1,1,0,1,1,0,1,1,0,0,0,1,0,0,1,1,0,1,1,0,0,0,0,0,0.3333333333333333,9.573373859260132,1
99,0,1,0,1,1,1,1,0,1,1,0,0,1,0,1,1,1,1,0,0,1,1,0,0,1,1,1,0,1,0,0,1,1,1,0,1,0.2777777777777778,14.66952263777749,1
