,0,1,2,3,4,5,6,7,8,9,10,11,12,13,14,15,16,17,18,19,20,21,22,23,24,25,26,27,28,29,30,31,32,33,34,35,chain_break_fraction,energy,num_occurrences
0,1,0,0,1,0,0,0,0,1,1,0,1,0,0,0,1,0,1,0,0,1,0,0,1,0,0,1,0,0,0,0,0,0,0,1,1,0.2222222222222222,16.9608447016469,1
1,1,0,0,1,0,0,0,0,1,1,0,1,0,0,1,0,0,1,0,1,1,0,0,1,0,0,1,0,0,0,0,0,0,0,1,1,0.16666666666666666,10.980394628285243,1
2,1,0,0,0,0,0,0,0,1,1,0,1,0,0,0,1,1,1,0,1,1,0,0,1,0,0,1,0,0,0,0,0,0,0,1,1,0.19444444444444445,13.180790900530083,1
3,1,0,1,0,0,0,0,0,1,1,0,1,0,0,1,0,0,1,0,0,1,0,0,1,0,0,1,0,0,0,0,0,0,0,0,1,0.1388888888888889,10.49149952396276,1
4,1,0,0,1,0,0,0,0,1,1,0,1,0,0,1,0,0,1,0,0,1,0,0,1,0,0,1,1,0,0,0,1,0,0,0,1,0.16666666666666666,11.051740295183752,1
5,1,0,0,0,0,0,0,0,1,1,0,1,0,0,1,0,1,1,0,0,1,0,0,1,0,0,1,0,0,0,0,0,0,0,1,1,0.19444444444444445,10.21623831174056,1
6,1,0,0,1,0,0,0,0,1,1,0,1,0,0,0,0,1,1,0,0,1,0,0,1,0,0,1,1,0,1,0,0,0,0,1,1,0.19444444444444445,13.933112457365315,1
7,0,0,0,0,0,0,0,0,1,1,0,1,0,0,1,0,0,1,0,0,1,0,0,1,1,0,1,0,0,0,0,1,0,0,0,1,0.2222222222222222,6.587481750612434,1
8,0,0,0,0,0,0,0,0,1,1,0,1,0,0,0,1,1,1,0,1,1,0,0,1,0,0,1,0,0,0,0,1,0,0,1,1,0.3055555555555556,12.73604205881509,1
9,1,0,0,0,0,0,1,0,1,1,0,1,0,0,0,0,1,1,0,1,1,0,0,1,0,0,1,0,0,0,0,0,0,0,1,1,0.16666666666666666,8.568798830656757,1
10,1,0,0,1,0,0,0,0,1,1,0,1,0,0,0,0,1,1,0,0,1,0,0,1,0,0,1,0,0,0,0,0,0,0,1,1,0.2222222222222222,12.284725949570197,1
11,0,0,1,0,0,0,0,0,1,1,0,1,0,0,0,0,1,1,0,0,0,0,0,1,0,0,1,0,0,1,0,1,0,0,1,1,0.2222222222222222,10.492134565251693,1
12,1,0,0,1,0,0,0,0,1,1,0,1,0,0,1,0,0,1,0,0,1,0,0,1,0,0,1,1,0,1,0,0,0,0,1,1,0.1388888888888889,13.933112457365315,1
13,1,0,0,0,0,0,0,0,1,1,0,1,0,0,0,1,1,1,0,0,1,0,0,1,0,0,1,0,0,0,0,1,0,0,1,1,0.2222222222222222,11.67996247630763,1
14,0,0,0,0,0,0,0,0,1,1,0,1,0,0,0,1,1,1,0,0,1,0,0,1,0,0,1,0,0,0,0,1,0,0,1,1,0.2222222222222222,11.179946652158922,1
15,0,0,0,1,0,0,0,0,1,1,0,1,0,0,0,1,1,1,0,1,1,0,0,1,0,0,1,0,0,0,0,1,0,0,1,1,0.2222222222222222,14.656419263491738,1
16,1,0,0,1,0,0,0,0,1,1,0,1,0,0,0,1,1,1,0,1,1,0,0,1,0,0,1,0,0,1,0,1,0,0,1,1,0.2777777777777778,19.202151983941963,1
17,1,0,0,1,0,0,0,0,1,1,0,1,0,0,1,0,0,1,0,0,1,0,0,1,0,0,1,0,0,0,0,1,0,0,1,1,0.2222222222222222,9.261024911547423,1
18,1,0,0,1,0,0,0,0,1,1,0,1,0,0,0,1,1,1,0,1,0,0,0,1,0,0,1,0,0,0,0,1,0,0,1,1,0.2222222222222222,15.912526614844037,1
19,0,0,1,0,0,0,0,0,1,1,0,1,0,0,0,0,0,1,0,0,0,0,0,1,0,0,1,0,0,0,0,1,0,0,1,1,0.19444444444444445,5.683092262973322,1
20,1,0,0,1,0,0,0,0,1,1,0,1,0,0,0,0,1,1,0,0,1,0,0,1,0,0,1,0,0,0,0,1,0,0,0,1,0.2222222222222222,9.852524682229053,1
21,1,0,0,1,0,0,0,0,1,1,0,1,0,0,1,0,1,1,0,1,1,0,0,1,0,0,1,0,0,0,0,1,0,0,0,1,0.2222222222222222,11.404717921382602,1
22,1,0,0,0,0,0,0,0,1,1,0,1,0,0,0,1,1,1,0,0,1,0,0,1,0,0,1,0,0,0,0,0,0,0,1,1,0.25,14.70516456292459,1
23,1,0,0,1,0,0,0,0,1,1,0,1,0,0,0,0,1,1,0,0,1,0,0,1,1,0,1,0,0,0,0,0,0,0,1,1,0.1388888888888889,9.772875430558813,1
24,1,0,1,0,0,0,0,0,1,1,0,1,0,0,0,0,0,1,0,0,1,0,0,1,0,0,1,0,0,0,0,0,0,0,1,1,0.1111111111111111,6.923496503433,1
25,1,0,0,0,0,0,1,0,1,1,0,1,0,0,0,0,1,1,0,0,1,0,0,1,0,0,1,0,0,0,0,0,0,0,1,1,0.16666666666666666,8.868742664529384,1
26,0,0,0,1,0,0,0,0,1,1,0,1,0,0,1,1,1,1,0,0,1,0,0,1,1,0,1,0,0,0,0,1,0,0,1,1,0.25,17.765989182372525,1
27,1,0,0,1,0,0,0,0,1,1,0,1,0,0,1,0,1,1,0,0,1,0,0,1,0,0,1,1,0,0,0,1,0,0,1,1,0.25,13.3496212630603,1
28,1,0,0,0,0,0,0,0,1,1,0,1,0,0,0,0,1,1,0,0,1,0,0,0,0,0,1,0,0,1,0,1,0,0,1,1,0.19444444444444445,9.113716580753302,1
29,0,0,0,1,0,0,1,0,1,1,0,1,0,0,0,0,1,1,0,0,1,0,0,1,0,0,1,1,0,0,0,1,0,0,1,1,0.2222222222222222,11.806480149499254,1
30,1,0,0,0,0,0,0,0,1,1,0,1,0,0,1,0,1,1,0,0,1,0,0,1,0,0,1,0,0,0,0,0,0,0,1,1,0.2222222222222222,10.21623831174056,1
31,0,0,0,1,0,0,0,0,1,1,0,1,0,0,0,0,1,1,0,0,1,0,0,1,0,0,1,0,0,0,0,0,0,0,1,1,0.19444444444444445,10.778631226451669,1
32,1,0,0,1,0,0,0,0,1,1,0,1,0,0,0,1,1,1,0,0,1,0,0,1,0,0,1,0,0,0,0,1,0,0,1,1,0.25,16.610845865417925,1
33,0,0,0,0,0,0,0,0,1,1,0,1,0,0,0,0,1,1,0,0,1,0,0,0,0,0,1,1,0,0,0,1,0,0,1,1,0.19444444444444445,9.312049729513225,1
34,1,0,0,0,0,0,0,0,1,1,0,1,0,0,1,0,1,1,0,0,1,0,0,1,0,0,1,1,0,1,0,1,0,0,1,1,0.25,17.94343932629203,1
35,1,0,0,1,0,0,0,0,1,1,0,1,0,0,0,1,1,1,0,0,1,0,0,1,0,1,1,0,0,0,0,1,0,0,1,1,0.19444444444444445,15.584728277112244,1
36,1,0,0,0,0,0,0,0,1,1,0,1,0,0,0,0,1,1,0,1,1,0,0,1,0,0,1,0,0,1,0,1,0,0,1,1,0.3055555555555556,17.56006930320503,1
37,1,0,0,1,0,0,0,0,1,1,0,1,0,0,1,0,1,1,0,1,1,0,0,0,0,0,1,1,0,1,0,0,0,0,1,1,0.1111111111111111,16.745435602525504,1
38,0,0,0,1,0,0,0,0,1,1,0,1,0,0,0,0,1,1,0,0,1,0,0,1,0,0,1,0,0,0,0,0,0,0,1,1,0.2222222222222222,10.778631226451669,1
39,0,0,0,1,0,0,0,0,1,1,0,1,0,0,0,0,1,1,0,0,1,0,0,1,0,0,1,0,0,0,0,1,0,0,0,1,0.25,8.846429959326553,1
40,0,0,1,0,0,0,0,0,1,1,0,1,0,0,0,1,0,1,0,0,1,0,0,1,0,0,1,0,0,0,0,0,0,0,1,1,0.19444444444444445,11.585486232951427,1
41,1,0,0,1,0,0,0,0,1,1,0,1,0,0,0,1,1,1,0,0,1,0,0,1,1,0,1,0,0,0,0,1,0,0,1,1,0.16666666666666666,15.097787071265081,1
42,1,0,0,1,0,0,0,0,1,1,0,1,0,0,1,0,0,1,0,0,1,0,0,1,0,0,1,1,0,1,0,1,0,0,1,1,0.16666666666666666,17.024113604914103,1
43,0,0,0,1,0,0,0,0,1,1,0,1,0,0,1,0,1,1,0,0,1,0,0,1,0,0,1,1,0,0,0,0,0,0,1,1,0.19444444444444445,12.802826516139502,1
44,1,0,0,0,0,0,0,0,1,1,0,1,0,0,0,1,1,1,0,1,1,0,0,1,0,0,1,0,0,0,0,1,0,0,1,1,0.25,12.236057882773622,1
45,1,0,0,1,0,0,0,0,1,1,0,1,0,0,1,1,1,1,0,1,0,0,0,1,0,0,1,0,0,0,0,1,0,0,1,1,0.25,19.978197229347685,1
46,1,0,0,1,0,0,0,0,1,1,0,1,0,0,1,0,1,1,0,0,1,0,0,1,0,0,1,0,0,0,0,1,0,0,1,1,0.2777777777777778,11.935935388482662,1
47,1,0,0,1,0,0,0,0,1,1,0,1,0,0,1,0,0,1,0,0,1,0,0,1,0,0,1,0,0,1,0,1,0,0,1,1,0.19444444444444445,12.191593018188541,1
48,1,0,0,1,0,0,0,0,1,1,0,1,0,0,0,0,1,1,0,0,1,0,0,1,1,0,1,0,0,0,0,0,0,0,1,1,0.25,9.772875430558813,1
49,1,0,0,0,0,0,0,0,1,1,0,1,0,0,1,0,0,1,0,1,0,0,0,1,1,0,1,0,0,1,0,1,0,0,1,1,0.19444444444444445,17.00466711426092,1
50,1,0,0,0,0,0,0,0,1,1,0,1,0,0,0,0,1,1,0,1,1,0,0,1,0,0,0,0,0,1,0,1,0,0,1,1,0.2222222222222222,15.092678895126458,1
51,1,0,0,1,0,0,0,0,0,1,1,1,0,0,0,0,1,1,0,0,1,0,0,1,0,0,1,0,0,0,0,0,0,0,1,1,0.1388888888888889,12.2847259495702,1
52,1,0,0,1,0,0,0,0,1,1,0,1,0,0,0,0,0,1,0,0,0,0,0,1,0,0,0,1,0,0,0,0,0,0,1,1,0.16666666666666666,10.608607197493523,1
53,1,0,0,1,0,0,0,0,1,1,0,1,0,0,1,0,0,1,0,0,1,0,0,1,0,0,1,0,0,1,0,1,0,0,1,1,0.25,12.191593018188541,1
54,1,0,0,0,0,0,0,0,1,1,0,1,0,0,0,1,1,1,0,1,1,0,0,1,0,0,1,0,0,0,0,1,0,0,1,1,0.2777777777777778,12.236057882773622,1
55,1,0,0,1,1,0,0,0,1,1,0,1,0,0,0,1,1,1,0,0,1,0,0,1,0,0,1,0,0,1,0,1,0,0,1,1,0.19444444444444445,21.165086602278386,1
56,1,1,0,0,0,0,0,0,1,1,0,1,0,0,0,1,1,1,0,0,0,0,0,1,0,1,1,0,0,0,0,1,0,0,1,1,0.2222222222222222,15.663150246344266,1
57,0,0,0,0,0,0,0,0,1,1,0,1,0,0,0,1,1,1,0,0,1,0,0,1,1,0,1,0,0,0,0,1,0,0,1,1,0.25,11.167345608959113,1
58,0,0,0,1,0,0,0,0,1,1,0,1,0,0,1,0,1,1,0,0,1,0,0,1,0,0,1,1,0,0,0,1,0,0,1,1,0.16666666666666666,13.343523389745343,1
59,0,0,0,0,0,0,0,0,1,1,0,1,0,0,0,0,0,1,0,0,1,0,0,1,0,0,1,0,0,0,0,1,0,0,0,1,0.19444444444444445,5.806440297912554,1
60,1,0,0,1,0,0,1,0,1,1,0,1,0,0,0,1,1,1,0,1,1,0,0,1,0,0,1,0,0,1,0,1,0,0,1,1,0.2777777777777778,19.33295684669277,1
61,1,1,0,1,0,0,0,0,1,1,0,1,0,0,1,0,1,1,0,1,1,0,0,1,0,0,1,0,0,0,0,1,0,0,1,1,0.2222222222222222,15.612037273549468,1
62,1,0,0,1,0,0,1,0,1,1,0,1,0,0,0,0,1,1,0,0,1,0,0,0,0,0,1,1,0,1,0,1,0,0,1,1,0.19444444444444445,14.63221861348736,1
63,1,0,1,0,0,0,0,0,1,1,0,1,0,0,0,1,0,1,0,0,1,0,0,1,0,0,1,1,0,0,0,1,0,0,1,1,0.2222222222222222,12.482763380145443,1
64,1,0,0,0,0,0,0,0,1,1,0,1,0,0,1,0,0,1,0,0,1,0,0,1,0,0,1,0,0,1,0,0,0,0,1,1,0.16666666666666666,10.109978025640963,1
65,0,0,1,0,0,0,0,0,1,1,0,1,0,0,0,1,1,1,0,0,1,0,0,1,0,0,0,0,0,0,0,0,0,0,1,1,0.2222222222222222,17.744463714922535,1
66,0,0,0,1,0,0,0,0,0,1,0,1,0,0,0,1,1,1,0,0,1,0,0,1,0,0,1,1,0,1,0,1,0,0,1,1,0.3055555555555556,21.935260797661794,1
67,1,0,0,0,0,0,0,0,1,1,0,1,0,0,0,0,0,1,0,0,1,0,0,1,0,0,1,0,0,1,0,1,0,0,1,1,0.2222222222222222,12.165649794521787,1
68,1,0,0,0,0,0,0,0,1,1,0,1,0,0,0,0,1,1,0,0,1,0,0,1,0,0,1,1,0,0,0,1,0,0,1,1,0.25,11.134171086139133,1
69,1,0,0,1,0,0,0,0,0,1,0,1,0,0,0,1,0,1,0,0,0,0,0,1,0,0,1,0,0,0,0,1,0,0,1,1,0.25,12.152490429983814,1
70,1,0,0,1,1,0,1,0,1,1,0,1,0,0,0,0,1,1,0,0,1,0,0,1,0,0,1,0,0,1,0,0,0,0,1,1,0.19444444444444445,16.96482486586449,1
71,1,0,0,0,1,0,0,0,1,1,0,1,0,0,1,0,0,1,0,0,0,0,0,1,0,0,1,0,0,1,0,1,0,0,1,1,0.19444444444444445,11.188671110048514,1
72,1,0,0,1,0,0,1,0,1,1,0,1,0,0,1,0,0,1,0,0,1,0,0,1,0,0,1,0,0,0,0,1,0,0,0,1,0.2777777777777778,11.49049339827138,1
73,1,0,0,0,1,0,0,0,1,1,0,1,0,0,0,0,1,1,0,0,1,0,0,1,0,0,1,0,0,0,0,1,0,0,1,1,0.19444444444444445,8.192244500265042,1
74,0,0,0,0,0,0,1,0,1,1,0,1,0,0,0,0,1,1,0,0,0,0,0,1,0,0,1,1,0,0,0,1,0,0,1,1,0.25,9.051620372841786,1
75,1,0,0,0,0,0,0,0,1,1,0,1,0,0,0,1,1,1,0,1,1,0,0,1,0,0,1,0,0,0,0,1,0,0,1,1,0.2777777777777778,12.236057882773622,1
76,1,0,0,0,0,0,1,0,1,1,0,1,0,0,0,0,1,1,0,1,1,0,0,1,0,0,1,0,0,0,0,1,0,0,1,1,0.16666666666666666,8.617733347581602,1
77,1,0,0,1,0,0,0,0,1,1,0,1,0,0,0,0,1,1,0,0,1,0,0,1,1,0,0,0,0,1,0,1,0,0,1,1,0.19444444444444445,11.646628658685618,1
78,0,0,1,0,0,0,0,0,1,1,0,1,0,0,0,0,1,1,0,0,1,0,0,1,0,0,1,0,0,0,0,1,0,0,0,1,0.2222222222222222,6.571162617548195,1
79,1,0,0,0,0,0,0,0,1,1,0,1,0,0,1,1,0,1,0,0,1,0,0,1,0,0,1,1,0,1,0,0,0,0,0,1,0.2222222222222222,15.22063513677234,1
80,1,0,0,0,0,0,0,0,1,1,0,1,0,0,0,1,1,1,0,0,1,0,0,1,0,0,1,0,0,0,0,1,0,0,1,1,0.25,11.67996247630763,1
81,1,0,1,0,0,0,0,0,0,1,0,1,0,0,0,0,1,1,0,0,1,0,0,1,0,0,1,0,0,1,0,0,0,0,1,1,0.2222222222222222,9.391108294505655,1
82,1,0,0,0,1,0,0,0,1,1,0,1,0,0,0,0,0,1,0,0,1,0,0,1,0,0,1,0,0,0,0,1,0,0,1,1,0.25,6.704526524222466,1
83,1,0,0,0,0,0,0,0,1,1,0,1,0,0,1,0,1,1,0,1,1,0,0,1,0,0,1,1,0,0,0,1,0,0,1,1,0.2222222222222222,15.37651765564743,1
84,1,0,0,1,0,0,1,0,1,1,0,1,0,0,0,0,0,1,0,1,0,0,0,1,0,0,0,0,0,1,0,1,0,0,1,1,0.16666666666666666,13.266170021321688,1
85,0,0,0,1,0,0,0,0,1,1,0,1,0,0,0,1,0,1,0,0,1,0,0,1,0,0,1,0,0,1,0,1,0,0,1,1,0.3055555555555556,14.843326321524053,1
86,0,0,0,0,0,0,0,0,1,1,0,1,0,0,0,1,1,1,0,0,1,0,0,1,0,0,1,0,0,1,0,0,0,0,1,1,0.2222222222222222,14.55365613919398,1
87,0,0,0,1,1,0,1,0,1,1,0,1,0,0,0,1,1,1,0,1,1,0,0,1,0,0,1,0,0,0,0,1,0,0,1,1,0.3055555555555556,18.85174305657196,1
88,1,0,0,0,0,0,0,0,1,1,0,1,0,0,0,0,1,1,0,0,1,0,0,1,0,0,0,0,0,0,0,0,0,0,1,1,0.2222222222222222,9.295292872874555,1
89,1,0,0,0,0,0,1,0,1,1,0,1,0,0,1,0,0,1,0,0,1,0,1,1,0,0,1,1,0,0,0,0,0,0,0,1,0.19444444444444445,9.10393304579193,1
90,0,0,0,0,1,0,0,0,1,1,0,1,0,0,1,0,0,1,0,0,0,0,0,1,1,0,0,1,0,1,0,1,0,0,1,1,0.19444444444444445,15.869465620377781,1
91,0,0,0,0,0,0,0,0,1,1,0,1,0,0,1,0,1,1,0,0,1,0,0,0,0,0,1,0,0,1,0,1,0,0,1,1,0.25,10.58441792520615,1
92,1,0,1,1,0,0,0,0,1,1,0,1,0,0,1,0,1,1,0,0,1,0,0,1,0,0,1,1,0,0,0,0,0,0,1,1,0.19444444444444445,16.67624002343104,1
93,1,0,0,1,0,0,0,0,0,1,0,1,0,0,1,1,1,1,0,0,1,0,0,1,0,0,1,0,0,1,0,1,0,0,1,1,0.3055555555555556,19.922461002505678,1
94,0,0,0,1,0,0,0,0,1,1,0,1,0,0,0,1,1,1,0,0,1,0,1,1,0,0,1,0,0,0,0,1,0,0,1,1,0.25,14.765066377248743,1
95,1,0,0,1,0,0,0,0,1,1,0,1,0,0,0,0,1,1,0,1,1,0,0,1,0,0,1,0,0,0,0,1,0,0,1,1,0.25,10.037162659122963,1
96,1,0,0,0,0,0,0,0,1,1,0,1,0,0,0,0,1,1,0,0,0,0,0,0,0,0,1,0,0,0,0,1,0,0,1,0,0.1388888888888889,9.795223784133496,1
97,1,0,0,0,0,1,1,0,0,0,1,0,0,0,0,0,0,0,1,0,0,0,1,0,1,0,1,0,1,0,1,0,1,0,0,0,0.0,1.2393610980807708,1
98,1,0,0,0,0,0,0,0,1,1,0,1,0,0,0,0,1,1,0,1,1,0,0,1,0,0,1,0,0,1,0,0,0,0,1,1,0.3055555555555556,13.953289771659747,1
99,1,0,0,0,0,0,0,0,0,0,0,0,0,0,0,0,0,1,0,0,1,0,1,0,0,0,0,0,1,0,1,0,1,0,1,0,0.027777777777777776,4.039221874669506,1
