,0,1,2,3,4,5,6,7,8,9,10,11,12,13,14,15,16,17,18,19,20,21,22,23,24,25,26,27,28,29,30,31,32,33,34,35,chain_break_fraction,energy,num_occurrences
0,0,0,0,1,0,1,1,1,1,0,0,1,1,0,0,0,0,0,0,0,0,0,1,0,1,1,0,1,0,1,1,1,0,0,0,0,0.1111111111111111,8.70843785848276,1
1,0,0,0,1,0,1,1,1,1,0,0,1,1,0,1,1,0,0,1,0,0,0,1,0,1,1,0,1,0,0,1,1,0,0,0,0,0.2777777777777778,19.648807115843052,1
2,1,1,1,0,1,0,0,0,0,1,1,0,0,1,1,0,1,0,0,0,1,1,0,1,1,0,0,0,0,0,0,0,0,1,1,1,0.1111111111111111,8.546735757473005,1
3,1,1,0,0,0,0,0,0,0,1,1,0,0,1,1,0,0,0,0,0,1,1,0,1,0,0,1,0,1,1,0,0,0,0,1,1,0.16666666666666666,10.49732255050305,1
4,0,0,0,1,0,1,1,1,0,0,0,1,1,0,0,1,0,0,0,0,0,0,1,0,1,1,0,1,0,1,1,1,0,0,0,0,0.19444444444444445,12.812588535655305,1
5,1,1,1,0,0,0,0,0,0,1,1,0,0,1,0,0,1,0,0,0,1,1,0,1,1,0,1,0,1,0,0,0,0,1,1,0,0.19444444444444445,5.877778840914496,1
6,0,0,0,1,0,1,1,1,1,0,0,1,1,0,0,1,0,0,0,0,0,0,1,0,0,1,0,1,0,0,1,1,0,0,1,0,0.16666666666666666,15.376677616841892,1
7,1,1,1,1,0,0,0,0,0,1,1,0,0,0,0,0,1,0,0,0,1,1,0,1,1,0,1,0,0,0,0,0,1,0,1,0,0.1111111111111111,6.3713950866129645,1
8,1,1,0,0,0,0,0,0,1,1,1,0,0,1,1,0,0,0,1,1,0,0,0,1,1,0,1,0,1,0,0,0,0,0,0,0,0.0,3.0993496369477636,1
9,0,1,1,0,0,0,1,0,1,0,1,1,0,1,0,0,0,0,0,0,0,0,1,1,0,1,1,1,1,0,0,0,1,0,1,0,0.0,3.121485033953248,1
10,0,0,0,1,0,1,1,1,1,0,0,1,1,0,0,1,0,0,1,0,0,0,1,0,1,1,0,1,0,0,1,1,0,0,0,0,0.2777777777777778,15.578865143103757,1
11,0,1,0,1,1,1,0,1,1,0,1,1,0,1,1,0,0,0,0,0,0,0,0,0,0,1,1,1,1,1,1,1,0,0,0,0,0.08333333333333333,20.301367681506548,1
12,1,0,1,1,0,1,0,0,1,0,0,0,0,0,1,0,1,0,1,0,0,0,1,0,1,1,1,0,1,0,0,0,0,1,0,0,0.0,3.82994071895243,1
13,1,1,1,1,1,0,0,0,0,1,1,0,0,0,1,0,1,0,0,1,1,1,0,1,1,0,1,0,0,0,0,0,0,1,1,0,0.1388888888888889,13.489794346304897,1
14,0,0,0,1,0,1,1,1,0,0,0,1,1,1,0,1,0,0,1,0,0,0,1,0,1,1,0,1,0,0,1,1,1,0,0,0,0.2222222222222222,16.894951434149075,1
15,0,0,0,1,0,1,1,1,0,0,0,1,0,1,0,1,0,0,0,0,0,0,0,0,0,1,0,1,1,0,1,1,0,0,1,0,0.16666666666666666,16.2504369088077,1
16,0,0,0,1,0,1,1,1,1,0,0,1,1,0,1,1,1,0,1,0,0,0,1,0,1,1,0,1,1,1,1,1,0,0,0,0,0.19444444444444445,14.554480097985062,1
17,0,1,0,1,0,1,1,1,0,0,0,1,0,0,0,0,0,0,0,0,0,0,1,0,1,1,1,1,0,0,1,1,0,0,1,0,0.1388888888888889,13.862558239608237,1
18,0,0,0,1,1,1,1,1,1,0,0,1,0,1,0,0,0,0,0,0,0,0,1,0,0,1,0,1,0,0,1,1,1,0,0,0,0.16666666666666666,14.465809237365171,1
19,0,0,0,1,0,1,1,1,0,0,0,1,0,1,0,1,1,0,1,0,0,0,1,0,1,1,0,1,0,0,0,1,0,0,1,0,0.2222222222222222,16.477423818463528,1
20,0,0,0,1,0,1,1,1,0,0,0,1,0,1,0,1,0,0,0,0,0,0,1,0,0,1,0,1,0,1,1,0,0,0,1,0,0.16666666666666666,14.319854210497365,1
21,0,0,0,1,0,1,1,1,1,0,1,1,1,1,0,0,0,0,0,0,0,0,0,0,1,1,0,1,0,1,1,1,0,0,1,0,0.1111111111111111,11.984631016873518,1
22,1,1,1,0,1,0,0,0,0,1,1,0,0,1,0,0,1,0,0,0,1,1,0,1,1,0,1,0,0,0,0,0,0,1,1,0,0.1388888888888889,4.860553245021093,1
23,0,1,0,1,0,0,1,1,0,0,0,1,1,1,0,1,0,0,1,0,0,0,1,0,0,1,0,1,1,0,0,1,0,0,0,1,0.1111111111111111,13.716840845003114,1
24,0,1,1,0,0,0,1,0,0,1,1,0,0,0,1,0,0,1,0,1,0,0,1,0,0,0,1,0,0,0,0,0,1,0,1,1,0.0,5.663170749562412,1
25,0,0,0,0,0,1,1,1,1,0,0,1,0,1,0,1,0,0,1,0,0,0,1,0,0,1,0,1,1,0,0,1,1,0,0,0,0.1111111111111111,10.750005724673823,1
26,0,0,0,1,0,1,1,1,1,0,0,1,1,1,0,1,0,0,0,0,0,0,1,0,1,1,0,1,1,1,1,1,0,0,0,0,0.19444444444444445,13.372653532894658,1
27,0,0,0,1,0,1,1,1,1,0,0,1,1,0,0,1,1,0,0,0,1,0,1,0,0,1,0,1,0,0,1,1,0,0,0,0,0.2222222222222222,18.756468811829627,1
28,0,0,0,1,0,1,1,1,0,0,0,1,0,1,1,1,0,0,0,0,0,0,1,0,1,1,0,1,1,0,1,1,0,0,0,0,0.25,19.118792890875177,1
29,0,0,0,1,0,1,1,1,1,0,0,1,0,0,0,1,1,0,0,0,0,0,1,0,0,1,0,1,0,0,0,1,0,0,1,0,0.16666666666666666,17.827364890553763,1
30,1,1,1,0,0,0,1,0,0,1,1,0,0,0,1,0,0,0,0,0,1,1,0,1,0,0,0,0,0,1,0,0,0,0,0,1,0.1111111111111111,6.10038881710615,1
31,1,0,0,0,1,1,0,0,1,0,1,0,0,1,1,0,1,1,1,0,1,1,0,1,1,0,0,1,0,0,0,0,0,0,0,0,0.08333333333333333,8.82765940395557,1
32,0,0,0,1,0,1,1,1,0,0,0,1,1,1,1,1,0,0,1,0,0,0,1,0,1,1,0,1,0,1,1,1,0,0,0,0,0.2222222222222222,17.67938393276247,1
33,1,1,0,0,0,0,0,0,0,1,1,0,0,1,0,0,1,0,0,0,1,1,1,1,0,0,1,0,0,0,0,0,0,1,1,0,0.19444444444444445,5.604122123787116,1
34,1,1,1,1,0,0,0,0,0,1,1,0,0,1,0,0,0,0,0,0,1,1,0,1,1,0,1,0,0,1,0,0,0,1,0,1,0.2777777777777778,14.838025240680896,1
35,0,0,1,0,0,0,1,1,1,0,0,1,0,1,0,1,0,0,1,0,0,0,1,0,1,1,0,1,1,0,1,1,1,0,0,0,0.08333333333333333,7.786920284568344,1
36,0,1,1,0,0,1,1,1,0,0,0,1,0,1,1,0,0,0,1,0,0,0,1,0,1,1,0,1,0,1,0,1,0,0,1,0,0.1111111111111111,11.02728298206548,1
37,1,1,1,0,1,0,0,0,0,1,1,0,1,0,0,0,1,0,0,1,1,1,0,1,0,0,1,0,0,0,1,0,0,1,0,0,0.19444444444444445,11.228745834947102,1
38,1,1,1,0,1,0,0,0,0,1,1,0,1,0,0,0,0,1,0,0,1,0,0,1,0,1,1,0,0,0,0,0,1,1,0,0,0.05555555555555555,5.840793854201877,1
39,1,0,1,0,1,0,1,1,0,0,1,0,0,1,0,0,0,0,0,0,0,1,1,1,1,0,1,0,0,0,0,0,1,0,0,0,0.027777777777777776,2.375352059764044,1
40,0,0,0,1,0,1,1,1,1,0,0,1,1,0,0,1,0,0,0,0,0,0,0,0,0,1,0,1,0,1,1,1,1,0,1,1,0.19444444444444445,13.903961082399704,1
41,0,0,0,1,0,1,1,1,1,0,0,1,0,1,0,0,0,0,0,0,0,0,1,0,0,1,0,1,1,0,1,1,1,0,0,1,0.1388888888888889,10.03121290710345,1
42,0,0,0,1,0,1,1,1,1,0,0,1,1,0,1,0,1,0,0,0,0,0,1,0,1,1,0,0,1,1,0,1,0,0,0,0,0.08333333333333333,11.679043496215984,1
43,0,0,0,1,1,1,1,1,1,0,0,1,0,0,1,1,0,0,0,0,0,0,1,0,0,1,0,1,0,1,1,1,0,0,0,0,0.25,20.304235482866382,1
44,0,0,0,1,0,1,1,1,1,0,0,1,0,0,0,1,0,0,0,0,0,0,1,0,0,1,0,1,0,0,1,1,0,0,0,1,0.3055555555555556,13.50152832082731,1
45,0,0,0,0,0,1,1,1,1,0,1,1,0,0,1,0,0,0,0,0,0,0,1,0,1,1,0,1,0,1,1,1,0,0,0,0,0.1388888888888889,9.29208567535478,1
46,0,0,0,1,0,1,1,1,1,0,0,1,1,0,1,1,0,0,1,0,0,0,1,0,1,1,0,1,0,1,1,1,0,0,0,1,0.25,14.629652602759494,1
47,0,0,1,1,0,1,1,1,1,0,0,1,0,0,0,1,1,0,0,0,0,0,1,0,1,1,1,1,1,0,1,1,0,0,0,0,0.19444444444444445,16.735589386861143,1
48,0,0,0,1,0,1,1,1,1,0,0,1,0,0,1,1,0,0,1,0,0,0,1,0,0,1,0,1,1,0,1,1,0,0,0,0,0.3333333333333333,17.010484559657755,1
49,0,0,0,0,0,1,1,1,1,0,0,1,0,0,0,1,0,0,0,0,0,0,1,0,0,1,0,1,1,1,0,1,0,0,0,0,0.1111111111111111,8.696538664879201,1
50,1,1,1,1,1,0,0,0,0,1,1,0,0,1,0,0,0,1,0,1,1,1,0,1,1,0,1,0,1,0,0,0,0,1,0,0,0.19444444444444445,14.966240740775138,1
51,1,1,1,0,0,0,0,0,1,1,1,0,1,1,0,0,0,0,0,0,1,1,0,1,1,0,1,0,0,0,0,0,1,1,1,0,0.16666666666666666,5.703644358287995,1
52,1,1,1,0,1,0,0,0,1,0,0,0,0,1,0,0,1,0,0,1,1,1,1,1,1,0,1,0,0,0,0,0,0,0,1,0,0.16666666666666666,4.705476361103279,1
53,0,1,0,1,0,1,1,1,1,0,0,1,0,1,1,1,0,0,1,0,0,0,1,0,1,1,0,1,0,0,1,1,1,0,0,1,0.19444444444444445,23.42366390007465,1
54,0,0,1,0,0,1,1,1,1,0,0,1,1,0,1,1,0,0,1,0,0,0,1,0,0,0,1,1,0,1,0,1,0,0,0,0,0.08333333333333333,15.637783546282963,1
55,0,0,0,1,1,1,1,1,1,0,1,1,0,1,0,1,0,0,1,0,0,0,1,0,1,1,1,1,0,1,1,1,0,0,0,0,0.19444444444444445,18.840302079390547,1
56,0,1,0,1,0,0,1,0,0,0,1,1,0,1,0,1,1,0,1,0,1,0,1,0,1,1,1,1,0,0,0,0,1,0,1,1,0.027777777777777776,8.804302607010609,1
57,0,1,0,1,0,1,1,1,1,0,0,1,1,0,1,1,0,0,0,0,0,0,1,0,1,1,1,1,1,0,1,1,1,0,0,1,0.2222222222222222,18.3971356775658,1
58,0,0,0,0,0,0,1,1,0,0,0,0,0,1,1,1,0,1,0,0,0,0,0,0,0,0,0,0,1,1,0,1,0,0,1,1,0.05555555555555555,8.938428832570784,1
59,0,1,0,1,0,1,1,1,1,0,0,1,0,1,1,1,0,0,0,0,0,0,1,0,1,1,0,1,1,0,1,1,0,0,0,0,0.2777777777777778,32.33481837896501,1
60,0,1,0,1,1,1,1,1,0,0,0,1,1,1,0,1,0,0,0,0,0,0,1,0,1,1,0,1,1,0,1,1,0,0,1,0,0.25,27.54989951345742,1
61,1,1,1,0,0,0,0,0,1,1,0,0,1,1,0,0,0,1,0,1,0,1,0,1,1,0,1,0,0,0,1,0,0,0,1,0,0.08333333333333333,7.081926824444437,1
62,0,1,1,0,0,0,0,0,1,1,1,0,1,0,1,0,0,0,1,0,1,1,0,1,1,0,0,0,0,1,1,0,0,0,0,0,0.1111111111111111,6.524798602185385,1
63,1,0,0,1,0,1,1,1,0,0,0,1,1,1,0,0,1,0,0,0,0,0,1,0,1,1,0,1,0,0,1,1,0,0,0,0,0.19444444444444445,16.61892731382718,1
64,0,1,0,1,0,1,1,1,1,0,0,1,1,0,1,1,0,0,0,0,0,0,1,0,1,1,1,1,1,1,1,1,0,0,0,1,0.19444444444444445,16.615766716134182,1
65,0,0,0,0,0,1,1,1,1,0,0,1,1,0,1,1,0,0,1,0,0,0,1,0,1,1,0,1,0,1,0,1,0,0,0,1,0.2222222222222222,11.475896568592189,1
66,0,0,0,0,1,1,1,1,0,0,1,1,0,1,0,0,1,0,0,0,0,0,0,0,0,1,0,1,0,1,0,1,1,0,1,0,0.027777777777777776,9.578660056552348,1
67,0,0,0,1,0,1,1,1,0,0,0,1,0,1,1,1,0,0,0,0,0,0,1,0,0,1,0,1,0,1,0,1,0,0,1,0,0.25,17.272283786282422,1
68,0,1,0,1,0,1,1,1,1,0,0,1,0,1,1,0,1,0,0,0,0,0,0,0,0,1,1,1,0,0,0,1,1,0,0,0,0.25,31.93937362513734,1
69,1,1,1,0,1,0,1,0,0,1,1,0,0,0,1,0,0,0,0,1,1,1,1,1,0,0,1,0,1,0,0,0,0,0,1,1,0.08333333333333333,13.1677274004278,1
70,0,0,1,0,1,0,1,1,0,0,0,0,1,1,0,1,0,0,1,0,0,0,0,0,1,0,0,1,0,0,1,1,0,0,0,1,0.1111111111111111,7.9453043890400945,1
71,1,1,1,0,1,0,0,0,0,1,0,0,1,1,1,0,0,1,1,1,1,1,0,1,1,0,1,0,0,0,0,0,1,1,1,0,0.25,16.1591753228483,1
72,0,0,1,0,0,1,1,0,1,0,0,1,1,0,1,0,0,0,0,0,0,0,0,0,0,1,0,1,1,0,1,1,1,0,0,1,0.08333333333333333,7.62452253548185,1
73,1,0,0,0,0,1,1,0,0,0,1,1,1,1,0,0,1,0,0,0,1,0,0,0,0,1,1,1,0,0,1,1,0,0,0,0,0.08333333333333333,6.765476762060567,1
74,0,0,0,0,0,1,1,1,1,0,0,1,0,1,1,1,0,0,1,0,0,0,1,0,0,1,1,1,0,0,1,1,0,0,0,0,0.19444444444444445,16.810257369517444,1
75,0,0,0,0,0,1,1,1,1,0,1,1,0,1,0,1,0,0,1,0,0,0,1,0,0,1,0,1,0,0,1,1,1,0,0,0,0.2222222222222222,14.111249783158762,1
76,0,1,0,1,1,1,1,1,1,0,0,1,0,1,1,1,0,0,0,0,0,0,1,0,1,1,0,1,0,0,1,1,1,0,0,0,0.3055555555555556,40.80707306879118,1
77,0,0,0,1,0,1,1,1,1,0,0,1,0,1,0,0,0,0,0,0,0,0,1,0,1,1,1,1,1,0,0,1,0,0,1,0,0.19444444444444445,7.6946152449346386,1
78,0,0,1,1,0,1,1,1,0,0,0,1,0,1,0,1,0,0,0,0,0,0,1,0,0,1,1,1,0,1,0,1,1,0,1,0,0.16666666666666666,15.27170370747385,1
79,0,0,0,1,0,1,1,1,0,0,0,1,1,1,1,1,1,0,1,0,0,0,1,0,1,1,0,1,1,0,1,1,0,0,1,1,0.19444444444444445,15.080977948284021,1
80,0,0,0,1,0,1,1,1,1,0,0,1,0,1,1,1,0,0,0,0,1,0,1,0,1,1,0,1,1,0,1,1,0,0,0,0,0.25,18.11304003421559,1
81,1,1,0,1,1,0,0,0,0,1,1,0,1,0,1,0,1,0,0,1,0,1,0,0,0,1,1,0,0,0,0,0,0,1,0,0,0.1388888888888889,10.549177063311083,1
82,0,0,0,1,1,1,1,1,0,0,0,1,0,1,1,0,0,0,0,0,0,0,0,0,1,1,1,1,0,0,0,1,0,0,0,0,0.19444444444444445,21.03645494067,1
83,1,1,1,0,1,0,0,0,0,1,0,0,1,1,0,0,1,0,0,1,1,1,1,1,0,0,1,0,0,0,0,0,1,1,0,0,0.1388888888888889,11.093888650122105,1
84,0,0,0,1,1,0,1,1,1,0,0,0,0,0,1,1,1,0,0,0,0,0,0,0,1,1,0,1,1,0,1,1,0,0,0,0,0.1388888888888889,10.364889009654554,1
85,1,1,1,0,1,0,0,0,0,1,1,1,1,0,0,0,0,0,0,0,1,0,0,1,1,0,1,0,1,1,0,0,0,1,1,1,0.16666666666666666,12.948142700119757,1
86,0,0,0,0,0,1,1,1,1,0,0,1,1,1,0,1,0,0,0,0,0,0,1,0,1,1,0,1,0,0,1,1,0,0,0,0,0.2222222222222222,15.411181993403293,1
87,0,1,0,0,0,0,1,1,0,0,0,1,0,1,0,1,1,0,1,0,0,0,1,0,0,1,1,1,0,0,0,1,1,0,0,0,0.16666666666666666,13.297155954431277,1
88,0,1,0,0,0,1,1,1,0,0,1,1,0,1,0,1,1,0,1,0,0,0,0,0,1,1,1,1,0,0,0,1,0,0,0,0,0.16666666666666666,29.067355845566905,1
89,1,1,1,1,0,0,0,0,0,0,1,0,1,0,1,0,0,1,0,0,1,1,1,1,0,0,1,0,1,0,0,0,0,1,1,1,0.2222222222222222,15.370998743877404,1
90,0,0,0,1,1,1,0,1,0,0,1,1,1,1,1,1,0,0,0,0,0,0,1,0,0,1,1,1,1,0,1,1,1,0,0,1,0.1388888888888889,19.181685143482007,1
91,0,0,0,0,0,1,1,1,0,0,1,0,0,1,0,1,0,0,1,0,0,0,1,0,0,1,0,1,1,0,1,1,0,0,0,0,0.16666666666666666,10.112359661830173,1
92,0,0,0,0,0,1,1,1,1,0,0,1,0,0,1,1,1,0,1,0,0,0,1,0,0,0,1,1,0,0,0,1,0,0,1,0,0.2222222222222222,15.460698704965235,1
93,0,1,1,1,0,0,0,0,0,1,1,0,1,0,1,0,0,1,0,0,1,1,1,1,0,0,1,0,0,0,1,0,0,1,0,1,0.1388888888888889,16.009539100914306,1
94,1,1,1,0,1,0,0,0,1,0,1,0,1,0,0,0,0,0,0,1,1,0,0,1,0,0,1,0,0,0,0,0,1,0,1,0,0.16666666666666666,1.4980225469650565,1
95,0,1,0,1,1,1,0,1,0,0,0,1,0,1,0,1,1,0,0,0,0,0,1,0,1,0,1,1,0,0,1,1,0,0,0,1,0.16666666666666666,25.528999200343385,1
96,0,0,1,0,1,1,1,0,0,0,0,1,0,1,0,0,0,0,0,1,0,0,1,1,0,0,0,0,0,0,0,0,0,0,0,0,0.1111111111111111,9.172849589856144,1
97,0,0,0,1,0,1,1,1,0,0,0,1,1,1,1,1,0,0,0,0,0,0,1,0,1,1,1,1,0,0,0,1,0,0,1,0,0.3055555555555556,22.291884536378298,1
98,0,0,0,1,0,1,1,1,1,1,0,0,1,0,1,1,1,0,0,0,0,0,0,0,1,1,0,1,0,1,1,1,1,0,1,0,0.16666666666666666,14.743098689664556,1
99,0,0,0,1,0,1,1,1,0,0,1,1,0,1,0,1,0,0,0,0,0,0,1,0,1,1,0,1,0,1,1,1,0,0,0,0,0.3055555555555556,16.40021243426217,1
