,0,1,2,3,4,5,6,7,8,9,10,11,12,13,14,15,16,17,18,19,20,21,22,23,24,25,26,27,28,29,30,31,32,33,34,35,chain_break_fraction,energy,num_occurrences
0,1,0,0,0,0,1,0,0,1,0,0,1,1,1,0,1,1,0,0,0,1,0,0,0,0,0,0,1,1,1,0,0,1,0,0,0,0.2777777777777778,11.849158319471181,1
1,0,0,0,0,0,1,0,0,1,0,0,1,1,1,0,1,1,0,0,0,1,0,0,0,1,0,0,1,1,1,0,0,1,0,0,0,0.25,8.367349911422938,1
2,0,0,0,0,0,1,0,0,1,0,0,1,1,1,0,1,1,0,0,0,1,0,0,0,0,0,0,1,1,1,0,0,1,0,0,0,0.2777777777777778,10.091429877430338,1
3,0,0,0,0,0,1,0,0,1,0,0,1,1,1,0,1,1,0,0,0,1,0,0,1,0,0,0,1,1,1,0,0,1,0,0,0,0.2777777777777778,7.4227236767296025,1
4,0,0,0,0,0,1,0,0,1,0,0,1,1,1,0,1,1,0,0,0,1,0,0,0,0,0,0,1,1,1,0,0,1,1,0,0,0.25,8.425710541386334,1
5,1,0,0,0,0,1,0,0,1,0,0,1,1,1,0,1,1,0,0,0,1,0,0,0,1,0,0,1,1,1,1,0,1,0,0,0,0.25,7.887564521430895,1
6,1,0,0,0,0,1,0,0,1,0,0,1,1,1,0,1,1,0,0,0,1,0,0,0,0,0,0,1,1,1,0,0,1,0,0,0,0.25,11.849158319471181,1
7,0,0,0,0,0,1,0,0,1,0,0,1,1,1,1,0,1,0,0,0,1,0,0,0,0,0,0,1,1,1,0,0,1,0,0,0,0.2777777777777778,7.148621184793169,1
8,1,0,0,0,0,1,0,0,1,0,0,1,1,1,0,1,1,0,0,0,1,0,0,0,0,0,0,1,1,1,0,0,1,0,0,0,0.2777777777777778,11.849158319471181,1
9,1,0,0,0,0,1,0,0,1,0,0,1,1,1,0,1,1,0,0,0,1,0,0,0,0,0,0,1,1,1,0,0,1,1,0,0,0.3055555555555556,9.183397989515875,1
10,1,0,0,0,1,0,0,0,1,0,0,1,0,1,0,1,1,0,0,0,1,0,0,0,0,0,0,1,1,1,0,0,1,0,0,0,0.25,6.653505185321699,1
11,0,0,0,0,0,1,0,0,1,0,0,1,1,1,0,1,1,0,0,0,1,0,0,1,0,0,0,1,1,1,0,0,0,1,0,0,0.25,7.848255756577447,1
12,1,0,0,0,0,1,0,0,0,0,0,1,1,1,0,1,1,0,0,0,1,0,0,0,0,0,0,1,1,1,0,0,1,0,0,0,0.2222222222222222,8.56408682499719,1
13,0,0,0,0,0,1,0,0,1,0,0,1,1,1,0,1,1,0,0,0,1,0,0,0,1,0,0,1,1,1,0,0,1,0,0,0,0.25,8.367349911422938,1
14,1,0,0,0,0,1,0,0,1,0,0,1,1,1,1,1,1,0,0,0,1,0,0,0,0,0,0,1,1,1,0,0,1,1,0,0,0.3055555555555556,11.625182705921521,1
15,1,0,0,0,0,1,0,0,1,0,0,1,1,1,0,1,1,0,0,0,1,1,0,0,0,0,0,1,1,1,0,0,1,0,0,0,0.2777777777777778,9.183397989515884,1
16,0,0,0,0,0,1,0,0,1,0,0,1,1,1,0,1,0,0,0,0,1,0,0,1,0,0,0,1,1,1,0,0,1,0,0,0,0.2222222222222222,6.933721459343416,1
17,0,0,0,0,0,1,0,0,1,0,0,1,1,1,0,1,1,0,0,0,1,0,0,0,0,0,0,1,1,1,1,0,1,0,0,0,0.3055555555555556,8.18119565210218,1
18,1,0,0,0,0,1,0,0,1,0,0,1,1,1,1,0,1,0,0,0,1,0,0,0,0,0,0,1,1,1,0,0,1,1,0,0,0.19444444444444445,6.7416132731102225,1
19,1,0,0,0,0,1,0,0,1,0,0,1,0,1,0,1,1,0,0,0,1,0,0,1,0,0,0,1,1,1,0,0,1,1,0,0,0.25,7.963448249633376,1
20,0,0,0,0,0,1,0,0,1,0,0,1,1,1,0,1,0,0,0,0,1,0,0,0,0,0,0,1,1,1,0,0,1,0,0,0,0.2222222222222222,8.60242741957271,1
21,1,0,0,0,0,0,0,0,1,0,0,1,0,1,0,1,1,0,0,0,0,0,0,0,0,0,0,1,1,1,0,0,1,0,0,0,0.25,7.713417596721894,1
22,0,0,0,0,0,0,0,0,1,0,0,1,0,1,0,1,1,0,0,0,1,0,0,0,1,0,0,1,1,1,0,0,1,0,0,0,0.2222222222222222,6.216865285645146,1
23,1,0,0,0,0,1,0,0,1,0,0,1,0,1,0,1,1,0,0,0,1,0,0,0,0,0,0,1,1,1,0,0,1,0,0,0,0.2777777777777778,8.925014359809605,1
24,0,0,0,0,0,0,0,0,1,0,0,1,0,1,0,1,1,0,0,0,1,0,0,0,0,0,0,1,1,1,0,0,1,1,0,0,0.2777777777777778,8.465193508912543,1
25,1,0,0,0,1,0,0,0,1,0,0,1,0,1,0,1,1,0,0,0,1,0,0,0,0,0,0,1,1,1,0,0,1,1,0,0,0.19444444444444445,6.68400745917582,1
26,0,0,0,0,1,1,0,0,1,0,0,1,1,1,0,1,1,0,0,0,1,0,0,0,1,0,0,1,1,1,0,0,1,0,0,0,0.2777777777777778,10.077261545418006,1
27,1,0,0,0,0,0,0,0,1,1,0,1,1,1,0,1,1,0,0,0,1,0,0,0,0,0,0,1,1,1,0,0,1,0,0,0,0.2777777777777778,16.84013160542736,1
28,1,0,0,0,0,1,0,0,1,0,0,1,0,1,0,1,1,0,0,0,1,0,0,0,0,0,0,1,1,1,0,0,1,0,0,0,0.2777777777777778,8.925014359809605,1
29,1,0,0,0,0,0,0,0,1,0,0,1,1,1,0,1,1,0,0,0,0,0,0,0,0,0,0,1,1,1,0,0,1,0,0,0,0.3055555555555556,10.296355661286805,1
30,0,0,0,0,0,1,0,0,1,0,0,1,1,1,0,1,1,0,0,0,1,0,0,0,0,0,0,1,0,1,0,0,1,1,0,0,0.2777777777777778,9.188934437030523,1
31,1,0,0,0,0,1,0,0,1,0,0,1,1,1,1,0,1,0,0,0,1,0,0,1,0,0,0,1,1,1,0,0,1,1,0,0,0.3055555555555556,6.587447148934919,1
32,1,0,0,0,0,1,0,0,0,0,0,1,0,0,0,1,1,0,0,0,1,0,0,0,0,0,0,1,1,1,0,0,1,0,0,0,0.19444444444444445,3.587255549210865,1
33,0,0,0,0,0,1,0,0,1,0,0,1,1,1,1,0,1,0,0,0,1,0,0,0,0,0,0,1,1,1,0,0,1,1,0,0,0.25,6.484175736950134,1
34,1,0,0,0,1,0,0,0,1,0,0,1,1,1,0,1,1,0,0,0,1,0,0,0,0,0,0,1,1,1,0,0,1,0,0,0,0.25,9.059644185075006,1
35,1,0,0,0,0,0,0,0,1,0,0,1,0,1,0,1,1,0,0,0,0,0,0,0,0,0,0,1,1,1,1,0,1,0,0,0,0.25,6.245383995396773,1
36,1,0,0,0,0,1,0,0,1,0,0,1,1,1,0,1,1,0,0,0,1,0,0,0,0,0,0,1,1,1,0,0,1,1,0,0,0.3055555555555556,9.183397989515875,1
37,1,0,0,0,0,0,0,0,1,0,0,1,1,1,1,0,1,0,0,0,1,1,0,0,0,0,0,1,1,1,0,0,1,0,0,0,0.2222222222222222,6.848467474739343,1
38,0,0,0,0,0,1,0,0,1,0,0,1,1,0,0,1,1,0,0,0,1,0,0,0,0,0,0,1,1,1,0,0,1,1,0,0,0.3055555555555556,6.356654629575507,1
39,0,0,0,0,0,0,0,0,1,0,0,1,1,1,1,0,1,0,0,0,1,0,0,0,0,0,0,1,1,1,0,0,1,0,0,0,0.2222222222222222,5.6458864413510375,1
40,0,0,0,0,1,0,0,0,1,0,0,1,1,1,1,1,1,0,0,0,1,0,0,0,1,0,0,1,1,1,0,0,1,0,0,0,0.25,8.56370420526277,1
41,0,0,0,0,0,1,0,0,1,0,0,1,1,1,1,0,0,0,0,0,1,1,0,0,0,0,0,1,1,1,0,0,1,1,0,0,0.25,10.831808103349216,1
42,0,0,0,0,0,1,0,0,1,0,0,1,1,0,0,1,1,0,0,0,1,0,0,0,0,0,0,1,1,1,0,0,1,1,0,0,0.25,6.356654629575507,1
43,1,0,0,1,0,1,0,0,1,0,0,1,0,1,0,1,1,0,0,0,1,0,0,1,0,0,0,1,1,1,0,0,1,0,0,0,0.25,10.019852268528672,1
44,1,0,0,0,0,0,0,0,1,0,0,1,0,1,0,0,1,0,0,0,1,0,0,0,0,0,0,1,1,1,0,0,1,0,0,0,0.25,4.641033269720301,1
45,1,0,0,0,0,0,0,0,1,0,0,1,0,1,1,0,1,0,0,0,1,0,0,0,0,0,0,1,1,1,0,0,1,1,0,0,0.25,6.84994535670181,1
46,1,0,0,0,0,1,0,0,1,0,0,1,0,1,0,1,1,0,0,0,1,0,0,1,0,0,0,1,1,1,0,0,1,1,0,0,0.3333333333333333,7.963448249633376,1
47,0,0,0,0,0,1,0,0,1,0,0,1,1,1,0,1,0,0,0,0,1,0,0,0,0,0,0,1,1,1,0,0,1,1,0,0,0.3611111111111111,7.937247692409816,1
48,1,0,0,0,0,1,0,0,0,0,0,1,0,1,0,1,1,0,0,0,1,0,0,0,0,0,0,1,1,1,0,0,1,1,0,0,0.25,5.972898374503975,1
49,1,0,0,0,0,1,0,0,1,0,0,1,1,1,0,1,1,0,0,0,1,0,0,0,1,0,0,1,1,1,0,0,1,1,0,0,0.25,8.845375485843988,1
50,0,0,0,0,0,1,0,0,1,0,0,1,1,1,1,1,0,0,0,0,1,0,0,1,0,0,0,1,1,1,0,0,0,1,0,0,0.2222222222222222,8.801565564679105,1
51,0,0,0,0,0,1,0,0,0,0,0,1,1,1,1,1,1,0,0,0,1,0,0,0,0,0,0,1,1,1,0,0,1,0,0,0,0.25,9.749167077131814,1
52,0,0,0,1,0,0,0,0,1,0,0,1,1,1,0,1,1,0,0,0,1,0,0,0,0,0,0,1,1,1,0,0,0,1,0,0,0.1388888888888889,9.911170474937776,1
53,1,0,0,0,1,1,0,0,1,0,0,1,1,1,1,0,1,0,0,0,1,0,0,0,0,0,0,1,1,1,0,0,1,0,0,0,0.3055555555555556,10.65932716841966,1
54,1,0,0,0,0,1,0,0,1,0,0,1,1,1,0,1,1,0,0,0,1,0,0,0,0,0,0,1,1,1,0,0,1,1,0,0,0.4166666666666667,9.183397989515875,1
55,0,0,0,0,0,1,0,0,1,1,0,1,1,1,1,0,1,0,0,0,1,0,0,0,0,0,0,1,1,1,0,0,1,0,0,0,0.2777777777777778,15.718764170076797,1
56,1,0,0,0,0,1,0,0,1,0,0,1,1,1,1,0,1,0,0,0,1,0,0,1,0,0,0,1,1,1,0,0,1,1,0,0,0.3333333333333333,6.587447148934919,1
57,0,0,0,0,0,1,0,0,1,0,0,1,1,1,0,1,1,0,0,0,1,0,0,1,0,0,0,1,1,1,0,0,0,1,0,0,0.2777777777777778,7.848255756577447,1
58,1,0,0,0,0,0,0,0,1,1,0,1,0,1,0,1,1,0,0,0,1,0,0,0,0,0,0,1,1,1,1,0,1,0,0,0,0.2222222222222222,11.864270138849918,1
59,1,0,0,0,0,1,0,0,1,0,0,1,1,1,0,0,1,0,0,0,1,0,0,0,1,0,0,1,1,1,0,0,1,0,0,0,0.3333333333333333,5.739471280032329,1
60,0,0,0,0,0,1,0,0,1,0,0,1,1,0,1,1,1,0,0,0,1,0,0,0,0,0,0,1,1,1,1,0,1,0,0,0,0.3055555555555556,5.796553690444209,1
61,1,0,0,1,0,1,0,0,1,0,0,1,1,1,1,0,1,0,0,0,1,0,0,0,0,0,0,1,1,1,0,0,1,0,0,1,0.3055555555555556,11.340832206103881,1
62,0,0,0,1,0,0,0,0,0,0,0,1,1,1,0,1,1,0,0,0,1,0,0,1,0,0,0,1,1,1,0,0,1,0,0,0,0.19444444444444445,6.171174275201223,1
63,1,0,0,0,0,1,0,0,1,0,0,1,1,1,0,1,1,0,0,0,1,0,0,0,1,0,0,1,1,1,0,0,0,1,0,0,0.25,9.235225903583562,1
64,0,0,0,0,0,0,0,0,0,0,0,1,1,1,0,1,1,0,0,0,0,0,0,1,1,0,0,1,1,1,0,0,1,0,0,0,0.19444444444444445,6.228924117842756,1
65,1,1,0,0,0,1,0,0,1,0,0,1,0,1,1,1,0,0,0,0,1,0,0,1,0,0,0,1,1,1,0,0,1,1,0,0,0.3333333333333333,11.427755812894025,1
66,1,0,0,0,0,0,0,0,0,0,0,1,1,1,1,0,1,0,0,0,0,0,0,0,0,0,0,1,1,1,0,0,1,1,0,0,0.2222222222222222,5.094342491661731,1
67,0,1,0,0,0,0,0,0,1,0,0,1,0,0,1,1,1,0,0,0,1,0,0,0,0,0,0,1,1,1,0,0,0,1,0,0,0.19444444444444445,8.28796490685348,1
68,0,0,0,0,0,0,0,0,1,1,0,1,1,1,0,1,0,0,0,0,1,0,0,0,0,0,0,1,1,1,1,0,1,1,0,0,0.25,13.338662011257469,1
69,0,0,0,0,1,0,0,0,1,0,0,1,0,1,1,0,0,0,0,0,1,0,0,0,0,0,0,1,1,1,0,0,0,1,0,0,0.2222222222222222,5.518322019429058,1
70,1,0,0,0,1,1,0,0,1,0,0,1,0,1,0,1,1,0,0,0,1,0,0,0,0,0,0,1,1,1,0,0,1,0,0,0,0.2777777777777778,11.1965235342975,1
71,0,0,1,0,1,1,1,1,0,0,1,0,0,1,0,0,0,1,1,0,0,1,1,0,0,0,1,0,0,1,1,1,0,0,1,0,0.2777777777777778,5.953373798422925,1
72,1,0,0,0,0,1,0,0,1,0,0,1,0,1,0,1,1,0,0,0,1,0,0,0,0,0,0,1,1,1,0,0,0,1,0,0,0.2777777777777778,8.286938219551832,1
73,1,0,1,0,1,1,1,1,0,0,1,0,0,1,0,0,0,1,1,0,0,1,1,0,0,0,1,0,0,1,1,1,1,0,1,0,0.3055555555555556,6.207754455899756,1
74,0,0,1,0,1,1,1,1,0,0,1,0,0,1,0,0,1,1,1,0,0,1,1,0,0,0,1,0,0,1,1,1,0,0,1,0,0.25,7.272290535786523,1
75,1,0,1,0,1,1,1,1,0,0,1,0,0,1,1,0,0,1,1,0,0,1,1,0,0,0,1,0,0,1,1,1,0,0,1,0,0.2777777777777778,7.472911389016673,1
76,1,0,0,0,0,0,0,0,1,0,0,1,1,1,0,1,1,0,0,0,0,0,0,0,0,0,0,1,1,1,0,0,1,1,0,0,0.25,8.243904440070839,1
77,0,0,0,0,0,1,0,0,1,0,0,1,1,1,1,0,0,0,0,0,1,0,0,0,0,0,0,1,1,1,0,0,1,1,0,1,0.2777777777777778,10.980652842964822,1
78,1,0,1,0,1,1,1,1,0,0,1,0,0,1,1,0,0,1,1,0,0,1,1,0,1,0,1,0,0,1,1,1,0,0,1,0,0.2222222222222222,6.999052547707212,1
79,1,0,0,0,1,0,0,0,1,0,0,1,1,1,0,1,1,0,0,0,1,0,0,0,0,0,0,1,1,1,0,0,1,0,0,0,0.2777777777777778,9.059644185075006,1
80,1,0,0,0,0,0,0,0,1,0,0,1,1,1,0,1,1,0,0,0,1,0,0,0,0,0,0,1,1,1,0,0,1,0,0,0,0.3055555555555556,8.27013005067882,1
81,0,0,0,0,0,1,0,0,1,0,0,1,0,1,0,1,1,0,0,0,1,0,0,0,1,0,0,1,1,1,0,0,1,1,0,0,0.25,8.210626841690633,1
82,1,0,0,0,1,1,0,0,1,0,0,1,1,0,0,1,0,0,0,0,1,0,0,0,1,0,0,1,1,1,0,0,1,0,0,0,0.3055555555555556,5.279704803834919,1
83,1,0,0,0,0,1,0,0,0,0,0,1,1,1,0,1,1,0,0,0,1,0,0,0,0,0,0,1,1,1,0,0,0,1,0,0,0.2777777777777778,7.736493787661756,1
84,1,0,0,0,0,1,0,0,1,0,0,1,0,1,1,1,1,0,0,0,1,0,0,0,0,0,0,1,1,1,0,0,1,0,0,0,0.2222222222222222,11.86806909204847,1
85,1,0,1,0,1,1,1,1,0,0,1,0,1,0,1,0,0,1,1,0,0,1,1,0,1,0,1,0,0,1,1,1,0,0,1,0,0.25,5.879828891235329,1
86,1,0,0,0,0,1,0,0,0,0,0,1,1,0,0,1,1,0,0,0,1,0,0,0,1,0,0,1,1,1,0,0,1,0,0,0,0.2222222222222222,3.5102773533977136,1
87,1,0,0,0,1,1,0,0,1,0,0,1,1,0,1,1,1,0,0,0,0,0,0,0,0,0,0,1,1,1,0,0,1,1,0,0,0.3055555555555556,9.63647581861664,1
88,0,0,1,0,1,1,1,1,0,0,1,0,0,1,1,0,1,1,1,0,0,1,1,0,0,0,1,0,0,1,1,1,0,0,1,0,0.25,8.306744484726844,1
89,0,0,0,0,0,0,0,0,1,0,0,1,1,1,0,1,1,0,0,0,0,0,0,0,1,0,0,1,1,1,0,0,1,0,0,0,0.3055555555555556,7.530702009847073,1
90,1,0,1,0,1,1,1,1,0,0,1,0,0,1,1,0,0,1,1,1,0,1,1,0,1,0,1,0,0,1,1,1,0,0,1,0,0.2777777777777778,8.965478218894287,1
91,1,0,1,0,1,1,1,1,0,0,1,0,1,1,1,0,0,1,1,0,0,1,1,0,0,0,1,0,0,1,1,1,0,0,1,0,0.2777777777777778,9.249599773229523,1
92,1,0,1,1,1,1,1,1,0,0,1,0,0,0,1,0,0,1,1,1,0,1,1,0,0,1,1,0,0,1,1,1,0,0,1,1,0.2777777777777778,19.671405973750574,1
93,1,0,1,1,1,1,1,1,0,0,1,0,0,1,0,0,0,1,1,0,0,1,1,0,0,0,1,0,0,1,1,1,0,0,1,1,0.25,10.086343149933743,1
94,0,1,1,1,1,1,1,1,0,0,1,0,1,0,1,0,0,1,1,1,0,0,1,0,0,1,1,0,0,1,1,1,0,0,1,0,0.2777777777777778,13.293749112077709,1
95,1,0,1,0,1,1,1,1,0,0,1,0,0,1,0,0,0,1,1,0,0,0,1,0,1,1,1,0,0,1,0,1,0,0,1,1,0.25,8.946619680329775,1
96,0,1,1,0,1,1,1,1,0,0,1,0,1,1,1,0,0,1,1,0,0,0,1,1,0,1,1,0,0,1,0,1,1,0,1,0,0.2222222222222222,10.804361218171234,1
97,1,0,1,1,1,1,1,1,0,0,1,0,1,0,0,0,0,1,1,1,0,0,1,1,1,0,1,0,0,1,1,1,0,0,1,1,0.3611111111111111,16.378658005794193,1
98,0,0,1,0,1,1,1,1,0,0,1,0,0,0,1,0,0,1,1,1,0,1,1,0,1,0,1,0,0,1,1,1,0,0,1,1,0.3888888888888889,20.819381182635688,1
99,1,0,1,0,1,1,1,1,0,0,1,0,0,0,1,0,0,1,1,1,0,0,1,0,1,1,1,0,0,1,0,1,0,0,1,1,0.3055555555555556,15.471661117004976,1
