,0,1,2,3,4,5,6,7,8,9,10,11,12,13,14,15,16,17,18,19,20,21,22,23,24,25,26,27,28,29,30,31,32,33,34,35,chain_break_fraction,energy,num_occurrences
0,0,1,0,0,1,0,0,1,1,0,0,1,1,0,0,1,1,1,1,0,0,0,1,1,0,1,0,1,0,0,1,0,0,0,1,0,0.25,14.692210734955086,1
1,1,0,1,0,0,1,1,0,0,1,1,0,0,1,1,0,0,0,0,0,1,1,0,0,1,0,1,0,1,1,0,1,1,1,0,1,0.2777777777777778,17.68418199767946,1
2,1,0,1,1,0,1,1,0,0,1,1,0,1,1,1,0,0,0,0,1,1,1,0,0,1,0,1,0,1,1,0,1,1,1,0,1,0.25,20.66419450801046,1
3,1,0,1,1,0,1,1,0,0,1,1,0,0,1,1,0,0,0,0,0,1,1,0,0,1,0,0,0,1,1,0,1,1,1,0,1,0.25,14.67345676461279,1
4,1,0,1,0,0,1,1,0,0,1,1,0,1,1,1,0,0,0,0,1,1,1,0,0,1,0,1,0,1,1,0,1,1,1,0,0,0.3055555555555556,15.011820454108404,1
5,1,0,1,1,0,1,1,0,0,1,1,0,1,1,1,0,0,0,0,1,1,1,0,0,1,0,0,0,1,1,0,1,1,1,0,1,0.2222222222222222,18.154020936979457,1
6,0,1,0,0,0,0,0,1,0,0,0,1,1,0,0,1,1,1,1,1,0,0,1,1,0,1,0,1,0,0,1,0,0,0,0,0,0.25,10.50887031115882,1
7,1,0,1,1,0,1,1,0,0,1,1,0,0,1,1,0,0,0,0,1,1,1,0,0,1,0,0,0,1,1,0,1,1,1,0,1,0.2777777777777778,20.538542812795857,1
8,0,1,0,0,1,0,0,1,1,0,0,1,1,0,0,1,1,1,1,0,0,0,1,1,0,1,1,1,0,0,1,0,0,0,1,0,0.3888888888888889,13.508244405567783,1
9,0,1,0,0,1,0,0,1,1,0,0,1,0,0,0,1,1,1,1,0,0,0,1,1,0,1,0,1,0,0,0,0,0,0,1,0,0.2777777777777778,14.586636248982932,1
10,0,1,0,1,1,0,0,1,1,0,0,1,1,0,0,1,1,1,1,0,0,0,1,1,0,1,1,1,0,0,1,0,0,0,0,0,0.3611111111111111,20.062865416706906,1
11,1,0,1,1,0,1,1,0,0,1,0,0,0,1,1,0,0,0,0,1,1,1,0,0,1,0,1,0,1,1,0,1,1,1,0,0,0.2777777777777778,16.940294434979144,1
12,0,1,0,1,0,0,0,1,1,0,0,1,0,0,0,1,1,1,1,0,0,0,1,1,0,1,0,1,0,0,1,0,0,0,1,0,0.3333333333333333,17.472137233722815,1
13,0,1,0,0,0,0,0,1,1,0,0,1,1,0,0,1,1,1,1,1,0,0,1,1,0,1,0,0,0,0,1,0,0,0,1,0,0.2777777777777778,13.776750334162378,1
14,0,1,0,0,0,0,0,1,0,0,0,1,1,0,0,1,1,1,1,0,0,0,1,1,0,1,0,1,0,0,1,0,0,0,1,1,0.3055555555555556,14.973625933378829,1
15,1,0,1,1,0,1,1,0,0,1,1,0,0,1,1,0,0,0,0,0,1,1,0,0,1,0,1,0,1,1,0,1,1,1,0,0,0.2777777777777778,11.487607880462887,1
16,0,1,0,0,0,0,0,1,1,0,0,1,1,1,0,1,1,1,1,0,0,0,1,1,0,1,0,1,0,0,1,0,0,0,1,0,0.2777777777777778,16.604305856666958,1
17,1,0,1,1,0,1,1,0,0,1,1,0,1,1,1,0,0,0,0,1,1,1,0,0,1,0,1,0,1,1,0,1,0,1,0,1,0.2777777777777778,18.028226265995468,1
18,0,1,1,0,1,0,0,1,1,0,0,1,1,1,0,1,1,1,1,0,0,0,1,1,0,1,0,1,0,0,1,0,0,0,1,0,0.2777777777777778,22.11844935587524,1
19,1,0,1,1,0,1,1,0,0,1,0,0,0,1,1,0,0,0,0,0,1,1,0,0,1,0,1,0,0,1,0,1,1,1,0,0,0.2222222222222222,9.435043348031913,1
20,1,0,1,0,0,1,1,0,0,1,1,0,1,1,1,0,0,0,0,1,1,1,0,0,1,0,0,0,1,1,0,1,1,1,0,1,0.3055555555555556,19.147612030394612,1
21,1,0,1,0,1,1,1,0,0,1,1,0,1,1,1,0,0,0,0,1,1,1,0,0,1,0,0,0,1,1,0,1,1,1,0,1,0.3611111111111111,18.07343128111523,1
22,0,1,0,1,0,0,0,1,1,0,0,1,1,0,0,1,1,1,1,0,0,0,1,1,0,1,0,1,0,0,1,0,0,0,1,0,0.3333333333333333,18.185196499080295,1
23,0,1,0,1,1,0,0,1,0,0,0,1,0,0,0,1,1,1,1,0,0,0,1,1,0,1,0,1,0,0,0,0,0,0,1,0,0.3333333333333333,17.025348431153425,1
24,0,1,0,0,1,0,0,1,1,0,0,1,1,0,0,1,1,1,1,0,0,0,1,1,0,1,1,0,0,0,1,0,0,0,1,0,0.3611111111111111,15.876177064342391,1
25,0,1,0,0,0,0,0,1,0,0,0,1,1,0,0,1,1,1,1,0,0,0,1,1,0,1,0,1,0,0,1,0,0,0,0,0,0.3055555555555556,11.206128221783604,1
26,0,1,0,0,1,0,0,1,0,0,0,1,1,1,0,1,1,1,1,0,0,0,1,1,0,1,0,1,0,0,1,0,0,0,1,0,0.3055555555555556,15.447015049102617,1
27,1,0,1,0,0,1,1,0,0,1,0,0,0,1,1,0,0,0,0,1,1,1,0,0,1,0,1,0,1,1,0,1,1,1,0,1,0.2777777777777778,29.149715924688632,1
28,1,0,1,0,0,1,1,0,0,1,1,0,1,1,1,0,0,0,0,1,1,1,0,0,1,0,1,0,0,1,0,0,1,1,0,0,0.2222222222222222,10.173677067670885,1
29,0,1,0,0,0,0,0,1,0,0,0,1,1,0,0,1,1,1,1,0,0,0,1,1,0,1,0,1,0,0,1,0,0,0,1,0,0.3611111111111111,11.128627458982013,1
30,1,0,1,0,0,1,1,0,0,1,1,0,1,1,1,0,0,0,0,0,1,1,0,0,1,0,0,0,1,1,0,1,1,1,0,1,0.3333333333333333,12.282533879769586,1
31,1,0,0,1,0,1,1,0,0,1,1,0,0,1,1,0,0,0,0,1,1,1,0,0,1,0,1,0,1,1,0,1,1,1,0,1,0.2222222222222222,25.08580934887744,1
32,1,0,1,0,0,1,0,0,0,1,1,0,1,1,1,0,0,0,0,1,1,1,0,0,1,0,0,0,1,1,0,1,1,1,0,1,0.3055555555555556,20.72394692076129,1
33,0,1,0,0,1,0,0,1,1,0,0,1,1,0,0,1,1,1,1,0,0,0,1,1,0,1,0,1,0,0,1,0,1,0,1,0,0.3888888888888889,13.130746891860401,1
34,1,0,1,0,0,1,1,0,0,1,1,0,1,1,1,0,0,0,0,1,1,1,0,0,1,0,0,0,1,1,0,1,0,1,0,1,0.3888888888888889,16.441990889133667,1
35,0,1,0,0,0,0,0,1,0,0,0,1,1,0,0,1,1,1,1,0,0,0,1,1,0,1,0,1,0,0,0,0,0,0,0,0,0.3611111111111111,11.958857497392037,1
36,1,0,1,0,0,1,1,0,0,0,1,1,1,1,1,0,0,0,0,1,1,1,0,0,1,0,1,0,1,1,0,1,1,0,0,0,0.1388888888888889,10.704363550071735,1
37,0,1,0,0,1,0,0,1,1,0,0,1,1,0,0,1,1,1,1,0,0,1,1,1,0,1,0,1,0,0,0,0,0,0,1,0,0.3888888888888889,12.901646807835677,1
38,1,0,1,0,0,1,1,0,0,1,1,0,0,1,1,0,0,0,0,0,1,1,0,0,1,0,0,0,0,1,0,1,1,1,0,0,0.2777777777777778,7.169092524933568,1
39,0,1,0,0,1,0,0,1,1,0,0,1,1,0,0,1,0,1,1,0,0,0,1,1,0,1,0,1,0,0,1,0,0,0,1,1,0.3055555555555556,14.966116598144206,1
40,1,0,1,0,0,1,1,0,0,1,1,0,1,1,1,0,0,0,0,1,1,1,0,0,1,0,0,0,1,1,0,1,0,1,0,0,0.2222222222222222,10.999194477646727,1
41,0,1,0,0,1,0,0,1,1,0,0,1,1,0,0,1,1,1,1,1,0,0,1,1,0,1,0,1,0,0,0,0,0,0,0,0,0.3333333333333333,13.932630669858396,1
42,0,1,0,0,1,0,0,1,0,0,0,1,1,0,0,1,1,1,0,0,0,0,1,1,0,1,0,1,0,0,0,0,1,0,1,0,0.2222222222222222,13.186151454206817,1
43,0,1,0,0,1,0,0,1,0,0,0,1,1,1,0,1,1,1,1,0,0,1,1,1,0,1,1,1,0,0,1,0,0,0,1,0,0.25,12.180290492805756,1
44,0,1,0,1,1,0,0,1,1,0,0,1,1,0,0,1,0,1,0,0,0,0,1,1,0,1,0,1,0,0,0,0,0,0,1,0,0.2777777777777778,22.45237065343529,1
45,1,0,1,0,1,1,1,0,0,1,1,0,1,1,1,0,0,0,0,1,1,1,0,0,1,0,0,0,1,1,0,1,1,1,0,1,0.3611111111111111,18.07343128111523,1
46,0,1,0,0,1,0,0,1,0,0,0,1,1,1,0,1,1,1,0,0,0,0,1,1,0,1,0,1,0,0,1,0,0,0,1,0,0.2777777777777778,18.795704542518198,1
47,0,1,0,0,1,0,0,1,0,0,0,1,1,0,0,1,0,1,0,0,0,0,1,1,0,1,0,0,0,0,1,0,1,0,1,0,0.25,12.169409325893339,1
48,0,1,1,0,0,0,0,1,1,0,0,1,0,0,0,1,1,1,1,1,0,0,1,1,0,1,0,0,0,0,0,0,0,0,1,0,0.2222222222222222,15.40494288011708,1
49,1,0,1,1,0,1,1,0,0,1,0,0,0,1,1,0,0,0,0,0,1,1,0,0,1,0,0,0,1,1,0,1,1,1,0,1,0.3611111111111111,14.706795129822334,1
50,1,0,1,0,0,1,1,0,0,1,1,0,1,1,1,0,0,0,0,1,1,1,0,0,1,0,0,0,1,1,0,0,1,1,0,1,0.2222222222222222,12.23813765505993,1
51,1,0,1,0,0,1,1,0,1,1,1,0,1,1,1,0,0,0,0,1,1,1,0,0,1,0,0,0,1,1,0,1,1,1,0,1,0.3333333333333333,18.57127714002794,1
52,0,0,0,1,1,0,0,1,0,0,0,1,1,0,0,1,0,1,1,0,0,0,1,1,0,1,0,0,0,0,0,1,0,0,0,0,0.2222222222222222,13.593008271022406,1
53,0,1,0,0,1,0,0,1,0,0,0,1,0,0,0,1,1,1,1,0,0,0,1,1,0,1,0,1,0,0,1,0,0,0,1,0,0.3611111111111111,12.483432347846062,1
54,0,1,0,0,1,0,0,1,1,0,0,1,1,0,0,1,1,1,1,0,0,0,1,1,0,1,0,1,0,0,0,0,0,0,1,0,0.3611111111111111,15.600738732162009,1
55,0,1,0,1,0,0,0,1,1,0,0,1,1,0,0,1,1,1,1,0,0,0,1,1,0,1,1,1,0,0,1,0,0,0,1,0,0.4166666666666667,16.504442070678436,1
56,1,0,0,0,0,1,1,0,0,1,1,0,1,1,1,0,1,0,0,1,1,1,0,0,1,0,0,0,1,1,0,1,1,1,0,1,0.2777777777777778,19.144509545736067,1
57,1,0,1,0,0,1,1,0,0,1,0,0,0,1,1,0,0,0,0,1,1,1,0,0,1,0,0,0,0,1,0,1,1,0,0,1,0.2222222222222222,13.536217988065857,1
58,0,1,0,0,0,0,0,1,1,0,0,1,1,0,0,1,1,1,1,0,0,0,1,1,0,1,0,0,0,0,1,0,1,0,1,0,0.2222222222222222,13.630854406126451,1
59,1,0,1,1,0,1,1,0,0,1,0,0,1,1,1,0,0,0,0,0,1,1,0,0,1,0,1,0,1,1,0,1,1,1,0,0,0.2222222222222222,10.122289994658399,1
60,1,0,1,0,1,1,1,0,0,1,1,0,1,1,1,0,0,0,0,1,1,1,0,0,1,0,1,0,1,1,0,1,0,1,0,1,0.2777777777777778,17.953068886289397,1
61,1,1,1,0,0,1,0,0,0,1,1,0,1,1,1,0,0,0,0,1,1,1,0,0,1,0,0,0,1,1,1,1,1,0,0,0,0.16666666666666666,10.209824410828963,1
62,1,0,1,1,0,1,1,0,0,1,0,0,1,1,1,0,0,0,0,1,1,1,0,0,1,0,1,0,0,1,1,0,1,0,0,1,0.2222222222222222,10.526423763618254,1
63,0,0,0,1,1,0,0,1,0,0,0,1,1,1,0,1,0,1,1,0,0,1,1,1,0,1,0,0,1,0,1,0,0,0,1,0,0.2222222222222222,12.638528708807325,1
64,1,0,1,0,1,0,1,0,0,1,1,0,0,1,1,0,0,0,0,1,1,1,0,0,1,0,1,0,1,1,0,1,1,0,0,1,0.2777777777777778,19.34291789669742,1
65,1,0,1,0,0,1,1,0,0,1,1,0,0,1,1,0,0,0,0,1,1,1,0,0,1,0,1,0,1,1,0,1,1,0,0,1,0.3055555555555556,18.28216966155413,1
66,0,1,0,1,1,0,0,1,0,0,0,1,0,0,0,1,1,1,0,1,0,0,1,1,0,1,0,1,0,0,0,0,0,0,0,0,0.2777777777777778,16.91306116006612,1
67,0,1,0,0,0,0,0,1,1,0,0,1,0,0,0,1,1,1,1,0,0,0,1,1,0,1,1,0,0,0,1,0,0,0,0,0,0.2777777777777778,13.99160131511732,1
68,1,0,1,0,0,1,1,0,0,1,1,0,1,1,1,0,0,0,0,0,1,1,0,0,1,0,0,0,1,1,0,1,1,1,0,1,0.3888888888888889,12.282533879769586,1
69,0,1,0,1,1,0,0,1,0,0,0,1,0,0,0,1,0,1,0,1,0,0,1,1,0,1,0,0,0,0,0,0,0,0,1,1,0.2222222222222222,16.71979474617899,1
70,0,1,0,0,1,0,0,1,0,0,0,1,0,0,0,1,1,1,1,0,0,1,1,1,0,1,1,0,0,0,0,0,0,0,0,1,0.3055555555555556,12.643178972199085,1
71,0,1,1,0,1,0,0,1,1,0,0,1,0,0,0,1,0,1,1,0,0,0,1,1,0,1,0,1,0,0,1,0,0,0,0,0,0.3888888888888889,13.816070047723143,1
72,0,1,0,0,1,0,0,1,0,0,0,1,1,0,0,1,1,1,1,0,0,0,1,1,0,1,0,1,0,0,0,0,1,0,1,1,0.3333333333333333,12.932574529056708,1
73,1,0,0,1,0,1,1,0,0,1,1,0,1,1,1,0,0,0,0,0,1,1,0,0,1,0,0,0,1,1,0,1,1,1,0,1,0.3333333333333333,12.785738333062007,1
74,0,1,0,0,0,0,0,1,1,0,0,1,0,0,0,1,1,1,1,1,0,0,1,1,0,1,0,0,0,0,1,0,0,1,1,0,0.3055555555555556,13.357253513361167,1
75,1,0,1,0,1,1,1,0,1,1,1,0,1,1,1,0,0,0,0,0,1,1,0,0,1,0,0,0,1,1,0,1,1,1,0,1,0.3611111111111111,13.133592404885563,1
76,1,1,1,0,0,1,1,0,0,1,1,0,0,1,1,0,1,0,0,0,1,1,0,0,1,0,1,0,1,1,1,0,1,1,0,1,0.3055555555555556,9.112162091092081,1
77,1,0,1,0,0,1,1,0,0,1,1,0,0,1,1,0,0,0,0,1,1,1,0,0,1,0,0,0,0,1,0,1,1,0,1,1,0.2222222222222222,16.08263708329323,1
78,1,0,1,0,1,1,1,0,0,1,0,0,1,1,1,0,0,0,0,1,1,1,0,0,1,0,1,0,1,1,0,1,1,1,0,1,0.3333333333333333,22.59639567359973,1
79,0,1,0,0,1,0,0,1,0,0,0,1,1,1,0,1,1,1,1,1,0,0,1,1,0,1,1,0,0,0,1,0,0,0,1,1,0.19444444444444445,13.895404815960706,1
80,0,1,0,1,1,0,0,1,0,0,0,1,0,1,0,1,1,1,0,0,0,0,1,1,0,1,0,1,0,0,1,0,0,0,1,0,0.2777777777777778,23.645843900366227,1
81,1,1,1,0,0,1,1,0,0,1,1,0,0,1,1,0,0,0,0,1,1,1,0,0,1,0,0,0,1,1,0,1,1,1,0,0,0.2777777777777778,11.513534238620286,1
82,1,0,1,1,0,1,1,0,0,1,0,0,0,1,1,0,0,0,0,1,1,1,0,0,1,0,1,0,1,1,0,1,0,1,0,0,0.3611111111111111,14.363132212846407,1
83,1,0,1,1,1,1,1,0,1,0,1,0,0,1,1,0,0,0,0,1,1,1,0,0,1,0,0,0,1,1,0,0,1,1,0,1,0.3055555555555556,12.974072380758216,1
84,0,1,0,1,0,0,0,1,1,0,0,1,1,0,0,1,1,1,1,0,0,0,1,1,0,1,1,1,0,0,1,0,0,0,1,1,0.3333333333333333,18.436646803773673,1
85,1,0,0,1,0,1,1,0,0,1,0,0,1,1,1,0,0,0,0,1,1,1,0,0,1,0,0,0,1,1,0,1,1,1,0,0,0.2777777777777778,13.097421449487928,1
86,0,1,0,0,1,0,0,1,0,0,0,1,0,1,0,1,1,1,0,0,0,0,1,1,0,1,1,1,0,0,0,0,0,0,1,1,0.2777777777777778,15.584443285925424,1
87,1,0,1,0,0,1,1,0,0,1,1,0,0,1,1,0,0,0,0,1,1,1,0,0,1,0,0,0,0,1,0,1,1,1,0,1,0.3888888888888889,18.276997377252474,1
88,1,0,1,0,0,1,1,0,1,1,1,0,1,1,1,0,0,0,1,1,1,1,0,0,1,0,0,0,1,1,0,1,1,1,0,0,0.3333333333333333,16.012896017098278,1
89,0,0,0,0,1,0,0,1,1,0,0,1,0,1,0,1,1,1,0,0,0,1,1,1,0,1,0,1,0,0,0,0,0,0,0,1,0.25,13.564589400665335,1
90,1,0,0,1,0,1,1,0,0,1,0,0,1,1,1,0,0,0,1,1,1,1,0,0,1,0,0,0,1,1,0,1,1,0,0,1,0.3333333333333333,17.55645448693246,1
91,1,0,1,0,1,1,1,0,0,1,0,0,1,1,1,0,0,0,0,1,1,1,0,0,1,0,0,0,1,1,0,1,1,1,0,1,0.3611111111111111,19.056900377820643,1
92,1,0,0,0,0,1,1,0,0,1,1,0,0,1,0,0,0,0,0,1,1,1,0,0,1,0,0,0,1,1,0,1,1,1,0,1,0.3333333333333333,29.949970422566984,1
93,1,0,1,1,0,1,1,0,0,0,1,0,0,1,1,1,0,0,0,1,1,1,0,0,1,0,1,0,1,1,0,1,1,1,0,1,0.25,22.32749430999067,1
94,0,1,0,0,1,0,0,0,0,0,0,1,1,0,0,1,0,1,0,1,0,0,1,1,0,1,1,1,0,0,0,0,0,0,1,1,0.25,14.70818175449184,1
95,1,0,1,1,1,1,1,0,0,0,0,0,1,1,1,0,1,0,0,1,1,1,0,0,1,0,0,0,1,1,1,0,1,0,0,0,0.25,8.792724623786608,1
96,1,0,0,0,1,1,1,0,0,1,1,0,1,1,1,0,0,0,0,1,1,1,0,0,1,0,1,0,1,1,0,1,1,0,0,1,0.2777777777777778,16.322540398862163,1
97,1,0,0,1,1,1,1,0,0,1,0,0,0,1,0,0,0,0,0,0,1,1,0,0,1,0,1,0,0,1,0,1,1,1,0,0,0.2222222222222222,10.45043663455756,1
98,1,1,1,0,0,0,0,1,1,0,0,1,0,0,0,1,0,1,1,0,0,0,1,1,0,1,0,1,0,0,1,0,0,0,1,1,0.3055555555555556,17.221938360547398,1
99,1,0,0,1,0,1,1,0,0,1,1,0,1,1,1,0,0,0,0,1,1,1,0,0,1,0,0,0,1,1,0,0,1,1,0,0,0.2777777777777778,10.889604478967014,1
