,0,1,2,3,4,5,6,7,8,9,10,11,12,13,14,15,16,17,18,19,20,21,22,23,24,25,26,27,28,29,30,31,32,33,34,35,chain_break_fraction,energy,num_occurrences
0,0,1,1,0,0,1,0,1,0,1,0,1,0,1,0,0,1,0,0,0,0,1,1,0,0,0,0,1,1,1,1,0,0,0,0,0,0.2222222222222222,22.69527510347825,1
1,0,1,1,0,0,1,0,1,0,1,0,1,0,0,0,0,1,0,0,0,0,1,1,0,0,0,0,1,1,1,1,0,0,0,0,0,0.19444444444444445,15.546945380321242,1
2,0,1,1,0,0,1,0,1,0,1,0,1,0,0,0,0,1,0,0,0,0,1,1,0,0,1,0,1,1,1,1,0,0,0,0,0,0.19444444444444445,17.159237102757064,1
3,0,1,1,0,0,1,0,1,0,1,0,1,0,1,0,0,1,0,0,0,0,1,1,0,0,0,0,1,1,1,1,0,0,0,0,0,0.25,22.69527510347825,1
4,0,1,1,0,0,1,0,1,0,1,0,1,0,0,0,0,1,0,0,0,0,1,1,0,0,0,0,1,1,1,1,0,0,0,0,0,0.19444444444444445,15.546945380321242,1
5,0,1,1,0,0,1,0,1,0,1,0,1,0,1,0,0,1,0,0,0,0,1,1,0,0,1,0,1,1,1,1,0,0,0,0,0,0.3055555555555556,22.297591703526162,1
6,0,1,0,0,0,1,0,1,0,1,0,1,0,0,0,0,1,0,0,0,0,1,1,0,0,0,0,1,1,1,1,0,0,0,0,0,0.2222222222222222,14.137389984581757,1
7,0,1,1,0,0,1,1,1,0,1,0,1,0,0,0,0,1,0,0,0,0,1,1,0,0,0,0,1,1,1,1,0,0,0,0,0,0.19444444444444445,18.698805275712115,1
8,0,1,0,0,0,1,1,1,0,1,0,1,0,1,0,0,1,0,0,0,0,1,1,0,0,0,0,1,1,1,1,0,0,0,0,0,0.2222222222222222,24.152377132556687,1
9,0,1,1,0,0,1,1,1,0,1,0,1,0,1,0,0,1,0,0,0,0,1,1,0,0,0,0,1,1,1,1,0,0,0,0,0,0.25,27.470023423658688,2
10,0,1,1,0,0,1,0,1,0,1,0,1,0,1,0,0,1,0,0,0,0,1,1,0,0,1,1,1,1,1,1,0,0,0,0,0,0.2222222222222222,21.717883814553723,1
11,0,1,1,0,0,1,1,1,0,1,0,1,0,0,0,0,1,0,0,0,0,1,1,0,0,1,0,1,1,1,1,0,0,0,0,0,0.2222222222222222,19.263130793836368,1
12,0,1,0,0,0,1,1,1,0,1,0,1,0,0,0,0,1,0,0,0,0,1,1,0,0,0,0,1,1,1,1,0,0,0,0,0,0.2222222222222222,16.568351485502767,1
13,0,1,0,0,0,1,0,1,0,1,0,1,0,1,0,0,1,0,0,0,0,1,1,0,0,0,0,1,1,1,1,0,0,0,0,0,0.2777777777777778,20.098527206846114,1
14,0,1,1,0,0,1,1,1,0,1,0,1,0,0,0,0,1,0,0,0,0,1,1,0,0,0,0,1,1,1,1,0,0,0,0,0,0.2222222222222222,18.698805275712115,1
15,0,1,0,0,0,1,1,1,0,1,0,1,0,0,0,0,1,0,0,0,0,1,1,0,0,1,0,1,1,1,1,0,0,0,0,0,0.25,18.138660568578143,1
16,0,1,1,0,0,1,0,1,0,1,0,1,0,0,0,0,1,0,0,0,0,1,1,0,0,1,0,1,1,0,1,0,0,0,0,0,0.16666666666666666,15.546945380321239,1
17,0,1,0,0,0,1,0,1,0,1,0,1,0,1,0,0,1,0,0,0,0,1,1,0,0,0,0,1,1,1,1,0,0,0,0,0,0.25,20.098527206846114,1
18,0,1,1,0,0,1,0,1,0,1,0,1,0,1,0,0,1,0,0,0,0,1,1,0,0,0,0,1,1,1,1,0,0,0,0,0,0.3055555555555556,22.69527510347825,1
19,0,1,1,0,0,1,0,1,0,1,0,1,0,0,0,0,1,0,0,0,0,0,1,0,0,0,0,1,1,1,1,0,0,0,0,0,0.19444444444444445,16.951870722679296,1
20,0,1,0,0,0,1,0,1,0,1,0,1,0,0,0,0,1,0,0,0,0,1,1,0,0,0,0,1,1,1,0,0,0,0,0,0,0.2222222222222222,14.676183721087952,1
21,1,1,0,0,0,1,1,1,0,1,0,1,0,0,0,0,1,0,0,0,0,1,1,0,0,0,0,1,1,1,1,0,0,0,0,0,0.19444444444444445,19.80491525143512,1
22,0,1,0,0,0,1,0,1,0,1,0,1,0,0,0,0,1,0,0,0,0,1,1,0,0,1,0,1,1,1,1,0,0,0,0,0,0.2222222222222222,16.755665271968695,1
23,0,1,1,0,0,1,0,1,0,1,0,1,0,0,0,0,1,0,0,0,0,1,1,0,0,1,0,1,1,1,1,0,0,0,0,0,0.2222222222222222,17.159237102757064,1
24,0,1,1,0,0,1,1,1,0,1,0,1,0,1,0,0,1,0,0,0,0,1,1,0,0,1,1,1,1,1,1,0,0,0,0,0,0.25,24.932014217446024,1
25,0,1,0,0,0,1,0,1,0,1,0,1,0,1,0,0,1,0,0,0,0,1,1,0,0,0,0,1,1,1,1,0,0,0,0,0,0.2222222222222222,20.098527206846114,1
26,0,1,0,0,0,1,1,1,0,1,0,1,0,0,0,0,1,0,0,0,0,1,1,0,0,0,0,1,1,1,1,0,0,0,0,0,0.16666666666666666,16.568351485502767,1
27,0,1,0,0,0,1,0,1,0,1,0,1,0,0,0,0,1,0,0,0,0,1,1,0,0,1,0,1,1,1,1,0,0,1,0,0,0.25,22.719199942417298,1
28,0,1,0,0,0,1,0,1,0,1,0,1,0,0,0,0,1,0,0,0,0,1,1,0,0,0,0,1,0,1,1,0,0,0,0,0,0.16666666666666666,14.828252340888287,1
29,0,1,1,0,0,1,0,1,0,1,0,1,1,1,0,0,1,0,0,0,0,1,1,0,0,0,0,1,1,1,1,0,0,0,0,0,0.25,27.26943996505676,1
30,0,1,1,0,0,1,0,1,0,1,0,1,0,0,0,0,1,0,0,0,0,1,1,0,0,1,0,1,1,1,1,0,0,0,0,0,0.2777777777777778,17.159237102757064,1
31,0,1,1,0,0,1,0,1,0,1,0,1,0,1,0,0,1,0,0,0,0,1,1,0,0,1,0,1,1,1,1,0,0,0,0,0,0.3055555555555556,22.297591703526162,1
32,0,1,1,0,0,1,1,1,0,1,0,1,0,0,0,0,1,0,0,0,0,1,1,0,0,1,0,1,1,1,1,0,0,1,0,0,0.19444444444444445,23.193864138205473,1
33,0,1,1,0,0,1,0,1,0,1,0,1,0,1,0,0,1,0,0,0,0,1,1,0,0,0,0,1,1,1,1,0,0,0,0,0,0.25,22.69527510347825,1
34,0,1,1,0,0,1,1,1,0,1,0,1,0,0,0,0,1,0,0,0,0,1,1,0,0,0,0,1,1,1,1,0,0,0,0,0,0.2222222222222222,18.698805275712115,1
35,0,1,0,0,0,1,1,1,0,1,0,1,0,1,0,0,1,0,0,0,0,1,1,0,1,0,0,1,1,1,1,0,0,0,0,0,0.25,22.932544112900406,1
36,0,1,0,0,0,1,0,1,0,1,0,1,0,0,0,0,1,1,0,0,0,1,1,0,0,1,0,1,1,1,1,0,0,0,0,0,0.2777777777777778,21.521655865187547,1
37,0,1,1,0,0,1,0,1,0,1,0,1,0,1,0,0,1,0,0,0,1,1,1,0,0,0,0,1,1,1,1,0,0,0,0,0,0.25,21.991878151027993,1
38,1,1,1,0,0,1,0,1,0,1,0,1,0,0,0,0,1,0,0,0,0,1,1,0,0,0,0,1,1,1,1,0,0,0,0,0,0.25,18.779583334686663,1
39,0,1,1,0,0,1,0,1,0,1,0,1,1,1,0,0,1,0,0,0,0,1,1,0,0,1,0,1,1,1,1,0,0,0,0,0,0.25,25.866769003910715,1
40,0,1,1,0,0,1,0,1,0,1,1,1,0,0,0,0,1,0,0,0,0,1,1,0,0,0,0,1,1,1,1,0,0,0,0,0,0.25,17.12926911360232,1
41,0,1,0,0,0,1,1,1,0,1,0,1,0,0,0,0,1,0,0,0,0,1,1,0,0,0,0,1,1,1,1,0,0,0,0,0,0.2222222222222222,16.568351485502767,1
42,0,1,1,0,0,1,1,1,0,1,1,1,0,0,0,0,1,0,0,0,0,1,1,0,0,0,0,1,1,1,1,0,0,1,0,0,0.19444444444444445,21.14335231059407,1
43,0,1,0,0,0,1,1,1,0,1,0,1,0,0,0,0,1,0,0,0,0,1,1,0,0,0,0,1,1,1,1,0,0,0,0,0,0.25,16.568351485502767,1
44,0,1,0,0,0,1,1,1,0,1,0,1,0,0,0,0,1,0,0,0,0,1,1,0,0,0,0,1,1,1,1,0,0,0,0,0,0.1388888888888889,16.568351485502767,1
45,0,1,0,0,0,1,1,1,0,1,0,1,0,0,0,0,1,0,0,0,0,1,1,0,0,0,1,1,1,1,0,0,0,0,0,0,0.19444444444444445,16.61893087642617,1
46,0,1,1,0,0,1,1,1,0,1,0,1,0,0,0,0,1,0,0,0,0,1,1,0,0,1,0,1,1,1,1,0,0,1,0,0,0.25,23.193864138205473,1
47,0,1,0,0,0,1,0,1,0,1,0,1,0,1,0,0,1,0,0,0,0,1,1,0,0,1,1,1,1,1,1,0,0,0,0,0,0.3333333333333333,20.7417299927365,1
48,0,1,0,0,0,1,0,1,0,1,0,1,0,1,0,0,1,0,0,0,0,1,1,0,0,0,1,1,1,1,1,0,0,0,0,0,0.2777777777777778,19.131071342917558,1
49,0,1,1,0,0,1,1,1,0,1,1,1,0,1,0,0,1,0,0,0,0,1,1,0,1,0,0,1,1,1,1,0,0,0,0,0,0.2222222222222222,28.15180098130722,1
50,0,1,0,0,0,1,1,1,0,1,0,1,0,0,0,0,1,0,0,0,0,1,1,0,0,0,0,1,1,1,1,0,0,0,0,0,0.2222222222222222,16.568351485502767,1
51,0,1,0,0,0,1,0,1,0,1,0,1,0,0,0,0,1,0,0,0,0,1,1,0,0,0,0,1,1,1,1,0,0,0,0,0,0.2222222222222222,14.137389984581757,1
52,0,1,1,0,0,1,0,1,0,1,0,1,0,0,0,0,1,0,0,0,0,1,1,0,0,1,0,1,1,1,0,0,0,0,0,0,0.19444444444444445,17.14964814704529,1
53,0,1,1,0,0,1,0,1,0,1,0,1,0,0,0,0,1,0,0,0,0,1,1,0,0,0,1,1,1,1,1,0,0,0,0,0,0.25,14.96713748302882,1
54,0,1,0,0,0,1,1,1,0,1,0,1,0,0,0,0,0,0,0,0,0,1,1,0,0,0,0,1,1,1,1,0,0,0,0,0,0.19444444444444445,14.137389984581764,1
55,0,1,1,0,0,1,0,1,0,1,0,1,0,1,0,0,1,0,0,0,1,1,1,0,0,1,0,1,1,1,1,0,0,0,0,0,0.2777777777777778,22.954022133276208,1
56,0,1,1,0,0,1,0,1,0,1,0,1,0,0,0,0,1,0,0,0,0,1,1,0,0,0,1,1,1,1,0,0,0,0,0,0,0.19444444444444445,15.49572365536871,1
57,0,1,1,0,0,1,1,1,0,1,0,1,0,1,0,0,1,0,0,0,0,1,1,0,0,0,1,1,1,1,1,0,0,0,0,0,0.2777777777777778,25.375305336889777,1
58,0,1,1,0,0,1,1,1,0,1,0,1,0,0,0,0,1,0,0,0,0,1,1,0,0,0,0,1,1,1,1,0,0,0,0,0,0.2222222222222222,18.698805275712115,1
59,0,1,0,0,0,1,0,1,0,1,0,1,0,1,0,0,1,0,0,0,0,1,1,0,0,0,1,1,1,1,1,0,0,0,0,0,0.2777777777777778,19.131071342917558,1
60,0,1,1,0,0,1,0,1,0,1,0,1,0,0,0,0,1,0,0,0,0,1,0,0,0,0,1,1,1,1,1,0,0,0,0,0,0.2222222222222222,15.495723655368709,1
61,0,1,0,0,0,1,0,1,0,1,0,1,0,1,0,0,1,0,0,0,0,1,1,0,0,0,1,1,1,1,1,0,0,0,0,0,0.3055555555555556,19.131071342917558,1
62,0,1,0,0,0,1,1,1,0,1,0,1,0,1,0,0,1,0,0,0,0,1,1,0,0,1,1,1,1,1,0,0,0,0,0,0,0.2222222222222222,23.714565748407292,1
63,0,1,1,0,0,1,0,1,0,1,0,1,0,0,0,0,1,0,0,0,0,1,1,0,0,1,0,1,1,1,0,0,0,0,0,0,0.2222222222222222,17.14964814704529,1
64,0,1,1,0,0,1,0,1,0,1,0,1,0,0,0,0,1,0,0,0,0,1,1,0,0,0,1,1,1,1,1,0,0,0,0,0,0.25,14.96713748302882,1
65,0,1,1,0,0,1,0,1,0,1,1,1,0,1,0,0,1,0,0,0,0,1,1,0,1,1,0,1,1,0,1,0,0,0,0,0,0.25,23.40070629240006,1
66,0,1,1,0,0,1,0,1,0,1,0,1,0,0,0,0,1,0,0,0,0,1,1,0,0,0,0,1,1,1,1,0,0,0,0,0,0.25,15.546945380321242,1
67,0,1,0,0,0,1,0,1,0,1,0,1,0,1,0,0,1,0,1,0,0,1,1,0,0,0,0,1,1,1,1,0,0,0,0,0,0.19444444444444445,18.930647055994672,1
68,1,1,0,0,0,1,0,1,0,1,0,1,0,1,0,0,1,0,0,0,0,1,1,0,0,0,0,1,1,0,1,0,0,1,0,0,0.25,26.495143254071042,1
69,0,1,0,0,0,1,1,1,0,1,0,1,0,1,0,0,1,0,0,0,0,1,1,0,0,1,1,1,1,1,1,0,0,0,0,0,0.3055555555555556,23.234962001158923,1
70,0,1,0,0,0,1,1,1,0,1,0,1,0,1,0,0,1,0,0,0,0,1,1,0,0,0,1,1,1,1,1,0,0,0,0,0,0.2777777777777778,22.672269555651553,1
71,0,1,1,0,0,1,0,1,0,1,1,1,0,1,0,0,1,0,0,0,0,1,1,0,0,0,0,1,1,1,1,0,0,0,0,0,0.3055555555555556,25.27761703329424,1
72,0,1,1,0,0,1,0,1,0,1,0,1,0,0,0,0,1,0,0,0,0,1,1,0,1,0,0,1,1,1,1,0,0,0,0,0,0.19444444444444445,15.353091241539152,1
73,1,1,0,0,0,1,0,1,0,1,0,1,0,0,0,0,1,0,0,0,0,0,1,0,0,0,1,1,1,1,1,0,0,0,0,0,0.2222222222222222,16.749599351514288,1
74,0,1,0,0,0,1,1,1,0,1,0,1,0,0,0,0,1,0,0,0,0,1,1,0,0,1,0,1,1,1,1,0,0,0,0,0,0.25,18.138660568578143,1
75,0,1,1,0,0,1,1,1,0,1,0,1,1,1,0,0,1,0,0,0,0,1,1,0,1,1,0,1,1,0,1,0,0,0,0,0,0.2222222222222222,30.6303139149032,1
76,0,1,0,0,0,1,1,1,0,1,0,1,0,0,0,0,1,0,0,0,1,1,1,0,0,0,0,1,1,1,1,0,0,0,0,0,0.25,16.86262005692901,1
77,0,1,1,0,0,1,1,1,0,1,1,1,0,1,0,0,1,0,0,0,0,1,1,0,0,1,1,1,1,1,1,0,0,1,0,0,0.2777777777777778,28.018354162228476,1
78,0,1,0,0,0,1,1,1,0,1,0,1,0,0,0,0,1,0,0,0,0,1,1,0,0,1,1,1,1,1,0,0,0,0,0,0,0.19444444444444445,18.142765094194996,1
79,1,1,1,0,0,1,0,1,0,1,0,1,0,0,0,0,1,0,0,0,0,1,1,0,0,0,0,1,1,1,1,0,0,1,0,0,0.25,20.312378547232317,1
80,0,1,1,0,0,1,0,1,0,1,1,1,0,0,0,0,1,0,0,0,0,1,1,0,0,1,1,1,1,1,1,0,0,0,1,0,0.19444444444444445,18.205405467876584,1
81,0,1,1,0,0,1,0,1,0,1,0,1,0,0,0,0,1,0,0,0,0,1,1,0,0,1,0,1,1,1,1,0,0,0,0,0,0.3055555555555556,17.159237102757064,1
82,0,1,1,0,0,1,1,1,0,1,0,1,0,0,0,0,1,0,0,0,0,1,1,0,0,0,1,1,1,1,1,0,0,0,0,0,0.19444444444444445,17.606345665443108,1
83,0,1,1,0,0,1,0,1,0,1,0,1,0,1,0,0,1,0,0,0,0,1,1,0,0,0,1,1,1,1,1,0,0,0,0,0,0.3611111111111111,21.11320872968591,1
84,0,1,1,0,0,1,0,1,0,1,0,1,0,1,0,0,1,0,0,0,0,1,1,0,0,0,1,1,1,1,1,0,0,0,0,0,0.2777777777777778,21.11320872968591,1
85,0,1,1,0,0,1,1,1,0,1,0,1,0,0,0,0,1,0,0,0,0,1,1,0,0,0,1,1,1,1,1,0,0,0,0,0,0.19444444444444445,17.606345665443108,1
86,1,1,0,0,0,1,1,1,0,1,0,1,0,0,0,0,1,0,0,1,0,1,1,0,0,0,0,1,1,1,1,0,0,0,0,0,0.2222222222222222,19.37600628357747,1
87,0,1,0,0,0,1,0,1,0,1,0,1,0,0,0,0,1,0,0,0,0,1,1,0,0,0,0,1,1,1,1,0,0,0,0,0,0.3055555555555556,14.137389984581757,1
88,0,1,1,0,0,1,0,1,0,1,0,1,0,1,0,0,1,0,0,0,0,1,1,0,0,0,1,1,1,1,1,0,0,0,1,0,0.19444444444444445,20.468592955968845,1
89,0,1,0,0,0,1,1,1,0,1,1,1,0,0,0,0,0,0,0,0,0,1,1,0,0,1,1,1,1,1,1,0,0,0,0,0,0.2222222222222222,17.018864977087926,1
90,0,1,1,0,0,1,1,1,0,1,0,1,0,0,0,0,1,0,0,0,0,1,1,0,0,1,1,1,1,1,1,0,0,1,0,0,0.2777777777777778,24.19012506897307,1
91,1,0,0,1,1,0,0,0,0,0,0,1,1,0,1,1,0,1,1,0,1,0,0,1,0,0,1,0,0,1,0,1,1,0,1,1,0.25,17.7095657276412,1
92,1,0,0,1,1,0,1,0,0,0,1,1,0,0,1,1,0,1,1,1,1,0,0,1,1,1,0,0,0,0,0,1,1,0,1,1,0.3055555555555556,24.063707329182446,1
93,1,0,1,1,1,1,0,0,0,0,1,1,1,0,1,1,0,0,1,0,1,0,0,1,1,0,0,0,0,1,0,1,1,0,0,1,0.25,17.977881174471296,1
94,0,1,1,0,0,1,0,1,0,1,0,1,0,0,0,0,1,0,0,0,0,1,1,0,1,0,1,1,1,1,1,0,0,0,0,0,0.2777777777777778,15.27446258665668,1
95,1,0,0,1,1,0,0,0,1,0,1,1,1,0,1,1,0,1,0,1,1,0,0,1,1,0,0,0,0,1,0,1,1,0,1,1,0.3055555555555556,21.17927150592018,1
96,1,0,0,1,1,1,1,0,0,0,0,1,0,0,1,1,0,1,1,1,1,0,0,1,0,0,0,0,0,1,0,1,1,0,1,1,0.3055555555555556,24.11980056374886,1
97,0,1,0,0,0,1,1,1,0,1,1,1,0,0,0,0,0,0,0,0,0,1,1,0,0,0,0,1,1,1,0,0,0,0,0,0,0.25,16.329253687049068,1
98,0,1,0,0,0,1,0,1,0,1,0,1,0,1,0,0,1,0,0,0,0,1,1,0,0,0,1,1,1,1,1,0,0,0,0,0,0.3055555555555556,19.131071342917558,1
