,0,1,2,3,4,5,6,7,8,9,10,11,12,13,14,15,16,17,18,19,20,21,22,23,24,25,26,27,28,29,30,31,32,33,34,35,chain_break_fraction,energy,num_occurrences
0,0,0,1,1,1,1,1,1,0,1,1,1,1,0,0,0,1,1,1,1,0,1,0,1,1,1,0,1,1,1,1,1,0,0,0,1,0.3333333333333333,35.16265316084452,1
1,1,1,1,0,0,0,0,1,0,0,0,0,0,1,1,1,0,0,0,1,1,0,1,0,0,0,1,1,0,0,0,0,1,1,1,1,0.3055555555555556,16.844135135363608,1
2,0,0,1,1,1,1,1,1,0,1,1,1,1,0,0,0,1,1,1,1,0,1,0,1,1,1,0,1,1,1,1,1,0,0,0,1,0.3611111111111111,35.16265316084452,1
3,1,1,0,0,0,0,0,1,0,0,0,1,0,1,1,1,0,0,0,1,1,0,0,0,0,0,1,1,0,0,0,0,1,1,1,1,0.3333333333333333,18.72482338601893,1
4,0,0,1,1,1,1,1,1,0,1,1,1,1,0,0,0,1,1,1,1,0,1,0,1,1,1,0,1,0,1,1,1,0,0,0,1,0.3333333333333333,31.41300622876287,1
5,0,0,1,1,1,1,1,0,1,1,1,0,1,0,0,0,1,1,1,1,0,1,0,1,1,1,0,1,1,1,1,1,0,0,0,1,0.3333333333333333,46.8921558287566,1
6,1,1,0,0,0,0,0,1,0,0,0,0,0,1,1,1,0,0,0,1,0,0,0,0,0,0,1,0,0,0,0,0,1,1,1,1,0.2777777777777778,9.831459002439018,1
7,1,1,1,0,0,0,0,1,0,0,0,0,0,1,1,1,0,0,0,1,1,0,1,0,0,0,1,1,0,0,0,0,1,1,1,1,0.2777777777777778,16.844135135363608,1
8,0,0,1,1,1,1,1,0,0,1,1,0,1,0,0,0,1,1,1,1,0,1,0,1,0,1,0,1,0,1,1,1,0,0,0,1,0.2777777777777778,36.114135450212046,1
9,1,1,1,0,0,0,0,0,0,0,0,0,0,1,1,1,0,0,0,1,1,0,1,0,0,0,1,1,0,0,0,0,1,1,1,1,0.3055555555555556,25.52830864287475,1
10,0,0,1,1,1,0,1,0,1,1,1,0,1,0,0,0,1,0,1,1,0,1,0,1,1,1,0,1,1,1,1,1,0,0,0,0,0.2777777777777778,40.197348733639814,1
11,1,1,0,0,0,0,0,1,0,0,0,0,0,1,1,1,0,0,0,1,0,0,1,0,0,0,0,1,0,0,0,0,1,1,1,1,0.2777777777777778,13.70251419102101,1
12,1,1,1,0,0,0,0,1,0,0,0,0,0,1,1,1,0,0,0,1,1,0,1,0,0,0,1,1,0,0,0,0,1,1,1,1,0.3333333333333333,16.844135135363608,1
13,0,0,0,1,1,1,1,1,1,1,1,0,1,0,0,0,1,1,1,1,0,1,0,1,1,1,0,1,0,1,1,1,0,0,0,1,0.3055555555555556,34.985463522523574,1
14,0,0,1,1,0,1,1,1,1,1,1,1,1,0,0,0,1,1,1,1,0,1,0,1,1,1,0,1,0,1,1,1,0,0,0,0,0.3055555555555556,23.666182639632304,1
15,1,1,1,0,0,0,0,1,1,0,0,1,0,1,1,1,0,0,0,1,1,0,0,0,0,0,1,1,0,0,0,0,1,1,1,1,0.3055555555555556,17.94651814826953,1
16,0,0,1,1,1,1,1,1,1,1,1,0,1,0,0,0,0,1,1,1,0,1,0,1,1,1,0,1,1,1,1,1,0,0,0,1,0.3055555555555556,37.12634417123463,1
17,1,1,1,0,0,0,0,1,0,0,0,0,0,1,1,1,0,0,0,1,1,0,0,0,0,0,1,1,0,0,0,0,1,1,1,1,0.3333333333333333,14.140627565510304,1
18,0,0,1,1,1,0,1,1,1,1,0,0,1,0,0,0,1,1,1,1,0,1,0,1,1,1,0,1,1,1,1,1,0,0,0,0,0.3333333333333333,27.62571642611816,1
19,0,0,1,1,1,1,1,1,0,1,1,0,1,0,0,0,1,1,1,1,0,1,0,1,1,1,0,1,1,1,1,1,0,0,0,0,0.3333333333333333,26.78960747571906,1
20,0,0,1,1,0,1,1,1,0,1,1,0,1,0,0,0,1,0,0,1,0,1,0,1,1,1,0,1,1,1,1,1,0,0,0,0,0.25,24.58216073369264,1
21,1,1,1,0,0,0,0,0,0,0,0,1,0,1,1,1,0,0,0,1,0,0,1,0,0,0,1,1,0,0,0,0,1,1,1,1,0.3055555555555556,21.75633102086611,1
22,1,1,1,0,0,0,0,0,0,0,0,1,0,1,1,1,0,0,0,1,1,0,0,0,0,0,1,1,0,0,0,0,1,1,1,1,0.3055555555555556,22.525674832410086,1
23,0,0,1,1,0,1,1,1,0,1,1,0,1,0,0,0,1,1,1,1,0,1,0,1,1,1,0,1,0,1,1,1,0,0,0,0,0.3055555555555556,22.074827624498262,1
24,0,0,1,1,1,1,1,1,1,1,1,0,1,0,0,0,1,1,1,1,0,1,0,1,1,1,0,1,1,1,1,1,0,0,0,1,0.3333333333333333,35.801205102878406,1
25,0,0,1,1,1,1,1,0,0,1,1,0,1,0,0,0,1,1,1,1,0,1,0,1,1,1,0,1,1,1,1,1,0,0,0,1,0.4166666666666667,48.89215586628229,1
26,0,0,1,1,1,1,1,1,0,1,1,0,1,0,0,0,1,1,1,1,0,1,0,1,1,1,0,1,1,1,1,1,0,0,0,1,0.3888888888888889,36.80120508687196,1
27,1,1,1,0,0,0,0,1,0,0,0,0,0,1,1,1,0,0,0,1,0,0,0,0,0,0,1,0,0,0,0,0,1,1,1,1,0.3333333333333333,9.717282434284725,1
28,1,0,1,0,0,0,1,1,0,0,0,0,0,1,1,1,0,0,0,1,0,0,0,0,0,0,1,0,0,0,0,0,1,1,1,1,0.25,5.578571005935046,1
29,0,0,1,1,1,1,1,1,1,1,1,0,1,0,0,0,1,1,1,1,0,1,0,1,1,1,0,1,0,1,1,1,0,0,0,1,0.2777777777777778,31.158654849663964,1
30,0,0,1,1,0,0,1,0,1,0,1,0,1,0,0,0,1,0,0,1,0,0,0,0,1,1,0,0,0,1,1,1,0,0,0,0,0.1111111111111111,4.048560730938438,1
31,1,1,1,0,0,0,1,0,0,0,0,1,0,1,1,1,0,0,0,1,1,0,0,0,0,0,1,1,0,0,0,0,1,1,1,1,0.3055555555555556,18.986096484366037,1
32,0,0,1,1,0,1,1,1,1,0,1,0,1,0,0,0,1,0,0,1,0,0,0,1,1,1,0,1,1,1,1,1,0,0,0,0,0.25,16.47378487067063,1
33,1,1,1,0,0,0,0,0,0,0,0,1,0,1,1,1,0,0,0,1,0,0,1,0,0,0,1,1,0,0,0,0,1,1,1,1,0.3055555555555556,21.75633102086611,1
34,0,0,0,1,1,1,1,1,1,0,1,0,1,0,0,0,1,0,1,1,0,0,0,1,1,1,0,1,1,1,1,1,0,0,0,0,0.25,23.84925995988713,1
35,1,1,1,0,0,0,1,1,0,0,0,1,0,1,1,1,0,0,0,1,1,0,1,0,0,0,1,1,0,0,0,0,1,1,1,1,0.3611111111111111,16.493726503444652,1
36,0,0,1,1,0,1,1,1,1,1,1,0,1,0,0,0,1,1,1,1,0,1,0,1,1,1,0,1,0,1,1,1,0,0,0,0,0.3055555555555556,22.074827647579323,1
37,1,1,1,0,0,0,1,0,1,0,0,0,0,1,1,1,0,0,0,1,1,0,0,0,0,0,1,1,0,0,0,0,1,1,1,1,0.3333333333333333,15.758896776864605,1
38,1,1,1,0,0,0,1,1,0,0,0,1,0,1,1,1,0,0,0,1,1,0,1,0,0,0,1,1,1,0,0,0,1,1,1,1,0.3055555555555556,18.080513218611333,1
39,1,1,0,0,0,0,1,0,0,0,0,0,0,1,1,1,0,0,0,1,0,0,1,0,0,0,1,1,0,0,0,0,1,1,1,1,0.3055555555555556,19.36762428798665,1
40,0,0,0,1,1,1,1,1,1,0,1,0,1,0,0,0,1,1,1,1,0,1,0,1,0,1,0,1,1,1,1,1,0,0,0,1,0.3333333333333333,36.56227142628739,1
41,0,0,1,1,1,0,1,0,0,1,1,0,1,0,0,0,1,1,1,1,0,1,0,1,0,1,0,1,1,1,1,1,0,0,0,0,0.2777777777777778,30.48792414512431,1
42,0,0,1,1,0,1,1,1,1,1,1,0,1,0,0,0,1,1,1,1,0,1,0,1,0,1,0,1,1,1,1,1,0,0,0,1,0.3055555555555556,30.629617674037757,1
43,0,0,1,1,1,1,1,1,1,1,1,0,1,0,0,0,1,1,1,1,0,1,0,1,1,1,0,1,1,1,1,1,0,0,0,1,0.3611111111111111,35.801205102878406,1
44,0,0,1,1,1,1,1,1,0,1,1,0,1,0,0,0,1,1,1,1,0,1,0,1,1,1,0,1,0,1,1,1,0,0,0,1,0.3333333333333333,31.658654827685073,1
45,0,0,1,1,1,0,1,0,0,1,1,1,1,0,0,0,1,1,1,1,0,1,0,1,1,1,0,1,0,1,1,1,0,0,0,1,0.3333333333333333,39.338530115834175,1
46,1,1,0,0,0,0,0,1,1,0,0,0,0,1,1,1,0,0,0,1,0,0,1,0,0,0,1,1,0,0,0,0,1,1,1,1,0.3055555555555556,15.348319970111168,1
47,1,0,1,0,0,0,0,1,1,0,0,0,0,1,1,1,0,0,0,1,1,0,1,0,0,0,1,1,0,0,0,0,1,1,1,1,0.2777777777777778,16.93114789762945,1
48,1,1,1,0,0,0,0,0,0,0,1,0,0,1,1,1,0,0,0,1,1,0,1,0,0,0,1,1,0,0,0,0,1,1,1,1,0.25,24.406111386597832,1
49,0,0,0,1,0,1,1,1,1,1,1,0,1,0,0,0,1,1,1,1,0,1,0,1,0,1,0,1,1,1,1,1,0,0,0,0,0.2777777777777778,25.14301631408477,1
50,1,1,1,0,0,0,1,0,0,0,0,0,0,1,1,1,0,0,0,1,0,0,1,0,0,0,0,1,0,0,0,0,1,1,1,1,0.3611111111111111,13.84158590342075,1
51,1,1,1,0,0,0,0,0,0,0,0,0,0,1,1,1,0,0,0,1,1,0,0,0,0,0,0,1,0,0,0,0,1,1,1,1,0.25,17.721704566153207,1
52,1,1,0,0,1,0,0,1,1,0,0,1,0,1,1,1,0,0,0,1,1,0,1,0,0,0,1,1,0,0,0,0,1,1,1,1,0.2777777777777778,21.787365483281132,1
53,0,0,1,1,0,1,1,0,0,1,1,0,1,0,0,0,1,1,1,1,0,0,0,1,1,1,0,1,1,1,1,1,0,0,0,1,0.2777777777777778,35.88534867236041,1
54,0,0,1,1,1,1,1,0,1,1,1,0,1,0,0,0,1,1,1,1,0,1,0,1,1,1,0,1,0,1,1,1,0,0,0,1,0.3333333333333333,40.801970520379406,1
55,0,0,1,1,0,1,1,0,1,1,1,0,1,0,0,0,1,1,1,1,0,1,0,1,1,1,0,1,1,1,1,1,0,0,0,1,0.3055555555555556,48.01950695945923,1
56,1,1,1,0,1,0,0,0,0,0,0,0,0,1,1,1,0,0,0,1,0,0,1,0,0,0,1,1,0,0,0,0,1,1,1,1,0.3611111111111111,20.723566599030306,1
57,0,0,0,1,1,1,1,1,1,0,1,0,1,0,0,0,1,0,1,1,0,0,0,0,1,1,0,0,1,1,1,1,0,0,0,0,0.1388888888888889,8.83860976596775,1
58,1,1,1,0,0,0,0,0,0,0,0,1,0,1,1,1,0,0,0,1,0,0,1,0,0,0,1,1,0,0,0,0,1,1,1,1,0.3055555555555556,21.75633102086611,1
59,1,1,0,0,0,0,0,0,0,0,0,0,0,1,1,1,0,0,0,1,1,0,0,0,0,0,1,0,0,0,0,0,0,1,1,1,0.2777777777777778,13.72466489028809,1
60,1,1,0,0,0,0,0,1,1,0,0,0,0,1,1,1,0,0,0,1,1,0,1,0,0,0,1,0,0,0,0,0,1,1,1,1,0.3055555555555556,12.225324633466398,1
61,0,0,1,1,1,1,1,0,1,0,1,0,1,0,0,0,1,0,1,1,0,0,0,1,0,1,0,1,1,1,0,1,0,0,0,0,0.2222222222222222,20.218094020360343,1
62,1,1,0,0,1,0,0,1,0,0,0,0,0,1,1,1,0,0,0,1,0,0,1,0,0,0,1,1,0,0,0,0,1,1,1,1,0.3055555555555556,16.654405077816136,1
63,0,0,1,1,1,1,1,1,1,1,1,0,1,0,0,0,0,1,1,1,0,1,0,1,1,1,0,1,0,1,1,1,0,0,0,0,0.2777777777777778,23.080732285873466,1
64,1,1,0,0,0,0,1,1,0,0,0,0,0,1,1,1,0,0,0,1,0,0,1,0,0,0,0,0,0,0,0,0,1,1,1,1,0.3055555555555556,9.776988387527918,1
65,0,0,1,1,1,1,1,1,1,1,1,0,1,0,0,0,0,1,1,1,0,1,0,1,1,1,0,1,1,1,1,1,0,0,0,0,0.3611111111111111,27.02746182107499,1
66,0,0,1,1,1,1,1,1,0,1,1,1,1,0,0,0,1,1,1,1,0,1,0,1,1,1,0,1,1,1,1,1,0,0,0,0,0.3888888888888889,27.383541088910842,1
67,0,0,0,1,1,1,1,1,0,1,1,1,1,0,0,0,1,1,1,1,0,1,0,1,0,1,0,1,0,1,1,1,0,0,0,1,0.3055555555555556,30.33990011413219,1
68,0,0,1,1,1,1,1,1,1,0,1,0,1,0,0,0,1,1,1,1,1,1,0,1,0,1,0,1,0,1,1,1,0,0,0,1,0.2777777777777778,31.96520902850604,1
69,1,1,0,0,0,0,0,1,0,0,1,1,0,1,1,1,0,0,0,1,0,0,1,0,0,0,1,0,0,0,0,0,1,1,1,1,0.3055555555555556,18.536615254057,1
70,1,1,0,0,0,0,0,1,1,0,0,0,0,1,1,1,0,0,0,1,0,0,1,0,0,0,1,1,0,0,0,0,1,1,1,1,0.4166666666666667,15.348319970111168,1
71,0,0,1,1,1,0,1,0,0,1,1,0,1,0,0,0,1,1,1,1,0,1,0,1,1,1,0,1,1,1,1,1,0,0,0,0,0.3333333333333333,36.50627584870138,1
72,1,1,0,0,0,0,1,0,0,0,0,0,0,1,1,1,0,0,0,1,1,0,1,0,0,0,1,0,0,0,0,0,1,1,1,1,0.2777777777777778,15.058403097554757,1
73,0,0,0,1,1,1,1,1,1,1,1,0,0,0,0,0,1,0,1,1,0,1,0,1,0,1,0,0,0,1,1,1,0,0,0,0,0.2222222222222222,16.03384584692551,1
74,1,1,0,0,1,0,1,1,0,0,0,0,0,1,1,1,0,0,0,1,0,0,0,0,0,0,1,0,0,0,0,0,1,1,1,1,0.3611111111111111,11.472606120245224,1
75,1,1,1,0,0,0,1,1,0,0,0,0,0,1,1,1,0,0,0,1,0,0,1,0,0,0,1,0,1,0,1,0,1,1,1,1,0.19444444444444445,10.52073921475489,1
76,0,0,1,1,1,1,1,0,0,1,1,0,1,0,0,0,1,0,1,1,0,1,0,1,0,1,0,1,0,1,1,1,0,0,0,0,0.2777777777777778,26.794255886811207,1
77,1,1,1,0,0,0,1,0,1,0,0,0,0,1,1,1,0,0,0,1,1,0,1,0,0,0,1,1,0,0,0,0,1,1,1,1,0.3333333333333333,18.68622186832684,1
78,1,1,0,0,0,0,0,1,0,0,0,0,0,1,1,1,0,0,1,1,0,0,1,0,0,0,1,0,0,0,0,0,0,1,1,1,0.19444444444444445,10.837801507921029,1
79,1,1,0,0,0,0,1,1,0,0,0,0,0,1,1,1,0,0,0,1,0,0,1,0,0,0,1,1,0,0,0,0,1,1,1,1,0.3055555555555556,13.329015639186265,1
80,1,1,0,0,0,0,1,1,1,0,0,0,0,1,1,1,0,0,0,1,1,0,0,0,0,0,1,0,0,0,0,0,1,1,1,1,0.3611111111111111,9.73029044008713,1
81,0,0,1,1,1,1,1,0,1,1,1,0,1,0,0,0,1,0,1,1,0,1,0,1,1,1,0,1,1,1,1,1,0,0,0,0,0.3611111111111111,36.836799355056385,1
82,0,0,1,1,1,1,1,0,0,1,1,0,1,0,0,0,1,1,1,1,0,1,0,1,1,1,0,1,1,1,1,1,0,0,0,1,0.3611111111111111,48.89215586628229,1
83,0,0,1,1,1,1,1,1,0,1,1,0,1,0,0,0,0,1,1,1,0,1,0,1,1,1,0,1,1,1,0,1,0,0,0,1,0.3611111111111111,33.92852635447815,1
84,1,1,0,0,0,0,1,1,0,0,0,1,0,1,1,1,0,0,0,1,1,0,1,0,0,0,1,0,0,0,0,0,1,1,1,1,0.3611111111111111,14.674632156171509,1
85,0,1,1,1,0,1,1,0,1,1,1,0,1,0,0,0,1,1,1,1,0,1,0,1,0,1,0,1,1,1,1,1,0,0,0,0,0.3055555555555556,28.678597646403198,1
86,1,1,0,0,1,0,0,1,0,0,0,0,0,1,1,1,0,0,0,1,0,0,1,0,0,0,1,1,0,0,0,0,1,1,1,1,0.3333333333333333,16.654405077816136,1
87,0,0,0,1,1,1,1,0,1,1,1,0,1,0,0,0,1,0,1,0,0,1,0,1,0,1,0,1,1,1,1,1,0,0,0,0,0.2777777777777778,25.72449176917237,1
88,1,1,1,0,0,0,0,1,0,0,0,0,0,1,1,1,0,0,0,1,1,0,1,0,0,0,1,1,0,0,0,0,1,1,1,1,0.3333333333333333,16.844135135363608,1
89,1,1,0,0,0,0,0,1,0,0,0,0,0,1,1,1,0,0,0,1,0,0,1,0,0,0,1,1,0,0,0,0,1,1,1,1,0.25,16.34831996358644,1
90,0,0,0,0,0,0,1,1,1,0,0,0,0,1,1,1,0,0,0,1,0,0,0,0,0,0,1,0,0,0,0,0,1,1,1,1,0.2222222222222222,6.438934145542464,1
91,1,0,0,0,0,0,0,1,0,0,0,0,0,1,1,1,0,0,0,0,1,0,1,0,0,0,1,0,0,0,1,0,1,1,1,1,0.16666666666666666,10.14891383554328,1
92,0,0,1,1,1,0,1,0,1,0,1,0,1,0,0,0,0,1,1,1,0,1,0,0,1,1,0,1,0,1,1,1,0,0,0,0,0.2777777777777778,22.096273201387522,1
93,1,1,0,0,0,0,0,1,0,0,0,0,0,1,1,1,0,0,0,1,1,0,1,0,0,0,1,0,0,0,0,0,1,1,1,1,0.2777777777777778,12.725324627402374,1
94,0,0,1,1,0,1,1,0,1,1,1,0,1,0,0,0,1,1,0,1,0,1,0,1,1,1,0,1,0,1,1,1,0,0,0,1,0.3333333333333333,36.876431245898196,1
95,1,1,0,0,0,0,0,0,1,0,0,0,0,1,1,1,0,0,0,1,1,0,1,0,0,0,1,0,0,0,0,0,1,1,1,1,0.3333333333333333,17.89148152023899,1
96,0,0,1,1,1,1,1,0,1,1,1,0,1,0,0,0,0,1,1,1,0,1,0,1,1,1,0,1,1,1,1,1,1,0,0,1,0.3333333333333333,56.98104184202041,1
97,0,0,1,1,1,1,1,0,1,1,1,0,1,0,0,0,1,1,1,1,0,1,0,1,0,1,0,1,1,1,1,1,0,0,0,0,0.3055555555555556,29.77321914925888,1
98,0,0,1,1,1,1,1,0,0,1,1,0,1,0,0,0,1,1,1,1,0,1,1,1,1,1,0,1,0,1,0,1,0,0,0,1,0.4722222222222222,43.54855812463993,1
99,1,1,0,0,0,0,0,0,0,0,0,0,0,1,1,1,0,0,0,1,0,0,1,0,1,0,1,0,0,0,0,0,1,1,1,1,0.2777777777777778,19.150862795796105,1
