,0,1,2,3,4,5,6,7,8,9,10,11,12,13,14,15,16,17,18,19,20,21,22,23,24,25,26,27,28,29,30,31,32,33,34,35,chain_break_fraction,energy,num_occurrences
0,0,0,0,0,1,0,0,1,0,0,1,1,0,0,0,1,0,1,1,1,0,1,1,0,0,0,0,0,0,1,0,1,1,1,0,0,0.19444444444444445,18.687445547466332,1
1,0,0,0,1,0,0,0,1,1,0,0,1,0,0,0,1,0,1,0,0,0,1,1,0,1,0,0,0,0,1,0,1,1,1,0,1,0.3611111111111111,22.365575441528772,1
2,0,0,0,1,1,0,0,1,1,0,1,1,0,0,0,1,0,0,1,1,0,1,1,0,0,0,0,0,0,1,0,1,1,1,0,0,0.2222222222222222,15.585460829488222,1
3,0,0,0,1,1,0,0,1,1,0,0,1,1,0,0,1,0,1,0,0,0,1,1,0,1,0,0,0,0,1,0,1,1,1,0,1,0.4166666666666667,22.38454839695922,1
4,0,0,0,1,1,0,0,1,1,0,1,1,0,0,0,1,0,1,0,0,0,1,1,0,0,0,0,0,0,1,0,1,1,1,0,1,0.3333333333333333,20.922182452374702,1
5,0,0,0,0,1,0,0,1,0,0,1,1,0,0,0,1,0,0,1,1,0,1,1,0,0,0,0,0,0,1,0,1,1,0,0,0,0.2222222222222222,11.382668824494399,1
6,0,0,0,0,0,0,0,1,1,0,1,1,0,0,0,1,0,1,1,1,0,1,1,0,0,0,0,0,0,1,0,1,1,1,0,0,0.16666666666666666,16.517273672962325,1
7,0,0,0,1,0,0,0,1,1,0,0,1,0,0,0,1,0,1,0,0,0,1,1,0,1,0,0,0,0,1,0,1,1,1,0,1,0.3333333333333333,22.365575441528772,1
8,0,0,0,0,1,0,0,1,1,0,1,1,0,0,0,1,0,1,1,1,0,1,1,0,0,0,0,0,0,0,0,1,1,1,0,0,0.2222222222222222,12.154231534979672,1
9,0,0,0,1,1,0,0,1,1,0,1,1,0,0,0,1,0,0,1,1,0,1,1,0,0,0,0,0,0,0,0,1,1,1,0,0,0.19444444444444445,13.215090002172763,1
10,0,0,0,1,1,0,0,1,1,0,0,1,1,0,0,1,0,1,0,0,0,1,1,0,1,0,0,0,0,1,0,1,1,1,0,1,0.3611111111111111,22.38454839695922,1
11,0,0,0,1,0,0,0,1,0,0,1,1,1,0,0,1,0,1,1,1,0,1,1,0,0,0,0,0,0,1,0,1,1,1,0,0,0.16666666666666666,18.838343217923153,1
12,0,0,0,1,1,0,0,1,1,0,0,1,0,0,0,1,0,1,0,0,0,1,1,0,0,0,0,0,0,1,0,1,1,1,0,0,0.3333333333333333,14.547261134558445,1
13,1,0,0,1,0,0,0,1,1,0,0,1,0,0,0,1,0,1,0,0,0,1,1,0,1,0,0,0,0,1,0,1,1,1,0,1,0.3333333333333333,21.991750788757738,1
14,0,0,0,0,1,0,0,1,1,0,0,1,0,0,0,1,0,1,1,0,0,1,1,0,0,0,0,0,0,1,0,1,1,1,0,0,0.19444444444444445,11.859094136485755,1
15,1,0,1,0,0,1,1,0,1,1,0,0,0,1,1,0,1,0,0,1,0,0,0,0,0,1,1,1,1,1,1,1,0,0,1,0,0.19444444444444445,14.096794935252284,1
16,0,0,0,1,0,0,0,1,1,0,1,1,0,0,0,1,0,1,0,0,0,1,1,0,0,0,0,0,0,0,0,1,1,1,0,0,0.2777777777777778,18.37398249931932,1
17,0,0,0,1,0,0,0,1,1,0,0,1,0,0,0,1,0,1,0,0,0,1,1,0,0,0,0,0,0,1,0,1,1,1,0,1,0.3888888888888889,19.47523713183797,1
18,0,0,0,1,1,0,0,1,1,0,0,1,1,0,0,1,0,0,1,0,0,1,1,0,0,0,0,0,0,1,0,1,1,1,0,0,0.25,11.861049462102773,1
19,0,0,0,1,1,0,0,1,1,0,1,0,0,0,0,1,0,0,1,1,0,1,1,0,0,0,0,0,0,1,0,1,1,0,0,0,0.2222222222222222,8.546528199156517,1
20,0,0,0,0,1,0,0,1,0,0,1,1,0,0,0,1,0,1,1,1,0,1,1,0,0,0,0,0,0,1,0,1,1,1,0,0,0.2222222222222222,18.687445547466332,1
21,0,0,0,1,1,0,0,1,1,0,1,1,1,0,0,1,0,1,0,0,0,1,1,0,1,0,0,0,0,1,0,1,1,1,0,1,0.4444444444444444,23.961215633047463,1
22,0,0,0,1,0,0,0,1,1,0,0,1,0,0,0,1,0,1,0,0,0,1,1,0,0,0,0,0,0,1,0,1,1,1,0,1,0.3055555555555556,19.47523713183797,1
23,0,0,0,1,0,0,0,1,1,0,0,1,1,0,0,1,0,1,0,0,0,1,1,0,0,0,0,0,0,1,0,1,1,1,0,1,0.3055555555555556,20.159482143619957,1
24,0,0,0,1,0,0,0,1,1,0,0,1,1,0,0,1,0,1,1,0,0,1,1,0,1,0,0,0,0,1,0,1,0,1,0,0,0.2222222222222222,14.027966350890301,1
25,0,0,0,1,1,0,0,1,1,0,0,1,0,0,0,1,0,1,1,0,0,1,1,0,0,0,0,0,0,1,0,1,1,1,0,0,0.3055555555555556,13.639720938048601,1
26,0,1,0,0,1,0,0,1,0,0,1,1,0,0,0,1,0,0,1,0,0,1,0,0,0,0,0,0,0,1,0,1,1,1,0,0,0.25,10.705950987213853,1
27,0,0,0,1,0,0,0,1,0,0,0,1,0,0,0,1,0,1,1,1,0,1,1,0,0,0,0,0,0,1,0,1,0,1,0,0,0.2222222222222222,15.726419207016786,1
28,0,0,0,1,0,0,0,1,1,0,0,1,0,0,0,1,0,1,0,0,0,1,1,0,0,0,0,0,0,1,0,1,1,1,0,1,0.3055555555555556,19.47523713183797,1
29,0,0,0,1,1,0,0,1,1,0,0,1,0,0,0,1,0,1,0,0,0,1,1,0,1,0,0,0,0,0,0,1,1,1,0,0,0.3333333333333333,16.57914443948598,1
30,0,0,0,1,1,0,0,1,1,0,0,1,0,0,0,1,0,1,0,1,0,1,1,0,0,0,0,0,0,0,0,1,1,1,0,1,0.3055555555555556,19.158188104621686,1
31,0,0,0,1,0,0,0,1,0,0,1,1,0,0,0,1,0,1,1,1,0,1,1,0,0,0,0,0,0,1,0,1,1,0,0,0,0.25,11.868273092208227,1
32,0,0,0,0,1,0,0,1,1,0,1,1,0,0,0,1,0,1,0,0,0,1,1,0,0,0,0,0,0,1,0,1,1,1,0,0,0.2777777777777778,12.609479777978724,1
33,0,0,0,1,1,0,0,1,1,0,1,1,0,0,0,1,0,1,0,0,0,1,1,0,1,0,0,0,0,1,0,1,1,1,0,0,0.3333333333333333,17.5276335191658,1
34,0,0,0,0,0,0,0,1,1,0,1,1,0,0,0,1,0,1,0,0,0,1,1,0,0,0,0,0,0,1,0,1,1,1,0,1,0.25,19.055045933811872,1
35,0,0,0,1,0,0,0,1,1,0,1,1,0,0,0,1,0,1,0,0,0,1,1,0,0,0,0,0,0,1,0,1,1,1,0,0,0.2777777777777778,15.84039471779137,1
36,0,0,0,1,1,0,0,1,1,0,0,1,1,0,0,1,0,1,1,0,0,1,1,0,0,0,0,0,0,0,0,1,1,1,0,0,0.19444444444444445,17.48980125238528,1
37,0,0,0,1,1,0,0,1,1,0,0,1,1,0,0,1,0,1,1,0,0,1,1,0,1,0,0,0,0,1,0,1,1,1,0,0,0.2777777777777778,16.675374181924795,1
38,0,0,0,0,1,0,0,1,1,0,0,1,0,0,0,1,0,1,1,1,0,1,1,0,0,0,0,0,0,1,0,1,1,0,0,1,0.25,16.004300112321513,1
39,0,0,0,0,1,0,0,1,0,0,1,1,0,0,0,1,0,0,0,1,0,1,1,0,0,0,0,0,0,1,0,1,1,1,0,1,0.2222222222222222,28.76576432480857,1
40,0,0,0,1,0,0,0,1,1,0,0,1,0,0,0,1,0,1,0,0,0,1,1,0,0,0,0,0,0,1,0,1,1,1,0,1,0.3611111111111111,19.47523713183797,1
41,0,0,0,0,1,0,0,1,1,0,1,1,0,0,0,1,0,1,1,0,0,1,1,0,0,0,0,0,0,1,0,1,1,1,0,1,0.2222222222222222,19.098979374786555,1
42,0,0,0,0,1,0,0,1,1,0,1,1,0,0,0,1,0,1,0,1,0,1,1,0,0,0,0,0,0,1,0,1,1,1,0,1,0.2777777777777778,21.868669978116767,1
43,0,0,0,1,0,0,0,1,1,0,0,1,0,0,0,1,0,1,0,0,0,1,1,0,0,0,0,0,0,1,0,1,1,1,0,1,0.3611111111111111,19.47523713183797,1
44,0,0,0,1,1,0,0,1,1,0,0,1,0,0,0,1,0,0,0,0,0,1,1,0,0,0,0,0,0,0,0,1,1,1,0,0,0.3055555555555556,12.362897628445984,1
45,0,0,0,1,1,0,0,1,1,0,0,1,0,0,0,1,0,1,1,0,0,1,1,0,1,0,0,0,0,1,0,1,1,1,0,0,0.2777777777777778,15.39700643642913,1
46,0,0,0,1,1,0,0,1,0,0,1,1,0,0,0,1,0,0,0,1,0,1,1,0,0,0,0,0,0,1,0,1,1,1,0,0,0.25,16.18522449248482,1
47,0,0,0,1,1,0,0,1,0,0,1,1,0,0,0,1,1,0,1,1,0,1,1,0,0,0,0,0,0,1,0,1,1,0,0,0,0.2222222222222222,10.596837747444201,1
48,0,0,0,1,0,0,0,1,0,0,1,1,0,0,0,1,0,1,1,0,0,1,0,0,0,0,0,0,0,1,0,1,0,1,0,0,0.2222222222222222,12.226045007901291,1
49,0,0,0,0,1,0,0,1,1,0,1,1,0,0,0,1,0,1,1,1,0,1,1,0,0,0,0,0,0,1,0,1,1,1,0,0,0.2222222222222222,15.400489904717093,1
50,0,0,0,1,1,0,0,1,1,0,0,1,0,0,0,1,0,1,1,1,0,1,1,0,0,0,0,0,0,0,0,1,1,1,0,1,0.3055555555555556,20.12171951802385,1
51,0,0,0,1,1,0,0,1,1,0,1,1,0,0,0,1,0,1,0,1,0,1,1,0,0,0,0,0,0,1,0,1,1,1,0,1,0.2777777777777778,21.871401057403506,1
52,0,0,0,1,1,0,0,1,1,0,0,1,1,0,0,1,0,1,0,0,0,1,1,0,0,0,0,0,0,1,0,1,1,1,0,1,0.3611111111111111,20.52749484298835,1
53,0,0,0,1,1,0,0,1,1,0,0,1,1,0,0,1,0,1,0,0,0,1,1,0,1,0,0,0,0,1,0,1,1,1,0,0,0.3611111111111111,17.212451350566027,1
54,0,0,0,1,0,0,0,1,1,0,0,1,0,0,0,1,0,1,1,0,0,1,1,0,0,0,0,0,0,1,0,1,1,1,0,0,0.3055555555555556,13.247718464044326,1
55,0,0,0,0,1,0,0,0,1,0,0,1,0,0,0,1,0,1,0,1,0,1,1,0,0,0,0,0,0,0,0,1,1,0,0,1,0.19444444444444445,10.02216746150569,1
56,0,0,0,0,1,0,0,1,1,0,1,1,1,0,0,1,0,1,0,0,0,1,1,0,1,0,0,0,0,1,0,1,1,1,0,1,0.3611111111111111,21.45748396111539,1
57,0,0,0,0,1,0,0,0,1,0,1,1,0,0,1,1,0,1,0,1,0,1,1,0,0,0,0,0,0,0,0,1,1,1,0,0,0.19444444444444445,9.545599975732578,1
58,0,0,0,0,1,0,0,0,1,0,1,1,0,0,0,1,0,1,1,1,0,1,1,0,0,0,0,0,0,1,0,1,1,1,0,0,0.19444444444444445,16.572044005176778,1
59,0,0,0,1,1,0,0,1,1,0,0,1,0,0,0,1,0,1,0,0,0,1,1,0,1,0,0,0,0,1,1,1,1,1,0,1,0.3333333333333333,25.4341781512169,1
60,0,0,0,1,1,0,0,1,1,0,0,1,0,0,0,1,1,1,0,0,0,1,1,0,0,0,0,0,0,1,0,1,1,1,0,1,0.25,20.52749484298835,1
61,0,0,0,1,1,0,0,1,1,0,1,1,0,0,0,1,0,1,1,0,0,1,1,0,0,0,0,0,0,1,0,1,1,1,0,0,0.3333333333333333,15.538872269355394,1
62,0,0,0,1,0,0,0,1,1,0,0,1,0,0,0,1,1,1,0,0,0,1,1,0,0,0,0,0,0,1,0,1,1,1,0,1,0.2777777777777778,20.159482143619957,1
63,0,0,0,1,0,0,0,1,0,0,1,1,0,0,0,1,0,0,0,1,0,1,1,0,0,0,0,0,0,1,0,1,1,1,0,1,0.2777777777777778,27.797943660832754,1
64,0,0,0,0,1,0,0,1,1,0,0,1,1,0,0,1,0,1,0,1,0,1,1,0,0,0,0,0,0,0,0,1,1,1,0,0,0.3055555555555556,12.419189700374623,1
65,0,0,0,1,0,0,0,1,1,0,1,1,0,0,0,1,0,1,0,0,0,1,1,0,1,0,0,0,0,1,0,1,1,1,0,0,0.3611111111111111,16.66405906763519,1
66,1,0,0,1,1,0,0,1,1,0,0,1,0,0,0,1,0,0,0,0,0,1,1,0,1,0,0,0,0,1,0,1,1,1,0,0,0.2777777777777778,14.005301053906058,1
67,0,0,0,1,0,0,0,1,1,0,1,1,1,0,0,1,0,1,0,0,0,1,1,0,1,0,0,0,0,0,0,1,1,1,0,0,0.3055555555555556,20.654244390911074,1
68,0,0,0,1,1,0,0,1,1,0,0,1,0,0,0,1,1,1,0,0,0,1,1,0,1,0,0,0,0,0,0,1,1,1,0,1,0.3888888888888889,22.138334415268194,1
69,0,0,0,1,1,0,0,1,1,0,1,1,0,0,0,1,0,1,1,1,0,1,1,0,0,0,0,0,0,1,0,1,0,1,0,0,0.2222222222222222,14.02121726533039,1
70,0,0,0,1,0,0,0,1,0,0,1,1,0,0,0,1,0,0,1,0,0,1,1,0,0,0,0,0,0,0,0,1,1,0,0,0,0.2222222222222222,9.12382424102195,1
71,0,0,0,0,1,0,0,1,1,0,1,1,0,0,0,1,0,1,0,1,0,1,1,0,0,0,0,0,0,1,0,1,1,1,0,0,0.2777777777777778,13.80348652913765,1
72,0,0,0,1,0,0,0,1,0,0,0,1,1,0,1,1,0,1,1,0,0,1,1,0,0,0,0,0,0,0,0,1,1,1,0,0,0.3055555555555556,16.068875482318468,1
73,0,0,0,1,1,0,0,1,0,0,0,1,0,0,0,1,0,1,1,1,0,1,1,0,0,0,0,0,0,0,0,1,1,0,0,1,0.19444444444444445,14.816024083538663,1
74,0,0,0,1,0,0,0,1,0,0,1,1,0,0,0,1,0,1,0,0,0,1,1,0,0,0,0,0,0,1,0,1,1,0,0,1,0.2777777777777778,15.39636647495903,1
75,0,0,0,1,1,0,0,1,1,0,1,1,1,0,1,1,0,1,0,0,0,1,1,0,1,0,0,0,0,1,0,1,0,1,0,0,0.4166666666666667,22.284479330081087,1
76,0,0,1,0,0,1,1,0,1,1,0,0,0,1,1,0,1,0,0,1,0,0,0,1,1,1,1,1,1,1,1,0,0,0,1,0,0.19444444444444445,19.686524483184137,1
77,0,0,0,1,1,0,0,1,1,0,1,1,0,0,0,1,0,1,0,1,0,1,1,0,0,0,0,0,0,1,0,1,1,1,0,0,0.2777777777777778,15.840794344119066,1
78,0,0,0,1,1,0,0,1,0,0,0,1,0,0,0,1,0,1,0,0,0,1,1,0,0,0,0,0,0,1,0,1,1,1,0,0,0.25,14.29226451338095,1
79,1,1,0,0,1,0,0,1,1,0,1,1,0,0,0,1,0,0,1,1,0,1,1,0,0,0,0,0,0,1,0,1,1,1,0,0,0.25,14.942741824850716,1
80,0,0,0,0,0,0,0,1,0,0,1,1,0,0,0,1,0,1,0,0,0,1,1,0,0,0,0,0,0,1,1,1,1,1,0,0,0.2777777777777778,16.0779449855612,1
81,0,1,0,1,1,0,0,1,0,0,1,1,1,0,0,1,0,1,0,1,0,1,1,0,0,0,0,0,0,1,0,1,1,1,0,0,0.25,22.267478994080783,1
82,1,0,1,0,0,0,1,0,1,1,0,0,1,1,1,0,1,0,0,1,1,0,0,0,0,1,0,1,1,1,1,0,0,0,1,0,0.2222222222222222,7.955005657795856,1
83,0,0,0,1,1,0,0,1,1,0,0,1,0,0,1,1,0,1,1,0,0,1,1,0,1,0,0,0,0,1,0,1,0,1,0,1,0.2222222222222222,18.298381765501766,1
84,0,0,0,1,0,0,0,1,1,0,0,1,1,0,0,1,0,1,0,0,0,1,1,0,1,0,0,0,0,1,1,1,1,1,0,0,0.3055555555555556,18.32965157478478,1
85,0,0,0,1,0,0,0,1,1,0,1,1,0,0,0,1,0,1,0,0,0,1,1,0,1,0,0,0,0,1,0,1,1,1,0,1,0.4166666666666667,22.942123349046074,1
86,0,0,0,1,0,0,1,1,0,0,0,1,0,0,1,1,0,1,1,0,0,1,1,0,0,0,0,0,0,1,0,1,1,1,0,0,0.2777777777777778,14.833780224539174,1
87,0,0,0,1,0,0,0,1,1,0,0,1,1,0,0,1,0,1,1,1,0,1,1,0,0,0,0,0,0,1,0,1,1,1,0,0,0.3055555555555556,16.626281974159284,1
88,0,0,0,1,0,0,0,1,1,0,0,1,1,0,0,1,0,1,1,0,0,1,1,0,1,0,0,0,0,1,0,1,1,1,0,0,0.25,16.222501221089125,1
89,0,0,0,0,0,0,0,1,1,0,1,1,0,0,0,1,0,1,0,0,0,1,1,0,0,0,0,0,0,1,0,1,1,0,0,1,0.3611111111111111,12.54962485658865,1
90,1,1,1,0,1,1,1,0,0,1,1,0,0,1,1,0,0,0,1,1,0,0,0,1,0,1,1,1,1,1,0,1,0,0,1,0,0.3611111111111111,23.109821521163752,1
91,0,0,0,1,1,0,0,0,0,0,1,1,1,0,0,1,0,1,1,0,0,1,1,0,0,0,0,0,0,1,0,1,1,1,0,0,0.19444444444444445,14.21361843193619,1
92,1,1,1,0,0,1,1,0,1,1,0,0,0,1,1,0,1,0,1,1,0,0,0,0,1,1,0,1,1,1,0,1,0,0,1,0,0.2222222222222222,15.109086817484163,1
93,0,1,1,0,0,1,1,0,0,1,1,0,1,1,1,0,0,0,1,1,0,0,0,0,1,1,1,1,1,1,0,0,0,0,1,0,0.3055555555555556,13.59486199829121,1
94,0,0,0,1,0,0,0,1,0,0,1,1,0,0,0,1,1,1,1,1,0,1,1,0,0,0,0,0,0,1,0,1,1,1,0,0,0.25,18.838343217923153,1
95,1,1,1,0,0,1,1,0,1,1,0,0,0,1,1,0,0,0,1,1,0,0,0,0,0,1,1,1,1,1,1,1,0,0,1,0,0.19444444444444445,16.829500091085105,1
96,0,0,0,1,0,0,0,1,1,0,1,1,0,0,1,1,1,1,0,1,0,1,1,0,0,0,0,0,0,1,0,1,1,1,0,0,0.3888888888888889,17.19088195950941,1
97,0,0,0,1,1,0,0,1,0,0,0,1,0,0,0,1,1,0,0,0,0,1,1,0,1,0,0,0,0,1,1,1,0,1,0,1,0.3888888888888889,22.89136355383329,1
98,0,0,0,1,1,0,0,1,0,0,0,1,1,0,0,1,0,1,1,1,0,1,1,0,0,0,0,0,0,0,1,1,0,1,0,0,0.19444444444444445,16.263954482350513,1
99,1,1,1,0,0,1,1,0,0,1,1,0,0,1,1,0,1,0,1,1,0,0,0,1,1,1,0,1,1,1,1,1,0,0,1,0,0.3055555555555556,28.839616125328345,1
