,0,1,2,3,4,5,6,7,8,9,10,11,12,13,14,15,16,17,18,19,20,21,22,23,24,25,26,27,28,29,30,31,32,33,34,35,chain_break_fraction,energy,num_occurrences
0,0,1,0,0,1,1,0,1,0,0,0,1,1,0,1,0,0,0,1,0,0,0,1,1,1,0,1,0,0,0,1,0,1,1,1,0,0.2777777777777778,4.907508144114486,1
1,0,1,0,0,1,1,0,1,1,0,0,0,1,0,1,1,0,0,1,0,0,0,1,0,1,0,1,0,0,0,1,0,1,1,1,0,0.25,2.418821133349277,1
2,0,1,0,0,1,1,0,1,0,0,0,0,1,0,1,0,0,0,1,0,0,0,1,0,1,0,1,1,0,0,1,0,1,1,1,0,0.2777777777777778,3.30287013126539,1
3,0,1,0,0,1,1,0,1,1,0,0,1,1,0,1,0,0,0,1,0,0,0,1,1,1,0,1,1,0,0,1,0,1,1,1,0,0.25,5.907804494110458,1
4,0,1,0,0,1,1,0,1,0,0,0,0,1,0,1,1,0,0,1,0,0,0,1,0,1,0,1,0,0,0,1,0,1,1,1,0,0.2222222222222222,1.976803538437996,1
5,0,1,0,1,1,1,0,1,0,0,0,0,1,0,1,0,0,0,1,0,0,0,1,1,1,0,1,1,1,0,1,0,1,1,1,0,0.2777777777777778,8.062368601674779,1
6,0,1,0,0,1,1,0,1,0,0,0,0,1,0,1,1,0,0,1,0,0,0,1,0,1,0,1,1,0,0,1,0,1,1,1,0,0.2777777777777778,0.7344266510341255,1
7,0,1,0,0,1,1,0,1,1,0,0,0,1,0,1,0,0,0,1,0,0,0,1,0,1,1,1,1,0,0,1,0,1,1,0,0,0.3055555555555556,4.862503657142205,1
8,0,1,1,1,1,1,0,1,0,0,0,0,1,0,1,1,0,0,1,0,0,0,1,1,1,0,1,0,0,0,1,0,1,1,1,0,0.25,8.368203210860266,1
9,0,1,0,0,1,1,0,1,1,0,0,0,1,0,1,0,0,0,1,0,0,0,1,1,1,1,1,0,0,0,1,0,1,1,1,0,0.3333333333333333,9.090555238902006,1
10,0,1,0,0,1,1,0,1,1,0,0,0,1,0,1,0,0,0,1,0,0,0,1,0,1,1,1,1,0,0,1,0,1,1,1,0,0.2222222222222222,7.584972161817381,1
11,0,1,0,0,1,1,0,1,0,0,0,0,1,0,1,1,0,0,1,0,0,0,1,0,1,0,1,0,1,0,1,0,1,1,1,0,0.2222222222222222,0.13032301210802566,1
12,0,1,0,0,1,1,0,1,0,0,1,0,1,0,1,0,0,0,1,0,0,0,1,0,1,0,1,0,1,0,1,0,1,1,1,0,0.2222222222222222,-0.733327448284909,1
13,0,1,0,0,1,1,0,1,0,0,1,1,1,0,1,0,0,0,1,0,0,0,1,1,1,0,1,0,0,0,1,0,1,1,1,0,0.3333333333333333,5.921696256572908,1
14,0,1,0,1,1,1,0,1,0,0,1,0,1,0,1,0,0,0,1,0,0,0,1,1,1,0,1,0,0,0,1,0,1,1,1,0,0.25,5.071533913448192,1
15,0,1,0,0,1,1,0,1,0,0,0,0,1,0,1,0,0,0,1,0,0,0,1,0,1,0,1,0,0,0,1,0,1,1,1,0,0.3055555555555556,0.5985358069704023,1
16,0,1,0,0,1,1,0,1,0,0,0,1,1,0,1,0,0,0,1,0,0,0,1,0,1,0,1,0,1,0,1,0,1,1,1,0,0.2222222222222222,0.781278274578719,1
17,0,1,0,0,1,1,0,1,1,0,0,0,1,0,1,0,0,0,1,0,0,1,1,0,1,0,1,0,0,0,1,0,1,1,1,0,0.3055555555555556,2.3774197387885847,1
18,0,1,0,0,1,1,0,1,1,0,0,0,1,0,1,0,0,0,1,0,0,0,1,0,0,1,1,1,1,0,1,0,1,1,1,0,0.2777777777777778,4.801472898869029,1
19,0,1,0,0,1,1,0,1,0,0,0,0,1,0,1,0,0,0,1,0,0,0,1,0,0,0,1,1,1,0,1,0,1,1,1,0,0.2222222222222222,1.2640011543736316,1
20,0,1,0,0,1,1,0,1,0,0,0,1,1,0,1,1,0,0,1,0,0,0,1,0,1,0,1,0,1,0,1,0,1,1,1,1,0.2777777777777778,5.27571473903446,1
21,0,1,0,0,1,1,0,1,0,0,0,0,1,0,1,0,0,0,1,0,0,0,1,1,0,1,1,0,0,0,1,0,1,1,0,0,0.3055555555555556,5.952037174543144,1
22,0,1,0,0,1,1,0,1,0,0,0,1,1,0,1,0,0,0,1,0,0,0,1,1,0,0,1,0,0,0,1,0,1,1,1,0,0.19444444444444445,4.255599095902131,1
23,0,1,0,0,1,1,0,1,1,0,1,1,1,0,1,1,0,0,1,0,0,0,1,0,1,0,1,0,1,0,1,0,1,1,1,0,0.25,7.716502321016179,1
24,0,1,0,0,1,1,0,1,0,0,0,0,1,0,1,0,0,0,1,0,0,0,1,0,1,1,0,1,0,0,1,0,1,1,1,0,0.3055555555555556,8.15196950402256,1
25,0,1,0,0,1,1,0,1,0,0,1,0,1,0,1,1,0,1,1,0,0,0,1,1,1,1,1,1,0,0,1,0,1,1,0,0,0.2222222222222222,6.97744792932912,1
26,0,1,0,1,1,1,0,1,0,0,0,0,1,0,1,0,0,0,1,0,0,0,1,0,1,1,1,0,0,0,1,0,1,1,1,0,0.2777777777777778,5.7963810988516205,1
27,0,1,0,0,1,1,0,1,0,0,0,0,1,0,1,0,0,0,1,0,0,0,1,0,0,1,1,0,1,0,1,0,1,1,1,0,0.3333333333333333,2.762228465480713,1
28,0,1,0,0,1,1,0,1,0,0,0,0,1,0,1,0,0,0,1,0,0,0,1,0,1,0,1,0,1,0,1,0,1,1,1,0,0.3055555555555556,-0.24793317114853664,1
29,0,1,0,0,1,1,0,1,0,0,0,0,1,0,1,0,1,0,1,0,0,0,1,0,1,0,1,0,0,0,1,0,1,1,1,0,0.2777777777777778,0.5137697456185426,1
30,0,1,0,0,1,1,0,1,1,0,1,0,1,0,1,0,0,0,1,0,0,0,1,0,1,1,1,1,1,0,1,0,1,1,1,0,0.2222222222222222,6.087676936334184,1
31,0,1,0,0,1,1,0,1,1,0,0,1,1,0,1,0,0,0,1,0,0,0,1,0,1,0,1,0,1,0,1,0,1,1,1,0,0.2777777777777778,0.7034361345916975,1
32,0,1,0,0,1,1,0,1,1,0,0,0,1,0,1,0,0,0,1,0,0,0,1,0,1,0,1,0,0,0,1,0,1,1,1,0,0.25,0.020717662084762223,1
33,0,1,0,0,1,1,0,1,0,0,1,0,1,0,1,0,0,0,1,0,0,0,1,0,0,0,1,0,1,0,1,0,1,1,1,0,0.2777777777777778,-1.2423031387310997,1
34,0,1,0,0,1,1,0,1,0,0,0,0,1,0,1,1,0,0,1,0,0,0,1,1,0,1,1,1,0,0,1,0,1,1,1,0,0.3611111111111111,8.72782528638012,1
35,0,1,0,0,1,1,0,1,1,0,0,0,1,0,1,0,0,0,1,0,0,0,1,1,0,1,0,1,0,0,1,0,1,1,1,0,0.3333333333333333,8.740378668343956,1
36,0,1,0,0,1,1,0,1,0,0,1,0,1,0,1,0,0,0,1,0,0,0,1,0,0,1,1,0,0,0,1,0,1,1,1,0,0.2222222222222222,2.621458835964728,1
37,0,1,0,0,1,1,0,1,0,0,0,1,1,0,1,1,0,0,1,0,0,0,1,0,0,1,1,1,0,0,1,0,1,1,0,1,0.3333333333333333,6.760621497801922,1
38,0,1,0,0,1,1,0,1,0,0,0,1,1,0,1,1,0,0,1,0,0,0,1,0,1,0,1,1,0,0,1,0,1,1,1,0,0.3055555555555556,2.8352131642396485,1
39,0,1,0,0,1,1,0,1,0,0,0,1,1,0,1,1,0,0,1,0,0,1,1,0,1,0,1,1,1,0,1,0,1,1,1,0,0.2777777777777778,3.379635791755954,1
40,0,1,1,0,1,1,0,1,1,0,0,0,1,0,1,1,0,0,1,0,0,0,1,0,0,1,1,1,0,0,1,0,1,1,1,0,0.25,1.9925515070272959,1
41,0,1,0,0,1,1,0,1,1,0,1,1,1,0,1,1,0,0,1,0,0,0,1,0,1,1,1,1,1,0,1,0,1,1,0,0,0.2777777777777778,3.8277535378437912,1
42,0,1,0,0,1,1,0,1,0,0,0,0,1,0,1,0,0,0,1,0,0,0,1,0,1,0,1,0,0,0,1,0,1,1,1,1,0.2777777777777778,5.526241406567397,1
43,0,1,1,0,1,1,0,1,1,0,0,0,1,0,1,0,0,0,1,0,0,0,1,1,1,0,1,0,1,0,1,0,1,1,1,0,0.2222222222222222,2.0075753863992327,1
44,0,1,0,0,1,1,0,1,0,0,1,0,1,0,1,1,0,0,1,0,0,0,1,0,1,0,1,1,0,0,1,0,1,1,1,0,0.3333333333333333,0.7848199076368945,1
45,0,1,0,0,1,1,0,1,1,0,0,0,1,0,1,0,0,0,1,0,0,0,1,0,0,1,1,1,1,0,1,0,1,1,0,0,0.25,2.5514026028987233,1
46,0,1,0,1,1,1,0,1,0,0,0,0,1,0,1,0,0,0,1,0,0,0,1,1,1,0,1,1,0,0,1,0,1,1,1,0,0.3055555555555556,7.990122636862509,1
47,0,1,0,0,1,1,0,1,1,0,1,0,1,0,1,1,0,0,1,0,0,0,1,1,0,1,1,1,1,0,1,0,1,1,1,0,0.3611111111111111,5.123106014989926,1
48,0,1,0,0,1,1,0,1,0,0,0,0,1,0,1,0,0,1,1,0,0,0,1,1,1,1,1,1,1,0,1,0,1,1,0,0,0.25,11.9026330842436,1
49,0,1,0,0,1,1,0,1,0,0,0,0,1,0,1,0,0,0,1,0,0,0,1,0,0,1,0,1,0,0,1,0,1,1,1,0,0.3611111111111111,5.051336236570231,1
50,0,1,0,1,1,1,0,1,0,0,0,0,1,0,1,1,0,0,1,0,0,0,1,1,1,1,1,0,1,0,1,0,1,1,1,0,0.3055555555555556,8.269859772171198,1
51,0,1,0,1,1,1,0,1,0,0,0,0,1,0,1,1,0,0,1,0,0,0,1,1,1,1,1,0,1,0,1,0,1,1,0,0,0.3055555555555556,6.319697097342307,1
52,0,1,0,0,1,1,0,1,0,0,1,0,1,0,1,1,0,0,1,0,0,0,1,0,1,1,1,0,1,0,1,0,1,1,1,0,0.25,3.471655946803018,1
53,0,1,0,0,1,1,0,1,0,0,0,0,1,0,1,1,0,0,1,0,0,0,1,1,1,1,1,0,1,0,1,0,1,1,0,0,0.3055555555555556,6.253489575026809,1
54,0,1,0,1,1,1,0,1,0,0,1,0,1,0,1,0,0,1,1,0,0,0,1,0,0,1,1,1,1,0,1,0,1,1,0,0,0.2222222222222222,4.568322017731426,1
55,0,1,0,0,1,1,0,1,1,0,0,0,1,0,1,0,0,0,1,0,0,0,1,0,1,0,1,1,1,0,1,0,1,1,1,0,0.19444444444444445,1.3632457930144517,1
56,0,1,0,0,1,1,0,1,0,0,0,0,1,0,1,0,0,0,1,0,0,1,1,0,1,0,1,0,1,0,1,0,1,1,0,0,0.2777777777777778,2.153196912481685,1
57,0,1,0,1,1,1,0,1,0,0,1,0,1,0,1,0,0,0,1,0,0,0,1,1,1,0,1,1,0,0,1,0,1,1,1,0,0.2222222222222222,6.839995039573736,1
58,0,1,0,1,1,1,0,1,0,0,1,0,1,0,1,0,0,0,1,0,0,0,1,1,0,1,1,1,0,0,1,0,1,1,1,0,0.2777777777777778,10.175349824316152,1
59,0,1,0,0,1,1,0,1,0,0,0,1,0,0,1,1,0,0,1,0,0,1,1,0,0,0,1,0,1,0,1,0,1,1,1,0,0.3333333333333333,3.594615183868292,1
60,0,1,0,1,1,1,0,1,0,0,1,0,1,0,1,1,0,0,1,0,0,1,1,0,0,0,1,0,1,0,1,0,1,1,1,0,0.3055555555555556,4.940852856324764,1
61,0,1,0,0,1,1,0,1,1,0,1,0,1,0,1,0,0,0,1,0,0,0,1,0,1,1,1,0,1,0,1,0,1,1,1,0,0.3333333333333333,2.198333858573932,1
62,0,1,0,0,1,1,0,1,0,0,0,0,1,0,1,1,0,0,1,0,0,0,1,0,1,0,1,1,1,0,1,0,1,1,0,1,0.2777777777777778,2.847974857527389,1
63,0,1,0,0,1,1,0,1,0,0,0,0,1,0,1,0,0,1,1,0,0,0,1,0,1,0,1,1,1,0,1,0,1,1,1,0,0.3055555555555556,1.980873718024174,1
64,0,1,0,0,1,1,0,1,0,0,1,1,1,0,1,1,0,0,1,0,0,1,1,0,1,0,1,0,0,0,1,0,1,1,1,1,0.4166666666666667,9.68164803222827,1
65,0,1,0,0,1,1,0,1,1,0,0,0,1,0,1,0,0,0,1,0,0,0,1,1,1,1,1,1,0,0,1,0,1,1,1,0,0.3611111111111111,15.37263488657511,1
66,0,1,0,1,1,1,0,1,0,0,0,0,1,0,1,0,0,0,1,0,0,0,1,1,1,1,0,1,1,0,1,0,1,1,1,0,0.3055555555555556,13.588107549605766,1
67,0,1,0,0,1,1,0,1,0,0,0,0,1,0,1,0,0,0,1,0,0,0,1,0,0,0,1,1,1,0,1,0,1,1,0,0,0.3055555555555556,0.17125102016357907,1
68,0,1,0,0,1,1,0,1,0,0,0,1,0,0,1,1,0,1,1,0,0,0,1,0,1,0,0,0,1,0,1,0,1,1,1,0,0.3055555555555556,10.570320799753691,1
69,1,1,1,1,0,0,1,1,1,1,0,1,0,1,0,1,1,1,0,1,1,0,0,1,0,0,0,0,1,1,0,1,0,0,0,1,0.3611111111111111,36.153095942705875,1
70,0,1,0,1,1,1,0,1,0,0,0,0,1,0,1,1,0,0,1,0,0,0,1,1,0,1,1,0,1,0,1,0,1,1,1,0,0.25,6.310584393616354,1
71,0,1,0,1,1,1,0,1,0,0,0,0,1,0,1,0,0,1,1,0,0,0,1,1,0,1,0,1,0,0,1,0,1,1,0,0,0.25,8.183049998584899,1
72,0,1,0,0,1,1,0,1,1,0,0,0,1,0,1,0,0,0,1,0,0,0,1,0,1,1,1,0,1,0,1,0,1,1,0,0,0.2222222222222222,1.0633375191188925,1
73,0,1,1,0,1,1,0,1,0,0,1,0,1,0,1,1,0,0,1,0,0,0,1,0,1,0,1,0,1,0,1,0,1,1,1,0,0.3333333333333333,1.8784483348489758,1
74,0,1,0,0,1,1,0,1,1,0,0,1,1,0,1,0,1,1,1,0,0,0,1,0,1,1,1,0,0,0,1,0,1,1,1,0,0.3055555555555556,9.855740097597792,1
75,0,1,0,0,1,1,0,1,0,0,0,0,1,0,1,0,0,0,1,0,0,0,1,0,1,1,1,0,0,0,1,0,1,1,1,0,0.25,5.617542311056635,1
76,0,1,0,1,1,1,0,1,0,0,0,0,1,0,1,1,0,0,1,0,0,0,1,0,1,0,1,0,1,0,1,0,1,1,0,0,0.2222222222222222,4.338444881280251,1
77,0,1,0,0,1,1,0,1,0,0,0,0,1,0,1,1,0,0,1,0,0,1,1,0,0,0,1,0,1,0,1,0,1,1,1,0,0.25,1.6614942264128434,1
78,0,1,0,0,1,1,0,1,1,1,0,0,1,0,1,0,0,1,1,0,0,0,1,0,1,1,1,1,1,0,1,0,1,1,1,0,0.25,4.555675879674142,1
79,0,1,0,0,1,1,0,1,1,0,0,0,1,0,1,1,0,0,1,0,0,0,1,0,1,0,1,1,1,0,1,0,0,1,1,1,0.2777777777777778,2.289415028359585,1
80,0,1,0,0,1,1,0,1,0,0,1,0,1,0,1,0,0,0,1,0,0,0,1,0,0,1,1,0,1,0,1,0,1,1,1,0,0.3055555555555556,1.77564824216127,1
81,0,1,0,0,1,1,0,1,0,0,0,1,1,0,1,0,0,0,1,0,0,0,1,1,1,0,1,0,0,0,1,0,0,1,1,0,0.2777777777777778,4.911270564963354,1
82,0,1,0,0,1,1,0,1,0,0,1,0,1,0,1,0,0,0,1,0,0,0,0,0,1,0,1,0,1,0,1,0,1,1,0,0,0.2777777777777778,-0.7819908711425887,1
83,0,1,0,1,1,1,0,1,0,0,0,0,1,0,1,0,0,1,1,0,0,0,1,1,0,1,1,1,1,0,1,0,1,1,0,0,0.3333333333333333,7.608281188260651,1
84,0,1,0,0,1,1,0,1,0,0,1,0,1,0,1,1,1,1,1,0,0,0,1,1,1,1,0,1,1,0,1,0,1,1,1,0,0.2222222222222222,8.652308537171661,1
85,0,1,0,0,1,1,0,1,0,0,1,1,1,0,1,1,0,0,1,0,0,0,1,0,1,0,1,0,1,0,1,0,1,1,0,0,0.3333333333333333,7.9168253247861236,1
86,0,1,0,0,1,1,0,1,0,0,0,1,1,0,1,1,0,0,1,0,0,1,1,0,0,1,1,0,0,0,1,0,1,1,0,0,0.3055555555555556,6.7240029043373815,1
87,0,0,0,0,1,1,0,0,1,0,0,0,1,0,1,1,0,0,1,0,0,0,1,0,0,1,1,0,0,0,1,0,1,1,1,1,0.2222222222222222,8.080226326694486,1
88,0,1,0,1,1,1,0,1,1,0,0,1,1,0,1,0,0,0,1,0,0,1,1,1,0,1,1,0,0,0,1,0,1,1,1,0,0.3055555555555556,10.702697898989985,1
89,0,1,0,0,1,1,0,1,0,0,1,0,1,0,1,0,0,0,1,0,0,0,0,0,0,1,1,0,1,0,1,0,1,1,0,0,0.1388888888888889,0.18066702979252725,1
90,0,1,0,1,1,1,0,1,1,0,0,0,1,0,1,1,0,0,1,0,0,0,1,1,1,1,1,0,1,0,1,0,1,1,1,0,0.3055555555555556,6.692415343133744,1
91,1,1,1,1,0,0,1,1,1,1,1,0,0,1,0,1,1,0,0,1,1,0,0,1,0,0,0,0,1,1,0,1,0,0,0,1,0.3333333333333333,21.54835323878403,1
92,0,1,0,0,1,1,0,1,0,0,0,0,1,0,1,1,0,0,1,0,0,0,1,0,0,1,1,1,0,0,1,0,1,1,0,0,0.3333333333333333,1.7981209549040957,1
93,0,1,0,0,1,1,0,1,1,0,0,1,1,0,1,1,0,0,1,0,0,0,1,0,0,1,1,1,1,0,1,0,1,1,1,1,0.3611111111111111,6.441069460138381,1
94,1,1,1,1,0,0,1,1,1,1,0,1,0,1,0,1,1,1,0,1,1,0,0,1,0,0,1,0,1,1,0,1,0,0,1,1,0.3055555555555556,27.793321788081883,1
95,0,1,1,0,1,1,0,1,0,0,0,1,1,0,1,0,0,0,1,0,0,0,1,0,1,0,1,0,0,0,1,0,1,1,1,0,0.3055555555555556,3.717166887607933,1
96,0,1,0,1,1,1,0,1,1,0,1,1,1,0,1,1,0,0,1,0,0,0,0,1,0,1,1,0,1,0,1,0,1,1,1,0,0.3611111111111111,12.483453760035466,1
97,0,1,0,0,1,1,1,1,1,0,0,0,1,0,1,0,0,0,1,0,0,1,1,0,1,1,1,1,1,0,1,0,1,1,1,0,0.3055555555555556,13.678879075226169,1
98,1,1,1,1,0,0,0,1,1,1,1,0,0,1,0,1,1,1,0,1,1,0,0,1,0,0,0,0,1,1,0,1,0,0,0,1,0.3888888888888889,25.785026715231,1
99,0,1,0,0,1,1,0,1,0,0,0,0,1,0,1,1,0,0,1,0,0,0,0,0,1,0,1,0,1,0,0,0,1,1,1,0,0.2222222222222222,2.0010338904752354,1
