,0,1,2,3,4,5,6,7,8,9,10,11,12,13,14,15,16,17,18,19,20,21,22,23,24,25,26,27,28,29,30,31,32,33,34,35,chain_break_fraction,energy,num_occurrences
0,1,1,0,0,0,0,0,0,0,1,0,1,0,0,0,1,1,1,1,0,0,0,0,0,1,0,1,0,0,0,1,1,1,1,0,1,0.2777777777777778,15.142560514488256,1
1,1,1,0,0,0,0,0,0,0,1,0,1,0,0,0,1,1,1,1,0,0,0,0,0,1,0,1,0,0,0,1,1,1,1,0,1,0.3055555555555556,15.142560514488256,1
2,1,1,0,0,0,0,0,0,0,1,0,1,0,0,0,1,1,1,1,0,0,0,0,0,1,0,1,0,0,0,1,1,1,1,0,1,0.2777777777777778,15.142560514488256,1
3,1,1,0,0,0,0,0,0,0,1,0,1,0,0,0,1,1,1,1,0,0,0,0,0,1,0,1,0,0,0,1,1,1,1,0,1,0.25,15.142560514488256,1
4,1,1,0,0,0,0,0,0,0,1,0,1,0,0,0,1,1,1,1,0,0,0,0,0,1,0,1,0,0,0,1,1,1,1,0,1,0.3055555555555556,15.142560514488256,1
5,1,1,0,0,0,0,0,0,0,1,0,1,0,0,0,1,1,1,1,0,0,0,0,0,1,0,0,0,0,0,1,1,1,1,0,1,0.19444444444444445,15.423220689410513,1
6,1,1,0,0,0,0,0,0,0,1,0,1,0,0,0,1,1,1,1,0,0,0,0,0,1,0,1,0,0,0,0,1,1,1,0,1,0.2777777777777778,13.645903611053672,1
7,1,1,0,0,0,0,0,0,0,1,0,1,0,0,0,1,1,1,1,0,1,0,0,0,1,0,1,0,0,0,1,1,1,1,0,1,0.3055555555555556,16.241053760819998,1
8,1,1,0,0,0,0,0,0,0,1,0,1,0,0,0,1,1,1,1,0,0,0,0,0,1,0,1,0,0,0,1,1,1,1,0,1,0.3055555555555556,15.142560514488256,1
9,1,1,0,0,0,1,0,0,0,1,0,1,0,0,0,1,1,1,1,0,0,0,0,0,1,0,1,0,0,0,0,1,1,1,0,1,0.3055555555555556,21.538207260706113,1
10,1,1,0,0,0,0,0,0,0,1,0,1,0,0,0,1,1,1,1,0,0,0,0,0,1,0,0,0,0,0,1,1,1,1,0,1,0.3055555555555556,15.423220689410513,1
11,1,1,0,0,0,0,0,0,0,1,0,1,0,0,0,1,1,1,1,0,0,0,0,0,1,0,1,0,0,0,1,1,1,1,0,1,0.3055555555555556,15.142560514488256,1
12,1,1,0,0,0,0,0,0,0,1,0,1,0,0,0,1,1,1,1,0,0,0,0,0,1,0,1,0,0,0,1,1,1,1,0,1,0.3055555555555556,15.142560514488256,1
13,1,1,0,0,0,0,0,0,0,1,0,1,0,0,0,1,1,1,1,0,0,0,0,0,1,0,1,0,0,0,0,1,1,1,0,1,0.2777777777777778,13.645903611053672,1
14,1,1,0,0,0,0,0,0,0,1,0,1,0,0,0,1,1,1,1,0,0,0,0,0,1,0,1,0,0,0,0,1,1,1,0,1,0.3055555555555556,13.645903611053672,1
15,1,1,0,0,0,1,0,0,0,1,0,1,0,0,0,1,1,1,1,0,1,0,0,0,1,0,1,0,0,0,1,1,1,1,0,1,0.25,22.133098104461737,1
16,1,1,0,0,0,1,0,0,0,1,0,1,0,0,0,1,1,1,1,0,0,0,0,0,1,0,1,0,0,0,1,1,1,1,0,1,0.25,22.03473793126805,1
17,1,1,0,0,0,0,0,0,0,1,0,1,0,0,0,1,1,1,1,0,0,0,0,0,1,0,1,0,0,0,1,1,1,1,0,1,0.2777777777777778,15.142560514488256,1
18,1,1,0,0,0,1,0,0,0,1,0,1,0,0,0,1,1,1,1,0,1,0,0,0,1,0,1,0,0,0,0,1,1,1,0,1,0.3055555555555556,21.08743374260788,1
19,1,1,0,0,0,0,0,0,0,1,0,1,0,0,0,1,1,1,1,0,1,0,0,0,1,0,1,0,0,0,1,1,1,1,0,1,0.3333333333333333,16.241053760819998,1
20,1,1,0,0,0,0,0,0,1,1,0,1,0,0,0,1,1,1,1,0,1,0,0,0,1,0,1,0,0,0,1,1,1,1,0,1,0.2777777777777778,16.700416376506947,1
21,1,1,0,0,0,1,0,0,0,1,0,1,0,0,0,1,1,1,1,0,0,0,0,0,1,0,1,0,0,0,1,1,1,1,0,1,0.3333333333333333,22.03473793126805,1
22,1,1,0,0,0,0,0,0,0,1,0,1,0,0,0,1,1,1,1,0,0,0,0,0,1,0,1,0,0,0,1,1,1,1,0,1,0.2777777777777778,15.142560514488256,1
23,1,1,0,0,0,0,0,0,0,1,0,1,0,0,0,1,1,1,1,0,0,0,0,0,1,0,0,0,0,0,1,1,1,1,0,1,0.2777777777777778,15.423220689410513,1
24,1,1,0,0,0,0,0,0,1,1,0,1,0,0,0,1,1,1,1,0,1,0,0,0,1,0,1,0,0,0,1,1,1,1,0,1,0.2777777777777778,16.700416376506947,1
25,1,1,0,0,0,0,0,0,0,1,0,1,0,0,0,1,1,1,1,0,1,0,0,0,1,0,1,0,0,0,1,1,1,1,0,1,0.3055555555555556,16.241053760819998,1
26,1,1,0,0,0,0,0,0,0,1,0,1,0,0,0,1,1,1,1,0,0,0,0,0,1,0,1,0,0,0,1,1,1,1,0,1,0.3333333333333333,15.142560514488256,1
27,1,1,0,0,0,0,0,0,0,1,0,1,0,0,0,1,1,1,1,0,0,0,0,0,1,0,1,0,0,0,1,1,1,1,0,1,0.3611111111111111,15.142560514488256,1
28,1,1,0,0,0,0,0,0,0,1,0,1,0,0,0,1,1,1,1,0,1,0,0,0,1,0,1,0,0,0,1,1,1,1,0,1,0.3055555555555556,16.241053760819998,1
29,1,1,0,0,0,1,0,0,0,1,0,1,0,0,0,1,1,1,1,0,0,0,0,0,1,0,0,0,0,0,1,1,1,1,0,1,0.2222222222222222,23.325138691286313,1
30,1,1,0,0,0,0,0,0,0,1,0,1,0,0,0,1,1,1,1,0,0,0,0,0,1,0,1,0,0,0,0,1,1,1,0,1,0.2777777777777778,13.645903611053672,1
31,1,1,0,0,0,0,0,0,0,1,0,1,0,0,0,1,1,1,1,0,0,0,0,0,1,0,0,0,0,0,1,1,1,1,0,1,0.3055555555555556,15.423220689410513,1
32,1,1,0,0,0,0,0,0,0,1,0,1,0,0,0,1,1,1,1,0,0,0,0,0,1,0,1,0,0,0,1,1,1,1,0,1,0.2222222222222222,15.142560514488256,1
33,0,1,0,0,0,0,0,0,0,1,0,1,0,0,0,1,1,1,1,0,0,0,0,0,1,0,1,0,0,0,0,1,1,1,0,1,0.3611111111111111,11.699751786227463,1
34,1,1,0,0,0,1,0,0,0,1,0,1,0,0,0,1,1,1,0,0,0,0,0,0,1,0,1,0,0,0,1,1,1,1,0,1,0.25,23.900870644771697,1
35,1,1,0,0,0,0,0,0,0,1,0,1,0,0,0,1,1,1,1,0,1,0,0,0,1,0,1,0,0,0,1,1,1,1,0,1,0.2777777777777778,16.241053760819998,1
36,1,1,0,0,0,0,0,0,0,1,0,1,0,0,0,1,1,1,1,0,1,0,0,0,1,0,0,0,0,0,0,1,1,1,0,1,0.3055555555555556,14.306966863059547,1
37,1,1,0,0,0,0,0,0,0,1,0,1,0,0,0,1,1,1,1,0,0,0,0,0,1,0,1,0,0,0,0,1,1,1,0,1,0.3055555555555556,13.645903611053672,1
38,1,1,0,0,0,0,0,0,1,1,0,1,0,0,0,1,1,1,1,0,0,0,0,0,1,0,1,0,0,0,1,1,1,1,0,1,0.3611111111111111,16.102179214136417,1
39,1,1,0,0,0,0,0,0,0,1,0,1,0,0,0,1,1,1,1,0,1,0,0,0,1,0,1,0,0,0,0,1,1,1,0,1,0.3333333333333333,14.195263166093472,1
40,1,1,0,0,0,1,0,0,0,1,0,1,0,0,0,1,1,1,1,0,0,0,0,0,1,0,1,0,0,0,1,1,1,1,0,1,0.3055555555555556,22.03473793126805,1
41,1,1,0,0,0,0,0,0,0,1,0,1,0,0,0,1,1,1,1,0,0,0,0,0,1,0,1,0,0,0,1,1,1,1,0,1,0.3333333333333333,15.142560514488256,1
42,1,1,0,0,0,1,0,0,0,1,0,1,0,0,0,1,1,1,1,0,0,0,0,0,1,0,1,0,0,0,0,1,1,1,0,1,0.3611111111111111,21.538207260706113,1
43,1,1,0,0,0,1,0,0,0,1,0,1,0,0,0,1,1,1,1,0,1,0,0,0,1,0,0,0,0,0,0,1,1,1,0,1,0.2777777777777778,22.208878024669954,1
44,1,1,0,0,0,1,0,0,0,1,0,1,0,0,0,1,1,1,1,0,0,0,0,0,1,0,1,0,0,0,1,1,1,1,0,1,0.3055555555555556,22.03473793126805,1
45,1,1,0,0,0,1,0,0,1,1,0,1,0,0,0,1,1,1,1,0,0,0,0,0,1,0,1,0,0,0,1,1,1,1,0,1,0.3611111111111111,23.994481321145408,1
46,1,1,0,0,0,1,0,0,0,1,0,1,0,0,0,1,1,1,1,0,0,0,0,0,1,0,1,0,0,0,1,1,1,1,0,1,0.3888888888888889,22.03473793126805,1
47,1,1,0,0,0,1,0,0,0,1,0,1,0,0,0,1,1,1,1,0,0,0,0,0,1,0,1,0,0,0,1,1,1,1,0,1,0.3055555555555556,22.03473793126805,1
48,1,1,0,0,0,0,0,0,1,1,0,1,0,0,0,1,1,1,1,0,0,0,0,0,1,1,1,0,0,0,1,1,1,1,0,1,0.25,16.070248731434866,1
49,1,1,0,0,0,0,0,0,0,1,0,1,0,0,0,1,1,1,1,0,1,0,0,0,1,0,0,0,0,0,1,1,1,1,0,0,0.25,15.065041367485064,1
50,1,1,0,0,0,1,0,0,0,1,0,1,0,0,0,1,1,1,1,0,0,0,0,0,1,0,1,0,1,0,0,1,1,1,0,1,0.3333333333333333,21.08341743829945,1
51,1,1,0,0,0,1,0,0,0,1,0,1,0,0,0,1,1,1,1,0,0,0,0,0,1,0,0,0,0,0,1,1,1,1,0,1,0.3055555555555556,23.325138691286313,1
52,1,1,0,0,0,0,0,0,0,1,0,1,0,0,0,1,1,1,1,0,0,0,0,0,1,0,0,0,0,0,1,1,1,1,0,1,0.3055555555555556,15.423220689410513,1
53,1,1,0,0,0,0,0,0,0,1,0,1,0,0,0,1,1,1,1,0,0,0,0,0,1,0,1,0,0,0,0,1,1,1,0,1,0.3611111111111111,13.645903611053672,1
54,1,1,0,0,0,1,0,0,0,1,0,1,0,0,0,1,1,1,1,0,0,0,0,0,1,0,1,0,0,0,1,1,1,1,0,0,0.3611111111111111,23.838017584880635,1
55,1,1,0,0,0,0,0,0,0,1,0,1,0,0,0,1,1,1,1,0,0,0,0,0,1,0,1,0,0,0,1,1,1,1,0,1,0.3055555555555556,15.142560514488256,1
56,1,1,0,0,0,0,0,0,1,1,0,1,0,0,0,1,1,1,1,0,1,0,0,0,1,0,1,0,0,0,1,1,1,1,0,1,0.3333333333333333,16.700416376506947,1
57,1,1,0,0,0,0,0,0,0,1,0,1,0,0,0,1,1,1,1,0,1,0,0,0,1,0,0,0,0,0,1,1,1,1,0,1,0.3055555555555556,15.781400011335947,1
58,1,1,0,0,0,0,0,0,0,1,0,1,0,0,0,1,1,1,1,0,0,0,0,0,1,0,1,0,0,0,1,1,1,1,0,1,0.25,15.142560514488256,1
59,1,1,0,0,0,0,0,0,1,1,0,1,0,0,0,1,1,1,1,0,0,0,0,0,1,0,1,0,0,0,1,1,1,1,0,0,0.25,16.90570488939535,1
60,0,1,0,0,0,0,0,0,0,1,0,1,0,0,0,1,1,1,1,0,0,0,0,0,1,0,0,0,0,0,1,1,1,1,0,1,0.3333333333333333,13.472261688472628,1
61,1,1,0,0,0,1,0,0,0,1,0,1,0,0,0,1,1,1,1,0,1,0,0,0,1,0,1,0,0,0,1,1,1,1,0,1,0.3333333333333333,22.133098104461737,1
62,1,1,0,0,0,1,0,0,1,1,0,1,0,0,0,1,1,1,1,0,0,0,0,0,1,0,1,0,0,0,1,1,1,1,0,1,0.3055555555555556,23.994481321145408,1
63,1,1,0,0,0,0,0,0,0,1,0,1,0,0,0,1,1,1,1,0,0,0,0,0,1,0,1,0,1,0,0,1,1,1,0,0,0.2777777777777778,14.06613086225002,1
64,1,1,0,0,0,0,0,0,0,1,0,1,0,0,0,1,1,1,1,0,1,0,0,0,1,0,1,0,0,0,0,1,1,1,0,0,0.3333333333333333,13.096544056013846,1
65,0,1,0,0,0,0,0,0,1,1,0,1,0,0,0,1,1,1,1,0,0,0,0,0,1,0,0,0,0,0,1,1,1,1,0,1,0.2777777777777778,14.434034895783064,1
66,1,1,0,0,0,0,0,0,0,1,0,1,0,0,0,1,1,1,1,0,1,0,0,0,1,1,1,0,0,0,1,1,1,1,0,0,0.2222222222222222,13.824102075697107,1
67,1,1,0,0,0,0,0,0,0,1,0,1,0,0,0,1,0,1,1,0,1,0,0,0,1,0,0,0,0,0,1,1,1,1,0,1,0.25,15.617582907410743,1
68,1,1,0,0,0,1,0,0,0,1,0,1,0,0,0,1,1,1,1,0,0,0,0,0,1,0,1,0,0,0,0,1,1,1,0,1,0.4166666666666667,21.538207260706113,1
69,1,1,0,0,0,1,0,0,0,1,0,1,0,0,0,1,1,1,0,0,1,0,0,0,1,0,1,0,0,0,1,1,1,1,0,0,0.2777777777777778,24.55038113292523,1
70,1,1,0,0,0,0,0,0,0,1,0,1,0,0,0,1,1,1,1,0,0,0,0,0,1,0,1,0,0,0,1,1,1,1,0,1,0.25,15.142560514488256,1
71,1,1,0,0,0,0,0,0,1,1,0,1,0,0,0,1,1,1,1,0,0,0,0,0,1,1,1,0,0,0,1,1,1,1,0,1,0.3333333333333333,16.070248731434866,1
72,1,1,0,0,0,0,0,0,0,1,0,1,0,0,0,1,1,1,1,0,1,0,0,0,1,0,0,0,0,0,0,1,1,1,0,1,0.3055555555555556,14.306966863059547,1
73,1,1,0,0,0,1,0,0,0,1,0,1,0,0,0,1,1,1,1,0,0,0,0,0,1,0,1,0,0,0,1,1,1,1,0,1,0.3611111111111111,22.03473793126805,1
74,1,1,0,0,0,0,0,0,0,1,0,1,0,0,0,1,1,1,1,0,1,0,0,0,1,0,1,0,0,0,1,1,1,1,0,0,0.3333333333333333,14.044067268156502,1
75,1,1,1,0,0,0,0,0,0,1,0,1,0,0,0,1,1,1,1,0,1,0,0,0,1,0,1,0,0,0,0,1,1,1,0,1,0.3333333333333333,14.695262685380854,1
76,1,1,0,0,0,0,0,0,0,1,0,1,0,0,0,1,1,1,1,0,1,0,0,0,1,0,1,0,0,0,1,1,1,1,0,1,0.3333333333333333,16.241053760819998,1
77,1,1,0,0,0,0,0,0,1,1,0,1,0,0,0,1,1,1,1,0,0,0,0,0,1,0,0,0,0,0,1,1,1,1,0,1,0.2777777777777778,16.88505624183556,1
78,1,1,0,0,0,1,0,0,0,1,1,1,0,0,0,1,1,1,1,0,1,0,0,0,1,0,1,0,0,0,0,1,1,1,0,1,0.3055555555555556,23.588148674416903,1
79,1,1,0,0,0,0,0,0,0,1,0,1,0,0,0,1,1,1,1,0,0,0,0,0,1,0,0,0,0,0,1,1,1,1,0,1,0.3055555555555556,15.423220689410513,1
80,1,1,0,0,0,1,0,0,1,1,0,1,0,0,0,1,1,1,1,0,0,0,0,0,1,0,1,0,0,0,1,1,1,1,0,1,0.3611111111111111,23.994481321145408,1
81,1,1,0,0,0,0,0,0,1,1,0,1,0,0,0,1,1,1,1,0,0,0,0,0,1,0,1,0,0,0,1,1,1,1,0,1,0.3055555555555556,16.102179214136417,1
82,1,0,0,0,0,0,0,0,1,1,0,1,0,0,0,1,1,1,1,0,1,0,0,0,1,0,1,0,0,0,1,1,1,1,0,0,0.25,10.611506871618838,1
83,1,1,0,0,0,1,0,0,0,1,0,1,0,0,0,1,1,1,1,0,0,0,0,0,1,0,1,0,0,0,1,1,1,1,0,1,0.3888888888888889,22.03473793126805,1
84,1,1,1,0,0,0,0,0,0,1,0,1,0,0,0,1,1,1,1,0,0,0,0,0,1,0,1,0,0,0,1,1,1,1,0,1,0.3611111111111111,15.642560178935891,1
85,1,1,0,0,0,0,0,0,0,1,0,1,0,0,0,1,1,1,1,0,0,0,0,0,1,0,0,0,0,0,1,1,1,1,0,1,0.3333333333333333,15.423220689410513,1
86,1,1,0,0,0,1,0,0,0,1,0,1,0,0,0,1,1,1,1,0,0,0,0,0,1,0,1,0,0,0,1,1,1,1,0,1,0.3333333333333333,22.03473793126805,1
87,1,1,1,0,0,0,0,0,0,1,0,1,0,0,0,1,1,1,1,0,0,0,0,0,1,0,1,0,0,0,0,1,1,1,0,1,0.3333333333333333,14.645903278764866,1
88,1,1,1,0,0,1,0,0,0,1,0,1,0,0,0,1,1,1,1,0,1,0,0,0,1,0,1,0,0,0,0,1,1,1,0,1,0.3888888888888889,22.587433261895267,1
89,1,1,0,0,0,0,0,0,1,1,0,1,0,0,0,1,1,1,1,0,1,0,0,0,1,0,1,0,0,0,1,1,1,1,0,1,0.2777777777777778,16.700416376506947,1
90,1,0,0,0,0,1,0,0,0,1,0,1,0,0,0,1,1,1,1,0,1,0,0,0,1,0,1,0,0,0,1,1,1,1,0,1,0.2777777777777778,16.241053760819998,1
91,1,1,0,0,0,1,0,0,0,1,0,1,0,0,0,1,1,1,1,0,0,0,0,0,1,0,1,0,0,0,1,1,1,1,0,1,0.4166666666666667,22.03473793126805,1
92,0,1,0,0,0,1,0,0,0,1,0,1,0,0,0,1,1,1,1,0,0,0,0,0,1,0,1,0,0,0,1,1,1,1,0,1,0.3333333333333333,18.58864922287814,1
93,1,1,0,0,0,0,0,0,1,1,0,1,0,0,0,1,1,1,1,0,1,0,0,0,1,0,1,0,0,0,1,1,1,1,0,0,0.2777777777777778,15.503942051765879,1
94,1,1,0,0,0,1,0,0,0,1,0,1,0,0,0,1,1,1,0,0,0,0,0,0,1,0,1,0,0,0,0,1,1,1,0,1,0.3055555555555556,23.906531462084935,1
95,1,1,1,0,0,1,0,0,0,1,0,1,0,0,0,1,1,1,1,0,0,0,0,0,1,0,1,0,0,0,1,1,1,1,0,1,0.3888888888888889,23.534737595715676,1
96,0,0,1,1,1,0,1,1,1,0,1,0,1,1,1,0,0,0,0,1,0,1,0,1,0,1,0,1,1,1,0,0,0,1,1,1,0.2777777777777778,36.48939194567005,1
97,1,1,0,0,0,0,0,0,0,1,0,1,0,0,0,1,1,1,1,0,0,0,0,0,1,0,1,0,0,0,1,1,1,1,0,0,0.3611111111111111,14.945574021824763,1
98,1,1,0,0,0,0,0,0,0,0,0,1,0,0,0,1,1,1,1,0,0,0,0,0,1,0,1,0,0,0,1,1,1,1,0,1,0.3055555555555556,15.22332311519192,1
99,0,0,1,1,1,0,1,1,1,0,1,0,1,1,1,0,0,0,0,1,1,1,1,1,0,1,0,1,1,1,1,0,0,1,1,1,0.3333333333333333,57.00864231551902,1
