,0,1,2,3,4,5,6,7,8,9,10,11,12,13,14,15,16,17,18,19,20,21,22,23,24,25,26,27,28,29,30,31,32,33,34,35,chain_break_fraction,energy,num_occurrences
0,1,1,1,0,1,1,0,0,0,1,1,0,0,0,1,0,0,1,1,0,1,0,1,0,1,0,0,0,1,0,1,0,1,0,1,0,0.25,6.815797194721762,1
1,1,1,1,0,1,1,0,0,0,1,1,1,0,0,1,0,0,1,1,0,1,0,1,0,1,0,0,0,1,0,1,0,1,0,1,0,0.2777777777777778,14.732706978172512,1
2,1,1,1,0,1,1,0,0,0,1,0,0,0,0,1,0,0,1,1,0,1,0,1,0,1,0,0,0,1,0,1,0,1,0,1,0,0.25,4.857342302996388,1
3,1,1,1,0,1,1,1,0,0,1,1,0,0,0,1,1,0,1,1,1,1,0,1,0,1,0,0,0,1,0,1,0,1,0,1,0,0.25,12.929557600442244,1
4,1,1,1,0,1,1,0,0,0,1,1,0,0,0,1,0,0,1,1,0,1,0,1,0,1,0,0,0,1,0,1,0,1,0,1,0,0.25,6.815797194721762,1
5,1,1,1,0,1,1,0,0,0,1,1,0,0,0,1,0,0,1,1,0,1,0,1,0,1,0,0,0,1,0,1,0,1,0,1,0,0.3055555555555556,6.815797194721762,1
6,1,1,0,0,1,1,0,0,0,1,0,0,0,0,1,0,0,1,1,0,1,0,1,0,1,0,0,0,1,0,1,0,1,0,1,0,0.2777777777777778,3.452862858757585,1
7,1,1,1,0,0,1,1,0,0,1,1,0,0,0,1,0,0,1,1,0,1,0,1,0,1,0,0,0,1,0,0,0,1,0,1,0,0.2222222222222222,8.261827855608647,1
8,1,1,1,0,1,1,0,0,0,1,1,0,0,0,1,0,0,1,0,0,0,0,1,0,1,0,0,0,1,0,1,0,1,0,1,0,0.2777777777777778,13.00057301841808,1
9,1,1,1,1,1,1,0,0,0,1,0,0,0,0,1,0,0,1,1,0,1,0,1,0,1,0,0,0,1,0,1,0,1,0,1,0,0.2777777777777778,11.666301191474023,1
10,1,0,1,0,1,1,0,0,0,1,1,0,0,0,1,0,0,1,1,0,0,0,1,0,1,0,0,0,1,0,1,0,1,0,1,0,0.2222222222222222,7.058807525792062,1
11,1,0,1,0,1,1,0,0,0,1,1,0,0,0,1,0,0,1,1,0,1,0,1,0,1,0,0,0,1,0,1,0,1,0,1,0,0.19444444444444445,5.325976171828335,1
12,1,0,1,0,1,1,0,0,0,1,1,0,0,0,1,0,0,1,1,0,1,0,1,0,1,0,0,0,1,0,1,0,1,0,1,0,0.25,5.325976171828335,1
13,1,1,1,0,1,1,0,1,0,1,1,0,0,0,1,0,0,1,0,1,1,0,1,0,1,0,0,0,1,0,1,0,1,0,1,0,0.25,10.99946564814358,1
14,1,1,1,1,1,1,1,0,0,1,0,0,0,0,1,0,0,1,1,0,1,0,1,0,1,0,0,0,1,0,1,0,1,0,1,0,0.25,14.407265634062616,1
15,1,1,0,1,1,1,0,0,0,1,1,0,0,0,1,0,0,1,1,0,1,0,1,0,1,0,0,0,1,0,1,0,1,0,1,0,0.19444444444444445,10.72027769329811,1
16,1,1,1,0,0,1,0,0,0,1,0,0,0,0,1,0,0,1,1,0,0,0,1,0,1,0,0,0,1,0,1,0,1,0,1,0,0.2777777777777778,4.1200981135841035,1
17,1,1,1,0,1,1,0,0,0,1,1,1,0,0,1,0,0,1,0,0,1,0,1,0,1,0,0,1,1,0,1,0,1,0,1,0,0.25,14.096873616421508,1
18,1,0,1,0,1,1,0,0,0,1,1,0,0,0,1,0,0,1,1,0,1,0,0,0,1,0,0,0,1,0,1,0,1,0,1,0,0.25,6.4510698235539525,1
19,1,1,0,0,0,1,0,0,0,1,1,0,0,0,1,0,0,1,1,0,1,0,1,0,1,0,0,0,1,0,1,0,0,0,1,0,0.25,4.187421575145364,1
20,1,1,1,1,1,1,0,0,0,1,1,0,0,0,1,0,0,1,0,0,1,0,1,0,1,0,0,0,1,0,1,0,1,0,1,0,0.25,18.48507975876961,1
21,1,1,1,0,1,1,1,0,0,1,1,0,0,1,1,0,0,1,1,1,1,0,1,0,1,0,0,0,1,0,1,0,1,0,1,0,0.2222222222222222,15.0023562673901,1
22,1,1,0,0,1,1,1,0,0,1,0,0,0,0,1,0,0,1,1,1,1,0,1,0,1,0,0,0,1,0,1,0,1,0,1,0,0.19444444444444445,3.5353768148297884,1
23,1,1,1,0,1,1,0,0,0,1,1,0,0,0,1,0,1,1,1,0,1,0,1,0,1,0,0,0,1,0,1,0,1,0,1,0,0.3055555555555556,10.316490382668382,1
24,1,1,1,0,1,1,1,0,0,1,1,0,0,0,1,0,0,1,0,1,1,0,1,0,1,0,0,0,1,0,1,0,1,0,1,0,0.3055555555555556,7.477473186865099,1
25,1,1,1,0,0,1,0,0,0,1,1,0,0,0,1,0,0,1,1,1,1,0,1,0,1,0,0,0,1,0,1,0,0,0,1,0,0.25,3.851546548307332,1
26,1,1,1,0,1,1,1,0,0,1,1,0,0,0,1,1,0,1,1,0,1,0,1,0,1,0,0,1,1,0,1,0,1,0,1,0,0.2777777777777778,13.754360485873875,1
27,1,1,1,0,1,1,0,0,0,1,0,0,0,0,1,0,0,1,1,0,1,0,1,0,1,0,0,0,1,0,1,0,1,0,0,0,0.25,7.209238865030556,1
28,1,1,0,1,1,1,0,0,0,1,0,0,0,0,1,0,0,1,0,0,1,0,1,0,1,0,0,0,1,0,1,0,1,0,1,0,0.25,11.122079987616143,1
29,1,1,0,0,1,1,0,0,0,1,1,0,1,0,1,0,0,1,0,1,1,0,1,0,1,0,0,0,1,0,1,0,1,0,1,0,0.2777777777777778,7.600659583699509,1
30,1,1,0,0,1,1,0,0,0,1,1,0,0,1,1,0,0,1,0,0,1,0,1,0,1,0,0,0,1,0,1,0,1,0,1,0,0.25,17.37520674033221,1
31,1,1,1,0,1,1,0,0,0,1,1,0,0,0,1,0,0,1,1,1,1,0,1,0,1,0,0,0,1,0,1,0,1,0,1,0,0.2222222222222222,5.095164256451525,1
32,1,1,1,1,0,1,0,0,0,1,0,0,0,0,1,0,0,1,1,0,1,0,1,0,1,0,0,0,0,0,1,0,1,0,1,0,0.2777777777777778,10.708323657127552,1
33,1,1,1,0,1,1,0,0,0,1,0,0,0,1,1,0,1,1,1,1,1,0,1,0,1,0,0,0,1,0,1,0,1,0,1,0,0.2222222222222222,14.240410274440903,1
34,1,1,1,0,1,1,0,0,0,1,1,0,0,0,1,1,0,1,0,0,1,0,1,0,1,0,0,0,1,0,1,1,1,0,1,0,0.25,13.719567831166204,1
35,1,1,1,1,1,1,1,0,0,1,1,0,0,0,1,0,0,1,1,1,0,0,1,0,1,0,0,0,1,0,1,0,1,0,1,0,0.25,16.204430117778973,1
36,1,0,1,0,1,1,0,0,0,1,1,0,1,0,1,0,0,1,0,0,1,0,1,0,1,0,0,0,1,0,1,0,1,0,1,0,0.3055555555555556,10.19742769249655,1
37,1,1,1,0,1,1,0,0,0,1,0,0,0,0,1,0,0,1,0,1,1,0,1,0,1,0,0,0,1,0,1,0,1,0,0,0,0.2222222222222222,6.235012527142463,1
38,1,1,1,0,0,1,0,0,0,1,1,0,0,1,1,0,1,1,1,1,1,0,1,0,1,0,0,0,1,0,1,0,1,0,1,0,0.19444444444444445,12.147300529062534,1
39,1,1,0,0,0,1,0,0,0,1,0,0,0,0,1,0,0,1,1,0,1,0,1,0,1,0,0,0,1,0,1,0,1,0,1,0,0.19444444444444445,1.4021404252845944,1
40,1,0,1,0,0,1,1,0,0,1,1,0,1,0,1,0,0,1,1,0,1,0,1,0,1,0,0,0,0,0,1,0,1,0,1,0,0.2222222222222222,7.729015270190391,1
41,1,0,1,1,1,1,1,0,0,1,1,0,0,0,1,0,0,1,0,0,1,0,1,0,1,0,0,0,1,0,1,0,1,0,1,0,0.2222222222222222,16.347984646742187,1
42,1,0,1,0,0,1,1,0,0,1,1,0,1,0,1,0,0,1,1,0,1,0,1,0,1,0,0,0,1,0,1,0,1,0,1,0,0.25,6.496682691877144,1
43,1,1,1,0,1,1,1,0,0,1,1,0,1,0,1,0,0,1,0,1,1,0,1,0,1,0,0,0,1,0,1,0,1,0,1,0,0.2777777777777778,11.53062461966903,1
44,1,0,1,1,1,1,1,0,0,1,1,0,0,0,1,0,0,1,0,0,1,0,1,0,1,1,0,0,1,0,1,0,1,0,1,0,0.19444444444444445,12.750838111495106,1
45,1,1,1,1,1,1,1,0,0,1,1,0,0,0,1,0,0,1,0,1,1,0,1,0,1,0,0,0,1,0,1,0,1,0,1,0,0.2222222222222222,15.28642913805267,1
46,1,1,1,0,1,1,0,0,0,1,1,0,0,0,1,0,0,1,1,1,0,0,1,0,1,0,0,0,1,0,1,1,1,0,1,0,0.3055555555555556,7.430611947361621,1
47,1,1,1,0,0,1,1,0,0,1,1,0,0,0,1,0,0,1,1,0,0,0,1,0,0,0,0,0,1,0,1,1,1,0,1,0,0.25,7.9882523364198885,1
48,1,0,0,0,0,1,1,0,0,1,1,0,0,0,1,0,0,1,0,0,1,0,1,0,1,0,0,0,0,0,1,0,0,0,1,0,0.19444444444444445,7.072974882471021,1
49,1,0,1,0,1,1,1,0,0,1,1,0,0,0,1,0,0,1,0,1,1,0,1,0,1,0,0,0,1,0,1,0,0,0,1,0,0.25,7.095002426956736,1
50,1,0,1,0,1,1,0,0,0,1,1,1,0,1,1,0,0,1,0,0,1,0,1,0,1,0,0,0,1,0,1,0,0,0,1,0,0.2777777777777778,28.29783501417677,1
51,1,1,1,1,1,1,0,0,0,1,0,0,0,0,1,0,1,1,1,1,1,0,1,0,1,0,0,0,0,0,1,0,1,0,1,0,0.25,14.123828550871114,1
52,1,1,1,0,1,1,0,0,0,1,0,0,0,0,1,0,0,1,1,0,1,0,1,0,1,0,0,1,0,0,1,0,1,0,1,0,0.3611111111111111,4.909743268126533,1
53,1,0,0,0,0,1,1,0,0,1,0,1,0,0,1,0,0,1,0,0,1,0,1,0,1,0,0,0,1,0,1,0,1,0,1,0,0.2777777777777778,7.047815184170945,1
54,1,1,1,1,0,1,1,0,0,1,0,0,0,0,1,0,1,1,0,0,1,0,1,0,1,0,0,0,1,0,1,0,1,0,1,0,0.3055555555555556,18.426242953815873,1
55,1,0,1,0,0,1,1,0,0,1,0,0,0,0,1,0,0,1,0,0,1,0,1,0,0,0,0,0,1,0,1,0,1,0,1,0,0.2222222222222222,5.777931664713922,1
56,1,1,1,0,1,1,1,0,0,1,1,0,0,0,1,0,0,1,1,1,1,0,1,0,1,0,0,0,1,0,0,0,1,0,1,0,0.2777777777777778,7.629227171326553,1
57,1,1,0,0,1,1,1,0,0,1,1,0,0,0,1,0,1,0,1,1,0,0,1,0,1,0,0,0,1,0,1,0,1,0,1,0,0.25,3.2212743141140465,1
58,0,1,0,1,1,0,1,1,1,0,0,0,1,0,0,1,0,0,0,1,0,1,0,1,0,1,1,0,0,1,0,0,0,1,0,1,0.2222222222222222,17.528873252592447,1
59,1,0,0,0,1,1,0,0,0,1,0,1,0,0,1,0,0,1,1,0,1,0,1,0,1,0,0,0,1,0,1,0,0,0,1,0,0.2222222222222222,7.7538472058778645,1
60,1,0,1,0,1,1,0,0,0,1,1,0,0,0,1,0,0,1,0,0,1,0,0,0,1,0,0,1,1,0,1,0,1,0,1,0,0.2777777777777778,7.1036236326520985,1
61,1,0,1,0,1,1,1,0,0,1,0,0,0,0,1,0,0,1,0,0,1,0,1,0,1,0,0,0,1,0,0,0,1,0,1,0,0.2777777777777778,8.114024963989966,1
62,1,1,1,1,1,1,0,0,0,1,0,0,0,0,1,0,0,1,1,0,1,0,1,0,1,0,0,0,1,0,1,1,0,0,1,0,0.3055555555555556,10.60017437577435,1
63,0,1,0,1,1,0,1,1,1,0,0,0,1,0,0,1,1,0,1,0,0,1,0,1,0,1,1,0,0,1,0,0,0,1,0,1,0.3055555555555556,13.759970035224967,1
64,0,1,0,0,0,0,1,1,1,0,0,0,1,0,0,0,1,0,0,1,0,1,0,1,0,1,1,0,0,1,0,0,0,1,0,1,0.3333333333333333,25.714456398056413,1
65,1,1,1,0,1,1,1,0,0,1,1,0,0,0,1,0,0,1,1,1,1,0,1,0,1,1,0,0,1,0,1,0,1,0,1,0,0.3333333333333333,5.116082040599283,1
66,1,0,1,0,1,1,1,0,0,1,1,0,0,0,1,0,0,1,0,1,1,0,1,0,0,0,0,0,1,0,1,0,0,0,1,0,0.2777777777777778,9.484791621099044,1
67,1,1,1,1,1,1,0,0,0,1,0,1,0,0,1,0,0,1,0,0,1,0,1,0,1,0,0,1,1,0,1,0,1,0,1,0,0.2777777777777778,18.43850650817328,1
68,1,0,1,1,1,1,1,0,0,1,0,0,0,0,1,0,0,1,0,0,1,0,1,0,1,1,0,0,1,0,1,0,1,0,1,0,0.25,10.906045487653762,1
69,1,1,1,1,1,1,0,0,0,1,0,0,0,0,1,0,0,1,0,1,1,0,0,0,1,0,0,0,1,0,1,0,1,0,1,0,0.2777777777777778,12.850326615064699,1
70,0,1,0,0,1,0,1,1,1,0,1,0,1,0,0,1,1,0,0,1,0,1,0,1,0,1,1,0,0,1,0,0,0,1,0,1,0.2777777777777778,16.3559223450248,1
71,1,1,1,0,1,1,0,0,0,1,0,0,1,0,1,0,1,1,0,0,1,0,1,0,1,0,0,0,1,0,1,0,1,0,1,0,0.3055555555555556,15.272931146928741,1
72,1,0,0,0,0,1,1,0,0,1,1,0,0,0,1,0,0,1,0,0,0,0,1,0,0,0,0,0,1,0,1,0,1,0,1,0,0.25,8.03774624034888,1
73,1,1,1,0,0,1,0,0,0,1,1,0,0,0,1,0,0,1,1,0,1,0,0,0,1,0,0,1,1,0,1,1,0,0,0,0,0.25,5.086639748151436,1
74,0,1,0,0,1,0,0,1,1,0,1,0,1,0,0,1,1,0,1,0,0,1,0,1,0,1,1,0,0,1,0,0,0,1,0,1,0.2777777777777778,14.478585214798331,1
75,1,1,1,1,0,1,1,0,0,1,0,0,0,0,1,0,0,1,0,1,1,0,1,0,1,0,0,0,1,0,1,0,1,0,1,0,0.3055555555555556,8.76917985469253,1
76,1,0,1,0,1,1,1,0,0,1,0,0,0,0,1,0,0,1,0,1,1,0,1,0,1,0,0,0,1,0,1,0,0,0,1,0,0.2222222222222222,5.6362921393575895,1
77,1,1,1,1,1,1,0,0,0,1,1,0,0,0,0,0,0,1,0,1,1,0,0,0,1,0,0,0,1,0,1,0,1,0,1,0,0.2777777777777778,12.793192692545425,1
78,0,1,0,0,0,0,1,1,1,0,0,0,1,1,0,1,1,0,1,0,0,1,0,1,0,1,1,0,0,1,0,0,0,1,0,1,0.3055555555555556,15.400466734687827,1
79,1,1,0,0,1,1,1,0,0,1,1,0,0,0,1,0,0,1,0,1,1,0,1,0,1,0,0,0,1,0,1,0,1,0,1,0,0.25,5.57299521127131,1
80,1,0,0,1,1,1,0,0,0,1,1,0,0,0,1,0,0,1,0,0,1,0,1,0,1,0,0,0,1,0,1,0,0,0,1,0,0.3055555555555556,12.187223958602202,1
81,1,1,1,0,0,1,0,0,0,1,1,0,0,0,1,0,0,1,0,1,1,0,1,0,1,0,0,0,0,0,1,0,1,1,1,0,0.2777777777777778,3.879158948014193,1
82,1,0,0,0,0,1,1,0,0,1,0,0,1,0,1,0,0,1,1,0,1,0,0,0,1,0,0,0,1,0,0,0,1,0,1,0,0.25,5.740544609912066,1
83,0,1,0,0,0,0,1,1,1,0,1,0,1,0,0,1,1,0,0,1,0,1,0,1,0,1,1,0,0,1,0,0,0,1,0,1,0.25,18.128253501853607,1
84,1,1,0,1,1,1,1,0,0,1,1,0,0,0,1,0,1,1,0,1,1,0,1,0,1,0,0,0,1,0,0,0,1,0,1,0,0.3333333333333333,18.880310982798115,1
85,1,1,1,0,0,1,0,0,0,1,1,0,1,0,1,0,1,1,1,0,1,0,1,0,1,0,0,0,1,0,1,0,1,0,1,0,0.2777777777777778,10.316490382668384,1
86,0,1,0,1,1,0,1,1,1,0,1,0,1,0,0,0,1,0,0,0,0,1,0,1,0,1,1,1,0,1,0,0,0,1,0,1,0.3055555555555556,20.78346132120827,1
87,0,1,1,0,0,0,1,1,1,0,0,0,1,1,0,1,0,0,1,0,0,1,0,1,0,1,1,0,0,1,0,0,0,1,0,1,0.2777777777777778,15.197078891176803,1
88,0,0,0,0,0,0,1,1,1,0,1,0,1,0,0,1,1,0,0,0,0,1,0,1,0,1,1,0,0,1,0,0,0,1,0,1,0.25,21.888187154170893,1
89,0,1,0,0,1,0,1,1,1,0,0,0,0,0,0,1,1,0,0,0,0,1,0,1,0,1,1,0,0,1,0,0,0,1,0,1,0.3055555555555556,15.172649224270577,1
90,1,0,0,0,1,1,1,0,0,1,0,1,0,0,1,0,0,1,1,1,0,0,1,0,1,0,0,1,1,0,1,0,1,0,1,0,0.25,11.082174860383748,1
91,0,1,0,0,0,0,1,1,1,0,1,0,1,0,0,1,1,0,0,0,1,1,0,1,0,1,1,0,0,1,0,0,0,1,0,1,0.3611111111111111,16.302123794476245,1
92,1,0,1,1,1,1,1,0,0,1,0,0,0,0,1,0,0,1,0,1,1,0,1,0,1,0,0,0,1,0,0,0,1,0,1,0,0.2777777777777778,11.303435034848908,1
93,0,1,0,0,0,0,0,1,1,0,1,0,1,0,0,1,1,0,0,0,0,1,0,1,1,1,1,0,0,1,0,0,0,1,0,1,0.2777777777777778,17.01548126771967,1
94,0,1,0,0,1,0,0,1,1,0,1,0,1,1,0,1,1,0,0,1,0,1,0,1,0,1,1,0,0,1,0,0,0,1,0,1,0.3055555555555556,17.42082937790581,1
95,0,1,0,0,1,0,1,1,1,0,0,0,1,0,0,1,1,0,0,0,0,1,0,1,0,1,1,0,0,1,0,0,1,1,0,1,0.3888888888888889,16.8017693396311,1
96,0,1,0,0,1,0,0,1,1,0,0,1,1,1,0,1,1,0,1,0,1,1,0,1,0,1,1,0,0,1,0,0,0,1,0,1,0.2777777777777778,17.550253646652358,1
97,1,1,0,1,1,1,1,0,0,1,1,0,0,1,1,0,0,1,0,1,1,0,1,0,1,1,0,0,1,0,1,1,1,0,1,0,0.2222222222222222,16.032842307625305,1
98,0,1,0,0,1,0,1,1,1,0,1,0,0,0,0,1,1,0,0,0,0,1,0,1,0,1,1,0,0,1,0,0,0,1,0,1,0.4166666666666667,13.587677911627468,1
99,0,1,0,0,0,0,0,1,1,1,0,1,1,0,0,1,1,0,0,0,0,1,0,1,1,1,1,0,0,1,0,0,0,1,0,1,0.3055555555555556,16.570413122304572,1
