,0,1,2,3,4,5,6,7,8,9,10,11,12,13,14,15,16,17,18,19,20,21,22,23,24,25,26,27,28,29,30,31,32,33,34,35,chain_break_fraction,energy,num_occurrences
0,0,1,0,1,1,0,0,0,1,0,0,0,0,1,0,1,1,1,0,1,0,0,0,0,1,0,1,0,0,1,0,0,1,1,0,1,0.2222222222222222,12.321727702582793,1
1,0,1,0,1,0,0,0,0,0,0,0,0,0,1,0,1,1,1,0,0,0,0,0,0,1,0,1,0,0,1,0,0,1,1,0,1,0.19444444444444445,9.076244756350802,1
2,0,1,0,1,1,0,0,0,0,0,0,0,0,1,0,1,1,1,0,1,0,0,0,0,1,0,1,0,0,1,0,0,1,1,0,1,0.2222222222222222,11.801294858905822,1
3,0,0,0,1,1,0,0,0,0,0,0,1,0,1,0,1,1,1,0,0,0,0,0,0,1,0,1,0,0,1,0,0,1,1,0,1,0.19444444444444445,11.993264826127545,1
4,0,1,0,1,1,0,0,0,1,0,0,0,0,1,0,1,1,1,0,0,0,0,0,0,1,0,1,0,0,1,0,0,1,1,0,1,0.2222222222222222,11.615635519946958,1
5,0,0,0,1,0,0,0,0,1,0,0,0,0,1,0,1,0,1,0,1,1,0,0,0,1,0,1,0,0,0,0,0,1,0,0,1,0.19444444444444445,8.332576041073015,1
6,0,1,0,1,0,1,0,0,0,0,0,0,0,1,0,1,1,1,0,0,0,0,0,0,1,0,1,0,0,1,0,0,1,1,0,1,0.25,13.108641407375783,1
7,0,1,0,1,0,0,0,0,0,0,0,0,0,1,0,1,1,1,0,1,0,0,0,0,1,0,1,0,0,0,0,0,1,1,0,1,0.2222222222222222,12.984166310868945,1
8,0,0,0,1,1,0,0,0,0,0,0,0,0,1,0,1,1,1,0,0,0,0,0,0,1,0,1,0,0,1,0,0,1,1,0,1,0.25,7.093163415001127,1
9,0,0,0,1,1,0,0,0,0,0,0,0,0,1,0,1,0,1,0,0,0,0,0,0,1,0,1,0,0,0,0,0,1,1,0,1,0.25,7.540704425061375,1
10,0,0,0,1,1,0,0,0,0,0,0,1,0,1,0,1,1,1,0,1,0,0,0,1,1,0,1,0,0,1,0,0,1,1,0,1,0.19444444444444445,19.32584527796037,1
11,0,1,0,1,1,0,0,0,0,0,0,1,0,1,0,1,1,1,0,1,0,0,0,0,1,0,1,0,0,1,0,0,1,1,0,1,0.19444444444444445,16.65883275740685,1
12,0,1,0,1,1,0,0,0,1,0,0,0,0,1,0,1,1,1,0,0,0,0,0,0,1,0,1,0,0,1,1,0,1,1,0,1,0.25,10.236086439878573,1
13,0,0,1,1,1,0,0,0,0,0,0,1,0,1,0,1,1,1,0,1,0,0,0,0,1,0,1,0,0,1,0,0,1,1,0,1,0.25,15.159554383556118,1
14,0,1,0,1,1,0,0,0,0,0,0,0,1,1,0,1,1,1,0,0,0,0,0,0,1,0,1,0,0,1,0,0,1,1,0,1,0.25,12.542495150685637,1
15,0,1,0,1,1,0,0,0,0,0,0,0,0,1,0,1,1,1,0,0,0,0,0,0,1,0,1,0,0,1,0,0,1,1,0,1,0.2777777777777778,10.092443081863314,1
16,0,0,0,1,0,0,0,0,1,0,0,0,0,1,0,1,1,1,0,1,0,0,0,0,1,0,1,0,0,0,0,0,1,0,0,1,0.2222222222222222,10.867113943501632,1
17,0,0,0,1,0,0,0,0,1,0,0,0,0,1,1,1,1,1,0,1,0,0,1,0,1,0,1,0,0,0,0,0,1,1,0,1,0.25,13.762430389824898,1
18,0,1,0,1,0,0,1,0,1,0,0,0,0,1,1,1,1,1,0,1,0,0,0,0,1,0,1,0,0,1,0,0,1,1,0,1,0.2222222222222222,14.368590277532777,1
19,0,1,0,1,0,1,0,0,0,0,0,0,0,1,0,1,0,1,0,1,0,0,0,0,1,0,1,0,0,1,0,0,0,1,0,1,0.2222222222222222,13.02621375547505,1
20,0,1,0,1,1,0,0,0,0,0,0,0,0,1,0,1,1,1,0,1,0,0,1,0,1,0,1,0,0,1,0,0,1,1,0,1,0.25,13.655720747427088,1
21,0,1,0,1,1,0,0,0,1,0,0,0,0,1,0,1,1,1,0,0,1,0,0,0,1,0,1,0,0,1,0,0,1,1,0,1,0.2222222222222222,10.76772027853121,1
22,0,1,0,1,0,0,0,0,1,0,0,0,0,1,0,1,1,1,0,0,0,0,0,0,1,0,1,0,0,1,0,0,0,1,0,1,0.3055555555555556,11.25430358565613,1
23,0,1,0,1,1,0,0,0,1,0,0,1,0,1,0,1,1,1,0,1,0,0,0,1,1,0,1,0,0,1,0,0,1,1,0,1,0.25,20.850742338369578,1
24,0,0,0,1,0,0,0,0,0,0,0,0,0,1,0,1,1,1,0,1,0,0,0,0,1,0,1,0,0,1,0,0,0,1,0,1,0.19444444444444445,10.203659783991757,1
25,0,1,0,1,1,0,0,0,0,0,0,0,0,1,0,1,1,1,0,0,0,0,0,1,1,0,1,0,0,1,0,0,1,1,0,1,0.25,11.801294858905822,1
26,0,1,0,1,1,0,0,0,0,0,0,0,0,1,0,1,1,1,0,0,0,0,1,0,1,0,1,0,0,1,0,0,1,1,0,1,0.19444444444444445,9.946868970384564,1
27,0,1,0,1,1,0,0,0,1,0,0,0,0,1,0,1,1,1,0,0,0,0,0,0,1,0,1,1,0,1,0,0,1,1,0,1,0.2777777777777778,11.390550854873487,1
28,0,1,0,1,1,0,0,0,1,0,0,0,0,1,0,1,1,1,0,0,0,0,0,0,1,0,1,0,0,1,0,0,1,1,0,1,0.25,11.615635519946958,1
29,0,1,0,1,1,0,0,0,0,0,0,0,0,1,0,1,1,1,0,1,0,0,0,1,1,0,1,0,0,0,0,0,1,1,0,1,0.2777777777777778,17.290776069780527,1
30,0,1,0,1,0,0,0,0,1,0,0,0,1,1,0,1,1,1,0,0,0,0,0,1,1,0,1,0,0,0,0,0,1,1,0,1,0.2222222222222222,16.209569709415355,1
31,0,1,0,1,1,0,0,0,1,0,0,1,0,1,0,1,1,1,0,1,0,0,0,0,1,0,1,0,0,1,0,0,1,1,0,1,0.25,18.18721639487741,1
32,0,0,0,1,0,0,0,0,0,0,0,1,0,1,0,1,1,1,0,0,0,0,0,0,1,0,1,0,0,1,0,0,1,1,0,1,0.2777777777777778,10.91342161543111,1
33,0,0,1,1,0,0,0,0,1,0,0,0,0,1,0,1,0,1,0,0,1,0,0,0,1,0,1,0,0,0,0,0,1,1,0,1,0.25,9.042416507994442,1
34,0,1,0,1,1,0,0,0,1,0,0,0,0,1,0,1,1,1,0,0,0,0,0,0,1,0,1,0,0,1,0,0,1,1,1,1,0.2222222222222222,11.095518834226313,1
35,0,1,0,1,1,0,0,0,0,0,0,0,0,1,0,1,1,1,0,0,0,0,0,0,1,0,1,0,0,1,0,0,1,1,0,1,0.25,10.092443081863314,1
36,0,1,0,1,1,1,0,0,1,0,0,0,0,1,0,1,0,1,0,1,0,0,0,0,1,0,1,0,0,1,0,0,1,1,0,1,0.25,16.076920955883224,1
37,0,1,0,1,0,0,0,0,0,0,0,0,0,1,0,1,0,1,0,0,0,0,0,0,0,0,1,0,0,1,0,0,1,1,0,1,0.2222222222222222,7.991031324115255,1
38,0,0,0,1,1,0,0,0,1,1,0,0,0,1,0,1,1,1,0,1,1,0,0,0,1,0,1,0,0,1,0,0,1,1,0,1,0.2777777777777778,13.741962785747463,1
39,0,0,0,1,1,0,0,0,0,0,0,0,0,1,0,1,1,1,0,0,0,0,0,1,1,0,1,0,0,1,0,0,0,1,0,1,0.2222222222222222,9.734985738269653,1
40,0,0,0,1,0,1,0,0,0,0,0,0,0,1,0,1,1,1,0,0,1,0,0,0,1,0,1,0,0,1,0,0,1,1,0,1,0.19444444444444445,9.309570454756784,1
41,0,0,0,1,0,0,0,0,1,0,0,0,1,1,0,1,0,1,0,1,0,0,0,0,1,0,1,0,0,0,0,0,1,1,1,1,0.2222222222222222,12.100970770984924,1
42,0,0,0,1,0,0,0,1,1,0,0,0,0,1,1,1,1,1,0,1,1,0,0,0,1,0,1,0,0,1,0,0,1,1,0,1,0.19444444444444445,14.143450529614325,1
43,0,1,0,1,0,0,0,0,0,0,0,0,0,1,1,1,1,1,0,1,1,0,0,0,1,0,1,0,0,0,0,0,1,1,0,1,0.2222222222222222,15.34242358320522,1
44,0,0,0,1,1,0,0,0,1,0,0,0,0,1,0,1,1,1,0,1,0,0,0,1,1,0,1,0,0,1,0,0,1,1,0,1,0.19444444444444445,17.02854959439155,1
45,0,1,0,1,0,1,0,0,0,0,0,0,0,1,0,1,1,1,0,1,0,0,0,0,1,0,1,0,0,1,0,0,1,0,0,1,0.16666666666666666,14.714414057079853,1
46,0,1,0,1,0,0,0,0,1,0,0,1,1,1,0,1,1,1,0,1,0,0,0,0,1,0,1,0,0,1,0,0,1,1,0,1,0.25,19.81293842559341,1
47,1,1,0,1,0,0,0,0,1,0,0,0,1,1,0,1,1,1,0,0,0,0,0,0,1,0,1,0,0,1,0,0,1,1,0,1,0.25,15.325192178094673,1
48,0,1,0,1,1,0,0,0,1,0,0,1,0,1,0,1,1,1,0,1,0,0,0,1,1,0,1,0,0,1,0,0,1,1,0,1,0.2222222222222222,20.850742338369578,1
49,0,1,0,1,0,0,0,1,1,0,0,0,0,1,0,1,1,1,0,1,0,0,0,1,1,0,1,0,0,1,0,0,0,1,0,1,0.2222222222222222,18.624343658998015,1
50,0,1,0,1,0,0,0,0,1,0,0,0,0,1,0,1,1,1,0,0,0,0,0,0,1,0,1,1,0,0,0,0,1,1,0,1,0.2777777777777778,13.25229116360399,1
51,0,1,0,1,0,0,0,0,1,0,0,0,0,1,0,1,1,1,0,0,0,0,1,0,1,0,1,0,0,1,0,0,1,1,0,1,0.16666666666666666,9.756759677417836,1
52,0,1,0,1,1,0,0,0,0,0,0,0,0,1,0,1,1,1,0,0,0,0,0,1,1,0,1,0,0,1,0,0,1,1,0,1,0.25,11.801294858905822,1
53,0,0,0,1,0,0,0,0,0,0,0,0,0,1,0,1,0,1,1,0,0,0,0,0,1,0,1,0,0,0,0,0,1,0,0,1,0.16666666666666666,6.942875146481192,1
54,0,0,0,1,0,0,0,0,1,0,0,1,0,1,0,1,1,1,0,0,0,0,0,0,1,0,1,1,0,1,0,0,1,0,0,1,0.19444444444444445,13.141541390124313,1
55,0,1,0,1,1,0,0,0,0,0,0,0,0,1,0,1,1,1,0,1,0,0,0,0,1,0,0,0,0,1,0,0,1,1,0,1,0.25,11.993479328531103,1
56,0,1,0,1,0,0,0,0,0,0,0,0,0,1,0,1,0,1,0,0,1,0,0,0,1,0,1,0,0,1,0,0,1,1,1,1,0.19444444444444445,10.706718570471633,1
57,0,1,0,1,1,0,0,0,0,0,0,0,0,1,0,1,1,1,0,1,1,0,0,0,1,0,1,0,0,1,0,0,1,1,0,1,0.25,12.879840884500242,1
58,0,1,0,1,1,0,0,0,1,0,0,0,0,1,0,1,1,1,0,0,0,0,0,1,1,0,1,0,0,1,0,0,1,1,0,1,0.2777777777777778,12.321727702582793,1
59,0,1,0,1,1,0,0,0,0,1,0,0,0,1,0,1,1,1,0,1,0,0,0,0,1,0,1,0,0,1,0,0,1,1,1,1,0.2777777777777778,15.522618120645353,1
60,0,0,0,1,1,0,0,0,0,0,0,0,0,1,0,1,1,1,0,0,0,0,0,0,1,0,1,0,0,1,0,0,1,1,0,1,0.2777777777777778,7.093163415001127,1
61,0,1,0,1,1,0,0,0,0,0,0,0,0,1,0,1,1,1,0,0,0,0,0,0,1,0,1,0,0,1,0,0,1,1,0,1,0.3055555555555556,10.092443081863314,1
62,0,0,0,1,1,0,0,0,1,0,0,0,0,1,0,1,1,1,0,1,1,0,0,0,1,0,1,0,0,1,0,0,0,1,0,0,0.19444444444444445,7.979807054177485,1
63,0,1,0,1,1,0,0,0,1,0,0,0,0,1,1,1,1,1,0,0,0,0,0,0,1,0,1,0,0,1,0,0,1,1,1,1,0.25,13.577331151450812,1
64,0,1,0,1,1,0,1,0,0,1,0,0,0,1,0,1,1,1,0,1,0,0,0,1,1,0,1,0,0,1,0,0,1,1,0,1,0.19444444444444445,19.39321044509316,1
65,0,1,0,1,1,0,0,0,1,0,0,0,0,0,0,1,1,1,0,1,0,0,0,0,1,0,1,0,0,1,0,0,1,1,1,1,0.25,12.638381058895837,1
66,0,1,0,1,0,0,0,0,0,0,0,0,0,1,0,1,1,1,0,0,0,0,0,1,1,0,1,0,0,1,0,0,0,1,0,1,0.3055555555555556,11.202934765999641,1
67,0,0,0,1,1,0,0,0,0,1,0,0,0,1,1,1,1,1,0,1,1,0,0,0,1,0,1,0,0,1,0,0,1,1,0,1,0.19444444444444445,13.576369364061,1
68,0,1,0,1,0,0,0,0,0,0,0,0,0,1,0,1,0,1,0,1,0,0,0,0,1,0,1,0,0,0,1,0,0,1,0,1,0.3055555555555556,11.058376470877462,1
69,0,1,1,1,0,0,0,0,0,0,0,0,0,1,0,1,0,1,0,0,0,0,0,0,1,0,1,0,0,1,0,0,1,1,0,1,0.19444444444444445,9.683833013387336,1
70,0,1,0,1,0,0,0,0,1,1,0,0,0,1,0,1,0,1,0,1,0,0,0,0,1,0,1,0,0,1,0,0,1,1,0,1,0.2777777777777778,14.089735711712633,1
71,0,0,0,1,1,0,0,0,0,0,1,0,0,1,0,1,1,1,0,1,0,0,0,0,1,0,1,0,0,1,0,0,0,0,0,1,0.19444444444444445,11.59092049232077,1
72,0,1,0,1,1,0,0,0,1,0,0,0,0,1,0,1,1,1,0,0,1,0,0,1,1,0,1,0,0,1,0,0,0,1,0,1,0.3055555555555556,12.330367506192934,1
73,0,1,0,1,1,0,0,0,0,0,0,0,0,1,0,1,1,1,0,0,0,0,0,0,1,0,1,0,0,1,0,0,1,1,1,0,0.16666666666666666,10.112442276785309,1
74,0,1,0,1,1,0,0,0,0,0,0,0,0,1,0,1,0,1,0,0,1,0,0,0,1,0,1,0,0,1,0,0,1,1,0,1,0.2777777777777778,8.98164754164877,1
75,0,1,0,1,0,0,0,0,1,0,0,0,1,1,0,1,0,1,0,0,1,0,0,0,1,0,1,0,0,1,0,0,1,1,0,1,0.25,10.141983992586951,1
76,0,1,0,1,0,1,0,0,0,0,0,0,0,1,0,1,1,1,0,1,0,0,0,1,1,0,1,0,0,0,0,0,0,1,0,1,0.2222222222222222,19.43226921396304,1
77,0,1,0,1,1,0,0,0,0,0,0,1,0,1,0,1,1,1,0,0,0,0,0,0,1,0,1,0,0,0,0,0,1,1,0,1,0.2777777777777778,23.608670921302824,1
78,0,1,1,1,0,0,0,0,0,0,0,0,1,1,0,1,1,1,0,1,0,0,0,1,1,0,1,0,0,1,0,0,1,1,0,1,0.25,18.87108545093939,1
79,0,0,0,1,0,0,1,0,0,0,0,0,0,1,0,1,0,1,0,1,0,0,0,0,1,0,1,0,0,0,0,0,1,0,0,1,0.16666666666666666,9.19643258037614,1
80,0,1,0,1,0,0,0,0,0,0,0,0,0,1,0,1,0,1,0,1,0,0,0,1,1,0,0,0,0,1,0,0,1,1,0,1,0.2777777777777778,17.81872100229578,1
81,0,0,0,1,1,0,0,1,0,0,0,0,0,1,1,1,1,1,0,0,0,0,0,0,1,0,1,0,0,0,1,0,1,1,0,1,0.2777777777777778,17.1193633509466,1
82,0,0,1,1,0,0,1,0,0,0,0,0,0,1,0,1,0,1,0,0,0,0,0,0,1,0,1,0,0,1,0,0,1,1,0,1,0.25,8.060528631550735,1
83,0,1,1,1,1,0,0,0,0,0,0,1,0,1,0,1,1,1,0,1,1,0,0,0,1,0,1,0,0,1,0,0,1,0,0,1,0.25,19.639450032897344,1
84,0,1,0,1,1,0,1,0,0,0,0,0,0,1,0,1,1,1,0,0,0,0,0,0,1,0,1,0,0,1,0,0,1,1,0,1,0.25,11.969552431372561,1
85,0,1,0,1,1,0,0,0,1,0,0,0,0,1,0,1,1,1,1,0,1,0,0,1,1,0,0,0,0,0,0,0,1,1,0,1,0.2222222222222222,16.294090018839846,1
86,0,1,1,1,1,0,0,0,1,0,0,0,0,1,0,1,0,1,0,0,0,0,0,0,1,0,1,0,0,1,1,0,0,0,0,1,0.16666666666666666,16.73518710405542,1
87,0,1,0,1,1,0,0,0,0,0,0,0,0,1,0,1,1,1,0,0,0,0,0,1,0,0,1,0,0,1,0,0,1,0,0,1,0.16666666666666666,12.161728544046397,1
88,0,1,0,1,1,0,0,1,0,0,0,0,0,0,0,1,0,1,0,0,0,0,0,0,1,0,1,0,0,1,0,0,0,0,0,1,0.1111111111111111,12.759958497472823,1
89,0,0,0,1,1,0,0,0,1,1,1,0,0,1,1,1,0,1,0,0,1,0,0,0,1,0,1,0,0,0,0,0,1,1,1,1,0.25,17.71733365893698,1
90,0,1,1,1,1,0,0,0,1,0,0,0,0,1,0,1,1,1,0,1,0,0,0,1,1,0,1,0,0,1,0,0,1,1,0,1,0.2777777777777778,18.027825853865735,1
91,0,1,0,1,1,0,0,0,0,0,0,0,0,1,0,1,0,1,0,0,1,0,0,0,1,0,1,0,0,0,1,0,0,0,1,1,0.2222222222222222,11.312075047815782,1
92,0,0,0,1,0,0,0,0,0,1,0,0,0,1,0,1,1,1,0,0,1,0,0,1,1,0,1,0,0,1,0,0,1,1,0,1,0.3055555555555556,12.899028217340367,1
93,0,0,1,1,1,0,1,0,1,0,0,0,0,1,0,1,1,1,0,1,1,0,0,1,1,0,1,0,0,1,0,0,0,1,0,1,0.2777777777777778,16.87250524259108,1
94,0,1,0,1,1,0,0,0,0,0,0,0,0,1,0,1,1,1,0,0,1,0,0,0,1,0,1,0,0,0,0,0,0,1,1,1,0.3055555555555556,13.182157261030937,1
95,1,1,0,1,1,0,0,0,0,0,1,0,0,1,0,1,1,1,0,0,0,0,0,1,1,0,1,0,0,1,0,0,0,1,0,1,0.25,16.183079659376723,1
96,0,0,1,1,1,0,0,0,0,0,1,0,0,0,0,1,0,0,1,0,0,0,0,0,1,0,1,0,1,0,0,0,1,1,0,0,0.1111111111111111,2.953407430949816,1
97,0,0,0,1,1,0,0,0,0,1,0,0,0,1,0,1,1,1,0,0,0,0,0,1,1,0,1,0,0,1,1,0,0,0,0,1,0.2777777777777778,12.72043344746021,1
98,1,0,1,0,1,0,0,1,0,1,1,0,1,0,1,0,0,1,1,1,0,1,1,0,0,1,0,1,1,0,1,1,0,0,1,0,0.3611111111111111,21.26584555965182,1
99,1,0,1,0,1,0,1,1,0,1,1,1,0,0,1,0,1,1,0,1,0,1,1,0,0,1,0,1,1,1,1,1,0,0,1,0,0.25,21.48904081175029,1
