,0,1,2,3,4,5,6,7,8,9,10,11,12,13,14,15,16,17,18,19,20,21,22,23,24,25,26,27,28,29,30,31,32,33,34,35,chain_break_fraction,energy,num_occurrences
0,0,0,1,0,1,0,1,1,1,0,0,0,1,0,0,1,0,0,0,0,1,1,0,1,1,0,0,0,0,0,1,1,0,0,0,0,0.2777777777777778,2.52526941670966,1
1,0,0,1,0,1,0,1,1,1,0,0,0,1,1,0,1,0,0,0,0,1,1,0,1,1,0,0,0,0,1,1,1,0,0,0,0,0.3055555555555556,6.881322809608408,1
2,0,0,1,0,1,0,1,1,1,0,0,0,1,1,0,1,0,0,0,0,1,1,0,0,1,0,0,0,0,0,1,1,0,0,0,0,0.3055555555555556,8.545494449581374,1
3,0,0,1,0,1,0,1,1,1,0,0,0,1,0,0,1,0,1,0,0,1,1,0,0,1,0,0,0,0,0,1,1,0,0,0,0,0.2777777777777778,7.580078293208917,1
4,0,0,1,0,1,0,1,1,1,0,0,0,1,0,0,1,0,1,0,0,1,1,0,0,1,0,0,0,0,0,1,1,1,0,0,0,0.25,5.867195197535139,1
5,0,0,1,0,1,0,1,1,1,0,0,0,1,1,0,1,0,0,0,0,1,1,0,1,1,0,0,0,0,1,1,1,1,0,0,0,0.2777777777777778,7.494430176726459,1
6,1,0,1,0,1,0,1,1,1,0,0,0,1,0,0,1,0,0,0,0,1,1,0,0,1,0,0,0,0,0,1,1,0,0,0,0,0.2777777777777778,4.554966847105462,1
7,1,0,1,0,1,0,1,1,1,0,0,0,1,0,0,1,0,0,0,0,1,1,0,1,1,0,0,0,0,0,1,1,0,0,0,0,0.2777777777777778,2.5252726637695235,1
8,0,0,1,0,1,0,1,1,1,0,0,0,1,1,0,1,0,1,0,0,1,1,0,0,1,0,0,0,0,1,1,1,1,0,0,0,0.2777777777777778,8.692626873437424,1
9,0,0,1,0,1,0,1,1,1,0,0,0,1,0,0,1,0,1,0,0,1,1,0,1,1,0,0,0,0,0,1,1,1,0,0,0,0.25,3.9942641876742435,1
10,0,0,1,0,1,0,1,1,1,0,0,0,1,1,0,1,0,0,0,0,1,1,0,1,1,0,0,0,0,0,1,1,0,1,0,0,0.2777777777777778,6.722167819207268,1
11,1,0,1,0,1,0,1,1,1,0,0,0,1,1,0,1,0,0,0,0,1,1,0,0,1,0,0,0,0,0,1,1,0,0,0,0,0.3333333333333333,10.545497697743388,1
12,1,0,1,0,1,0,1,1,1,0,0,0,1,1,0,1,0,0,0,0,1,1,0,1,1,0,0,0,0,0,1,1,0,0,0,0,0.25,6.515782200853413,1
13,0,0,1,0,1,0,1,1,1,0,0,0,1,1,0,1,0,0,0,0,1,1,0,1,1,0,0,0,0,1,1,1,0,0,0,0,0.3055555555555556,6.881322809608408,1
14,1,0,1,0,1,0,1,1,1,0,0,0,1,1,0,1,0,0,0,0,1,1,0,1,1,0,0,0,0,1,1,1,0,0,0,0,0.25,6.881326035337292,1
15,0,0,1,0,1,0,1,1,1,0,0,0,1,1,0,1,0,0,0,0,1,1,0,1,1,0,0,0,0,0,1,1,0,0,0,0,0.3055555555555556,5.515778953793547,1
16,1,0,1,0,1,0,1,1,1,0,0,0,1,1,0,1,0,0,0,0,1,1,0,1,1,0,0,0,0,0,1,1,0,1,0,0,0.3055555555555556,6.722171066267112,1
17,0,0,1,0,1,0,1,1,1,0,0,0,1,0,0,1,1,0,0,0,1,1,0,1,1,0,0,0,0,0,1,1,0,0,0,0,0.25,2.4595681283522155,1
18,0,0,1,0,1,0,1,1,1,0,0,0,1,1,0,1,0,0,0,0,1,1,0,1,1,0,0,0,0,1,1,1,0,0,0,0,0.3055555555555556,6.881322809608408,1
19,0,0,1,0,1,0,1,1,1,0,0,0,1,1,0,1,0,0,0,0,1,1,0,0,1,0,0,0,0,1,1,1,0,0,0,0,0.3333333333333333,7.742607882223242,1
20,1,0,1,0,1,0,1,1,1,0,0,0,1,1,0,1,0,0,0,0,1,1,0,0,1,0,0,0,0,0,1,1,0,0,0,0,0.3333333333333333,10.545497697743388,1
21,0,0,1,0,1,0,1,1,1,0,0,0,1,0,0,1,0,0,0,0,1,1,0,1,1,0,0,0,0,0,1,1,0,0,0,0,0.3055555555555556,2.52526941670966,1
22,0,0,1,0,1,0,1,1,1,0,0,0,1,0,0,1,0,0,0,0,1,1,0,0,1,0,0,0,0,0,1,1,0,0,0,0,0.25,3.554963598943446,1
23,0,0,1,0,1,0,1,1,1,0,0,0,1,1,0,1,0,1,0,0,1,1,0,0,1,0,0,0,0,0,1,1,0,0,0,0,0.3055555555555556,14.570609144174483,1
24,0,0,1,0,1,0,1,1,1,0,0,0,1,1,0,1,0,1,0,0,1,1,0,0,1,0,0,0,0,1,1,1,1,0,0,0,0.2777777777777778,8.692626873437424,1
25,1,0,1,0,1,0,1,1,1,0,0,0,1,1,0,1,0,0,0,0,1,1,0,1,1,0,0,0,0,1,1,1,1,0,0,0,0.3333333333333333,6.994433402455332,1
26,0,0,1,0,1,0,1,1,1,0,0,0,0,0,0,1,0,0,0,0,1,1,0,1,1,0,0,0,0,0,1,1,0,0,0,0,0.25,3.030014648167707,1
27,0,0,1,0,1,0,1,1,1,0,0,0,1,1,0,1,0,0,0,0,1,1,0,1,1,0,0,0,0,1,1,1,0,0,0,0,0.3333333333333333,6.881322809608408,1
28,1,0,1,0,1,0,1,1,1,0,0,0,1,0,0,1,0,1,0,0,1,1,0,1,1,0,0,0,0,0,1,1,0,0,0,0,0.2222222222222222,5.393872397993007,1
29,1,0,1,0,1,0,1,1,1,0,0,0,1,0,0,1,0,0,0,0,1,1,0,1,1,0,0,0,0,1,1,1,0,0,0,0,0.3055555555555556,4.890816498316289,1
30,1,0,1,0,1,0,1,1,1,0,0,0,1,1,0,1,0,0,0,0,1,1,0,0,1,0,0,0,0,1,1,1,1,0,0,0,0.3055555555555556,7.542438032819064,1
31,0,0,1,0,1,0,1,1,1,0,0,0,1,1,0,1,1,0,0,0,1,1,0,1,1,0,0,0,0,0,1,1,1,0,0,0,0.2777777777777778,5.551871584197213,1
32,0,0,1,0,1,0,1,1,1,0,0,0,1,0,0,1,0,0,0,0,1,1,0,0,1,0,0,0,0,0,1,1,0,0,0,0,0.19444444444444445,3.554963598943446,1
33,1,0,1,0,1,0,1,1,1,0,0,0,1,0,0,1,0,0,0,0,1,1,0,1,1,0,0,0,0,0,1,1,0,1,0,0,0.25,4.731669415566762,1
34,0,0,1,0,1,0,1,1,1,0,0,0,1,1,0,1,0,0,0,0,1,1,0,1,1,0,0,0,0,1,1,1,0,0,0,0,0.3611111111111111,6.881322809608408,1
35,1,0,1,0,1,0,1,1,1,0,0,0,0,0,0,1,0,0,0,0,1,1,0,1,1,0,0,0,0,0,1,1,0,0,0,0,0.25,2.5300178952275814,1
36,0,0,1,0,1,0,1,1,1,0,0,0,0,0,0,1,0,0,0,0,1,1,0,1,1,0,0,0,0,0,1,1,0,0,0,0,0.25,3.030014648167707,1
37,0,0,1,0,1,0,1,1,1,0,0,0,1,0,0,1,1,0,0,0,1,1,0,1,1,0,0,0,0,0,1,1,0,0,0,0,0.3333333333333333,2.4595681283522155,1
38,0,0,1,0,1,0,1,1,1,0,0,0,1,1,0,1,0,1,0,0,1,1,0,0,1,0,0,0,0,0,1,1,1,1,0,0,0.19444444444444445,10.43194802757784,1
39,0,0,1,0,1,0,1,1,1,0,0,0,1,1,0,1,0,0,0,0,1,1,0,1,1,0,0,0,0,0,1,0,0,0,0,0,0.2777777777777778,7.212963808068012,1
40,1,0,1,0,1,0,1,1,1,0,0,0,1,1,0,1,0,0,0,0,1,1,0,1,1,0,0,0,0,0,1,1,0,0,0,0,0.3055555555555556,6.515782200853413,1
41,0,0,1,0,1,0,1,1,1,0,0,0,1,0,0,1,0,0,0,0,1,1,0,1,1,0,0,0,0,0,1,1,1,0,0,0,0.2777777777777778,3.128467792608289,1
42,0,0,1,0,1,0,1,1,1,0,0,0,1,1,0,1,0,0,0,0,1,1,0,0,1,0,0,0,0,0,1,1,1,1,0,0,0.25,7.415236417642193,1
43,1,0,1,0,1,0,1,1,1,0,0,0,1,1,0,1,0,1,0,0,1,1,0,0,1,0,0,0,0,0,1,1,1,1,0,0,0.25,11.931953586678194,1
44,0,0,1,0,1,0,1,1,1,0,0,0,1,0,0,1,0,0,0,0,1,1,0,1,1,0,1,0,0,0,1,1,0,0,0,0,0.2777777777777778,3.5419798621309586,1
45,0,0,1,0,1,0,1,1,1,0,0,0,1,0,0,1,1,0,0,0,1,1,0,1,1,0,0,0,0,0,1,1,0,0,0,0,0.25,2.4595681283522155,1
46,0,0,1,0,1,0,1,1,1,0,0,0,1,1,0,1,0,0,0,0,1,1,0,1,1,0,0,0,0,0,1,1,0,0,0,0,0.3333333333333333,5.515778953793547,1
47,0,0,1,0,1,0,1,1,1,0,0,0,0,1,0,1,0,0,0,0,1,1,0,0,1,0,0,0,0,1,1,1,0,0,0,0,0.25,6.247342456935727,1
48,0,0,1,0,1,0,1,1,1,0,0,0,1,1,0,1,0,0,0,0,1,1,0,1,1,0,0,0,0,0,1,1,0,0,0,0,0.3055555555555556,5.515778953793547,1
49,1,0,1,0,1,0,1,1,1,0,0,0,1,1,0,1,0,0,0,0,1,1,0,0,1,0,0,0,0,0,1,1,0,0,0,0,0.3611111111111111,10.545497697743388,1
50,0,0,1,0,1,0,1,1,1,0,0,0,1,1,0,1,0,1,0,0,1,1,0,1,1,0,0,0,0,1,1,1,0,0,0,0,0.25,7.377798634296582,1
51,1,0,1,0,1,0,1,1,1,0,0,0,1,0,0,1,0,1,0,0,1,1,0,1,1,0,0,0,0,0,1,1,0,0,0,0,0.3055555555555556,5.393872397993007,1
52,0,0,1,0,1,0,1,1,1,0,0,0,1,1,0,1,0,1,0,0,1,1,0,1,1,0,0,0,0,0,1,1,0,0,0,0,0.25,9.384376377406298,1
53,0,0,1,0,1,0,1,1,1,0,0,0,1,1,0,1,0,1,0,0,1,1,0,1,1,0,0,0,0,1,1,1,0,0,0,0,0.2777777777777778,7.377798634296582,1
54,0,0,1,0,1,0,1,1,1,0,0,0,1,0,0,1,0,1,0,0,0,1,0,0,1,0,0,0,0,0,1,1,1,0,0,0,0.25,6.777182243303794,1
55,0,0,1,0,1,0,1,1,1,0,0,0,1,0,0,1,0,0,0,0,1,1,0,0,1,0,0,0,0,1,1,1,0,0,0,0,0.3611111111111111,4.752077031648206,1
56,1,0,1,0,1,0,1,1,1,0,0,0,1,0,0,1,0,0,0,0,1,1,0,0,1,0,0,0,0,0,1,1,0,0,0,0,0.3055555555555556,4.554966847105462,1
57,1,0,1,0,1,0,1,1,0,0,0,0,1,0,0,1,0,0,0,0,1,1,0,1,1,0,0,0,0,0,1,1,0,0,0,0,0.2222222222222222,3.5794458876539204,1
58,0,0,1,0,1,0,1,1,1,0,0,0,1,1,1,1,0,0,0,0,1,1,0,1,1,0,0,0,0,0,1,1,0,0,0,0,0.3055555555555556,7.514696688894365,1
59,0,0,1,0,1,0,1,1,1,0,0,0,1,1,0,1,0,0,0,0,1,1,0,0,1,0,0,0,0,0,1,1,0,0,0,0,0.2777777777777778,8.545494449581374,1
60,1,0,1,0,1,0,1,1,1,0,0,0,0,0,0,1,0,0,0,0,1,1,0,1,1,0,0,0,0,0,1,1,0,0,0,0,0.25,2.5300178952275814,1
61,0,0,1,0,1,0,1,1,1,0,0,0,0,1,0,1,0,0,0,0,1,1,0,0,1,0,0,0,0,0,1,1,0,0,0,0,0.3333333333333333,6.050229024262413,1
62,1,0,1,0,1,0,1,1,1,0,0,0,1,1,0,1,0,0,0,0,1,1,0,0,1,0,0,0,0,0,1,1,0,1,0,0,0.3333333333333333,8.125325676450581,1
63,1,0,1,0,1,0,1,1,1,0,0,0,1,1,0,1,0,0,0,0,1,1,0,1,1,0,0,0,0,0,1,1,1,1,0,0,0.25,7.825365498973964,1
64,0,0,1,0,1,0,1,1,1,0,0,0,1,1,0,1,0,1,0,0,1,1,0,1,1,0,0,0,0,0,1,1,0,0,0,0,0.2777777777777778,9.384376377406298,1
65,0,0,1,0,1,0,1,1,1,0,0,0,1,0,1,1,0,0,0,0,1,1,0,0,1,0,0,0,0,0,1,1,0,0,0,0,0.25,5.553874695478324,1
66,0,0,1,0,1,0,1,1,1,0,0,0,1,1,1,1,0,0,0,0,1,1,0,1,1,0,0,0,0,0,1,1,0,0,0,0,0.25,7.514696688894365,1
67,1,0,1,0,1,0,1,1,1,0,0,0,1,1,0,1,0,0,0,0,1,1,0,1,1,0,0,0,0,1,1,1,0,0,0,0,0.3333333333333333,6.881326035337292,1
68,0,0,1,0,1,0,1,1,1,0,0,0,1,1,0,1,0,1,0,0,1,1,0,1,1,0,0,0,0,0,1,1,0,1,0,0,0.3055555555555556,8.58516318638171,1
69,0,0,1,0,1,0,1,1,1,0,0,0,1,0,0,0,0,0,0,0,1,1,0,1,1,0,0,0,0,0,1,1,0,0,0,0,0.25,2.527447226786095,1
70,1,0,1,0,1,0,1,1,1,0,0,0,1,1,0,1,0,0,0,0,1,1,0,1,1,0,0,0,0,1,1,1,1,0,0,0,0.3611111111111111,6.994433402455332,1
71,0,0,1,0,1,0,1,1,1,0,0,0,1,1,1,1,0,0,0,0,1,1,0,1,1,0,0,0,0,0,1,1,0,0,0,0,0.25,7.514696688894365,1
72,1,0,1,0,1,0,0,1,1,0,0,0,1,0,0,1,0,0,0,0,1,1,0,1,1,0,0,0,0,1,1,1,0,0,0,0,0.25,6.392144398281456,1
73,1,0,1,0,1,0,1,1,1,0,0,0,1,0,0,1,0,0,0,0,1,1,0,1,1,0,0,0,0,1,1,1,0,0,0,0,0.3333333333333333,4.890816498316289,1
74,0,0,1,0,1,0,1,1,1,0,0,0,0,0,0,1,0,0,0,0,1,1,0,0,1,0,0,0,0,0,1,1,0,0,0,0,0.25,3.0596981736244753,1
75,0,0,1,0,1,0,1,1,1,0,0,0,1,0,0,1,0,1,0,0,1,1,0,0,1,0,0,0,0,0,1,1,1,0,1,0,0.19444444444444445,4.878100278432441,1
76,0,0,1,0,1,0,1,1,1,0,0,0,1,0,0,1,1,0,0,0,1,1,0,0,1,0,0,0,0,0,1,1,0,0,0,0,0.3055555555555556,4.567520946076183,1
77,0,0,1,0,1,0,1,1,1,0,0,0,1,0,0,1,0,0,0,0,1,1,0,1,1,0,1,0,0,0,1,1,0,0,0,0,0.25,3.5419798621309586,1
78,1,0,1,0,1,0,1,1,1,0,0,0,1,0,0,1,0,0,0,0,1,1,0,0,1,0,0,0,0,0,1,0,0,0,0,0,0.2777777777777778,7.541707078185653,1
79,0,0,1,0,1,0,1,1,1,0,0,0,1,0,0,1,0,1,0,0,1,1,0,0,1,0,0,0,0,1,1,1,1,0,0,0,0.3333333333333333,4.702099965726512,1
80,1,0,1,0,1,0,1,1,1,0,0,0,1,1,0,1,0,0,0,0,1,1,0,0,1,0,0,0,0,0,1,1,1,0,0,0,0.3611111111111111,8.335411687096984,1
81,0,0,1,0,1,0,1,1,1,0,0,0,1,0,0,1,0,1,0,0,1,1,0,1,1,0,0,0,0,0,1,0,0,0,0,0,0.3055555555555556,6.48237910623199,1
82,0,0,1,0,1,0,1,1,1,1,0,0,1,1,0,1,0,0,0,0,1,1,0,0,1,0,0,0,0,1,1,1,1,0,0,0,0.3333333333333333,8.58889279217068,1
83,1,0,1,0,1,0,1,1,1,0,0,0,1,1,0,1,0,0,0,0,1,1,0,1,1,0,0,0,0,1,1,1,1,0,0,0,0.25,6.994433402455332,1
84,1,0,0,0,1,0,1,1,1,0,0,0,1,1,1,1,0,0,0,0,1,1,0,1,1,0,0,0,0,0,1,1,0,0,0,0,0.3055555555555556,7.429229102550065,1
85,0,0,1,0,1,0,1,1,1,0,0,0,0,1,1,1,0,1,0,0,1,1,0,1,1,0,0,0,0,0,1,1,0,0,0,0,0.2777777777777778,9.38803602373184,1
86,1,0,1,0,0,0,1,1,1,0,0,0,1,0,1,1,0,0,0,0,1,1,0,1,1,0,0,0,0,0,1,0,1,0,0,0,0.2222222222222222,3.199570957939358,1
87,0,0,1,0,1,0,1,1,1,0,0,0,1,0,0,1,0,0,0,0,1,1,0,1,1,0,0,0,0,0,1,1,0,0,0,0,0.3055555555555556,2.52526941670966,1
88,0,0,1,0,1,0,1,1,1,0,0,0,0,0,0,1,0,1,0,0,1,1,0,1,1,0,0,0,0,0,1,1,0,0,0,0,0.3055555555555556,3.8986120712889973,1
89,1,0,0,0,1,0,1,1,1,0,0,0,1,0,0,1,0,0,0,0,1,1,0,1,1,0,0,0,0,0,1,1,0,0,0,0,0.2222222222222222,2.440215923266059,1
90,1,0,0,0,1,0,1,1,1,0,0,0,1,1,0,0,0,0,0,0,1,1,0,0,1,0,0,0,0,1,1,1,1,0,0,0,0.2222222222222222,5.9047426663560385,1
91,0,0,1,0,0,0,1,1,1,0,0,0,1,1,0,1,0,0,0,0,1,1,0,0,1,0,0,0,0,0,1,1,0,1,0,0,0.2777777777777778,6.6055247605491,1
92,0,0,1,0,1,0,1,1,1,0,0,0,1,0,0,1,0,1,0,0,1,1,0,0,1,0,0,0,0,0,1,1,1,0,0,0,0.3055555555555556,5.867195197535139,1
93,1,0,1,0,1,0,1,1,1,0,0,0,1,1,0,0,0,0,0,0,1,1,0,0,1,0,0,0,0,1,1,1,0,0,0,0,0.3055555555555556,5.744775635706455,1
94,0,1,0,1,0,1,0,1,0,1,0,1,0,0,1,0,1,1,1,0,0,0,1,0,0,1,1,1,1,0,0,0,0,0,1,1,0.2222222222222222,18.380808300270946,1
95,1,0,1,0,1,0,1,1,1,0,0,0,1,1,0,1,0,0,1,0,1,1,0,0,1,0,0,0,0,1,1,1,1,0,0,0,0.3055555555555556,6.989806381698248,1
96,0,1,0,1,0,1,0,1,0,1,0,1,0,0,1,0,1,1,1,0,0,0,1,0,0,1,1,1,1,1,0,0,0,0,1,1,0.2222222222222222,15.53281166966897,1
97,0,0,1,0,1,0,1,1,1,0,0,1,1,1,0,1,0,0,0,0,1,1,0,0,1,0,0,0,0,1,1,1,1,0,0,0,0.3333333333333333,12.040269373928622,1
98,1,1,0,1,0,1,0,1,0,1,0,1,0,0,1,0,1,1,1,0,0,0,1,0,0,1,1,1,1,0,0,0,0,0,1,1,0.2777777777777778,21.880818144736384,1
99,0,1,0,1,0,1,0,1,0,1,0,1,0,0,1,0,0,1,1,1,0,0,0,0,0,1,1,1,1,0,0,0,0,0,1,1,0.2777777777777778,18.1494866161603,1
