,0,1,2,3,4,5,6,7,8,9,10,11,12,13,14,15,16,17,18,19,20,21,22,23,24,25,26,27,28,29,30,31,32,33,34,35,chain_break_fraction,energy,num_occurrences
0,1,0,0,0,0,1,1,1,1,0,1,1,1,1,1,0,0,0,0,1,1,0,1,1,0,1,1,1,1,1,0,0,0,1,1,0,0.2777777777777778,7.9678954689389165,1
1,1,0,0,0,0,1,1,1,1,0,1,1,1,1,1,0,0,0,0,1,1,0,1,1,0,1,1,1,1,1,0,0,1,1,0,0,0.3055555555555556,8.245642435318675,1
2,1,0,0,0,0,1,1,1,1,0,1,1,1,1,1,0,0,0,0,1,0,0,1,1,0,1,0,1,1,1,0,0,1,1,1,0,0.25,6.181168894077132,1
3,1,0,0,0,0,1,1,1,1,0,1,1,1,1,1,0,0,0,0,1,1,0,0,1,0,1,0,1,1,1,0,0,1,1,1,0,0.2777777777777778,5.984217183674421,1
4,1,0,0,0,0,1,1,1,1,0,1,1,1,1,1,0,0,0,0,1,1,0,1,1,0,1,0,1,1,1,0,0,1,1,0,0,0.25,6.50712670196701,1
5,0,0,0,0,0,1,1,1,1,0,1,1,1,1,1,0,0,0,0,1,1,0,0,1,0,1,0,1,1,1,0,0,0,1,1,0,0.3055555555555556,5.596543654677495,1
6,0,0,0,0,0,1,1,1,1,0,1,1,1,1,1,0,0,0,0,1,1,0,1,1,0,1,0,1,1,1,0,0,1,1,0,0,0.3055555555555556,8.175926637505848,2
7,1,0,0,0,0,1,1,1,1,0,1,1,1,1,1,0,0,0,0,1,1,0,0,1,0,1,1,1,1,1,0,0,1,1,1,0,0.3333333333333333,7.74574598552995,1
8,1,0,0,0,0,1,1,1,1,0,1,1,1,1,1,0,0,0,0,1,1,0,0,1,0,1,1,1,1,1,0,0,1,1,1,0,0.3055555555555556,7.74574598552995,1
9,0,0,0,0,0,1,1,1,1,0,1,1,1,1,1,0,0,0,0,1,1,0,0,1,0,1,0,1,1,1,0,0,1,1,1,0,0.2777777777777778,7.654248040888746,1
10,0,0,0,0,0,1,1,1,1,0,1,1,1,1,1,1,0,0,0,1,1,0,1,1,0,1,1,1,1,1,0,0,1,1,1,0,0.2777777777777778,10.398075760407,1
11,1,0,0,0,0,1,1,1,1,0,1,1,1,1,1,0,0,0,0,1,0,0,0,1,0,1,1,1,1,1,0,0,1,1,1,0,0.3055555555555556,6.010451775168578,1
12,1,0,0,0,0,1,1,1,1,0,1,1,1,1,1,0,0,0,0,1,1,0,1,1,0,1,0,1,1,1,0,0,1,1,1,0,0.3333333333333333,8.193967908895313,1
13,1,0,1,0,0,1,1,1,1,0,1,1,1,1,1,0,0,0,0,1,1,0,0,1,0,1,1,1,1,1,0,0,1,1,1,0,0.3055555555555556,6.072466450834456,1
14,0,0,0,0,0,1,1,1,1,0,1,1,1,1,1,0,0,0,0,1,1,0,0,1,0,1,0,1,1,1,0,0,1,1,1,0,0.3611111111111111,7.654248040888746,1
15,1,0,1,0,0,1,1,1,1,0,1,1,1,1,1,0,0,0,0,1,1,0,1,1,0,1,1,1,1,1,0,0,1,1,0,0,0.3333333333333333,6.571926547539606,1
16,0,0,0,0,1,1,1,1,1,0,1,1,1,1,1,0,0,0,0,1,1,0,1,1,0,1,1,1,1,1,0,0,1,1,1,0,0.25,11.762787488420841,1
17,1,0,0,0,0,1,1,1,1,0,1,1,1,1,1,0,0,0,0,1,0,0,1,1,0,1,1,1,1,1,0,0,1,1,1,0,0.3333333333333333,7.965258631357173,1
18,0,0,0,0,0,1,1,1,1,0,1,1,1,1,1,0,0,0,0,1,1,0,1,1,0,1,0,1,1,1,0,0,0,1,1,0,0.3333333333333333,7.8021894350206935,1
19,1,0,0,0,0,1,1,1,1,0,1,1,1,1,1,1,0,0,0,1,1,0,0,1,0,1,1,1,1,1,0,0,1,1,0,0,0.3055555555555556,7.264132164106854,1
20,0,0,0,0,0,1,1,1,1,0,1,1,1,1,1,0,0,0,0,1,0,0,0,1,0,1,1,1,1,1,0,0,1,1,1,0,0.25,7.681311999312088,1
21,0,0,0,0,0,1,1,1,1,0,1,1,1,1,1,0,0,0,0,1,1,0,0,1,0,1,0,1,1,1,0,0,1,1,0,0,0.3611111111111111,6.131465497685205,1
22,1,0,0,0,1,1,1,1,1,0,1,1,1,1,1,0,0,0,0,1,1,0,1,1,0,1,0,1,1,1,0,0,1,1,1,0,0.2777777777777778,7.804275767127125,1
23,0,0,0,0,1,1,1,1,1,0,1,1,1,1,1,0,0,0,0,1,0,0,1,1,0,1,0,1,1,1,0,0,1,1,1,0,0.2777777777777778,7.462350840969094,1
24,0,0,0,0,0,1,1,1,1,0,1,1,1,1,1,0,0,0,0,1,1,0,0,1,0,1,0,1,1,1,0,0,0,1,1,0,0.2222222222222222,5.596543654677495,1
25,0,0,0,0,0,1,1,1,1,0,1,1,1,1,1,0,0,0,0,1,1,0,1,1,0,1,1,1,1,1,0,0,1,1,1,0,0.3055555555555556,13.152481171875753,1
26,0,0,0,0,0,1,1,1,1,0,1,1,1,1,1,0,0,0,0,1,1,0,0,1,0,1,1,1,1,1,0,0,1,1,1,0,0.2777777777777778,9.916606221974892,1
27,0,0,1,0,0,1,1,1,1,0,1,0,1,1,1,0,0,0,0,1,1,0,0,1,0,1,0,1,1,1,0,0,0,1,1,0,0.2222222222222222,6.600983582760781,1
28,0,0,0,0,0,1,1,1,1,0,1,1,1,1,1,1,0,0,0,1,1,0,1,1,0,1,1,1,1,1,0,0,1,1,1,0,0.3055555555555556,10.398075760407,1
29,1,0,0,0,0,1,1,1,1,0,1,1,1,1,1,0,0,0,0,1,1,0,1,0,0,1,1,1,1,1,0,0,1,1,0,0,0.2777777777777778,4.1044861138850335,1
30,0,0,0,0,0,1,1,1,1,0,1,1,1,1,1,0,0,0,0,1,1,0,1,1,0,1,0,1,1,1,0,0,0,1,1,0,0.3611111111111111,7.8021894350206935,1
31,0,0,0,0,0,1,1,1,1,0,1,1,1,1,1,0,0,0,0,1,1,0,0,1,0,1,0,1,1,1,0,0,1,1,1,0,0.3611111111111111,7.654248040888746,1
32,1,0,1,0,0,1,1,1,1,0,1,1,1,1,1,0,0,0,0,1,1,0,0,1,0,1,0,1,1,1,0,0,1,1,1,0,0.25,4.900622529705741,1
33,1,0,0,0,1,1,1,1,1,0,1,1,1,1,1,0,0,0,0,1,0,0,0,1,0,1,1,1,1,1,0,0,1,1,1,0,0.2777777777777778,6.125461445547449,1
34,0,0,0,0,0,1,1,1,1,0,1,1,1,1,1,0,0,0,0,1,1,0,1,1,0,1,0,1,1,1,0,0,0,1,1,0,0.3611111111111111,7.8021894350206935,1
35,1,0,0,0,0,1,1,1,1,0,1,1,1,1,1,0,0,0,0,1,1,0,0,1,0,1,1,1,1,1,0,0,0,1,1,0,0.3611111111111111,5.7361326676995485,1
36,0,0,0,0,0,1,1,1,1,0,1,1,1,1,1,0,0,0,0,1,1,0,1,1,0,1,0,1,1,1,0,0,1,1,1,0,0.3333333333333333,10.364002368001536,1
37,1,0,0,0,0,1,1,1,1,0,1,1,1,1,1,0,0,0,0,1,0,0,1,1,0,1,0,1,1,1,0,0,0,1,1,0,0.3055555555555556,4.675443002581373,1
38,0,0,0,0,1,1,1,1,1,0,1,1,1,1,1,0,0,0,0,1,1,0,0,1,0,1,1,1,1,1,0,0,1,1,0,0,0.2777777777777778,7.465423768575855,1
39,1,0,0,0,1,1,1,1,1,0,1,1,1,1,1,0,0,0,0,1,1,0,0,1,0,1,0,1,1,1,0,0,1,1,0,0,0.2777777777777778,5.583404486821405,1
40,0,0,0,0,0,1,1,1,1,0,1,1,1,1,1,0,0,0,0,1,0,0,0,1,0,1,0,1,1,1,0,0,0,1,1,0,0.25,4.364892880326936,1
41,1,0,0,0,0,1,1,1,0,0,1,1,1,1,1,0,0,0,0,1,1,0,0,1,0,1,1,1,1,1,0,0,0,1,0,0,0.3055555555555556,6.0825955745683995,1
42,1,0,0,0,0,1,1,1,1,0,1,1,1,1,1,0,0,0,0,1,0,0,0,1,0,1,0,1,1,1,0,0,1,1,1,0,0.2777777777777778,4.752482660676604,1
43,0,0,0,0,0,1,1,1,1,0,1,1,1,1,1,0,0,0,0,1,1,0,1,1,0,1,1,1,1,1,0,0,1,0,0,0,0.3055555555555556,5.54898547648493,1
44,0,0,0,0,0,1,1,1,1,0,1,1,1,1,1,0,0,0,0,1,0,0,1,1,0,1,1,1,1,1,0,0,1,1,0,0,0.3333333333333333,7.91780855516963,1
45,1,0,0,0,1,1,1,1,1,0,1,1,1,1,1,0,0,0,0,1,0,0,1,1,0,1,1,1,1,1,0,0,1,1,0,0,0.3055555555555556,6.3658893017108795,1
46,0,0,1,0,0,1,1,1,1,0,1,1,1,1,1,1,0,0,0,1,1,0,0,1,0,1,1,1,1,1,0,0,1,0,1,0,0.2222222222222222,5.523599546090666,1
47,0,0,0,0,0,1,1,1,1,0,1,1,1,1,1,0,0,0,0,1,1,0,0,1,0,1,1,1,1,1,0,0,1,1,0,0,0.3333333333333333,7.844689987479418,1
48,0,0,0,0,0,1,1,1,1,0,1,1,1,1,1,0,0,0,0,1,0,0,0,1,0,1,0,1,1,1,0,0,1,1,1,0,0.25,5.922513505589498,1
49,1,0,1,0,0,1,1,1,1,0,1,1,1,1,1,0,0,0,0,1,0,1,0,1,0,1,1,1,1,1,0,0,1,1,1,0,0.3055555555555556,9.30749004021667,1
50,0,0,1,0,0,1,1,1,1,0,1,1,1,1,1,0,0,0,0,1,1,0,1,0,0,1,0,1,1,1,0,0,1,1,1,0,0.25,3.8615904425145398,1
51,1,0,0,0,0,1,1,1,1,0,1,1,1,1,1,0,0,0,0,1,1,0,0,1,0,1,1,1,1,1,0,0,1,1,1,0,0.3611111111111111,7.74574598552995,1
52,0,0,0,0,0,1,1,1,1,0,1,1,1,1,1,0,0,0,0,1,1,0,0,1,0,1,1,1,1,1,0,0,1,1,0,0,0.4166666666666667,7.844689987479418,1
53,0,0,1,0,1,1,1,1,1,0,1,1,1,1,1,0,0,0,0,1,0,0,0,1,0,1,1,1,1,1,0,0,1,1,1,0,0.3055555555555556,6.123311617275105,1
54,0,0,0,0,1,1,1,1,1,0,1,1,1,1,1,0,0,0,0,1,1,0,1,1,0,1,1,1,1,1,0,0,1,1,0,0,0.3333333333333333,9.532141988224089,1
55,0,0,0,0,0,1,1,1,0,0,1,1,1,1,1,0,0,0,0,1,0,0,0,1,0,1,1,1,1,1,0,0,0,1,1,0,0.2222222222222222,7.282901040476016,1
56,0,0,0,0,0,1,1,1,1,0,1,1,1,1,1,0,0,0,0,1,0,0,0,1,0,1,0,1,1,1,0,0,1,1,0,0,0.2777777777777778,4.918626481950646,1
57,1,0,0,0,0,1,1,1,1,0,1,0,1,1,1,0,0,0,0,1,1,0,0,1,0,1,0,1,1,1,0,0,1,1,1,0,0.2777777777777778,9.076177785395016,1
58,0,0,0,0,0,1,1,1,1,0,1,1,1,1,1,0,0,0,0,1,1,0,0,1,0,1,0,1,1,1,0,0,1,1,0,0,0.2777777777777778,6.131465497685205,1
59,1,0,1,0,0,1,1,1,1,0,1,1,1,1,1,0,0,0,0,1,1,0,0,1,0,1,0,1,1,1,0,0,1,1,1,0,0.2777777777777778,4.900622529705741,1
60,1,0,0,0,0,1,1,1,1,0,1,1,0,1,1,0,0,0,0,1,1,0,1,1,0,1,0,1,1,1,0,0,1,1,1,0,0.3611111111111111,11.84490550629262,1
61,0,0,0,0,0,1,1,1,1,0,1,1,1,1,1,0,0,0,0,1,1,0,0,1,0,1,0,1,1,1,0,0,0,1,0,0,0.3055555555555556,4.710343119808746,1
62,1,0,1,0,0,1,1,1,1,0,1,1,1,1,0,0,0,0,0,1,0,0,1,1,0,1,1,1,1,1,0,0,1,1,1,0,0.3055555555555556,7.946009324787026,1
63,0,0,0,0,0,1,1,1,0,0,1,1,1,1,1,0,0,0,0,1,1,0,0,1,0,1,0,1,1,1,0,0,0,1,1,0,0.3055555555555556,7.3771096842728205,1
64,0,0,0,0,1,1,1,1,1,0,1,1,1,1,1,0,0,0,0,1,1,0,1,1,0,1,0,1,1,1,0,0,0,1,0,0,0.3888888888888889,6.36854619958712,1
65,1,0,0,0,0,1,1,1,1,0,1,1,1,1,1,0,0,0,0,1,0,0,0,1,0,1,0,1,1,1,0,0,1,1,0,0,0.3611111111111111,4.249830160605137,1
66,1,0,0,0,0,1,1,1,1,0,1,1,1,1,1,0,0,0,0,1,1,0,1,1,0,1,1,1,1,1,0,0,0,1,1,0,0.3055555555555556,7.9678954689389165,1
67,0,0,0,0,0,1,1,1,1,0,1,1,1,1,1,0,0,0,0,1,1,0,1,1,0,1,1,1,1,1,0,0,0,1,1,0,0.3055555555555556,10.08275602673936,1
68,1,0,1,0,0,1,1,1,1,0,1,1,1,1,1,0,0,0,0,1,1,0,1,1,0,1,0,1,1,1,0,0,1,1,1,0,0.3333333333333333,6.609680817881845,1
69,0,0,1,0,0,1,1,1,1,0,1,1,1,1,1,0,0,0,0,1,0,0,1,1,0,1,0,1,1,1,0,0,1,1,0,0,0.3333333333333333,5.098261689540292,1
70,0,0,0,0,0,1,1,1,1,0,1,1,1,1,1,0,0,0,0,1,1,0,0,1,0,1,0,1,1,1,0,0,1,1,0,0,0.3333333333333333,6.131465497685205,1
71,1,0,0,0,0,1,1,1,1,0,1,1,1,1,1,0,0,0,0,1,1,0,0,1,0,1,1,1,1,1,0,0,1,1,0,0,0.3611111111111111,6.17506427460186,1
72,0,1,1,0,0,1,1,1,1,0,1,1,1,1,1,0,0,0,0,1,0,1,1,1,0,1,1,1,1,1,0,0,1,1,0,0,0.25,9.899490836444157,1
73,0,0,0,0,0,1,1,1,1,0,1,1,1,1,0,0,0,0,0,1,0,0,0,1,0,1,0,1,1,1,0,0,1,1,1,0,0.3055555555555556,7.245760710952041,1
74,0,0,0,0,0,1,1,1,1,0,1,1,1,1,1,0,0,0,0,1,1,0,1,1,0,1,0,1,1,1,0,0,0,1,1,0,0.3333333333333333,7.8021894350206935,1
75,1,0,0,0,0,1,1,1,1,0,1,1,1,1,1,0,0,0,0,1,0,0,1,1,0,1,0,1,1,1,0,0,0,1,1,0,0.3055555555555556,4.675443002581373,1
76,0,0,1,0,0,1,1,1,1,0,1,1,1,1,1,0,0,0,0,1,1,0,1,1,0,1,1,1,1,1,0,0,0,1,1,0,0.3888888888888889,7.908790017732677,1
77,0,1,1,1,0,0,0,0,0,1,0,0,0,0,0,1,1,1,1,0,0,1,0,0,1,1,0,1,0,0,1,1,0,0,0,1,0.2222222222222222,18.798949954997735,1
78,0,0,0,0,0,1,1,1,1,0,1,1,1,1,1,0,0,0,0,1,0,0,0,1,0,1,0,1,1,1,0,0,1,1,0,0,0.3611111111111111,4.918626481950646,1
79,0,0,0,0,0,1,1,1,1,0,1,1,1,1,1,0,0,0,0,1,0,0,0,1,0,1,0,1,1,1,0,0,0,1,1,0,0.2777777777777778,4.364892880326936,1
80,0,1,0,1,1,0,0,0,0,1,0,0,0,0,0,1,1,1,1,0,0,1,0,0,1,1,0,1,0,0,1,1,0,0,0,1,0.2222222222222222,18.002304346340065,1
81,0,0,0,0,0,1,1,1,0,0,1,1,1,1,1,0,0,0,0,1,0,0,0,1,0,1,0,1,1,1,0,0,1,1,1,0,0.3333333333333333,7.589572288532535,1
82,0,0,0,0,0,1,1,1,1,0,1,1,1,1,1,0,0,0,0,1,0,0,1,1,0,1,0,0,1,1,0,0,1,1,1,0,0.2222222222222222,5.281365107860584,1
83,0,0,0,0,0,1,1,1,1,0,1,1,1,1,1,0,0,0,0,1,1,0,0,1,0,0,0,1,1,1,0,0,1,1,0,0,0.25,5.193002254241169,1
84,1,0,0,0,0,1,1,1,1,0,1,1,1,1,1,0,0,0,0,1,1,0,0,0,0,1,1,0,1,1,0,0,1,1,1,0,0.2777777777777778,2.855428176953237,1
85,0,0,0,0,0,1,1,1,1,0,1,1,1,1,1,0,1,0,0,1,0,0,0,1,0,0,0,1,1,1,0,0,1,1,1,0,0.2222222222222222,4.211466783407932,1
86,0,0,0,0,0,1,1,1,1,0,1,0,1,1,1,0,0,0,0,1,1,0,0,1,0,0,1,1,1,1,0,0,0,1,1,0,0.2222222222222222,6.1590782920585685,1
87,0,0,0,0,0,1,1,1,1,0,1,0,1,1,1,0,0,0,0,1,1,0,0,1,0,0,0,1,1,1,0,0,0,1,0,0,0.2777777777777778,4.410148527736059,1
88,0,0,1,0,0,1,1,1,1,0,1,1,1,1,1,0,0,0,0,1,0,1,0,1,0,1,0,1,1,1,0,0,0,1,0,0,0.3333333333333333,6.339495146341601,1
89,0,1,0,1,1,0,0,0,0,1,0,0,0,0,0,0,0,1,1,0,0,1,0,0,1,1,1,1,0,0,1,1,0,0,0,1,0.2222222222222222,25.054055718490464,1
90,0,1,0,1,0,0,0,0,0,1,0,0,1,0,0,1,1,1,1,1,0,1,0,0,1,1,1,1,0,0,1,1,0,0,0,1,0.2777777777777778,25.012862572360934,1
91,0,1,1,1,0,0,0,0,0,1,0,0,1,0,0,1,1,1,1,0,0,1,0,0,1,1,1,1,0,0,1,1,0,0,0,1,0.16666666666666666,16.215467000697426,1
92,0,1,1,1,1,0,0,0,0,1,0,0,1,0,0,1,1,1,1,1,0,1,0,0,1,1,0,1,0,0,1,1,1,0,0,1,0.19444444444444445,22.79251017773124,1
93,0,1,0,1,0,0,0,0,0,1,0,0,0,0,0,1,1,1,1,0,0,1,1,0,1,1,0,1,0,0,1,1,0,0,0,1,0.19444444444444445,21.201608228810947,1
94,0,1,1,1,1,0,0,0,0,1,0,0,1,0,0,0,1,1,1,0,0,1,1,0,1,1,0,1,0,0,1,1,0,0,1,1,0.25,22.39659567989559,1
95,1,1,0,1,1,0,0,0,0,1,0,0,1,0,1,1,1,1,1,0,0,1,0,0,1,1,1,1,0,0,1,1,0,0,0,1,0.3055555555555556,15.859533820052054,1
96,0,0,0,0,1,1,1,1,1,0,1,1,1,1,1,0,0,0,0,1,1,0,1,1,0,1,0,1,1,1,0,0,1,1,0,0,0.4722222222222222,7.792798332819563,1
97,0,1,0,1,1,0,0,0,0,1,0,0,0,0,0,0,0,1,1,0,0,1,0,0,1,1,1,1,0,0,1,1,0,0,0,1,0.3055555555555556,25.054055718490464,1
98,1,1,1,1,1,0,0,0,0,1,0,0,1,0,0,1,0,1,1,0,0,1,0,0,1,1,1,1,0,0,1,1,1,0,0,1,0.16666666666666666,16.982321856067195,1
