,0,1,2,3,4,5,6,7,8,9,10,11,12,13,14,15,16,17,18,19,20,21,22,23,24,25,26,27,28,29,30,31,32,33,34,35,chain_break_fraction,energy,num_occurrences
0,1,0,0,0,1,1,1,0,1,0,0,1,1,1,0,0,0,0,0,0,0,1,0,1,0,0,1,0,1,0,1,1,1,1,0,0,0.2222222222222222,12.570452446190963,1
1,1,0,0,0,1,1,1,0,1,1,0,1,1,1,0,0,0,0,0,0,1,1,0,1,0,0,1,0,0,0,1,1,1,1,0,0,0.2777777777777778,14.453621003490547,1
2,1,0,0,0,1,1,1,0,1,1,0,1,1,1,0,0,0,0,1,0,0,1,0,1,0,0,1,0,0,0,1,1,1,1,0,0,0.3055555555555556,14.67851140277503,1
3,1,0,0,0,1,1,1,0,1,0,0,1,1,1,0,0,0,0,0,0,0,1,0,1,0,0,1,0,0,0,1,1,1,1,0,0,0.25,12.006559170662506,1
4,1,0,0,1,1,1,1,0,1,1,0,0,1,1,0,0,0,0,0,0,1,1,0,1,0,0,1,0,0,0,1,1,1,0,0,0,0.2222222222222222,13.525956242674086,1
5,1,0,0,0,1,1,1,0,1,1,0,1,1,1,0,0,0,0,0,0,1,1,0,1,0,0,1,0,0,0,1,1,1,1,0,0,0.2777777777777778,14.453621003490547,1
6,1,0,0,1,1,1,1,0,1,0,1,0,1,1,0,0,0,0,0,0,0,1,0,1,0,0,0,0,0,0,1,1,1,1,0,0,0.25,11.048050813205101,1
7,1,0,0,1,1,1,1,0,1,0,0,1,1,1,0,0,0,0,0,0,1,1,0,1,0,0,0,0,1,0,1,1,1,1,0,0,0.2222222222222222,14.151713852552,1
8,1,0,0,0,1,1,1,0,1,0,0,1,1,1,0,0,0,0,0,0,0,1,0,1,0,0,0,0,0,0,1,1,1,1,0,0,0.25,10.762498662951927,1
9,1,0,0,1,1,1,1,0,1,0,0,1,1,1,0,0,0,0,0,0,1,1,0,1,0,0,0,0,0,0,1,1,1,1,0,0,0.25,14.383752987162861,1
10,0,0,0,0,1,1,1,0,1,1,0,1,1,0,0,0,0,0,0,0,0,1,0,1,0,0,1,0,0,0,1,1,1,0,0,0,0.2222222222222222,8.810460206771866,1
11,0,0,0,1,1,1,1,0,1,1,0,1,1,1,0,0,0,0,0,0,1,1,0,1,0,0,1,0,0,0,1,1,1,1,0,0,0.2222222222222222,16.40584780098755,1
12,1,0,0,0,1,1,1,0,1,1,0,1,1,1,0,0,0,0,0,0,0,1,0,1,0,0,1,0,1,0,1,1,1,1,0,0,0.2777777777777778,12.98383117208083,1
13,1,0,0,1,1,1,1,0,1,0,0,0,1,0,0,0,0,0,0,0,1,1,0,1,0,0,1,0,0,0,1,1,1,0,0,0,0.2222222222222222,9.762817911694775,1
14,1,0,0,1,1,1,1,0,1,0,0,1,1,1,0,0,0,0,0,0,0,1,0,1,0,0,0,0,1,0,1,1,1,1,0,0,0.2777777777777778,12.809309244496777,1
15,1,0,0,1,1,1,0,0,1,1,1,0,1,1,0,0,0,0,0,0,0,1,0,1,0,0,1,0,0,0,1,1,1,1,0,0,0.2777777777777778,13.030972459558164,1
16,1,0,0,0,1,1,1,0,1,1,0,1,1,0,0,0,0,0,0,0,0,1,0,1,0,0,1,0,1,0,1,1,1,1,0,0,0.19444444444444445,11.110085757440412,1
17,0,1,1,0,0,0,0,1,0,1,0,0,0,0,1,0,1,1,1,0,1,0,1,0,0,1,0,0,0,1,0,0,0,0,1,0,0.1388888888888889,7.623006218730158,1
18,1,0,0,0,1,1,1,0,1,1,0,1,1,0,0,0,0,0,0,0,0,1,0,1,0,0,1,0,0,0,1,1,1,0,0,0,0.3333333333333333,9.326423115714986,1
19,1,0,0,1,1,1,1,0,1,0,0,1,1,1,0,0,0,0,0,0,0,1,0,1,0,1,0,0,1,0,1,1,1,1,0,0,0.19444444444444445,15.928114872454781,1
20,0,1,1,0,0,0,0,1,0,1,0,0,0,1,1,0,1,1,0,0,0,0,1,0,1,1,0,0,1,1,0,0,0,0,1,0,0.19444444444444445,13.970082005138709,1
21,0,1,1,1,0,0,0,1,0,1,0,0,0,1,1,0,1,1,0,1,0,0,1,0,1,1,0,1,0,1,0,0,0,0,1,0,0.2777777777777778,17.83882174160966,1
22,1,0,0,1,1,1,1,0,1,1,0,1,1,1,0,0,0,0,0,0,1,1,0,1,0,0,1,0,1,0,1,1,1,1,0,1,0.2222222222222222,21.0034406043837,1
23,1,0,0,0,1,1,1,0,1,1,0,1,1,0,0,0,0,0,0,0,0,1,0,1,0,0,1,0,0,0,1,1,1,0,0,0,0.3055555555555556,9.326423115714986,1
24,1,0,0,0,1,1,0,0,1,1,0,1,1,0,0,0,0,0,1,0,0,1,0,1,0,0,0,0,1,0,1,1,1,0,0,0,0.19444444444444445,9.583625563878144,1
25,1,0,0,0,1,1,0,0,1,1,0,0,1,1,0,0,0,0,1,0,0,1,0,1,0,0,0,0,0,0,1,1,1,1,0,0,0.3055555555555556,11.64586782624897,1
26,1,0,0,0,1,1,1,0,1,0,0,0,1,1,0,0,0,0,1,0,0,1,0,1,0,0,1,0,1,0,1,1,1,1,0,0,0.2222222222222222,17.412199897229915,1
27,0,1,1,0,0,0,0,1,0,0,0,0,0,1,1,0,1,1,1,0,0,0,1,0,1,1,0,1,0,1,0,0,0,0,1,0,0.19444444444444445,10.933691873042777,1
28,1,0,0,0,1,1,0,0,1,0,0,1,1,1,0,0,0,0,1,0,1,1,0,1,0,0,0,0,0,0,1,1,1,1,0,0,0.25,16.189238761003637,1
29,1,0,0,0,0,1,1,0,1,0,1,0,1,1,0,0,0,0,1,0,0,1,0,1,0,0,1,0,0,0,1,1,1,0,0,0,0.2222222222222222,10.737943909179327,1
30,1,0,0,0,1,1,0,0,1,1,0,1,1,1,0,0,0,0,0,0,1,1,0,1,0,0,0,0,1,0,1,1,1,1,0,0,0.25,13.575222082889361,1
31,0,1,1,0,0,0,0,1,0,1,0,0,0,1,1,0,1,1,0,1,0,0,1,0,1,1,0,1,0,1,0,0,0,0,1,0,0.2777777777777778,12.838478010043112,1
32,1,0,0,0,1,1,1,0,1,0,0,1,1,0,0,0,0,0,0,0,0,1,0,1,0,0,1,0,1,0,0,1,1,1,0,0,0.2777777777777778,9.383996747586584,1
33,0,0,0,0,1,1,1,0,1,1,0,1,1,1,0,0,0,0,0,0,1,1,0,1,0,0,1,0,0,0,1,1,1,1,0,0,0.3611111111111111,14.40573086364623,1
34,1,0,0,1,1,0,1,0,1,0,0,1,1,1,0,0,0,0,1,0,0,1,0,1,0,0,1,0,1,0,1,1,1,0,0,0,0.16666666666666666,12.43425064285526,1
35,1,0,0,0,1,1,1,0,1,1,0,1,1,1,0,0,0,0,1,0,1,1,0,1,0,0,0,0,1,0,1,1,1,1,0,0,0.2777777777777778,15.643358761627855,1
36,0,0,0,0,1,0,1,0,1,1,0,0,1,1,0,0,0,0,0,0,0,1,0,1,0,0,1,0,1,0,1,1,1,0,0,0,0.2222222222222222,8.026245298794224,1
37,0,1,1,0,0,0,0,1,0,1,1,0,0,1,1,0,0,1,0,1,1,0,1,0,1,1,0,1,1,1,0,0,0,0,1,0,0.2777777777777778,13.780441609064594,1
38,0,1,1,1,0,0,0,1,0,1,1,0,0,1,1,0,1,1,0,1,0,0,1,0,1,1,0,1,1,1,0,0,0,0,1,0,0.3055555555555556,18.677715494927664,1
39,1,0,0,1,1,1,0,0,1,0,0,1,1,0,0,0,1,0,0,0,0,1,0,1,0,0,0,0,0,0,1,1,1,1,0,0,0.2777777777777778,9.602498795115562,1
40,1,0,0,0,1,1,1,0,1,0,1,1,1,1,0,0,0,0,0,0,1,1,0,1,0,0,1,0,0,0,1,1,1,1,0,0,0.25,15.009154245600072,1
41,0,1,1,0,0,0,0,1,0,1,1,0,0,1,1,0,1,1,0,1,1,0,1,0,1,1,0,1,1,1,0,0,0,0,1,0,0.3055555555555556,14.605905842455885,1
42,0,1,1,0,0,0,0,1,0,1,0,0,0,1,1,0,1,1,0,1,0,0,1,0,1,1,0,1,0,1,0,0,0,0,1,0,0.3055555555555556,12.838478010043112,1
43,1,0,0,0,1,1,0,0,1,1,1,1,1,0,0,0,0,0,0,0,0,1,0,1,0,0,0,0,1,0,1,1,1,1,0,0,0.2222222222222222,11.055020376972234,1
44,0,1,1,0,0,0,0,1,0,0,1,0,0,1,1,1,1,1,0,1,0,0,1,0,1,1,0,0,1,1,0,0,0,0,1,0,0.2777777777777778,17.799505769823185,1
45,0,1,1,0,0,0,0,1,1,0,1,0,0,1,1,0,1,1,0,0,1,0,1,0,1,1,0,0,0,1,0,0,0,0,1,0,0.2222222222222222,12.731363844754854,1
46,1,0,0,0,1,0,1,0,1,0,0,1,1,1,0,0,0,0,0,0,1,1,0,1,0,0,0,0,1,0,1,1,1,0,0,0,0.25,9.686674700198461,1
47,1,0,0,0,1,1,1,0,1,1,0,0,1,0,0,0,0,0,1,0,0,1,0,1,1,0,0,0,0,0,1,1,1,1,0,0,0.19444444444444445,12.719916594124044,1
48,0,1,1,0,0,0,0,1,0,1,1,0,0,1,1,0,1,1,0,1,0,0,1,0,1,1,0,1,1,1,0,0,0,0,1,0,0.3333333333333333,13.677371763361101,1
49,0,1,1,1,0,0,0,1,0,1,1,0,0,1,1,1,1,1,0,1,1,0,1,0,1,1,0,1,1,1,0,0,0,0,1,0,0.3055555555555556,26.280802006532646,1
50,1,0,0,0,1,1,1,0,1,1,0,0,0,1,0,1,0,0,0,0,0,1,0,1,0,0,0,0,1,0,1,1,1,1,0,0,0.16666666666666666,12.132634220386084,1
51,1,0,0,0,1,1,1,0,1,0,0,1,1,1,0,0,0,0,0,0,1,1,0,1,0,0,1,0,1,0,1,1,1,1,0,0,0.25,15.58951468165289,1
52,0,1,1,0,0,0,0,1,0,1,1,0,0,1,1,0,1,1,0,1,0,0,1,0,0,1,0,1,0,1,0,0,0,0,1,0,0.25,15.09236103843633,1
53,1,0,0,1,1,1,0,0,1,1,0,1,0,1,0,0,0,0,0,0,0,1,0,1,0,0,1,0,0,0,1,1,1,0,0,0,0.25,14.83224534874668,1
54,0,1,1,0,0,0,0,1,0,1,0,0,0,1,1,0,1,1,0,1,0,0,1,0,1,1,0,1,0,1,0,0,0,0,1,0,0.2777777777777778,12.838478010043112,1
55,0,1,1,0,0,0,0,1,0,0,0,0,1,0,1,0,0,1,1,0,1,0,1,0,1,0,0,0,0,1,0,0,0,0,0,0,0.1388888888888889,6.127267322994978,1
56,0,1,1,0,0,1,0,1,0,0,0,0,0,1,1,0,1,1,0,1,1,0,1,0,1,0,0,0,0,1,0,0,0,0,0,0,0.2222222222222222,17.66292304199402,1
57,1,0,0,0,1,0,1,0,1,1,1,0,0,0,0,0,0,0,0,0,0,1,0,1,0,0,1,0,0,0,1,1,1,0,0,0,0.19444444444444445,5.831750107403423,1
58,1,0,0,0,1,1,0,0,1,1,0,1,1,0,0,1,0,0,0,0,1,1,0,1,0,0,1,0,0,0,1,1,1,1,0,0,0.3333333333333333,14.453621629081848,1
59,0,1,1,0,0,0,0,1,0,0,1,0,0,1,1,0,1,1,0,1,1,0,1,0,1,1,0,1,0,1,0,0,0,0,1,0,0.2777777777777778,14.631976352585788,1
60,0,1,1,0,0,0,0,1,0,0,1,1,0,1,1,0,1,1,0,1,0,0,1,0,1,1,0,1,0,1,0,0,0,0,1,0,0.2222222222222222,17.056293317263123,1
61,0,1,1,1,0,0,0,1,0,1,0,0,0,1,1,0,1,1,1,1,1,0,1,0,1,1,0,1,0,1,0,0,0,0,1,0,0.3333333333333333,18.395654710857936,1
62,1,0,0,1,1,1,1,0,1,0,0,0,1,1,0,1,0,0,1,0,0,1,0,1,0,0,1,0,1,0,1,1,1,1,0,0,0.25,18.284586194972025,1
63,0,1,1,0,0,0,0,1,0,1,0,0,0,1,1,0,1,1,0,1,0,0,1,0,1,1,0,1,0,1,0,0,0,0,0,0,0.3333333333333333,12.787416504557237,1
64,0,1,1,0,0,0,0,1,0,1,0,1,0,1,1,0,1,1,0,1,1,0,1,0,1,1,0,1,0,1,0,0,0,0,0,0,0.3055555555555556,17.124369891186827,1
65,0,1,1,1,0,0,0,1,0,0,1,0,0,1,1,0,1,1,0,1,1,0,1,0,1,1,0,1,0,1,0,0,0,0,0,0,0.3055555555555556,17.111190470996018,1
66,0,1,1,0,0,0,0,1,0,0,1,0,0,1,1,0,1,1,0,1,1,0,1,0,1,1,0,1,1,1,0,0,0,0,1,0,0.2777777777777778,16.057651985980762,1
67,0,1,1,0,0,1,0,1,0,0,1,0,0,1,0,0,0,1,0,0,1,0,1,0,1,1,0,0,1,1,0,0,0,0,0,0,0.16666666666666666,11.256563508609405,1
68,0,1,1,0,0,0,0,1,0,1,1,0,0,1,1,0,1,1,0,1,1,0,1,0,1,1,0,1,0,1,0,0,0,0,1,0,0.3055555555555556,14.201089393414712,1
69,1,0,0,0,1,1,1,0,1,0,0,1,1,1,0,0,1,0,1,0,0,1,1,1,0,0,0,0,1,0,1,1,1,1,0,0,0.25,13.112686205683474,1
70,0,1,1,0,0,0,0,1,0,0,0,0,0,1,1,0,1,1,1,1,0,0,1,0,1,1,0,0,0,1,0,0,0,0,1,0,0.25,11.18438371748231,1
71,0,1,1,0,0,1,0,1,0,0,1,0,0,1,1,1,1,1,0,1,0,0,1,0,1,1,0,0,1,1,0,1,0,0,0,0,0.25,23.516985115766524,1
72,0,1,1,1,0,0,0,1,0,1,1,0,0,1,1,0,1,1,0,1,1,0,1,0,1,1,0,1,0,1,0,0,0,0,1,0,0.3333333333333333,19.201433124981236,1
73,1,0,0,0,1,1,0,0,1,1,0,0,1,0,0,0,1,0,0,0,0,1,0,1,0,0,1,0,1,0,0,1,1,1,0,0,0.25,8.186992472188773,1
74,0,1,1,0,0,0,0,1,0,0,0,0,0,1,1,0,1,1,0,1,0,0,1,0,1,1,0,0,0,1,0,0,0,0,1,0,0.19444444444444445,10.48890375365661,1
75,0,1,1,0,0,0,0,1,0,1,1,0,0,1,1,1,0,1,0,1,1,0,1,0,1,0,0,1,0,1,0,0,0,0,1,0,0.2222222222222222,20.752380335601632,1
76,1,0,0,0,1,1,0,0,1,1,0,1,1,0,0,0,0,0,0,0,1,1,0,1,0,0,0,0,1,0,1,1,1,0,0,0,0.3055555555555556,9.544822154694844,1
77,0,1,1,0,0,0,0,1,0,1,1,0,0,1,1,0,1,1,1,0,1,0,1,0,1,1,0,0,0,1,0,0,0,0,1,0,0.19444444444444445,13.967749294892013,1
78,1,0,0,0,1,0,1,0,1,1,0,1,0,1,0,0,0,0,0,0,0,1,0,1,0,0,1,0,0,0,1,1,1,1,1,0,0.2777777777777778,12.269538067069405,1
79,0,1,1,0,0,0,0,1,0,1,0,0,0,1,1,0,1,1,0,1,0,0,1,0,0,1,0,1,0,1,0,0,0,0,1,0,0.2777777777777778,13.43701645118286,1
80,0,1,1,0,0,1,0,1,0,0,0,0,0,0,1,0,1,1,1,0,1,0,1,0,0,1,0,0,0,0,0,0,0,0,1,0,0.19444444444444445,10.857097405088549,1
81,0,1,1,0,0,0,0,1,0,1,0,0,0,1,1,1,1,1,1,0,1,0,0,0,1,1,0,0,1,1,0,0,0,0,1,0,0.2222222222222222,21.959542120257073,1
82,1,0,0,0,1,1,1,0,1,1,1,1,1,0,0,0,0,0,1,0,1,1,0,1,0,0,1,0,1,0,0,1,1,0,0,0,0.3055555555555556,12.139929453978002,1
83,0,1,1,0,0,0,0,1,0,1,1,0,0,1,1,0,1,1,1,1,0,0,1,0,1,1,0,1,0,1,0,0,0,0,1,0,0.3611111111111111,14.358690991909066,1
84,0,1,1,0,0,0,0,1,0,0,0,0,0,1,1,0,0,1,0,1,1,0,1,0,1,1,0,1,0,1,0,0,0,0,1,0,0.3055555555555556,15.356170439915577,1
85,0,1,1,0,0,0,0,1,0,0,0,0,0,1,1,0,1,1,0,0,1,0,1,0,1,0,0,0,1,1,0,0,0,0,1,0,0.25,10.645451513622366,1
86,0,1,1,0,0,0,0,1,0,0,0,0,0,1,1,0,1,1,0,1,1,0,1,0,1,1,0,0,1,1,0,0,0,0,0,0,0.3333333333333333,11.487531771903047,1
87,0,1,1,0,0,0,0,1,0,0,1,0,0,1,1,0,0,1,0,1,1,0,1,0,0,1,0,1,1,1,0,0,0,0,0,0,0.25,12.715780526550173,1
88,0,0,0,0,1,0,1,0,1,0,0,1,1,0,0,0,0,0,0,0,0,1,1,1,0,0,1,0,1,0,1,1,1,1,0,0,0.2222222222222222,22.617354797142816,1
89,0,1,1,0,0,0,0,1,0,1,1,1,0,1,1,0,0,1,1,0,0,0,1,0,1,1,0,1,1,1,0,0,0,0,1,0,0.3055555555555556,16.174099771143858,1
90,0,1,1,0,0,0,0,1,0,1,0,0,1,1,0,0,1,1,0,1,1,0,1,0,1,1,0,1,0,1,0,0,0,0,1,0,0.3055555555555556,13.553702983677553,1
91,1,1,1,0,0,0,0,1,0,0,0,1,0,1,1,0,1,1,1,1,0,0,1,0,1,1,0,1,1,1,0,0,0,0,0,0,0.25,17.08308007937527,1
92,0,1,1,1,0,0,0,1,0,1,0,0,0,1,1,0,1,1,0,1,1,0,1,0,1,1,0,1,0,1,0,0,0,0,0,0,0.3055555555555556,17.826327582589386,1
93,1,0,0,0,1,1,0,0,1,1,0,0,1,0,0,1,0,0,0,0,0,1,0,1,0,0,1,0,0,0,1,1,1,1,1,0,0.3611111111111111,13.573604035897144,1
94,1,0,0,0,1,1,0,0,1,1,0,1,1,1,0,0,1,0,1,0,0,1,0,1,1,0,0,0,1,0,1,1,1,0,0,0,0.3055555555555556,12.433039600616972,1
95,0,1,1,0,0,0,0,1,0,1,0,1,0,1,1,0,1,1,0,1,1,0,1,0,1,1,0,0,0,1,0,0,0,0,1,0,0.2777777777777778,17.400263979221787,1
96,1,0,0,0,1,1,1,0,1,1,1,1,1,1,0,0,1,0,0,0,0,1,0,1,1,0,0,0,0,0,1,1,1,1,0,0,0.3333333333333333,17.220461246164025,1
97,0,1,1,0,0,0,0,1,0,1,0,1,0,0,1,0,1,1,1,1,1,0,0,0,1,1,1,1,0,1,0,0,0,0,0,0,0.16666666666666666,14.961521966605368,1
98,1,0,0,0,1,1,1,0,1,1,1,1,1,1,0,0,0,0,1,0,1,1,0,1,0,0,1,0,1,0,1,1,1,0,0,0,0.3611111111111111,17.275465103609328,1
99,0,1,1,0,0,0,0,1,0,1,0,1,0,1,0,0,1,1,0,1,0,0,1,0,1,1,0,1,1,1,0,0,0,0,0,0,0.3333333333333333,14.428126728109554,1
