,0,1,2,3,4,5,6,7,8,9,10,11,12,13,14,15,16,17,18,19,20,21,22,23,24,25,26,27,28,29,30,31,32,33,34,35,chain_break_fraction,energy,num_occurrences
0,0,0,0,1,1,0,0,1,0,0,1,0,0,1,1,1,1,0,1,1,0,1,0,0,1,0,0,0,1,0,0,0,1,1,0,0,0.2777777777777778,11.177513230701047,1
1,0,0,0,1,1,0,0,1,0,0,1,0,0,1,1,1,1,0,1,1,0,1,0,0,1,0,0,0,1,0,0,0,1,1,0,0,0.3333333333333333,11.177513230701047,1
2,0,0,0,1,1,0,0,1,0,1,1,1,1,1,1,1,1,0,1,1,0,1,0,0,1,0,0,0,1,0,0,0,1,1,0,0,0.3611111111111111,26.60879213870615,1
3,0,0,0,1,1,0,0,1,0,1,1,1,1,1,1,1,1,0,1,1,0,1,0,0,1,0,0,0,1,0,0,0,1,1,0,0,0.3611111111111111,26.60879213870615,1
4,0,0,0,1,1,0,0,1,0,1,1,0,1,1,1,1,1,0,1,1,1,1,0,0,1,0,0,0,1,0,0,0,1,1,0,0,0.3333333333333333,17.08662285824351,1
5,0,0,0,1,1,0,0,1,0,0,1,0,0,1,1,1,1,0,1,1,0,1,0,0,1,0,0,0,1,0,0,0,1,1,0,0,0.3611111111111111,11.177513230701047,1
6,0,0,0,1,1,0,0,1,0,1,1,0,0,1,1,1,1,0,1,1,0,1,0,0,1,0,0,0,1,0,0,0,1,1,0,0,0.3055555555555556,15.223189367281407,1
7,0,0,0,1,1,0,0,1,0,1,1,1,1,1,1,1,1,0,1,1,0,1,0,0,1,0,0,0,1,0,0,0,1,1,0,0,0.3611111111111111,26.60879213870615,1
8,0,0,0,1,1,0,0,1,0,1,1,0,0,1,1,1,1,0,1,1,0,1,0,0,1,0,0,0,1,0,0,0,1,1,0,0,0.3333333333333333,15.223189367281407,1
9,0,0,0,1,1,0,0,1,0,1,1,1,0,1,1,1,1,0,1,1,0,1,0,0,1,0,0,0,1,0,0,0,1,1,0,0,0.3055555555555556,23.52792700484241,1
10,1,0,0,1,1,0,0,1,0,1,1,0,1,1,1,1,1,0,1,1,0,1,0,0,1,0,0,0,1,0,0,0,1,1,0,0,0.3611111111111111,20.525863530077217,1
11,0,0,0,1,1,0,0,1,0,0,1,0,1,1,1,1,1,0,1,1,0,1,0,0,1,0,0,0,1,0,0,0,1,1,0,0,0.3055555555555556,12.258214534256727,1
12,1,0,0,1,1,0,0,1,0,1,1,1,0,1,1,1,1,0,1,1,1,1,0,0,1,0,0,0,1,0,0,0,1,1,0,0,0.3055555555555556,25.84141720054378,1
13,0,0,0,1,1,0,0,1,0,1,1,1,1,1,1,1,1,0,1,1,1,1,0,0,1,0,0,0,1,0,0,0,1,1,0,0,0.3333333333333333,25.35668155588073,1
14,0,0,0,1,1,0,0,1,0,1,1,1,1,1,1,1,1,0,1,1,1,1,0,0,1,0,0,0,1,0,0,0,1,1,0,0,0.3055555555555556,25.35668155588073,1
15,0,0,0,1,1,0,0,1,0,1,1,0,0,1,1,1,1,0,1,1,0,1,0,0,1,0,0,0,1,0,0,0,1,1,0,0,0.3055555555555556,15.223189367281407,1
16,1,0,0,1,1,0,0,1,0,1,1,0,0,1,1,1,1,0,1,1,0,1,0,0,1,0,0,0,1,0,0,0,0,1,0,0,0.3611111111111111,19.75782364798133,1
17,0,0,0,1,1,0,0,1,0,1,1,1,0,1,1,1,1,0,1,1,0,1,0,0,1,0,0,0,1,0,0,0,1,1,0,0,0.3611111111111111,23.52792700484241,1
18,0,0,0,1,1,0,0,1,0,1,1,0,0,1,1,1,1,0,1,1,0,1,0,0,1,0,0,0,1,0,0,0,1,1,0,0,0.3055555555555556,15.223189367281407,1
19,0,0,0,1,1,0,0,1,0,1,1,1,0,1,1,1,1,0,1,1,1,1,0,0,1,0,1,0,1,0,0,0,1,1,0,0,0.3333333333333333,23.307078770609557,1
20,0,0,0,1,0,0,0,1,0,1,1,0,1,1,1,1,1,0,1,1,1,1,0,0,1,0,0,0,1,0,0,0,0,1,0,0,0.3055555555555556,16.109783195615922,1
21,0,0,0,1,1,0,0,1,0,0,1,1,0,1,1,1,1,0,1,1,1,1,0,0,1,0,0,0,1,0,0,0,1,1,0,0,0.3055555555555556,17.871826751224177,1
22,0,0,0,1,1,0,0,1,0,1,1,0,1,1,1,1,1,0,1,1,0,1,0,0,1,0,0,0,1,0,0,0,1,1,0,0,0.3333333333333333,17.303890670989507,1
23,0,0,0,1,1,0,0,1,0,1,1,1,0,1,1,1,1,0,1,1,1,1,0,0,1,0,0,0,1,0,0,0,1,1,0,0,0.3055555555555556,22.917502887725984,1
24,0,0,0,1,1,0,0,1,0,0,1,1,0,1,1,1,1,0,1,1,1,1,0,0,0,0,0,0,1,0,0,0,1,1,0,0,0.2777777777777778,17.86990029072642,1
25,0,0,0,1,1,0,0,1,0,1,1,1,0,1,1,1,1,0,1,1,0,1,0,0,1,0,0,0,1,0,0,0,1,1,0,0,0.3611111111111111,23.52792700484241,1
26,0,0,0,1,1,0,0,1,0,1,1,0,1,1,1,1,1,0,1,1,1,1,0,0,0,0,0,0,1,0,0,0,1,1,0,0,0.3055555555555556,17.678200375655162,1
27,0,0,0,1,1,0,0,1,0,1,1,0,0,1,1,1,1,0,1,1,0,1,0,0,1,0,0,0,1,0,0,0,1,1,0,0,0.3055555555555556,15.223189367281407,1
28,0,0,0,1,1,0,0,1,0,1,1,1,0,1,1,1,1,0,1,1,0,1,0,1,1,0,0,0,1,0,0,0,1,1,0,0,0.3611111111111111,22.346217265411084,1
29,0,0,0,1,1,0,0,1,0,1,1,0,0,1,1,1,1,0,1,1,0,1,0,0,1,0,0,0,1,0,0,0,1,1,0,0,0.3055555555555556,15.223189367281407,1
30,1,0,0,1,1,0,0,1,0,1,1,1,0,1,1,1,1,0,1,1,1,1,0,0,1,0,0,0,1,0,0,0,1,1,0,0,0.3333333333333333,25.84141720054378,1
31,0,0,0,1,1,0,0,1,0,0,1,0,0,1,1,1,1,0,1,1,0,1,0,0,1,0,0,0,1,0,0,0,1,1,0,0,0.3611111111111111,11.177513230701047,1
32,0,0,0,1,1,0,0,1,0,1,1,0,0,1,1,1,1,0,1,1,1,1,0,0,1,0,0,0,1,0,0,0,1,1,0,0,0.3055555555555556,15.647608020244393,1
33,0,0,0,1,1,0,0,1,0,1,1,0,1,1,1,1,1,0,1,1,1,1,0,0,1,0,1,0,1,0,0,0,0,1,0,0,0.3611111111111111,18.963249678705303,1
34,0,0,0,1,1,0,0,1,0,1,1,1,0,1,1,1,1,0,1,1,1,1,0,0,1,0,1,0,1,0,0,0,1,1,0,0,0.3333333333333333,23.307078770609557,1
35,0,0,0,1,1,0,0,1,0,1,1,0,1,1,1,1,1,0,1,1,1,1,0,0,1,0,0,0,1,0,0,0,0,1,0,0,0.3611111111111111,18.680601252400002,1
36,0,0,0,1,1,0,0,1,0,0,1,0,1,1,1,1,1,0,1,1,0,1,0,0,1,0,0,0,1,0,0,0,1,1,0,0,0.4166666666666667,12.258214534256727,1
37,0,0,0,1,1,0,0,1,0,1,1,0,0,1,1,0,1,0,1,1,0,1,0,0,1,0,0,0,1,0,0,0,1,1,0,0,0.2222222222222222,10.379027329172498,1
38,0,0,0,1,1,0,0,1,0,1,1,0,0,1,1,0,1,0,1,1,0,1,0,0,1,0,0,0,1,0,0,0,1,1,0,0,0.25,10.379027329172498,1
39,1,0,0,1,1,0,0,1,0,1,1,0,0,1,1,1,1,0,1,1,0,1,0,0,1,0,0,0,1,0,0,0,1,1,0,0,0.3888888888888889,17.665488469893727,1
40,0,0,0,1,1,0,0,1,0,1,1,1,1,1,1,1,0,0,1,1,1,1,0,0,1,0,0,0,1,0,0,0,1,1,0,0,0.3055555555555556,23.060088014037074,1
41,1,0,0,1,1,0,0,1,0,1,1,1,1,1,1,1,1,0,1,1,1,1,0,0,1,0,1,0,1,0,0,0,1,1,0,0,0.3888888888888889,28.289772512756052,1
42,0,0,0,1,1,0,0,1,0,0,1,1,1,1,1,1,1,0,1,1,0,1,0,0,1,0,0,0,1,0,0,0,1,1,0,0,0.3333333333333333,19.563116001972222,1
43,0,0,0,1,1,0,0,1,0,1,1,0,0,1,1,1,1,0,1,1,1,1,0,0,1,0,0,0,1,0,0,0,1,1,0,0,0.3055555555555556,15.647608020244393,1
44,1,0,0,1,1,0,0,1,0,1,1,0,0,1,1,1,1,0,1,1,0,1,0,0,1,0,0,0,1,0,0,0,1,1,0,0,0.3333333333333333,17.665488469893727,1
45,1,0,0,1,1,0,0,1,0,1,1,1,0,1,1,1,1,0,1,1,0,1,0,1,1,0,0,0,1,0,0,0,1,1,0,0,0.3055555555555556,24.785557483443885,1
46,0,0,0,1,1,0,0,1,0,1,1,1,0,1,1,1,1,0,1,1,1,1,0,0,1,0,0,0,1,0,0,0,1,1,0,0,0.3055555555555556,22.917502887725984,1
47,0,0,0,1,1,0,0,1,0,1,1,0,0,1,1,1,1,0,1,1,0,1,0,0,1,0,0,0,1,0,0,0,1,1,0,0,0.3611111111111111,15.223189367281407,1
48,0,0,0,1,1,0,0,1,0,1,1,0,1,1,1,1,1,0,1,1,1,1,0,0,1,0,0,0,1,0,0,0,1,1,0,0,0.3611111111111111,17.08662285824351,1
49,0,0,0,1,1,0,0,1,0,0,1,1,0,1,1,1,1,0,1,1,0,1,0,0,1,0,1,0,1,0,0,0,1,1,0,0,0.3333333333333333,17.871826751224177,1
50,1,0,0,1,1,0,0,1,0,1,1,1,0,1,1,1,1,0,1,1,0,1,0,0,1,0,0,0,1,0,0,0,0,1,0,0,0.3888888888888889,30.06256302915706,1
51,0,0,0,1,1,0,0,1,0,1,1,0,1,1,1,0,1,0,1,1,0,1,0,0,1,0,0,0,1,0,0,0,1,1,0,0,0.3333333333333333,11.457223595844386,1
52,1,0,0,1,1,0,0,1,0,1,1,0,1,1,1,1,1,0,1,1,0,1,0,0,1,0,0,0,1,0,0,0,1,1,0,0,0.3611111111111111,20.525863530077217,1
53,1,0,0,1,1,0,0,1,0,0,1,1,1,1,1,1,1,0,1,1,0,1,0,0,1,0,0,0,1,0,0,0,1,1,0,0,0.3333333333333333,22.785090600856485,1
54,0,0,0,1,1,0,0,1,0,1,1,0,1,1,1,1,1,0,1,1,0,1,0,0,1,0,1,0,1,0,0,0,1,1,0,0,0.3888888888888889,17.0866228582435,1
55,0,0,0,1,0,0,0,1,0,1,1,0,0,1,1,0,1,0,1,1,1,1,0,0,1,0,0,0,0,0,0,0,1,1,0,0,0.2222222222222222,9.674215717141614,1
56,0,0,0,1,1,0,0,1,0,0,1,0,1,1,1,1,1,0,1,1,0,1,0,0,1,0,0,0,1,0,0,0,1,1,0,0,0.25,12.258214534256727,1
57,0,0,0,1,1,0,0,1,0,1,1,0,0,1,1,1,1,0,1,1,1,1,0,0,1,0,1,0,1,0,0,0,1,1,0,0,0.3055555555555556,17.072026673207382,1
58,0,0,0,1,1,0,0,1,0,1,1,0,0,1,1,1,1,0,1,1,0,1,0,0,1,0,0,0,1,0,0,0,1,1,0,0,0.3611111111111111,15.223189367281407,1
59,0,0,0,1,1,0,0,1,0,1,1,0,0,1,1,1,1,0,1,1,0,1,0,0,1,0,1,0,1,0,0,0,1,1,0,0,0.4166666666666667,15.6476080202444,1
60,1,0,0,1,1,0,0,1,0,1,1,0,0,1,1,0,1,0,1,1,0,1,0,0,1,0,0,0,1,0,0,0,0,1,0,0,0.3055555555555556,12.913223057769985,1
61,0,0,0,1,1,0,0,1,0,1,1,1,0,1,1,1,1,0,1,1,0,1,0,1,1,0,0,0,1,0,0,0,0,1,0,0,0.3055555555555556,22.93707213512674,1
62,0,0,0,1,1,0,0,1,0,1,1,0,0,1,1,1,0,0,1,1,0,1,0,0,1,0,1,0,1,0,0,0,1,1,0,0,0.3333333333333333,14.851044537518545,1
63,1,0,0,1,1,0,0,1,0,1,1,1,0,1,1,1,0,0,1,1,1,1,0,0,1,0,0,0,1,0,0,0,0,1,0,0,0.3611111111111111,25.552785039449923,1
64,1,0,0,1,1,0,0,1,0,1,1,1,0,1,1,1,1,0,1,1,0,1,0,1,1,0,0,0,1,0,0,0,1,1,0,0,0.25,24.785557483443885,1
65,0,0,0,1,1,0,0,1,0,0,1,0,0,1,1,1,1,0,1,1,1,1,0,0,1,0,0,0,1,0,0,0,1,1,0,0,0.3055555555555556,12.601931883743717,1
66,0,0,0,1,1,0,0,1,0,0,1,0,1,1,1,1,1,0,1,1,0,1,0,0,1,0,1,0,1,0,0,0,0,1,0,0,0.2777777777777778,13.634844953154177,1
67,1,0,0,1,1,0,0,1,0,0,1,0,0,1,1,1,1,0,1,1,0,1,0,0,1,0,0,0,1,0,0,0,0,1,0,0,0.25,13.712067348806887,1
68,0,0,0,1,1,0,0,1,0,1,1,1,1,1,1,1,1,0,1,1,1,1,0,0,1,0,1,0,1,0,0,0,1,1,0,0,0.3611111111111111,25.104570973055306,1
69,1,0,0,1,1,0,0,1,0,0,1,1,1,1,1,1,1,0,1,1,0,1,0,0,1,0,0,0,1,0,0,0,0,1,0,0,0.3611111111111111,25.380552909374465,1
70,0,0,0,1,1,0,0,1,0,0,1,0,0,1,1,1,1,0,1,1,0,1,0,0,1,0,1,0,1,0,0,0,0,1,0,0,0.3055555555555556,12.692622826101195,1
71,1,0,0,1,1,0,0,1,0,1,1,0,1,1,1,1,1,0,1,1,0,1,0,0,1,0,1,0,1,0,0,0,1,1,0,0,0.4166666666666667,19.790209187738746,1
72,0,0,0,1,1,0,0,1,0,1,1,0,0,1,1,1,1,0,1,1,0,1,0,0,1,0,0,0,1,0,0,0,0,1,0,0,0.3333333333333333,16.81404423318029,1
73,1,0,0,1,1,0,0,1,0,1,1,1,0,1,1,1,1,0,1,1,0,1,0,0,1,0,0,0,1,0,0,0,1,1,0,0,0.3055555555555556,26.970227847252655,1
74,1,0,0,1,1,0,0,1,0,1,1,0,1,1,1,1,1,0,1,1,1,1,0,0,1,0,0,0,1,0,0,0,1,1,0,0,0.3055555555555556,19.790209187738743,1
75,1,0,0,1,1,0,0,1,0,1,1,1,0,1,1,1,0,0,1,1,1,1,0,0,1,0,0,0,1,0,0,0,1,1,0,0,0.3055555555555556,23.54485149816471,1
76,0,0,0,1,0,0,0,1,0,0,1,0,1,1,1,1,1,0,1,1,1,1,0,0,1,0,0,0,1,0,0,0,1,1,0,0,0.3611111111111111,11.97012866507698,1
77,1,0,0,1,1,0,0,1,0,1,1,1,0,1,1,1,1,0,1,1,1,1,0,0,1,0,0,0,1,0,0,0,1,1,0,0,0.4166666666666667,25.84141720054378,1
78,1,0,0,1,1,0,0,1,0,1,1,0,1,1,1,1,1,0,1,1,0,1,0,0,1,0,1,0,1,0,0,0,1,1,0,0,0.4166666666666667,19.790209187738746,1
79,0,0,0,1,1,0,0,1,0,1,1,1,1,1,1,1,1,0,1,1,0,1,0,0,1,0,1,0,1,0,0,0,1,1,0,0,0.3611111111111111,25.35668155588073,1
80,0,0,0,1,1,0,0,1,1,1,1,0,1,1,1,1,1,0,1,1,0,1,0,1,1,0,0,0,1,0,0,0,1,1,0,0,0.3611111111111111,19.638524266552814,1
81,0,0,0,1,1,0,0,1,0,1,1,1,0,1,1,1,1,0,1,1,1,1,0,1,1,0,0,0,1,0,0,0,1,1,0,0,0.4444444444444444,22.735960670192036,1
82,0,0,0,1,0,0,0,1,0,1,1,0,0,1,1,1,1,0,1,1,0,1,0,1,1,0,0,0,1,0,0,0,1,1,0,0,0.2777777777777778,14.958559910621311,1
83,0,1,1,0,0,1,1,0,1,0,0,0,1,0,0,1,0,1,0,1,0,0,1,1,0,1,0,1,0,1,1,1,0,0,1,1,0.3055555555555556,41.63161275880943,1
84,1,0,0,1,1,0,0,1,0,0,1,0,0,1,1,1,1,0,1,1,0,1,0,0,1,0,1,0,1,0,0,0,1,1,0,0,0.3055555555555556,13.5258444567622,1
85,1,0,0,1,0,0,0,1,0,1,1,0,1,1,1,1,1,0,1,1,1,1,0,1,1,0,1,0,1,0,0,0,0,1,0,0,0.4166666666666667,18.900508747683315,1
86,0,0,0,1,0,0,0,1,0,1,1,0,0,1,1,1,1,0,1,1,0,1,0,0,1,0,0,0,1,0,0,0,1,1,0,0,0.3333333333333333,13.140269641877797,1
87,1,0,0,1,0,0,0,1,0,1,1,1,0,1,1,0,1,0,1,1,1,1,0,0,1,0,0,0,1,0,0,0,1,1,0,0,0.3333333333333333,16.01973115509001,1
88,1,0,0,1,1,0,0,1,0,0,1,0,1,1,1,1,1,0,1,1,0,1,0,0,1,0,1,0,1,0,0,0,1,1,0,0,0.4444444444444444,14.74453305108426,1
89,0,0,0,1,1,0,0,1,0,1,1,0,0,1,1,1,1,0,1,1,1,1,0,0,1,0,0,0,1,0,0,0,1,0,0,0,0.2777777777777778,17.82915023014479,1
90,0,0,0,1,0,0,0,1,0,0,1,0,0,1,1,1,1,0,1,1,0,1,0,1,1,0,0,0,1,0,0,0,0,1,0,0,0.3333333333333333,12.00381880226195,1
91,0,0,0,1,1,0,0,1,1,1,1,0,1,1,1,1,0,0,1,1,0,1,0,0,1,0,0,0,1,0,0,0,1,1,0,0,0.2777777777777778,18.507200706080663,1
92,1,0,0,1,1,0,0,1,0,1,1,1,0,1,1,1,1,0,1,1,1,1,0,1,1,0,0,0,1,0,0,0,1,1,0,0,0.3888888888888889,24.656914358632363,1
93,1,0,0,1,0,0,0,1,0,1,1,0,0,1,1,1,0,0,1,1,1,1,0,0,1,0,0,0,1,0,0,0,0,1,0,0,0.3333333333333333,15.212115610482831,1
94,0,0,0,1,0,0,0,1,0,1,1,1,0,1,1,1,1,0,1,1,0,1,0,1,1,0,0,0,1,0,0,0,1,1,0,0,0.3333333333333333,19.354627140294173,1
95,0,0,0,1,1,0,1,1,0,1,1,1,1,1,1,1,1,0,1,1,1,1,0,0,1,0,0,0,1,0,0,0,0,1,0,0,0.3611111111111111,32.45028024527613,1
96,0,0,0,1,1,0,0,1,1,1,1,0,0,1,1,1,1,0,1,1,0,1,0,0,1,0,1,0,1,0,0,0,0,1,0,0,0.3333333333333333,19.761257274741272,1
97,0,0,0,1,1,0,0,1,0,0,1,0,1,1,1,1,1,0,1,1,1,1,0,0,1,0,0,0,1,0,0,0,1,1,0,0,0.3055555555555556,13.040946721590393,1
98,1,0,1,1,1,0,0,1,0,1,1,1,0,1,1,1,0,0,1,0,1,1,0,0,1,0,1,0,1,0,0,0,1,1,0,0,0.19444444444444445,25.936968043221214,1
99,1,1,1,0,0,1,1,0,1,0,0,0,1,0,0,1,0,1,0,1,0,0,1,0,0,1,1,1,0,1,1,1,0,0,1,1,0.3888888888888889,41.77592075582047,1
