,0,1,2,3,4,5,6,7,8,9,10,11,12,13,14,15,16,17,18,19,20,21,22,23,24,25,26,27,28,29,30,31,32,33,34,35,chain_break_fraction,energy,num_occurrences
0,1,0,0,1,0,0,1,1,1,0,0,1,0,1,0,1,1,0,1,1,0,0,0,1,0,0,0,1,0,1,0,0,0,1,1,0,0.25,10.187600474434168,1
1,1,0,0,1,0,0,1,1,1,0,0,1,0,1,0,1,1,0,1,1,0,0,0,1,0,0,0,1,0,1,0,0,0,1,1,0,0.25,10.187600474434168,1
2,1,0,0,1,0,0,1,1,1,0,0,1,0,1,0,1,1,0,1,1,0,0,0,1,0,0,0,1,0,0,0,0,0,1,1,0,0.2222222222222222,11.713691974783302,1
3,1,0,0,1,0,0,1,1,1,0,0,1,0,1,0,1,1,0,1,1,0,0,0,1,0,0,0,1,0,1,0,0,0,1,1,0,0.3055555555555556,10.187600474434168,1
4,1,0,0,1,0,0,1,1,0,0,0,1,0,1,0,1,1,0,1,1,0,0,0,1,0,0,0,1,0,1,0,0,0,1,1,0,0.2222222222222222,9.681413767832044,1
5,1,0,0,1,0,0,1,1,1,0,0,1,0,1,0,1,1,0,1,1,0,0,0,1,1,0,0,1,0,1,0,0,0,1,1,0,0.2222222222222222,8.75776386493921,1
6,1,0,0,1,0,0,1,1,1,0,0,1,0,1,0,1,1,0,1,1,0,0,0,1,0,0,1,1,0,1,0,0,0,1,1,0,0.2222222222222222,9.769151213245452,1
7,1,0,0,1,0,0,1,1,1,0,0,1,0,1,0,1,1,0,1,1,0,0,0,1,0,0,0,1,0,1,0,0,0,1,1,1,0.2777777777777778,11.53112472474039,1
8,1,0,0,1,0,0,1,1,1,0,0,1,0,1,0,1,1,0,1,1,0,0,0,1,0,0,0,1,0,1,0,0,0,1,1,1,0.3333333333333333,11.53112472474039,1
9,1,0,0,1,0,0,1,1,1,0,0,1,0,1,0,1,1,0,1,1,0,0,0,1,0,0,0,1,0,1,0,0,0,1,1,0,0.16666666666666666,10.187600474434168,1
10,1,0,0,1,0,0,1,1,1,0,0,1,0,1,0,1,1,0,1,1,0,0,0,1,0,0,0,1,0,0,0,0,0,1,1,0,0.3055555555555556,11.713691974783302,1
11,1,0,0,1,0,0,1,1,1,0,0,1,0,1,0,1,1,0,1,1,0,0,0,1,0,0,0,1,0,1,1,0,0,1,1,0,0.3055555555555556,10.420561563938188,1
12,1,0,0,1,0,0,1,1,1,0,0,1,0,1,0,1,1,0,1,1,0,0,0,1,0,1,0,1,0,1,0,0,0,1,1,1,0.2777777777777778,12.928768368943999,1
13,1,0,0,1,0,0,1,1,1,0,0,1,0,1,0,1,1,0,1,1,0,0,0,1,0,0,0,1,0,1,0,0,0,1,1,0,0.25,10.187600474434168,1
14,1,0,0,1,0,0,1,1,1,0,0,1,0,1,0,1,1,0,1,1,0,0,0,1,0,0,0,1,0,0,0,0,0,1,1,1,0.19444444444444445,10.12688035216538,1
15,1,0,0,1,0,0,0,1,1,0,0,1,0,1,0,1,1,0,1,1,0,0,0,1,0,0,0,1,0,1,0,0,0,1,1,0,0.2222222222222222,9.520777251796309,1
16,1,0,0,1,0,0,1,1,1,0,0,1,0,1,0,1,1,0,1,1,0,0,0,1,0,0,0,1,0,1,0,0,0,1,1,0,0.3333333333333333,10.187600474434168,1
17,1,0,0,1,0,0,1,1,1,0,0,1,0,1,0,1,1,0,1,1,0,1,0,1,0,0,0,1,0,1,0,0,0,1,1,0,0.3055555555555556,13.273734794035214,1
18,1,0,0,1,0,0,1,1,1,0,0,1,0,1,0,1,1,0,1,1,0,0,0,1,0,0,0,1,0,1,0,0,0,1,1,1,0.3333333333333333,11.53112472474039,1
19,1,0,0,1,0,0,0,1,1,0,0,1,0,1,0,1,1,0,1,1,0,0,0,1,0,0,0,1,0,1,0,0,0,1,1,0,0.2777777777777778,9.520777251796309,1
20,1,0,0,1,0,0,1,1,1,0,0,1,0,1,0,1,0,0,1,1,0,0,0,1,0,0,0,1,0,1,0,0,0,1,1,0,0.25,8.884210179845068,1
21,1,0,0,1,0,0,1,1,1,0,0,1,0,1,0,1,1,0,1,1,0,0,0,1,0,0,0,1,0,1,0,0,0,1,1,1,0.25,11.53112472474039,1
22,1,0,0,1,0,0,1,1,1,0,0,1,0,1,0,1,1,0,1,1,0,0,0,1,0,0,0,1,0,1,0,0,0,1,1,0,0.2777777777777778,10.187600474434168,1
23,1,0,0,1,0,0,1,1,1,0,0,1,0,1,0,1,1,0,1,1,0,0,0,1,0,0,0,1,0,1,0,0,0,1,1,0,0.3055555555555556,10.187600474434168,1
24,1,0,0,1,0,0,1,1,1,0,0,1,0,1,0,1,1,0,1,1,0,0,0,1,0,0,0,1,0,0,0,0,0,1,0,0,0.3055555555555556,14.507097786092263,1
25,1,0,0,1,0,0,1,1,1,0,0,1,0,1,0,1,1,0,1,1,0,0,0,1,0,0,0,1,0,0,0,0,0,1,1,0,0.3055555555555556,11.713691974783302,1
26,1,0,0,1,0,0,0,1,1,0,0,0,0,1,0,1,1,0,1,1,0,0,0,1,0,0,0,1,0,1,0,0,0,1,1,0,0.25,8.392675416575926,1
27,1,0,0,1,0,0,0,1,1,0,0,1,0,1,0,1,1,0,1,1,0,0,0,1,0,0,0,1,0,1,0,0,0,1,1,0,0.2777777777777778,9.520777251796309,1
28,1,1,0,1,0,0,1,1,1,0,0,1,0,1,0,1,1,0,1,1,0,0,0,1,0,0,0,1,0,1,0,0,0,1,1,0,0.25,16.754767542546446,1
29,1,0,0,1,0,0,1,1,1,0,0,1,0,1,0,1,1,0,1,1,0,0,0,1,0,0,0,1,0,1,0,0,0,1,1,0,0.2222222222222222,10.187600474434168,1
30,1,0,0,1,0,0,1,1,1,0,0,1,0,1,0,1,1,0,1,1,0,0,0,1,0,0,0,1,0,1,0,0,0,1,1,0,0.25,10.187600474434168,1
31,1,0,0,1,0,0,1,1,1,0,0,0,0,1,0,1,1,0,1,1,0,0,0,1,0,0,0,1,0,1,0,0,0,1,1,1,0.2222222222222222,11.401819845496577,1
32,1,0,0,1,0,0,1,1,1,0,0,1,0,1,0,1,1,0,1,1,0,0,0,1,0,0,0,1,0,0,0,0,0,1,1,0,0.3055555555555556,11.713691974783302,1
33,0,0,0,1,0,0,1,1,1,0,0,1,0,1,0,1,1,0,1,1,0,0,0,1,0,1,0,1,0,0,0,0,0,1,1,0,0.25,7.425388270967175,1
34,1,0,0,1,0,0,1,1,1,0,0,1,0,1,0,1,1,0,1,1,0,0,0,1,0,0,0,1,0,1,0,0,0,1,1,1,0.3888888888888889,11.53112472474039,1
35,1,0,0,1,0,0,1,1,1,0,0,1,0,1,0,1,1,0,1,1,0,0,0,1,0,0,0,1,0,1,0,0,0,1,1,0,0.2777777777777778,10.187600474434168,1
36,1,0,0,1,0,0,1,1,0,0,0,1,0,1,0,1,1,0,1,1,0,0,0,1,0,0,0,1,0,1,0,0,0,1,1,0,0.3055555555555556,9.681413767832044,1
37,1,0,0,1,0,0,1,1,1,0,0,1,0,1,0,1,1,0,1,1,0,0,0,1,0,0,0,1,0,1,0,0,0,1,0,0,0.3055555555555556,11.515838349281058,1
38,1,0,0,1,0,0,1,1,1,0,0,1,0,1,0,1,1,0,1,1,0,0,0,1,0,0,0,1,1,0,0,0,0,1,1,0,0.25,9.950646224608741,1
39,1,0,0,1,0,0,1,1,1,0,0,1,0,1,0,1,1,0,1,1,0,0,0,1,0,0,0,1,0,1,0,0,0,1,1,1,0.2777777777777778,11.53112472474039,1
40,1,0,0,1,0,0,1,1,1,0,0,1,0,1,0,1,1,0,1,1,0,0,0,1,0,0,0,1,0,1,0,0,0,0,1,1,0.2777777777777778,10.296486879017458,1
41,0,0,1,0,1,1,1,0,0,1,1,0,1,0,1,0,0,1,1,1,1,1,1,0,0,0,1,0,1,0,1,1,1,1,0,0,0.25,21.737218078255957,1
42,1,0,0,1,0,0,1,1,1,0,0,1,0,1,0,1,1,0,1,1,0,0,0,1,0,1,0,1,0,1,0,0,0,1,0,0,0.2777777777777778,9.527506698694376,1
43,0,0,1,0,1,1,0,0,0,1,1,0,1,0,1,0,0,1,1,1,1,1,1,0,0,0,1,0,1,0,1,1,1,1,0,1,0.25,33.03038261676389,1
44,1,0,0,1,0,0,1,1,1,0,0,1,0,1,0,1,1,0,1,1,0,0,0,1,0,0,0,1,0,1,0,0,0,1,1,0,0.3611111111111111,10.187600474434168,1
45,1,0,0,1,0,0,0,1,1,0,0,1,0,1,0,1,1,0,1,1,0,0,0,1,0,0,0,1,0,1,0,0,0,1,1,0,0.2777777777777778,9.520777251796309,1
46,1,0,0,1,0,0,1,1,0,0,0,1,0,1,0,1,1,0,1,1,0,0,0,1,0,1,0,1,0,1,0,0,0,1,1,1,0.2222222222222222,14.422581662347998,1
47,1,0,0,1,0,0,1,1,0,0,0,1,0,1,0,1,1,0,1,1,0,0,0,1,0,0,0,1,0,1,0,0,0,0,0,0,0.2222222222222222,11.28419821618398,1
48,1,0,0,1,0,0,1,1,1,0,0,1,0,1,0,1,0,0,1,1,0,0,0,1,0,0,0,1,0,0,0,0,0,1,0,1,0.3055555555555556,8.994879370633418,1
49,0,0,1,0,1,1,0,0,0,1,1,0,1,0,1,0,0,1,0,1,1,0,1,0,0,0,1,0,1,0,1,1,1,1,0,0,0.2777777777777778,14.932708522189957,1
50,1,0,0,1,0,0,1,1,1,0,0,0,0,1,0,1,1,0,1,1,0,0,0,1,0,0,0,1,0,1,0,0,0,1,0,1,0.25,9.729903733199322,1
51,1,0,0,1,0,0,0,1,1,0,0,0,0,1,0,1,0,0,1,1,0,0,0,1,0,0,0,1,0,1,0,0,0,0,0,0,0.19444444444444445,5.339148769390235,1
52,1,0,0,1,0,0,1,1,1,0,0,1,0,1,0,1,1,0,1,1,0,0,0,1,0,0,0,1,0,1,0,0,0,1,1,0,0.2777777777777778,10.187600474434168,1
53,1,0,0,1,0,0,1,1,1,0,0,1,0,1,0,1,1,0,1,1,0,0,0,1,0,0,1,1,0,1,0,0,0,0,1,0,0.2222222222222222,9.524811889365441,1
54,0,0,1,0,1,1,0,0,0,1,1,0,1,0,1,0,0,1,1,1,1,0,1,0,1,0,1,0,1,0,1,1,1,1,0,1,0.3333333333333333,25.405577654085448,1
55,1,0,0,1,0,0,1,1,1,0,0,1,0,1,0,1,1,0,1,1,0,0,0,1,0,0,0,1,0,1,0,0,0,1,1,0,0.3055555555555556,10.187600474434168,1
56,1,0,0,1,0,0,1,1,1,0,0,1,0,1,0,1,1,0,1,1,0,0,0,1,0,0,0,1,0,1,0,0,0,1,1,0,0.3055555555555556,10.187600474434168,1
57,1,0,0,1,0,0,1,1,1,0,0,1,0,1,0,1,1,0,1,1,0,0,0,1,1,0,0,1,0,1,0,0,0,0,1,1,0.2777777777777778,8.62190399566834,1
58,0,0,0,1,0,0,1,1,1,0,0,1,0,1,0,1,1,0,1,1,0,0,0,1,0,1,1,1,0,1,0,0,0,1,1,0,0.25,10.2566095810941,1
59,1,0,0,1,0,0,1,1,0,0,0,1,0,1,0,1,1,0,1,1,0,0,0,1,1,1,0,1,0,0,0,0,0,1,0,0,0.3333333333333333,8.871913535153336,1
60,0,1,1,0,1,1,1,0,0,1,1,0,1,0,1,0,0,1,0,1,1,0,1,0,1,0,1,0,1,0,1,1,1,1,0,1,0.25,18.691488142896404,1
61,0,0,1,0,1,1,1,0,0,1,1,0,1,0,1,0,0,1,0,1,1,0,1,0,1,0,1,0,1,0,1,1,1,1,0,0,0.25,14.189252593159289,1
62,1,0,0,1,0,0,1,1,1,0,0,1,0,1,0,1,1,0,1,1,0,0,0,1,1,0,0,1,0,1,0,0,0,1,1,1,0.3055555555555556,11.229946546842198,1
63,1,0,0,1,0,0,1,1,1,0,0,1,0,1,0,1,1,0,1,1,0,0,0,1,0,0,0,1,0,1,1,0,0,1,1,0,0.3055555555555556,10.420561563938188,1
64,1,0,0,1,0,0,1,1,0,0,0,1,0,1,0,1,1,0,1,1,0,0,0,1,0,0,0,1,0,0,0,0,0,1,1,0,0.2777777777777778,10.207505250106767,1
65,0,0,1,0,1,1,1,0,0,1,1,0,1,0,1,0,0,1,0,1,1,0,1,0,1,1,1,0,1,0,1,1,1,1,0,0,0.3055555555555556,19.525959216639876,1
66,0,0,1,0,1,1,0,0,0,1,1,0,1,0,1,0,0,1,0,1,1,0,1,0,0,0,1,0,1,0,1,1,1,1,0,0,0.3055555555555556,14.932708522189957,1
67,0,1,1,0,1,1,1,0,0,1,1,0,1,0,1,0,0,1,0,1,1,1,1,0,1,1,1,0,1,0,1,1,0,1,0,1,0.2777777777777778,29.860519135698258,1
68,1,0,0,1,0,0,1,1,1,0,0,0,0,1,0,1,1,0,1,1,0,0,0,1,0,0,0,1,0,1,0,0,0,1,1,0,0.3055555555555556,8.057987620902068,1
69,0,0,1,0,1,1,0,0,0,1,1,0,1,0,1,0,0,1,0,1,1,1,1,0,1,0,1,0,1,0,1,1,1,1,0,0,0.3055555555555556,25.91392322999993,1
70,0,0,1,0,1,1,0,0,0,1,1,0,1,0,1,0,0,1,0,1,0,0,1,0,1,0,1,0,1,0,1,1,1,1,0,0,0.25,13.91097046229441,1
71,0,0,1,0,1,1,0,0,0,1,1,0,1,0,1,0,0,1,0,1,1,1,1,0,1,0,1,0,1,0,1,1,1,1,0,0,0.25,25.91392322999993,1
72,1,0,0,1,0,0,1,1,0,0,0,1,0,1,0,1,1,0,1,1,0,0,0,1,0,0,0,1,0,1,0,0,0,1,1,0,0.3055555555555556,9.681413767832044,1
73,0,0,1,0,1,1,0,0,0,1,1,0,1,0,1,0,0,1,1,1,1,1,1,0,0,0,1,0,1,0,1,1,1,1,0,1,0.25,33.03038261676389,1
74,1,0,0,1,0,0,1,1,1,0,0,0,0,1,0,1,1,0,1,1,0,0,0,1,0,0,1,1,0,1,0,0,0,1,1,0,0.3055555555555556,8.966860271908903,1
75,1,0,0,1,0,0,1,1,1,0,0,1,0,1,0,1,1,0,1,1,0,0,0,1,0,0,0,1,0,0,0,0,0,1,1,1,0.3333333333333333,10.12688035216538,1
76,0,0,1,0,1,1,0,1,0,1,1,0,1,0,1,0,0,1,0,1,1,1,1,0,1,0,0,0,1,0,1,1,0,1,0,1,0.25,20.896074332478918,1
77,0,0,1,0,0,0,0,1,0,1,1,0,1,0,1,0,0,1,0,1,1,0,1,0,1,0,1,0,1,0,1,0,1,0,0,1,0.19444444444444445,3.7064326526061153,1
78,0,0,1,0,1,1,1,0,0,1,1,0,1,0,1,0,0,1,1,1,1,0,1,0,0,0,1,0,1,0,1,1,1,1,0,0,0.2222222222222222,14.142729120949292,1
79,1,0,0,1,0,0,1,1,1,0,0,1,0,1,0,1,1,0,1,1,0,0,0,1,0,0,0,1,0,1,0,0,0,1,1,1,0.3333333333333333,11.53112472474039,1
80,0,0,1,0,1,1,0,0,0,1,1,0,1,0,1,0,0,1,1,1,1,1,1,0,1,0,1,0,1,0,0,1,1,1,0,1,0.2777777777777778,32.467961092442444,1
81,0,0,1,0,1,1,0,0,0,1,1,0,1,0,1,0,0,1,0,1,1,1,1,0,1,0,1,0,1,0,1,1,1,1,0,0,0.3611111111111111,25.91392322999993,1
82,0,1,1,0,1,1,0,0,0,1,1,0,1,0,1,0,0,1,1,1,1,1,1,0,1,0,1,0,1,0,1,1,0,1,0,1,0.3055555555555556,28.11366228726781,1
83,0,0,1,0,0,0,1,0,0,1,1,0,1,0,1,0,0,1,0,1,1,0,1,0,1,0,1,0,1,0,1,1,0,0,0,1,0.2222222222222222,9.16527810243798,1
84,0,0,0,1,0,0,0,1,0,0,0,1,0,1,0,1,1,0,1,1,0,0,0,1,0,0,0,1,0,1,0,0,0,1,1,1,0.25,13.78832346767939,1
85,0,0,1,0,1,1,0,0,0,1,1,0,1,0,0,0,0,1,1,1,1,0,1,0,1,0,1,0,1,0,1,1,1,1,0,1,0.3055555555555556,26.48050859458324,1
86,1,0,0,1,0,0,1,1,1,0,0,1,0,1,0,1,1,0,1,1,0,0,0,1,0,0,0,1,0,1,0,0,0,1,1,0,0.4444444444444444,10.187600474434168,1
87,0,0,1,0,0,1,1,0,0,1,1,0,1,0,1,0,0,1,1,1,1,1,1,0,1,0,1,0,0,0,1,1,0,1,0,1,0.2777777777777778,23.16918430591309,1
88,1,0,0,1,0,0,1,1,0,0,0,1,0,1,0,1,1,0,1,1,0,1,0,1,0,0,0,1,0,1,0,0,0,1,1,1,0.3888888888888889,18.119660660253302,1
89,0,1,1,0,0,1,0,0,0,1,1,0,1,0,1,0,0,1,0,1,0,1,1,0,0,0,1,0,1,0,1,1,1,1,0,1,0.2222222222222222,22.854834735031638,1
90,0,1,1,0,0,1,1,0,0,1,1,0,1,0,1,0,0,1,0,1,1,0,1,0,1,1,1,0,1,0,0,1,1,1,0,0,0.25,16.01072398119436,1
91,1,0,0,1,0,0,1,1,1,0,0,0,0,1,0,1,1,0,1,1,0,0,0,1,0,0,0,1,0,1,0,0,1,1,0,0,0.2777777777777778,9.498873528131915,1
92,0,0,1,0,1,1,0,0,0,1,1,0,1,0,1,0,0,1,0,1,0,0,1,0,1,0,1,0,1,0,1,1,1,0,0,1,0.2777777777777778,13.655156012286037,1
93,1,0,0,1,0,0,1,1,1,0,0,1,0,1,0,1,1,0,1,1,0,0,0,1,0,0,0,1,0,1,0,1,0,1,1,0,0.3055555555555556,12.653522653442199,1
94,0,0,1,0,0,1,0,0,0,1,1,1,1,0,1,0,0,1,0,1,0,1,1,0,0,0,1,0,1,0,1,1,1,0,0,0,0.2222222222222222,13.20354211438254,1
95,0,0,1,0,1,1,1,0,1,1,1,0,1,0,0,0,0,1,1,1,1,1,1,0,0,0,1,0,1,0,0,1,1,1,0,1,0.3333333333333333,23.417610281987056,1
96,0,0,1,0,1,1,0,0,1,1,1,0,1,0,1,0,0,1,1,1,1,0,1,0,1,0,1,0,1,0,1,1,1,0,0,1,0.25,16.61067120312817,1
97,1,0,1,0,0,1,0,0,1,1,1,0,1,0,1,0,0,1,1,1,1,0,1,0,0,0,1,0,1,0,1,1,0,1,0,1,0.25,16.472576015107602,1
98,0,1,1,0,1,0,1,0,0,1,1,0,1,0,1,0,0,1,1,1,1,0,1,0,1,0,1,0,1,0,1,0,1,1,0,1,0.3055555555555556,11.276014828584376,1
99,0,0,1,0,1,1,1,0,0,1,1,0,1,0,0,0,0,1,0,1,0,1,1,0,1,0,1,0,1,0,1,1,0,0,0,0,0.25,9.071127040354666,1
