,0,1,2,3,4,5,6,7,8,9,10,11,12,13,14,15,16,17,18,19,20,21,22,23,24,25,26,27,28,29,30,31,32,33,34,35,chain_break_fraction,energy,num_occurrences
0,1,1,0,0,0,1,0,0,1,0,1,1,0,0,1,0,1,0,1,0,0,1,1,0,0,1,1,0,1,0,1,1,0,1,0,0,0.25,14.13517411732413,1
1,1,1,0,0,0,1,0,0,1,0,1,1,0,0,1,0,1,0,1,0,0,1,0,0,0,1,1,0,1,0,1,1,0,1,0,0,0.25,13.997142793667106,1
2,1,1,0,0,0,1,0,0,1,0,1,1,0,0,1,0,1,0,1,0,0,1,0,0,0,1,1,0,1,0,1,1,0,1,0,0,0.2777777777777778,13.997142793667106,1
3,1,1,0,0,0,1,0,0,1,0,1,1,0,1,1,0,1,0,1,0,0,1,0,0,0,1,1,0,1,0,1,1,1,1,0,0,0.2777777777777778,16.774346372744628,1
4,1,1,0,0,0,1,0,0,1,0,1,1,0,1,1,0,1,0,1,0,0,1,0,0,1,1,1,0,1,0,1,1,1,1,0,0,0.2777777777777778,19.470554377347813,1
5,1,1,0,0,0,1,0,0,1,0,1,1,0,1,1,0,1,0,0,0,0,1,0,0,1,1,1,0,1,0,1,1,1,1,0,0,0.2777777777777778,17.060988732034797,1
6,1,1,0,0,0,1,0,0,1,0,1,1,0,0,1,0,1,0,1,0,0,1,0,0,0,1,1,0,1,0,1,1,0,1,0,0,0.3055555555555556,13.997142793667106,1
7,1,1,0,0,0,1,0,0,1,0,1,1,0,0,1,0,1,0,1,0,0,1,0,0,1,1,1,0,1,0,1,1,0,1,0,0,0.25,17.17003499406265,1
8,1,1,0,0,0,1,0,0,1,0,1,1,0,1,1,0,1,0,1,0,0,1,0,0,1,1,1,0,1,0,1,1,0,1,0,0,0.3055555555555556,17.060988732034804,1
9,1,1,0,0,0,1,0,0,1,0,1,1,0,1,1,0,1,0,1,0,0,1,0,0,1,1,1,0,1,0,1,1,0,1,0,0,0.2777777777777778,17.060988732034804,1
10,1,1,0,0,0,1,0,0,1,0,1,1,0,1,1,0,1,0,1,0,0,1,0,0,0,1,1,0,1,0,1,1,0,1,0,0,0.2777777777777778,14.928616578017103,1
11,1,1,0,0,0,1,0,0,1,0,1,1,0,1,1,0,1,0,1,0,0,1,0,0,1,1,1,0,1,0,0,1,0,1,0,0,0.25,15.341517106850784,1
12,1,1,0,0,0,1,0,0,1,0,1,1,0,1,1,0,1,0,1,0,0,1,0,0,1,1,1,0,1,0,1,1,0,1,0,0,0.3333333333333333,17.060988732034804,1
13,1,1,0,0,0,1,0,0,1,0,1,1,0,0,1,0,1,0,0,0,0,1,0,0,0,1,1,0,1,0,1,1,1,1,0,0,0.25,13.997142793667091,1
14,1,1,0,0,0,1,0,0,1,0,1,1,0,0,1,0,1,0,0,0,0,1,0,0,0,1,1,0,1,0,1,1,1,1,0,0,0.25,13.997142793667091,1
15,1,1,0,0,0,1,0,0,1,0,1,1,0,0,1,0,1,0,1,0,0,1,0,0,1,1,1,0,1,0,1,1,1,1,0,0,0.2777777777777778,20.59001916792259,1
16,1,1,0,0,0,1,0,0,1,0,1,1,0,0,1,0,1,1,1,0,0,1,0,0,0,1,1,0,1,0,1,1,1,1,0,0,0.3333333333333333,17.741035567650165,1
17,1,1,0,0,0,1,0,0,1,0,1,1,0,0,1,0,1,1,1,0,0,1,1,0,0,1,1,0,1,0,1,1,0,1,0,0,0.2777777777777778,15.023158767912076,1
18,1,1,0,0,0,1,0,0,1,0,1,1,0,0,1,0,1,0,1,0,0,1,0,0,0,1,1,0,1,0,0,1,1,1,0,0,0.2777777777777778,14.401881916916185,1
19,1,1,0,0,0,1,0,0,1,0,1,1,0,0,1,0,1,0,1,0,0,1,0,0,1,1,1,0,1,0,1,1,1,1,0,0,0.25,20.59001916792259,1
20,1,1,0,0,0,1,0,0,1,0,1,1,0,1,1,0,1,0,1,0,0,1,0,0,0,1,1,0,1,0,1,1,1,1,0,0,0.25,16.774346372744628,1
21,1,1,0,0,0,1,0,0,1,0,1,1,0,0,1,0,1,0,1,0,0,1,0,0,0,1,1,0,1,0,1,1,0,1,0,0,0.2777777777777778,13.997142793667106,1
22,1,1,0,0,0,1,0,0,1,0,1,0,0,0,1,0,1,0,1,0,0,1,0,0,0,1,1,0,1,0,1,1,0,1,0,0,0.19444444444444445,13.811190367605622,1
23,1,1,0,0,0,1,0,0,1,0,1,1,0,0,1,0,1,0,1,0,0,1,0,0,0,1,1,0,1,0,1,1,0,1,0,0,0.3333333333333333,13.997142793667106,1
24,1,1,0,0,0,1,0,0,1,0,1,1,0,1,1,0,1,0,1,0,0,1,0,0,0,1,1,0,1,0,1,1,0,1,0,0,0.3055555555555556,14.928616578017103,1
25,1,1,0,0,0,1,0,0,1,0,1,1,0,0,1,0,1,0,1,0,0,1,0,0,0,1,1,0,1,0,1,1,1,1,0,0,0.2222222222222222,16.85329111694156,1
26,0,1,0,0,0,1,0,0,1,0,1,1,0,0,1,0,1,1,1,0,0,1,0,0,1,1,1,0,1,0,0,1,0,1,0,0,0.2222222222222222,15.785102086142501,1
27,1,1,0,0,0,1,0,0,1,0,1,1,0,1,1,0,1,0,1,0,0,1,0,0,1,1,1,0,1,0,1,1,1,1,0,0,0.3333333333333333,19.470554377347813,1
28,1,1,0,0,0,1,0,0,1,0,1,1,0,0,1,0,1,0,1,0,0,1,0,0,0,1,1,0,1,0,1,1,1,1,0,0,0.2777777777777778,16.85329111694156,1
29,1,1,0,0,0,1,0,0,1,0,0,1,0,0,1,0,1,0,0,0,0,1,0,0,0,1,1,0,1,0,1,1,0,1,0,0,0.25,11.548015735928285,1
30,1,1,0,0,0,1,0,0,1,0,1,1,0,1,1,0,1,0,0,0,0,1,0,0,0,1,1,0,1,0,1,1,0,1,0,0,0.2777777777777778,14.082886783289585,1
31,1,1,0,0,0,1,0,0,1,0,0,1,0,0,1,0,1,0,0,0,0,1,0,0,0,1,1,0,1,0,1,1,0,1,0,0,0.2777777777777778,11.548015735928285,1
32,1,1,0,0,0,1,0,0,1,0,1,1,0,1,1,0,1,0,1,0,0,1,0,0,1,1,1,0,1,0,1,1,1,1,0,0,0.3888888888888889,19.470554377347813,1
33,1,1,0,0,0,1,0,0,1,0,1,1,0,1,1,0,1,1,0,0,0,1,0,0,0,1,1,0,1,0,1,1,1,1,0,0,0.2777777777777778,19.666523369658293,1
34,1,1,0,0,0,1,0,0,1,0,1,1,0,0,1,0,0,0,0,0,0,1,0,0,0,1,1,0,1,0,1,1,0,1,0,0,0.2222222222222222,12.6968680110167,1
35,0,1,0,0,0,1,0,0,1,0,1,1,0,1,1,0,1,1,1,0,0,1,0,0,1,1,1,0,1,0,1,1,0,1,0,0,0.25,19.856988070160934,1
36,1,1,0,0,0,1,0,0,1,0,1,1,0,0,1,0,1,0,1,0,0,1,0,0,1,1,1,0,1,0,0,1,0,1,0,0,0.25,14.335738057878668,1
37,1,1,0,0,0,1,0,0,1,0,1,1,0,0,1,0,1,1,1,0,0,1,0,0,1,1,1,0,1,0,1,1,0,1,0,0,0.2777777777777778,18.057405356096677,1
38,1,1,0,0,0,1,0,0,1,0,0,1,0,0,1,0,1,0,1,0,0,1,0,0,0,1,1,0,1,0,1,1,0,1,0,0,0.3333333333333333,13.904166580636364,1
39,1,1,0,0,0,1,0,0,1,0,1,1,0,0,1,0,1,0,1,0,0,1,0,0,0,1,1,0,1,0,1,1,0,1,0,0,0.3611111111111111,13.997142793667106,1
40,1,1,0,0,0,1,0,0,1,0,1,1,0,1,1,0,1,1,1,0,0,1,0,0,1,1,1,0,1,0,1,1,0,1,0,0,0.3333333333333333,20.79826720097978,1
41,1,1,0,0,0,1,0,0,1,0,0,1,0,0,1,0,1,0,1,0,0,1,1,0,0,1,1,0,1,0,1,1,0,1,0,0,0.3055555555555556,14.542197906201789,1
42,1,1,0,0,0,1,0,0,1,0,1,1,0,0,1,0,1,0,1,0,0,1,0,0,1,1,1,0,1,0,1,1,0,1,0,0,0.3055555555555556,17.17003499406265,1
43,1,1,0,0,0,1,0,0,1,0,1,1,0,0,1,0,1,1,1,0,0,1,0,0,1,1,1,0,1,0,0,1,0,1,0,0,0.3055555555555556,16.226425950265426,1
44,1,1,0,0,0,1,0,0,1,0,1,1,0,1,1,0,1,0,0,0,0,1,0,0,1,1,1,0,1,0,1,1,0,1,0,0,0.25,15.651423086721792,1
45,1,1,0,0,0,1,0,0,1,0,1,1,0,1,1,0,1,0,1,0,0,1,0,0,0,1,1,0,1,0,1,1,1,1,0,0,0.2777777777777778,16.774346372744628,1
46,0,1,0,0,0,1,0,0,1,0,1,1,0,0,1,0,1,1,1,0,0,1,0,0,1,1,1,0,1,0,0,1,0,1,0,0,0.2777777777777778,15.785102086142501,1
47,0,1,0,0,0,1,0,0,1,0,1,1,0,0,1,0,1,0,1,0,0,1,1,0,0,1,1,0,1,0,0,1,0,1,0,0,0.25,12.702251564378578,1
48,1,1,0,0,0,1,0,0,1,0,1,1,0,1,1,0,1,0,1,0,0,1,0,0,0,1,1,0,1,0,1,1,0,1,0,0,0.2777777777777778,14.928616578017103,1
49,1,1,0,0,0,1,0,0,1,0,1,1,0,0,1,0,1,1,0,0,0,1,0,0,1,1,1,0,1,0,0,1,0,1,0,0,0.3055555555555556,15.333673671946563,1
50,1,1,0,0,0,1,0,0,1,0,1,1,0,1,1,0,1,0,0,0,0,1,0,0,0,1,1,0,1,0,0,1,1,1,0,0,0.2777777777777778,14.119010350511132,1
51,1,1,0,0,0,1,0,0,1,0,1,1,0,0,1,0,1,1,1,0,0,1,0,0,1,1,1,0,1,0,1,1,1,1,0,0,0.3055555555555556,20.477135295934985,1
52,1,1,0,0,0,1,0,0,1,0,0,1,0,0,1,0,1,1,1,0,0,1,0,0,0,1,1,0,1,0,1,1,1,1,0,0,0.3055555555555556,17.14556123145209,1
53,1,1,0,0,0,1,0,0,1,0,1,1,0,0,1,0,1,1,0,0,0,1,0,0,1,1,1,0,1,0,1,1,1,1,0,0,0.2777777777777778,18.057405356096687,1
54,1,1,0,0,0,1,0,0,1,0,0,1,0,0,1,0,1,0,1,0,0,1,0,0,1,1,1,0,1,0,1,1,0,1,0,0,0.3055555555555556,17.579874497759057,1
55,1,1,0,0,0,1,0,0,1,0,1,0,0,1,1,0,1,0,1,0,0,1,0,0,1,1,1,0,1,0,1,1,0,1,0,0,0.25,15.843186649291702,1
56,1,1,0,0,0,1,0,0,1,0,0,1,0,0,1,0,1,0,0,0,0,1,0,0,1,1,1,0,1,0,1,1,0,1,0,0,0.2777777777777778,14.65988780246549,1
57,1,1,0,0,0,1,0,0,1,0,1,1,0,0,1,0,1,1,1,0,0,1,0,0,1,1,1,0,1,0,1,1,1,1,0,0,0.3333333333333333,20.477135295934985,1
58,1,1,0,0,0,1,0,0,1,0,1,1,0,0,1,0,1,1,1,0,0,1,0,0,0,1,1,0,1,0,1,1,1,1,0,0,0.3611111111111111,17.741035567650165,1
59,1,1,0,0,0,1,0,0,1,0,1,1,0,1,1,0,1,1,1,0,0,1,1,0,1,1,1,0,1,0,1,1,1,1,0,0,0.3333333333333333,21.533280153939366,1
60,1,1,0,0,0,1,0,0,1,0,1,1,0,0,1,0,1,0,1,0,0,1,0,0,0,1,1,0,1,0,1,1,1,1,0,0,0.3055555555555556,16.85329111694156,1
61,1,1,0,0,0,1,0,0,1,0,0,0,0,0,1,0,1,0,1,0,0,1,0,0,0,1,1,0,1,0,0,1,0,1,0,0,0.2222222222222222,12.246198052615998,1
62,1,1,0,0,0,1,0,0,1,0,1,1,0,1,1,0,1,0,0,0,0,1,0,0,1,1,1,0,1,0,1,1,1,1,0,0,0.2222222222222222,17.060988732034797,1
63,1,1,0,0,0,1,0,0,1,0,1,1,0,1,1,0,1,0,1,0,0,1,1,0,0,1,1,0,1,0,0,1,1,1,0,0,0.3333333333333333,14.761718074854624,1
64,1,1,0,0,0,1,0,0,1,0,1,1,0,1,1,0,1,0,1,0,0,1,0,0,1,1,1,0,1,0,0,1,0,1,0,0,0.2777777777777778,15.341517106850784,1
65,0,1,0,1,0,1,0,0,1,0,1,1,0,0,1,0,1,0,0,0,0,1,0,0,1,1,1,0,1,0,0,1,0,1,0,0,0.2222222222222222,13.342744687860066,1
66,1,1,0,0,0,1,0,0,1,0,1,1,0,0,1,0,1,0,0,0,0,1,0,0,0,1,1,0,1,0,1,1,0,1,0,0,0.3333333333333333,12.140994470392638,1
67,1,1,0,0,0,1,0,0,1,0,1,1,0,0,1,0,1,0,1,0,0,1,0,0,1,1,1,0,1,0,1,1,0,1,0,0,0.2222222222222222,17.17003499406265,1
68,0,1,0,0,0,1,0,0,1,0,1,1,0,1,1,0,1,0,0,0,0,1,0,0,0,1,1,0,1,0,1,1,0,1,0,0,0.3333333333333333,13.028924663235646,1
69,0,1,0,0,0,1,0,0,1,1,0,1,0,0,1,0,1,1,0,0,0,1,0,0,0,1,1,0,1,0,1,1,1,1,0,0,0.25,13.79834291417734,1
70,1,1,0,0,0,1,0,0,1,0,1,1,0,0,1,0,1,0,1,0,0,1,0,0,1,1,1,0,1,0,1,1,0,1,0,0,0.2777777777777778,17.17003499406265,1
71,1,1,0,0,0,1,0,0,1,0,1,1,0,1,1,0,1,0,0,0,0,1,0,0,0,1,1,0,1,0,0,1,1,1,0,0,0.25,14.119010350511132,1
72,1,0,1,0,1,0,1,0,0,1,0,0,1,0,0,1,0,1,0,1,1,0,1,1,0,0,0,1,0,1,0,1,0,0,1,1,0.3055555555555556,18.955486375623583,1
73,1,1,0,0,0,1,0,0,1,0,0,1,0,1,1,0,1,0,1,0,0,1,1,0,0,1,1,0,1,0,1,1,0,1,0,0,0.3333333333333333,13.454529999486805,1
74,1,1,0,0,0,1,0,0,1,0,1,1,0,0,1,0,1,0,1,0,0,1,0,0,1,1,1,0,1,0,0,1,1,1,0,0,0.3611111111111111,17.228744570219174,1
75,1,1,0,0,0,1,0,0,1,0,1,1,0,0,1,0,0,0,1,0,0,1,1,0,1,1,1,0,1,0,0,1,0,1,0,0,0.2222222222222222,16.029438558588406,1
76,0,1,0,0,0,1,0,0,1,1,1,1,0,1,1,0,1,0,1,0,0,1,1,0,1,1,1,0,1,0,1,1,0,1,0,0,0.2777777777777778,15.219904562745143,1
77,1,1,0,0,0,1,0,0,1,1,0,1,0,0,1,0,1,1,0,0,0,1,0,0,1,1,1,0,1,0,0,1,0,1,0,0,0.2222222222222222,14.711427224190174,1
78,1,1,0,0,0,1,0,1,1,0,1,1,0,0,1,0,1,1,0,0,0,1,0,0,1,1,1,0,1,0,0,1,1,1,0,0,0.25,19.31826793873244,1
79,1,1,0,0,0,1,0,0,1,1,1,1,0,1,1,0,1,0,1,0,0,1,0,0,0,1,1,0,1,0,1,1,1,1,0,0,0.3055555555555556,16.456497916884658,1
80,0,1,0,0,0,1,0,0,1,0,1,1,0,1,1,0,0,0,1,0,0,1,0,0,1,1,1,0,1,0,1,1,0,1,0,0,0.3333333333333333,17.75107185688055,1
81,1,1,1,0,0,1,0,0,1,0,1,1,0,0,1,0,1,1,1,0,0,1,0,0,1,1,1,0,1,0,0,1,1,1,0,0,0.3055555555555556,18.041625795075795,1
82,1,1,0,0,0,1,0,0,1,0,1,1,0,0,1,0,1,0,0,0,0,1,0,0,1,1,1,0,1,0,1,1,0,1,0,0,0.3333333333333333,14.750050820202695,1
83,1,1,0,0,0,1,0,0,1,0,1,1,0,1,1,0,1,0,0,0,0,1,0,0,1,1,1,0,1,0,0,1,0,1,0,0,0.3611111111111111,14.458929123057207,1
84,0,1,0,0,0,1,0,0,1,1,1,1,0,0,1,0,1,1,1,0,0,1,0,0,1,1,1,0,1,0,0,1,0,1,0,0,0.25,15.47291466481417,1
85,1,1,0,0,0,1,0,0,1,0,1,1,0,0,1,0,1,0,0,0,0,1,0,0,0,1,1,0,1,0,1,1,0,1,0,0,0.3611111111111111,12.140994470392638,1
86,1,1,0,0,0,1,0,0,0,0,1,1,0,0,1,0,1,0,0,0,0,1,0,0,0,1,1,0,1,0,0,1,1,1,0,0,0.2222222222222222,14.018645391269583,1
87,1,1,0,0,0,1,0,0,1,0,1,1,0,0,1,0,1,0,1,0,0,1,0,0,0,1,1,0,1,0,1,1,0,1,0,0,0.3611111111111111,13.997142793667106,1
88,1,1,0,0,0,1,0,0,1,0,0,1,0,0,1,0,1,0,1,0,0,1,0,0,1,0,1,0,1,0,1,1,0,1,0,0,0.16666666666666666,10.228458663513678,1
89,0,1,0,1,0,1,0,0,0,0,1,1,0,0,1,0,1,1,1,0,0,1,0,0,1,1,1,0,1,0,1,1,0,1,0,0,0.2777777777777778,20.086526472677733,1
90,1,1,0,0,0,1,0,0,1,0,0,1,0,0,1,0,1,1,1,0,0,1,0,0,1,1,1,0,1,0,0,1,1,1,0,0,0.3055555555555556,17.510658087962387,1
91,0,1,0,0,0,1,0,0,1,1,1,1,0,0,1,0,1,1,1,0,1,1,0,0,0,1,1,0,1,0,0,1,0,1,0,0,0.2222222222222222,15.772997310793784,1
92,1,1,0,0,0,1,0,0,1,1,1,1,0,1,1,0,1,0,0,0,0,1,0,0,1,1,1,0,1,0,1,1,1,1,0,0,0.2777777777777778,16.62130474657467,1
93,0,1,0,0,0,1,0,0,1,0,0,1,0,1,1,0,1,0,0,0,0,1,0,0,1,1,1,0,1,0,1,1,0,1,0,0,0.25,14.489034810988315,1
94,1,1,0,0,0,1,0,0,1,0,1,1,0,1,1,0,1,0,0,0,0,1,0,0,0,1,1,0,1,0,1,1,0,1,0,0,0.3611111111111111,14.082886783289585,1
95,1,1,0,0,0,1,0,0,1,1,0,1,0,0,1,0,1,1,1,0,0,1,0,0,0,1,1,0,1,0,1,1,0,1,0,0,0.3333333333333333,14.753579252642961,1
96,1,1,0,0,0,1,0,0,1,1,0,1,0,1,1,0,1,0,1,0,0,1,0,0,1,1,1,0,1,0,1,1,0,1,0,0,0.3888888888888889,15.012370753281935,1
97,1,1,0,0,0,1,0,0,1,1,1,1,0,0,1,0,1,0,0,0,0,1,0,0,0,1,1,0,1,0,1,1,1,1,0,0,0.3333333333333333,12.961074887994634,1
98,1,1,0,0,0,1,0,0,1,1,0,1,0,0,1,0,1,1,0,0,0,1,0,0,1,1,1,0,1,0,1,1,0,1,0,0,0.25,15.387090856197357,1
99,1,1,0,0,0,1,0,0,1,0,0,1,0,1,1,0,1,0,1,0,0,1,0,0,0,1,1,0,1,0,1,1,1,1,0,0,0.4166666666666667,16.162632136079548,1
