,0,1,2,3,4,5,6,7,8,9,10,11,12,13,14,15,16,17,18,19,20,21,22,23,24,25,26,27,28,29,30,31,32,33,34,35,chain_break_fraction,energy,num_occurrences
0,1,0,1,1,0,0,1,1,1,1,1,0,0,0,1,1,1,1,1,0,1,1,1,1,0,1,1,0,1,0,0,1,0,0,1,1,0.25,5.154715873162106,1
1,1,0,1,1,0,0,1,0,1,1,1,0,0,0,1,1,0,1,1,0,0,1,1,1,0,0,1,0,1,0,0,1,0,0,1,1,0.19444444444444445,3.7623160608651003,1
2,1,0,1,1,1,0,1,0,1,1,1,0,0,0,1,1,1,1,1,0,0,1,1,1,0,0,1,0,1,0,0,1,0,0,1,1,0.2222222222222222,6.332574005697144,1
3,1,0,1,1,1,0,1,0,1,1,1,0,0,0,1,1,0,1,1,0,1,1,1,1,0,0,1,0,1,0,0,1,0,0,1,1,0.25,4.874022428650239,1
4,1,0,1,1,0,0,1,0,1,1,1,0,0,0,1,1,1,1,1,0,1,1,1,1,0,0,1,0,1,0,0,1,0,0,1,1,0.2222222222222222,6.1744080887812265,1
5,1,0,1,1,0,0,1,0,1,1,1,0,0,0,1,1,1,1,0,0,1,1,1,1,0,1,1,1,1,0,0,1,0,0,1,1,0.3055555555555556,12.788742726604154,1
6,1,0,1,1,1,0,1,0,1,1,1,0,0,0,1,1,0,1,1,0,0,1,1,1,0,1,1,0,1,0,0,1,0,0,1,1,0.19444444444444445,3.82371325912171,1
7,1,0,1,1,0,0,1,0,1,1,1,0,0,0,1,1,1,1,0,0,1,1,1,1,0,0,1,0,1,0,0,1,0,0,1,1,0.3055555555555556,7.06098880091007,1
8,1,0,1,1,0,0,1,0,1,1,1,0,0,0,1,1,1,1,1,0,1,1,1,1,0,0,1,0,0,0,0,1,0,0,1,1,0.2222222222222222,7.371964284597212,1
9,1,0,1,1,1,0,1,0,1,1,1,0,0,0,1,1,0,1,1,0,1,1,0,1,0,0,1,0,1,0,0,1,0,0,1,1,0.2222222222222222,4.138984359346541,1
10,1,0,1,1,0,0,1,0,1,1,1,0,0,0,1,1,0,1,1,0,1,1,1,1,0,0,1,0,1,0,0,1,0,0,1,1,0.25,5.010578872027878,1
11,1,0,1,1,1,0,1,0,1,1,1,0,0,0,1,1,1,1,1,0,1,1,1,1,0,1,1,1,1,0,0,1,0,0,1,1,0.3055555555555556,11.740386320498462,1
12,1,0,1,1,1,0,1,0,1,1,1,0,0,0,1,1,0,1,1,0,0,1,1,1,0,1,1,0,1,0,0,1,1,0,1,1,0.25,4.420003797859719,1
13,1,0,1,1,0,0,1,0,1,1,1,0,0,0,1,1,0,1,1,0,1,1,1,1,0,0,1,0,1,0,0,0,0,0,1,1,0.25,5.139710137710425,1
14,0,1,0,0,0,1,0,1,0,0,0,1,1,1,0,0,0,0,0,1,1,0,0,0,1,0,0,0,0,1,1,0,1,0,0,0,0.25,7.828598719300808,1
15,0,1,0,0,0,1,0,1,0,0,0,1,1,1,0,0,0,0,0,1,0,0,0,0,1,0,0,0,0,1,1,0,1,1,0,0,0.3055555555555556,11.288539927822164,1
16,0,1,0,0,0,1,0,1,0,0,1,1,1,1,0,0,0,0,0,1,1,0,0,0,1,0,0,0,0,1,1,0,1,0,0,0,0.2222222222222222,9.424977591095914,1
17,1,0,1,1,0,0,1,0,1,1,1,0,0,0,1,1,1,1,1,0,0,1,1,1,0,1,1,0,1,0,0,1,0,0,1,1,0.3055555555555556,5.60652548198644,1
18,1,0,1,1,0,0,1,0,1,1,1,0,0,0,1,1,1,1,0,0,1,1,1,1,0,1,1,0,1,0,0,1,0,0,1,1,0.3611111111111111,7.359775356960251,1
19,1,0,1,1,0,0,1,0,1,1,1,0,0,0,1,1,1,1,1,0,1,1,1,1,0,1,1,0,1,0,0,1,1,0,1,1,0.2777777777777778,8.586713978383766,1
20,1,0,1,1,1,0,1,0,1,0,0,0,0,0,1,1,0,1,1,0,0,1,1,1,0,0,1,0,1,0,0,0,1,0,1,1,0.19444444444444445,1.5726917245959002,1
21,1,0,1,1,0,0,1,1,1,1,1,0,0,0,1,1,0,1,1,0,1,1,0,1,0,0,1,0,1,0,0,1,0,0,1,1,0.2222222222222222,4.304556338190238,1
22,0,1,0,0,0,1,0,1,0,0,1,1,1,1,0,0,0,0,0,1,1,0,0,0,1,0,0,1,0,1,1,0,1,0,0,0,0.2777777777777778,8.248622668766226,1
23,1,0,1,1,0,0,1,0,1,1,1,0,0,0,1,1,0,1,0,0,0,1,1,1,0,0,1,0,1,0,0,0,1,0,1,1,0.19444444444444445,4.950382578565362,1
24,0,1,0,0,0,1,0,1,0,0,1,1,1,1,0,0,0,0,0,1,0,0,0,0,1,1,0,0,0,1,1,0,1,1,0,0,0.3333333333333333,11.934592717077178,1
25,0,1,0,0,0,1,0,1,0,0,1,1,1,1,0,0,0,0,0,1,0,0,0,0,1,0,0,0,0,1,1,0,1,0,0,0,0.3055555555555556,12.397142259474691,1
26,1,0,1,1,0,0,1,1,1,1,1,0,0,0,1,1,0,1,1,0,1,1,1,1,0,1,1,0,1,0,0,1,0,0,1,1,0.3333333333333333,4.025529435073555,1
27,1,0,1,1,1,0,1,0,1,1,1,0,0,0,1,1,0,1,1,0,1,1,1,1,0,0,1,0,1,0,0,1,0,0,1,1,0.3888888888888889,4.874022428650239,1
28,1,0,1,1,0,0,1,0,1,1,1,0,0,0,1,1,0,1,1,0,0,1,1,1,0,1,1,0,1,0,0,1,0,0,1,1,0.25,4.976257347237157,1
29,0,1,0,0,0,1,0,1,0,0,0,1,1,1,0,0,0,0,0,1,0,0,0,0,1,1,0,0,0,1,1,0,1,0,0,0,0.3055555555555556,9.213345169589072,1
30,1,0,1,1,0,0,1,0,1,1,0,0,0,0,1,1,0,1,1,0,1,0,1,0,0,0,1,0,1,0,0,0,1,0,1,1,0.2222222222222222,3.2752250159022163,1
31,0,1,0,0,0,1,0,1,0,0,1,1,1,1,0,0,0,0,0,1,0,0,0,0,1,0,0,0,0,1,1,0,1,1,0,0,0.3333333333333333,12.017817824705187,1
32,0,1,0,0,0,1,0,1,0,0,0,1,1,1,0,0,0,0,0,1,0,0,0,0,1,1,0,0,0,1,1,0,1,1,0,0,0.25,12.205359061990098,1
33,1,0,1,1,0,0,1,0,1,1,1,0,0,0,1,1,1,1,1,0,1,1,1,1,0,0,1,1,1,0,0,1,0,0,1,1,0.3333333333333333,10.42991661591292,1
34,0,1,0,0,0,1,0,1,0,0,1,1,1,1,0,0,0,0,0,1,0,0,0,0,1,0,0,0,0,1,1,0,1,0,0,0,0.3055555555555556,12.397142259474691,1
35,1,0,1,1,0,0,1,0,1,1,0,0,0,0,1,1,1,1,1,0,1,1,1,1,0,0,1,0,1,0,0,0,0,0,1,1,0.2777777777777778,6.379829935814307,1
36,0,1,0,0,0,1,0,1,0,0,1,1,1,1,0,0,0,0,0,1,1,0,0,0,0,0,0,1,0,1,1,0,1,0,0,0,0.2222222222222222,9.615316126717882,1
37,0,1,0,0,1,1,0,1,0,0,1,1,1,1,0,0,0,0,0,1,1,0,0,0,1,1,0,0,0,1,1,0,1,0,0,0,0.2777777777777778,9.55727570766132,1
38,0,1,0,0,1,1,0,1,0,0,0,1,1,1,0,0,0,0,0,1,0,0,0,0,1,0,0,0,0,1,1,0,0,1,0,0,0.3055555555555556,12.980779397462396,1
39,0,1,0,0,0,1,0,1,0,0,1,1,1,1,0,0,0,0,0,1,0,0,0,0,1,0,0,0,0,1,1,0,1,0,0,0,0.3055555555555556,12.397142259474691,1
40,1,0,1,1,0,0,1,0,1,1,1,0,0,0,1,1,0,1,1,0,1,0,1,1,0,0,1,0,1,0,0,0,1,0,1,1,0.19444444444444445,2.59441706575422,1
41,1,0,1,1,0,0,1,0,1,1,1,0,0,0,1,1,1,1,1,0,1,1,1,1,0,0,1,0,1,0,0,1,0,0,1,1,0.3611111111111111,6.1744080887812265,1
42,0,1,0,0,0,1,0,1,0,0,0,1,1,1,0,0,0,0,0,1,0,0,0,0,1,1,0,0,0,1,1,0,1,1,0,0,0.3055555555555556,12.205359061990098,1
43,0,1,0,0,0,1,0,1,0,0,0,1,1,1,0,0,0,0,0,1,0,0,0,0,1,0,0,0,0,1,1,0,1,0,0,0,0.2777777777777778,10.296626081102312,1
44,1,0,1,1,0,0,1,0,1,1,1,0,0,0,1,1,0,1,0,0,1,1,1,1,0,0,1,0,1,0,0,1,0,0,1,1,0.25,5.397081932191246,1
45,1,0,1,1,0,0,1,1,1,1,1,0,0,0,1,1,1,1,1,0,0,1,1,1,0,1,1,0,0,0,0,1,0,0,1,1,0.25,6.470365374604132,1
46,0,1,0,0,0,1,0,1,0,0,0,1,1,1,0,0,0,0,0,1,0,0,0,0,1,1,0,0,0,1,1,0,1,1,1,0,0.25,11.754836047976823,1
47,1,0,1,1,0,0,1,0,1,1,1,0,0,0,1,1,0,1,1,0,1,0,1,1,0,0,1,0,1,0,0,1,0,0,1,1,0.2222222222222222,2.514053249702334,1
48,1,0,1,1,1,0,1,0,1,1,0,0,0,0,1,1,1,1,1,0,1,0,1,1,0,1,1,0,1,0,0,1,0,0,1,1,0.25,3.886865884218046,1
49,0,1,0,0,0,1,0,1,0,0,0,1,1,1,0,0,0,0,0,1,0,0,0,0,0,0,0,1,0,1,1,0,1,0,0,0,0.25,9.979436427070977,1
50,0,1,0,0,0,1,0,1,0,0,0,1,1,1,0,0,0,0,0,1,1,0,0,0,0,0,0,1,0,1,1,0,1,0,0,0,0.2777777777777778,8.56882206424998,1
51,1,0,1,1,0,0,1,0,1,1,1,0,0,0,1,1,1,1,1,0,0,1,1,1,0,0,1,0,1,0,0,1,0,0,1,1,0.3333333333333333,5.429357254799321,1
52,0,0,0,0,0,1,0,1,0,0,0,1,1,1,0,0,0,0,0,1,0,0,0,0,1,1,0,0,0,1,1,0,1,1,0,0,0.25,12.201197891997435,1
53,1,0,1,0,1,0,1,0,1,1,1,0,0,0,1,1,1,1,1,0,1,1,0,1,0,0,1,0,1,0,0,1,0,0,1,1,0.2777777777777778,2.800615815833587,1
54,0,1,0,0,0,1,0,1,0,0,1,1,1,1,0,0,0,0,0,1,0,0,0,0,1,0,0,0,0,1,1,0,0,1,0,0,0.2777777777777778,12.207480042089943,1
55,0,1,0,0,0,1,0,1,0,0,0,1,1,1,0,0,0,0,0,1,0,0,0,0,0,1,0,1,0,1,1,0,1,0,0,0,0.3055555555555556,9.124425401259963,1
56,0,1,0,0,0,1,0,1,0,0,0,1,1,1,0,0,0,0,0,1,1,0,0,0,0,0,0,0,0,1,1,0,1,1,0,0,0.3055555555555556,10.83577377340524,1
57,1,0,1,1,1,0,1,0,1,0,0,0,0,0,1,1,0,1,1,0,0,0,1,1,0,0,1,1,1,0,0,0,1,0,1,1,0.2222222222222222,1.93203657365968,1
58,0,1,0,0,0,1,0,1,0,0,0,1,1,1,0,0,0,0,0,1,0,0,0,0,0,0,0,0,0,1,1,0,1,0,0,0,0.2222222222222222,12.838266536858939,1
59,0,1,0,0,0,1,0,1,0,0,0,1,1,1,0,0,0,0,0,1,0,0,0,0,0,0,0,0,0,1,1,0,1,1,0,0,0.3055555555555556,12.830130360738206,1
60,0,1,0,0,1,0,0,1,0,0,1,1,0,1,0,0,0,0,0,1,1,0,0,0,1,0,0,0,0,1,1,0,1,0,0,0,0.19444444444444445,4.89973706219841,1
61,0,1,0,0,0,1,0,1,0,0,1,1,1,1,0,0,0,0,0,1,1,0,0,0,1,0,0,0,0,1,1,0,1,0,0,0,0.2777777777777778,9.424977591095914,1
62,0,1,0,0,0,1,0,1,0,0,1,1,1,1,0,0,0,0,0,1,1,0,0,0,1,0,0,0,0,1,1,0,1,0,0,0,0.2777777777777778,9.424977591095914,1
63,0,1,0,0,0,1,0,1,0,0,1,1,1,1,0,0,0,0,0,1,0,0,0,0,1,0,0,0,0,1,1,0,1,1,0,0,0.3055555555555556,12.017817824705187,1
64,1,0,1,1,0,0,1,0,1,1,1,0,0,0,1,1,0,1,1,0,1,0,1,1,0,0,1,0,0,0,0,0,1,0,1,1,0.25,5.0362253738404155,1
65,0,1,0,0,1,1,0,1,0,0,1,1,1,1,0,0,0,0,0,1,1,0,0,0,1,0,0,0,0,1,1,0,1,1,0,0,0.3055555555555556,11.72922208974256,1
66,0,1,0,0,0,1,0,1,0,0,1,1,1,1,0,0,0,0,0,1,1,0,0,0,0,1,0,0,0,1,1,0,1,1,0,0,0.2777777777777778,10.599379728684603,1
67,1,0,1,1,0,0,1,0,1,1,0,0,0,0,1,1,0,1,0,0,1,1,1,1,0,1,1,0,1,0,0,1,1,0,1,1,0.3611111111111111,9.615832003522772,1
68,1,0,1,1,0,0,1,0,1,1,0,0,0,0,1,1,0,1,1,0,1,1,1,1,0,1,1,0,1,0,0,1,0,0,1,1,0.3611111111111111,9.615832003522776,1
69,0,1,0,0,0,1,1,1,0,0,0,1,1,1,0,0,0,0,0,1,1,0,0,0,1,0,0,1,0,1,1,0,1,0,0,0,0.25,8.321672002349189,1
70,0,1,0,0,0,1,0,1,0,0,0,1,1,1,0,0,0,0,0,1,0,0,0,0,0,0,0,1,0,1,1,0,1,1,1,0,0.3055555555555556,11.512917950984207,1
71,0,1,0,0,0,1,0,1,0,0,0,1,1,1,0,0,0,0,0,1,0,0,0,0,0,1,0,0,0,1,1,0,1,1,0,0,0.3333333333333333,11.746949494906138,1
72,0,1,0,0,1,1,0,1,0,0,0,1,1,1,0,0,0,0,0,1,0,0,0,0,1,0,0,0,0,1,1,0,1,1,0,0,0.3333333333333333,12.9767323720433,1
73,0,1,0,0,0,1,0,1,0,0,1,1,1,1,0,0,0,0,0,1,0,0,0,0,0,0,0,0,0,1,1,0,1,1,0,0,0.2777777777777778,14.059430378519195,1
74,1,0,1,1,1,0,1,0,1,0,0,0,0,0,1,1,0,1,1,0,0,0,1,1,0,0,1,0,1,0,0,0,1,0,1,1,0.1388888888888889,0.0549461981032664,1
75,1,0,1,1,0,0,1,0,1,0,1,0,0,0,1,1,0,1,0,0,1,0,1,1,0,0,1,0,1,0,0,0,1,0,1,1,0.16666666666666666,0.8126683797272669,1
76,0,1,0,0,0,1,0,1,0,0,0,1,1,1,0,0,1,0,0,1,0,0,0,0,1,0,0,0,0,1,1,0,1,1,1,0,0.3611111111111111,11.461201174208433,1
77,1,0,1,1,0,0,1,0,1,1,0,0,0,0,1,1,1,1,1,0,1,1,1,1,1,0,1,0,1,0,0,1,0,0,0,1,0.25,7.512012466489988,1
78,0,1,0,0,0,1,0,1,0,0,1,1,1,1,0,0,0,0,0,1,0,0,0,0,1,0,0,0,0,1,1,0,1,1,0,0,0.3333333333333333,12.017817824705187,1
79,0,1,0,0,0,1,0,1,0,0,0,1,1,1,0,0,0,0,0,1,0,0,1,0,1,0,0,0,0,1,1,0,0,1,0,0,0.2222222222222222,9.271695058500432,1
80,1,0,1,1,0,0,1,0,1,1,0,0,0,0,1,1,0,1,0,0,1,0,1,1,0,0,1,0,1,0,0,0,1,0,1,1,0.25,3.3280803532162455,1
81,0,1,0,0,0,1,0,1,0,0,1,1,1,1,0,0,1,0,0,1,0,0,0,0,1,0,0,1,0,1,1,0,1,1,0,0,0.3611111111111111,13.14464631712519,1
82,0,0,0,1,0,0,1,0,1,1,1,0,0,0,1,1,1,1,0,0,1,1,1,1,0,1,1,0,1,0,0,1,1,0,1,1,0.2222222222222222,9.218224124154421,1
83,0,1,0,0,0,1,0,1,0,0,1,1,1,1,0,0,0,0,0,1,0,0,0,0,0,0,0,0,0,1,1,0,1,1,0,0,0.3055555555555556,14.059430378519195,1
84,1,0,1,1,1,0,1,0,1,1,0,0,0,0,1,1,1,1,1,0,1,1,1,1,0,1,1,0,0,0,0,0,1,0,1,1,0.3055555555555556,5.615390798095373,1
85,1,0,1,1,0,0,1,0,1,1,1,0,0,0,1,1,1,1,0,0,1,1,1,1,0,0,1,0,1,0,0,1,0,0,1,1,0.3333333333333333,7.06098880091007,1
86,0,1,0,0,1,1,0,1,0,0,1,1,1,1,0,0,0,0,0,1,1,0,0,0,1,0,0,0,0,1,1,0,1,0,0,0,0.3055555555555556,12.074049471749737,1
87,0,1,0,0,1,1,0,0,0,0,0,1,1,1,0,0,0,0,0,1,0,0,1,0,0,0,0,0,0,1,1,0,1,0,0,0,0.2222222222222222,8.61455942347138,1
88,1,0,1,1,0,0,1,0,1,0,1,0,0,0,1,1,0,1,1,0,1,0,1,1,0,0,0,0,1,0,0,0,1,0,1,1,0.25,-0.08863450397869066,1
89,0,1,0,0,0,1,0,1,0,1,1,1,1,1,0,0,0,0,0,1,1,0,0,0,0,0,0,1,0,1,1,1,1,0,0,0,0.3055555555555556,13.047834104647942,1
90,0,1,0,0,0,1,0,1,0,0,1,1,1,1,0,0,0,0,0,1,1,0,0,0,1,0,0,1,0,1,1,0,1,0,0,0,0.3055555555555556,8.248622668766226,1
91,0,1,0,0,1,1,0,1,0,0,1,1,1,0,0,0,0,0,0,1,0,1,0,0,0,0,0,0,0,1,1,0,0,1,1,0,0.2222222222222222,7.281716234353254,1
92,1,0,1,1,1,0,1,0,1,1,1,0,0,0,1,1,1,1,0,0,1,1,1,1,1,0,1,1,0,0,0,0,1,0,1,1,0.3333333333333333,9.130381446504607,1
93,1,0,1,1,0,0,1,1,1,0,0,0,0,0,1,1,0,1,0,0,1,1,1,1,0,1,0,1,0,0,0,0,1,0,1,1,0.2222222222222222,5.004289948761766,1
94,0,1,0,0,1,1,0,1,0,0,0,1,1,1,0,0,1,0,1,1,1,0,0,0,0,0,0,1,0,1,0,0,1,1,0,0,0.3333333333333333,15.281480793838806,1
95,0,1,0,0,0,1,0,1,0,1,1,1,1,1,0,0,0,0,0,1,0,0,0,0,0,0,0,1,0,1,0,0,1,0,1,0,0.3333333333333333,16.65035689023418,1
96,0,1,0,0,0,1,0,1,0,0,1,1,1,1,0,0,0,0,0,1,0,0,1,0,1,1,0,0,0,1,1,0,0,1,0,0,0.3333333333333333,10.166719144038357,1
97,1,0,1,0,0,0,1,0,1,0,1,0,0,0,1,1,0,1,0,0,1,0,0,1,0,0,1,0,0,0,0,0,1,0,0,1,0.1388888888888889,0.2906013131819274,1
98,0,1,0,0,0,1,0,0,0,0,1,1,0,1,0,0,0,0,0,1,1,0,0,0,1,0,0,1,0,1,1,0,1,0,0,0,0.3055555555555556,7.702072720098127,1
99,0,1,0,0,0,1,0,1,0,1,1,1,1,1,0,0,0,0,0,1,1,0,1,0,0,0,0,0,0,1,1,0,1,0,1,0,0.25,12.214618358781124,1
