,0,1,2,3,4,5,6,7,8,9,10,11,12,13,14,15,16,17,18,19,20,21,22,23,24,25,26,27,28,29,30,31,32,33,34,35,chain_break_fraction,energy,num_occurrences
0,0,1,0,1,0,0,0,0,1,1,0,0,0,1,0,1,0,0,1,0,0,1,1,0,1,0,1,0,0,0,1,0,0,0,1,0,0.25,9.693998424428015,1
1,0,1,0,1,0,0,0,0,1,1,0,0,0,1,0,1,0,0,1,0,0,1,1,0,1,0,1,0,0,0,1,0,0,0,0,0,0.2222222222222222,11.75025203845923,2
2,0,1,0,1,0,0,0,0,1,1,0,0,0,1,0,1,0,0,1,0,0,1,1,0,1,0,1,0,0,0,1,0,0,0,0,0,0.25,11.75025203845923,1
3,0,1,0,1,0,0,0,0,1,1,0,0,0,1,0,1,1,0,1,0,0,1,1,0,1,0,1,0,0,0,1,0,0,0,1,0,0.3055555555555556,12.183690330349473,1
4,0,1,0,1,0,0,0,0,1,1,0,0,0,1,0,1,0,0,1,0,0,1,1,0,1,0,1,0,0,0,1,0,0,0,0,0,0.2777777777777778,11.75025203845923,1
5,0,1,0,1,0,0,0,0,1,1,0,0,0,1,0,1,1,0,1,0,0,1,1,0,1,0,1,0,0,0,1,0,0,0,1,0,0.3055555555555556,12.183690330349473,1
6,0,1,0,1,0,0,0,0,1,1,0,0,0,1,0,1,1,0,1,0,0,1,1,0,1,0,1,0,0,0,1,0,0,0,0,1,0.2777777777777778,11.626830023195609,1
7,0,1,0,1,0,0,0,0,1,1,0,0,0,1,0,1,0,0,1,0,0,1,1,0,1,0,1,0,0,0,1,0,0,0,0,0,0.2777777777777778,11.75025203845923,1
8,0,1,0,1,0,0,0,0,1,1,0,0,0,1,0,1,0,0,1,0,0,1,1,0,1,0,1,0,0,0,1,0,0,0,0,1,0.2777777777777778,9.637744810396798,1
9,0,1,0,1,0,0,0,0,1,1,0,0,0,1,0,1,0,0,1,0,0,1,1,0,1,0,1,0,0,0,1,0,0,0,0,0,0.25,11.75025203845923,1
10,0,1,0,1,0,0,0,0,1,1,0,0,0,1,0,1,0,0,1,0,0,1,1,0,1,0,1,0,0,0,1,0,0,0,1,0,0.25,9.693998424428015,1
11,0,1,0,1,0,0,0,0,1,1,0,0,0,1,0,1,1,0,1,0,0,1,1,0,1,0,1,0,0,0,1,0,0,0,0,0,0.3055555555555556,14.740550637503336,1
12,0,1,0,1,0,0,0,0,1,1,0,0,0,1,0,1,0,0,1,0,0,1,1,0,1,0,1,0,0,0,1,0,0,0,1,0,0.3055555555555556,9.693998424428015,1
13,0,1,0,1,0,0,0,0,1,1,0,0,0,1,0,1,0,0,1,0,0,1,1,0,1,0,1,0,0,0,1,0,0,0,0,0,0.3055555555555556,11.75025203845923,1
14,0,1,0,1,0,0,0,0,1,1,0,0,0,1,0,1,0,0,1,0,0,1,1,0,1,0,1,0,0,0,1,0,0,0,0,1,0.2222222222222222,9.637744810396798,1
15,0,1,0,1,0,0,0,0,1,1,0,0,0,1,0,1,1,0,1,0,0,1,1,0,1,0,1,0,0,0,1,0,0,0,1,0,0.2777777777777778,12.183690330349473,1
16,0,1,0,1,0,0,0,0,1,1,0,0,0,1,0,1,1,0,1,0,0,1,1,0,1,0,1,0,0,0,1,0,0,0,0,0,0.3055555555555556,14.740550637503336,1
17,0,1,0,1,0,0,0,0,1,1,0,0,0,1,0,1,1,0,1,0,0,1,1,0,1,0,1,0,0,0,1,0,0,0,0,0,0.25,14.740550637503336,1
18,0,1,0,1,0,0,0,0,1,1,0,0,0,1,0,1,0,0,1,0,0,1,1,0,1,0,1,0,0,0,1,0,1,0,0,0,0.2777777777777778,10.655319425557899,1
19,0,1,0,1,0,0,0,0,1,1,0,0,0,1,0,1,0,0,1,0,0,1,1,0,1,0,1,0,0,0,1,0,0,0,0,0,0.3055555555555556,11.75025203845923,1
20,0,1,0,1,0,0,0,0,1,1,0,0,0,1,0,1,1,0,1,0,0,1,1,0,1,0,1,0,0,0,1,0,0,0,1,0,0.25,12.183690330349473,1
21,0,1,0,1,0,0,0,0,1,1,0,0,0,1,0,1,1,0,1,0,0,1,1,0,1,0,1,0,0,0,1,0,0,0,1,1,0.25,11.069969716041745,1
22,0,1,0,1,0,0,0,0,1,1,0,0,0,1,0,1,0,0,1,0,0,1,1,0,1,0,1,0,0,0,1,0,0,0,1,0,0.2777777777777778,9.693998424428015,1
23,0,1,0,1,0,0,0,0,1,1,0,0,0,1,0,1,1,0,1,0,0,1,1,0,1,0,1,0,0,0,1,0,0,0,1,0,0.25,12.183690330349473,1
24,0,1,0,1,0,0,0,0,1,1,0,0,0,1,0,1,0,0,1,0,0,1,1,0,1,0,1,0,0,0,1,0,0,0,0,0,0.2777777777777778,11.75025203845923,1
25,0,1,0,1,0,0,0,0,1,1,0,0,0,1,0,1,1,0,1,0,0,1,1,0,1,0,1,0,0,0,1,0,0,0,1,1,0.2222222222222222,11.069969716041745,1
26,0,1,0,1,0,0,0,0,1,1,0,0,0,1,0,1,1,0,1,0,0,1,1,0,1,0,1,0,0,0,1,0,0,0,1,0,0.2777777777777778,12.183690330349473,1
27,0,1,0,1,0,0,0,0,1,1,0,0,0,1,0,1,1,0,1,0,0,1,1,0,1,0,1,0,0,0,1,0,0,0,0,0,0.2222222222222222,14.740550637503336,1
28,0,1,0,1,0,0,0,0,1,1,0,0,0,1,0,1,0,0,1,0,0,1,1,0,1,0,1,0,0,0,0,0,0,0,1,0,0.25,12.710172159682754,1
29,0,1,0,1,0,0,0,0,1,1,0,0,0,1,0,1,0,0,1,0,0,1,0,0,1,0,1,0,0,0,1,0,0,0,0,0,0.25,13.581641717659535,1
30,0,1,0,1,0,0,0,0,1,1,0,0,0,1,0,1,0,0,1,0,0,1,1,0,1,0,1,0,0,0,1,1,0,0,1,0,0.2777777777777778,7.661650953918539,1
31,0,1,0,1,0,0,0,0,1,1,0,0,0,1,0,1,1,0,1,0,0,1,1,0,1,0,1,0,0,0,1,0,0,0,0,0,0.3333333333333333,14.740550637503336,1
32,0,1,0,1,0,0,0,0,1,1,0,0,0,1,0,1,0,0,1,0,0,1,1,0,1,0,1,0,0,0,1,0,0,0,0,1,0.3055555555555556,9.637744810396798,1
33,0,1,0,1,0,0,0,0,1,1,0,0,0,1,0,1,0,0,1,0,0,1,1,0,1,0,1,0,0,0,1,0,0,0,1,0,0.2777777777777778,9.693998424428015,1
34,0,1,0,1,0,0,0,0,1,1,0,0,0,1,0,1,0,0,1,0,0,1,1,0,1,0,1,0,0,0,0,0,1,0,0,0,0.2222222222222222,14.027055657243626,1
35,0,0,0,1,0,0,0,0,1,1,0,0,0,1,0,1,0,0,1,0,0,1,1,0,1,0,1,0,0,0,1,0,0,0,0,0,0.2222222222222222,6.843541363297885,1
36,1,1,0,1,0,0,0,0,1,1,0,0,0,1,0,1,0,0,1,0,0,1,1,0,1,0,1,0,0,0,1,0,0,0,0,1,0.25,12.091100145573012,1
37,0,1,0,1,0,0,0,0,1,1,0,0,0,1,0,1,0,0,1,0,0,1,0,0,1,0,1,0,0,0,0,0,0,0,1,0,0.25,14.572301158516636,1
38,0,1,0,1,0,0,0,0,1,1,0,0,0,1,0,1,0,0,1,0,0,1,1,0,1,0,1,0,0,0,1,0,0,0,1,0,0.25,9.693998424428015,1
39,0,1,0,1,0,0,0,0,1,1,0,0,0,1,0,1,1,0,1,0,0,1,1,0,1,0,1,0,0,0,1,0,0,0,0,0,0.2777777777777778,14.740550637503336,1
40,0,1,0,1,0,0,0,0,1,1,0,0,0,1,0,1,0,0,1,0,0,1,1,0,1,0,1,0,0,0,1,0,0,0,1,0,0.25,9.693998424428015,1
41,0,1,0,1,0,0,0,0,1,1,0,0,0,1,0,1,1,0,1,0,0,1,0,0,1,0,1,0,0,0,1,0,0,0,0,0,0.3055555555555556,17.071940378256816,1
42,0,1,0,1,0,0,0,0,1,1,0,0,0,1,0,1,0,0,1,0,0,1,0,0,1,0,1,0,0,0,1,0,0,0,1,0,0.2777777777777778,11.00814979329226,1
43,0,1,0,1,0,0,0,0,1,1,0,0,0,1,0,1,1,0,1,0,0,1,0,0,1,0,1,0,0,0,1,0,0,0,1,0,0.25,13.99784176076689,1
44,0,1,0,1,0,0,0,0,1,1,0,0,0,1,0,1,0,0,1,0,0,1,1,0,1,0,1,0,0,0,1,0,0,0,1,0,0.2777777777777778,9.693998424428015,1
45,0,1,0,1,0,0,0,0,1,1,0,0,0,1,0,1,0,0,1,0,0,1,1,0,1,0,1,0,0,0,0,0,0,0,1,0,0.25,12.710172159682754,1
46,0,1,0,1,0,0,0,0,1,1,0,0,0,1,0,1,0,0,1,0,0,1,1,0,1,0,1,0,0,0,1,0,0,0,0,0,0.2222222222222222,11.75025203845923,1
47,0,1,0,1,0,0,0,0,1,1,0,0,0,1,0,1,0,0,1,0,0,1,1,0,1,0,1,0,0,0,0,0,0,0,0,0,0.25,15.639240745305147,1
48,0,1,0,1,0,0,0,0,1,1,0,0,0,1,0,1,0,0,1,0,0,1,1,0,1,0,1,0,0,0,0,0,0,0,1,1,0.25,10.85203498843797,1
49,0,1,0,1,1,0,0,0,1,1,0,0,0,1,0,1,1,0,1,0,0,1,1,0,1,0,1,0,0,0,1,0,0,0,1,0,0.3055555555555556,14.407776236004855,1
50,0,1,0,1,0,0,0,0,1,1,0,0,0,1,0,1,1,0,1,0,0,1,1,0,1,0,1,0,0,0,1,0,1,1,0,0,0.25,13.955159822298011,1
51,0,1,0,1,0,0,0,0,1,1,0,0,0,1,0,1,0,0,1,0,0,1,0,0,1,0,1,0,0,0,1,0,0,0,1,1,0.19444444444444445,9.86116594455771,1
52,0,1,0,1,0,0,1,0,1,1,0,0,0,1,0,1,1,0,1,0,0,1,1,0,1,0,1,0,0,0,1,0,0,0,0,0,0.25,18.730849236547435,1
53,0,1,0,1,0,0,0,0,1,1,0,0,0,1,0,1,1,0,1,0,0,1,1,0,1,0,1,0,0,0,1,0,1,0,1,0,0.3333333333333333,11.118027684623222,1
54,0,1,0,1,0,0,0,0,1,1,0,0,0,1,0,1,1,0,1,0,0,1,1,0,1,0,1,0,0,0,1,0,0,0,0,1,0.3333333333333333,11.626830023195609,1
55,0,1,0,1,0,0,0,0,1,1,0,0,0,1,0,1,1,0,1,0,0,1,1,0,1,0,1,0,0,0,1,0,1,0,1,0,0.2777777777777778,11.118027684623222,1
56,0,1,0,1,0,0,0,0,1,1,1,0,0,1,0,1,0,0,1,0,0,1,1,0,1,0,1,0,1,0,1,0,0,0,0,0,0.2777777777777778,11.209725523586096,1
57,0,1,0,1,0,0,0,0,1,1,0,0,0,1,0,1,1,0,1,0,0,1,1,0,1,0,1,0,0,0,1,0,0,0,0,0,0.3333333333333333,14.740550637503336,1
58,0,0,0,1,0,0,0,0,1,1,0,0,0,1,0,1,1,0,1,0,0,1,1,0,1,0,1,0,0,0,0,0,0,0,0,0,0.3055555555555556,12.222856121125153,1
59,0,1,0,1,0,0,0,0,1,1,0,0,0,1,0,1,1,0,1,0,0,1,1,0,1,0,1,0,0,0,1,0,0,0,1,0,0.2777777777777778,12.183690330349473,1
60,0,1,0,1,0,0,0,0,1,1,0,0,0,1,0,1,1,0,1,0,0,1,1,0,1,0,0,0,0,0,1,0,1,0,1,0,0.2777777777777778,12.11941273622206,1
61,0,1,0,1,0,0,0,0,1,1,0,0,0,1,0,1,1,0,1,0,0,1,0,0,1,0,1,0,0,0,1,0,1,0,0,0,0.2777777777777778,14.91890402450668,1
62,0,1,0,1,0,0,0,0,1,1,0,0,0,1,0,1,0,0,1,0,0,1,0,0,1,0,0,0,0,0,1,0,0,0,1,0,0.25,13.072730712836067,1
63,0,1,0,1,0,0,0,0,1,1,0,0,0,1,0,1,0,0,1,0,0,1,1,0,1,0,0,0,0,0,1,0,0,0,0,1,0.3333333333333333,10.37685093752681,1
64,0,1,0,1,0,0,0,0,1,1,0,0,0,1,0,1,0,0,1,0,0,1,1,0,1,0,1,0,0,0,1,0,0,0,0,0,0.19444444444444445,11.75025203845923,1
65,0,1,0,1,0,0,0,0,1,1,0,0,0,1,0,1,1,0,1,0,0,1,1,0,1,0,0,0,0,0,0,0,0,0,1,0,0.2777777777777778,18.08751556778097,1
66,0,1,0,1,0,0,0,0,1,1,1,0,0,1,0,1,0,0,1,0,0,1,1,0,0,0,1,0,0,0,1,0,0,0,1,0,0.25,13.637800752121883,1
67,0,1,0,1,0,0,0,0,1,1,0,0,0,1,0,1,0,0,1,0,0,1,1,0,1,0,1,0,0,0,0,0,1,0,1,0,0.25,11.627454697630093,1
68,0,1,0,1,0,0,0,0,1,1,0,0,0,1,0,1,1,0,1,0,0,1,1,0,1,0,1,0,0,0,0,0,1,0,1,0,0.2777777777777778,14.116976400578643,1
69,0,1,0,1,0,0,0,0,1,1,0,0,0,1,0,1,0,0,1,0,0,1,1,0,1,0,0,0,1,0,0,0,0,0,1,0,0.25,12.227849900216594,1
70,0,1,0,1,0,0,0,0,1,1,1,0,0,1,0,1,1,0,1,0,0,1,1,0,1,0,1,0,0,0,1,0,1,0,0,0,0.2777777777777778,15.158712285096676,1
71,0,0,0,1,0,0,0,0,1,1,0,0,0,1,0,1,1,0,1,0,0,1,1,0,1,0,1,0,0,0,1,0,0,0,1,1,0.25,8.1632590447233,1
72,0,1,0,1,0,0,0,0,1,1,0,0,0,1,0,1,1,0,1,0,0,1,1,0,1,0,0,0,0,0,1,0,0,0,1,0,0.3333333333333333,13.991933853532283,1
73,0,1,0,1,0,0,0,0,1,1,1,0,0,1,0,1,0,0,1,0,0,1,1,0,1,0,1,0,1,0,1,0,1,0,1,0,0.25,9.072656064440444,1
74,0,1,0,1,0,0,0,0,1,1,0,0,0,1,0,1,1,0,1,0,0,1,0,0,1,0,1,0,0,0,1,0,0,0,0,1,0.25,12.923743143276972,1
75,0,1,0,1,0,0,0,0,0,1,0,0,0,1,1,1,0,0,1,0,0,1,1,0,1,0,1,0,0,0,1,0,0,0,1,0,0.2222222222222222,10.052096479251604,1
76,0,1,0,1,0,0,0,0,1,1,0,0,0,1,0,1,0,0,1,0,0,1,1,0,1,0,0,0,0,0,1,1,0,0,1,0,0.3055555555555556,7.81111670018899,1
77,0,1,0,1,0,0,0,0,1,1,0,0,0,1,0,0,1,0,1,0,0,1,1,0,1,0,0,0,0,0,1,0,0,0,0,1,0.2222222222222222,8.004791760024116,1
78,0,1,0,1,0,0,0,0,1,1,0,0,0,1,0,1,0,0,1,0,0,1,1,0,1,0,1,0,0,0,1,0,0,0,0,1,0.3055555555555556,9.637744810396798,1
79,0,1,0,1,0,0,0,0,1,1,0,0,0,1,0,1,1,0,1,0,0,1,1,0,0,0,1,0,0,0,1,0,1,0,0,1,0.25,12.283646546296016,1
80,0,1,0,1,0,0,0,0,1,1,0,0,0,0,0,1,1,0,1,0,0,1,1,0,1,0,1,0,0,0,1,0,0,0,0,0,0.25,8.75995343941513,1
81,0,1,0,1,0,0,0,0,1,1,0,0,0,1,0,1,0,0,1,0,0,1,1,0,1,0,0,0,0,0,1,0,0,0,0,0,0.3055555555555556,13.627599496402427,1
82,0,1,0,1,0,0,0,0,1,1,0,0,0,1,0,1,0,0,1,0,0,1,1,0,1,0,1,0,0,0,0,0,0,0,1,1,0.2777777777777778,10.85203498843797,1
83,0,1,0,1,0,0,0,0,1,1,0,0,0,1,0,1,0,0,1,0,0,1,0,0,1,0,0,0,1,0,1,0,1,0,0,0,0.19444444444444445,11.231530099442612,1
84,0,1,0,1,0,0,0,0,1,1,0,0,0,1,0,1,0,0,1,0,0,1,1,0,1,0,1,0,1,0,0,0,0,1,1,0,0.2222222222222222,11.740856169679065,1
85,0,1,0,1,0,0,0,0,0,1,0,0,0,1,0,1,1,0,1,0,0,1,1,0,1,0,1,0,0,0,0,1,0,0,0,1,0.25,9.864931280918036,1
86,0,1,0,1,0,0,0,0,1,1,0,0,0,1,0,0,1,0,1,0,0,1,0,0,1,0,1,0,0,0,1,1,0,0,0,1,0.2222222222222222,7.679936003451617,1
87,1,1,0,1,0,0,0,0,1,1,0,0,0,1,0,1,1,0,1,0,0,1,1,0,1,0,0,0,0,0,1,0,0,0,1,0,0.3611111111111111,17.945297275396808,1
88,0,1,0,1,0,0,0,0,1,1,0,0,0,1,0,1,0,0,1,0,0,1,0,0,1,0,0,0,0,0,1,0,1,0,1,0,0.25,11.142501172344588,1
89,0,1,0,1,0,0,0,0,1,1,1,0,0,1,0,1,1,0,1,0,0,1,1,0,1,0,0,0,1,0,1,1,0,0,1,0,0.3055555555555556,10.386416112155445,1
90,0,1,0,1,0,0,0,0,1,1,0,0,0,1,0,1,0,0,1,0,0,1,1,0,1,0,1,0,0,0,0,0,0,0,1,0,0.3611111111111111,12.710172159682754,1
91,0,1,1,1,0,0,0,0,1,1,1,0,0,1,0,1,0,0,1,0,0,1,1,0,1,0,1,0,0,0,1,0,0,0,1,0,0.3333333333333333,14.722776765253103,1
92,0,1,0,1,0,0,1,0,1,1,0,0,0,1,0,1,0,0,1,0,0,1,1,0,1,0,0,0,0,0,1,0,1,0,1,0,0.25,12.11941273622206,1
93,0,1,0,1,0,0,0,0,1,1,0,0,0,1,0,0,1,0,1,0,0,1,1,0,1,0,1,0,0,0,0,0,0,0,0,1,0.3333333333333333,9.409138458517942,1
94,0,1,0,1,0,0,0,0,1,1,1,0,0,1,0,1,0,0,1,0,0,1,1,0,1,0,1,0,0,0,1,0,0,0,0,0,0.2222222222222222,13.706752184506431,1
95,0,1,0,1,0,0,0,0,1,1,0,0,0,1,0,1,0,0,1,0,1,1,1,0,1,0,1,0,0,0,0,0,0,0,1,0,0.25,11.848043160848865,1
96,0,1,0,1,0,0,0,0,1,1,1,0,0,1,0,0,1,0,1,0,0,1,1,0,1,0,0,0,0,0,1,0,0,0,1,0,0.2222222222222222,9.640182297930048,1
97,0,1,0,1,0,0,0,0,1,1,1,0,0,1,0,1,1,0,1,0,0,1,1,0,1,0,1,0,0,0,0,0,0,0,0,0,0.2777777777777778,22.14833385266166,1
98,0,1,0,1,0,0,0,0,1,1,0,0,0,1,0,1,0,0,1,0,0,1,1,0,1,0,1,0,0,0,1,0,0,0,1,0,0.3333333333333333,9.693998424428015,1
