,0,1,2,3,4,5,6,7,8,9,10,11,12,13,14,15,16,17,18,19,20,21,22,23,24,25,26,27,28,29,30,31,32,33,34,35,chain_break_fraction,energy,num_occurrences
0,1,0,1,0,1,1,1,0,1,0,0,1,0,0,0,1,1,0,0,0,1,0,1,0,0,1,1,0,0,1,0,0,0,1,1,1,0.19444444444444445,11.49328415269337,1
1,1,0,1,0,1,1,1,0,1,0,0,1,0,0,0,1,1,0,0,0,1,0,1,0,0,1,1,0,0,1,0,0,0,1,1,1,0.25,11.49328415269337,1
2,1,0,1,0,0,1,1,0,1,0,0,1,0,0,0,1,1,0,0,0,1,0,1,1,0,1,1,0,0,1,0,0,0,1,1,1,0.2222222222222222,15.95428285549347,1
3,1,0,1,0,1,1,1,0,1,0,0,1,0,0,0,1,1,0,0,0,0,0,1,0,0,1,1,0,0,1,1,0,0,1,1,1,0.2222222222222222,15.13067459638116,1
4,1,0,1,0,1,1,1,0,1,0,0,1,0,0,0,1,1,0,0,0,1,0,1,1,0,0,1,0,0,1,0,0,0,1,1,1,0.2222222222222222,7.919836385972104,1
5,1,0,1,0,1,1,1,0,1,0,0,1,0,0,0,1,1,0,0,0,0,0,1,1,0,1,1,0,0,1,1,0,0,1,1,1,0.2222222222222222,17.734206054581982,1
6,1,0,1,0,0,1,1,0,1,0,0,1,0,0,0,1,1,0,0,0,1,0,1,0,0,1,1,0,0,1,0,0,0,1,1,0,0.19444444444444445,7.545408760774974,1
7,1,0,1,0,1,1,1,0,1,0,0,1,0,0,0,1,1,0,0,0,1,0,1,1,0,1,0,0,0,1,0,0,0,1,1,1,0.2222222222222222,12.03502065170036,1
8,1,0,1,0,1,1,1,0,1,0,0,1,0,0,0,1,1,0,0,0,1,0,1,0,0,0,1,0,0,1,0,0,0,1,1,1,0.2222222222222222,7.416416901137151,1
9,1,0,1,0,1,1,1,0,1,0,0,1,0,0,0,1,1,0,0,0,1,0,1,0,0,1,1,0,0,1,1,0,0,1,1,1,0.2222222222222222,14.072837438355885,1
10,1,0,1,0,1,0,1,0,1,0,0,1,0,0,0,1,1,0,0,0,1,0,1,0,0,1,1,0,0,1,0,0,0,1,1,1,0.19444444444444445,11.870464130557565,1
11,1,0,1,0,0,1,1,0,1,0,0,1,0,1,0,1,1,0,0,0,1,0,1,0,0,1,1,0,0,1,0,0,0,1,1,0,0.19444444444444445,10.545407297126914,1
12,1,0,1,0,0,1,1,0,1,0,0,1,0,0,0,1,1,0,0,0,1,0,1,0,0,1,1,0,0,1,1,0,0,1,1,0,0.2777777777777778,8.929276711061432,1
13,1,0,1,0,1,0,1,0,1,0,0,1,0,0,0,1,1,0,0,0,0,0,1,1,0,1,1,0,0,1,0,0,0,1,1,1,0.16666666666666666,16.41539192611276,1
14,1,0,1,0,1,1,1,0,1,0,0,1,0,0,0,1,1,1,0,0,1,0,1,0,0,1,1,0,0,1,0,0,0,1,1,0,0.25,14.032534056510928,1
15,1,0,1,0,1,0,1,0,1,0,0,1,0,0,0,1,1,0,0,0,1,0,1,0,0,1,1,0,0,0,1,0,0,1,1,1,0.2222222222222222,12.270737050200184,1
16,1,0,1,0,0,1,1,0,1,0,0,1,0,1,0,1,1,0,0,0,1,0,1,1,0,1,0,0,0,1,1,0,0,1,1,0,0.2222222222222222,10.105451572099298,1
17,1,0,1,0,0,1,1,0,1,0,0,1,0,1,0,1,1,0,0,0,1,0,1,0,0,1,1,0,0,1,0,0,0,1,1,1,0.19444444444444445,12.681872677463172,1
18,1,0,1,0,1,1,1,0,1,0,0,1,0,1,0,1,1,0,0,0,1,0,1,0,0,1,1,0,0,1,1,0,0,1,1,0,0.2777777777777778,12.597137047897446,1
19,1,0,1,0,1,0,1,0,1,0,0,1,0,0,0,1,1,0,0,0,1,0,1,0,0,1,1,0,0,1,0,0,0,1,1,1,0.2777777777777778,11.870464130557565,1
20,1,0,1,0,1,1,1,0,1,0,0,1,0,0,0,1,1,0,0,0,1,0,1,0,0,1,1,0,0,1,1,0,0,1,1,1,0.3333333333333333,14.072837438355885,1
21,1,0,1,0,0,1,1,0,1,0,0,1,0,1,0,1,1,0,0,0,1,0,1,0,0,1,1,0,0,1,1,0,0,1,1,0,0.25,10.929275245840273,1
22,1,0,1,0,1,1,1,0,1,0,0,1,0,0,0,1,1,0,0,0,1,0,1,1,0,1,1,0,0,1,0,0,0,1,1,1,0.25,14.409554784725122,1
23,1,0,1,0,0,1,1,0,1,0,0,1,0,0,0,1,1,0,0,0,1,0,1,0,0,1,1,0,0,1,0,0,0,1,1,0,0.2777777777777778,7.545408760774974,1
24,1,0,1,0,0,0,1,0,1,0,0,1,0,0,0,1,1,0,0,0,1,0,1,0,0,1,0,0,0,1,1,0,0,1,1,0,0.19444444444444445,7.25216718025917,1
25,1,0,1,0,0,0,1,0,1,0,0,1,0,0,0,1,1,0,0,0,1,0,1,0,0,1,1,0,0,1,1,0,0,1,1,0,0.19444444444444445,9.593553106962862,1
26,1,0,1,0,1,1,1,0,1,0,0,1,0,0,0,1,1,0,0,0,1,0,1,0,0,1,1,0,0,1,1,0,0,1,1,0,0.2222222222222222,9.59713851311073,1
27,1,0,1,0,1,0,1,0,1,0,0,1,0,0,0,1,1,0,0,0,1,0,1,0,0,1,1,0,0,1,1,0,0,1,1,0,0.2222222222222222,8.261414909012151,1
28,1,0,1,0,0,1,1,0,1,0,0,1,0,0,0,1,1,1,0,0,1,0,1,0,0,1,1,0,0,1,0,0,0,1,0,0,0.25,12.677911139181363,1
29,0,1,0,1,0,0,0,1,0,1,1,0,1,0,1,0,0,0,1,0,1,1,0,1,0,1,0,0,1,0,1,1,1,0,0,1,0.16666666666666666,21.84079725066165,1
30,0,1,0,1,0,0,0,1,0,1,1,0,1,0,1,0,0,0,0,1,1,1,0,1,1,0,0,1,1,0,0,1,1,0,0,1,0.2222222222222222,25.767023517066015,1
31,1,0,1,0,0,1,1,0,1,0,0,1,0,0,0,1,1,0,0,0,1,0,1,0,0,0,1,0,0,1,0,0,0,1,1,1,0.16666666666666666,6.449018523615328,1
32,1,0,1,0,1,0,1,0,1,0,0,1,0,0,0,1,1,1,0,0,1,0,1,0,0,1,1,0,0,1,0,0,0,1,1,1,0.25,12.9963392756289,1
33,1,0,1,0,1,1,1,0,1,0,0,1,0,0,0,1,1,0,0,0,0,0,1,1,0,0,1,0,0,1,1,0,0,1,1,1,0.19444444444444445,10.427295452196548,1
34,1,0,1,0,0,1,1,0,1,0,0,1,0,0,0,1,1,0,0,0,1,0,1,0,0,0,0,0,0,1,1,0,0,1,1,0,0.19444444444444445,5.731912381505266,1
35,1,0,1,0,0,0,1,0,1,0,0,1,0,0,0,1,1,0,0,0,0,0,1,0,0,1,1,0,1,0,0,0,0,1,1,1,0.16666666666666666,11.988214839548386,1
36,1,0,1,0,1,0,1,0,1,0,0,1,0,1,0,1,1,0,0,0,0,0,1,0,0,1,1,0,0,1,0,0,0,1,1,1,0.19444444444444445,13.421203541643527,1
37,1,0,1,0,0,0,1,0,1,0,0,1,0,0,0,1,1,0,0,0,1,0,1,1,0,1,1,0,0,1,0,0,0,1,1,1,0.2222222222222222,21.04373899703017,1
38,0,1,0,1,1,0,0,1,0,1,1,0,1,0,1,0,0,0,1,0,0,1,0,1,1,1,0,1,1,0,1,1,1,0,0,0,0.2222222222222222,21.767365532662794,1
39,1,0,1,0,1,1,1,0,1,0,0,1,0,1,0,0,0,0,0,0,1,0,1,1,0,0,1,0,0,1,0,0,0,1,1,1,0.16666666666666666,7.882940322996403,1
40,0,1,0,1,1,0,0,1,0,1,1,0,1,0,1,0,0,0,1,0,1,1,0,1,1,1,0,1,1,0,1,1,1,0,0,1,0.25,35.81658910601604,1
41,1,0,1,0,0,0,1,0,1,0,0,1,0,0,0,1,1,0,0,0,1,0,1,1,0,1,0,0,0,1,1,0,0,0,1,0,0.19444444444444445,5.729762976585506,1
42,1,0,0,0,0,1,1,0,1,0,0,1,0,1,0,1,1,0,0,0,0,0,1,1,0,1,1,0,0,1,0,0,0,1,1,1,0.2222222222222222,16.165362283190163,1
43,1,0,1,0,1,1,1,0,1,0,0,1,0,1,0,0,1,0,0,0,1,0,1,1,0,0,0,0,0,1,0,0,0,1,1,1,0.19444444444444445,6.757116099197781,1
44,1,0,1,0,0,1,1,0,1,0,0,1,0,0,0,1,1,1,0,0,1,0,1,0,0,1,1,0,0,1,1,0,0,1,1,1,0.3055555555555556,16.009048900474284,1
45,1,0,1,0,0,1,1,0,1,0,0,1,0,1,0,1,1,0,0,0,1,0,1,0,0,1,1,0,0,1,0,0,0,1,1,1,0.2777777777777778,12.681872677463172,1
46,0,1,0,1,1,0,0,1,0,1,1,0,1,0,1,0,0,0,1,1,0,1,0,1,1,0,0,1,1,0,1,1,1,0,0,1,0.25,31.771135067545295,1
47,0,1,0,1,0,0,0,1,0,0,1,0,1,0,1,0,0,0,1,0,0,1,0,1,1,0,0,1,1,0,0,1,0,0,0,1,0.19444444444444445,16.102804270759258,1
48,1,0,1,0,0,1,0,0,1,0,0,1,0,0,0,1,1,1,0,0,1,0,0,0,0,1,1,0,0,1,1,0,0,1,1,0,0.19444444444444445,12.291592427570162,1
49,1,0,1,0,1,0,1,0,1,0,0,1,0,0,0,1,0,0,0,0,1,0,1,0,0,0,1,0,0,1,0,0,0,1,1,0,0.2222222222222222,2.8374679137230077,1
50,1,0,1,0,0,0,1,0,1,0,0,1,0,1,0,1,1,0,0,0,1,0,1,1,0,1,1,0,0,1,0,0,0,1,1,0,0.3055555555555556,9.9089176318884,1
51,1,0,1,0,0,0,0,0,1,0,0,1,0,0,0,1,1,0,0,0,0,0,1,1,0,1,1,0,0,1,0,0,0,1,1,1,0.2222222222222222,21.894593511880725,1
52,0,1,0,1,0,0,0,1,0,1,1,0,1,0,1,0,0,0,1,0,0,1,0,1,1,1,0,0,1,0,1,1,0,0,0,0,0.2222222222222222,12.792928308711192,1
53,1,0,1,0,0,0,1,0,1,0,0,1,0,1,0,1,1,0,0,0,1,0,1,0,0,1,1,0,0,1,0,0,0,0,1,0,0.2777777777777778,6.217838358424003,1
54,1,0,0,1,0,0,0,1,0,0,1,0,1,0,1,0,0,0,1,0,1,1,0,1,1,1,0,1,1,0,0,1,1,0,0,0,0.19444444444444445,26.506190503774963,1
55,0,0,1,0,0,0,1,0,1,0,0,1,0,0,0,1,1,0,0,0,0,0,0,1,0,1,0,0,0,1,0,0,0,1,1,1,0.1111111111111111,14.719913579855662,1
56,0,1,0,1,1,0,0,1,0,1,1,0,1,0,1,0,0,0,1,0,1,1,0,1,1,1,0,1,1,0,0,1,0,0,0,0,0.2222222222222222,14.748041481609196,1
57,1,0,1,0,1,1,1,0,1,0,0,0,0,0,0,1,0,1,0,0,1,0,1,0,0,0,1,0,0,1,0,0,0,1,1,0,0.19444444444444445,6.956440800695836,1
58,0,1,0,1,0,0,0,1,0,1,1,0,1,0,0,0,0,0,1,0,1,1,0,1,1,1,0,0,1,0,0,1,1,0,0,1,0.2222222222222222,24.084636207573805,1
59,1,0,1,0,1,1,1,0,1,0,0,0,0,0,0,1,1,1,0,0,1,0,1,0,0,1,1,0,0,1,1,0,0,1,1,1,0.3333333333333333,15.895919017596004,1
60,1,0,1,0,1,0,1,0,1,0,0,1,0,1,1,1,1,0,0,0,1,0,1,1,0,1,1,0,0,1,0,0,0,1,1,1,0.19444444444444445,15.702841651032326,1
61,0,0,0,1,0,1,1,1,0,0,1,0,1,0,1,0,0,0,1,0,1,1,0,1,1,0,0,0,1,0,0,1,0,0,0,1,0.16666666666666666,8.09087324143431,1
62,0,1,0,1,0,0,0,1,0,1,1,0,1,0,0,0,0,0,1,0,1,1,0,1,1,0,0,0,1,0,1,1,1,0,0,1,0.25,17.56641303960198,1
63,1,0,1,0,0,0,1,0,1,0,0,1,0,1,0,1,1,0,0,0,1,0,1,0,0,0,1,0,0,1,1,0,0,0,1,1,0.19444444444444445,6.0020953199558456,1
64,1,0,1,0,1,0,0,0,1,0,0,1,0,0,0,1,0,1,0,0,0,0,1,1,0,1,1,0,0,0,1,0,0,1,1,0,0.2222222222222222,10.710054920684172,1
65,1,0,1,0,1,0,0,0,1,0,0,1,0,1,0,1,0,1,0,0,1,0,1,0,0,1,1,0,0,0,0,0,0,1,1,1,0.19444444444444445,13.067012823281495,1
66,1,0,1,0,0,0,1,0,1,0,0,1,0,1,0,1,0,0,0,0,1,0,1,0,0,0,1,1,0,0,0,0,0,1,1,1,0.16666666666666666,11.282218065265345,1
67,0,0,0,1,0,0,0,1,0,1,1,0,1,0,1,0,0,0,1,0,1,1,0,0,1,0,0,0,1,0,1,1,1,0,0,0,0.2222222222222222,5.107479611189355,1
68,0,1,0,0,0,0,0,1,0,0,1,0,1,1,1,0,0,0,1,0,1,1,0,1,1,0,0,0,1,0,1,1,1,0,0,1,0.2222222222222222,21.874044879802536,1
69,1,0,1,0,1,0,1,0,1,0,0,1,0,0,0,1,1,0,0,0,1,0,1,0,0,0,1,0,0,1,1,0,0,1,1,1,0.3055555555555556,7.316721986297419,1
70,0,0,0,1,0,1,0,1,0,1,1,0,1,0,1,0,0,0,1,0,1,1,0,1,1,0,0,0,1,0,0,1,1,0,0,1,0.2222222222222222,11.398476416001255,1
71,1,0,1,0,0,1,1,0,0,0,0,1,0,1,0,1,0,1,0,0,1,0,1,0,0,0,1,0,0,1,0,0,0,1,1,1,0.19444444444444445,10.843868929733661,1
72,0,0,0,1,1,0,0,1,0,1,1,0,1,0,1,0,0,0,1,0,1,1,0,1,1,0,0,1,1,0,0,1,1,0,0,0,0.2222222222222222,10.858643049802895,1
73,0,0,0,1,1,1,0,1,0,1,1,0,1,0,1,0,0,0,1,0,0,1,0,1,1,0,0,1,1,0,0,1,1,0,0,1,0.25,15.992319735016434,1
74,0,1,0,1,0,0,0,1,0,0,1,0,1,0,1,0,0,0,1,0,0,1,0,1,1,0,0,1,1,0,1,1,1,0,0,1,0.3055555555555556,26.517489671839435,1
75,1,0,1,0,1,1,1,0,1,0,0,1,0,0,0,1,0,0,0,0,1,0,1,1,0,0,1,0,0,0,1,0,0,1,1,1,0.25,8.705423889688463,1
76,1,0,0,0,0,0,0,1,1,0,0,0,1,0,0,0,1,0,0,0,0,1,0,0,1,1,0,0,1,0,0,0,0,0,0,0,0.0,0.6783693093384845,1
77,1,0,1,0,0,0,1,0,1,0,0,0,0,0,1,1,1,0,0,0,0,0,1,0,0,1,1,0,0,1,1,0,0,1,0,0,0.16666666666666666,8.039580389475548,1
78,0,0,0,1,1,0,1,1,0,0,1,0,1,0,0,0,1,0,1,1,1,1,1,1,0,0,0,0,1,0,0,0,0,0,0,0,0.0,1.220546154359016,1
79,0,1,0,1,0,1,0,1,0,1,1,0,1,0,0,0,0,0,1,0,1,1,0,1,1,0,0,0,1,0,0,1,1,0,1,0,0.1111111111111111,8.554161724815275,1
80,1,0,1,0,0,0,1,0,1,0,0,1,0,0,0,1,1,0,0,0,0,0,0,0,0,0,1,0,1,1,1,0,0,1,1,0,0.2222222222222222,6.836443224220505,1
81,1,0,0,0,0,1,0,1,1,1,0,0,0,0,0,0,0,0,1,0,1,1,1,0,0,0,0,0,0,1,0,0,0,0,1,0,0.0,2.1542651952579734,1
82,1,0,1,0,0,1,1,0,1,0,0,1,0,0,0,1,1,1,1,0,0,0,1,1,1,1,1,0,0,1,0,0,0,1,1,0,0.2222222222222222,16.194886761880813,1
83,1,1,0,0,0,0,1,0,0,0,0,0,1,0,0,1,1,0,1,0,1,0,1,0,1,0,0,0,1,0,1,0,1,0,0,0,0.0,2.86472532530321,1
84,1,0,0,0,1,0,1,0,1,0,0,1,0,1,0,1,1,0,0,0,1,0,1,0,0,1,1,0,0,1,1,0,0,1,1,0,0.25,9.502898606813785,1
85,0,1,0,1,0,0,0,1,0,1,1,0,1,0,1,0,0,0,1,0,1,1,0,1,1,0,0,0,1,0,1,1,0,0,0,0,0.19444444444444445,6.79250289128966,1
86,0,0,1,0,0,0,1,1,1,0,0,0,0,0,0,0,0,0,1,0,0,1,1,1,0,0,1,0,1,0,0,0,0,0,0,0,0.027777777777777776,1.8906661995142655,1
87,1,0,1,0,1,0,1,0,1,0,0,1,0,0,0,1,1,1,1,0,1,0,1,0,0,0,1,0,0,0,0,0,0,1,1,1,0.25,10.67368969832313,1
88,0,1,0,1,0,0,0,1,0,1,1,0,1,0,0,0,0,0,1,0,0,1,1,1,1,1,0,1,1,0,1,1,1,0,0,0,0.2222222222222222,29.959423426686005,1
89,0,1,1,1,0,1,0,1,0,1,1,0,1,0,0,0,0,0,1,0,1,1,0,1,1,0,0,0,1,0,1,1,1,0,0,1,0.2222222222222222,14.889218919944298,1
90,0,0,0,1,0,0,0,1,0,1,1,0,1,0,1,0,0,0,1,1,1,1,0,1,1,0,0,0,1,0,1,1,1,0,0,0,0.2777777777777778,17.972988552728825,1
91,1,0,1,0,0,1,1,0,1,0,0,1,1,0,0,1,1,0,0,0,1,0,1,0,0,0,1,0,0,1,1,0,0,1,1,0,0.2222222222222222,6.311006551197923,1
92,1,0,1,0,1,0,1,0,1,0,0,1,0,0,1,1,1,0,0,0,1,0,1,1,0,0,1,0,0,1,0,0,0,1,1,0,0.19444444444444445,4.657940756911176,1
93,0,1,0,1,0,1,0,1,0,1,1,0,1,0,1,0,0,0,1,0,0,1,0,1,1,1,0,1,1,0,0,1,1,0,0,0,0.25,17.913293078942495,1
94,0,0,1,0,0,0,1,0,0,0,0,1,0,1,0,1,1,0,0,0,1,0,1,0,0,0,0,0,1,1,1,0,0,1,1,1,0.16666666666666666,9.394672975827271,1
95,1,0,1,0,0,1,1,0,1,0,0,1,0,0,0,1,1,1,0,0,1,0,1,0,0,1,1,0,0,1,0,0,0,1,1,0,0.3055555555555556,11.742530608679083,1
96,1,0,1,0,1,1,1,0,1,0,0,1,0,0,0,1,1,1,0,1,1,0,1,0,0,1,1,0,0,1,0,0,0,1,1,0,0.2777777777777778,16.15816426639149,1
97,0,1,0,1,0,0,0,1,0,1,1,0,1,0,1,0,0,0,1,0,1,1,0,1,1,1,0,1,1,0,1,1,1,0,0,0,0.2777777777777778,26.02605031543212,1
98,0,1,0,1,0,1,0,1,1,1,1,0,1,0,0,0,0,0,1,1,1,1,1,0,1,0,0,0,0,0,1,1,0,0,0,1,0.05555555555555555,15.712216746803982,1
99,0,1,0,1,0,1,1,1,1,0,0,1,0,0,1,0,0,0,1,1,1,1,1,0,1,0,0,0,1,0,1,0,0,0,1,1,0.08333333333333333,10.825998086989662,1
