,0,1,2,3,4,5,6,7,8,9,10,11,12,13,14,15,16,17,18,19,20,21,22,23,24,25,26,27,28,29,30,31,32,33,34,35,chain_break_fraction,energy,num_occurrences
0,0,1,0,1,0,0,1,0,0,1,0,0,1,0,1,0,0,1,1,1,0,1,1,0,1,0,0,0,0,0,0,1,1,1,1,0,0.3611111111111111,11.861686577738302,1
1,0,0,0,1,0,0,1,0,0,1,0,0,1,0,1,0,0,1,1,1,0,1,1,0,1,0,0,0,0,0,0,1,0,0,1,0,0.25,4.173355031517817,1
2,0,1,0,1,0,0,1,0,0,1,0,0,1,0,1,1,0,1,1,1,0,1,1,0,1,0,0,0,0,0,0,1,0,1,1,0,0.3055555555555556,11.628781086158387,1
3,0,0,0,1,0,0,1,0,0,1,0,0,0,0,1,0,0,1,1,1,0,1,1,0,1,0,1,0,0,0,0,1,0,0,1,0,0.3055555555555556,7.311921584104942,1
4,0,1,0,1,0,0,1,0,0,1,0,0,1,0,1,1,0,1,1,1,0,1,1,0,1,0,0,0,0,0,0,1,1,1,1,0,0.3611111111111111,12.86565100858054,1
5,0,1,0,1,0,0,0,0,0,1,0,0,1,0,1,0,0,1,1,1,0,1,1,0,1,0,1,0,0,0,0,1,1,0,1,0,0.3888888888888889,9.332290322400329,1
6,0,0,0,1,0,0,1,0,0,1,0,0,1,0,1,0,0,1,1,1,0,1,1,0,1,0,0,0,0,0,0,1,0,0,1,0,0.3055555555555556,4.173355031517817,1
7,0,0,0,1,0,0,1,0,0,1,0,0,1,0,1,0,0,1,1,1,0,1,1,0,1,0,0,0,0,0,0,1,0,0,1,0,0.2777777777777778,4.173355031517817,1
8,0,0,0,1,0,0,1,0,0,1,1,0,1,0,1,1,0,1,1,1,0,1,1,0,1,0,0,0,0,0,0,1,1,1,1,0,0.3055555555555556,10.162617997653436,1
9,0,0,0,1,0,0,1,0,0,1,0,0,1,0,1,0,0,1,1,1,0,1,1,0,1,0,0,0,0,0,0,1,0,0,1,0,0.3055555555555556,4.173355031517817,1
10,0,1,0,1,0,0,1,0,0,0,0,0,1,0,1,0,0,1,1,1,0,1,1,0,1,0,0,0,0,0,0,1,0,0,1,0,0.25,5.7833034831629995,1
11,0,1,0,1,0,0,1,0,0,1,0,0,1,0,1,0,0,1,1,1,0,1,1,0,1,0,0,0,0,0,0,1,0,0,1,0,0.3333333333333333,7.151076810471778,1
12,0,0,0,1,0,0,1,0,0,1,0,0,1,0,1,0,0,1,1,1,0,1,1,1,1,0,0,0,0,0,0,1,0,0,1,0,0.25,8.251230648927628,1
13,0,0,0,1,0,0,1,0,0,1,1,0,1,0,1,0,0,1,1,1,0,1,1,0,1,0,0,0,0,0,0,1,0,0,1,0,0.3055555555555556,4.097396728243922,1
14,0,0,0,1,0,0,1,0,0,0,1,1,1,0,1,0,0,1,1,1,0,1,1,0,1,0,0,0,0,0,0,1,1,0,1,0,0.2222222222222222,4.41505498958827,1
15,0,1,0,1,0,0,1,0,0,0,0,1,1,1,1,0,0,1,1,1,0,1,1,0,1,0,0,0,0,0,0,1,1,1,1,0,0.3611111111111111,12.277052551272503,1
16,0,0,0,1,0,0,1,0,0,1,1,0,0,0,1,1,0,1,1,1,0,1,1,0,1,0,0,0,0,0,0,1,1,1,1,0,0.2777777777777778,10.885965790301643,1
17,0,0,0,1,0,0,0,0,0,1,0,0,1,0,1,0,0,1,1,1,0,1,1,0,1,0,0,0,0,0,0,1,0,0,1,0,0.19444444444444445,5.178291313113654,1
18,0,0,1,1,0,0,1,0,0,1,0,0,1,1,1,0,0,1,1,1,0,1,1,0,1,0,0,0,0,0,0,1,1,1,1,0,0.25,7.39197572780551,1
19,0,0,0,1,0,0,1,0,0,1,1,1,1,0,1,0,0,1,1,1,0,1,1,0,1,0,1,0,0,0,0,1,1,0,1,0,0.3333333333333333,7.083451247052557,1
20,0,1,0,1,0,0,1,0,0,0,0,1,1,1,1,0,0,1,1,1,0,1,1,0,1,0,0,0,0,0,0,1,0,1,1,0,0.2777777777777778,11.226283490845336,1
21,0,0,0,1,0,0,1,0,0,1,1,0,1,0,1,1,0,1,1,1,0,1,1,0,1,0,0,0,0,0,0,1,0,1,1,0,0.2777777777777778,8.47487287999951,1
22,0,1,0,1,0,0,1,0,0,0,0,0,1,1,1,0,0,1,1,1,0,1,1,0,1,0,1,0,0,0,0,1,1,1,1,0,0.3333333333333333,12.726172513806194,1
23,0,1,0,1,0,0,1,0,0,1,1,0,1,0,1,0,0,1,1,1,0,1,1,0,1,0,1,0,0,0,0,1,0,1,1,0,0.3333333333333333,10.280297491376404,1
24,0,0,0,1,0,0,1,0,0,0,0,1,1,0,1,0,0,1,1,1,0,1,1,0,1,0,0,0,0,0,0,1,0,0,1,0,0.3055555555555556,3.491121623887233,1
25,0,0,1,1,0,0,1,0,0,1,0,1,1,0,1,0,0,1,1,1,0,1,1,0,1,0,1,0,0,0,0,1,1,0,1,0,0.3611111111111111,4.656178039230666,1
26,0,1,0,1,0,0,1,0,0,1,0,0,1,0,1,1,0,1,1,1,0,1,1,0,1,0,0,0,0,0,0,1,1,0,1,0,0.25,10.39191116373623,1
27,0,0,0,1,0,0,1,0,0,1,1,0,1,0,1,1,0,1,1,1,0,1,1,0,1,0,1,0,0,0,0,1,0,1,1,0,0.2777777777777778,9.295406297015026,1
28,0,0,0,1,0,0,1,0,0,1,0,0,1,0,1,1,0,1,1,1,0,1,1,0,1,0,0,0,0,0,0,1,0,1,1,0,0.3055555555555556,8.649090825012234,1
29,0,0,1,1,0,0,1,0,0,1,0,0,1,0,1,0,0,1,1,1,0,1,1,0,1,0,1,0,0,0,0,1,0,1,1,0,0.3055555555555556,7.275213948841916,1
30,0,0,0,1,0,0,0,0,0,1,0,0,1,0,1,1,1,1,1,1,0,1,1,0,1,0,1,0,0,0,0,1,0,1,1,0,0.3611111111111111,11.261021963648748,1
31,0,0,0,1,0,0,1,0,0,1,0,0,1,0,1,1,0,1,1,1,0,1,1,0,1,0,0,0,0,0,0,1,0,1,1,0,0.3055555555555556,8.649090825012234,1
32,0,0,0,1,0,0,1,0,0,1,0,0,1,0,1,0,0,1,1,1,0,1,1,1,1,0,0,0,0,0,0,1,1,0,1,0,0.25,11.108823209440207,1
33,0,0,0,1,0,0,1,0,0,1,0,0,1,0,1,0,0,1,1,1,0,1,1,0,1,0,1,0,0,0,0,1,1,0,1,0,0.3333333333333333,7.351800830090554,1
34,0,0,0,1,0,0,1,0,0,0,1,1,1,1,1,0,0,1,1,1,0,1,1,0,1,0,1,0,0,0,0,1,1,0,1,0,0.2777777777777778,7.045681198455218,1
35,0,1,0,1,0,0,0,0,0,1,0,0,1,1,1,0,0,1,1,1,0,1,1,0,1,0,0,0,0,0,0,1,0,0,1,0,0.3611111111111111,10.02675552291399,1
36,0,0,0,1,0,0,1,0,0,0,0,1,1,0,1,0,0,1,1,1,0,1,1,0,1,0,1,0,0,0,0,1,1,0,1,0,0.3611111111111111,6.114067627358154,1
37,0,0,0,1,0,0,1,0,0,1,0,0,1,0,1,1,0,1,1,1,0,1,1,0,1,0,1,0,0,0,0,1,0,0,1,0,0.3333333333333333,6.440254100072172,1
38,0,0,0,1,0,0,0,0,1,1,1,0,1,0,1,0,0,1,1,1,0,1,1,0,1,0,0,0,0,0,0,1,0,0,1,0,0.2777777777777778,5.567476667093814,1
39,0,1,0,1,0,0,0,0,0,0,0,1,1,1,1,1,0,1,1,1,0,1,1,0,1,0,0,0,0,0,0,1,1,0,1,0,0.19444444444444445,13.684418051827192,1
40,0,0,0,1,0,0,0,0,0,1,0,0,1,0,1,1,0,1,1,1,0,1,1,0,1,0,0,0,0,0,0,1,1,1,1,0,0.3888888888888889,12.390907986685143,1
41,0,1,0,1,0,0,0,0,0,1,0,0,1,0,1,1,0,1,1,1,0,1,1,0,1,0,0,0,0,0,0,1,1,1,1,0,0.3611111111111111,13.370593204963464,1
42,0,0,0,1,0,0,1,0,0,1,0,0,1,0,1,1,1,1,1,1,0,1,1,0,1,0,0,0,0,0,0,1,0,1,1,0,0.3333333333333333,9.138935955585312,1
43,0,0,0,1,0,0,0,0,0,1,1,0,1,0,1,0,0,1,1,1,0,1,1,0,1,0,0,0,0,0,0,1,0,0,1,0,0.3055555555555556,4.602331471601255,1
44,0,0,0,1,0,0,1,0,1,1,1,0,1,0,1,1,0,1,1,1,0,1,1,0,1,0,1,0,0,0,0,1,1,1,1,0,0.3333333333333333,12.045471405542223,1
45,0,0,0,1,0,0,0,0,0,1,0,1,0,0,1,1,0,1,1,1,0,1,1,0,1,0,0,0,0,0,0,1,1,1,1,0,0.3611111111111111,12.16755865579842,1
46,0,0,0,1,0,0,1,0,0,1,1,0,1,0,1,0,0,1,1,1,0,1,1,0,1,0,0,0,0,0,0,1,1,1,1,0,0.3888888888888889,10.16063208120576,1
47,0,0,1,1,0,0,1,0,0,1,0,0,0,0,1,0,1,1,1,1,0,1,1,0,1,0,0,0,0,0,0,1,0,0,1,0,0.25,3.8761338899177997,1
48,0,0,0,1,0,0,0,0,0,1,0,0,1,0,1,0,1,1,1,1,0,1,1,0,1,0,0,0,0,0,0,1,1,0,1,0,0.3055555555555556,6.404026618042036,1
49,0,0,0,1,0,0,1,0,0,0,1,1,0,0,1,1,0,1,1,1,0,1,1,0,1,0,0,0,0,0,0,1,0,0,1,0,0.16666666666666666,5.4931003419255084,1
50,0,0,0,1,0,0,1,0,0,1,0,0,1,0,1,1,0,1,1,1,0,1,1,0,1,0,0,0,0,0,0,1,0,0,1,0,0.2777777777777778,6.175340894433415,1
51,0,0,0,1,0,0,1,0,0,1,0,0,1,1,1,0,0,1,1,1,0,1,1,0,1,0,0,0,0,0,0,1,1,1,1,0,0.3333333333333333,10.437284235025421,1
52,0,0,0,1,0,0,0,0,0,1,0,0,1,0,1,1,0,1,1,1,0,1,1,0,1,0,1,0,0,0,0,1,0,0,1,0,0.3055555555555556,6.945190524284065,1
53,0,0,0,1,0,0,1,0,0,1,0,0,1,1,1,1,0,1,1,1,0,1,1,0,1,0,1,0,0,0,0,1,0,1,1,0,0.3055555555555556,10.323493308565682,1
54,0,0,1,1,0,0,1,0,0,1,0,0,1,0,1,0,0,1,1,1,0,1,1,0,1,0,0,0,0,0,0,1,0,1,1,0,0.3888888888888889,5.416852484965221,1
55,0,1,1,1,0,0,1,0,0,0,1,1,1,0,1,1,0,1,1,1,0,1,1,0,1,0,0,0,0,0,0,1,1,0,1,0,0.2222222222222222,11.865190841432597,1
56,0,0,0,1,0,0,1,0,0,1,0,1,1,0,1,0,0,1,1,1,0,1,1,0,1,0,1,0,0,0,1,1,0,1,1,0,0.3888888888888889,11.396085193882111,1
57,0,0,0,1,0,0,0,0,0,1,1,0,1,1,1,1,0,1,1,1,0,1,1,0,1,0,1,0,0,0,0,1,1,1,1,0,0.2222222222222222,13.122661094189999,1
58,0,0,0,1,1,0,1,0,0,1,0,0,0,0,1,0,0,1,1,1,0,1,1,0,1,0,0,0,0,0,0,1,1,1,1,0,0.3611111111111111,12.956839958354978,1
59,0,0,0,1,0,0,1,0,0,1,1,0,1,0,1,1,0,1,1,1,0,1,1,0,1,0,1,0,0,0,0,1,1,1,1,0,0.3333333333333333,11.659809042075642,1
60,0,0,0,1,0,0,1,0,0,1,1,0,1,0,1,0,0,1,1,1,0,1,1,0,1,0,0,0,0,0,0,1,1,1,1,0,0.2777777777777778,10.16063208120576,1
61,0,1,0,1,0,0,0,0,0,1,0,0,1,1,1,0,0,1,1,1,0,1,1,0,1,0,0,0,0,0,0,1,0,1,1,0,0.3888888888888889,11.303979920408171,1
62,0,0,0,1,0,0,1,0,0,1,1,0,1,0,1,1,1,1,1,1,0,1,1,0,1,0,0,0,0,0,0,1,1,0,1,0,0.3055555555555556,8.28264094282023,1
63,0,0,0,1,0,0,1,0,0,1,1,0,1,0,1,1,0,1,1,1,0,1,1,0,1,0,1,0,0,0,0,1,1,1,1,0,0.3333333333333333,11.659809042075642,1
64,0,0,0,1,0,0,1,0,0,1,0,0,0,0,1,0,0,1,1,1,0,0,1,0,1,0,0,0,0,0,1,1,0,1,1,0,0.25,7.951001084089302,1
65,0,0,0,1,0,0,0,0,0,0,0,1,1,0,1,1,0,1,1,1,0,1,1,0,1,0,0,0,0,0,0,1,0,0,1,0,0.2777777777777778,5.498047675187031,1
66,0,1,1,1,1,0,1,0,0,1,0,0,1,0,1,0,0,1,1,1,0,1,1,0,1,0,0,0,0,0,1,1,1,1,1,0,0.3055555555555556,10.355374236360664,1
67,0,1,1,1,0,0,0,0,0,1,0,0,0,1,1,0,0,1,1,1,0,1,1,0,1,0,0,0,0,0,0,1,0,1,1,0,0.3055555555555556,8.817887264794923,1
68,0,0,1,1,0,0,0,0,1,1,1,0,1,0,1,1,0,1,1,1,0,1,1,0,1,0,0,0,0,0,0,1,1,1,1,0,0.3333333333333333,9.000084997982256,1
69,0,0,0,1,0,0,0,0,0,0,0,0,1,0,1,1,0,1,1,1,0,1,1,0,1,0,1,0,0,0,0,1,0,0,1,0,0.2222222222222222,7.7426366218077955,1
70,0,0,0,1,0,0,1,0,1,1,1,1,1,0,1,0,0,1,1,1,0,1,1,0,1,0,1,0,0,0,0,1,0,0,1,1,0.2777777777777778,10.885554147235919,1
71,0,0,0,1,0,0,1,0,0,0,0,1,1,1,1,0,0,1,1,1,0,1,1,0,1,0,1,0,0,0,0,1,1,0,0,1,0.2222222222222222,8.764394732386705,1
72,0,0,0,1,0,0,0,0,0,1,1,0,1,0,1,0,0,1,1,1,0,1,1,0,1,0,1,0,0,0,0,0,1,0,1,0,0.25,4.120543119706087,1
73,0,0,0,1,0,0,1,0,1,1,0,0,1,0,1,1,0,1,1,1,0,1,1,0,1,0,0,0,0,0,1,1,1,0,1,0,0.2777777777777778,8.132700497156588,1
74,0,0,0,1,0,0,1,0,0,1,0,0,0,0,1,0,0,1,1,1,0,1,1,0,1,0,1,0,0,0,0,1,0,0,1,0,0.3888888888888889,7.311921584104942,1
75,0,0,0,1,0,0,1,0,0,1,0,0,1,0,1,0,0,1,1,0,0,1,1,0,0,0,0,0,0,0,0,1,1,1,1,0,0.2777777777777778,5.095198152365602,1
76,0,0,0,1,0,0,1,0,0,1,0,0,1,0,1,0,0,1,1,1,0,1,1,0,1,0,0,0,0,0,0,1,1,0,1,0,0.3888888888888889,5.410229996807247,1
77,0,0,1,1,0,0,1,0,0,0,0,0,0,1,1,1,0,1,1,1,0,0,1,0,1,0,0,0,0,0,0,1,0,1,1,0,0.1388888888888889,4.460268128927863,1
78,0,1,0,1,0,0,1,0,0,1,0,0,1,0,1,1,0,1,1,1,0,1,1,0,1,0,0,0,0,0,0,1,1,0,1,0,0.3888888888888889,10.39191116373623,1
79,0,1,0,1,0,0,0,0,0,1,1,0,1,0,1,0,0,1,1,1,0,1,1,0,1,0,1,0,0,0,1,1,1,1,1,0,0.3333333333333333,16.793116473425776,1
80,0,0,0,1,0,0,1,0,0,1,0,0,0,1,1,1,0,1,1,1,0,1,1,0,1,0,0,0,0,0,1,1,0,1,1,0,0.19444444444444445,10.470352593092171,1
81,0,0,0,1,0,0,1,0,0,0,0,0,1,1,1,0,0,0,1,1,0,1,1,0,1,0,1,0,0,0,0,0,0,1,0,0,0.25,4.904334732941624,1
82,1,0,0,1,0,0,1,0,0,0,1,1,1,0,1,0,0,1,1,1,0,1,1,0,1,0,0,0,0,0,0,1,0,0,1,1,0.16666666666666666,6.880640239057486,1
83,0,0,0,1,0,0,1,0,1,1,0,0,1,1,1,0,0,1,1,1,0,1,1,0,1,0,1,0,0,0,0,1,1,0,1,0,0.3333333333333333,7.702317848418754,1
84,0,0,0,1,0,0,1,0,0,1,1,0,1,0,1,1,0,1,1,1,0,1,1,0,1,0,1,0,0,0,0,0,1,0,1,0,0.3055555555555556,6.617592188645115,1
85,0,0,0,1,0,0,0,0,0,0,0,1,1,1,1,1,0,1,1,1,0,1,1,0,1,0,0,0,0,0,0,1,0,1,1,0,0.3333333333333333,10.247655685097111,1
86,0,0,1,1,0,0,1,0,0,1,0,0,1,0,1,0,0,1,1,1,0,1,1,0,1,0,0,0,0,0,0,1,1,0,1,0,0.3888888888888889,3.157537070608453,1
87,0,0,1,1,0,0,0,0,0,0,0,1,1,1,1,0,0,1,1,1,0,1,1,0,1,0,0,0,0,0,0,1,1,1,1,0,0.3333333333333333,8.394513551057887,1
88,0,0,1,1,0,0,1,0,0,1,0,0,1,0,1,1,1,1,1,1,0,1,1,0,1,0,0,0,0,0,1,1,0,0,1,0,0.3611111111111111,7.415779943132211,1
89,0,1,0,1,0,0,1,0,0,1,0,0,0,1,1,1,0,1,1,1,0,1,1,0,1,0,0,0,0,0,0,1,0,1,1,0,0.2777777777777778,13.465894198081537,1
90,0,0,0,1,0,0,1,0,0,1,0,0,1,0,1,1,0,1,1,1,0,1,1,0,1,0,0,0,0,0,0,1,0,0,1,0,0.2777777777777778,6.175340894433415,1
91,0,0,0,1,0,0,1,0,0,0,0,0,1,1,1,1,1,1,1,1,0,1,1,0,1,0,0,0,0,0,1,0,1,0,1,0,0.2222222222222222,6.2161325950927395,1
92,1,0,0,1,0,0,1,0,0,0,0,1,1,0,1,0,0,1,1,1,0,1,1,0,1,0,0,0,0,0,0,1,0,0,1,1,0.2777777777777778,7.227668471356935,1
93,0,0,0,1,0,0,0,0,1,0,1,1,1,0,0,1,1,1,1,1,0,1,1,0,1,0,0,0,0,0,0,1,0,0,1,0,0.16666666666666666,7.883227354227696,1
94,0,0,1,1,0,0,0,0,0,0,0,1,1,0,1,0,0,1,1,1,0,1,1,0,1,0,1,0,0,0,0,1,1,1,1,0,0.3611111111111111,11.446093968482995,1
95,0,0,0,1,0,0,0,0,0,1,1,0,1,1,1,1,1,1,0,1,0,1,1,0,1,0,0,0,0,0,0,1,1,1,1,0,0.2222222222222222,13.482800326782531,1
96,0,0,0,1,0,0,0,0,0,1,0,0,1,0,1,1,0,1,0,1,0,1,1,0,1,0,0,0,0,0,1,0,0,0,1,0,0.3055555555555556,5.114095289078973,1
97,0,0,1,1,0,0,1,0,1,1,1,0,0,0,1,0,0,1,1,1,0,1,0,0,1,0,0,0,0,0,0,0,0,0,1,0,0.19444444444444445,7.497005818175655,1
98,0,1,0,1,0,0,1,0,0,1,1,0,1,0,0,1,0,0,1,0,0,1,1,0,1,0,0,0,0,0,0,1,1,0,1,0,0.1388888888888889,4.62695641322722,1
99,1,0,0,1,0,0,0,0,0,0,1,1,0,0,1,1,0,1,1,1,0,0,1,0,0,0,1,0,0,0,0,1,1,1,1,0,0.3055555555555556,7.4575947931985676,1
