,0,1,2,3,4,5,6,7,8,9,10,11,12,13,14,15,16,17,18,19,20,21,22,23,24,25,26,27,28,29,30,31,32,33,34,35,chain_break_fraction,energy,num_occurrences
0,1,1,1,1,1,1,0,1,1,1,0,1,1,0,0,0,0,0,1,0,1,1,1,0,0,1,1,0,0,0,0,1,1,0,1,1,0.3055555555555556,12.997287594124005,1
1,0,0,0,0,0,1,1,0,0,0,1,0,0,1,1,1,1,1,0,1,0,0,0,1,1,1,0,1,0,1,1,0,0,1,0,0,0.2222222222222222,16.79502330736654,1
2,0,0,0,0,0,1,1,0,0,0,1,0,0,1,1,1,1,1,0,1,0,0,0,1,1,1,0,1,1,1,1,0,0,1,0,0,0.25,19.131664536529346,1
3,0,0,0,0,0,1,1,0,0,0,1,0,0,1,1,1,1,1,0,1,0,0,1,1,1,1,0,1,0,1,1,0,0,1,0,0,0.3055555555555556,19.481375842984587,1
4,0,0,0,0,0,1,1,0,0,0,1,0,0,1,1,1,1,1,0,1,0,0,1,1,1,1,0,1,0,1,1,0,0,1,0,0,0.2777777777777778,19.481375842984587,1
5,1,1,1,1,1,0,0,1,1,1,0,1,1,0,0,0,0,0,1,0,1,1,1,0,0,1,1,0,0,0,0,1,1,0,1,1,0.3055555555555556,11.22166837806454,1
6,0,0,0,0,0,1,1,0,0,0,1,0,0,1,1,1,1,1,0,1,0,0,1,1,1,1,0,1,0,1,1,0,0,1,0,0,0.3055555555555556,19.481375842984587,1
7,1,1,1,1,1,1,0,1,0,1,0,1,1,0,0,0,0,0,1,0,1,1,0,0,0,1,1,0,0,0,0,1,1,0,1,1,0.2222222222222222,12.110437824402762,1
8,1,1,1,1,1,1,0,1,1,1,0,1,1,0,0,0,0,0,1,0,1,1,1,0,0,1,1,0,0,0,0,1,1,0,1,1,0.2777777777777778,12.997287594124005,1
9,0,0,0,0,0,1,1,0,0,0,1,0,0,1,1,1,1,1,0,1,0,0,1,1,1,1,0,1,0,1,1,0,0,1,0,0,0.3055555555555556,19.481375842984587,1
10,1,1,1,1,1,0,0,1,1,1,0,1,1,0,0,0,0,0,1,0,1,1,0,0,0,1,1,0,0,0,0,1,1,0,1,1,0.25,11.662616939829503,1
11,0,0,0,0,0,1,1,0,0,0,1,0,0,1,1,1,1,1,0,1,0,0,1,1,1,1,0,1,0,1,1,0,0,1,0,0,0.2777777777777778,19.481375842984587,1
12,1,1,1,1,1,1,0,1,1,1,0,1,1,0,0,0,1,0,1,0,1,1,0,0,0,1,1,0,0,0,0,1,1,0,1,1,0.2222222222222222,17.086905555917298,1
13,1,1,1,1,1,1,0,1,1,1,0,1,1,0,0,0,0,0,1,0,1,1,1,0,0,1,1,0,0,0,0,1,1,0,1,1,0.25,12.997287594124005,1
14,0,0,0,0,0,1,1,0,0,0,1,0,0,1,1,1,1,1,0,1,0,0,0,1,1,1,0,1,0,1,1,0,0,1,0,0,0.3333333333333333,16.79502330736654,1
15,1,1,1,1,1,0,0,1,1,1,0,1,1,0,0,0,0,0,1,0,1,1,0,0,0,1,1,0,0,0,0,1,1,0,1,1,0.2777777777777778,11.662616939829503,1
16,0,0,0,0,0,1,1,0,0,0,1,0,0,1,1,1,0,1,0,1,0,0,0,1,1,1,0,1,0,1,1,0,0,1,0,0,0.25,17.71673152551369,1
17,0,0,0,0,0,1,1,0,0,0,1,0,0,1,1,1,1,1,0,1,0,0,0,1,1,1,0,1,0,1,1,0,0,1,0,0,0.2777777777777778,16.79502330736654,1
18,0,0,0,0,0,1,1,0,0,0,1,0,0,1,1,1,0,1,0,1,0,0,0,1,1,1,0,1,0,1,1,0,0,1,0,0,0.2777777777777778,17.71673152551369,1
19,0,0,0,0,0,1,1,0,0,0,1,0,0,1,1,1,1,1,0,1,0,0,1,1,1,1,0,1,0,1,1,0,0,1,0,0,0.3333333333333333,19.481375842984587,1
20,1,1,1,1,1,1,0,1,1,1,0,1,1,0,0,0,1,0,1,0,1,1,1,0,0,1,1,0,1,0,0,1,1,0,1,1,0.25,14.608966911943524,1
21,1,1,1,1,1,1,0,1,1,1,0,1,1,0,0,0,1,0,1,0,1,1,1,0,0,1,1,0,1,0,0,1,1,0,1,1,0.3055555555555556,14.608966911943524,1
22,1,1,0,1,1,1,0,1,0,1,0,1,1,0,0,0,0,0,1,0,1,1,0,0,0,1,1,0,0,0,0,1,1,0,1,1,0.25,10.821225791178176,1
23,0,0,0,0,0,1,1,0,0,0,1,0,0,1,1,1,1,1,0,1,0,0,0,1,1,1,0,1,1,1,1,0,0,1,0,0,0.2222222222222222,19.131664536529346,1
24,1,1,1,1,1,1,0,1,1,1,0,1,1,0,0,0,0,0,1,0,1,1,0,0,0,1,1,0,1,0,0,1,1,0,1,1,0.2777777777777778,14.454682384259725,1
25,1,1,1,1,1,1,0,1,1,1,0,1,0,0,0,0,0,0,1,0,1,1,0,0,0,1,1,0,0,0,0,1,1,0,1,1,0.3055555555555556,12.752339379773334,1
26,0,0,0,0,0,1,1,0,0,0,1,0,0,1,1,1,1,1,0,1,0,0,1,1,1,1,0,1,0,1,0,0,0,1,0,0,0.25,17.653414978673812,1
27,0,0,0,0,0,1,1,0,0,0,1,0,0,1,1,1,1,1,0,1,0,0,1,1,1,1,0,1,0,1,0,0,0,1,0,0,0.25,17.653414978673812,1
28,0,0,0,0,0,1,1,0,0,0,1,0,0,1,1,1,1,1,0,1,0,0,0,1,1,1,0,1,0,1,0,0,0,1,0,0,0.25,15.472018910261365,1
29,0,0,0,0,0,1,1,0,0,0,1,0,0,1,1,1,1,1,0,1,0,0,0,1,1,1,0,1,0,1,1,0,0,1,0,0,0.3055555555555556,16.79502330736654,1
30,0,0,0,0,0,1,1,0,0,0,1,0,0,1,1,1,0,1,0,1,0,0,0,1,1,1,0,1,0,1,0,0,0,1,0,0,0.25,15.80775113312202,1
31,0,0,1,0,0,1,1,0,0,0,1,0,0,1,1,1,1,1,0,1,0,0,0,1,1,1,0,1,0,1,1,0,0,1,0,0,0.3055555555555556,14.96094344938478,1
32,0,0,0,0,0,1,1,0,0,0,1,0,0,1,1,1,1,1,0,1,0,0,0,1,1,1,0,1,0,1,1,0,0,1,0,0,0.25,16.79502330736654,1
33,0,0,0,0,0,1,1,0,0,0,1,0,0,1,1,1,1,1,0,1,0,0,1,1,1,1,0,1,0,1,1,0,0,1,0,0,0.3333333333333333,19.481375842984587,1
34,0,0,0,0,0,1,1,0,0,0,1,0,0,1,1,1,1,1,0,1,0,0,1,1,1,1,0,1,1,1,1,0,0,1,0,0,0.3055555555555556,22.331713037952053,1
35,0,0,0,0,0,1,1,0,0,0,1,0,0,1,1,1,1,1,0,1,0,0,1,1,1,1,0,1,0,1,1,0,0,1,0,0,0.3055555555555556,19.481375842984587,1
36,0,0,1,0,0,1,1,0,0,0,1,0,0,1,1,1,1,1,0,1,0,0,0,1,1,1,0,1,0,1,1,0,0,1,0,0,0.2777777777777778,14.96094344938478,1
37,1,1,1,1,1,0,0,1,1,1,0,1,0,0,0,0,0,0,1,0,1,1,0,0,0,1,1,0,1,0,0,1,1,0,0,1,0.25,10.860683401299603,1
38,1,1,1,1,1,1,0,1,1,1,0,1,1,0,0,0,1,0,1,0,1,1,1,0,0,1,1,0,0,0,0,1,1,0,1,1,0.25,14.885097202153736,1
39,0,0,1,0,0,1,1,0,0,0,1,0,0,1,1,1,1,1,0,1,0,0,1,1,1,1,0,1,0,1,1,0,0,1,0,0,0.3333333333333333,17.130321170634808,1
40,0,0,0,0,0,1,1,0,0,0,1,0,0,1,1,1,1,1,0,1,0,0,0,1,1,1,0,1,0,1,1,0,0,1,0,0,0.3055555555555556,16.79502330736654,1
41,0,0,0,0,0,1,1,0,0,0,1,0,0,1,1,1,1,1,0,1,0,0,0,1,1,1,0,1,0,1,1,1,0,1,0,0,0.3611111111111111,23.441032101576898,1
42,1,1,0,1,1,1,0,1,1,1,0,1,1,0,0,0,0,0,1,0,1,1,1,0,0,1,1,0,1,0,0,1,1,0,0,1,0.3055555555555556,11.69342076855976,1
43,0,0,0,0,0,1,1,0,0,0,1,0,0,1,1,1,1,1,0,1,0,0,1,1,1,1,0,1,0,1,1,0,0,1,0,0,0.3611111111111111,19.481375842984587,1
44,1,1,1,1,1,1,0,0,1,1,0,1,1,0,1,0,0,0,1,0,1,1,0,0,0,1,1,0,0,0,0,1,1,0,1,1,0.2777777777777778,11.69414942466946,1
45,1,1,1,1,1,1,0,1,1,1,0,1,0,0,0,0,0,0,1,0,1,1,1,0,0,1,1,0,1,0,0,1,1,0,1,1,0.3333333333333333,12.49428600446225,1
46,0,0,0,0,0,1,1,0,0,0,1,0,0,1,1,1,1,1,0,1,0,0,1,1,1,1,0,1,1,1,1,0,0,1,0,0,0.25,22.331713037952053,1
47,0,0,0,0,0,1,1,0,0,0,1,0,0,1,1,1,0,1,0,1,0,0,1,1,1,1,0,1,0,1,1,0,0,1,0,0,0.3333333333333333,20.99003732513125,1
48,0,0,0,0,0,1,1,0,0,0,1,0,0,1,1,1,1,1,0,1,0,0,1,1,1,1,0,1,0,1,1,0,0,1,0,0,0.25,19.481375842984587,1
49,0,0,0,0,0,1,1,0,0,0,1,0,0,1,1,1,1,1,0,1,0,0,0,1,0,1,0,1,0,1,1,0,0,1,0,0,0.2777777777777778,14.306029522603616,1
50,0,0,0,0,0,1,1,0,0,0,1,0,0,1,1,1,1,0,0,1,0,0,0,1,1,1,0,1,0,1,0,0,0,1,0,0,0.2777777777777778,16.143483355982664,1
51,0,0,0,0,0,1,1,0,0,0,1,0,0,1,1,1,1,1,0,1,0,0,1,1,1,1,0,1,0,1,1,0,0,1,0,0,0.3333333333333333,19.481375842984587,1
52,1,1,1,1,1,1,0,1,1,1,0,1,1,0,0,0,0,0,1,0,1,1,1,0,0,1,1,0,0,0,0,1,1,0,1,1,0.2777777777777778,12.997287594124005,1
53,0,0,0,0,0,1,1,0,0,0,1,0,0,1,1,1,0,1,0,1,0,0,0,1,1,1,0,1,1,1,1,0,0,1,0,0,0.2777777777777778,20.685738711063056,1
54,1,1,1,1,1,1,0,1,1,1,0,1,0,0,0,0,0,0,1,0,1,1,0,0,0,1,1,0,0,0,0,1,1,0,1,1,0.3333333333333333,12.752339379773334,1
55,0,0,0,0,0,1,1,0,0,0,1,0,0,1,1,1,1,1,0,1,0,0,0,1,1,1,0,1,0,1,1,0,0,1,1,0,0.2777777777777778,19.346048707108118,1
56,1,1,1,1,1,1,0,1,1,1,0,1,0,0,0,0,0,0,1,0,1,1,0,0,0,1,1,0,0,0,0,1,1,0,1,1,0.3055555555555556,12.752339379773334,1
57,0,0,0,0,0,1,1,0,0,0,1,0,0,1,1,1,1,1,0,1,0,0,1,1,1,1,0,1,1,1,1,0,0,1,0,0,0.3611111111111111,22.331713037952053,1
58,0,0,1,0,0,1,1,0,0,0,1,0,1,1,1,1,1,1,0,1,0,0,0,1,1,1,0,1,1,1,1,0,0,1,0,0,0.3055555555555556,16.5498892876713,1
59,0,0,0,0,0,1,1,0,0,0,1,0,0,1,1,1,1,0,0,1,0,0,1,1,1,1,0,1,0,1,1,0,0,1,0,0,0.3333333333333333,22.49869880727793,1
60,1,1,1,1,1,1,0,1,1,1,0,1,0,0,0,0,0,0,1,0,1,1,1,0,0,1,1,0,1,0,0,1,1,0,0,1,0.2777777777777778,11.657446151596828,1
61,0,0,0,0,0,1,1,0,0,0,1,0,0,1,1,1,1,0,0,1,0,0,0,1,1,1,0,1,0,1,1,0,0,1,0,0,0.2222222222222222,18.638439743660825,1
62,1,1,1,1,1,1,0,1,1,1,0,1,0,0,0,0,0,0,1,0,1,1,1,0,0,1,1,0,0,0,0,1,1,0,1,1,0.25,11.637786470298545,1
63,0,0,0,0,0,1,1,0,0,0,1,0,0,1,1,1,1,0,0,1,0,0,1,1,1,1,0,1,0,1,0,0,0,1,0,0,0.3055555555555556,19.498785952394172,1
64,1,1,1,1,1,1,0,1,1,1,0,1,1,0,0,0,0,0,1,0,1,1,0,0,0,1,1,0,0,0,0,1,1,0,1,1,0.2777777777777778,14.61214268388803,1
65,0,0,1,0,0,1,1,0,0,0,1,0,0,1,1,1,1,1,0,1,0,0,0,1,1,1,0,1,0,1,0,0,0,1,0,0,0.3333333333333333,14.143148316553068,1
66,0,0,0,0,0,1,1,0,0,0,1,0,0,1,1,1,1,1,0,1,0,0,0,1,1,1,0,1,0,1,0,0,0,1,0,0,0.2777777777777778,15.472018910261365,1
67,1,1,1,1,1,1,0,1,1,1,0,1,1,0,1,0,0,0,1,0,1,1,0,0,0,1,1,0,1,0,0,1,1,0,1,1,0.3611111111111111,16.35502487436611,1
68,1,1,0,1,1,1,0,1,1,1,0,1,0,0,0,0,1,0,1,0,1,1,0,0,0,1,1,0,0,0,0,1,1,0,0,1,0.3055555555555556,13.810811550023152,1
69,1,1,1,1,1,0,0,1,1,1,0,1,0,0,0,0,1,1,1,0,1,1,1,0,0,1,1,0,0,0,0,1,1,0,1,1,0.25,13.025589835253081,1
70,1,1,1,1,1,0,0,1,1,1,0,1,0,0,0,0,1,1,1,0,1,1,0,0,0,1,1,0,1,0,0,1,1,0,1,1,0.2777777777777778,14.43753362069988,1
71,1,0,0,0,0,1,1,0,0,0,1,0,0,1,1,1,1,0,0,1,0,0,1,1,1,1,0,1,0,1,1,0,0,1,0,0,0.2222222222222222,19.772376470798907,1
72,1,1,1,1,1,1,0,1,1,1,0,1,0,0,0,0,1,0,1,0,1,1,1,0,0,1,1,0,1,0,0,1,1,0,1,1,0.3333333333333333,13.24972341303021,1
73,0,0,0,0,0,1,1,0,0,0,1,0,1,1,1,1,1,1,0,1,0,0,0,1,1,1,0,1,0,1,1,0,0,1,0,0,0.3333333333333333,16.345738214202818,1
74,0,0,0,0,0,1,1,0,0,0,1,0,0,1,1,0,1,1,0,1,0,0,0,1,1,1,0,1,0,1,0,0,0,1,0,0,0.19444444444444445,15.281687878138424,1
75,0,0,0,0,0,1,1,0,0,0,1,0,0,1,1,1,1,1,0,1,0,0,1,1,1,1,0,1,0,1,1,0,0,1,0,0,0.3333333333333333,19.481375842984587,1
76,1,1,1,1,1,0,0,1,1,0,0,1,0,0,0,0,0,1,1,0,1,1,0,0,0,1,1,0,1,0,0,1,1,0,1,1,0.3055555555555556,10.091733362866448,1
77,1,1,1,1,1,1,0,1,1,1,0,1,0,0,0,0,0,0,1,0,1,1,1,0,0,1,1,0,1,0,0,1,1,0,1,1,0.3055555555555556,12.49428600446225,1
78,1,1,1,1,1,0,0,1,1,1,0,1,0,0,0,0,0,0,1,0,1,1,1,0,0,1,1,0,0,0,0,1,1,0,0,1,0.3333333333333333,9.468749480761629,1
79,1,1,1,1,1,0,0,1,1,1,0,1,1,0,1,0,0,1,1,0,1,1,0,0,0,1,1,0,0,0,0,1,1,0,1,1,0.2777777777777778,17.01249842206566,1
80,1,1,0,1,1,1,0,1,1,1,0,1,0,0,0,0,0,0,1,0,1,1,1,0,0,1,1,0,1,0,0,1,1,0,1,1,0.3611111111111111,12.445149268785663,1
81,1,1,1,1,1,0,0,1,1,1,0,1,1,0,0,0,0,1,1,0,1,1,1,0,0,1,1,0,1,0,0,1,1,0,1,1,0.3333333333333333,13.353523260300369,1
82,0,0,0,0,0,1,1,0,0,0,1,0,0,1,1,1,0,1,0,1,0,0,1,1,1,1,0,1,1,1,1,0,0,1,0,0,0.25,24.47274047648529,1
83,0,0,0,0,0,1,1,0,0,0,1,0,0,1,1,1,1,1,0,1,0,0,1,1,1,1,0,1,0,1,1,0,0,1,0,0,0.3888888888888889,19.481375842984587,1
84,1,1,1,1,1,0,0,1,1,1,0,1,1,0,0,0,0,1,1,0,1,1,1,0,0,1,1,0,1,0,0,1,1,0,1,1,0.3055555555555556,13.353523260300369,1
85,1,1,1,1,1,1,0,1,0,1,0,1,1,0,0,0,0,0,1,0,1,1,1,0,0,1,1,0,0,0,0,1,1,0,0,1,0.3055555555555556,10.937104289266948,1
86,0,0,0,0,0,1,1,0,0,0,1,0,0,1,1,1,1,1,0,1,0,0,1,1,1,1,0,1,0,1,1,0,0,1,0,0,0.2777777777777778,19.481375842984587,1
87,1,1,1,1,1,1,0,1,0,1,0,1,0,0,0,0,1,0,1,0,1,1,0,0,1,1,1,0,0,0,0,1,1,0,1,1,0.2777777777777778,11.914094141829752,1
88,1,1,0,1,1,1,0,1,1,0,0,1,1,0,0,0,1,0,1,0,1,1,0,0,0,1,1,0,1,0,0,1,1,0,0,1,0.3055555555555556,9.901603983302229,1
89,0,0,0,0,0,0,1,0,0,0,1,0,0,1,1,1,0,1,0,1,0,0,1,1,1,1,0,1,0,1,0,0,0,1,0,0,0.25,22.42147143925436,1
90,0,0,0,0,0,1,1,0,0,0,1,0,0,1,0,1,1,1,0,1,0,0,0,1,1,1,0,0,1,1,1,0,0,1,0,0,0.2222222222222222,12.965675658771419,1
91,0,0,0,0,0,1,1,0,0,0,1,0,0,1,1,1,0,1,0,1,0,0,0,1,1,1,0,1,1,1,1,0,0,1,0,0,0.3055555555555556,20.685738711063056,1
92,0,0,0,0,0,1,1,0,0,0,1,0,0,1,1,0,1,1,0,1,0,0,1,1,1,1,0,1,0,1,0,0,0,1,0,0,0.3055555555555556,18.530675915908063,1
93,0,0,0,0,0,1,1,0,1,0,1,0,0,1,1,1,1,1,0,1,0,0,0,1,1,1,0,1,0,1,1,0,0,1,0,0,0.3333333333333333,15.795022704881672,1
94,0,0,0,0,0,1,1,0,0,0,1,0,0,1,1,1,1,0,0,1,0,0,0,1,1,1,0,1,1,1,0,0,0,1,0,0,0.2222222222222222,18.77592079072857,1
95,1,1,1,1,1,0,0,1,1,1,0,1,1,0,0,0,0,1,1,0,1,1,0,0,0,1,1,0,0,0,0,1,1,0,1,1,0.2777777777777778,14.61214268388805,1
96,0,0,1,0,0,1,1,0,0,0,1,0,0,1,1,1,1,1,0,1,0,0,1,1,1,1,0,1,1,1,1,0,0,1,0,0,0.4444444444444444,19.470034909149344,1
97,0,0,0,0,0,1,1,0,0,0,1,0,0,1,1,0,1,1,0,1,0,0,0,1,1,1,0,1,1,1,1,0,0,1,0,0,0.3611111111111111,20.941365043416166,1
98,0,0,0,0,0,1,1,0,0,0,1,0,1,1,0,1,1,0,0,1,0,0,1,1,1,0,0,1,0,1,0,0,0,1,0,0,0.25,12.248903742616982,1
99,1,1,1,1,0,1,0,1,1,1,0,1,0,0,0,0,0,0,1,0,1,1,1,0,0,1,1,0,1,0,0,1,1,0,0,1,0.3055555555555556,11.235641262224997,1
