,0,1,2,3,4,5,6,7,8,9,10,11,12,13,14,15,16,17,18,19,20,21,22,23,24,25,26,27,28,29,30,31,32,33,34,35,chain_break_fraction,energy,num_occurrences
0,1,0,1,1,0,0,1,0,0,1,0,0,1,0,1,0,0,1,1,1,1,0,1,0,1,1,0,0,0,1,1,0,0,0,0,1,0.19444444444444445,8.381598756405397,1
1,1,0,1,1,0,1,1,0,0,0,0,0,1,1,1,0,0,1,1,1,1,1,1,0,1,0,0,1,0,1,0,0,0,0,1,1,0.2777777777777778,7.074395836148811,1
2,1,0,1,1,0,0,1,0,0,1,0,0,1,1,1,0,0,1,1,1,1,0,1,0,1,1,0,1,0,1,1,0,0,0,1,1,0.3611111111111111,10.931237575303838,1
3,1,0,1,1,0,0,1,0,0,1,0,0,1,1,1,0,0,1,1,0,1,0,1,0,1,1,0,1,0,1,0,0,0,0,1,1,0.2777777777777778,5.902421782114375,1
4,1,0,1,1,0,0,1,0,0,0,0,0,1,0,1,0,0,1,1,1,1,0,1,0,1,1,0,1,0,1,1,0,0,0,1,1,0.2777777777777778,21.621731280379617,1
5,1,0,1,1,0,0,1,0,0,0,0,0,1,0,1,0,0,1,1,1,1,0,1,0,1,1,0,0,0,1,1,0,0,0,1,1,0.25,14.921614056144602,1
6,1,0,1,1,1,0,1,0,0,1,0,0,1,0,1,0,0,1,1,1,1,1,1,0,1,1,0,0,0,1,1,1,0,0,1,1,0.3055555555555556,23.03362363001139,1
7,1,0,1,1,0,0,1,0,0,1,0,0,1,0,1,0,0,1,1,0,1,1,1,0,1,1,0,0,0,1,0,0,0,0,1,1,0.3055555555555556,9.98879582951838,1
8,1,0,1,1,1,0,1,0,0,1,0,0,1,0,1,0,0,1,1,1,1,1,1,0,1,1,0,1,0,1,0,1,0,0,0,1,0.2777777777777778,21.535864994000253,1
9,1,0,1,1,0,0,1,0,0,1,0,0,1,0,1,0,0,1,1,0,1,0,1,0,1,1,0,0,0,1,1,0,0,0,0,1,0.25,4.580634232440358,1
10,1,0,1,1,1,0,1,0,0,0,0,0,1,0,1,0,0,1,1,1,1,0,1,0,1,1,0,0,0,1,1,0,0,0,0,1,0.25,8.135735800707907,1
11,1,0,1,1,0,0,1,0,0,1,0,0,1,1,1,0,0,1,1,1,1,1,0,0,1,1,0,1,0,1,0,0,0,0,1,1,0.2777777777777778,12.109938542137982,1
12,1,0,1,1,0,1,1,0,0,0,0,0,1,0,1,0,0,1,1,1,1,0,1,0,1,0,0,1,0,1,0,0,0,0,1,1,0.25,5.177146934877832,1
13,1,0,1,1,0,0,1,0,0,0,0,0,1,0,1,0,0,1,1,1,1,0,0,0,1,0,0,1,0,1,1,0,0,0,1,1,0.2777777777777778,6.527259636079287,1
14,1,0,0,1,1,0,1,0,0,1,0,0,1,0,1,0,0,1,1,0,1,0,1,0,1,1,0,1,0,1,0,1,0,0,0,1,0.2222222222222222,9.765035176143272,1
15,1,0,1,1,0,0,1,0,0,0,0,0,1,1,1,0,0,1,1,0,1,0,1,0,1,1,0,1,0,1,0,0,0,0,1,1,0.25,5.871016357689818,1
16,1,0,1,1,1,0,1,0,0,0,0,0,1,0,1,0,0,1,1,0,1,0,1,0,1,1,0,0,0,1,1,0,0,0,1,1,0.25,6.05243458702113,1
17,1,0,1,1,0,1,1,0,0,0,0,0,1,0,1,0,0,1,1,1,1,0,1,0,1,0,0,0,0,1,0,1,0,0,1,1,0.19444444444444445,5.86634692782813,1
18,1,0,1,1,1,0,1,0,0,0,0,0,1,0,1,0,0,1,1,0,1,0,0,0,1,1,0,1,0,1,1,0,0,0,1,1,0.2777777777777778,6.2329183074540015,1
19,1,0,1,1,1,0,1,0,0,0,0,0,1,0,1,0,0,1,1,1,1,1,0,0,1,1,0,0,0,1,0,1,0,0,0,1,0.2777777777777778,14.609463169102144,1
20,1,0,1,1,0,1,1,0,0,0,0,0,1,0,1,0,0,1,1,0,1,0,1,0,1,1,0,1,0,1,1,1,0,0,0,1,0.3055555555555556,11.591677535788405,1
21,1,0,1,1,0,1,1,0,0,0,0,0,1,1,1,0,0,1,1,0,1,0,0,0,1,0,1,1,0,1,1,0,0,0,1,1,0.2777777777777778,2.304715460675393,1
22,1,0,1,1,1,0,1,0,0,0,0,0,1,0,1,0,0,1,1,1,1,0,1,0,1,1,0,1,0,1,0,0,0,0,0,1,0.19444444444444445,10.328759805666728,1
23,1,0,1,1,1,0,1,0,0,0,0,0,1,0,1,0,0,1,1,0,1,0,1,0,1,1,1,0,0,1,1,0,0,0,0,1,0.3055555555555556,3.593832294410868,1
24,1,0,1,1,0,0,1,0,0,1,0,0,1,0,1,0,0,1,1,1,1,0,1,0,1,1,0,0,0,1,1,0,0,0,0,1,0.19444444444444445,8.381598756405397,1
25,1,0,0,1,0,1,1,0,0,0,0,0,1,1,1,0,0,1,1,1,1,0,1,0,1,1,0,1,0,1,0,0,0,0,1,1,0.25,11.462514744905963,1
26,1,0,1,1,1,0,1,0,0,1,0,0,1,0,1,0,0,1,1,1,1,0,1,0,1,1,0,0,0,1,1,1,0,0,1,1,0.3333333333333333,14.82121827551734,1
27,1,0,1,1,0,0,1,0,0,1,0,0,1,0,1,0,0,1,1,1,1,0,0,0,1,1,0,0,0,1,1,0,0,0,0,1,0.2777777777777778,5.879121829605011,1
28,1,0,1,1,0,0,1,0,0,0,0,0,1,0,1,0,0,1,1,0,1,0,1,0,1,1,0,0,0,1,0,0,0,0,0,1,0.25,4.192164505402436,1
29,1,0,1,1,0,1,1,1,0,0,0,0,1,0,1,0,0,1,1,1,1,0,1,0,1,0,0,1,0,1,0,0,0,0,1,1,0.3055555555555556,6.8239645333792325,1
30,1,0,1,1,1,0,1,0,0,0,0,0,1,1,1,0,0,1,1,0,1,0,1,1,1,1,0,0,0,1,1,1,0,0,0,1,0.2777777777777778,9.854091932817841,1
31,1,0,1,1,0,0,1,0,0,0,0,0,1,0,1,0,0,1,1,0,1,1,1,0,1,0,0,0,0,1,1,0,0,0,0,1,0.2777777777777778,2.6371236913747014,1
32,1,0,1,1,1,0,1,0,0,0,0,0,1,0,1,0,0,1,1,1,1,1,1,0,1,1,0,0,0,1,1,0,0,0,0,1,0.3055555555555556,15.096891912016844,1
33,1,0,1,1,0,1,1,0,1,0,0,0,1,1,1,0,0,1,1,1,1,1,1,0,1,1,0,1,0,1,0,0,0,0,1,1,0.25,12.638021117318093,1
34,1,0,1,1,1,0,1,0,0,0,0,0,1,0,1,0,0,1,1,0,1,1,0,0,1,1,1,0,0,1,1,1,0,0,0,1,0.3333333333333333,12.339331051292383,1
35,1,0,1,1,0,0,1,0,0,0,0,0,1,0,1,0,0,1,1,0,1,0,1,0,1,1,0,0,0,1,0,0,0,0,1,1,0.2777777777777778,7.063116716446997,1
36,1,0,1,1,1,0,1,0,0,1,0,0,1,1,1,0,0,1,1,1,1,0,1,0,1,1,0,1,0,1,1,1,0,0,1,1,0.3611111111111111,15.106175710314373,1
37,1,0,1,1,1,0,1,0,0,0,0,0,1,0,1,0,0,1,1,0,1,0,1,0,1,1,0,1,1,1,0,0,0,0,0,1,0.19444444444444445,5.69262318402785,1
38,1,0,1,1,0,1,1,0,0,0,0,0,1,1,1,0,0,1,1,1,1,0,1,0,1,0,0,1,1,1,1,0,0,0,1,1,0.2777777777777778,4.9412281978962564,1
39,1,0,1,1,0,1,1,1,0,0,0,0,1,1,1,0,0,1,1,1,1,0,1,0,0,0,0,1,0,1,0,1,0,0,1,1,0.2777777777777778,7.181050239178324,1
40,1,0,1,1,1,0,1,0,0,0,0,0,1,0,1,0,0,1,1,0,1,0,1,1,1,1,1,0,0,1,0,1,0,0,0,1,0.3055555555555556,15.330566466373467,1
41,1,0,1,1,0,1,1,0,0,0,0,0,1,0,1,0,0,1,1,0,1,0,1,0,1,1,0,1,0,1,0,1,0,0,0,1,0.3055555555555556,8.620745079209055,1
42,1,0,1,1,0,0,1,0,0,0,0,0,1,0,1,0,0,1,1,1,1,0,0,0,1,0,0,0,0,1,1,0,0,0,1,1,0.2777777777777778,2.8312265204451403,1
43,1,0,1,1,1,0,1,0,0,0,0,0,1,0,1,0,0,1,1,1,1,0,1,0,1,1,0,0,0,1,1,0,0,0,0,1,0.2777777777777778,8.135735800707907,1
44,1,0,1,1,1,0,1,0,0,0,0,0,1,0,1,0,0,1,1,1,1,0,1,0,1,1,0,0,0,1,1,1,0,0,1,1,0.3333333333333333,18.825871130223298,1
45,1,0,1,1,1,0,1,0,0,0,0,0,1,0,1,0,0,1,1,0,1,0,1,0,1,1,1,0,0,1,1,0,0,0,0,1,0.2222222222222222,3.593832294410868,1
46,1,0,1,1,0,1,1,0,0,0,0,0,1,0,1,0,0,1,1,0,1,0,1,0,1,0,1,0,0,1,1,0,0,0,1,1,0.25,0.9956513339886761,1
47,0,0,1,1,1,0,1,0,0,1,0,0,1,0,1,0,0,1,1,0,1,0,1,0,1,1,0,0,0,1,1,1,0,0,0,1,0.3055555555555556,7.532578158606642,1
48,1,0,1,1,0,0,1,0,0,1,0,0,1,1,1,0,0,1,1,0,1,0,1,0,1,1,1,1,0,1,0,0,0,0,1,1,0.2777777777777778,6.384842199452564,1
49,1,0,1,1,0,0,1,1,0,0,0,0,1,1,1,0,0,1,1,1,1,0,1,0,1,0,0,1,0,1,1,1,0,0,1,1,0.2222222222222222,10.044171235438967,1
50,1,0,1,1,1,0,1,0,0,0,0,0,1,0,1,0,0,1,1,1,1,0,1,0,1,1,0,1,0,1,1,1,0,0,0,1,0.25,21.84953677301918,1
51,1,0,1,1,1,0,1,0,0,0,0,0,1,0,1,0,0,1,1,1,1,0,1,0,1,1,0,1,0,1,1,0,0,0,1,1,0.25,17.762577084337167,1
52,1,0,1,1,1,0,1,0,0,0,0,0,1,0,1,0,0,1,1,0,1,0,1,0,1,1,1,1,0,1,0,0,0,0,0,1,0.25,5.908012628392477,1
53,1,0,1,1,0,1,1,0,0,0,0,0,1,0,1,0,0,1,1,1,1,0,0,0,1,1,0,1,0,1,1,0,0,0,1,1,0.3611111111111111,11.560056393297604,1
54,1,0,1,1,1,0,1,0,0,0,0,0,1,1,1,0,0,1,1,1,1,0,1,0,1,1,0,1,0,1,0,1,0,0,1,1,0.3611111111111111,15.103193094813887,1
55,1,0,1,1,1,0,1,1,0,0,0,0,1,0,1,0,0,1,1,0,1,0,1,0,1,1,0,0,0,1,1,0,0,0,1,1,0.3333333333333333,7.234499133191936,1
56,1,0,1,1,0,0,1,0,0,0,0,0,1,0,1,0,0,1,1,1,1,1,1,0,1,1,0,1,0,1,1,1,0,0,0,1,0.3055555555555556,38.51533996894577,1
57,1,0,1,1,1,0,1,0,0,0,1,0,1,1,1,0,0,1,1,1,1,0,1,1,1,1,0,0,0,1,1,0,0,0,0,1,0.19444444444444445,9.886748524466714,1
58,1,0,0,1,0,0,1,0,0,0,0,0,1,1,1,0,0,1,1,0,1,0,1,1,1,1,0,0,0,1,0,0,0,0,0,1,0.2222222222222222,8.602291293107886,1
59,1,0,1,1,0,1,1,0,0,0,0,0,1,1,1,0,0,1,1,1,1,0,1,0,1,1,0,1,0,1,1,0,0,0,1,1,0.3888888888888889,10.25126809486992,1
60,1,0,1,1,1,0,1,0,0,0,0,0,1,0,1,0,0,1,1,0,1,0,1,0,1,1,1,1,0,1,0,1,0,0,1,1,0.3055555555555556,17.232868859330765,1
61,1,0,1,1,1,0,1,0,0,1,0,0,1,0,1,1,0,1,1,0,1,1,1,0,1,1,1,0,0,1,0,0,0,0,0,1,0.3055555555555556,4.817663591883135,1
62,1,0,1,1,0,1,1,0,0,0,0,0,1,1,1,0,0,1,1,0,1,1,0,0,1,1,1,1,0,1,1,0,0,0,1,1,0.2222222222222222,9.587683738395373,1
63,1,0,1,1,1,0,1,0,0,0,0,0,1,0,1,0,0,1,1,0,1,0,1,0,1,1,0,1,0,1,1,0,1,0,1,1,0.3055555555555556,13.72774549204315,1
64,0,1,1,0,1,1,0,1,1,1,1,1,0,1,0,1,1,0,0,0,0,1,0,1,0,0,1,1,1,0,0,1,1,1,0,1,0.2777777777777778,18.646746975558667,1
65,1,0,1,1,1,0,1,0,0,1,0,0,1,0,1,0,0,1,1,1,1,1,0,0,1,1,0,1,0,1,1,0,0,0,1,1,0.3888888888888889,16.895419617297144,1
66,0,0,1,1,1,0,1,0,0,0,0,0,1,0,1,0,0,1,1,0,1,1,1,0,0,1,1,0,0,1,1,0,0,0,0,1,0.2777777777777778,7.917125178731406,1
67,1,0,1,1,1,0,1,0,0,0,0,0,1,0,1,0,0,1,1,0,1,0,1,0,1,1,0,1,0,1,1,0,0,0,1,1,0.25,9.650337433728465,1
68,1,0,1,1,1,0,1,0,0,0,0,0,1,1,1,0,0,1,1,1,1,1,1,0,1,1,0,1,0,1,1,1,0,0,1,1,0.3611111111111111,29.51469348552883,1
69,1,0,1,1,1,0,1,0,0,0,0,0,1,0,1,0,0,1,1,0,1,1,1,0,1,1,1,0,0,1,0,0,0,0,0,1,0.25,6.967982395862647,1
70,1,0,1,1,0,1,1,0,0,0,0,0,1,1,1,0,0,1,0,1,1,0,1,0,1,0,0,0,0,1,1,0,0,0,1,1,0.2777777777777778,3.1660405201881634,1
71,1,0,1,1,0,0,1,0,0,0,0,0,1,1,1,0,0,1,1,0,1,1,0,0,1,1,1,1,0,1,1,0,0,0,1,1,0.3611111111111111,13.225790532401412,1
72,1,0,1,1,1,0,1,0,0,0,0,0,1,1,1,0,0,1,1,1,1,0,1,0,1,1,1,1,0,1,0,0,0,0,1,1,0.3611111111111111,11.124057919419307,1
73,1,0,1,1,1,0,1,0,0,1,0,0,1,0,1,0,0,1,1,1,1,0,1,0,0,1,1,1,0,1,1,0,0,0,1,1,0.3888888888888889,11.979226687021093,1
74,1,0,1,1,1,0,1,0,0,0,0,0,1,0,0,0,0,1,1,1,1,0,0,0,1,1,0,0,0,1,1,1,0,0,0,1,0.3055555555555556,14.261785756566114,1
75,1,0,1,1,1,1,1,0,0,0,0,0,1,0,1,0,0,1,1,1,1,0,1,1,1,1,0,0,0,1,0,1,0,0,1,1,0.3055555555555556,23.36017445640982,1
76,1,0,1,1,0,0,1,0,0,0,0,0,1,1,1,0,0,1,1,1,1,0,0,1,1,1,0,0,0,1,1,0,0,0,1,1,0.3055555555555556,13.883962079111871,1
77,1,0,1,1,1,0,1,0,0,0,0,0,1,0,1,0,0,1,1,0,1,0,1,0,1,1,0,0,0,1,0,1,0,0,1,1,0.3333333333333333,8.39814700985797,1
78,1,0,1,1,0,0,1,0,0,0,0,0,1,0,1,0,0,1,1,1,1,1,0,0,1,1,0,0,1,1,1,0,0,0,0,1,0.2777777777777778,17.229163352588692,1
79,0,1,0,0,1,1,0,1,1,1,1,1,0,0,0,1,1,0,0,0,0,1,0,1,0,0,1,1,1,0,1,1,1,1,0,1,0.3055555555555556,21.38921980095672,1
80,1,0,1,1,0,0,1,0,0,0,0,0,1,0,1,0,0,1,1,0,0,0,1,0,1,1,1,1,0,1,0,1,0,0,1,1,0.2777777777777778,17.838590481685607,1
81,1,0,1,1,1,0,1,0,0,1,0,0,1,0,1,0,0,1,1,1,1,1,1,0,1,1,0,0,0,1,1,0,0,0,0,1,0.3888888888888889,12.028900089256233,1
82,1,0,1,1,1,0,1,0,0,0,0,0,1,0,1,0,0,1,1,0,1,1,0,1,1,1,1,0,0,1,0,1,0,0,0,1,0.3611111111111111,18.181571015637207,1
83,1,0,1,1,0,0,1,1,1,0,0,0,1,0,1,0,0,1,0,0,1,0,1,0,1,1,0,1,0,1,1,0,0,0,0,1,0.25,5.583843243470979,1
84,1,0,1,1,1,0,1,0,0,0,0,0,1,1,1,0,0,1,1,1,1,1,1,0,1,1,1,0,0,1,0,0,0,0,1,1,0.25,12.915168352429312,1
85,1,0,1,1,1,0,1,0,0,0,0,0,1,0,1,0,0,1,1,0,1,0,1,0,1,1,0,0,0,1,0,0,0,0,1,1,0.2777777777777778,5.706722164184294,1
86,1,0,1,1,0,0,1,0,0,0,0,0,1,0,1,0,0,1,1,1,1,1,0,0,1,1,1,0,0,1,0,0,0,0,1,1,0.2777777777777778,18.03088694786153,1
87,1,0,1,1,0,1,1,0,0,0,0,0,1,1,1,0,0,1,1,1,1,0,1,0,1,1,0,1,1,1,1,1,0,0,0,1,0.3333333333333333,16.274379200041267,1
88,1,0,1,1,1,0,0,0,0,1,0,0,1,0,1,0,0,1,1,1,1,0,1,0,1,1,0,0,0,1,0,1,0,0,0,1,0.25,10.354170841693952,1
89,0,1,0,0,1,1,0,0,1,1,1,1,0,0,0,1,1,0,0,0,0,1,0,1,0,0,1,1,1,0,0,1,1,1,0,1,0.3333333333333333,17.822010521093063,1
90,0,1,1,0,1,1,0,1,1,1,1,0,0,1,0,1,1,0,0,0,0,1,0,1,0,0,1,1,1,0,0,0,1,1,0,1,0.25,14.220247392011046,1
91,0,1,1,0,1,1,0,0,1,1,1,1,0,0,1,1,1,0,0,1,0,1,0,1,0,0,1,1,1,0,0,1,1,1,0,1,0.3611111111111111,18.912454675872155,1
92,0,1,1,0,0,1,0,1,1,1,1,1,0,1,0,1,1,0,0,1,0,0,0,0,0,0,1,1,1,0,0,0,1,1,0,1,0.3333333333333333,21.568928495111148,1
93,0,1,1,0,0,1,0,1,1,1,1,1,0,1,0,1,1,0,0,1,0,0,0,1,0,0,1,1,1,0,0,1,1,1,1,1,0.3888888888888889,18.127075692769683,1
94,1,0,1,1,1,0,1,0,0,0,0,0,1,0,1,0,0,1,1,1,1,0,1,0,1,1,0,0,0,1,1,0,0,0,1,1,0.3055555555555556,12.06245990169681,1
95,0,1,0,0,1,1,0,1,1,1,1,1,0,1,0,1,1,0,0,0,0,1,0,1,0,0,1,1,1,0,0,0,1,1,1,1,0.3055555555555556,19.24854181014812,1
96,0,1,1,0,1,1,0,1,1,1,1,1,0,1,0,1,1,0,0,0,0,1,0,1,0,0,1,1,1,0,1,1,1,1,0,1,0.3333333333333333,18.360821903366677,1
97,0,1,1,0,0,1,0,1,1,1,1,1,0,0,0,1,1,0,0,0,0,0,0,1,0,0,1,1,1,0,1,0,1,1,1,1,0.3333333333333333,18.34013752964637,1
98,1,0,1,1,1,0,1,0,0,0,0,0,1,0,0,0,0,1,1,1,1,0,1,0,1,1,0,0,0,1,0,1,0,0,0,1,0.2777777777777778,15.507114952516302,1
99,1,0,1,1,0,0,1,0,0,0,0,0,1,1,1,0,0,1,1,1,1,0,1,1,1,1,0,0,0,1,1,0,0,0,0,1,0.25,13.668549017670546,1
