,0,1,2,3,4,5,6,7,8,9,10,11,12,13,14,15,16,17,18,19,20,21,22,23,24,25,26,27,28,29,30,31,32,33,34,35,chain_break_fraction,energy,num_occurrences
0,1,1,0,1,0,0,0,0,1,0,0,1,1,0,1,0,0,0,0,1,1,1,1,0,0,0,0,0,0,0,0,0,1,0,0,0,0.2777777777777778,10.349058154763684,1
1,1,1,0,1,0,0,0,0,1,0,0,1,1,0,1,0,0,0,0,1,1,1,1,0,1,0,0,0,0,0,0,0,1,0,0,0,0.2777777777777778,11.301628097709491,3
2,1,0,0,1,0,0,0,0,1,0,0,1,1,0,1,0,0,0,0,1,1,1,1,0,0,0,0,0,0,0,0,0,1,0,0,0,0.2777777777777778,7.990957349647969,1
3,1,0,0,1,0,0,0,0,1,0,0,1,1,0,1,0,0,0,0,1,1,1,1,0,0,0,0,0,0,0,0,0,1,0,0,0,0.25,7.990957349647969,1
4,1,0,0,1,0,0,0,0,1,0,0,1,1,0,1,0,0,0,0,1,1,1,1,0,1,0,0,0,0,0,0,0,1,0,0,0,0.3333333333333333,10.16870485953608,1
5,1,1,0,1,0,0,0,0,1,0,0,1,1,0,1,0,0,0,0,1,1,1,1,0,0,0,0,0,0,0,0,0,1,0,0,0,0.3055555555555556,10.349058154763684,1
6,1,1,0,1,0,0,0,0,1,1,0,1,1,0,1,0,0,0,0,1,1,1,1,0,0,0,0,0,0,0,0,0,1,0,0,0,0.2777777777777778,17.367037145208684,1
7,1,1,0,1,0,0,0,0,1,0,0,1,0,0,1,0,0,0,0,1,1,1,1,0,0,0,0,0,0,0,0,0,1,0,0,0,0.25,8.952375709695822,1
8,1,1,0,1,0,0,0,0,1,1,0,1,1,0,1,0,0,0,0,1,1,1,1,0,0,0,0,0,0,0,0,0,1,0,0,0,0.3055555555555556,17.367037145208684,1
9,1,0,0,1,0,0,0,0,1,0,0,1,1,0,1,0,0,0,0,1,1,1,1,0,0,0,0,0,0,0,0,0,1,0,0,0,0.3055555555555556,7.990957349647969,1
10,1,1,0,1,0,0,0,0,1,0,0,1,1,0,1,0,0,0,0,1,1,1,1,0,0,0,0,0,0,0,0,0,1,0,0,0,0.3333333333333333,10.349058154763684,1
11,1,1,0,1,0,0,0,0,1,0,0,1,1,0,1,0,0,0,0,1,1,1,1,0,1,0,0,0,0,0,0,0,1,0,0,0,0.3611111111111111,11.301628097709491,1
12,1,1,0,1,0,0,0,0,1,0,0,1,0,0,1,0,0,0,0,1,1,1,1,0,1,0,0,0,0,0,0,0,1,0,0,0,0.3333333333333333,10.415587212427546,2
13,1,1,0,1,0,0,0,0,1,0,0,1,1,0,1,0,0,0,0,1,1,1,1,0,1,0,0,0,0,0,0,0,1,0,0,0,0.3055555555555556,11.301628097709491,1
14,1,1,0,1,0,0,0,0,1,0,0,1,1,0,1,0,0,0,0,1,1,1,1,0,1,0,0,0,0,0,0,0,1,0,0,0,0.2777777777777778,11.301628097709491,1
15,1,1,0,1,0,0,0,0,1,1,0,1,1,0,1,0,0,0,0,1,1,1,1,0,1,0,0,0,0,0,0,0,1,0,0,0,0.25,17.284104422743265,1
16,1,0,0,1,0,0,0,0,1,0,0,1,0,0,1,0,0,0,0,1,1,1,1,0,0,0,0,0,0,0,0,0,1,0,0,0,0.3055555555555556,7.594383720928988,1
17,1,0,0,1,0,0,0,0,1,0,0,1,0,0,1,0,0,0,0,1,1,1,1,0,1,0,0,0,0,0,0,0,1,0,0,0,0.3055555555555556,10.282772790603016,1
18,1,0,0,1,0,0,0,0,1,0,0,1,1,0,1,0,0,0,0,1,1,1,1,0,0,0,0,0,0,0,1,0,1,0,0,0,0.25,7.653867654902058,1
19,1,1,0,1,0,0,0,0,1,0,0,1,0,0,1,0,0,0,0,1,1,1,1,0,0,0,0,0,0,0,0,0,1,0,0,0,0.3333333333333333,8.952375709695822,1
20,1,1,0,1,0,0,0,0,1,0,0,1,1,0,1,1,0,0,0,1,1,1,1,0,0,0,0,0,0,0,0,0,1,0,0,0,0.25,16.236782544374353,1
21,1,1,0,1,0,0,0,0,1,0,0,1,1,0,1,0,0,0,0,1,1,1,1,0,0,0,0,0,0,0,0,0,1,0,0,0,0.3333333333333333,10.349058154763684,1
22,1,1,0,1,0,0,0,0,1,0,0,1,1,0,1,0,0,0,0,1,1,1,1,0,1,0,0,0,0,0,0,0,1,0,0,0,0.2777777777777778,11.301628097709491,1
23,1,1,0,1,0,0,1,0,1,0,0,1,1,0,1,0,0,0,0,1,1,1,1,0,1,0,0,0,0,0,0,0,1,0,0,0,0.2777777777777778,13.47801208936354,1
24,1,0,0,1,0,0,0,0,1,0,0,1,1,0,1,0,0,0,0,1,1,1,1,0,1,0,0,0,0,0,0,0,1,0,0,0,0.3055555555555556,10.16870485953608,1
25,1,1,0,1,0,0,0,0,1,0,0,1,1,0,1,0,0,0,0,1,1,1,1,0,0,0,0,0,0,0,0,0,1,0,0,0,0.2777777777777778,10.349058154763684,1
26,1,1,0,1,0,0,0,0,1,0,0,1,0,0,1,0,0,0,0,1,1,1,1,0,0,0,0,0,0,0,0,0,1,0,0,0,0.3055555555555556,8.952375709695822,1
27,1,1,0,1,0,0,0,0,1,0,0,1,0,0,1,0,0,0,0,1,1,1,1,0,0,0,0,0,0,0,0,0,1,0,0,0,0.3055555555555556,8.952375709695822,1
28,1,0,0,1,0,0,0,0,1,1,0,1,1,0,1,0,0,0,0,1,1,1,1,0,1,0,0,0,0,0,0,0,1,0,0,0,0.2777777777777778,13.21496472816071,1
29,1,1,0,1,0,0,0,0,1,0,0,1,1,0,1,0,0,0,0,1,1,1,1,0,1,0,0,0,0,0,0,0,1,0,0,0,0.25,11.301628097709491,1
30,1,1,0,1,0,0,1,0,1,0,0,1,1,0,1,0,0,0,0,1,1,1,1,0,1,0,0,0,0,0,0,0,1,0,0,0,0.3611111111111111,13.47801208936354,1
31,1,1,0,1,0,0,0,0,1,0,0,1,1,0,1,0,0,0,0,1,1,1,1,0,1,0,0,0,0,0,0,0,1,0,0,0,0.3333333333333333,11.301628097709491,1
32,1,1,0,1,0,0,0,0,1,0,0,1,1,0,1,0,0,0,0,1,1,1,1,0,1,0,1,0,0,0,0,0,1,0,0,0,0.3333333333333333,10.497620230094839,1
33,1,1,0,1,0,0,0,1,1,0,0,1,1,0,1,0,0,0,0,1,1,1,1,0,1,0,0,0,0,0,0,0,1,0,0,0,0.3055555555555556,17.654396081017595,1
34,1,1,0,1,0,0,0,1,1,0,0,1,1,0,1,0,0,0,0,1,1,1,1,0,0,0,0,0,0,0,0,0,1,0,0,0,0.3055555555555556,17.708314185527303,1
35,1,1,0,1,0,0,0,0,1,0,0,1,1,0,1,0,0,0,0,1,1,1,1,0,0,0,0,0,0,0,1,0,1,0,0,0,0.3055555555555556,9.000198971947171,1
36,1,0,0,1,1,0,0,0,1,0,0,1,1,0,1,0,0,0,0,1,1,1,1,0,1,0,0,0,0,0,0,0,1,0,0,0,0.2777777777777778,10.665369460067595,1
37,1,1,0,0,0,0,0,0,1,0,0,1,1,0,1,0,0,0,0,1,1,1,1,0,0,0,0,0,0,0,0,0,1,0,0,0,0.25,7.606469060781222,1
38,1,1,0,1,0,0,0,0,1,0,0,1,1,0,1,0,0,0,0,1,1,1,1,0,0,0,0,0,0,0,0,0,1,0,0,0,0.2777777777777778,10.349058154763684,1
39,1,1,0,1,0,0,0,0,1,0,0,1,1,0,1,0,0,0,0,1,1,1,1,0,0,0,0,0,0,0,0,0,1,0,0,0,0.3055555555555556,10.349058154763684,1
40,1,1,0,1,0,0,0,0,1,0,0,1,1,0,1,0,0,0,0,1,1,1,1,0,1,0,0,0,0,0,0,0,1,0,0,0,0.25,11.301628097709491,1
41,1,1,0,1,0,0,0,0,1,0,0,1,1,0,1,0,0,0,0,1,1,1,1,0,1,0,0,0,0,0,0,0,1,0,0,0,0.2777777777777778,11.301628097709491,1
42,1,0,0,1,0,0,0,0,1,0,0,1,1,0,1,0,0,0,0,1,1,1,1,0,0,0,0,0,0,0,1,0,1,0,0,0,0.2777777777777778,7.653867654902058,1
43,1,0,0,1,0,0,1,0,1,0,0,1,1,0,1,1,0,0,0,1,1,1,1,0,0,0,0,0,0,0,0,0,1,0,0,0,0.25,14.555918125356992,1
44,1,1,0,1,0,0,0,0,1,1,0,1,1,0,1,0,0,0,0,1,1,1,1,0,0,0,0,0,0,0,0,0,1,0,0,0,0.2777777777777778,17.367037145208684,1
45,1,1,0,1,0,0,0,0,1,0,0,1,1,0,1,0,0,0,0,1,1,1,1,0,1,0,0,0,0,0,0,0,1,0,0,0,0.3333333333333333,11.301628097709491,1
46,1,1,0,1,0,0,1,0,1,0,0,1,1,0,1,0,0,0,0,1,1,1,1,0,0,0,0,0,0,0,0,0,1,0,0,0,0.2777777777777778,13.028686170145487,1
47,1,0,0,1,0,0,1,0,1,1,0,1,1,0,1,0,0,0,0,1,1,1,1,0,0,0,0,0,0,0,0,0,1,0,0,0,0.2777777777777778,14.75234063793923,1
48,1,1,0,1,0,0,1,0,1,0,0,1,1,0,1,0,0,0,0,1,1,1,1,0,1,0,0,0,0,0,1,0,1,0,0,0,0.25,12.168310880093543,1
49,1,1,0,1,0,0,0,0,1,0,0,1,1,0,1,0,0,0,0,1,1,1,1,0,1,0,0,0,0,0,0,0,1,0,0,0,0.2777777777777778,11.301628097709491,1
50,1,1,0,1,0,0,0,0,1,1,0,1,1,0,1,0,0,0,0,1,1,1,1,0,1,0,0,0,0,0,0,0,1,0,0,0,0.3055555555555556,17.284104422743265,1
51,1,1,0,0,0,0,0,1,1,0,0,1,1,0,1,0,0,0,0,1,1,1,1,0,0,0,0,0,0,0,0,0,1,0,0,0,0.2777777777777778,12.96572310469541,1
52,1,0,0,1,0,0,0,0,1,0,0,1,0,0,1,0,0,0,0,1,1,1,1,0,1,0,0,0,0,0,0,0,1,0,0,0,0.3333333333333333,10.282772790603016,1
53,1,1,1,1,0,0,0,0,1,0,0,1,1,0,1,0,0,0,0,1,1,1,1,0,0,0,0,0,0,0,0,0,1,0,0,0,0.25,12.720352701754916,1
54,1,0,0,1,1,0,0,0,1,0,0,1,1,0,1,0,0,0,0,1,1,1,1,0,0,0,0,0,0,0,0,0,1,0,0,0,0.19444444444444445,8.988089090815098,1
55,1,1,0,1,0,0,0,0,1,0,0,1,1,0,1,0,0,0,0,1,1,1,1,0,1,0,0,0,0,0,0,0,1,0,0,0,0.25,11.301628097709491,1
56,1,1,0,1,0,0,0,0,1,0,0,1,1,0,1,1,0,0,0,1,1,1,1,0,0,0,0,0,0,0,0,0,1,0,0,0,0.3333333333333333,16.236782544374353,1
57,1,1,0,1,0,0,1,0,1,0,0,1,1,0,1,0,0,0,0,1,1,1,1,0,0,0,0,0,0,0,0,0,1,0,0,0,0.3055555555555556,13.028686170145487,1
58,1,1,0,1,0,0,0,0,1,0,0,1,0,0,1,0,0,0,0,1,1,1,1,0,1,0,0,0,0,0,0,0,1,0,0,0,0.3333333333333333,10.415587212427546,1
59,1,1,1,1,0,0,0,0,1,0,0,1,0,0,1,0,0,0,0,1,1,1,1,0,1,0,0,0,0,0,0,0,1,0,0,0,0.3611111111111111,11.7781512514923,1
60,1,1,0,1,0,0,0,0,1,0,0,1,0,0,1,0,0,0,0,1,1,1,1,0,1,0,0,0,0,0,0,0,1,0,0,0,0.3333333333333333,10.415587212427546,1
61,1,1,0,1,0,0,0,0,1,0,0,1,0,0,1,0,0,0,0,1,1,1,1,0,1,0,0,0,0,0,0,0,1,0,0,0,0.2222222222222222,10.415587212427546,1
62,1,1,0,1,0,0,0,0,1,0,0,1,1,0,1,0,0,0,0,1,1,1,1,0,0,0,0,0,0,0,0,0,1,0,0,0,0.2777777777777778,10.349058154763684,1
63,1,1,0,1,0,0,0,0,1,1,0,1,0,0,1,0,0,0,0,1,1,1,1,0,0,0,0,0,0,0,0,0,1,0,0,0,0.2777777777777778,14.97032859166988,1
64,1,1,0,0,0,0,0,0,1,0,0,1,1,0,1,0,0,0,0,1,1,1,1,0,1,0,0,0,0,0,1,0,1,0,0,0,0.2777777777777778,9.772494585479322,1
65,1,1,0,0,0,0,0,0,1,0,0,1,1,0,1,1,0,0,0,1,1,1,1,0,1,0,0,0,0,0,0,0,1,0,0,0,0.2777777777777778,12.461464089414308,1
66,1,1,0,1,0,0,0,1,1,0,0,1,1,0,1,0,0,0,0,1,1,1,1,0,1,0,0,0,0,0,1,0,1,0,0,0,0.2777777777777778,15.839001530092247,1
67,1,0,0,0,0,0,0,0,1,0,0,1,0,0,1,1,0,0,0,1,1,1,1,0,1,0,0,0,0,0,0,0,1,0,0,0,0.3055555555555556,11.459206163360866,1
68,1,0,0,1,0,0,0,0,1,0,1,1,1,0,1,0,0,0,0,1,1,1,1,0,1,0,0,0,0,0,0,0,1,0,0,0,0.3055555555555556,11.35896193915167,1
69,1,0,0,1,0,0,0,0,1,0,0,1,1,0,1,0,0,0,0,1,1,1,1,0,1,0,0,0,0,0,0,0,1,0,0,0,0.3055555555555556,10.16870485953608,1
70,1,1,0,0,0,0,0,1,1,0,0,1,1,0,1,0,0,0,0,1,1,1,1,0,0,0,0,0,0,0,0,0,1,0,0,0,0.3333333333333333,12.96572310469541,1
71,1,0,0,1,0,0,0,0,1,0,0,1,0,0,1,0,0,0,0,1,1,1,1,0,1,0,0,0,0,0,0,0,1,0,0,0,0.3055555555555556,10.282772790603016,1
72,1,1,1,0,0,0,0,0,1,0,0,1,1,0,1,0,0,0,0,1,1,1,1,0,0,0,0,0,0,0,0,0,1,0,0,0,0.25,7.977763607772447,1
73,1,0,0,1,0,0,0,0,1,1,0,1,1,0,1,0,0,0,0,1,1,1,1,0,0,0,0,0,0,0,0,0,1,0,0,0,0.3055555555555556,12.07271988368382,1
74,1,1,0,1,1,0,0,0,1,0,0,1,1,0,1,0,0,0,0,1,1,1,1,0,1,0,0,0,0,0,0,0,1,0,0,0,0.3055555555555556,12.798294269913894,1
75,1,1,0,1,1,0,0,0,1,0,0,1,1,0,1,0,0,0,0,1,1,1,0,0,0,0,0,0,0,0,0,0,1,0,0,0,0.25,13.381855914153906,1
76,1,1,0,0,0,0,0,0,1,0,0,1,1,0,1,0,0,0,0,1,1,1,1,0,1,0,0,0,0,0,0,0,1,0,0,0,0.2777777777777778,9.57649930501258,1
77,1,0,0,1,0,0,0,0,1,0,0,1,0,0,1,0,0,0,0,1,1,1,1,0,1,0,0,0,0,0,0,0,1,0,0,0,0.3333333333333333,10.282772790603016,1
78,1,1,0,1,0,0,0,0,1,0,0,1,1,0,1,1,0,0,0,1,1,1,1,0,1,0,0,0,0,0,0,0,1,0,0,0,0.3611111111111111,16.186592892913467,1
79,1,1,0,1,0,0,0,1,0,0,0,1,1,0,1,0,0,0,0,1,1,1,1,0,0,0,0,0,0,0,0,0,1,0,0,0,0.2777777777777778,15.199324206695728,1
80,1,1,0,1,0,0,0,0,1,0,0,1,1,0,1,1,0,0,0,1,1,1,1,0,0,0,0,0,0,0,0,0,1,0,1,0,0.2222222222222222,13.469969366429394,1
81,1,1,0,1,0,0,0,0,1,0,0,1,1,0,1,0,0,0,0,1,1,1,0,0,1,0,0,0,1,0,0,0,1,0,0,0,0.3055555555555556,9.247411003858081,1
82,1,1,0,0,0,0,0,0,1,0,0,1,1,0,1,1,0,0,0,1,1,1,1,0,1,0,0,0,0,0,0,0,1,0,0,0,0.25,12.461464089414308,1
83,1,0,0,1,0,0,0,0,0,0,0,1,1,0,1,0,0,0,0,1,1,1,1,0,1,0,0,0,0,0,1,0,1,0,0,0,0.2777777777777778,11.360945179229349,1
84,1,1,1,1,0,0,0,0,1,0,0,1,1,0,1,1,0,0,0,1,1,1,1,0,1,0,0,0,0,0,0,0,1,0,0,0,0.3055555555555556,19.049157294663065,1
85,1,1,0,1,0,0,0,0,1,0,0,1,1,0,1,0,0,0,0,1,1,1,1,0,1,0,0,0,0,0,0,0,1,0,0,0,0.3333333333333333,11.301628097709491,1
86,1,1,0,1,0,0,0,0,1,0,0,1,1,0,1,0,0,0,0,1,1,1,1,0,0,0,0,0,0,0,0,0,1,0,0,0,0.3055555555555556,10.349058154763684,1
87,1,1,0,1,0,0,0,0,1,0,0,1,1,0,1,0,0,0,0,1,1,1,1,0,1,0,0,0,0,0,0,0,1,0,0,0,0.3611111111111111,11.301628097709491,1
88,1,0,0,1,0,0,0,0,1,0,1,1,1,0,1,0,0,0,0,1,1,1,1,0,1,0,0,0,0,0,0,0,1,0,0,0,0.3611111111111111,11.35896193915167,1
89,1,1,0,0,0,0,0,0,1,0,0,1,1,0,1,1,0,0,0,1,1,1,1,0,1,0,0,0,0,0,0,0,1,0,0,0,0.3888888888888889,12.461464089414308,1
90,1,1,1,1,0,0,0,0,1,0,0,1,1,0,1,0,0,0,0,1,1,1,1,0,1,0,0,0,0,0,0,0,1,0,1,0,0.3611111111111111,11.092773678638148,1
91,1,1,0,0,0,0,0,1,1,0,1,1,1,0,1,0,0,0,0,1,1,1,1,0,1,0,0,0,0,0,0,0,1,0,0,0,0.3333333333333333,17.048720194233578,1
92,1,0,0,0,1,0,0,0,1,0,0,1,1,0,1,1,0,0,0,1,1,1,1,0,1,0,0,0,0,0,0,0,1,0,0,0,0.3055555555555556,11.852983492841473,1
93,1,0,0,0,0,0,0,0,1,0,0,1,1,0,1,0,0,0,0,1,1,1,1,0,0,0,0,0,0,0,0,0,1,0,0,0,0.3333333333333333,7.275424290721931,1
94,1,0,0,0,0,0,0,0,1,0,0,1,1,0,1,0,0,0,0,1,0,1,1,0,0,0,0,0,0,0,0,0,1,0,0,0,0.25,5.041611127872949,1
95,1,1,0,1,0,0,0,0,0,0,0,1,0,0,1,0,0,0,0,1,1,0,1,0,1,0,0,0,0,0,0,0,1,0,0,0,0.3055555555555556,6.398010145616067,1
96,1,0,1,1,0,0,0,1,1,0,0,1,1,0,1,0,0,0,0,1,1,1,1,0,1,0,0,0,0,0,0,0,1,0,1,0,0.3055555555555556,14.31987492810594,1
