,0,1,2,3,4,5,6,7,8,9,10,11,12,13,14,15,16,17,18,19,20,21,22,23,24,25,26,27,28,29,30,31,32,33,34,35,chain_break_fraction,energy,num_occurrences
0,1,0,0,0,0,0,1,1,1,1,0,1,1,0,1,0,1,0,1,0,1,0,0,0,0,1,1,1,0,0,1,0,0,1,0,1,0.3611111111111111,17.10166817815778,1
1,0,0,1,1,1,1,0,0,0,0,1,1,0,1,0,1,0,1,0,1,0,0,1,1,1,1,0,1,1,1,1,1,1,0,0,0,0.3611111111111111,20.185810096071002,1
2,0,0,1,1,1,1,0,0,0,0,1,0,0,1,0,1,0,1,0,1,0,0,1,0,1,1,0,1,1,0,0,1,1,0,1,0,0.2777777777777778,15.054210259126753,1
3,0,1,1,1,1,1,0,0,0,0,1,0,0,1,0,1,0,1,0,1,0,0,1,1,1,1,0,1,1,1,0,1,1,0,0,0,0.3888888888888889,21.979799297870304,1
4,1,0,0,0,0,0,1,1,1,1,0,1,1,0,1,0,1,0,0,0,0,0,0,0,0,1,1,1,0,0,1,0,0,1,1,1,0.3055555555555556,14.771344286572416,1
5,1,0,0,0,0,0,1,1,1,1,0,1,1,0,1,0,1,0,0,0,1,0,0,1,0,1,1,1,0,0,1,0,0,1,1,1,0.3333333333333333,16.770788812021944,1
6,1,0,0,0,0,0,1,1,1,1,0,1,1,0,1,0,1,0,1,0,1,1,0,0,0,1,1,1,0,0,1,0,0,1,1,1,0.3611111111111111,30.11855874617113,1
7,0,1,1,1,0,1,0,0,0,0,1,0,0,1,0,1,0,1,0,1,0,1,1,0,1,1,0,1,1,1,0,1,1,0,0,0,0.3055555555555556,25.682697451747202,1
8,1,0,0,0,0,0,1,0,1,1,0,0,1,0,1,0,1,0,1,0,0,0,0,1,0,0,0,1,0,0,1,0,0,0,1,0,0.08333333333333333,2.485398122129642,1
9,1,0,0,0,0,0,1,1,1,1,0,1,1,0,1,0,1,0,0,0,1,0,1,1,0,1,1,1,0,0,1,0,0,0,1,1,0.25,10.531757171668142,1
10,1,0,0,0,0,0,1,1,1,0,0,1,1,0,1,0,1,0,1,0,1,0,0,0,0,1,1,1,0,0,1,0,0,0,0,1,0.2777777777777778,10.1137233099951,1
11,1,1,0,1,0,0,1,0,1,0,0,0,1,0,1,0,0,0,1,0,1,0,0,1,0,0,1,0,0,0,1,0,0,0,0,1,0.19444444444444445,4.630950912256022,1
12,1,0,0,0,0,0,1,1,1,1,0,1,1,0,1,0,1,0,0,0,1,0,1,1,0,1,1,0,0,0,1,0,0,1,0,1,0.3333333333333333,9.541153669000813,1
13,1,1,0,0,0,0,1,0,1,1,1,1,1,0,1,0,1,0,1,0,1,0,0,1,0,0,0,1,0,0,1,0,0,0,1,1,0.1111111111111111,11.927018782494038,1
14,1,0,0,0,0,0,1,1,1,0,0,0,1,0,1,0,1,0,1,0,1,0,0,1,0,1,0,0,0,0,1,0,0,1,0,1,0.25,11.376307806420673,1
15,1,0,0,0,0,0,0,1,1,1,0,0,1,0,1,0,1,0,1,0,1,0,0,1,0,0,1,0,0,0,1,0,0,1,0,1,0.2777777777777778,9.105531810437663,1
16,0,0,1,1,1,1,0,0,0,1,1,0,0,1,0,1,0,1,0,1,0,0,1,1,1,1,0,1,1,1,0,1,1,0,0,0,0.3611111111111111,18.166635488776645,1
17,0,0,1,1,1,1,0,0,0,0,1,1,0,1,0,1,0,1,0,1,0,0,1,1,1,0,0,1,1,1,0,1,1,0,0,0,0.2777777777777778,14.958704297818802,1
18,1,0,0,0,0,0,1,0,1,1,0,1,1,0,1,0,1,0,0,0,1,0,1,0,0,0,1,0,0,1,1,0,0,0,1,1,0.08333333333333333,4.922965878763363,1
19,1,0,0,0,0,0,0,1,1,1,0,0,1,0,1,0,1,0,0,0,1,0,0,0,0,0,1,0,0,0,1,0,0,1,1,1,0.1388888888888889,8.386684448693588,1
20,1,0,1,0,0,0,0,0,1,0,1,1,0,0,1,0,1,0,0,0,0,0,0,1,0,0,0,0,0,0,0,1,1,0,1,0,0.0,1.3325857624323025,1
21,1,0,0,0,0,0,1,0,1,1,1,1,1,0,1,0,1,0,0,0,1,0,0,0,0,1,1,1,0,0,1,0,0,1,0,1,0.25,13.730996970434761,1
22,0,0,1,1,0,1,0,0,0,0,1,0,0,1,0,1,0,1,0,1,0,0,1,0,1,0,0,1,1,1,0,1,1,0,0,0,0.19444444444444445,12.616007687260124,1
23,0,0,1,1,1,1,0,0,0,0,1,1,0,1,0,1,0,1,0,1,0,0,0,1,1,1,0,1,1,1,0,1,1,0,1,0,0.25,21.388797621648298,1
24,1,0,0,0,0,0,0,0,1,1,0,1,1,0,1,0,1,0,1,0,1,0,0,1,0,1,1,0,0,0,1,0,0,1,0,1,0.2777777777777778,12.467360270949648,1
25,0,0,1,1,1,1,0,0,0,0,0,0,0,1,0,1,0,1,0,1,0,0,1,1,1,0,0,1,1,1,0,1,1,0,0,0,0.2777777777777778,14.977437416570734,1
26,0,1,1,1,1,1,1,0,0,0,1,0,0,1,0,1,0,1,1,1,0,0,1,0,1,0,0,1,1,0,0,1,1,0,0,0,0.16666666666666666,23.973578412476407,1
27,1,0,0,0,0,0,1,1,1,1,0,1,1,0,1,0,1,0,1,0,1,0,0,1,0,1,1,1,0,0,1,0,0,1,0,1,0.2222222222222222,16.943312721482553,1
28,0,0,1,1,1,1,0,0,1,0,1,0,0,1,0,1,0,1,0,1,0,0,1,1,1,0,0,1,1,1,1,1,1,0,0,0,0.25,14.341159453475921,1
29,0,0,1,1,1,1,0,0,0,0,0,0,0,1,0,1,0,1,0,1,0,0,1,0,1,1,0,1,1,0,1,1,1,0,0,0,0.3055555555555556,14.491003842358896,1
30,1,0,0,1,0,1,0,0,0,0,0,1,1,0,0,0,1,0,0,0,1,0,1,0,0,1,1,0,1,0,1,0,0,0,1,0,0.08333333333333333,4.232658537738971,1
31,0,0,0,0,1,0,0,0,1,0,1,1,1,0,1,0,0,0,0,0,0,0,0,1,0,0,0,0,0,0,1,0,1,1,0,0,0.027777777777777776,1.5558558070633985,1
32,0,0,0,0,0,0,1,1,1,1,0,0,1,0,1,0,1,0,0,0,1,0,0,1,0,0,1,0,0,0,1,0,0,1,0,1,0.19444444444444445,7.702139088627771,1
33,0,0,0,0,0,0,1,0,0,1,1,0,1,0,1,0,1,0,1,0,1,0,0,1,0,0,1,0,0,0,0,0,0,0,0,1,0.05555555555555555,1.879845693153978,1
34,1,0,0,0,0,0,1,1,1,1,1,1,1,0,1,0,1,0,1,0,1,0,0,0,0,0,1,1,0,0,1,0,0,1,0,1,0.25,18.28788154606039,1
35,1,0,0,0,0,0,1,1,1,1,0,1,0,0,1,0,1,0,0,0,1,0,0,1,0,0,1,1,0,0,1,0,0,0,1,1,0.2222222222222222,9.430885355286854,1
36,1,1,1,1,0,0,1,0,1,0,0,1,1,0,1,0,1,0,0,0,1,0,0,1,0,1,1,1,0,0,0,0,0,0,1,1,0.1388888888888889,11.639788065416992,1
37,0,0,0,1,0,0,1,0,1,0,0,1,1,0,1,0,1,0,0,0,1,0,0,1,0,0,1,1,0,0,0,0,0,0,1,1,0.2777777777777778,5.114365476178889,1
38,1,0,1,0,1,0,1,0,1,0,1,0,1,1,1,0,1,0,0,0,0,0,1,0,0,1,1,0,1,0,1,1,1,1,0,0,0.0,4.008970044174708,1
39,1,0,0,0,0,0,0,1,1,1,0,0,1,0,1,0,1,0,1,0,1,0,0,0,0,0,1,0,0,0,0,0,0,1,1,0,0.16666666666666666,7.964622243618879,1
40,1,1,0,0,0,0,0,0,1,1,0,1,1,0,1,0,1,0,1,0,1,0,0,1,0,0,0,1,0,0,1,0,0,0,0,1,0.25,8.975629419008788,1
41,1,0,0,0,0,0,0,1,1,1,0,1,1,0,0,0,1,0,0,0,1,0,0,0,0,1,1,1,0,0,1,0,0,1,0,1,0.2777777777777778,13.389817336560498,1
42,1,0,0,0,0,0,1,1,1,0,0,1,1,0,0,0,0,0,1,0,0,0,0,1,0,1,1,0,0,0,1,0,0,0,1,0,0.08333333333333333,2.2942302967044044,1
43,0,0,1,1,1,1,0,0,0,1,1,0,0,1,0,1,0,0,0,1,0,0,1,1,1,1,0,1,1,0,0,1,1,0,0,0,0.3611111111111111,12.837857009260077,1
44,0,0,0,1,1,1,0,0,0,0,1,0,0,1,0,1,0,1,0,1,0,0,1,1,1,1,0,0,1,1,0,1,1,0,0,0,0.2777777777777778,14.164429596347617,1
45,1,1,0,0,0,0,0,0,0,0,0,1,1,0,1,0,0,0,0,0,0,0,0,1,0,0,1,1,0,0,0,0,0,0,0,1,0.1111111111111111,4.5412303970359496,1
46,1,0,0,1,0,0,1,0,1,0,0,0,1,0,1,0,0,0,0,0,1,0,0,0,0,0,1,1,0,0,1,0,0,0,1,1,0.19444444444444445,5.317456759545929,1
47,0,0,0,0,0,0,0,1,0,0,0,0,1,0,0,0,0,1,0,0,0,0,1,0,1,1,1,0,0,0,0,0,0,1,0,0,0.05555555555555555,5.117403797498188,1
48,1,0,0,0,0,0,1,1,0,1,1,0,1,0,1,0,1,0,1,0,1,0,0,0,0,0,1,0,0,0,1,0,0,1,1,1,0.19444444444444445,10.858824644770532,1
49,0,0,0,0,0,0,0,0,1,0,0,1,1,1,0,0,1,1,0,0,1,0,1,0,1,0,1,0,0,0,0,0,1,1,0,1,0.05555555555555555,8.712061690032215,1
50,1,0,0,0,0,0,1,0,1,1,1,1,0,0,1,0,0,1,0,0,0,0,1,1,0,0,0,1,0,1,1,0,0,0,0,1,0.05555555555555555,5.916109834507796,1
51,1,0,0,0,0,0,1,1,1,1,1,1,1,0,1,0,1,0,1,0,1,0,0,1,0,1,1,0,0,0,1,0,0,1,1,1,0.3055555555555556,14.887436187250124,1
52,1,1,0,0,0,0,0,1,1,0,0,0,1,0,1,0,1,0,1,0,0,0,0,1,0,0,1,0,0,1,0,0,0,0,1,1,0.1111111111111111,6.213811982872644,1
53,1,0,0,0,0,0,0,0,1,1,1,0,1,0,1,0,0,0,0,0,0,0,0,0,0,1,1,0,0,0,1,0,0,0,1,0,0.05555555555555555,2.6394442837636176,1
54,1,0,0,0,0,0,1,1,1,1,1,0,1,0,1,0,1,0,1,0,1,0,0,1,0,0,0,0,0,0,1,0,0,1,0,1,0.3333333333333333,9.178311137069612,1
55,0,1,0,0,0,1,1,0,1,1,0,1,1,0,1,0,0,0,0,0,1,0,0,1,0,0,1,1,0,0,1,0,0,1,1,1,0.1388888888888889,15.588742573904627,1
56,1,0,0,0,0,0,1,0,0,0,0,1,1,0,1,0,1,0,1,0,0,0,1,0,0,1,1,0,0,0,1,1,0,0,0,0,0.1111111111111111,2.100434033894981,1
57,1,1,0,0,0,0,1,1,1,1,0,0,1,0,1,0,1,0,1,0,1,0,1,1,0,1,1,0,0,0,0,0,0,0,1,1,0.3055555555555556,12.379438303253831,1
58,1,0,0,0,0,0,1,1,1,0,1,0,1,0,1,0,1,0,1,0,0,0,0,0,1,0,1,0,0,1,1,0,1,0,1,0,0.05555555555555555,2.9501110477280217,1
59,1,1,0,0,0,0,1,1,1,1,0,1,1,0,1,0,1,0,1,0,1,0,0,1,0,1,1,1,0,0,1,0,0,1,0,1,0.3888888888888889,18.35077120116515,1
60,1,1,0,0,0,0,1,1,1,1,0,1,1,0,1,0,1,0,1,0,1,0,0,1,0,1,1,0,0,0,1,0,0,1,1,1,0.3333333333333333,17.248611174451078,1
61,1,0,0,0,0,0,1,0,1,1,0,1,1,0,0,0,1,0,0,0,1,0,0,1,1,0,1,1,0,0,0,0,0,0,1,1,0.16666666666666666,6.916972201063061,1
62,1,0,0,0,1,0,0,1,0,1,1,1,0,0,1,0,1,0,0,0,0,0,0,1,0,0,1,1,0,0,1,0,0,0,0,1,0.1388888888888889,8.359242262213689,1
63,1,0,0,0,0,0,1,1,1,0,0,0,1,0,1,0,1,0,1,1,1,1,0,1,0,1,1,0,0,0,1,0,0,1,0,1,0.3055555555555556,41.12387490754623,1
64,1,0,0,0,0,0,1,1,1,0,0,1,1,1,1,0,1,0,1,0,1,0,0,1,0,0,1,1,0,0,1,0,0,0,0,1,0.16666666666666666,8.78371382681388,1
65,0,1,1,0,0,0,0,0,1,0,1,0,1,0,1,0,0,1,0,1,0,0,0,1,0,1,1,0,0,0,1,0,0,0,1,0,0.027777777777777776,4.106719629527764,1
66,1,1,1,0,0,0,0,0,1,0,0,0,1,0,1,0,1,0,1,0,1,0,0,0,0,1,1,0,0,0,1,0,0,0,0,1,0.19444444444444445,5.276604023569973,1
67,0,0,1,0,1,1,0,0,0,0,1,1,0,1,0,1,0,1,0,1,0,0,1,0,1,1,0,1,1,0,0,1,1,0,0,0,0.25,14.891122256220289,1
68,0,1,1,1,1,1,0,0,1,0,1,0,0,1,0,1,0,0,1,1,0,0,1,0,1,0,0,1,1,0,0,1,1,0,0,0,0.3055555555555556,17.480284522033653,1
69,0,0,1,1,0,0,1,0,1,0,0,0,1,1,0,0,1,0,0,0,1,0,1,0,0,1,1,0,0,0,1,0,0,0,0,1,0.08333333333333333,4.060921117176747,1
70,1,1,0,1,1,0,0,1,1,1,0,1,1,0,1,0,0,0,1,0,1,0,0,1,0,1,1,0,0,0,1,0,0,1,0,1,0.2777777777777778,17.865199339530914,1
71,1,0,0,0,0,0,0,1,1,1,0,1,1,0,1,0,1,0,0,0,1,0,0,0,1,0,1,1,0,1,0,0,0,1,0,1,0.1111111111111111,13.603581975847916,1
72,1,0,1,0,0,0,1,1,1,0,0,1,1,0,1,0,1,0,1,0,1,0,1,0,0,0,1,1,0,0,0,0,0,1,0,1,0.2777777777777778,11.104175874287849,1
73,1,1,0,0,1,0,1,0,1,1,0,1,1,0,1,0,1,0,0,0,1,0,0,0,0,1,1,0,0,0,1,0,0,1,1,1,0.25,17.393580324232907,1
74,1,0,0,0,0,0,0,1,1,0,1,0,1,0,1,0,1,0,1,0,1,0,0,1,0,1,1,0,0,0,1,0,0,1,1,0,0.25,7.538988567943357,1
75,1,0,1,1,0,1,1,0,0,0,1,1,0,1,0,0,0,0,0,1,0,0,1,1,0,0,0,0,1,1,1,1,1,0,1,0,0.05555555555555555,9.964080470670247,1
76,1,0,0,0,0,0,1,0,1,1,1,0,1,0,1,0,1,0,1,0,1,0,0,1,0,0,1,1,1,0,1,0,0,1,1,1,0.25,19.371234776003188,1
77,1,0,1,1,0,0,0,0,1,0,0,0,0,1,1,0,0,0,0,1,0,0,1,0,0,0,1,0,1,0,1,0,0,0,0,1,0.05555555555555555,4.286059465273989,1
78,1,0,0,0,1,1,0,0,0,1,0,0,1,0,1,0,1,0,1,0,1,0,0,1,0,0,1,1,0,0,1,0,0,0,1,1,0.1111111111111111,12.552944717200154,1
79,1,0,0,0,0,0,0,1,1,1,0,1,1,0,1,0,1,0,1,0,1,0,0,0,1,1,1,0,0,0,1,0,0,1,0,1,0.3611111111111111,13.743485009317935,1
80,0,0,1,1,1,0,1,0,1,0,1,0,1,0,1,0,0,0,0,0,0,0,1,0,0,0,1,1,1,0,1,0,0,0,1,1,0.08333333333333333,3.5774368766084983,1
81,1,1,0,0,0,0,1,0,1,1,1,1,1,0,1,0,1,0,1,0,1,0,1,1,0,1,1,1,0,0,1,0,0,0,1,0,0.2222222222222222,8.210674441733882,1
82,0,0,0,1,0,0,1,0,0,1,1,0,0,0,1,0,1,0,0,0,1,0,0,1,0,0,1,0,0,0,1,0,0,0,0,1,0.05555555555555555,2.5813535878984943,1
83,1,0,0,0,0,0,0,1,1,0,0,1,0,0,1,0,1,0,1,0,1,0,0,1,0,0,1,0,0,0,1,0,0,1,0,1,0.19444444444444445,8.71471130445838,1
84,1,0,1,0,0,0,0,1,1,1,0,1,1,0,1,0,1,0,1,0,1,0,0,0,0,0,1,1,0,0,1,0,0,1,1,1,0.2777777777777778,16.377727453791834,1
85,1,0,0,1,0,0,0,0,1,1,0,0,0,1,1,0,1,0,0,0,1,0,0,0,0,1,1,1,0,0,1,0,0,1,1,1,0.25,15.533126999916218,1
86,0,0,0,0,1,0,1,1,0,0,0,1,1,0,1,0,1,0,0,0,1,0,0,0,0,0,1,0,0,0,1,0,0,1,0,1,0.2222222222222222,8.232603742879482,1
87,0,0,0,1,0,0,0,0,0,0,0,1,1,0,1,0,1,0,0,0,0,0,1,0,0,0,1,0,0,0,1,1,0,0,0,1,0.08333333333333333,3.272693838375858,1
88,0,0,1,1,0,1,1,0,1,1,0,0,0,1,1,1,0,0,0,1,0,0,0,0,1,1,1,0,0,1,1,1,1,0,0,0,0.05555555555555555,16.168460058407742,1
89,1,0,0,0,1,0,1,1,1,1,0,0,0,0,1,0,1,0,0,0,1,0,0,1,0,1,1,0,0,1,1,0,0,1,0,1,0.3055555555555556,16.297972037985286,1
90,1,0,0,1,0,1,0,0,1,0,0,0,1,0,1,0,1,0,0,1,1,0,0,1,0,0,0,0,0,0,0,0,0,1,0,0,0.05555555555555555,8.51160772528402,1
91,0,0,1,0,0,0,1,0,0,0,0,1,1,0,1,0,1,1,0,1,1,0,0,1,1,0,1,0,0,0,1,0,0,0,0,0,0.08333333333333333,2.5222750149646918,1
92,1,0,0,0,0,0,1,1,1,1,0,1,1,0,1,0,1,0,1,0,1,0,1,0,1,0,1,1,0,0,1,0,0,1,1,0,0.3055555555555556,11.134492211805721,1
93,1,0,0,1,0,0,1,1,0,1,0,1,1,0,1,0,1,0,1,0,1,0,1,0,0,1,1,1,0,0,1,0,0,1,0,1,0.3611111111111111,16.018526446225895,1
94,1,1,0,0,0,0,0,1,0,0,0,0,1,1,1,0,0,1,0,0,0,0,1,0,0,1,0,0,1,0,1,0,0,0,1,1,0.1388888888888889,9.4681447220232,1
95,1,1,0,0,0,0,0,0,0,0,0,0,0,0,1,0,1,0,1,0,1,0,0,0,1,0,1,0,0,0,1,0,0,0,0,1,0.16666666666666666,5.961724293503085,1
96,0,1,1,1,0,1,0,0,0,0,1,0,0,1,0,1,0,1,0,1,0,0,1,1,1,0,0,0,1,0,0,1,1,0,0,0,0.3055555555555556,14.586884878133969,1
97,1,0,1,1,0,1,1,0,0,0,1,0,0,1,0,1,0,1,1,1,0,0,1,0,1,0,0,1,1,0,0,1,1,0,1,0,0.3611111111111111,15.303179932572386,1
98,1,1,1,0,1,0,0,0,0,0,1,1,1,0,0,0,0,1,1,0,0,0,1,0,1,1,0,1,0,0,0,0,1,0,1,1,0.1111111111111111,14.458854767707153,1
99,1,1,0,0,0,0,1,1,0,1,0,0,1,0,1,0,1,1,0,0,1,0,0,1,0,0,0,0,0,1,1,0,0,1,1,1,0.25,15.917595785145915,1
