,0,1,2,3,4,5,6,7,8,9,10,11,12,13,14,15,16,17,18,19,20,21,22,23,24,25,26,27,28,29,30,31,32,33,34,35,chain_break_fraction,energy,num_occurrences
0,0,1,0,0,0,1,1,0,0,1,1,1,0,1,1,1,0,1,1,1,0,1,0,0,0,0,0,1,0,1,1,0,0,0,1,0,0.2222222222222222,23.2816736631313,1
1,1,1,0,0,0,1,1,0,0,1,0,1,0,1,1,1,0,1,1,1,0,1,0,0,0,0,0,1,0,1,0,0,1,0,1,0,0.2222222222222222,25.411889410125337,1
2,1,1,0,0,0,1,1,0,1,1,1,1,0,1,1,1,0,1,1,1,0,1,0,0,0,0,1,1,0,1,0,0,0,0,1,0,0.2777777777777778,31.48034806656307,1
3,0,1,0,0,1,0,1,0,1,0,0,1,0,1,1,1,0,0,1,1,0,0,0,0,0,1,1,1,0,0,1,0,1,0,1,0,0.1388888888888889,3.9570117658071653,1
4,1,1,0,0,0,0,1,0,0,1,1,1,0,1,1,1,0,1,1,1,0,1,0,0,0,0,0,1,0,1,0,0,1,0,1,0,0.2222222222222222,16.718463687534506,1
5,1,1,0,0,0,0,1,0,0,1,1,1,0,1,1,1,0,1,1,1,0,1,0,0,0,0,1,1,0,1,0,0,1,0,1,0,0.19444444444444445,13.517659890710082,1
6,1,1,0,0,0,1,1,0,0,0,1,1,0,1,1,1,0,1,1,1,0,1,0,1,0,0,0,1,0,1,1,0,1,0,1,0,0.19444444444444445,19.103797735286367,1
7,1,1,0,0,0,0,1,0,0,0,1,1,0,1,1,1,0,0,1,1,0,1,0,0,0,0,1,1,0,1,0,0,1,0,0,0,0.16666666666666666,4.747054444489599,1
8,1,1,0,0,0,0,1,0,1,0,1,1,0,1,1,1,0,1,1,1,0,1,0,0,0,0,1,1,0,1,0,0,1,0,1,0,0.19444444444444445,10.517168114539889,1
9,1,1,0,0,1,1,1,0,0,1,1,1,0,1,1,1,0,1,1,1,0,1,0,0,0,0,1,1,0,1,1,0,1,0,1,0,0.25,25.785186672621812,1
10,0,1,0,0,0,1,1,0,0,0,0,1,0,1,1,1,0,1,1,1,0,1,0,0,0,0,0,1,0,1,0,0,0,0,1,0,0.2222222222222222,17.958346010768278,1
11,1,1,0,0,0,1,1,0,0,0,0,1,0,1,1,1,0,1,1,1,0,1,0,0,0,0,1,1,0,1,0,0,0,0,0,0,0.25,20.409181401136834,1
12,0,1,0,0,0,0,1,0,1,0,1,1,0,1,1,1,0,0,1,1,0,1,0,0,0,0,1,1,0,1,1,0,0,0,0,0,0.19444444444444445,4.996895075797515,1
13,1,0,1,0,1,0,0,1,1,0,1,0,1,0,0,0,1,1,0,1,1,0,1,0,1,0,0,0,1,0,0,1,0,1,0,1,0.19444444444444445,9.889718273581877,1
14,1,1,0,0,0,1,1,0,0,1,1,1,0,1,1,1,0,1,1,1,0,1,0,0,1,0,0,1,0,1,0,0,0,0,1,0,0.25,26.979856287647042,1
15,1,1,0,0,0,1,1,0,0,0,1,1,0,1,1,1,0,1,1,1,0,1,0,0,0,0,1,1,0,1,1,0,1,0,0,0,0.25,16.811204248558354,1
16,1,1,0,0,0,1,1,0,0,1,1,1,0,1,1,1,0,1,1,1,0,1,0,0,0,0,1,1,0,1,0,0,1,0,1,0,0.2222222222222222,23.074729319526078,1
17,0,1,0,0,0,1,1,0,0,1,1,1,0,1,1,1,0,0,0,1,0,1,0,0,0,0,1,1,0,1,1,0,0,0,1,0,0.25,12.664970606204811,1
18,1,1,0,0,0,1,1,0,0,1,1,1,0,1,1,1,0,1,1,1,0,1,1,0,0,0,0,1,0,1,0,0,0,0,0,0,0.25,32.975987509085684,1
19,0,1,0,0,0,1,1,0,1,0,1,1,0,1,1,1,0,1,1,1,0,1,0,0,0,0,1,1,0,1,1,0,0,0,1,0,0.25,16.078408805599853,1
20,0,1,0,0,0,1,1,0,1,0,1,1,0,1,1,1,0,0,1,1,0,1,0,0,1,0,0,1,0,1,1,0,1,0,0,0,0.2222222222222222,7.839625530239555,1
21,0,1,0,0,0,1,1,0,0,1,1,1,0,1,1,1,0,0,1,1,0,1,0,0,0,1,0,1,0,1,0,0,0,0,1,0,0.2222222222222222,12.75398698344029,1
22,0,1,0,0,0,1,1,0,0,0,1,1,0,1,1,1,0,1,1,1,0,1,0,1,0,0,0,1,0,1,1,0,0,0,1,0,0.2777777777777778,18.052041020022315,1
23,0,1,0,0,0,1,1,0,0,1,0,1,0,1,1,1,0,0,1,1,0,1,0,0,0,0,1,1,0,1,1,0,1,0,0,0,0.2222222222222222,10.072810764829391,1
24,0,0,1,1,1,1,0,1,1,0,1,0,1,0,0,0,1,0,0,0,1,0,1,0,1,1,0,0,1,1,0,1,1,1,0,1,0.16666666666666666,20.920021507142373,1
25,0,1,0,0,0,1,1,0,1,0,0,1,0,1,1,1,0,1,1,1,0,1,0,0,0,0,0,1,0,1,0,0,0,0,0,0,0.25,22.425427309475488,1
26,0,1,0,0,0,1,1,1,0,1,1,1,0,1,1,1,0,0,1,1,0,1,0,0,0,0,0,1,0,1,0,0,1,0,1,0,0.25,19.477936439850517,1
27,0,1,0,0,0,1,1,0,1,0,1,1,0,1,1,1,0,0,1,1,0,1,0,0,0,0,1,1,0,1,0,0,1,0,1,0,0.25,8.42490289112771,1
28,1,0,1,0,1,1,0,1,1,0,1,0,1,0,0,0,1,0,0,1,1,0,1,0,1,0,0,0,1,0,0,1,0,1,0,1,0.2222222222222222,11.19629159031743,1
29,0,1,0,0,0,1,1,0,1,0,0,1,0,1,1,1,0,0,1,1,0,1,0,0,0,1,1,1,0,1,1,0,0,0,1,0,0.25,11.786186025080326,1
30,0,0,1,0,1,1,0,1,1,0,1,0,1,0,0,0,1,1,0,1,1,0,1,0,1,0,0,0,1,0,0,1,0,1,0,1,0.16666666666666666,13.078151083845013,1
31,1,0,1,0,1,0,0,1,1,0,1,0,1,0,0,0,1,1,0,1,1,0,0,0,1,1,0,0,1,0,0,1,0,1,0,1,0.16666666666666666,10.807038157251583,1
32,1,0,1,0,1,0,0,1,1,0,1,0,1,0,0,0,1,1,0,1,1,0,1,0,1,0,0,0,1,0,0,1,1,1,0,1,0.16666666666666666,11.751275164721312,1
33,0,1,0,0,1,1,1,0,0,0,1,1,0,1,1,1,0,0,1,1,0,1,0,0,0,0,0,1,0,1,1,0,0,0,1,0,0.25,12.860533213892179,1
34,0,1,0,0,0,1,1,0,1,0,1,1,0,1,1,1,0,0,1,1,0,1,0,0,1,0,0,1,0,1,1,0,1,0,1,0,0.2222222222222222,8.082563700346547,1
35,1,0,0,0,1,0,0,1,1,0,1,0,1,0,0,0,1,1,0,1,1,0,0,0,1,0,0,0,1,0,0,1,0,1,0,1,0.1388888888888889,8.399045999381347,1
36,1,0,1,0,0,0,0,1,1,0,1,0,1,0,1,0,1,1,0,1,1,0,1,0,1,0,0,0,1,0,0,1,0,1,0,1,0.2222222222222222,9.1485638104238,1
37,0,1,0,0,0,1,1,1,1,0,0,1,0,1,1,1,0,1,1,1,0,1,0,0,0,0,1,1,0,1,1,0,1,0,1,0,0.25,18.28709464117304,1
38,1,0,1,0,1,0,1,1,1,0,1,0,1,0,0,0,1,1,0,1,1,0,1,0,1,0,1,0,1,0,0,1,0,1,0,1,0.19444444444444445,10.81934363090422,1
39,0,1,0,0,0,1,0,0,0,0,1,1,0,1,1,1,0,0,0,1,0,1,0,0,0,0,1,1,0,1,1,0,0,0,1,0,0.1388888888888889,8.422995766869203,1
40,1,0,1,0,1,0,0,0,1,0,1,0,1,0,0,0,1,1,1,1,1,0,1,0,1,0,0,0,1,0,0,1,0,1,0,1,0.25,14.822755261088945,1
41,0,0,1,1,1,1,0,1,1,0,1,0,1,0,0,0,1,0,0,0,1,1,1,0,1,1,0,0,1,0,0,1,1,1,0,1,0.19444444444444445,17.771331958531878,1
42,0,1,0,0,0,1,1,1,1,0,1,1,0,1,1,1,0,0,1,1,0,1,0,0,1,1,0,1,0,1,1,0,1,0,1,0,0.16666666666666666,11.564171141975777,1
43,1,0,1,0,1,1,0,1,0,0,1,0,1,0,0,0,1,0,0,0,1,0,1,0,1,1,0,0,1,1,0,1,1,1,0,1,0.2222222222222222,21.127968281104963,1
44,1,0,1,1,1,0,0,1,1,0,1,0,1,0,0,0,1,0,0,1,1,0,1,0,1,1,0,0,1,0,0,1,0,1,0,1,0.1388888888888889,16.686417246951624,1
45,0,0,1,1,1,0,0,0,1,0,1,0,1,0,0,0,1,1,0,0,1,0,1,0,1,0,0,0,1,0,0,1,0,1,0,1,0.19444444444444445,7.946361493756699,1
46,1,0,1,1,1,1,0,1,1,0,1,0,1,0,0,0,1,0,0,1,1,0,1,1,1,1,0,0,1,0,0,1,1,1,0,1,0.2222222222222222,28.080257167521403,1
47,0,0,1,0,1,1,0,1,1,0,1,0,1,0,0,0,1,0,0,0,1,0,1,0,1,0,1,0,1,1,0,1,1,1,0,1,0.2777777777777778,17.591703079747063,1
48,0,0,1,1,1,1,0,1,1,0,1,0,1,0,0,0,1,0,0,0,1,0,0,0,1,1,1,0,1,0,0,1,0,1,1,1,0.19444444444444445,13.408784221909354,1
49,0,0,1,1,1,1,0,1,1,0,1,0,1,0,0,0,1,0,0,0,1,0,0,1,1,1,1,0,1,0,0,1,0,1,0,1,0.25,17.069488825216744,1
50,1,0,0,1,1,1,0,1,1,0,1,0,1,0,0,0,1,0,0,0,1,0,1,0,1,1,0,0,1,1,0,1,1,1,0,1,0.2222222222222222,18.46473469991156,1
51,0,1,0,0,0,1,1,0,0,1,0,1,0,1,0,1,0,0,1,1,0,1,0,1,0,0,1,1,0,1,0,0,0,0,1,0,0.25,15.58263279074998,1
52,0,1,0,0,1,1,1,0,0,0,1,1,0,1,1,1,0,0,1,1,0,1,0,0,0,0,0,1,0,1,0,0,1,0,1,0,0.25,12.042246773130588,1
53,1,0,1,1,1,1,0,1,1,0,1,0,1,0,0,0,1,0,0,0,1,1,1,0,1,1,1,0,1,0,0,1,1,1,0,1,0.2222222222222222,17.94289123313323,1
54,1,0,0,1,1,1,0,0,1,0,1,0,1,0,0,0,1,0,0,0,1,0,1,0,1,1,1,0,1,0,0,1,0,1,0,1,0.2222222222222222,12.013586522968707,1
55,0,1,0,0,0,1,1,0,0,0,1,1,0,1,1,1,0,0,0,1,0,1,0,1,0,0,1,1,0,1,0,0,0,0,1,0,0.2222222222222222,11.808109697059729,1
56,0,1,0,0,0,1,1,0,0,1,1,1,0,1,1,1,0,1,1,1,0,1,0,0,0,0,0,1,0,1,0,0,0,0,1,0,0.3611111111111111,26.497601820366643,1
57,1,0,1,1,1,0,0,1,1,0,1,0,1,0,0,0,1,1,0,1,1,0,1,0,1,0,1,0,1,0,0,1,0,1,0,1,0.19444444444444445,12.663155993911001,1
58,1,0,1,1,0,1,0,1,1,1,1,0,1,0,0,0,1,0,0,1,1,0,1,0,1,1,1,0,1,0,0,1,0,1,0,1,0.2222222222222222,19.57759067670829,1
59,1,0,1,1,0,1,0,0,1,1,1,0,1,0,0,0,1,1,0,0,1,0,0,0,1,1,1,0,1,0,0,1,0,1,0,1,0.2222222222222222,12.768389942824458,1
60,1,0,1,1,1,1,0,1,1,0,1,0,1,0,0,0,1,0,0,0,1,1,1,0,1,1,0,0,1,0,0,1,0,1,0,1,0.16666666666666666,13.907664726323533,1
61,1,0,1,1,0,1,0,0,1,0,1,0,1,0,0,0,1,1,0,1,1,0,1,0,1,0,0,0,1,0,0,1,0,1,0,1,0.25,13.942581173960349,1
62,1,0,1,1,1,1,0,1,1,0,0,0,1,0,0,0,1,1,0,0,1,0,1,0,1,0,1,0,1,1,0,1,0,1,0,1,0.19444444444444445,19.214132727673356,1
63,0,0,0,1,0,0,0,1,1,0,1,0,1,0,0,0,1,0,0,1,1,0,0,0,1,0,1,0,1,0,0,1,0,1,0,1,0.16666666666666666,14.915668730462047,1
64,1,0,0,0,1,0,0,1,1,0,1,0,1,0,0,0,1,1,0,0,1,0,1,0,1,0,0,0,1,0,0,1,0,1,0,1,0.19444444444444445,6.282940628983952,1
65,1,0,0,1,1,0,0,1,1,0,0,0,1,0,0,0,1,1,0,0,1,0,0,0,1,1,0,0,1,1,0,1,1,1,0,1,0.16666666666666666,17.51944566282492,1
66,0,0,1,1,1,0,0,1,1,0,1,0,1,0,0,0,1,1,0,0,1,0,1,0,1,1,0,0,1,1,0,1,0,1,0,1,0.2222222222222222,16.54234456530211,1
67,0,0,1,1,1,1,0,1,0,0,0,0,1,0,0,0,1,1,0,0,1,0,1,0,1,0,1,0,1,1,0,1,0,1,0,1,0.2222222222222222,19.482062355236636,1
68,0,0,1,1,1,1,0,1,1,0,1,0,1,0,0,0,1,0,0,0,1,0,0,1,1,1,0,0,1,0,1,1,1,1,0,1,0.2777777777777778,20.130526515106162,1
69,1,0,1,0,1,1,0,1,1,0,1,0,1,0,0,0,1,1,0,0,1,0,0,1,1,0,0,0,1,0,0,1,1,1,1,1,0.16666666666666666,15.53162161831843,1
70,0,0,1,1,1,1,0,1,1,0,1,0,1,0,0,0,1,0,0,0,1,0,1,0,1,1,0,0,1,0,1,1,0,1,0,1,0.2222222222222222,13.696964642119465,1
71,0,0,1,1,0,1,0,1,1,1,1,0,1,0,0,0,1,0,0,0,1,0,0,0,0,1,0,0,1,0,0,1,0,1,0,1,0.19444444444444445,12.969741646739,1
72,1,0,0,1,1,1,0,1,1,0,1,0,1,0,0,0,1,0,0,0,1,0,1,0,0,1,0,0,1,1,0,1,0,1,0,1,0.16666666666666666,14.321712855687183,1
73,0,0,1,0,0,1,0,1,1,0,1,0,1,0,0,0,1,0,0,0,1,0,0,0,1,0,1,0,1,0,0,1,1,1,0,1,0.2222222222222222,7.249429343241336,1
74,1,0,1,0,0,1,0,1,0,0,1,0,1,0,0,0,1,0,0,0,1,0,1,0,1,0,1,0,1,0,0,1,0,1,0,1,0.2222222222222222,7.114531981296341,1
75,0,1,0,0,0,1,1,0,0,1,1,1,0,1,1,1,0,0,1,1,0,1,0,1,0,0,0,1,0,1,1,0,1,0,0,0,0.3611111111111111,13.23942934180291,1
76,0,0,1,0,1,1,1,0,1,0,1,0,1,0,0,0,1,0,0,0,1,0,1,0,1,0,0,0,1,0,0,1,1,1,0,1,0.25,7.894664046124582,1
77,1,0,0,1,0,0,0,1,1,0,1,0,1,0,0,0,1,1,0,0,1,0,1,0,0,1,0,0,1,1,0,1,0,1,0,1,0.16666666666666666,13.095081273545784,1
78,1,0,1,0,1,1,0,1,1,0,1,0,1,0,0,0,1,1,1,1,1,0,1,0,1,0,0,0,1,0,0,1,0,1,0,1,0.25,15.151946728706376,1
79,1,0,0,1,1,1,0,1,1,0,1,0,1,0,0,0,1,0,0,0,1,0,0,0,1,1,1,0,1,0,0,1,0,1,0,1,0.2222222222222222,8.743089652477435,1
80,1,0,0,0,0,1,0,1,0,0,1,0,1,0,0,0,1,1,0,0,1,0,1,0,1,0,1,0,1,0,0,1,0,1,0,1,0.19444444444444445,8.415358415428134,1
81,1,0,1,0,1,1,0,1,1,0,1,0,1,0,0,0,1,1,0,0,1,0,0,0,1,1,0,0,1,0,1,1,0,1,0,1,0.2222222222222222,10.97351331311728,1
82,1,0,1,0,1,0,0,1,1,0,1,0,1,0,0,0,1,1,0,1,1,0,1,0,1,0,1,0,1,0,0,1,1,1,0,1,0.25,13.339419114279684,1
83,1,0,0,0,0,0,0,1,1,1,1,0,1,0,0,0,1,1,0,1,1,0,0,0,1,0,1,0,1,0,0,1,0,1,0,1,0.19444444444444445,10.036109961443481,1
84,0,0,0,0,1,0,0,0,0,0,1,0,1,0,0,0,1,1,0,0,1,0,1,0,1,0,0,1,1,0,0,1,0,1,0,1,0.25,16.024711346551904,1
85,1,0,0,1,0,0,0,1,1,1,1,0,1,0,0,0,1,1,0,1,1,0,0,0,1,1,0,0,1,0,1,1,0,1,0,1,0.19444444444444445,15.512510709581974,1
86,0,0,1,0,1,1,1,1,1,0,1,0,1,0,0,0,1,0,0,1,1,0,1,0,1,0,1,0,1,0,0,1,0,1,0,1,0.25,14.066352971737146,1
87,0,0,1,0,1,1,0,1,0,0,1,0,1,0,0,0,1,0,0,0,1,0,0,0,1,0,0,0,0,0,1,1,1,1,0,1,0.2222222222222222,8.446618052599273,1
88,0,0,1,0,1,0,0,1,1,1,0,0,1,0,0,0,1,0,0,0,1,0,1,0,0,1,0,0,1,0,0,1,1,1,0,1,0.16666666666666666,14.346387996354233,1
89,1,0,1,1,1,0,0,1,0,1,1,0,1,0,0,0,1,1,0,1,1,0,0,0,1,1,1,0,1,0,0,1,0,1,1,1,0.16666666666666666,17.784052725073074,1
90,1,0,0,1,0,1,0,0,0,0,1,0,1,0,0,0,1,0,0,1,1,0,1,0,1,0,0,0,1,0,0,1,0,1,0,1,0.1111111111111111,15.038711273460192,1
91,0,0,1,1,0,1,0,1,1,1,1,0,1,0,0,0,1,0,0,0,1,0,0,0,1,1,0,0,1,0,1,1,0,1,0,1,0.25,13.482356170589096,1
92,1,0,1,0,0,1,0,1,1,0,1,0,1,0,0,0,1,0,1,0,1,0,0,0,1,1,0,0,1,0,0,1,1,1,0,1,0.2222222222222222,10.967237539171535,1
93,1,1,0,0,0,1,1,0,1,0,1,1,0,1,1,1,0,1,1,1,0,1,0,0,0,0,0,1,0,1,1,0,0,0,1,0,0.2222222222222222,23.89791064239931,1
94,0,0,1,1,0,0,0,1,1,0,1,0,1,0,0,0,1,1,0,0,1,0,0,1,1,1,0,0,1,0,0,1,0,1,0,1,0.2222222222222222,14.010718361998784,1
95,0,0,1,0,0,1,0,1,1,0,1,0,1,0,0,0,1,0,0,0,1,0,1,0,0,1,1,0,1,0,0,1,1,1,0,1,0.2222222222222222,13.565868330060523,1
96,0,0,1,1,0,1,0,1,1,0,1,0,1,0,0,0,1,0,0,0,1,0,1,0,1,0,0,0,1,1,0,1,0,1,0,1,0.25,13.589757688582095,1
97,0,0,1,1,1,0,0,1,1,0,1,0,1,0,0,0,1,1,0,1,1,0,1,1,1,0,1,0,1,0,0,1,1,1,0,1,0.16666666666666666,24.687922341041165,1
98,0,0,0,1,0,1,0,1,1,1,1,0,1,0,0,0,1,1,0,1,1,1,0,0,0,1,0,0,1,0,0,1,0,1,0,1,0.2222222222222222,17.573139226608877,1
99,1,0,1,1,1,1,0,1,1,0,0,0,1,0,0,0,1,0,0,0,1,0,1,0,0,1,1,0,1,0,0,1,0,1,0,1,0.2777777777777778,13.21367313375821,1
