,0,1,2,3,4,5,6,7,8,9,10,11,12,13,14,15,16,17,18,19,20,21,22,23,24,25,26,27,28,29,30,31,32,33,34,35,chain_break_fraction,energy,num_occurrences
0,1,0,1,0,1,0,1,0,0,0,1,1,0,1,1,0,0,0,0,1,0,1,0,0,1,1,1,0,0,0,0,1,0,1,1,1,0.2777777777777778,23.164205055446367,1
1,1,0,1,0,1,0,1,0,0,0,1,1,0,1,1,0,0,1,1,1,0,0,0,0,1,1,1,0,0,0,0,1,0,0,1,1,0.2222222222222222,8.25455860989822,1
2,1,0,1,0,1,0,1,0,0,0,1,1,0,1,1,0,0,1,0,1,0,1,0,0,1,1,0,0,0,0,0,1,1,1,1,1,0.2777777777777778,20.21622017682388,1
3,0,0,0,1,0,1,0,1,1,0,0,0,1,0,0,1,1,0,1,0,1,0,1,1,0,1,0,1,1,1,1,0,0,0,0,0,0.2222222222222222,19.997396313765265,1
4,0,0,0,1,0,1,0,1,1,0,0,0,1,0,0,1,1,0,1,0,1,0,1,1,0,0,0,1,0,1,1,0,0,0,0,0,0.3055555555555556,15.85860305290885,1
5,0,0,0,1,0,1,0,1,1,0,0,0,1,0,0,1,1,0,1,0,1,0,1,1,0,0,0,1,1,1,1,1,0,0,0,0,0.2777777777777778,28.378023006436642,1
6,0,1,0,1,0,1,0,1,1,0,0,0,1,0,0,1,1,0,1,0,1,0,1,0,0,1,0,1,1,1,1,0,0,0,0,0,0.19444444444444445,14.082477146847014,1
7,0,0,0,1,0,1,0,1,1,0,0,0,1,0,0,1,1,0,1,0,1,0,0,1,0,0,0,1,0,1,1,1,0,0,0,0,0.2222222222222222,20.269325612496104,1
8,0,1,0,1,0,1,0,1,1,0,0,0,1,0,0,1,1,0,1,0,1,0,1,1,0,1,0,1,0,1,1,0,0,0,0,0,0.19444444444444445,17.367240035849395,1
9,0,0,0,1,0,1,0,1,1,0,0,0,1,0,0,1,1,0,1,0,1,0,1,1,0,0,0,1,1,1,1,1,0,0,0,0,0.25,28.378023006436642,1
10,0,0,0,1,0,1,0,1,1,0,0,0,1,0,0,1,1,0,1,1,1,0,1,1,0,0,0,1,1,1,1,0,0,0,0,0,0.2777777777777778,21.804128394896598,1
11,1,0,1,0,1,0,1,0,0,0,0,1,0,1,1,0,0,1,0,1,0,1,0,0,1,1,1,0,0,0,0,1,1,1,1,1,0.3333333333333333,26.212428307173752,1
12,1,0,0,0,1,0,1,0,0,0,1,1,0,1,1,0,0,0,0,1,0,1,0,0,1,1,1,0,0,0,0,1,0,1,1,1,0.3055555555555556,26.0689108565716,1
13,0,1,0,1,0,1,0,1,1,0,0,0,1,0,0,1,1,0,1,0,1,0,1,1,0,0,0,1,1,1,1,0,0,0,0,0,0.2222222222222222,20.76107265942018,1
14,0,1,0,1,0,1,0,1,1,0,0,0,1,0,0,1,1,0,1,0,1,0,1,1,0,1,0,1,1,1,1,0,0,0,0,0,0.2222222222222222,19.829282647673153,1
15,1,0,1,0,1,0,1,0,0,0,1,1,0,1,1,0,0,1,1,0,0,1,0,0,1,0,1,0,0,0,0,1,0,0,1,1,0.25,10.006178748448448,1
16,0,1,0,1,0,1,0,1,1,0,0,0,1,0,0,1,1,0,1,0,1,0,1,1,0,0,0,1,1,1,1,1,0,0,0,0,0.25,28.92826650552973,1
17,0,1,0,1,0,1,0,1,1,0,0,0,1,0,0,1,1,0,1,0,1,0,1,1,0,1,0,1,1,1,1,0,0,0,0,0,0.19444444444444445,19.829282647673153,1
18,1,0,1,0,1,0,1,0,0,0,1,1,0,1,1,0,0,1,1,1,0,0,0,0,1,1,1,0,0,0,0,1,0,1,0,1,0.2222222222222222,12.352092414265075,1
19,0,0,0,1,0,1,0,1,1,0,0,0,1,0,0,1,1,0,1,0,1,0,1,1,0,0,0,1,1,1,1,0,0,0,0,0,0.25,18.20921110339206,1
20,0,1,0,1,0,1,0,1,1,0,0,0,1,0,0,1,1,0,0,1,1,0,1,1,0,1,0,1,0,1,1,0,0,0,0,0,0.2222222222222222,18.6493703910173,1
21,0,0,1,0,0,1,0,1,1,0,0,0,1,0,0,1,1,0,1,0,1,0,1,1,0,0,0,1,1,1,1,1,0,0,0,0,0.19444444444444445,27.841887813834227,1
22,0,1,0,1,0,1,0,1,1,0,0,0,0,0,0,1,1,0,1,0,1,0,1,1,0,0,0,1,0,1,1,1,0,0,0,0,0.2222222222222222,25.210469311236995,1
23,1,0,0,0,1,0,1,0,0,1,1,1,0,1,1,0,0,1,0,1,0,1,0,0,1,1,1,0,0,0,0,1,1,1,1,1,0.3055555555555556,24.35348357137324,1
24,0,0,0,1,0,1,0,1,1,0,0,0,1,0,0,1,1,0,0,0,1,0,1,1,0,0,0,1,1,1,1,0,0,0,0,0,0.2777777777777778,18.411752457639803,1
25,0,0,0,1,0,1,0,1,1,0,0,0,1,0,0,1,1,0,0,0,1,0,1,1,0,0,0,1,0,1,1,0,0,0,0,0,0.3055555555555556,16.576494324821162,1
26,0,1,0,0,0,1,0,1,1,0,0,0,1,0,0,1,1,0,1,0,0,0,1,1,0,0,0,1,1,1,1,1,0,0,0,0,0.19444444444444445,22.86945501513158,1
27,0,1,0,1,0,1,0,1,1,0,0,0,0,0,0,1,1,0,1,0,1,0,1,1,0,0,0,1,1,1,1,1,0,0,0,0,0.2777777777777778,28.91971977699887,1
28,0,0,1,0,0,1,0,1,1,0,0,0,1,0,0,1,1,0,1,0,1,0,1,1,0,0,0,1,1,1,1,0,0,0,0,0,0.25,16.67307590400958,1
29,0,0,0,1,0,1,0,1,1,0,0,0,1,0,0,1,1,0,1,0,1,0,1,1,0,0,0,1,1,1,1,0,0,0,0,0,0.2777777777777778,18.20921110339206,1
30,0,1,0,1,0,1,0,1,1,0,0,0,1,0,0,1,1,0,1,1,1,0,1,0,0,1,0,1,1,1,1,0,0,0,0,0,0.25,15.454993594756985,1
31,0,0,0,1,0,1,0,1,1,0,0,0,1,0,0,1,1,0,1,0,1,0,0,1,0,0,0,1,1,1,1,0,0,0,0,0,0.2777777777777778,15.369097873955488,1
32,0,0,0,1,0,1,0,1,1,0,0,0,1,0,0,1,1,0,1,0,1,0,1,1,0,1,0,1,1,1,1,0,0,0,0,0,0.2777777777777778,19.997396313765265,1
33,0,1,0,1,0,1,0,1,0,0,0,0,1,0,0,1,1,0,1,0,1,0,1,1,0,0,0,1,1,1,1,1,0,0,0,0,0.16666666666666666,28.34213519110396,1
34,0,0,0,0,0,1,0,1,1,0,0,0,1,0,0,1,1,0,0,0,1,0,1,1,0,0,0,1,0,1,1,0,0,0,0,0,0.2222222222222222,13.50422384986078,1
35,1,1,1,0,1,0,1,0,0,0,1,1,0,1,1,0,0,1,0,1,0,1,0,0,1,0,1,0,1,0,0,1,1,1,1,1,0.3888888888888889,24.518114173876334,1
36,0,0,0,1,0,1,0,1,1,0,0,0,1,0,0,1,1,0,1,1,1,0,1,1,0,0,0,1,1,1,1,1,0,0,0,0,0.2777777777777778,34.174718335736465,1
37,0,0,0,1,0,1,0,1,1,0,0,0,1,0,0,1,1,0,0,1,1,0,1,1,0,1,0,1,0,1,1,0,0,0,0,0,0.3333333333333333,18.81469739562437,1
38,0,1,0,1,0,1,0,1,1,0,0,0,1,0,0,0,1,0,0,0,1,0,1,1,0,1,0,1,1,1,1,1,0,0,0,0,0.19444444444444445,30.51960406781789,1
39,0,0,0,1,1,1,0,1,1,0,0,0,1,0,0,1,1,0,0,0,1,0,1,1,0,1,0,1,1,1,1,0,0,0,0,0,0.3055555555555556,16.699848802881974,1
40,1,0,1,0,1,0,1,0,0,0,1,1,0,1,0,0,0,1,0,1,0,1,0,0,1,1,1,0,1,0,0,1,0,1,1,1,0.2777777777777778,26.921993408410096,1
41,0,1,0,1,0,1,0,1,1,0,0,0,1,0,0,1,1,0,1,0,1,0,1,1,0,1,0,1,1,1,1,1,0,0,0,0,0.25,30.08348051665432,1
42,0,0,0,1,0,1,0,1,1,0,0,0,1,0,0,1,1,0,1,0,0,0,1,0,0,1,0,1,1,1,1,0,0,0,0,0,0.25,10.08638513149764,1
43,0,1,0,0,0,1,0,1,1,0,0,0,1,0,0,1,1,0,0,0,1,0,0,1,0,1,0,1,1,1,1,0,1,0,0,0,0.16666666666666666,16.802783201483116,1
44,0,1,0,1,0,1,0,1,1,0,0,0,1,0,0,1,1,0,1,0,1,0,1,1,0,0,0,1,0,1,1,1,0,0,0,0,0.2777777777777778,25.719750943058,1
45,1,0,1,0,1,0,1,0,0,1,1,0,0,1,1,0,0,0,1,0,0,1,0,0,1,1,1,0,0,0,0,1,0,0,1,1,0.19444444444444445,10.470648008940586,1
46,0,0,0,1,1,1,0,1,1,0,1,0,1,0,0,1,1,0,1,0,1,0,1,1,0,1,0,1,1,1,1,0,0,0,0,0,0.2777777777777778,16.517956183631895,1
47,1,0,1,0,1,0,1,0,0,1,1,1,0,1,1,0,0,0,0,1,0,0,0,0,1,1,1,0,0,0,0,1,1,1,1,1,0.25,17.655064335936792,1
48,0,0,0,0,0,1,0,1,1,0,0,0,1,0,0,1,1,0,1,0,0,0,0,1,0,0,0,1,0,1,1,1,0,0,0,0,0.19444444444444445,15.187662510155425,1
49,0,0,0,1,0,1,0,1,1,0,0,0,1,0,0,1,1,0,1,1,1,0,1,1,0,1,0,1,1,1,1,0,0,0,0,0,0.3611111111111111,25.592356942619524,1
50,0,0,0,1,0,1,0,1,1,0,0,0,1,0,0,1,1,0,1,1,1,0,1,1,0,1,0,1,0,1,1,0,0,0,0,0,0.3055555555555556,21.09682779238692,1
51,0,1,0,1,0,1,0,1,1,0,0,0,1,0,0,1,1,0,0,1,1,0,1,1,0,1,0,1,1,1,1,0,0,0,0,0,0.2777777777777778,21.626762920505627,1
52,0,0,0,1,0,1,0,1,1,1,0,0,1,0,0,1,1,0,1,0,1,0,1,1,0,1,0,1,1,1,1,0,0,0,0,0,0.25,23.067037349238873,1
53,0,1,0,0,0,1,0,1,1,0,0,0,1,0,0,1,1,0,0,0,1,0,1,1,0,1,0,1,0,1,1,1,0,0,0,0,0.25,24.208090973941186,1
54,0,1,1,1,0,1,0,1,1,0,0,0,1,0,0,1,1,0,1,0,1,0,1,1,0,1,0,1,1,1,1,1,0,0,0,0,0.25,30.668297149434398,1
55,0,0,0,1,0,1,0,1,1,0,0,0,1,0,0,1,1,0,1,0,1,0,0,1,0,0,0,1,0,1,1,1,0,0,0,0,0.3055555555555556,20.269325612496104,1
56,0,1,0,1,0,1,0,1,1,0,0,0,1,0,0,1,1,0,1,0,1,0,1,1,0,1,0,1,0,1,1,0,0,0,0,0,0.3333333333333333,17.367240035849395,1
57,0,1,0,1,0,1,0,1,1,0,0,0,1,0,0,1,1,0,1,0,1,0,1,1,0,0,0,1,1,1,1,0,0,0,0,0,0.25,20.76107265942018,1
58,0,1,0,1,0,1,0,1,1,0,1,0,1,0,0,1,1,0,1,0,1,0,0,1,0,0,0,1,1,1,1,0,0,0,0,0,0.25,20.444758085438192,1
59,0,1,1,1,0,1,0,1,1,0,0,0,1,0,0,1,1,0,1,0,1,0,1,1,0,0,0,1,1,1,1,1,0,0,0,0,0.16666666666666666,30.51439781995548,1
60,0,0,0,1,0,1,0,1,1,0,0,0,1,0,0,1,1,0,0,0,1,0,1,1,0,0,0,1,1,1,1,0,0,0,0,0,0.3333333333333333,18.411752457639803,1
61,0,1,0,1,0,1,0,1,1,0,0,0,1,0,0,1,1,0,0,0,1,0,1,1,0,1,0,1,0,1,1,1,0,0,0,0,0.2222222222222222,25.377724315696792,1
62,0,1,0,0,0,1,0,1,1,0,0,0,1,0,0,0,1,0,1,0,1,0,1,1,0,0,0,1,1,1,1,1,0,0,0,0,0.19444444444444445,30.091266498863604,1
63,0,1,0,1,0,1,0,1,0,0,0,0,1,0,0,1,1,0,1,0,1,0,0,1,0,0,0,1,1,1,1,0,0,0,0,0,0.25,16.835761342643604,1
64,0,1,0,1,0,1,0,1,1,0,0,0,1,0,0,1,1,0,1,0,1,0,1,1,0,1,0,1,0,1,1,1,0,0,0,0,0.3055555555555556,25.76074368976234,1
65,0,0,0,1,0,1,0,1,1,0,0,0,1,0,0,1,1,0,0,0,1,0,1,1,0,0,0,1,0,1,1,0,0,1,0,0,0.3055555555555556,21.542906095745185,1
66,0,1,0,1,1,1,0,1,1,0,0,0,1,0,0,1,1,0,1,0,1,0,0,1,0,1,0,1,1,1,1,0,1,0,0,0,0.19444444444444445,17.015660125038586,1
67,0,0,0,1,0,1,0,1,0,0,0,0,1,0,0,1,1,0,1,0,1,0,1,1,0,0,0,1,1,1,1,0,0,0,0,0,0.25,17.673075904009576,1
68,0,1,0,1,1,1,0,1,1,0,0,0,1,0,0,1,1,0,1,0,1,0,1,1,0,0,0,1,1,1,1,1,0,0,0,0,0.3055555555555556,26.749553171259958,1
69,0,0,1,1,0,1,0,1,1,0,0,0,0,0,0,1,1,0,1,0,1,0,1,1,0,0,0,1,0,1,1,1,0,0,0,0,0.2777777777777778,25.549621755666436,1
70,0,1,0,1,0,1,0,1,1,0,0,0,1,0,0,1,1,0,1,0,1,0,1,1,0,1,0,1,1,0,1,0,0,1,0,0,0.2222222222222222,19.939790733965317,1
71,0,1,0,1,0,1,0,1,1,0,0,0,1,0,0,1,1,0,0,0,1,0,1,1,0,1,0,1,1,1,1,0,1,0,1,0,0.19444444444444445,23.1462797421325,1
72,0,1,0,1,0,1,0,1,0,0,0,0,1,0,0,1,1,0,0,0,1,0,0,1,0,0,0,1,1,1,1,1,0,0,0,0,0.2222222222222222,24.293813110548005,1
73,0,1,0,1,0,1,0,1,1,0,0,0,1,0,0,1,1,0,0,1,1,0,0,1,0,0,0,1,1,1,1,1,0,0,0,0,0.2777777777777778,26.565417625211214,1
74,1,0,1,0,1,0,1,0,1,0,1,1,0,1,1,0,0,0,1,1,0,0,0,0,1,1,0,0,0,0,0,1,0,1,0,1,0.2222222222222222,10.704790461730067,1
75,0,0,1,1,0,1,0,1,0,0,0,0,1,0,0,1,1,0,1,0,1,0,0,1,0,1,0,1,0,1,1,0,0,0,0,0,0.25,13.46735459899464,1
76,0,1,0,0,0,1,1,1,1,0,0,0,1,0,0,1,1,0,0,0,0,0,1,1,0,0,0,1,1,1,1,1,0,0,0,0,0.16666666666666666,23.496828765599858,1
77,0,0,0,0,0,1,0,1,0,0,0,0,1,0,0,1,1,0,0,0,1,0,0,1,0,1,0,1,0,1,1,0,1,0,0,0,0.19444444444444445,15.738190221539194,1
78,0,1,1,1,0,1,0,1,1,0,0,0,1,0,0,1,1,0,1,0,1,0,1,1,0,0,0,1,0,1,1,1,0,0,0,0,0.3055555555555556,27.80588229558145,1
79,0,1,1,1,1,1,0,1,1,0,0,0,1,0,0,1,1,0,1,0,1,0,1,1,0,0,0,1,0,1,1,0,0,0,0,0,0.2777777777777778,23.217465935311676,1
80,0,1,0,0,0,1,0,1,1,0,0,0,1,0,0,1,1,0,0,1,1,0,1,1,0,1,0,1,0,1,1,0,0,0,0,0,0.2222222222222222,17.479737035701554,1
81,1,0,1,0,1,0,1,0,0,1,1,1,0,1,1,0,0,1,1,1,0,1,0,0,1,1,1,0,1,0,0,1,0,1,1,1,0.2777777777777778,25.401780642595085,1
82,1,0,1,0,1,0,1,0,0,0,1,1,0,1,1,0,0,1,1,1,0,0,0,0,1,1,1,0,0,0,0,1,0,1,1,1,0.25,14.580335981069387,1
83,0,0,1,1,0,1,0,1,1,0,0,0,1,0,0,1,1,0,0,0,1,0,1,1,0,0,0,1,1,1,1,0,0,1,0,0,0.2777777777777778,25.727579871243293,1
84,0,0,1,1,0,1,0,1,1,0,0,0,1,0,0,1,1,0,1,0,1,0,1,1,0,0,0,1,0,1,1,0,0,0,0,0,0.3611111111111111,17.894738290389032,1
85,1,1,0,0,1,0,1,0,0,1,1,1,0,1,1,0,0,1,0,1,1,1,0,0,1,0,1,0,0,0,0,1,1,1,1,1,0.3333333333333333,26.50442018140773,1
86,0,0,0,0,1,1,0,1,1,0,0,0,1,0,1,1,1,0,1,0,1,0,1,1,0,0,0,1,0,1,1,1,0,0,0,0,0.2222222222222222,20.64339596955999,1
87,0,0,0,0,0,1,0,1,1,0,0,0,1,0,0,1,1,0,0,0,1,0,0,1,0,1,0,1,0,1,1,0,0,0,0,0,0.19444444444444445,11.671194108992983,1
88,0,0,0,1,0,1,0,1,1,0,0,0,1,0,0,1,1,0,0,0,1,0,1,0,0,0,0,1,1,1,1,0,0,0,0,0,0.2222222222222222,13.842748047644148,1
89,0,1,0,0,0,1,0,1,1,0,0,0,1,0,0,0,0,0,1,0,1,0,1,1,0,0,0,1,0,1,1,1,0,0,0,0,0.19444444444444445,27.080186480981233,1
90,0,1,0,1,1,1,0,1,1,0,0,0,1,0,0,1,1,0,0,1,1,0,1,1,0,0,0,1,1,1,0,0,1,0,0,0,0.16666666666666666,19.63639069370414,1
91,1,0,1,0,1,0,1,0,0,1,1,1,0,1,1,0,0,1,1,1,0,1,0,0,1,1,1,0,0,0,0,1,0,1,1,1,0.2777777777777778,22.00977948384751,1
92,0,0,1,0,0,1,0,1,0,0,0,0,1,0,0,1,1,0,1,0,1,0,1,1,0,0,0,1,0,1,1,1,0,0,0,0,0.3333333333333333,24.094450279484967,1
93,0,1,0,1,0,1,0,1,1,0,0,0,1,0,0,1,1,0,1,1,1,0,1,1,0,0,0,1,1,1,1,0,0,0,0,0,0.3333333333333333,22.355989867735392,1
94,1,1,0,0,1,1,0,1,1,0,0,0,1,0,0,1,1,0,1,0,1,0,0,1,0,0,0,1,1,1,1,1,0,0,0,0,0.25,21.75701346154233,1
95,0,0,0,0,1,1,0,1,1,0,0,0,1,0,0,1,1,0,1,0,0,0,1,1,0,0,0,1,0,1,1,1,0,0,0,0,0.3333333333333333,16.65395561144166,1
96,0,0,0,0,0,1,0,1,1,0,1,0,1,0,0,1,1,0,1,0,1,0,0,1,0,0,0,1,0,1,1,1,0,0,0,0,0.3611111111111111,18.21991500824727,1
97,0,1,0,1,1,1,0,1,1,0,0,0,1,0,0,1,1,1,1,0,1,0,1,1,0,0,1,1,0,1,1,0,0,0,0,0,0.3611111111111111,26.666791854260413,1
98,0,1,0,1,1,1,0,1,1,0,0,0,1,0,0,1,1,0,0,0,1,0,1,1,0,0,0,1,1,1,1,1,0,0,0,0,0.2777777777777778,27.35344482953589,1
99,0,0,0,1,1,1,0,1,0,0,0,0,1,0,0,1,1,0,1,0,1,0,1,1,0,1,1,1,0,1,1,0,0,0,0,0,0.2222222222222222,17.85065339407305,1
