,0,1,2,3,4,5,6,7,8,9,10,11,12,13,14,15,16,17,18,19,20,21,22,23,24,25,26,27,28,29,30,31,32,33,34,35,chain_break_fraction,energy,num_occurrences
0,0,1,0,1,1,0,1,0,1,0,1,1,1,1,0,1,0,0,1,0,0,1,0,0,0,1,1,0,0,0,0,1,1,1,1,0,0.2222222222222222,16.13571793487828,1
1,0,1,0,0,1,0,1,0,0,0,1,1,1,0,0,0,0,0,1,0,0,1,0,0,0,1,1,0,0,0,0,1,1,1,0,0,0.3055555555555556,12.700459405135486,1
2,0,1,0,1,1,0,1,0,0,0,1,1,1,1,0,0,0,0,1,0,0,1,0,1,0,1,1,1,0,0,0,1,1,1,0,0,0.19444444444444445,22.166000871767693,1
3,0,1,0,1,1,0,0,0,0,0,1,1,1,1,1,0,0,0,1,0,0,1,0,1,0,1,1,1,0,0,0,1,1,1,0,0,0.2222222222222222,23.01908535688368,1
4,0,1,0,0,1,0,1,0,0,0,1,1,1,1,0,1,0,0,1,0,0,0,0,0,0,1,1,0,0,0,0,1,1,1,0,0,0.19444444444444445,8.325702745511723,1
5,0,1,0,0,1,0,1,0,1,0,1,1,1,0,0,0,0,0,1,0,0,0,0,0,0,1,1,0,0,0,1,1,1,1,0,0,0.25,7.110847309846692,1
6,0,1,0,1,1,0,0,0,0,0,1,1,1,1,0,0,0,0,1,0,0,1,0,1,0,1,0,0,0,0,1,1,1,1,0,0,0.2777777777777778,16.756245968767484,1
7,0,1,0,0,1,0,1,0,0,0,1,1,1,0,0,0,0,0,1,0,0,1,0,1,0,1,0,0,0,0,0,1,1,1,0,0,0.16666666666666666,16.142068842436057,1
8,0,1,0,0,1,0,1,0,0,0,0,1,1,0,0,0,0,0,1,0,0,1,0,0,0,1,1,1,0,0,0,1,1,1,0,0,0.2777777777777778,27.13846188353307,1
9,0,1,0,0,1,0,1,0,0,0,1,1,1,0,0,1,0,0,1,0,0,1,0,0,0,1,1,0,0,0,0,1,1,1,0,0,0.2777777777777778,11.687259096415122,1
10,0,1,0,1,1,0,1,0,0,0,1,1,1,1,0,1,0,0,1,0,0,1,0,0,0,1,0,0,0,0,0,1,1,1,1,0,0.19444444444444445,13.968394155071199,1
11,0,1,0,1,1,0,1,0,0,0,1,1,1,0,0,1,0,0,1,0,1,1,0,1,0,1,0,0,0,0,0,1,1,1,0,0,0.3333333333333333,17.85257166052837,1
12,0,1,0,1,1,0,1,0,1,0,1,1,1,1,0,1,0,0,1,0,0,1,0,0,0,1,1,0,0,0,0,1,1,1,1,0,0.3055555555555556,16.13571793487828,1
13,0,1,0,1,1,0,1,0,0,0,1,1,1,1,0,1,0,0,1,0,0,1,0,1,0,1,1,1,0,0,0,1,1,1,0,0,0.25,21.15278557269037,1
14,0,1,0,0,1,0,0,0,0,0,1,1,1,1,0,0,0,0,1,0,0,1,0,1,0,1,0,0,0,0,0,1,1,1,0,0,0.3055555555555556,13.67663080472433,1
15,1,0,1,0,0,1,0,1,0,1,1,0,0,0,0,0,1,0,0,1,1,0,1,0,1,0,0,0,1,1,1,1,0,0,1,1,0.3055555555555556,24.11144207024265,1
16,0,1,0,1,1,0,1,0,1,0,1,1,1,1,0,1,0,0,1,0,1,0,0,1,0,1,1,1,0,0,0,1,1,1,0,0,0.3055555555555556,17.694847784842366,1
17,0,1,0,0,1,0,1,0,1,0,1,1,1,0,0,0,0,1,1,0,0,1,0,1,0,1,0,0,0,0,1,1,1,1,0,0,0.3333333333333333,17.17842724515232,1
18,0,1,0,1,1,0,1,0,1,0,1,1,1,0,0,0,0,0,1,0,0,1,0,0,0,1,0,0,0,0,0,1,1,1,0,0,0.2777777777777778,11.536827235137073,1
19,0,1,0,0,1,0,1,0,0,0,1,1,1,1,0,1,0,0,1,0,0,1,0,1,0,1,0,1,0,0,0,1,1,1,0,0,0.2777777777777778,17.846152785190014,1
20,0,0,0,1,1,0,1,0,1,0,1,1,1,1,1,0,0,0,1,0,0,1,0,1,0,1,1,0,0,0,0,1,1,1,0,0,0.2777777777777778,13.393300703359259,1
21,0,1,0,0,1,0,1,0,0,0,1,1,1,1,1,0,0,0,1,0,1,0,0,1,0,1,0,0,0,0,0,1,1,1,0,0,0.3055555555555556,7.31746063848388,1
22,0,0,1,0,0,1,1,1,0,0,0,0,0,1,1,0,1,0,0,1,0,0,1,0,1,0,0,0,1,1,0,1,0,0,1,1,0.19444444444444445,11.8518728564909,1
23,0,1,0,0,1,0,1,0,1,0,1,1,1,1,0,0,0,0,1,0,0,1,0,1,0,1,0,0,0,0,1,1,1,1,0,1,0.2777777777777778,21.80405736598641,1
24,0,1,0,0,1,0,1,0,1,0,1,1,1,0,0,1,0,0,1,0,0,1,0,0,0,1,1,0,0,0,0,1,1,1,0,0,0.2777777777777778,11.361408525510104,1
25,0,1,0,1,1,0,0,0,0,0,1,1,1,1,0,0,0,0,0,0,0,1,0,1,0,1,0,0,0,0,0,1,1,1,1,0,0.2777777777777778,13.737744761763311,1
26,0,1,0,1,1,0,1,0,1,0,1,1,1,0,0,1,0,0,1,0,1,1,0,1,0,1,0,1,0,0,0,1,1,1,0,0,0.3055555555555556,26.435290325286964,1
27,0,1,0,0,1,0,0,0,1,0,1,1,1,1,0,0,0,0,1,0,0,0,0,1,0,1,0,0,0,0,0,1,1,1,0,0,0.25,5.888125516835247,1
28,0,1,0,0,1,0,1,0,0,0,1,1,1,1,0,0,0,0,1,0,1,1,0,1,0,1,0,0,0,0,0,1,1,1,0,0,0.3055555555555556,16.0613886749951,1
29,0,1,0,1,1,0,1,0,0,0,1,1,1,1,0,1,0,0,1,0,0,0,0,1,1,1,1,0,0,0,0,1,1,1,0,0,0.19444444444444445,11.365213975357447,1
30,1,0,1,0,1,1,0,1,0,0,0,0,0,1,0,0,1,0,0,1,0,0,1,0,1,0,0,0,1,0,1,1,0,0,0,1,0.2222222222222222,8.265970697128742,1
31,1,0,1,0,0,0,1,1,0,0,1,0,0,1,0,0,1,0,0,1,1,0,1,0,1,0,0,0,1,1,0,0,0,0,0,1,0.1388888888888889,3.9557240088133208,1
32,1,0,1,0,0,1,1,1,0,1,1,0,0,1,0,0,0,0,0,1,0,1,1,0,1,0,0,0,0,1,1,1,0,0,0,1,0.1388888888888889,16.14575706662874,1
33,0,1,0,1,0,0,1,0,0,0,1,1,1,1,0,1,0,0,1,0,0,1,0,0,0,1,1,1,0,0,0,1,1,1,0,0,0.3055555555555556,16.742274055463312,1
34,0,1,0,0,1,0,1,0,0,0,1,1,1,1,0,0,0,0,1,0,0,1,0,1,0,1,1,0,0,0,0,1,1,1,0,0,0.3055555555555556,14.901006581380017,1
35,0,0,0,1,1,0,1,0,0,0,1,1,1,0,0,0,0,0,0,0,0,0,0,1,1,1,0,0,0,0,0,1,1,1,0,0,0.1388888888888889,8.17630356301784,1
36,0,1,0,1,1,0,0,0,0,0,1,1,1,1,1,0,0,0,1,0,1,1,0,0,0,1,1,0,0,0,0,1,1,1,1,0,0.25,15.551470503576164,1
37,0,1,0,1,1,0,1,0,1,0,1,1,1,0,0,1,0,0,1,0,0,1,0,1,0,1,0,0,0,0,0,1,1,1,0,0,0.2777777777777778,15.651306830614322,1
38,1,0,1,0,1,1,1,1,0,0,0,0,0,0,0,0,1,0,0,1,0,0,1,0,1,0,0,0,1,1,1,1,0,0,1,1,0.25,20.48710175459745,1
39,0,1,0,1,1,0,1,0,0,0,0,1,1,0,0,0,0,1,1,0,0,1,0,1,0,1,0,0,0,0,0,1,1,1,0,0,0.19444444444444445,16.716422784203694,1
40,1,0,1,0,0,1,1,1,0,1,1,0,0,0,0,0,1,1,0,1,0,0,1,0,0,0,0,0,1,1,1,1,0,0,0,1,0.25,15.648322902363686,1
41,0,1,0,0,1,0,1,0,1,0,1,1,1,0,0,0,0,0,1,0,0,1,0,0,0,1,0,0,0,0,0,1,1,1,0,0,0.3888888888888889,9.18852692627873,1
42,0,1,0,1,1,0,1,0,0,0,1,1,1,1,0,1,0,0,1,0,0,1,0,0,0,1,0,0,0,0,1,1,1,1,1,0,0.3333333333333333,15.361943922178757,1
43,0,0,1,0,0,1,1,1,0,1,0,0,0,0,1,0,1,0,0,1,0,0,1,0,1,0,0,1,1,1,0,1,0,0,0,1,0.25,21.81052423904428,1
44,0,1,0,0,1,0,0,0,0,0,0,1,1,1,0,0,0,0,1,0,0,1,0,0,0,1,0,0,0,0,0,1,1,1,1,0,0.3333333333333333,13.700395560265362,1
45,0,1,0,0,1,0,1,0,0,0,1,1,1,0,0,1,0,0,1,0,0,1,0,1,1,1,1,1,0,0,0,1,1,1,0,0,0.19444444444444445,33.54752333744597,1
46,0,1,0,0,1,0,0,0,1,0,1,1,1,1,0,1,0,0,1,0,1,1,0,1,0,1,0,0,0,0,0,1,1,1,0,0,0.2222222222222222,15.568616444767915,1
47,1,0,1,0,0,1,0,1,0,1,0,0,0,0,1,0,1,0,0,1,0,0,1,0,1,0,0,1,1,1,1,1,0,0,1,1,0.3333333333333333,34.256041877095896,1
48,0,1,0,0,0,0,0,0,1,0,1,1,1,1,0,1,0,0,1,0,1,0,0,1,0,1,1,0,0,0,0,1,1,1,0,0,0.3611111111111111,10.934845567031378,1
49,0,1,0,0,1,0,1,0,0,0,0,1,1,0,0,0,0,0,1,0,0,1,0,0,0,1,1,0,0,0,0,1,1,1,0,0,0.3888888888888889,16.359164736892005,1
50,0,1,0,0,1,0,1,0,0,0,1,1,1,1,0,1,0,0,0,0,1,1,0,1,0,1,0,0,0,0,0,1,1,1,1,0,0.3333333333333333,15.884419250162928,1
51,0,1,0,1,1,0,1,0,0,0,1,1,1,0,0,1,0,0,1,0,0,0,0,0,0,1,1,0,0,0,0,1,1,1,0,0,0.25,9.508601324036302,1
52,0,1,0,1,0,0,1,0,0,0,1,1,1,1,0,1,0,0,1,0,0,1,0,1,0,1,0,0,0,0,0,1,1,1,1,1,0.2222222222222222,20.20502365634229,1
53,0,1,0,1,1,0,0,0,1,0,1,1,1,0,0,0,0,0,1,0,1,1,0,0,0,1,1,0,0,0,0,1,1,1,1,0,0.3888888888888889,20.861831053065085,1
54,0,1,0,1,0,0,0,0,1,0,1,1,1,0,0,1,0,0,1,0,0,1,0,0,0,1,1,0,0,0,1,1,1,1,0,0,0.25,18.390179814017092,1
55,0,1,0,1,1,0,1,0,0,0,1,1,1,1,1,1,0,0,1,0,1,1,0,1,0,1,1,0,0,0,0,1,1,1,0,0,0.3611111111111111,19.185681237395478,1
56,1,0,1,0,0,1,1,1,0,0,0,0,0,0,1,0,0,1,0,1,0,0,1,0,1,0,0,0,1,1,1,1,0,0,1,1,0.2222222222222222,19.972815684596338,1
57,1,0,1,0,1,1,0,1,0,1,0,0,0,1,1,0,1,1,0,1,1,0,1,0,1,0,0,0,1,1,1,1,0,0,1,1,0.3333333333333333,23.04107525068716,1
58,0,1,0,1,1,0,1,0,1,0,1,1,1,1,0,0,0,0,1,0,1,1,0,1,0,1,0,0,0,0,0,1,1,1,1,0,0.3611111111111111,17.61807980138786,1
59,0,1,0,0,1,0,1,0,1,0,0,1,1,1,0,0,0,0,1,0,1,0,0,1,0,1,0,0,0,0,0,1,1,1,1,0,0.3333333333333333,11.090061366607474,1
60,0,1,0,1,1,0,0,0,1,0,0,1,1,1,0,0,0,0,1,0,1,0,0,1,0,1,1,0,0,0,0,1,1,1,0,0,0.3055555555555556,13.883828230912851,1
61,1,0,1,0,0,1,1,1,1,1,1,0,0,0,0,0,1,0,0,1,1,1,1,0,1,0,0,0,1,1,1,1,0,0,0,1,0.3055555555555556,27.618748506961158,1
62,1,0,1,0,0,1,0,0,0,0,0,0,0,1,0,0,1,1,0,1,1,0,1,0,0,0,1,0,1,1,0,0,0,0,0,0,0.1388888888888889,6.6697834029065985,1
63,1,0,1,0,0,1,0,1,0,1,1,0,0,0,1,0,1,1,0,1,0,0,1,0,1,0,0,0,1,1,1,1,0,0,1,1,0.3333333333333333,20.262566539646155,1
64,0,1,0,0,1,0,1,0,0,0,0,1,1,1,0,0,0,0,1,0,1,1,0,0,0,1,1,1,0,0,0,1,1,1,0,0,0.4166666666666667,26.37281190121051,1
65,0,1,0,1,0,0,1,0,0,0,1,1,1,0,1,0,0,0,1,0,0,1,0,1,0,1,1,1,0,0,0,1,1,1,0,0,0.2777777777777778,29.332218480899414,1
66,1,0,1,0,0,1,1,1,0,1,1,0,0,1,1,0,1,0,0,1,1,0,1,0,1,0,0,0,1,1,1,1,0,0,0,1,0.3333333333333333,14.324603580829436,1
67,1,0,1,0,0,1,0,1,1,1,0,0,0,0,0,0,1,0,0,1,0,0,1,0,1,0,0,0,1,1,1,1,0,0,0,1,0.3333333333333333,18.85935460364703,1
68,0,1,0,0,0,0,1,0,0,0,1,1,1,1,0,1,0,0,1,0,0,1,0,1,0,1,0,1,0,0,0,1,1,1,0,0,0.3055555555555556,19.345481290232975,1
69,1,0,1,0,0,1,1,1,0,1,0,0,0,1,1,0,1,0,0,1,0,0,1,0,1,0,0,1,0,1,0,1,0,0,1,1,0.3055555555555556,17.246822938454198,1
70,0,1,0,1,0,0,1,0,1,0,1,1,1,0,1,0,0,0,1,0,0,1,0,0,0,1,1,0,0,0,0,1,1,1,0,0,0.25,12.715460634916282,1
71,0,1,0,1,1,0,0,0,1,0,1,1,1,1,0,0,1,0,0,0,0,0,0,1,0,1,0,1,0,0,0,1,1,1,0,0,0.2222222222222222,12.384495107938559,1
72,1,0,1,0,0,1,1,1,0,0,1,0,0,0,0,0,1,1,0,1,0,0,0,0,1,0,0,0,1,1,1,0,0,0,1,1,0.25,8.39111961126476,1
73,1,0,0,0,0,1,0,1,1,0,0,0,0,1,0,0,1,1,0,1,1,0,1,0,1,0,0,0,1,1,0,1,0,0,0,1,0.2222222222222222,13.773994329863772,1
74,1,0,1,1,1,1,1,1,0,1,0,0,0,0,1,0,1,0,0,1,0,0,1,0,1,0,0,1,1,1,0,1,0,0,0,1,0.19444444444444445,24.73857957822445,1
75,1,0,1,0,0,1,1,1,0,0,0,0,0,0,1,0,1,1,0,1,0,0,0,0,1,0,0,0,1,1,1,1,0,0,1,1,0.25,16.681379542377613,1
76,1,0,1,0,0,1,0,1,1,1,0,0,0,0,0,0,1,0,0,1,1,0,1,0,1,0,0,1,1,1,0,0,0,0,0,1,0.3611111111111111,19.28382098296656,1
77,1,0,0,0,0,1,1,1,0,1,0,0,0,0,1,1,1,1,0,1,1,0,1,0,1,0,0,0,1,1,0,1,0,0,1,1,0.2777777777777778,25.539122449025587,1
78,1,0,1,0,0,1,1,1,0,1,0,0,0,0,0,0,1,1,0,1,1,0,1,0,1,0,0,1,1,1,1,1,0,0,0,1,0.2777777777777778,30.479200944343173,1
79,1,0,1,0,0,1,1,1,1,1,0,0,0,0,1,0,1,0,0,1,0,0,1,0,1,0,0,1,0,1,0,0,0,0,1,1,0.2777777777777778,16.779850769031732,1
80,0,0,0,1,0,0,1,0,1,0,1,1,1,0,0,0,0,0,1,0,0,1,0,0,0,1,1,0,0,0,0,1,1,1,0,0,0.2777777777777778,13.693792071204832,1
81,1,0,0,0,0,1,1,0,0,0,1,0,0,1,0,0,1,1,0,1,0,0,1,0,1,0,0,0,1,1,1,1,0,0,0,0,0.2777777777777778,7.949604420395798,1
82,1,0,1,0,0,1,0,1,0,1,0,0,0,0,1,1,1,0,0,1,0,0,1,0,1,0,0,0,1,1,0,1,0,0,1,1,0.19444444444444445,19.61647211306919,1
83,1,0,1,0,0,0,1,1,0,0,0,0,0,1,1,0,0,0,0,1,0,0,1,0,0,0,0,0,1,1,0,1,0,0,0,1,0.2222222222222222,8.2604199278723,1
84,1,0,1,0,1,1,1,1,0,0,0,0,0,1,0,0,0,0,0,1,0,0,1,0,1,0,0,0,0,1,1,0,0,0,0,1,0.25,6.405903454051214,1
85,1,0,1,0,0,1,0,1,0,1,1,0,0,0,0,0,1,1,0,1,0,0,1,0,0,0,0,0,1,1,1,1,0,0,1,1,0.2777777777777778,18.345244897457903,1
86,1,0,0,0,1,1,1,1,0,0,0,0,0,1,1,0,1,0,0,1,1,0,0,0,1,0,1,1,1,0,0,0,0,0,0,0,0.08333333333333333,7.483724676453518,1
87,0,1,0,0,1,0,0,0,1,0,0,1,1,0,1,1,1,1,1,0,0,1,0,0,0,1,1,0,0,0,0,0,0,1,1,0,0.1111111111111111,18.004752467046604,1
88,0,1,0,0,0,0,1,0,0,0,1,1,1,0,0,1,0,1,1,0,0,1,1,0,0,1,0,0,0,0,0,0,1,1,0,1,0.3333333333333333,11.97879145548928,1
89,1,0,1,0,0,1,1,1,0,0,0,0,0,0,1,0,0,0,0,1,1,0,1,0,1,0,0,0,1,1,0,1,0,0,0,1,0.3333333333333333,17.20221571514593,1
90,0,1,0,1,1,0,1,0,1,0,1,1,1,1,0,1,0,0,1,0,0,1,0,1,0,1,1,0,0,0,0,1,1,1,1,0,0.3888888888888889,17.6847592254142,1
91,1,0,1,0,0,1,1,1,1,0,1,0,0,1,0,0,1,0,0,1,1,0,1,0,1,0,0,0,1,1,1,0,0,0,0,1,0.3055555555555556,6.777282999150377,1
92,0,1,0,1,0,0,1,0,1,0,1,1,1,0,0,0,0,1,1,0,0,1,0,1,0,1,1,0,0,0,0,1,0,1,0,0,0.2777777777777778,15.053586142135973,1
93,0,0,0,1,1,0,1,0,1,0,1,1,1,0,0,0,1,0,1,0,1,1,0,0,0,1,0,0,1,0,0,0,0,0,1,1,0.08333333333333333,4.903996208363665,1
94,0,0,0,1,1,0,1,0,1,0,1,1,1,0,0,1,0,1,1,0,0,1,0,0,0,1,1,0,0,0,0,0,1,1,0,0,0.2222222222222222,13.640720361409887,1
95,0,1,0,0,0,0,1,0,1,0,1,1,1,1,1,0,1,0,1,0,0,1,0,1,0,1,0,0,1,0,0,0,1,1,0,1,0.19444444444444445,10.248649996563675,1
96,1,0,0,0,0,1,0,1,0,0,0,0,0,1,1,0,1,0,0,1,1,0,1,1,1,0,0,0,1,1,0,1,0,0,0,1,0.3333333333333333,23.660620189930878,1
97,0,1,0,1,1,0,0,0,0,0,0,1,1,0,0,0,0,0,0,0,1,0,0,0,0,1,0,0,0,0,0,0,1,1,1,0,0.19444444444444445,5.239947378943983,1
98,0,0,0,1,1,0,1,0,1,0,1,1,1,1,0,1,0,0,1,0,0,1,0,1,0,1,1,1,0,0,0,1,1,1,0,0,0.3888888888888889,21.306437752073087,1
99,0,1,0,0,0,0,1,0,0,0,1,1,1,1,0,1,0,0,0,0,0,1,0,1,1,1,0,0,0,0,0,1,1,1,1,0,0.2222222222222222,15.600473005908475,1
