,0,1,2,3,4,5,6,7,8,9,10,11,12,13,14,15,16,17,18,19,20,21,22,23,24,25,26,27,28,29,30,31,32,33,34,35,chain_break_fraction,energy,num_occurrences
0,0,1,1,0,0,0,1,1,1,0,1,0,0,0,0,0,0,0,1,0,1,0,1,0,0,1,0,1,0,0,0,0,0,0,1,0,0.25,7.55687115985494,1
1,0,1,1,0,0,0,1,1,1,0,1,0,0,0,0,0,0,0,1,0,1,0,1,0,0,1,0,1,0,0,0,0,0,0,1,0,0.2222222222222222,7.55687115985494,1
2,0,1,1,0,0,0,1,1,1,0,1,0,0,0,0,0,0,0,1,0,1,0,1,0,0,1,0,1,0,0,0,0,0,0,1,1,0.25,12.414864162471195,1
3,0,1,1,0,0,0,1,1,1,0,1,0,0,0,0,0,0,0,1,0,1,0,1,0,0,1,0,1,0,1,0,0,0,0,1,0,0.2222222222222222,9.50833630007308,1
4,0,1,1,0,0,0,1,1,1,0,1,0,0,0,0,0,0,0,1,0,1,0,1,0,0,1,0,1,0,0,0,0,0,1,1,1,0.19444444444444445,16.44124405450872,1
5,0,1,1,0,0,0,1,1,1,0,1,0,0,0,0,0,0,0,1,0,1,0,1,0,1,0,0,1,0,0,0,0,0,1,1,1,0.25,11.992984705223524,1
6,0,1,1,0,0,0,1,1,1,0,1,0,0,0,0,0,0,0,1,0,1,0,1,0,1,0,0,1,0,0,0,0,0,0,1,1,0.25,9.091416802940673,1
7,0,1,1,0,0,0,1,1,1,0,1,0,0,0,0,0,0,0,1,0,1,0,1,0,0,1,0,1,0,0,0,0,0,0,1,0,0.2777777777777778,7.55687115985494,1
8,0,1,1,0,0,0,1,1,1,0,1,0,0,0,0,0,0,0,1,0,1,0,1,0,0,1,0,1,0,0,0,0,0,0,1,0,0.25,7.55687115985494,1
9,0,1,1,0,0,0,1,1,1,0,1,0,0,0,0,0,0,0,1,0,1,0,1,0,0,1,0,1,0,0,0,0,0,1,1,1,0.2777777777777778,16.44124405450872,1
10,0,1,1,0,0,0,1,1,1,0,1,0,0,0,0,0,0,0,1,0,1,0,1,0,0,1,0,1,0,0,0,0,0,0,1,1,0.2777777777777778,12.414864162471195,1
11,0,1,1,0,0,0,1,1,1,0,1,0,0,0,0,0,1,0,1,0,1,0,1,0,0,1,0,1,0,0,0,0,0,1,1,1,0.19444444444444445,14.70293498597674,1
12,0,1,1,0,0,0,1,1,1,0,1,0,0,0,0,0,0,0,1,0,1,0,1,0,0,1,0,1,0,0,0,0,0,1,1,0,0.2222222222222222,9.50833630007308,1
13,0,1,1,0,0,0,1,1,1,0,1,0,0,0,0,0,1,0,1,0,1,0,1,0,0,1,0,1,0,0,0,0,0,1,1,1,0.2777777777777778,14.70293498597674,1
14,0,1,1,0,0,0,1,1,1,0,1,0,0,0,0,0,0,0,1,0,1,0,1,0,0,1,0,1,0,0,0,0,0,1,1,1,0.25,16.44124405450872,1
15,0,1,1,0,0,0,1,1,1,0,1,0,0,0,0,0,0,0,1,0,1,0,1,0,0,1,0,1,0,0,0,0,0,0,1,0,0.25,7.55687115985494,1
16,0,1,1,0,0,0,1,1,1,1,1,0,0,0,0,0,0,0,1,0,1,0,1,0,0,1,0,1,0,0,0,0,0,0,1,0,0.25,11.737921471542656,1
17,0,1,1,0,0,0,0,1,1,0,1,0,0,0,0,0,0,0,1,0,1,0,1,0,0,0,1,1,0,0,0,0,0,0,1,0,0.16666666666666666,4.307016212558177,1
18,0,1,1,0,0,0,1,1,0,1,1,0,0,0,0,0,0,0,1,0,1,0,1,0,0,1,0,1,0,0,0,0,0,0,1,0,0.25,9.647396315698801,1
19,0,1,1,0,0,0,1,1,1,0,1,0,0,0,0,1,0,0,1,0,1,0,1,0,0,1,0,1,0,0,0,0,0,1,1,1,0.2222222222222222,14.516203034891067,1
20,0,1,1,0,0,0,1,1,1,0,1,0,0,0,0,0,0,0,1,0,1,0,1,0,0,1,0,1,0,0,0,0,0,1,1,1,0.2777777777777778,16.44124405450872,1
21,0,1,1,0,0,0,0,1,1,0,1,0,0,0,0,0,0,0,1,0,1,0,1,0,0,0,1,1,0,1,0,0,0,0,1,0,0.19444444444444445,6.65861105105675,1
22,0,1,1,0,0,0,1,1,1,1,1,0,0,0,0,0,1,0,1,0,1,0,1,0,0,1,0,1,0,0,0,0,0,1,1,1,0.25,15.860151366739128,1
23,0,1,1,0,0,0,1,1,1,0,1,0,0,0,0,0,0,0,1,0,1,0,1,0,0,1,0,1,0,0,0,0,1,1,1,1,0.25,19.454434000527485,1
24,0,1,1,0,0,0,1,1,1,0,1,0,0,0,0,0,0,0,1,0,1,0,1,0,0,1,0,1,0,0,0,0,0,0,1,0,0.2222222222222222,7.55687115985494,1
25,0,1,1,0,0,0,1,1,1,0,1,0,0,0,0,0,0,0,1,0,1,0,1,0,0,1,0,1,0,0,0,0,0,0,1,0,0.3055555555555556,7.55687115985494,1
26,0,1,1,0,0,0,0,1,1,0,1,0,0,0,0,0,0,0,1,0,1,0,1,0,0,0,0,1,0,0,0,0,0,1,1,1,0.19444444444444445,10.076353408107167,1
27,0,1,1,0,0,0,1,1,1,0,1,0,0,0,0,0,0,0,1,0,1,0,1,0,0,0,1,0,0,1,0,0,0,0,1,1,0.19444444444444445,6.689091504634949,1
28,0,1,1,0,0,0,1,1,1,0,1,0,0,0,0,0,0,0,1,0,1,0,1,0,1,1,0,1,0,0,0,0,0,1,1,1,0.25,20.88950340379391,1
29,0,1,1,0,0,0,1,1,1,0,1,0,0,0,0,0,1,0,1,0,1,0,1,0,0,1,1,1,0,0,0,0,0,1,1,0,0.2777777777777778,11.945343062243538,1
30,0,1,1,0,0,1,1,1,1,0,1,0,0,0,0,0,0,0,1,0,1,0,1,0,0,1,1,1,0,0,0,0,0,1,1,1,0.2777777777777778,17.590162126427373,1
31,0,1,1,0,0,0,1,1,1,0,1,0,0,0,0,0,0,0,1,0,1,0,1,0,0,1,0,1,0,0,0,0,0,0,1,1,0.25,12.414864162471195,1
32,0,1,1,0,0,0,1,1,1,0,1,0,0,0,0,0,0,0,1,0,1,0,1,0,1,0,0,1,0,0,0,0,0,1,1,1,0.3055555555555556,11.992984705223524,1
33,0,1,1,0,0,0,1,1,1,0,1,0,1,0,0,0,0,0,1,0,1,0,1,0,0,1,1,1,0,1,0,0,0,0,1,1,0.2222222222222222,18.678697330140093,1
34,0,1,1,0,0,0,1,1,1,0,1,0,0,0,0,0,1,0,1,0,1,0,1,0,0,1,0,1,0,0,0,0,0,1,1,0,0.3055555555555556,8.886923209139736,1
35,0,1,1,0,0,0,1,1,1,0,1,0,0,0,0,0,0,0,1,0,1,0,1,0,1,1,0,1,0,0,0,0,0,1,1,0,0.3055555555555556,12.799422390084365,1
36,0,1,1,0,0,0,1,1,1,0,1,0,1,0,0,0,0,0,1,0,1,0,1,0,0,0,0,1,0,0,0,0,0,1,1,0,0.19444444444444445,4.941852967231268,1
37,0,1,1,0,0,0,1,1,0,1,1,0,0,0,0,1,0,0,1,0,1,0,1,0,0,1,0,1,0,0,0,0,0,1,1,0,0.3055555555555556,11.736758274514816,1
38,0,1,1,0,0,0,1,1,1,0,1,0,0,0,0,0,1,0,1,0,1,0,1,0,0,0,1,1,0,0,0,0,0,1,1,1,0.2222222222222222,11.162037047756204,1
39,0,1,1,0,0,0,1,1,1,0,1,0,0,0,0,1,0,0,1,0,1,0,1,0,1,0,0,1,0,0,0,0,0,1,1,1,0.2222222222222222,11.068077663740961,1
40,0,1,1,0,0,0,1,1,1,0,1,0,0,0,0,0,0,0,1,0,1,0,1,0,1,0,0,1,0,0,0,0,0,1,1,1,0.2222222222222222,11.992984705223524,1
41,0,1,1,0,0,0,1,1,1,1,1,0,0,1,0,0,0,0,1,0,1,0,1,0,1,1,0,1,0,1,0,0,0,1,1,1,0.2777777777777778,24.204784695535423,1
42,0,1,1,0,0,0,1,1,1,0,1,0,0,0,0,0,0,0,1,0,1,0,1,0,0,0,0,1,0,0,0,0,0,1,1,1,0.3055555555555556,9.54472535593833,1
43,0,1,1,0,0,0,1,1,1,0,1,0,0,0,0,0,0,0,1,0,1,0,1,0,0,1,0,1,0,0,0,0,0,1,1,1,0.2777777777777778,16.44124405450872,1
44,0,1,1,0,0,0,1,1,1,0,1,0,0,0,0,0,0,0,1,0,1,0,1,0,1,1,0,1,0,0,0,0,1,0,1,0,0.2777777777777778,10.261283825097955,1
45,0,1,1,0,0,0,1,1,1,0,1,0,0,0,0,0,0,0,1,0,0,0,1,0,0,1,0,1,0,0,0,0,0,1,1,0,0.2777777777777778,7.112836141351925,1
46,0,1,1,0,0,0,1,1,0,0,1,0,0,0,0,0,0,0,1,0,1,0,1,0,0,0,0,1,0,0,0,0,0,0,1,0,0.2222222222222222,4.133676271537247,1
47,0,1,1,0,0,0,1,1,0,0,1,0,0,0,0,0,0,0,1,0,1,0,1,0,0,1,0,1,0,1,0,0,0,0,1,0,0.2777777777777778,10.429727796317058,1
48,0,1,1,0,0,0,1,1,1,1,1,0,0,0,0,0,0,0,1,0,1,0,1,0,0,1,0,1,0,0,0,0,0,1,1,1,0.2777777777777778,16.598460434532644,1
49,0,1,1,0,0,0,1,1,1,0,1,0,0,0,0,0,0,0,1,0,1,0,1,0,1,1,0,1,0,0,0,0,0,0,1,0,0.3333333333333333,9.723145260111547,1
50,0,1,1,0,0,0,1,1,0,1,1,0,0,0,0,0,0,0,1,0,1,0,1,0,1,1,0,1,0,0,0,0,0,0,1,1,0.2222222222222222,16.328775598121233,1
51,0,1,1,0,0,1,1,1,1,1,1,0,0,0,0,0,1,0,1,0,1,0,1,0,1,1,0,1,0,0,0,0,0,0,1,0,0.2777777777777778,17.287903258609273,1
52,0,1,1,0,0,0,1,1,1,0,1,0,0,0,0,0,1,0,1,0,1,0,1,0,1,1,0,1,0,0,0,0,0,1,1,0,0.3888888888888889,11.67773949471047,1
53,0,1,1,0,0,0,1,1,1,0,1,0,0,0,0,0,0,0,0,0,1,0,1,0,0,1,0,1,0,0,0,0,0,0,1,1,0.25,9.98586766116306,1
54,0,1,1,0,0,0,1,1,1,0,1,0,0,0,0,0,0,0,1,0,1,0,1,0,0,0,1,1,0,0,0,0,0,0,0,1,0.19444444444444445,7.447814894718261,1
55,0,1,1,0,0,0,1,1,1,0,1,0,1,0,0,0,0,0,1,0,1,0,1,0,1,1,0,1,0,0,0,0,0,1,1,0,0.3055555555555556,11.315111208884984,1
56,0,1,1,0,0,0,1,1,0,1,1,0,0,0,0,0,0,0,1,0,1,0,1,0,1,0,0,1,0,0,0,0,0,1,1,0,0.3333333333333333,7.795919479798112,1
57,0,1,1,0,0,0,1,1,1,0,1,0,0,0,0,0,0,0,1,0,1,0,1,0,0,1,0,1,0,0,0,0,0,0,1,1,0.3055555555555556,12.414864162471195,1
58,0,1,1,0,0,0,1,1,1,0,1,0,0,0,0,0,0,0,1,0,1,0,1,0,1,0,1,1,0,0,0,0,0,0,1,1,0.25,11.557821631834173,1
59,0,1,1,0,0,0,1,1,0,0,1,0,0,0,0,0,0,0,0,0,1,0,1,0,0,0,1,1,0,0,0,0,0,0,1,1,0.16666666666666666,7.3574668281513524,1
60,0,1,1,0,0,0,1,1,0,1,1,0,0,0,0,0,0,0,1,0,1,0,1,0,0,1,1,1,0,0,0,0,0,1,1,0,0.2777777777777778,13.645618892401995,1
61,0,1,1,0,0,0,1,1,1,0,1,0,0,0,0,0,0,0,1,0,1,0,1,0,1,0,0,1,0,0,1,0,0,0,1,1,0.2222222222222222,9.774989063100374,1
62,0,1,1,0,0,0,1,1,0,0,1,0,0,0,0,0,1,0,1,0,1,0,1,0,0,1,1,1,0,0,0,0,0,1,1,1,0.2777777777777778,20.846111897798515,1
63,0,1,1,0,0,1,1,1,1,1,1,0,0,0,0,0,0,0,0,0,1,0,1,0,0,0,1,1,0,0,0,0,0,0,1,1,0.2222222222222222,15.17948745460763,1
64,0,1,1,0,0,1,1,1,0,1,1,0,0,0,0,0,1,0,0,0,1,0,1,0,0,1,0,1,0,0,0,0,0,1,1,1,0.2777777777777778,13.356321534818917,1
65,0,1,1,0,0,1,1,1,0,1,1,0,0,0,0,0,0,0,1,0,1,0,1,0,0,1,0,1,0,0,0,0,0,1,1,1,0.2777777777777778,15.002604551345517,1
66,0,1,1,0,0,0,1,1,0,1,1,0,0,0,0,0,0,0,1,0,1,0,1,0,0,1,0,1,0,0,0,0,0,0,1,1,0.25,13.50538900457101,1
67,0,1,1,0,0,0,1,1,1,0,1,0,0,0,0,1,0,0,1,0,1,0,1,0,0,0,1,1,0,0,0,0,0,1,1,0,0.25,7.693719903557195,1
68,0,1,1,0,0,1,1,1,0,1,1,0,0,0,0,0,1,0,1,0,0,0,1,0,0,1,1,1,0,0,0,0,0,0,1,1,0.3333333333333333,14.632490905667542,1
69,0,1,1,0,0,0,1,1,1,0,1,0,0,0,0,0,0,0,1,0,1,0,1,0,1,0,0,1,0,0,0,0,0,0,1,0,0.2777777777777778,5.390597059598326,1
70,0,1,1,0,0,0,1,1,1,0,1,0,0,0,0,0,0,0,1,0,1,0,1,0,0,1,0,1,0,0,0,0,0,0,1,1,0.2777777777777778,12.414864162471195,1
71,0,1,1,0,0,0,1,1,1,1,1,0,0,0,0,0,0,0,1,0,1,0,1,0,1,1,0,1,0,0,0,0,0,0,1,1,0.3333333333333333,16.919239674240742,1
72,0,1,1,0,0,0,1,1,1,0,1,0,0,0,0,0,0,0,1,0,1,0,1,0,0,1,0,1,0,0,0,0,0,0,1,0,0.16666666666666666,7.55687115985494,1
73,0,1,1,0,0,0,1,1,1,0,1,0,0,0,0,0,1,0,1,0,1,0,1,0,0,1,0,1,0,1,0,0,0,1,1,1,0.3888888888888889,21.727656119553032,1
74,0,1,1,0,0,0,1,1,1,1,1,0,0,0,0,0,0,0,1,0,1,0,1,0,0,0,0,1,0,1,0,0,0,0,1,0,0.2222222222222222,9.083624191483727,1
75,0,1,1,0,0,0,1,1,1,0,1,0,0,0,0,1,1,0,1,0,1,0,1,0,0,0,0,1,0,1,0,0,0,1,1,0,0.2222222222222222,9.080137315715335,1
76,0,1,1,0,0,0,1,0,1,0,1,0,0,0,0,0,0,0,1,0,1,0,1,0,0,1,1,1,0,0,0,0,0,1,1,1,0.19444444444444445,25.250579459968634,1
77,0,1,1,0,0,0,1,1,1,1,1,0,0,0,0,0,1,0,1,0,1,0,1,0,0,1,0,1,0,0,0,0,0,0,1,1,0.2777777777777778,14.859263537338533,1
78,0,1,1,0,0,0,1,1,1,0,1,0,0,0,0,0,0,0,1,0,1,0,1,0,1,0,1,1,0,0,0,0,0,1,1,0,0.25,8.843020019815881,1
79,0,1,1,0,0,0,1,1,1,1,1,0,0,0,0,0,0,0,1,0,1,0,1,0,1,1,0,1,0,0,0,0,0,1,1,0,0.3333333333333333,13.956517865635783,1
80,0,1,1,0,0,0,1,1,1,0,1,0,0,0,0,0,0,0,1,0,1,0,1,0,1,1,0,1,0,0,0,0,0,1,1,1,0.3055555555555556,20.88950340379391,1
81,1,0,0,1,1,1,0,1,0,0,0,1,1,0,1,1,0,1,0,1,0,1,0,1,0,0,0,1,1,0,1,1,1,1,0,0,0.2777777777777778,19.818987041967983,1
82,1,1,1,0,0,0,1,1,1,0,1,0,0,0,0,0,0,0,1,0,1,0,1,0,1,0,0,1,0,0,1,0,0,1,1,1,0.16666666666666666,11.886450328485513,1
83,0,1,1,0,0,0,1,1,1,0,1,0,0,0,0,0,0,0,1,0,1,0,1,0,0,1,0,1,0,1,0,0,0,0,1,1,0.25,16.44124405450872,1
84,0,1,1,0,0,0,1,1,0,0,1,0,0,0,0,0,0,0,0,0,1,0,1,0,0,0,0,1,0,0,0,0,0,1,1,1,0.2222222222222222,7.656714859149821,1
85,0,1,1,0,0,0,1,1,1,1,1,0,0,0,0,0,0,0,1,0,1,0,1,0,0,1,0,0,0,0,0,0,0,0,1,1,0.2222222222222222,11.797892559977264,1
86,0,1,1,0,0,0,1,1,1,0,1,0,0,1,0,0,0,0,1,0,1,0,1,0,1,1,0,0,0,0,1,0,0,1,1,0,0.19444444444444445,6.569449659235474,1
87,0,1,1,0,0,0,1,1,1,0,1,0,0,0,0,0,0,0,1,0,1,0,1,0,0,1,1,1,0,0,0,0,0,1,1,1,0.25,21.1632833921808,1
88,0,1,1,0,0,0,0,1,0,1,0,0,0,1,0,0,0,0,1,0,1,0,1,0,0,1,0,1,0,0,0,0,0,0,1,1,0.19444444444444445,13.855136413923548,1
89,1,0,0,1,1,1,0,1,0,0,0,1,1,1,1,1,0,1,0,1,0,1,0,1,1,0,0,1,1,0,1,1,0,1,0,0,0.3333333333333333,24.560244825992054,1
90,0,1,0,0,0,0,1,1,1,0,1,0,0,0,0,0,0,0,1,0,1,0,1,0,0,1,0,0,0,0,0,0,0,1,1,1,0.25,9.652562024346391,1
91,1,0,0,1,1,1,0,1,0,0,0,1,1,1,1,0,0,1,0,1,0,1,0,1,1,0,0,1,1,1,1,1,0,1,0,0,0.3611111111111111,23.93912484859988,1
92,0,1,1,0,0,0,1,1,0,0,0,0,0,0,0,0,0,0,0,0,1,0,1,0,0,0,0,1,0,0,0,0,0,0,1,1,0.16666666666666666,6.583162383203039,1
93,1,0,0,1,1,1,0,1,0,0,0,1,1,0,1,1,0,1,0,1,0,1,0,1,1,0,0,1,1,1,1,1,0,1,0,0,0.3055555555555556,24.574593452379315,1
94,1,0,0,1,1,1,0,1,0,0,0,1,1,1,1,0,0,1,0,1,0,1,0,1,1,0,0,1,1,0,1,1,1,1,0,0,0.2777777777777778,20.868088798046987,1
95,0,1,1,0,0,0,1,0,0,0,1,0,0,0,1,1,0,0,1,0,1,0,1,0,0,1,0,1,0,0,0,0,0,1,1,0,0.25,9.18251197743623,1
96,1,0,0,1,1,1,0,1,0,0,0,1,1,0,1,1,0,1,0,1,0,1,0,1,0,0,1,1,1,0,1,1,1,1,0,0,0.2777777777777778,21.886080077419752,1
97,0,1,1,0,0,0,1,1,0,0,1,0,0,0,1,0,0,0,1,0,1,0,1,0,0,0,0,1,0,1,0,0,0,0,1,1,0.25,8.966181873962647,1
98,0,1,1,0,1,0,1,1,1,0,1,0,0,0,0,0,0,0,1,0,1,0,1,0,0,1,0,1,0,0,0,0,0,0,1,1,0.2777777777777778,11.153355937974572,1
99,1,0,0,1,1,1,0,1,1,0,0,1,1,1,1,1,1,1,0,1,0,1,0,1,1,0,0,1,1,1,1,1,0,1,0,0,0.3055555555555556,31.052186395303778,1
