,0,1,2,3,4,5,6,7,8,9,10,11,12,13,14,15,16,17,18,19,20,21,22,23,24,25,26,27,28,29,30,31,32,33,34,35,chain_break_fraction,energy,num_occurrences
0,0,1,0,0,1,1,0,0,0,0,0,1,0,0,1,1,1,1,1,1,1,0,1,1,1,0,1,0,0,0,0,0,1,0,0,0,0.25,13.600423369051708,1
1,0,1,0,0,1,1,0,0,0,1,0,1,0,0,1,1,0,1,1,0,1,0,1,1,1,0,1,0,0,0,0,0,1,0,1,0,0.3055555555555556,20.511576309838354,1
2,0,1,0,0,1,1,0,0,0,0,0,1,0,0,1,1,1,1,1,0,1,0,1,1,0,0,1,0,0,0,0,0,1,1,0,0,0.25,14.194125272479981,1
3,0,1,0,0,1,1,0,0,0,0,0,1,0,0,1,1,0,1,1,0,0,0,1,1,0,0,1,0,0,1,0,0,1,0,0,0,0.2777777777777778,12.889907051753607,1
4,0,1,0,0,1,1,0,0,0,0,0,0,0,0,1,1,1,1,1,0,0,0,1,1,0,0,1,0,0,0,0,0,1,0,1,0,0.2777777777777778,11.214125748575405,1
5,0,1,0,0,1,1,0,0,0,0,0,1,0,0,1,1,1,1,1,1,1,0,1,1,0,0,1,0,0,0,0,0,1,0,0,0,0.25,13.419438123490535,1
6,0,1,0,0,1,1,0,0,0,0,0,0,0,0,1,1,1,1,1,0,0,0,1,1,0,0,1,0,0,0,0,0,1,0,0,0,0.2777777777777778,12.766358324815338,1
7,0,1,0,0,1,1,0,0,0,1,0,1,0,0,1,1,1,1,1,0,1,0,1,1,0,0,1,0,0,1,0,0,1,0,1,0,0.25,21.44047840857539,1
8,0,1,0,0,1,1,0,0,0,0,0,1,0,0,1,1,1,1,1,0,0,0,1,1,0,0,1,0,0,0,0,0,1,0,1,0,0.3055555555555556,15.528461320556119,1
9,0,1,0,0,1,1,0,0,0,0,0,1,0,0,1,1,1,1,1,0,1,0,1,1,0,0,1,0,0,1,0,0,1,0,0,0,0.2777777777777778,14.165405223567692,1
10,0,1,0,0,1,1,0,0,0,0,0,1,0,0,1,1,0,1,1,0,1,0,1,1,0,0,1,0,0,1,0,0,1,0,0,0,0.2777777777777778,12.807540724139916,1
11,1,1,0,0,1,1,0,0,0,0,0,1,0,0,1,1,1,1,1,0,1,0,1,1,0,0,1,0,0,1,0,0,1,0,0,0,0.25,17.408968473785798,1
12,0,1,0,0,1,1,0,0,0,0,0,1,0,0,1,1,0,1,1,0,1,0,1,1,0,0,1,0,0,1,0,0,1,0,0,0,0.3333333333333333,12.807540724139916,1
13,0,1,0,0,1,1,0,0,0,0,0,1,1,0,1,1,1,1,1,0,0,0,1,1,1,0,1,0,0,0,0,0,1,0,1,0,0.2777777777777778,18.017830719731055,1
14,0,1,0,0,1,1,0,0,0,0,0,1,0,0,1,1,0,1,1,0,0,0,1,1,1,0,1,0,0,0,0,0,1,1,1,0,0.2222222222222222,13.11203381905109,1
15,0,1,1,0,1,1,0,0,0,0,0,1,0,0,1,1,0,1,1,0,1,0,1,1,0,0,1,0,0,1,0,0,1,0,0,0,0.25,15.808706251560679,1
16,0,1,0,0,1,1,0,0,0,0,0,1,0,0,1,1,1,1,1,0,0,0,1,1,0,0,1,0,0,1,0,0,1,0,0,0,0.25,14.956344034475034,1
17,0,1,0,0,1,1,0,0,0,1,0,1,0,0,1,1,1,1,1,0,1,0,1,1,0,0,1,0,0,1,0,0,1,0,0,0,0.2777777777777778,23.167736278409222,1
18,0,1,0,0,1,1,0,0,0,0,0,1,0,0,1,1,1,1,1,0,1,0,1,1,1,0,1,0,0,0,0,0,1,0,0,0,0.25,14.707922449278104,1
19,0,1,0,0,1,1,0,0,0,0,0,1,0,0,1,1,1,1,1,0,0,0,1,1,1,0,1,0,0,0,0,0,1,0,0,0,0.2777777777777778,16.030251217554728,1
20,0,1,0,0,1,1,0,0,0,1,0,1,0,0,1,1,1,1,1,0,1,0,1,1,0,0,1,0,0,1,0,0,1,0,0,0,0.3611111111111111,23.167736278409222,1
21,0,1,0,0,1,1,0,0,0,0,0,0,0,0,1,1,0,1,1,0,1,0,1,1,0,0,1,0,0,0,0,0,1,0,0,0,0.2777777777777778,10.259584604272582,1
22,0,1,0,0,1,1,0,0,0,0,0,1,0,0,1,1,0,1,1,0,0,0,1,1,0,0,1,0,0,1,0,0,1,0,0,0,0.3055555555555556,12.889907051753607,1
23,1,1,0,0,1,1,0,0,0,0,0,1,0,0,1,1,0,1,1,0,0,0,1,1,0,0,1,0,0,1,0,0,1,0,0,0,0.25,16.135120276891993,1
24,0,1,1,0,1,1,0,0,0,0,0,1,0,0,1,1,0,1,1,0,1,0,1,1,0,0,1,0,0,1,0,0,1,0,0,0,0.3055555555555556,15.808706251560679,1
25,1,1,0,0,1,1,0,0,0,0,0,1,0,0,1,1,0,1,1,0,1,0,1,1,0,0,1,0,0,1,0,0,1,0,0,0,0.2222222222222222,15.551087498397433,1
26,0,1,0,0,1,1,0,0,0,0,0,1,0,0,1,1,1,1,1,0,0,0,1,1,0,0,0,0,0,1,0,0,1,0,0,0,0.2777777777777778,18.519610438586454,1
27,0,1,0,0,1,1,0,0,0,0,0,0,0,0,1,1,0,1,0,0,1,0,1,1,0,0,1,0,0,0,0,0,1,0,0,0,0.25,11.890157230708704,1
28,0,1,0,0,1,1,0,0,0,0,0,1,0,0,1,1,0,1,0,0,1,0,1,1,1,0,1,0,0,1,0,0,1,0,0,0,0.2222222222222222,14.380196514389743,1
29,1,1,0,0,1,1,0,0,0,0,0,0,0,0,1,1,0,1,1,0,1,0,1,1,0,0,1,0,0,0,0,0,1,0,0,0,0.25,12.713363831361223,1
30,1,1,0,0,1,1,0,0,0,0,0,1,0,0,1,1,0,1,1,0,1,0,1,1,0,0,1,0,0,1,0,0,1,0,0,0,0.2777777777777778,15.551087498397433,1
31,0,1,0,0,1,1,0,0,0,1,0,1,0,0,1,1,0,1,1,0,0,0,1,1,0,0,1,0,0,1,0,0,1,0,0,0,0.3333333333333333,21.89223810676077,1
32,1,1,0,0,1,1,0,0,0,0,0,1,0,0,1,1,0,1,1,0,0,0,1,1,1,0,1,0,0,1,0,0,1,0,0,0,0.25,15.789346337383796,1
33,1,1,0,0,1,1,0,0,0,0,0,1,0,0,1,1,0,1,1,0,1,0,1,1,0,0,1,0,0,1,0,0,1,0,0,0,0.3333333333333333,15.551087498397433,1
34,0,1,0,0,1,1,0,0,0,0,0,1,0,0,1,1,1,1,1,0,1,0,1,1,1,0,1,0,0,1,0,0,0,0,1,0,0.2222222222222222,14.862512935196264,1
35,1,1,0,0,1,1,0,0,0,0,0,0,0,0,1,1,0,1,1,0,1,0,1,1,0,0,1,0,0,0,0,0,1,0,0,0,0.25,12.713363831361223,1
36,0,1,1,0,1,1,0,0,0,0,0,1,0,0,1,1,0,1,1,0,0,0,1,1,0,0,1,0,0,1,0,0,1,0,0,0,0.2777777777777778,16.391072579257198,1
37,0,1,1,0,1,1,0,0,0,0,1,0,0,0,1,1,0,1,1,0,1,0,1,1,0,0,1,0,0,0,0,0,1,0,0,0,0.25,14.413238789811453,1
38,1,1,0,0,1,1,0,0,0,0,0,1,0,0,1,1,0,1,1,0,0,0,1,1,0,0,1,0,0,1,0,0,1,0,0,0,0.3055555555555556,16.135120276891993,1
39,1,1,0,0,1,1,0,0,0,0,0,1,0,0,1,1,0,1,1,1,1,0,1,1,1,0,1,0,0,0,0,0,1,0,0,0,0.25,15.36387870297137,1
40,1,1,0,0,1,1,0,0,0,0,0,1,0,0,1,1,1,1,1,0,1,0,1,1,1,0,1,0,0,0,0,0,1,0,0,0,0.2777777777777778,18.451872686284442,1
41,1,1,0,0,1,1,0,0,0,0,0,1,0,0,1,1,0,1,1,0,1,0,1,1,0,0,1,0,0,1,0,0,1,0,0,0,0.2777777777777778,15.551087498397433,1
42,0,1,0,0,1,1,0,0,0,0,0,0,0,0,1,1,0,1,1,0,0,0,0,1,0,0,1,0,0,0,0,0,1,0,0,0,0.19444444444444445,11.993341065839276,1
43,0,1,0,0,1,1,0,0,0,0,0,0,0,0,1,1,1,1,1,0,0,0,1,1,0,0,1,0,0,1,0,0,1,0,0,0,0.2222222222222222,11.602862027336332,1
44,0,1,0,0,1,1,0,0,0,0,0,1,0,0,1,1,1,1,1,0,1,0,1,1,0,0,1,0,0,1,0,0,1,0,0,0,0.2777777777777778,14.165405223567692,1
45,0,1,0,0,1,1,0,0,0,0,0,1,0,0,1,1,0,1,1,0,0,0,1,1,0,0,1,0,0,0,0,0,1,0,0,0,0.19444444444444445,15.124784296354067,1
46,1,1,0,0,1,1,0,0,0,0,0,1,0,0,1,1,0,1,1,0,0,0,1,1,1,0,1,0,0,0,0,0,1,0,1,0,0.3055555555555556,15.490845833402252,1
47,1,1,0,0,1,1,0,0,0,0,0,0,0,0,1,1,1,1,1,0,0,0,1,1,1,0,1,0,0,0,0,0,1,0,1,0,0.25,13.293697628587951,1
48,1,1,1,0,1,1,0,0,0,0,0,1,0,0,1,1,0,1,1,0,0,0,1,1,0,0,1,0,0,1,0,0,1,0,1,0,0.3333333333333333,18.26620704381445,1
49,0,1,0,0,1,1,0,0,0,1,0,1,0,0,1,1,0,1,1,0,1,0,1,1,0,0,1,0,0,1,0,0,1,0,0,0,0.3611111111111111,20.809871778981424,1
50,0,1,0,0,1,1,0,0,0,0,0,0,0,0,1,1,0,1,1,0,0,0,1,1,0,0,1,0,0,1,0,0,1,0,0,0,0.3333333333333333,10.548102861435817,1
51,1,1,0,0,1,1,0,0,0,0,0,0,0,0,1,1,0,1,1,0,1,0,1,1,0,0,1,0,0,0,0,0,1,0,1,0,0.25,12.26953717048384,1
52,1,1,0,0,1,1,0,0,0,0,0,0,1,0,1,1,0,1,1,0,0,0,1,1,1,0,1,0,0,0,0,0,1,0,0,0,0.2222222222222222,16.122869580557072,1
53,0,1,0,0,1,1,0,0,0,0,1,0,0,0,1,1,0,1,1,0,1,0,0,1,1,0,0,0,0,0,0,0,1,1,1,0,0.25,13.085930626663602,1
54,1,1,0,0,1,1,0,0,0,0,0,1,0,0,1,1,0,1,1,0,1,0,1,1,0,0,1,0,0,0,0,0,1,1,1,0,0.25,15.718200162177983,1
55,0,1,0,0,1,1,0,0,0,0,0,1,0,0,1,1,1,1,0,0,1,0,1,1,0,0,1,0,0,1,0,0,1,0,0,0,0.2222222222222222,16.03406700355268,1
56,1,1,0,0,1,1,0,0,0,0,0,0,0,0,1,1,0,1,1,0,0,0,1,1,0,0,1,0,0,0,0,0,1,0,1,0,0.2777777777777778,12.262221128090061,1
57,1,1,0,0,1,1,0,0,0,1,0,1,0,0,1,1,0,1,1,1,1,0,1,1,0,0,1,0,0,1,0,0,1,0,0,0,0.2777777777777778,23.131998127909988,1
58,0,1,0,0,1,1,0,0,0,0,0,1,0,0,1,1,0,1,1,0,0,0,1,1,0,0,1,0,0,1,0,0,1,0,1,0,0.2777777777777778,12.021228841743953,1
59,0,1,0,0,1,1,0,0,1,0,1,0,0,0,1,1,1,1,1,0,1,0,1,1,1,0,1,0,0,0,0,0,1,0,1,0,0.25,14.580306585979292,1
60,1,1,0,0,1,1,0,0,0,0,0,1,0,0,1,1,0,1,1,1,1,0,1,1,0,0,1,0,0,1,0,0,1,1,0,0,0.3333333333333333,18.741455129520904,1
61,1,1,0,0,1,1,0,0,0,0,0,0,0,0,1,1,1,1,1,0,1,0,1,1,1,0,1,0,0,0,0,0,1,0,0,0,0.25,13.982861758434655,1
62,0,1,0,0,1,1,0,0,0,0,0,1,0,0,1,1,0,1,1,0,0,0,1,1,0,0,1,0,0,1,0,0,1,0,1,0,0.2777777777777778,12.021228841743953,1
63,0,1,0,0,1,1,0,0,0,0,0,0,0,0,1,1,0,1,0,0,0,0,1,1,0,0,0,0,0,1,0,0,1,0,0,0,0.19444444444444445,13.00689721036062,1
64,1,1,0,0,1,1,0,0,0,1,0,0,0,0,1,1,0,1,1,0,1,0,1,1,0,0,1,0,0,1,0,0,1,0,1,0,0.2222222222222222,19.815654535195545,1
65,1,1,0,0,1,1,0,0,0,0,0,1,0,0,1,1,0,1,1,0,0,0,1,1,0,0,0,0,0,1,0,0,1,0,1,0,0.25,17.862842258288868,1
66,0,1,0,0,1,1,0,0,0,0,0,1,0,0,1,1,0,1,1,0,0,0,1,1,0,0,0,0,0,1,0,0,1,0,0,0,0.2777777777777778,15.947288711829724,1
67,1,1,0,0,1,1,0,0,0,1,0,1,0,0,1,1,0,1,1,0,0,0,1,1,1,0,1,0,0,1,0,0,1,0,1,0,0.2777777777777778,23.156403529621468,1
68,0,1,0,0,1,1,0,0,0,0,0,0,0,0,1,1,0,1,0,0,1,0,1,1,0,0,1,0,0,0,0,0,1,1,0,0,0.25,13.291301445373994,1
69,1,1,0,0,1,1,0,0,0,0,0,1,0,0,1,1,0,1,1,0,1,0,1,1,1,0,1,0,0,0,0,0,1,0,0,0,0.2777777777777778,16.156463932519856,1
70,1,1,0,0,1,1,0,0,0,0,0,1,0,0,1,1,1,1,1,0,0,0,1,1,0,0,1,0,0,0,0,0,1,1,0,0,0.2777777777777778,18.612645576843896,1
71,0,1,0,0,1,1,0,0,0,0,0,0,1,0,1,1,0,1,1,0,1,0,1,1,0,0,0,0,0,1,0,0,1,0,0,0,0.25,14.63702497753577,1
72,0,1,0,0,1,1,0,0,0,0,0,1,1,0,1,1,0,1,1,0,1,0,1,1,1,0,1,0,0,0,0,0,1,0,0,0,0.3055555555555556,16.41369569987808,1
73,1,1,0,0,1,1,0,0,0,0,0,1,0,0,1,1,0,1,0,0,0,0,1,1,0,0,1,0,0,1,0,0,0,1,1,0,0.2222222222222222,16.427756171838613,1
74,0,1,0,0,1,1,0,0,0,0,0,1,1,0,1,1,0,1,1,0,1,0,1,1,0,0,1,0,0,0,0,0,1,1,0,0,0.2777777777777778,15.89443108148531,1
75,1,1,0,0,1,1,0,0,0,0,0,1,0,0,1,1,0,1,1,0,1,0,1,1,0,0,1,0,0,0,0,0,1,1,0,0,0.25,15.603439368830168,1
76,1,1,0,0,1,1,0,0,0,1,0,1,0,0,1,1,0,1,1,0,1,0,1,1,1,0,1,0,0,1,0,0,0,1,1,0,0.25,24.21245321304582,1
77,1,1,0,0,1,1,0,0,0,0,0,1,0,0,1,1,0,1,1,0,0,0,1,1,0,0,0,0,0,1,0,0,1,0,0,0,0.3333333333333333,19.82454567623642,1
78,1,1,0,0,1,1,0,0,0,0,0,1,0,0,1,1,1,1,0,0,1,0,1,1,0,0,1,0,0,1,0,0,0,1,0,0,0.2222222222222222,18.956269613247258,1
79,1,1,0,0,1,1,0,0,0,0,0,1,0,0,1,1,1,1,1,0,1,0,1,1,0,0,1,0,0,1,0,0,1,1,0,0,0.4166666666666667,16.804022627064114,1
80,1,1,0,0,1,1,0,0,0,0,0,1,0,0,1,1,0,1,1,0,1,0,1,1,0,0,0,0,0,1,0,0,1,0,0,0,0.3611111111111111,18.633268763037677,1
81,1,1,0,0,1,1,0,0,0,1,0,0,0,0,1,1,1,1,1,0,1,0,1,1,1,0,1,0,0,0,0,0,1,0,0,0,0.2222222222222222,22.986177477329246,1
82,1,1,0,0,1,1,0,0,0,0,0,0,0,0,1,1,1,1,1,0,1,0,1,1,0,0,0,0,0,0,0,0,1,1,0,0,0.3055555555555556,16.128487325961572,1
83,1,1,0,0,1,1,0,0,0,0,0,1,0,0,1,1,0,1,1,0,0,0,1,1,0,0,1,0,0,1,0,0,1,0,0,0,0.2222222222222222,16.135120276891993,1
84,0,1,1,0,1,1,0,0,0,0,0,1,0,0,1,1,0,1,1,0,1,0,0,1,1,0,0,0,0,0,0,0,0,1,1,0,0.2777777777777778,18.42164842055979,1
85,0,1,0,0,1,1,1,0,0,0,0,1,0,0,1,1,0,1,0,0,1,0,0,1,0,0,1,0,0,1,0,0,1,0,0,0,0.25,18.511618318830173,1
86,0,1,0,0,1,1,0,0,0,1,0,1,0,0,1,1,0,1,1,0,1,0,1,1,1,0,1,0,0,1,0,0,1,1,0,0,0.3055555555555556,21.827751962668227,1
87,0,1,0,0,1,1,0,0,0,0,1,0,0,0,1,1,0,1,1,0,1,0,1,1,0,0,1,0,0,0,0,0,1,0,1,0,0.3055555555555556,10.372311095339835,1
88,1,1,0,0,1,1,0,0,0,0,0,0,0,0,1,1,0,1,1,0,0,0,1,1,0,0,1,0,0,0,0,0,1,0,1,0,0.2777777777777778,12.262221128090061,1
89,1,1,0,0,1,1,0,0,0,0,0,1,0,0,1,1,0,1,1,0,0,0,1,1,0,0,1,0,0,1,0,0,1,0,1,0,0.3055555555555556,14.76454687435366,1
90,1,1,0,0,1,1,0,0,0,0,0,1,1,0,1,1,0,1,1,1,1,0,1,1,1,0,1,0,0,0,0,0,0,0,1,0,0.2777777777777778,18.844582005186812,1
91,1,1,0,0,1,1,0,0,0,0,1,0,1,0,1,1,0,1,1,0,1,0,1,1,0,0,1,0,0,0,0,0,1,0,1,0,0.2777777777777778,16.471472821785348,1
92,1,1,0,0,1,1,0,0,0,1,0,0,0,0,1,1,0,1,1,0,1,0,1,1,1,0,1,0,0,0,0,0,0,0,1,0,0.3333333333333333,20.741723568873958,1
93,0,1,1,0,1,1,0,0,0,0,0,1,0,0,1,1,0,1,1,0,1,0,1,1,0,0,0,0,0,1,0,0,1,0,1,0,0.3333333333333333,17.67489774692815,1
94,0,1,1,0,0,1,0,0,0,0,0,1,0,0,1,1,1,1,1,1,1,0,1,1,0,0,1,0,0,1,0,0,1,1,0,0,0.19444444444444445,16.933560665214202,1
95,1,1,0,0,1,1,0,0,0,0,0,1,0,0,1,1,1,1,1,0,0,0,1,0,0,0,1,0,0,1,0,0,1,1,1,0,0.3055555555555556,15.89296738738238,1
96,1,1,0,0,1,1,0,0,0,0,0,1,0,0,1,1,0,1,1,0,1,0,1,1,1,0,0,0,0,0,0,0,1,1,1,0,0.25,18.1556072365576,1
97,1,1,0,0,1,1,0,0,0,1,0,1,0,0,1,1,0,1,1,0,1,0,0,1,1,0,1,0,0,1,0,0,1,1,0,0,0.2777777777777778,23.111802443908804,1
98,1,1,0,0,1,1,0,0,0,1,0,0,0,0,1,0,1,1,1,0,1,0,1,1,1,0,0,0,0,0,0,0,1,0,0,0,0.3055555555555556,17.91186974814482,1
99,1,1,0,0,1,1,0,0,0,0,0,0,0,0,1,1,1,1,1,0,1,0,1,1,0,0,1,0,0,0,0,0,1,0,1,0,0.2777777777777778,13.466436269076944,1
