,0,1,2,3,4,5,6,7,8,9,10,11,12,13,14,15,16,17,18,19,20,21,22,23,24,25,26,27,28,29,30,31,32,33,34,35,chain_break_fraction,energy,num_occurrences
0,0,1,0,0,0,1,1,0,1,0,1,0,1,1,0,0,1,0,1,1,1,0,0,1,0,0,1,0,0,1,0,1,0,0,0,1,0.2222222222222222,15.55631549478312,1
1,0,1,0,0,1,1,1,0,1,0,1,0,1,1,0,0,1,0,1,1,1,0,0,0,0,0,1,0,0,1,0,1,0,0,0,1,0.25,13.674184363350795,1
2,0,1,0,0,1,1,1,0,1,0,1,0,1,1,0,0,1,0,1,1,1,0,0,0,0,0,1,0,0,1,0,1,0,0,0,1,0.25,13.674184363350795,1
3,0,1,0,0,0,1,1,0,1,0,1,0,1,1,0,0,1,0,1,1,1,0,0,0,0,0,1,0,0,1,0,1,0,0,0,1,0.2222222222222222,11.923841910603354,1
4,0,1,0,0,1,1,1,0,1,0,1,0,1,1,0,0,1,0,1,1,1,0,0,1,0,0,1,0,0,0,0,1,0,0,0,1,0.25,12.506649396740006,1
5,0,1,0,0,1,1,1,0,1,0,1,0,1,1,0,0,1,0,1,1,1,0,0,1,0,0,1,0,0,1,0,1,0,1,0,1,0.19444444444444445,23.68988028388486,1
6,0,1,0,0,1,1,1,0,1,0,1,0,1,1,0,0,1,0,1,1,1,0,0,0,0,0,1,0,0,1,0,1,0,0,0,1,0.2222222222222222,13.674184363350795,1
7,1,1,0,0,0,1,1,0,1,0,1,0,1,1,0,0,1,0,1,1,1,0,0,0,0,0,1,0,0,0,0,1,0,0,0,1,0.16666666666666666,11.173229826189333,1
8,0,1,0,0,0,1,1,0,1,0,1,0,1,1,0,0,1,0,1,1,1,0,0,1,0,0,1,0,0,1,0,0,0,1,0,1,0.2222222222222222,16.287912327197326,1
9,0,1,0,0,1,1,1,0,1,0,1,0,1,1,0,0,1,0,1,1,1,0,0,1,0,0,1,0,0,1,0,1,0,1,0,1,0.25,23.68988028388486,1
10,1,1,0,0,0,1,1,0,1,0,1,0,1,1,0,0,1,0,1,1,1,0,0,0,0,0,1,0,0,0,0,1,0,0,0,1,0.2222222222222222,11.173229826189333,1
11,0,1,0,0,1,1,1,0,1,0,1,0,1,1,0,0,0,0,1,1,1,0,0,1,0,0,1,0,0,1,0,1,0,0,0,1,0.2222222222222222,17.172876530906258,1
12,0,1,0,0,0,1,1,0,1,0,1,0,1,1,0,0,0,0,1,1,1,0,0,1,0,0,1,0,0,1,0,1,0,0,0,1,0.2222222222222222,17.00070773005674,1
13,0,1,0,0,0,1,1,0,1,0,1,0,1,1,0,0,1,0,1,1,1,0,0,1,0,0,1,0,0,1,0,1,0,1,0,1,0.2777777777777778,23.95798318498035,1
14,1,1,0,0,0,1,1,0,1,0,1,0,1,0,0,0,0,0,1,1,1,0,0,0,0,0,1,0,0,0,0,0,0,0,0,1,0.16666666666666666,5.689368378326959,1
15,0,1,0,0,1,1,1,0,1,0,1,0,1,1,0,0,0,0,1,1,1,0,0,1,0,0,1,0,0,0,0,1,0,0,0,1,0.2222222222222222,12.164020105049337,1
16,0,1,0,0,1,1,1,0,1,0,1,0,1,1,0,0,1,0,1,1,1,0,0,1,0,0,1,0,0,1,0,1,0,1,0,1,0.2222222222222222,23.68988028388486,1
17,1,1,0,0,0,1,1,0,1,0,1,0,1,1,0,0,1,0,1,1,1,0,0,0,0,0,1,0,0,1,0,1,0,0,0,1,0.19444444444444445,12.773625364161601,1
18,1,1,0,0,0,1,1,0,1,0,1,0,1,1,0,0,1,1,1,1,1,0,0,1,0,0,1,0,0,0,0,1,0,0,0,1,0.2222222222222222,16.50634916581548,1
19,0,1,0,0,0,1,1,0,1,0,1,0,1,1,0,0,1,0,1,1,1,0,0,0,0,0,1,0,0,0,0,1,0,0,0,1,0.25,9.18130526375262,1
20,0,1,0,0,0,1,1,0,1,0,1,0,1,1,0,0,1,0,1,1,1,0,0,1,0,0,1,0,0,1,0,1,0,1,0,1,0.3055555555555556,23.95798318498035,1
21,0,1,0,0,1,1,1,0,1,0,1,0,1,1,0,0,1,0,1,1,1,0,0,0,0,0,1,0,0,0,0,1,0,1,0,1,0.2222222222222222,13.975666019676247,1
22,1,1,0,0,0,1,1,0,1,0,1,0,1,1,0,1,0,0,1,1,1,0,0,0,0,0,1,0,0,1,0,1,0,0,0,1,0.25,17.187447258184967,1
23,0,1,0,0,0,1,1,0,1,0,1,0,1,1,0,0,1,0,0,1,1,0,0,0,0,0,1,0,0,1,0,1,0,1,0,1,0.25,16.013688993960407,1
24,0,1,0,0,0,1,1,0,1,0,1,0,1,1,0,1,0,0,1,1,1,0,0,0,0,0,1,0,0,0,0,1,0,0,0,1,0.25,14.10549190406679,1
25,0,1,0,0,1,1,1,0,1,0,1,0,1,1,0,0,1,0,1,1,1,0,0,0,0,0,1,0,0,1,0,1,0,0,0,1,0.2777777777777778,13.674184363350795,1
26,1,1,0,0,0,1,0,0,1,0,1,0,1,1,0,0,0,0,1,1,1,0,0,0,0,0,1,0,0,0,0,0,0,0,0,1,0.16666666666666666,7.8877942947382795,1
27,1,1,0,0,0,1,1,0,1,0,1,1,1,1,1,0,0,0,1,1,1,0,0,0,0,0,1,0,0,1,0,0,0,0,0,1,0.19444444444444445,17.608700518088963,1
28,0,1,0,0,1,1,1,0,1,0,1,0,1,1,0,1,0,0,1,1,1,0,0,1,0,0,1,0,0,0,0,1,0,0,0,1,0.25,16.889000752428355,1
29,1,1,0,0,1,1,1,0,1,0,1,0,1,0,0,1,1,0,1,1,1,0,0,1,0,0,1,0,0,1,0,0,0,0,0,1,0.2222222222222222,14.571586331580695,1
30,0,1,0,0,0,1,1,0,1,0,1,0,1,1,0,0,0,0,1,1,1,0,0,0,0,0,1,0,0,1,0,0,0,0,0,1,0.25,10.05744491055255,1
31,1,1,0,0,0,1,1,0,1,0,0,0,1,1,0,0,0,0,0,1,1,0,0,1,0,0,1,0,0,1,0,0,0,0,0,1,0.2222222222222222,12.31548642672713,1
32,0,1,0,0,0,1,1,0,1,0,1,0,1,1,0,0,1,0,1,1,1,0,0,1,0,0,1,0,0,1,0,1,1,0,0,1,0.2777777777777778,18.75714933988173,1
33,0,1,0,0,0,1,1,0,1,0,1,0,1,1,0,0,0,0,1,1,1,0,0,1,0,0,1,0,0,0,0,0,0,0,0,1,0.25,8.31708903594269,1
34,0,1,0,0,1,1,1,0,1,0,1,0,1,1,0,0,0,0,1,1,1,0,0,0,0,0,1,0,0,1,0,1,1,0,0,1,0.3888888888888889,15.243563479460619,1
35,1,1,0,0,1,1,1,0,1,0,0,0,1,1,0,0,0,0,1,1,1,0,0,1,0,0,1,0,0,0,0,1,0,1,0,1,0.2222222222222222,19.874593268565896,1
36,0,1,0,0,0,1,1,0,1,0,0,0,1,1,0,0,1,0,1,1,1,0,0,0,0,0,1,0,0,0,0,0,0,0,0,1,0.2777777777777778,9.672156644686286,1
37,0,1,0,0,1,1,1,0,1,0,1,0,1,1,0,1,1,0,1,1,1,0,0,1,0,0,1,0,0,0,1,1,0,0,0,1,0.25,18.534700984405163,1
38,0,1,0,0,1,1,1,0,1,0,1,0,1,1,1,0,0,0,1,1,1,0,0,1,0,0,1,0,0,1,0,1,0,1,0,1,0.3055555555555556,24.962978798873706,1
39,1,1,0,0,0,1,1,0,1,0,1,0,1,1,0,0,1,0,1,1,1,0,0,1,0,0,1,0,0,0,0,0,0,0,0,1,0.2777777777777778,10.900481995884046,1
40,0,1,0,0,0,1,1,0,1,0,0,0,1,1,1,0,0,0,1,1,1,0,0,0,0,0,1,0,0,0,0,1,0,0,0,1,0.3055555555555556,10.777554171282802,1
41,1,1,0,0,0,1,1,0,1,0,1,0,1,0,0,0,0,0,1,1,1,0,0,0,0,0,0,0,0,0,0,0,0,0,0,1,0.16666666666666666,7.005017427621558,1
42,0,1,0,0,0,1,1,0,1,0,1,0,1,1,0,0,1,0,1,1,1,0,0,0,0,0,1,0,0,0,0,1,0,1,0,1,0.25,12.226173236116766,1
43,1,1,0,0,1,1,1,0,1,0,0,0,1,1,0,0,1,0,1,1,1,0,0,1,0,0,1,0,0,0,0,1,1,0,0,1,0.3333333333333333,15.989226811646162,1
44,0,1,0,0,0,1,1,0,1,0,1,0,1,1,0,0,0,0,1,1,1,0,0,0,0,0,1,0,0,1,0,1,0,0,0,1,0.2777777777777778,12.347303542781788,1
45,1,1,0,0,0,1,1,0,1,0,1,0,1,0,0,0,1,0,1,1,1,0,0,0,0,0,0,0,0,1,0,0,0,0,1,1,0.16666666666666666,10.162467774570759,1
46,0,1,0,0,0,1,1,0,1,0,1,0,1,1,0,0,0,0,1,1,1,0,0,1,0,0,1,0,0,1,0,0,0,0,0,1,0.2777777777777778,12.084288211120993,1
47,0,1,0,0,1,1,1,0,1,0,1,0,1,1,0,0,0,0,1,1,1,0,0,1,0,0,1,0,0,0,0,1,0,0,0,1,0.2777777777777778,12.164020105049337,1
48,1,1,0,0,1,1,1,0,1,0,1,0,1,0,0,1,0,0,1,1,1,0,0,0,0,0,1,0,0,1,0,0,0,0,0,1,0.2777777777777778,13.981486335456772,1
49,0,1,0,0,0,1,1,0,1,0,1,0,1,1,0,0,0,0,1,1,0,0,0,1,0,0,1,0,0,0,0,1,0,0,0,1,0.2222222222222222,10.048876202471458,1
50,0,1,0,0,0,1,1,0,1,0,1,0,1,1,0,0,1,0,1,1,1,0,0,1,0,0,1,0,0,0,0,0,0,0,0,1,0.2777777777777778,9.108392201042511,1
51,0,1,0,0,1,1,1,0,1,0,1,0,1,0,0,0,1,0,1,1,1,0,0,1,0,0,1,0,0,1,0,1,0,1,0,1,0.2777777777777778,25.846981558487258,1
52,0,1,0,0,0,1,1,0,1,0,1,0,1,0,0,0,0,1,1,1,1,0,0,1,0,0,1,0,0,0,0,0,0,0,0,1,0.16666666666666666,7.914400872337854,1
53,0,1,0,0,1,1,1,0,1,0,1,0,1,1,0,0,0,0,1,1,1,0,0,0,0,0,0,0,0,0,0,1,1,0,0,1,0.3333333333333333,10.577512844525902,1
54,0,1,0,0,1,1,1,0,1,0,1,0,1,1,0,0,1,0,1,1,1,0,0,1,0,0,1,0,0,1,0,1,1,1,0,1,0.3333333333333333,28.389449568025157,1
55,0,1,0,0,1,1,1,0,1,0,1,0,1,1,0,0,0,0,1,1,1,0,0,0,0,0,1,0,0,1,0,1,0,0,0,1,0.2222222222222222,13.535388575557592,1
56,0,1,0,0,0,1,1,0,1,0,1,0,1,1,0,0,1,0,1,1,1,0,0,1,0,0,1,0,0,0,0,0,1,0,0,1,0.3333333333333333,9.257680584053425,1
57,0,1,0,0,1,1,1,0,1,0,1,0,1,1,0,0,0,0,1,1,1,0,0,1,0,0,1,0,0,1,0,1,1,0,0,1,0.25,20.390197147752165,1
58,1,1,0,0,0,1,1,0,1,0,1,0,1,1,1,0,1,0,1,1,1,0,0,1,0,0,1,0,0,0,0,1,1,1,0,1,0.3055555555555556,20.087232307665772,1
59,0,1,0,0,1,1,1,0,1,0,1,0,1,1,0,0,0,0,1,1,1,0,0,1,0,0,1,0,0,1,0,1,0,1,0,1,0.25,25.607517764598057,1
60,0,1,0,0,1,1,1,0,1,0,1,0,1,1,0,0,0,0,1,1,1,0,0,0,0,0,0,0,0,1,0,1,1,0,0,1,0.3333333333333333,13.368318792119172,1
61,1,1,0,0,0,1,1,0,1,0,1,1,1,1,0,0,1,0,1,1,1,0,1,1,0,0,1,0,0,1,0,1,0,0,0,1,0.3611111111111111,15.56564592414631,1
62,0,1,0,0,1,1,1,0,1,0,1,0,1,1,0,1,1,0,1,1,1,0,0,1,0,0,1,0,0,0,0,1,1,0,0,1,0.3611111111111111,18.755457618439216,1
63,1,1,0,0,0,1,1,0,1,0,1,0,1,0,1,0,1,0,1,1,1,0,0,1,0,0,1,0,0,0,0,0,0,1,0,1,0.19444444444444445,9.972688902475838,1
64,1,1,0,0,0,1,1,0,1,0,1,0,1,0,0,0,0,0,1,1,1,0,0,1,0,0,1,0,0,1,0,0,0,0,0,1,0.2777777777777778,11.016477015778696,1
65,1,1,0,0,0,1,1,0,1,0,0,0,1,1,0,1,0,0,1,1,0,0,0,1,0,0,1,0,0,0,0,1,0,0,0,1,0.19444444444444445,16.702773648030423,1
66,1,1,0,0,1,1,0,0,1,0,1,0,1,1,0,0,1,0,1,1,1,0,0,1,0,0,0,0,0,0,0,1,1,0,0,1,0.25,11.697164424843017,1
67,0,1,0,0,0,1,1,0,1,0,1,0,1,1,0,0,1,0,1,1,1,0,0,1,0,0,1,0,0,1,0,1,1,0,0,1,0.3055555555555556,18.75714933988173,1
68,0,1,0,0,1,1,1,0,1,0,1,0,1,1,0,0,0,0,1,1,1,0,0,1,0,0,1,0,0,1,0,1,0,0,0,1,0.2777777777777778,17.172876530906258,1
69,0,1,0,0,1,1,1,0,1,0,0,1,1,1,0,0,0,0,1,1,1,0,0,1,0,0,1,0,0,0,0,1,0,1,0,1,0.25,17.485204140595158,1
70,0,1,0,0,0,1,1,0,1,0,1,0,1,1,0,0,0,0,1,1,1,0,0,1,0,0,1,0,0,1,0,1,1,0,0,1,0.3333333333333333,20.71929290786096,1
71,0,0,0,0,0,1,1,0,1,0,1,0,1,0,0,0,1,0,1,1,1,0,1,0,0,0,0,0,0,0,0,0,0,0,0,1,0.25,3.0072878913295646,1
72,0,1,0,0,0,1,1,0,1,0,1,0,1,1,1,0,1,0,1,1,1,0,0,0,0,0,1,0,0,0,1,1,0,1,0,1,0.2777777777777778,15.468612799083106,1
73,0,1,0,0,0,1,1,0,1,0,1,0,1,0,0,1,0,0,0,1,1,0,0,1,0,0,0,0,0,0,0,0,0,0,0,1,0.19444444444444445,8.99828800385052,1
74,0,1,0,0,1,1,1,0,1,0,0,0,1,1,0,0,1,0,1,1,1,0,0,1,0,0,1,0,0,0,0,0,0,0,0,1,0.3055555555555556,12.094016492055268,1
75,0,1,0,0,1,1,1,0,1,0,1,0,1,1,0,0,1,0,1,1,1,0,0,0,0,0,1,0,0,1,0,1,0,0,0,1,0.3055555555555556,13.674184363350795,1
76,1,1,1,0,1,1,1,0,1,0,0,0,1,1,0,0,0,0,1,1,1,0,0,0,0,0,1,0,0,1,0,1,0,0,0,1,0.25,15.275594816856072,1
77,0,1,0,0,0,1,1,0,1,0,1,0,1,0,0,0,1,0,1,1,1,0,0,0,0,0,1,0,0,0,0,0,0,0,0,1,0.3055555555555556,5.158618723318098,1
78,0,1,0,0,0,1,1,0,1,0,0,0,1,0,0,0,0,0,1,1,1,0,0,0,0,0,1,0,0,0,0,0,0,0,0,1,0.2222222222222222,5.372925335274786,1
79,0,1,0,0,0,1,1,0,1,0,1,0,1,0,0,0,0,0,1,1,1,0,0,1,1,0,1,0,0,0,0,0,0,0,0,0,0.2222222222222222,4.951613263380133,1
80,0,1,0,0,0,1,1,0,1,0,0,0,1,1,1,0,0,0,1,1,1,0,0,0,0,0,1,0,0,0,0,1,0,1,0,1,0.25,14.86889706288821,1
81,0,0,0,0,0,1,1,0,1,0,1,0,1,0,0,0,0,0,1,1,1,0,0,1,0,0,0,0,0,1,0,0,0,0,0,1,0.3055555555555556,12.944305667037947,1
82,0,1,0,0,1,1,1,0,1,0,1,0,1,1,1,0,1,0,1,1,1,0,0,0,0,0,1,0,0,0,0,0,1,1,0,1,0.3333333333333333,14.695586552679705,1
83,0,0,0,0,0,1,1,0,1,0,1,0,1,1,0,0,0,0,1,1,1,0,0,0,0,0,1,0,0,1,0,0,0,0,0,1,0.2777777777777778,9.655713583922836,1
84,0,1,0,0,1,1,1,0,1,0,0,0,1,1,0,0,0,0,0,1,1,0,0,1,0,0,1,0,0,0,0,0,0,0,0,1,0.25,10.802127188796433,1
85,0,1,0,0,1,1,1,0,1,0,0,0,1,1,0,1,1,0,1,1,1,0,0,1,0,0,1,0,0,0,0,1,0,0,0,1,0.3333333333333333,18.4890274472533,1
86,0,1,0,0,0,1,1,0,1,0,1,0,1,1,0,0,0,0,1,1,1,0,0,0,0,0,1,0,0,0,0,1,0,0,0,1,0.3333333333333333,8.380002788938405,1
87,1,1,0,0,1,1,1,0,1,0,0,1,1,1,0,0,1,0,1,1,1,0,0,1,0,0,1,0,0,0,0,1,0,0,0,1,0.2222222222222222,15.061502497936356,1
88,1,1,0,0,0,1,1,0,1,0,1,1,1,1,1,0,0,0,1,1,1,0,0,0,0,0,0,0,0,0,0,1,0,0,0,1,0.25,18.0245276255508,1
89,0,1,0,0,0,1,1,0,1,0,1,0,1,1,0,0,0,0,0,1,1,0,0,1,0,0,1,0,0,1,0,0,0,0,0,1,0.25,10.992085822328812,1
90,1,1,0,0,1,1,1,0,0,0,1,0,1,0,0,0,0,0,1,1,1,0,0,0,0,0,0,0,0,1,0,0,0,0,0,1,0.25,10.033909803875295,1
91,0,1,0,0,0,1,1,0,1,0,1,0,1,1,1,0,0,0,1,1,1,0,0,1,0,0,1,0,0,1,0,1,0,0,0,1,0.2777777777777778,16.862656811640964,1
92,0,1,0,0,0,1,1,0,1,0,1,0,1,1,0,0,1,0,1,1,1,0,0,1,0,0,1,0,0,1,0,1,1,1,0,1,0.3611111111111111,29.158817030078957,1
93,0,1,0,0,0,1,1,0,1,0,1,0,1,1,0,0,1,0,0,1,1,0,0,0,1,0,1,0,0,0,0,1,0,1,1,1,0.2222222222222222,15.295186109301554,1
94,1,0,1,1,0,0,0,1,0,1,0,1,0,0,0,1,0,1,0,0,0,1,1,0,0,1,0,1,1,0,0,0,1,0,1,0,0.3055555555555556,20.231544055571653,1
95,1,1,0,0,0,1,1,0,1,0,1,0,1,1,0,0,0,0,1,1,1,0,0,0,0,0,1,0,0,0,0,1,0,0,0,1,0.3333333333333333,9.637873237272823,1
96,1,0,1,1,0,0,0,0,0,1,0,1,0,0,1,1,0,1,0,0,0,1,0,1,0,1,0,1,1,0,1,1,0,0,1,0,0.2222222222222222,23.828549451578695,1
97,0,1,0,0,0,1,1,0,1,0,1,0,1,1,0,0,0,0,1,1,1,0,1,1,0,0,1,0,0,1,0,1,0,0,0,1,0.3333333333333333,20.327409823694218,1
98,0,0,0,0,0,1,1,0,1,0,1,0,1,0,0,1,0,0,1,1,1,0,0,0,0,0,0,0,0,0,0,0,0,0,1,1,0.25,6.251166652464001,1
99,0,1,0,0,0,1,1,0,1,0,1,0,1,1,0,0,0,0,0,1,1,0,1,0,0,0,1,0,0,1,0,1,0,0,0,1,0.3055555555555556,12.24413521703284,1
