,0,1,2,3,4,5,6,7,8,9,10,11,12,13,14,15,16,17,18,19,20,21,22,23,24,25,26,27,28,29,30,31,32,33,34,35,chain_break_fraction,energy,num_occurrences
0,1,1,0,1,0,0,1,0,1,0,1,1,0,0,0,1,1,0,0,1,0,1,1,0,1,1,1,0,0,0,1,1,0,1,1,0,0.3333333333333333,23.098214490786383,1
1,1,1,0,1,0,0,1,0,1,0,1,1,0,0,0,1,1,0,0,0,0,1,1,0,1,0,1,0,0,0,1,1,0,1,1,0,0.3055555555555556,16.046791655658442,1
2,1,1,0,1,0,0,1,0,1,0,1,1,0,0,0,1,1,1,0,0,0,1,1,0,1,0,1,0,0,0,1,1,0,1,1,0,0.2777777777777778,22.146324028823607,1
3,0,0,1,1,0,0,0,1,0,1,0,1,1,1,1,0,0,0,1,0,1,0,0,1,0,0,0,0,1,0,0,0,1,0,0,0,0.2777777777777778,20.454168815794606,1
4,1,1,0,1,0,0,1,0,1,0,1,1,0,0,0,1,1,0,0,1,0,1,1,0,1,0,1,0,0,0,1,1,0,1,1,0,0.2777777777777778,16.810219111091577,1
5,0,0,1,0,0,0,0,1,0,1,0,1,1,1,1,0,0,0,1,0,1,0,0,1,0,0,0,0,1,0,0,0,1,0,0,0,0.25,12.390568195894941,2
6,0,0,1,1,0,0,0,1,0,1,0,1,1,1,1,0,0,0,1,0,1,0,0,1,0,0,0,0,1,0,0,0,1,0,0,0,0.25,20.454168815794606,2
7,0,0,1,0,0,0,0,1,0,1,0,1,1,1,1,0,0,0,1,0,1,0,0,1,0,0,0,0,1,0,0,0,1,0,0,0,0.25,12.390568195894941,1
8,0,0,1,1,0,0,0,1,0,1,0,1,1,1,1,0,0,0,1,0,1,0,0,1,0,0,0,0,1,0,0,0,1,0,0,0,0.25,20.454168815794606,1
9,0,0,1,1,0,0,0,1,0,1,0,1,1,1,1,0,0,0,1,0,1,0,0,1,0,0,0,0,1,0,0,0,1,0,0,0,0.25,20.454168815794606,1
10,0,0,1,0,0,0,0,1,0,1,0,1,1,1,1,0,0,0,1,0,1,0,0,1,0,0,0,0,1,0,0,0,1,0,0,0,0.25,12.390568195894941,1
11,0,0,1,0,0,0,0,1,0,1,0,1,1,1,1,1,0,0,1,0,1,0,0,1,0,0,0,0,1,0,0,0,1,0,0,0,0.2777777777777778,22.4247306783368,2
12,1,1,0,1,0,0,1,0,1,0,1,1,0,0,0,1,1,1,0,1,0,1,1,0,1,1,1,0,0,0,1,1,0,1,1,0,0.3333333333333333,24.96287569099208,1
13,0,0,1,0,0,0,0,1,0,1,0,1,1,1,1,1,0,0,1,0,1,0,0,1,0,0,0,0,1,0,0,0,1,0,0,0,0.3055555555555556,22.4247306783368,1
14,1,1,0,1,0,0,1,0,1,0,1,1,0,0,0,1,1,1,0,0,0,1,1,0,1,1,1,0,0,0,1,1,0,1,1,0,0.3333333333333333,24.118893672208376,1
15,0,0,1,1,0,0,0,1,0,1,0,1,1,1,1,1,0,0,1,0,1,1,0,1,0,0,0,0,1,0,0,0,1,0,0,0,0.3055555555555556,27.811306576458886,1
16,0,0,1,1,0,0,0,1,0,1,0,1,1,1,1,0,0,0,1,0,1,1,0,1,0,0,0,0,1,0,0,0,1,0,0,0,0.2777777777777778,17.777152581364184,1
17,0,0,1,1,0,0,0,1,0,1,0,1,1,1,1,1,0,0,1,0,1,0,0,1,0,0,0,0,1,0,0,0,1,0,0,0,0.2777777777777778,32.48834457851453,1
18,0,0,1,1,0,0,0,1,0,1,0,1,1,1,1,0,0,0,1,1,1,0,0,1,0,0,0,0,1,0,0,0,1,0,0,0,0.2777777777777778,16.470587970910838,1
19,0,0,1,0,0,0,0,1,0,1,0,1,1,1,1,0,0,0,1,0,1,0,0,1,0,0,0,0,1,0,0,0,1,0,0,0,0.2222222222222222,12.390568195894941,1
20,1,1,0,1,0,0,1,0,1,0,1,1,0,0,0,1,1,0,0,0,0,1,1,0,1,0,1,0,0,0,1,1,0,1,1,0,0.3333333333333333,16.046791655658442,1
21,0,0,1,1,0,0,0,1,0,1,0,1,1,1,1,0,0,0,1,1,1,0,0,1,0,0,0,0,1,0,0,0,1,0,0,0,0.2777777777777778,16.470587970910838,1
22,0,0,1,0,0,0,0,1,0,1,0,1,1,1,1,1,0,0,1,0,1,0,0,1,0,0,0,0,1,0,0,0,1,1,0,0,0.25,18.88572660714605,1
23,0,0,1,0,0,0,0,1,0,1,0,1,1,1,1,0,0,0,1,0,1,0,0,1,0,0,0,0,1,0,0,0,1,1,0,0,0.25,10.851564124767082,1
24,0,0,1,0,0,0,0,1,0,1,0,1,1,1,1,0,0,0,1,0,1,0,0,1,0,0,0,0,1,0,0,0,0,0,0,0,0.2777777777777778,15.160070231458871,1
25,1,1,0,1,0,0,1,0,1,0,1,1,0,0,0,1,1,1,0,0,0,1,1,0,1,1,1,0,0,0,1,1,0,1,1,0,0.2777777777777778,24.118893672208376,1
26,0,0,1,0,0,0,0,1,0,1,0,1,1,1,1,0,0,0,1,0,1,0,0,1,0,0,0,0,1,0,0,1,1,0,0,0,0.2777777777777778,10.851564124767082,1
27,0,0,1,0,1,0,0,1,0,1,0,1,1,1,1,1,0,0,1,0,1,0,0,1,0,0,0,0,1,0,0,0,1,0,0,0,0.3055555555555556,27.411290446646305,1
28,0,0,1,0,0,0,0,1,0,1,0,1,1,1,1,0,0,0,1,0,1,0,0,1,0,0,0,0,1,0,0,0,1,0,0,0,0.25,12.390568195894941,1
29,0,0,1,0,0,0,0,1,0,1,0,1,1,1,1,0,0,1,1,0,1,0,0,1,0,0,0,0,1,0,0,0,1,0,0,0,0.25,21.355826302889668,1
30,0,0,1,1,1,0,0,1,0,1,0,1,1,1,1,0,0,0,1,0,1,0,0,1,0,0,0,0,1,0,0,0,1,0,0,0,0.2777777777777778,25.44072850800824,2
31,1,1,0,1,0,0,1,0,1,0,1,1,0,0,0,1,1,0,0,1,0,1,1,0,1,1,1,1,0,0,1,1,0,1,1,0,0.3333333333333333,28.998156053383294,1
32,1,1,0,1,0,0,1,0,1,0,1,1,0,0,0,1,1,0,0,1,0,1,1,0,1,1,1,0,0,0,1,1,0,1,1,0,0.3611111111111111,23.098214490786383,1
33,0,1,0,1,0,0,1,0,1,0,1,1,0,0,0,1,1,1,0,0,0,1,1,0,1,0,1,0,0,0,1,1,0,1,1,0,0.3055555555555556,19.707354801827616,1
34,0,0,1,0,0,0,0,1,0,1,0,1,1,1,1,0,0,1,1,0,1,1,0,1,0,0,0,0,1,0,0,0,1,0,0,0,0.25,18.676599313355585,1
35,1,1,0,1,0,0,1,0,1,0,1,1,0,0,0,1,1,1,0,1,0,1,1,0,1,0,1,0,0,0,1,1,0,1,1,0,0.3055555555555556,20.6759595290595,1
36,0,1,0,1,0,0,1,0,1,0,1,1,0,0,0,1,1,1,0,1,0,1,1,0,1,0,1,0,0,0,1,1,0,1,1,0,0.25,19.236990318885802,1
37,0,0,1,0,0,0,0,1,0,1,0,1,1,1,1,0,0,0,1,0,1,0,0,1,0,0,0,0,1,0,0,0,1,0,0,0,0.2222222222222222,12.390568195894941,1
38,0,0,1,1,1,0,0,1,0,1,0,1,1,0,1,1,0,0,1,0,1,0,0,1,0,0,0,0,1,0,0,0,1,0,0,0,0.3055555555555556,26.501784810205027,1
39,0,0,1,0,1,0,0,1,0,1,0,1,1,1,1,1,0,0,1,0,1,0,0,1,0,0,0,0,1,0,0,0,1,0,0,0,0.25,27.411290446646305,1
40,0,0,1,0,0,0,0,1,0,1,1,1,1,1,1,0,0,0,1,0,1,0,0,1,0,0,0,0,1,0,0,0,1,0,0,0,0.2222222222222222,15.890409858231735,1
41,1,1,0,1,0,1,1,0,1,0,1,1,0,0,0,1,1,1,0,0,0,1,1,0,1,0,1,0,0,0,1,1,0,1,1,0,0.3055555555555556,28.345656588797148,1
42,0,0,1,1,0,0,0,1,0,1,0,1,1,1,1,1,0,0,1,0,1,0,0,1,0,0,0,0,1,0,0,0,1,0,0,1,0.2777777777777778,26.931776598012036,1
43,1,1,1,1,0,0,1,0,1,0,1,1,0,0,0,1,1,0,0,1,0,1,1,0,1,1,1,1,0,0,1,1,0,1,1,0,0.3333333333333333,28.029818249810372,1
44,0,0,1,1,1,0,0,1,0,1,0,1,1,0,1,1,0,0,1,0,1,0,0,1,0,0,0,0,1,1,0,0,1,0,0,0,0.2777777777777778,22.49860828543901,1
45,0,0,1,0,0,0,0,1,0,1,0,1,1,1,1,1,0,0,1,0,1,0,0,1,0,0,0,0,1,0,0,0,1,0,0,0,0.2777777777777778,22.4247306783368,1
46,0,0,1,1,1,0,0,1,0,1,0,1,1,1,1,0,0,0,1,0,1,0,0,1,0,0,0,1,1,0,0,0,1,0,0,0,0.3055555555555556,20.768650465973487,1
47,0,0,1,0,0,0,0,1,0,1,0,1,1,1,1,0,0,0,1,0,1,0,0,1,0,0,0,0,1,0,0,0,1,0,0,0,0.16666666666666666,12.390568195894941,1
48,0,0,1,0,0,0,0,1,0,1,0,1,1,1,1,0,0,0,1,0,1,0,0,1,0,0,0,0,1,0,0,0,1,0,0,0,0.2222222222222222,12.390568195894941,1
49,1,1,0,1,0,1,1,0,1,0,1,1,0,0,0,1,1,0,0,1,0,1,1,0,1,1,1,0,0,0,1,1,0,1,1,0,0.2777777777777778,23.29730335787371,1
50,0,0,1,0,0,0,0,1,0,1,0,1,1,1,1,0,0,0,1,0,1,0,0,0,0,0,0,0,1,0,0,1,1,0,0,0,0.3055555555555556,13.466779401787774,1
51,0,0,1,1,1,0,0,1,0,1,0,1,1,0,1,0,0,0,1,0,1,0,0,1,0,0,0,0,1,0,0,0,1,0,0,0,0.2777777777777778,15.467609123581001,1
52,0,0,1,0,0,0,0,1,0,1,0,1,1,0,1,0,0,0,1,0,1,1,0,1,0,0,0,0,1,0,0,0,1,0,0,0,0.25,7.741626478734308,1
53,1,0,1,0,0,0,0,1,0,1,0,1,1,1,1,1,0,0,1,0,1,0,0,1,0,0,0,0,1,0,0,1,1,0,0,0,0.3055555555555556,21.466820791018073,1
54,0,0,1,1,0,0,0,1,0,1,0,1,1,1,1,0,0,0,1,0,1,0,0,1,0,0,0,0,1,0,0,0,1,0,0,0,0.3055555555555556,20.454168815794606,1
55,1,0,1,0,0,0,0,1,0,1,0,1,1,1,1,0,0,0,1,0,1,0,0,1,0,0,0,0,1,0,0,0,1,1,0,0,0.2777777777777778,12.432658308638517,1
56,0,0,1,0,0,0,1,1,0,1,0,1,1,1,1,0,0,0,1,0,1,0,0,1,0,0,0,0,1,0,0,0,1,0,0,0,0.3055555555555556,16.407649437115854,1
57,1,1,0,1,0,0,1,0,1,0,1,1,0,0,0,1,1,1,0,1,0,1,1,0,1,1,1,0,0,0,1,1,0,1,1,0,0.3333333333333333,24.96287569099208,1
58,0,0,1,1,0,0,0,1,0,1,0,1,1,1,1,1,0,0,1,0,1,1,0,1,0,0,0,0,1,0,0,0,1,0,0,1,0.2777777777777778,25.496173786402704,1
59,1,1,0,1,0,0,1,0,1,0,0,1,0,0,0,1,1,1,0,0,0,1,1,0,1,0,1,1,0,0,1,1,0,1,1,0,0.3055555555555556,20.300696400987697,1
60,0,0,1,1,0,0,0,1,0,1,0,1,1,1,1,0,0,0,0,0,1,0,0,1,0,0,0,0,1,0,0,0,1,0,0,0,0.2222222222222222,24.445959238236487,1
61,1,1,0,1,0,0,1,0,1,0,1,0,0,0,0,1,1,1,0,0,0,1,1,0,1,1,1,0,0,0,1,1,0,1,1,0,0.3611111111111111,20.90477703103661,1
62,0,0,1,1,0,0,0,1,0,1,0,1,1,1,1,1,0,0,1,0,1,0,0,1,0,0,0,0,1,0,0,1,1,0,0,1,0.2777777777777778,23.41259839564367,1
63,0,0,1,1,1,0,0,1,0,1,0,1,1,0,1,1,0,0,1,0,1,0,0,1,0,0,0,0,1,1,0,0,1,0,0,0,0.3055555555555556,22.49860828543901,2
64,1,1,0,1,1,0,1,0,1,0,1,1,0,0,0,1,1,0,0,1,0,1,1,0,1,1,1,1,0,0,1,1,0,1,1,0,0.3333333333333333,27.09544201042705,1
65,0,0,1,0,1,0,0,1,0,1,0,1,1,1,1,1,0,0,1,0,1,0,0,1,0,0,0,0,1,0,0,0,1,0,0,0,0.2777777777777778,27.411290446646305,1
66,0,0,1,0,1,0,0,1,0,1,0,1,1,1,1,1,0,0,1,0,1,0,0,1,0,0,0,0,1,0,0,0,1,0,0,0,0.25,27.411290446646305,1
67,1,1,0,1,0,0,1,0,1,0,1,1,0,0,0,1,1,1,0,1,0,1,1,0,1,1,1,1,0,0,1,1,0,1,1,0,0.3333333333333333,28.841815429698208,1
68,0,1,0,1,0,0,1,0,1,0,1,0,0,0,0,1,1,1,0,0,0,1,1,0,1,0,1,0,0,0,1,1,0,1,1,0,0.2777777777777778,15.565505534942154,1
69,0,0,1,1,1,0,0,1,0,1,0,1,1,1,1,1,0,0,1,0,1,0,0,1,0,0,0,0,1,0,0,0,1,1,0,0,0.3333333333333333,31.933909515488082,1
70,1,1,0,1,0,0,1,0,1,0,1,1,0,0,0,1,1,1,0,1,0,1,1,0,1,0,1,0,0,0,1,1,0,1,1,0,0.3055555555555556,20.6759595290595,1
71,1,0,1,0,0,0,0,1,0,1,0,1,1,1,1,0,0,0,1,0,1,0,0,1,0,0,0,0,1,0,0,0,1,0,0,0,0.3333333333333333,15.039254349123569,1
72,0,0,1,0,0,0,0,1,0,1,0,1,1,1,1,0,0,0,1,0,1,0,0,1,0,0,0,0,1,0,0,0,1,1,0,0,0.3333333333333333,10.851564124767082,1
73,0,0,1,1,1,1,0,1,0,1,0,1,1,0,1,1,0,0,1,0,1,0,0,1,0,0,0,0,1,1,0,0,1,0,0,1,0.2777777777777778,28.3840398481466,1
74,0,0,1,1,1,0,0,1,0,1,0,1,1,1,1,1,0,0,1,0,1,0,0,1,0,0,0,0,1,0,0,1,1,0,0,1,0.3333333333333333,27.397158797761783,1
75,0,0,1,0,1,0,0,1,0,1,0,1,1,1,1,1,0,0,1,0,1,1,0,1,0,0,0,0,1,0,0,0,1,0,0,0,0.3333333333333333,23.733655560094483,1
76,0,0,1,1,1,1,0,1,0,1,0,1,1,1,1,1,0,0,1,0,1,0,0,1,0,0,0,1,1,1,0,0,1,0,0,1,0.3333333333333333,35.688387836721205,1
77,0,0,1,0,1,0,0,1,0,1,0,1,1,1,1,1,0,0,1,1,1,0,0,1,0,0,0,0,1,0,0,0,1,0,0,1,0.2222222222222222,20.756372343607765,1
78,0,1,0,1,0,0,1,0,1,0,1,1,0,0,0,1,1,1,0,0,0,1,1,0,1,0,1,1,0,0,1,1,0,1,1,0,0.3055555555555556,20.468792483579406,1
79,0,0,0,1,0,0,0,1,0,1,0,1,1,1,1,0,0,0,1,0,1,0,0,1,0,0,0,0,1,0,0,0,1,0,0,0,0.3055555555555556,16.422368505844787,1
80,0,0,1,1,1,0,0,1,0,1,0,1,1,1,0,0,0,0,1,0,1,0,0,1,0,0,0,0,1,0,0,0,1,1,0,0,0.2777777777777778,17.38264575735873,1
81,1,1,0,1,1,1,1,0,1,0,1,1,0,0,0,1,1,0,0,1,0,1,1,0,1,1,1,1,0,0,1,1,0,1,1,0,0.3055555555555556,27.29001392451449,1
82,0,0,1,0,0,0,1,1,0,1,0,1,1,1,1,0,0,0,1,0,1,0,0,1,0,0,0,0,1,0,0,0,0,0,0,1,0.25,16.1106763117881,1
83,0,0,1,1,1,0,0,1,0,1,0,1,1,1,1,0,0,0,1,0,1,0,0,0,0,0,0,0,1,0,0,0,1,0,0,1,0.25,26.37778437842075,1
84,0,0,1,0,0,0,1,1,0,1,0,1,1,1,1,1,0,0,1,0,1,0,0,1,0,0,0,0,0,0,0,0,1,0,0,0,0.2777777777777778,32.44370392171886,1
85,0,0,1,0,1,0,0,1,0,1,0,1,1,0,1,1,0,0,1,0,1,1,0,1,0,0,0,0,1,0,0,0,1,0,0,0,0.2777777777777778,15.761729880937608,1
86,0,0,0,0,1,0,0,1,0,1,0,1,1,1,1,1,0,0,1,0,1,0,0,1,0,0,0,0,1,0,0,0,1,0,0,1,0.2222222222222222,20.3229096262305,1
87,0,0,1,0,1,0,1,1,0,1,0,1,1,1,1,0,0,1,1,0,1,0,0,1,0,0,0,0,1,0,0,0,0,0,0,0,0.3055555555555556,36.64818349758288,1
88,0,0,1,1,1,0,0,1,0,1,0,1,1,0,1,1,0,0,1,0,1,0,0,1,0,0,0,0,1,0,0,0,0,0,0,1,0.2777777777777778,25.203819156860327,1
89,0,0,1,1,1,1,0,1,0,1,0,1,1,0,1,1,0,0,1,0,1,0,0,1,0,0,0,0,1,0,0,0,1,0,0,1,0.3055555555555556,31.918327760275332,1
90,0,0,1,0,0,0,0,1,0,1,0,1,1,0,1,0,0,1,1,0,1,0,0,0,0,0,0,0,1,0,0,0,1,0,0,1,0.3333333333333333,14.279218897441943,1
91,0,0,1,1,1,0,0,1,0,1,0,1,1,1,0,1,0,0,1,0,1,0,0,1,0,0,0,0,1,0,0,0,1,0,0,1,0.3333333333333333,26.401243784059226,1
92,1,1,1,1,0,0,0,0,1,0,1,1,0,0,0,1,1,1,0,0,0,1,1,0,1,1,1,1,0,0,1,1,0,0,1,0,0.3055555555555556,22.887341258452675,1
93,1,0,1,1,0,0,0,1,0,1,0,1,1,1,1,1,0,0,1,0,1,0,0,1,0,0,0,0,0,0,0,1,1,0,0,1,0.3333333333333333,28.352691033152944,1
94,0,0,1,0,1,0,0,1,0,1,0,1,1,1,1,1,0,0,1,0,1,0,0,1,0,0,0,0,1,0,0,0,1,0,0,0,0.3055555555555556,27.411290446646305,1
