,0,1,2,3,4,5,6,7,8,9,10,11,12,13,14,15,16,17,18,19,20,21,22,23,24,25,26,27,28,29,30,31,32,33,34,35,chain_break_fraction,energy,num_occurrences
0,0,1,0,0,0,0,0,0,1,0,0,0,1,0,1,1,1,0,0,1,0,1,1,0,0,0,0,1,1,1,1,0,1,0,0,1,0.25,27.83458937241184,1
1,0,1,0,0,0,0,0,0,1,0,0,0,1,0,1,1,1,0,0,0,0,1,1,0,0,0,0,1,1,1,1,0,1,1,0,1,0.25,27.321125934085842,1
2,0,1,0,0,0,0,0,0,1,0,0,0,1,0,1,1,1,0,0,0,0,1,1,0,0,1,0,1,1,1,1,0,1,0,0,1,0.19444444444444445,27.321125934085842,1
3,0,1,0,0,0,0,0,0,1,0,0,0,1,0,1,1,1,0,0,0,0,1,1,0,0,0,0,1,1,1,1,0,1,1,0,1,0.25,27.321125934085842,1
4,1,1,0,0,0,0,0,0,1,0,0,0,1,0,1,1,1,0,0,0,0,1,1,0,0,0,0,1,1,1,1,0,1,1,0,1,0.2222222222222222,25.35203150349063,1
5,0,1,0,0,0,0,0,0,1,0,0,0,1,0,1,1,1,0,0,0,0,1,1,0,0,0,0,1,1,1,1,0,1,0,0,1,0.2777777777777778,17.385392397047962,1
6,0,1,0,0,0,0,0,0,1,0,0,0,1,0,1,1,1,0,0,0,0,1,1,0,0,0,0,1,1,1,1,0,1,0,0,1,0.2777777777777778,17.385392397047962,1
7,0,1,0,0,0,0,0,0,1,0,0,0,1,0,1,1,1,0,0,0,0,1,1,0,0,0,0,1,1,1,1,0,1,1,0,1,0.2777777777777778,27.321125934085842,1
8,0,1,0,0,0,0,1,0,1,0,0,0,1,0,1,1,1,0,0,1,0,1,1,0,0,0,0,1,1,1,1,0,1,0,0,1,0.2222222222222222,24.834559360277737,1
9,0,0,0,0,0,0,0,0,1,0,0,0,1,0,1,1,1,0,0,0,0,1,1,0,0,0,0,1,1,1,1,0,1,0,0,1,0.2222222222222222,21.297325571874918,1
10,0,1,0,0,0,0,0,0,1,0,0,0,1,0,1,1,1,0,0,0,0,1,1,0,0,1,1,1,1,1,1,0,1,0,0,1,0.2222222222222222,32.181298966349594,1
11,0,0,0,0,0,0,0,0,1,0,0,0,1,0,1,1,1,0,0,0,0,1,1,0,0,0,0,1,1,1,1,0,1,0,0,1,0.2222222222222222,21.297325571874918,1
12,1,1,0,0,0,0,0,0,1,0,0,0,1,0,1,1,1,0,0,0,0,1,1,0,0,1,0,1,1,1,1,0,1,0,0,1,0.2222222222222222,25.352031503490633,1
13,0,1,0,0,0,0,0,0,1,0,0,0,1,0,1,1,1,0,0,0,0,1,1,0,0,0,0,1,1,1,1,0,1,1,0,1,0.3055555555555556,27.321125934085842,1
14,0,1,0,0,0,0,0,0,1,0,0,0,1,0,1,1,1,0,0,0,0,1,1,0,1,1,0,1,1,1,1,0,1,0,0,1,0.2777777777777778,33.28899270260477,1
15,0,0,0,0,0,0,0,0,1,0,0,0,1,0,1,1,1,0,0,0,0,1,1,0,0,0,0,1,1,1,1,0,1,1,0,1,0.2777777777777778,33.259314795276275,1
16,0,1,0,0,0,0,0,0,1,0,0,0,1,0,1,1,1,0,0,0,0,1,1,0,0,0,0,1,1,1,0,0,1,1,0,1,0.2222222222222222,22.645626006479993,1
17,0,1,0,0,0,0,0,0,1,0,0,0,1,0,1,1,1,0,0,0,0,1,1,0,1,0,0,1,1,1,1,0,1,0,0,1,0.3055555555555556,21.353259165566904,1
18,0,1,0,0,0,0,0,0,1,0,0,0,1,0,1,1,1,0,0,0,0,1,1,0,0,0,1,1,1,1,1,0,1,0,0,1,0.2777777777777778,20.971008194172036,1
19,0,1,0,0,0,0,0,0,0,0,0,0,1,0,1,1,1,0,0,0,0,1,1,0,0,0,0,1,1,1,1,0,1,0,0,1,0.25,19.3853924424243,1
20,0,0,0,0,0,0,0,0,1,0,0,0,1,0,1,0,1,0,0,1,0,1,1,0,0,0,0,1,0,1,1,0,1,0,0,1,0.2222222222222222,34.76963115378432,1
21,1,1,0,0,0,0,0,0,1,0,0,0,1,0,1,1,1,0,0,0,0,1,1,0,1,0,0,1,1,1,1,0,1,0,0,1,0.3055555555555556,19.890728656562562,1
22,0,1,0,0,0,0,0,0,1,0,0,0,1,0,1,1,1,0,0,0,0,1,1,0,0,1,0,1,0,1,1,0,1,0,0,1,0.2777777777777778,23.025332052584638,1
23,0,1,0,0,0,0,0,0,1,0,0,0,1,0,1,1,1,0,0,0,0,1,1,1,1,0,0,1,1,1,1,0,1,0,0,1,0.25,33.14591233824264,1
24,0,1,0,0,0,0,0,0,1,0,0,0,0,0,1,1,1,0,0,0,0,1,1,0,0,0,0,1,1,1,1,0,1,0,0,1,0.2777777777777778,19.3853924424243,1
25,1,1,0,0,0,0,0,0,1,0,0,0,1,0,1,1,1,0,0,0,0,1,1,0,1,0,0,1,1,1,1,0,1,0,0,1,0.3333333333333333,19.890728656562562,1
26,0,0,0,0,0,0,0,0,1,0,0,0,1,0,1,1,1,0,0,0,0,1,1,0,0,0,0,1,0,1,0,0,1,0,0,1,0.25,13.253207593687698,1
27,0,1,0,0,0,0,0,0,1,0,0,0,1,0,1,1,1,0,0,0,0,1,1,0,0,0,1,1,0,1,1,0,1,0,0,1,0.2777777777777778,17.451538500540536,1
28,0,1,0,0,0,0,0,0,0,0,0,0,1,0,1,1,1,0,0,0,0,1,1,0,0,0,0,1,1,1,1,0,1,1,0,1,0.2777777777777778,30.3211259794623,1
29,0,1,0,0,0,0,0,0,1,0,0,0,1,0,1,1,1,0,0,0,0,1,1,0,1,0,0,1,1,1,1,0,1,0,0,1,0.3333333333333333,21.353259165566904,1
30,1,1,0,0,0,0,0,0,1,0,0,0,1,0,0,1,1,0,0,0,0,1,1,0,0,0,0,1,1,1,1,0,1,0,0,1,0.2222222222222222,17.430442648759353,1
31,0,1,0,0,0,0,0,0,1,0,0,0,1,0,1,1,1,0,0,0,0,1,1,0,0,0,0,1,1,1,1,0,1,1,0,1,0.2222222222222222,27.321125934085842,1
32,0,1,0,0,0,0,0,0,1,0,0,0,1,0,1,1,1,0,0,1,0,1,1,0,0,0,0,1,1,1,1,0,1,0,1,1,0.3333333333333333,34.011630819137594,1
33,0,0,0,0,0,0,0,0,1,0,0,0,1,0,1,1,1,0,0,0,0,1,1,0,0,0,0,1,1,1,1,0,1,1,0,1,0.2777777777777778,33.259314795276275,1
34,1,1,0,0,0,0,0,0,1,0,0,0,1,0,1,1,1,0,0,0,0,1,1,0,0,0,1,1,0,1,1,0,1,1,0,1,0.2777777777777778,25.347879951323026,1
35,0,1,0,0,0,0,0,0,1,0,0,0,0,0,1,1,1,0,0,0,0,1,1,0,0,0,0,1,1,1,0,0,1,1,0,1,0.3055555555555556,25.145626042819245,1
36,1,1,0,0,0,0,0,0,1,0,0,0,1,0,1,1,1,0,0,1,0,1,1,0,0,0,0,1,1,1,1,0,1,0,0,1,0.3055555555555556,25.87500956407085,1
37,0,1,0,0,0,0,1,0,1,0,0,0,1,0,1,1,1,0,0,0,0,1,1,0,0,0,0,1,1,1,1,0,1,1,0,1,0.25,24.321096287845123,1
38,0,1,0,0,0,0,0,0,1,0,0,0,1,0,1,1,1,0,0,0,0,1,1,1,0,0,0,1,1,1,1,0,1,0,0,1,0.25,27.189115320414512,1
39,0,1,0,0,0,0,0,0,1,0,0,0,1,0,1,1,1,0,0,1,0,1,1,0,0,0,1,1,0,1,0,0,1,0,0,1,0.3055555555555556,22.90491574701791,1
40,0,1,0,0,0,0,1,0,1,0,0,0,1,0,1,1,1,0,0,1,0,1,1,0,0,0,1,1,0,1,1,0,1,0,0,1,0.2222222222222222,25.104315574468604,1
41,0,0,0,0,0,0,0,0,1,0,0,0,1,0,1,1,1,0,0,1,0,1,1,0,0,0,0,1,0,1,1,0,1,0,0,1,0.3333333333333333,28.767787311498044,1
42,0,1,0,0,0,0,0,0,0,0,0,0,1,0,1,1,1,0,0,0,0,1,1,1,0,0,0,1,1,1,1,0,1,0,0,1,0.2777777777777778,30.189115365791057,1
43,0,1,0,0,0,0,0,0,0,0,0,0,0,0,1,1,1,0,0,0,0,1,1,0,0,0,0,1,1,1,1,0,1,0,0,1,0.2777777777777778,22.385392487800644,1
44,0,1,0,0,0,0,1,0,1,0,0,0,1,0,1,1,1,0,0,0,0,1,1,1,0,0,0,1,1,1,1,0,1,0,0,1,0.2777777777777778,24.189085673814493,1
45,1,1,0,0,0,0,1,0,1,0,0,0,1,0,1,1,1,0,0,1,0,1,1,0,0,0,1,1,1,1,1,0,1,0,0,1,0.3055555555555556,27.198587992239247,1
46,1,1,0,0,0,0,0,0,0,0,0,0,1,0,1,1,1,0,0,0,0,1,1,0,0,1,0,1,1,1,1,0,1,0,0,1,0.3055555555555556,27.852031548867085,1
47,0,1,0,0,0,0,1,0,1,0,0,0,1,0,1,1,1,0,0,1,0,1,1,0,0,0,1,0,1,1,1,0,1,0,0,1,0.25,20.51093418932976,1
48,0,1,0,0,0,0,0,0,0,0,0,0,1,0,1,1,1,0,0,0,0,1,1,0,0,0,0,1,0,1,1,0,1,0,0,1,0.16666666666666666,15.935043414199395,1
49,0,1,0,0,0,0,0,0,1,0,0,0,0,0,0,1,1,0,0,0,0,1,1,0,0,0,0,1,1,1,1,0,1,0,0,1,0.25,21.386409281549206,1
50,1,1,0,0,0,0,0,0,1,0,0,0,0,0,1,1,1,0,0,0,0,1,1,0,1,0,0,1,0,1,1,0,1,0,0,1,0.3055555555555556,18.268263940198548,1
51,0,1,0,0,0,0,0,0,1,0,0,0,1,0,1,1,1,0,0,0,0,1,1,0,0,0,0,1,0,1,0,0,1,1,0,1,0.25,18.850515008610387,1
52,0,1,0,0,0,0,1,0,1,0,0,0,0,0,1,1,1,0,0,0,0,1,1,0,0,0,1,1,1,1,1,0,1,0,0,1,0.2777777777777778,20.470920124094828,1
53,0,1,0,0,0,0,0,0,1,0,0,0,1,0,1,1,1,0,0,0,0,1,1,0,0,0,0,1,1,1,1,0,1,0,0,1,0.3055555555555556,17.385392397047962,1
54,0,1,0,0,0,0,0,0,1,0,0,0,1,0,1,1,1,0,0,0,0,1,1,0,0,0,0,1,1,1,1,0,1,1,0,1,0.25,27.321125934085842,1
55,1,1,0,0,0,0,0,0,1,0,0,0,1,0,1,1,1,0,0,1,0,1,1,0,0,0,0,1,1,1,1,0,1,0,0,1,0.3055555555555556,25.87500956407085,1
56,0,1,0,0,0,0,0,0,1,0,0,0,1,0,1,1,1,0,0,0,0,1,0,1,0,0,1,1,1,1,1,0,1,0,0,1,0.19444444444444445,26.499865982830276,1
57,0,1,0,0,0,0,1,0,1,0,0,0,1,0,1,1,1,0,0,0,0,1,1,0,1,0,0,1,1,1,1,0,1,0,0,1,0.2777777777777778,18.853229519455397,1
58,0,1,0,0,0,0,0,0,1,0,0,0,1,0,1,1,1,0,0,0,0,1,1,0,0,0,0,1,1,1,1,0,1,1,0,1,0.3333333333333333,27.321125934085842,1
59,0,1,0,0,0,0,1,0,1,0,0,0,1,0,0,1,1,0,0,0,0,1,1,0,0,0,0,1,1,1,1,0,1,0,0,1,0.25,16.386379590190568,1
60,0,1,0,0,0,0,0,0,1,0,0,0,1,0,0,1,1,0,1,0,0,1,1,0,0,0,0,1,1,1,1,0,1,0,0,1,0.2222222222222222,23.61100786647086,1
61,0,1,0,0,0,0,0,0,0,0,0,0,1,0,1,1,1,0,0,0,0,1,1,1,1,0,0,1,0,1,1,0,1,0,0,1,0.3055555555555556,31.24757763467561,1
62,0,1,0,0,0,0,0,0,1,0,0,0,1,0,0,1,1,0,0,0,0,1,1,0,0,0,0,1,0,1,1,0,1,1,0,1,0.2222222222222222,25.026257173128702,1
63,1,1,0,0,0,0,1,0,1,0,0,0,1,0,1,1,1,0,0,1,0,1,1,0,0,0,1,1,1,1,1,0,1,0,0,1,0.3055555555555556,27.198587992239247,1
64,0,1,0,0,0,0,0,0,1,0,0,0,1,0,1,1,1,0,0,1,0,1,1,0,0,0,1,1,1,1,1,0,1,1,0,1,0.3611111111111111,46.82976101343288,1
65,0,1,0,0,0,0,1,0,1,0,0,0,1,0,1,1,1,0,0,0,0,1,1,1,1,0,0,1,0,1,0,0,1,0,0,1,0.2777777777777778,21.00393056336518,1
66,0,1,0,0,0,0,0,0,1,0,0,0,1,0,1,1,1,0,0,0,0,1,1,0,0,0,0,1,1,1,1,0,1,0,0,1,0.3333333333333333,17.385392397047962,1
67,0,0,0,0,0,0,0,0,0,0,0,0,1,0,1,1,1,0,0,0,0,1,1,0,0,0,0,1,1,1,1,0,1,0,0,1,0.3055555555555556,24.297325617251254,1
68,0,1,0,0,0,0,0,0,0,0,0,0,1,0,1,1,1,0,0,0,0,1,1,0,0,0,1,1,1,1,1,0,1,0,0,1,0.3333333333333333,23.471008239643457,1
69,0,1,0,0,0,0,0,0,1,0,0,0,1,0,1,1,1,0,0,0,0,1,1,0,1,1,0,0,1,1,1,0,1,0,0,1,0.2777777777777778,24.29408940293758,1
70,0,1,0,0,0,0,0,0,1,0,0,0,0,0,1,1,1,0,0,0,0,1,1,0,0,1,0,1,1,1,1,0,1,0,0,1,0.25,30.3211259794623,1
71,1,0,0,0,0,0,0,0,0,0,0,0,1,0,1,1,1,0,0,1,0,1,1,0,0,0,0,1,1,1,1,0,1,0,0,1,0.25,33.29416922636703,1
72,0,1,0,0,0,0,0,0,1,0,0,0,0,0,1,1,1,0,0,0,0,1,1,0,0,0,0,1,1,1,1,0,1,0,0,1,0.25,19.3853924424243,1
73,0,1,0,0,0,0,0,0,1,0,0,0,1,0,1,1,1,0,0,0,0,1,1,0,0,1,0,1,1,1,1,0,1,0,0,1,0.2777777777777778,27.321125934085842,1
74,0,1,0,0,0,0,0,0,0,0,0,0,1,0,1,1,1,0,1,0,0,1,1,0,0,0,0,1,1,1,0,0,1,0,0,1,0.25,19.225251516725912,1
75,0,1,0,0,0,0,0,0,1,0,1,0,0,0,1,1,1,0,0,0,0,1,1,0,0,0,0,1,1,1,1,0,1,0,0,1,0.1388888888888889,17.645028736921695,1
76,1,1,0,0,0,0,0,0,1,0,0,0,1,0,1,1,1,0,0,0,0,1,0,0,0,0,1,1,1,1,1,0,1,1,0,1,0.25,24.70220359939909,1
77,0,1,0,0,0,0,0,0,1,0,0,0,1,0,1,1,1,0,0,1,0,1,1,0,0,0,0,1,1,1,1,0,1,0,0,1,0.3055555555555556,27.83458937241184,1
78,0,1,0,0,0,0,0,0,1,0,0,0,1,0,0,1,1,0,0,0,0,1,1,0,0,0,0,1,1,1,1,0,1,0,0,1,0.3333333333333333,18.886409236172867,1
79,0,1,0,0,0,0,0,0,0,0,0,0,1,0,1,1,1,0,0,1,0,1,1,0,0,0,0,1,0,1,0,0,1,0,0,1,0.2777777777777778,21.173482554544165,1
80,1,1,0,0,0,0,0,0,1,0,0,0,1,0,0,1,1,0,0,0,0,1,0,0,0,1,0,1,1,1,1,0,1,0,0,1,0.2222222222222222,22.470062983073063,1
81,0,1,0,0,0,0,0,0,1,0,0,0,1,0,1,1,1,0,1,0,0,1,1,0,0,0,0,1,1,1,1,0,1,1,0,1,0.3333333333333333,33.02635227058038,1
82,1,1,0,0,0,0,0,0,1,0,0,0,1,0,1,1,1,0,0,0,0,1,1,0,1,0,0,1,1,1,1,0,1,0,0,1,0.3611111111111111,19.890728656562562,1
83,0,1,0,0,1,0,0,0,1,0,0,0,0,0,1,1,1,0,0,0,0,1,1,0,0,0,1,1,1,1,0,0,1,1,0,1,0.25,24.64574329684594,1
84,0,1,0,0,0,0,0,0,1,0,0,0,1,0,1,1,1,0,0,0,0,1,0,0,1,0,1,1,1,1,1,0,1,0,0,1,0.25,21.05283066694798,1
85,1,1,0,0,0,0,0,0,1,0,0,0,0,0,1,1,1,0,0,0,0,1,0,0,0,0,0,1,1,1,1,0,1,0,0,1,0.25,15.035368225585803,1
86,1,1,0,0,0,0,0,0,1,0,0,0,1,0,1,1,1,0,0,0,0,1,1,0,0,0,1,1,0,1,1,0,1,1,0,1,0.2777777777777778,25.347879951323026,1
87,0,1,0,0,0,0,0,0,1,0,0,0,1,0,1,1,1,0,0,0,0,1,1,0,0,0,0,0,1,1,1,0,1,0,0,1,0.25,12.214160802799817,1
88,0,1,0,0,0,0,0,0,1,0,0,0,1,0,0,1,1,0,0,0,0,1,1,0,1,1,1,1,0,1,1,0,1,0,0,1,0.3611111111111111,36.25009849825245,1
89,0,1,0,0,0,0,1,0,1,0,0,0,1,0,1,1,0,0,1,0,0,1,1,0,0,1,0,1,0,1,1,0,1,0,0,1,0.25,28.44864919742397,1
90,0,1,0,0,0,0,1,0,1,0,0,0,1,0,0,1,1,0,0,0,0,1,1,0,1,1,0,1,1,1,1,0,1,0,0,1,0.19444444444444445,32.289985122309375,1
91,0,1,0,0,0,0,0,0,1,0,1,0,0,0,1,1,1,0,0,0,0,1,1,0,0,0,0,1,1,1,1,0,1,1,0,1,0.3055555555555556,27.523523165356277,1
92,0,0,0,0,0,0,1,0,0,0,0,0,1,0,1,1,1,0,0,0,0,1,1,0,0,0,0,1,1,1,1,0,1,0,0,1,0.3055555555555556,20.797237501971377,1
93,0,1,0,0,0,0,0,0,1,0,0,0,0,0,1,1,1,0,0,0,0,1,0,1,0,0,0,1,1,1,0,0,1,0,0,1,0.2222222222222222,20.139636032833735,1
94,0,1,0,0,0,0,0,0,0,0,0,0,0,0,1,1,1,0,0,0,0,1,1,0,0,0,0,1,1,1,0,0,1,0,0,1,0.25,17.792955107527877,1
95,0,1,0,0,0,0,0,0,1,0,0,0,1,0,1,1,1,0,1,0,0,1,1,0,0,1,0,1,1,1,1,0,1,0,0,1,0.25,33.02635227058038,1
96,0,1,0,0,0,0,1,0,1,0,0,0,0,0,1,1,1,0,0,0,0,1,1,0,0,0,0,1,0,1,0,0,1,1,0,1,0.2222222222222222,18.35045631155554,1
97,1,1,0,0,0,0,0,0,1,0,1,0,1,0,1,1,1,0,1,0,0,1,1,0,0,0,0,1,1,1,1,0,1,1,0,1,0.3333333333333333,28.53720028032528,1
98,0,1,0,0,0,0,0,0,1,0,0,0,1,0,0,1,1,0,0,0,0,1,1,0,0,0,0,1,0,1,1,0,1,1,0,1,0.25,25.026257173128702,1
99,0,1,0,0,0,0,0,0,1,0,0,0,0,0,1,1,1,0,0,0,0,1,1,0,0,0,1,1,1,1,0,0,1,1,0,1,0.4722222222222222,29.98272779841717,1
