,0,1,2,3,4,5,6,7,8,9,10,11,12,13,14,15,16,17,18,19,20,21,22,23,24,25,26,27,28,29,30,31,32,33,34,35,chain_break_fraction,energy,num_occurrences
0,1,1,0,1,1,0,1,0,0,0,0,0,0,0,0,0,1,1,0,0,1,0,1,1,0,0,0,0,0,1,1,1,0,0,1,0,0.1388888888888889,10.775502458400283,1
1,1,1,0,1,1,1,1,0,0,0,0,0,0,0,0,0,1,1,0,0,1,0,1,1,1,0,0,0,0,1,1,1,1,0,1,0,0.1388888888888889,16.249234270035462,1
2,1,1,0,1,1,0,1,0,0,0,0,0,0,0,0,0,1,1,0,0,1,0,1,1,1,0,0,0,0,0,1,1,0,0,1,0,0.1388888888888889,11.768838631122316,1
3,1,1,1,1,0,1,1,0,0,1,0,0,0,0,0,0,1,1,0,0,1,0,1,1,1,0,0,0,0,1,1,1,0,0,1,0,0.25,22.82952849931766,1
4,1,1,1,1,0,1,1,0,0,1,0,0,0,0,0,0,1,1,0,0,1,0,1,1,1,0,1,0,0,1,1,1,0,0,1,0,0.2222222222222222,23.30361746531633,1
5,1,1,1,1,1,0,1,0,0,1,0,0,0,0,0,0,1,1,0,1,1,0,1,1,1,0,0,0,0,1,1,1,0,0,1,0,0.19444444444444445,22.84368363797541,1
6,1,1,0,1,0,0,1,0,0,0,0,0,0,0,0,0,1,1,0,0,1,0,1,1,1,0,1,0,0,1,1,1,0,0,1,0,0.16666666666666666,16.038931295708792,1
7,1,1,0,1,0,1,1,0,0,1,0,0,0,0,0,0,1,1,0,0,1,0,1,1,1,0,0,0,0,1,1,1,0,0,1,0,0.2222222222222222,19.289974545006427,1
8,1,1,1,1,0,1,0,0,0,1,0,0,0,0,0,0,1,1,0,0,1,0,1,1,1,0,1,0,0,1,1,1,0,0,1,0,0.3055555555555556,21.305458732067592,1
9,1,1,0,1,0,1,1,0,0,0,0,0,0,0,0,0,1,1,0,0,0,0,1,1,1,0,0,0,0,1,1,1,0,0,1,0,0.16666666666666666,12.902359174294345,1
10,1,1,1,1,0,1,1,0,0,0,0,0,0,0,0,0,1,1,0,0,1,0,1,1,1,0,0,0,0,1,1,1,0,0,1,0,0.2222222222222222,15.75042059069521,1
11,1,1,1,1,0,1,1,0,0,0,0,0,0,0,0,0,1,1,0,1,1,0,1,1,1,0,0,0,0,1,1,1,0,0,1,0,0.19444444444444445,21.330415649592556,1
12,1,1,0,1,1,0,1,0,0,0,0,0,0,0,0,1,1,1,0,1,1,0,1,1,1,0,0,0,0,1,1,1,0,0,1,0,0.19444444444444445,21.295484749073474,1
13,1,1,0,1,0,0,1,0,0,0,0,0,0,0,0,0,1,1,0,0,1,0,1,1,1,0,0,0,0,1,1,1,0,0,1,0,0.19444444444444445,12.912751042266734,1
14,1,1,1,1,0,1,1,0,0,0,0,0,0,0,0,0,1,1,0,0,1,0,1,1,1,0,1,0,0,1,1,1,0,0,1,0,0.25,17.292101526051088,1
15,1,1,1,1,1,0,1,0,0,0,0,0,0,0,0,0,1,0,0,0,1,0,1,1,0,0,1,0,0,1,1,1,0,1,1,0,0.16666666666666666,18.26357391218968,1
16,1,1,0,1,0,1,1,0,0,0,0,0,0,0,0,0,1,1,0,0,1,0,1,1,1,0,0,0,0,1,0,1,0,0,1,0,0.16666666666666666,13.649246922253152,1
17,0,1,0,1,1,0,1,0,0,0,0,0,0,0,0,0,1,1,0,0,1,0,1,1,1,0,0,0,0,1,1,1,1,0,1,0,0.1388888888888889,13.953576287027662,1
18,1,1,1,1,0,1,0,0,0,0,0,0,0,0,0,0,1,1,0,0,1,0,1,1,1,0,0,0,0,1,1,1,0,0,1,0,0.19444444444444445,14.252261854363297,1
19,1,1,0,1,1,0,0,0,0,0,0,0,0,0,0,0,1,1,0,0,1,0,1,1,1,0,0,0,0,1,1,1,0,0,1,0,0.16666666666666666,12.063650102993686,1
20,1,1,0,1,0,1,1,0,0,0,0,0,0,0,0,0,1,1,0,1,1,0,1,1,0,0,0,0,0,1,1,1,0,0,1,0,0.16666666666666666,17.552735517972113,1
21,1,1,1,1,0,1,1,0,0,0,0,0,0,0,0,0,1,1,0,0,1,0,1,1,1,0,0,0,0,1,1,1,0,1,1,0,0.19444444444444445,18.52886565812718,1
22,1,1,1,1,0,0,1,0,0,1,0,0,0,0,1,1,1,1,0,0,1,0,1,1,1,0,0,0,0,1,1,1,0,0,1,0,0.2222222222222222,27.698052366606365,1
23,1,1,1,1,0,1,1,0,0,1,0,0,0,0,0,0,1,1,0,0,0,0,1,1,1,0,0,0,0,1,1,1,0,0,1,0,0.2777777777777778,23.076550835150982,1
24,1,1,1,1,0,0,1,0,0,0,0,0,0,0,0,0,1,1,0,0,0,1,1,1,1,0,0,0,0,1,1,1,1,0,1,0,0.16666666666666666,18.346394301658588,1
25,1,0,1,1,1,0,1,0,0,0,0,0,0,0,0,0,1,1,0,0,1,0,1,1,1,0,0,0,0,1,1,1,0,0,1,0,0.08333333333333333,11.150710120845448,1
26,0,1,0,0,0,0,0,1,1,0,0,1,1,1,0,0,0,1,1,0,0,1,0,0,0,1,0,0,1,1,0,0,1,1,0,1,0.3333333333333333,29.43295672037931,1
27,0,1,0,0,0,0,0,1,1,0,0,1,1,0,0,0,0,1,1,0,0,1,0,0,0,1,0,0,1,0,0,0,1,1,0,1,0.2222222222222222,21.756339704143702,1
28,0,1,0,0,0,0,0,1,1,0,1,1,1,1,0,0,0,1,1,0,0,1,0,0,0,1,0,0,1,1,0,0,1,1,0,1,0.3611111111111111,31.809341816023878,1
29,1,1,1,1,0,1,0,0,0,1,0,0,0,0,0,1,1,1,0,0,1,0,1,1,1,0,0,0,0,1,1,1,0,0,1,0,0.2777777777777778,30.41047767160728,1
30,0,1,0,0,0,0,0,1,1,0,0,1,1,1,0,0,0,1,1,0,0,1,0,0,0,1,0,0,1,1,0,0,1,1,0,1,0.2777777777777778,29.43295672037931,1
31,1,1,1,1,0,1,1,0,0,1,0,0,0,0,0,0,1,1,0,0,1,0,1,1,1,0,0,0,0,1,1,1,0,0,1,0,0.3055555555555556,22.82952849931766,1
32,0,1,0,0,0,0,0,1,1,0,0,1,1,1,0,0,0,1,1,0,0,1,0,0,0,1,0,0,1,1,0,0,1,1,0,1,0.3055555555555556,29.43295672037931,1
33,0,1,0,0,0,0,0,1,1,0,1,1,1,0,0,0,0,1,1,0,0,1,0,0,0,1,0,0,1,0,0,0,1,1,0,1,0.25,23.132776519011006,1
34,1,1,1,1,1,1,1,0,0,0,0,0,0,0,1,0,1,1,0,1,1,0,1,1,1,0,1,0,0,1,1,1,0,0,1,0,0.2222222222222222,27.624516314686502,1
35,1,1,1,1,1,1,1,0,0,0,0,0,0,0,0,0,1,1,0,0,1,0,1,1,1,0,0,0,0,1,0,1,0,1,1,0,0.2222222222222222,19.37492843759612,1
36,1,1,1,1,1,1,1,0,0,0,0,0,0,0,0,0,1,1,0,0,1,0,1,1,1,0,1,0,0,1,1,1,1,0,1,0,0.1388888888888889,19.783599054421977,1
37,0,1,0,0,0,0,0,1,1,0,1,1,1,1,1,0,0,1,1,0,0,1,0,0,0,1,0,0,1,1,0,0,1,1,0,1,0.3888888888888889,34.943373691229674,1
38,1,1,0,1,0,1,1,0,0,0,0,0,0,0,0,0,1,1,0,1,1,0,1,1,1,0,1,0,0,1,1,1,0,0,1,0,0.16666666666666666,24.67492678314063,1
39,0,1,0,0,0,0,0,1,1,0,0,1,1,1,1,0,0,1,1,0,0,1,0,0,0,1,0,0,1,1,0,0,1,1,0,1,0.3333333333333333,31.612653395457812,1
40,0,1,0,1,0,1,1,0,0,0,0,0,0,0,0,0,1,1,0,1,1,0,1,1,1,0,0,0,0,1,0,1,0,0,1,0,0.19444444444444445,18.725849255745,1
41,0,1,0,1,1,0,1,0,0,0,0,0,0,0,0,1,1,0,0,0,0,1,1,1,1,0,0,0,0,0,1,1,1,0,1,0,0.1388888888888889,16.206219893104354,1
42,0,1,0,0,0,0,0,1,1,0,1,1,1,1,1,0,0,1,1,0,0,1,0,0,0,1,0,0,1,1,0,0,1,1,0,1,0.3888888888888889,34.943373691229674,1
43,1,1,0,1,0,0,1,0,0,0,0,0,0,0,0,1,1,1,0,1,1,0,1,1,1,0,0,0,0,1,0,1,0,0,1,0,0.19444444444444445,19.15420823169389,1
44,0,1,0,0,0,0,0,1,1,0,0,1,1,1,0,0,0,1,1,0,0,1,0,0,0,1,0,0,1,0,0,0,1,1,0,1,0.2777777777777778,26.5092133338783,1
45,1,1,1,1,0,0,1,0,0,1,0,0,0,0,0,0,1,1,0,0,1,0,1,1,1,0,0,0,0,1,0,1,0,0,1,0,0.2777777777777778,15.74378484050466,1
46,0,1,0,0,0,0,0,1,1,0,1,1,1,1,0,0,0,1,1,0,0,1,0,0,0,1,0,0,1,0,0,0,1,1,0,1,0.3055555555555556,29.885650148745576,1
47,0,1,0,0,0,0,0,1,1,0,1,1,1,1,0,0,0,1,1,0,0,1,0,0,0,1,0,0,1,1,0,0,1,1,0,1,0.4166666666666667,31.809341816023878,1
48,0,1,0,0,0,0,0,1,1,0,0,1,1,1,0,0,0,1,1,0,0,1,0,0,0,1,1,0,1,1,0,0,1,1,0,1,0.3611111111111111,32.76660694134689,1
49,0,1,0,0,0,0,0,1,1,0,0,1,1,0,0,0,0,1,1,0,0,1,0,0,0,1,0,0,1,0,0,0,1,1,0,1,0.2777777777777778,21.756339704143702,1
50,0,1,0,0,0,0,0,1,1,0,0,1,1,1,0,0,0,1,1,0,0,1,0,0,0,1,0,0,1,0,0,0,1,1,0,1,0.2777777777777778,26.5092133338783,1
51,0,1,0,0,0,0,0,1,1,0,1,1,1,1,1,0,0,1,1,0,0,1,0,0,0,1,0,0,1,0,0,0,1,1,0,1,0.3055555555555556,34.01996337136544,1
52,0,1,1,1,0,1,1,0,0,1,0,0,0,0,1,0,1,1,0,0,1,0,1,1,1,0,0,0,0,1,1,1,0,0,1,0,0.2222222222222222,24.370923717296293,1
53,0,1,0,0,0,0,0,1,1,0,0,1,1,1,0,0,0,1,1,1,0,1,0,0,0,1,0,0,1,0,0,0,1,1,0,1,0.3055555555555556,34.47080471598776,1
54,0,1,0,0,0,0,0,1,1,0,1,1,1,1,0,0,0,1,1,0,0,1,0,0,0,1,0,0,1,1,0,0,1,1,0,1,0.3055555555555556,31.809341816023878,1
55,0,1,0,0,0,0,0,1,1,0,0,1,1,0,1,0,0,1,1,1,0,1,0,0,0,1,0,0,1,0,0,0,0,1,0,1,0.2222222222222222,29.571598013783554,1
56,0,1,0,0,0,0,0,1,1,0,1,1,1,0,0,0,0,1,1,0,0,1,0,0,0,1,0,0,1,1,0,0,1,1,0,1,0.3055555555555556,27.056571624734733,1
57,0,1,0,0,0,0,0,1,1,0,0,1,1,1,1,0,0,1,1,0,0,1,0,0,0,1,0,1,1,1,0,0,1,1,0,1,0.2777777777777778,39.21236186803575,1
58,1,1,1,1,0,1,1,0,0,1,0,0,0,0,0,0,1,1,0,0,1,0,1,1,1,0,1,0,0,1,1,1,0,0,1,0,0.2777777777777778,23.30361746531633,1
59,0,1,0,0,0,0,0,1,1,0,0,1,1,0,1,0,0,1,1,0,0,1,0,0,0,1,0,0,1,0,0,0,0,1,0,1,0.2222222222222222,21.81292565502465,1
60,0,1,0,0,0,0,0,1,1,0,1,1,1,1,0,0,0,1,1,0,0,1,0,0,0,1,0,0,1,0,0,0,1,1,0,1,0.3055555555555556,29.885650148745576,1
61,1,0,0,1,1,0,0,0,0,0,0,0,0,0,0,1,1,0,0,0,1,0,0,1,0,0,0,0,0,0,0,1,0,0,1,1,0.1111111111111111,10.687713420821431,1
62,0,1,0,0,0,0,0,1,1,0,1,1,1,1,0,0,0,1,1,0,0,1,0,0,0,1,0,0,1,0,0,0,1,1,0,1,0.3055555555555556,29.885650148745576,1
63,0,1,0,1,0,0,0,0,0,0,0,0,0,0,0,1,1,0,0,0,1,0,1,1,1,0,1,0,0,0,0,0,1,0,0,0,0.05555555555555555,7.809840766235217,1
64,0,1,0,0,0,0,0,1,1,0,1,1,1,1,0,0,0,1,1,1,0,1,0,0,0,1,0,0,1,0,0,0,1,1,0,1,0.2777777777777778,36.826978323090124,1
65,0,1,0,0,0,0,0,1,1,0,1,1,1,1,0,0,0,1,1,0,0,1,0,0,0,1,0,0,1,0,0,0,1,1,0,1,0.3611111111111111,29.885650148745576,1
66,0,1,0,0,1,0,0,1,1,0,0,1,1,1,0,0,0,1,1,1,0,1,0,0,0,1,0,0,1,1,0,0,1,1,0,1,0.3055555555555556,40.82737533610843,1
67,1,1,0,0,0,0,0,1,1,0,0,1,1,1,1,0,0,1,1,0,0,1,0,0,0,1,0,0,1,0,0,0,1,1,0,1,0.3333333333333333,32.68670314011958,1
68,0,1,0,0,0,0,0,1,1,0,1,1,1,1,0,0,0,1,1,1,0,1,0,0,0,1,0,0,1,0,0,0,1,1,0,1,0.3333333333333333,36.826978323090124,1
69,0,1,0,0,0,0,0,1,1,0,0,1,1,1,0,0,0,1,1,0,0,1,0,0,0,1,0,0,1,0,0,0,1,1,0,1,0.3333333333333333,26.5092133338783,1
70,0,1,0,0,0,0,0,1,1,0,0,1,1,1,0,0,0,1,1,0,0,1,0,0,0,1,0,0,1,0,0,0,1,1,0,1,0.2777777777777778,26.5092133338783,1
71,0,1,0,0,0,0,0,1,1,0,1,1,1,1,0,0,0,1,1,0,0,1,0,0,0,1,0,0,1,0,0,0,1,1,0,1,0.3333333333333333,29.885650148745576,1
72,0,1,0,0,0,0,0,1,1,0,0,1,1,0,0,0,0,1,1,0,0,1,0,0,0,1,0,0,1,0,0,0,1,1,0,1,0.25,21.756339704143702,1
73,1,1,1,0,0,1,1,0,0,1,0,0,0,0,1,0,1,1,0,0,1,0,1,1,1,0,1,0,0,1,1,1,0,0,1,0,0.2777777777777778,19.29785949568371,1
74,0,1,0,0,0,0,0,1,1,0,0,1,1,1,0,0,0,1,1,0,0,1,0,0,0,1,0,0,1,0,0,0,1,1,0,1,0.2777777777777778,26.5092133338783,1
75,0,1,0,0,0,0,0,1,1,0,1,1,1,1,0,0,0,1,1,0,0,1,0,0,0,1,0,0,1,1,0,0,0,1,0,1,0.3333333333333333,30.27216472380232,1
76,0,1,0,0,0,0,0,1,1,0,1,1,1,1,1,0,0,1,1,0,0,1,0,0,0,1,0,0,1,1,0,0,1,1,0,1,0.3333333333333333,34.943373691229674,1
77,0,1,0,0,0,0,0,1,1,0,0,1,0,0,0,0,0,1,1,0,0,1,0,0,0,1,0,0,1,0,0,0,1,1,0,1,0.2222222222222222,21.37990288927642,1
78,0,1,0,0,0,0,0,1,1,0,1,1,1,1,1,0,0,1,1,1,0,1,0,0,0,1,0,0,1,1,0,0,1,1,0,1,0.4166666666666667,42.92438734603227,1
79,0,1,0,0,0,0,0,1,1,0,0,1,1,1,0,0,0,1,1,0,0,1,0,0,0,1,0,0,1,0,0,0,1,1,0,1,0.3333333333333333,26.5092133338783,1
80,0,1,0,0,0,0,0,1,1,0,0,1,0,1,0,0,0,1,1,0,0,1,0,0,0,1,0,0,1,0,0,0,1,1,0,1,0.3055555555555556,24.132776519011,1
81,0,1,0,0,0,0,0,1,1,0,0,1,1,0,0,0,0,1,1,0,0,1,0,0,0,1,0,0,1,0,0,0,0,1,0,1,0.3055555555555556,20.041498906106625,1
82,1,1,1,1,0,1,1,0,0,0,0,0,0,0,0,1,1,1,0,0,1,0,1,1,1,0,1,1,0,1,1,1,0,0,1,0,0.3333333333333333,28.251795397313725,1
83,0,1,0,0,0,0,0,1,1,0,1,1,1,1,1,0,0,1,1,0,0,1,0,0,0,1,0,0,1,1,0,0,1,1,0,1,0.3333333333333333,34.943373691229674,1
84,0,1,0,0,0,0,0,1,1,0,0,1,1,1,0,0,0,1,1,0,0,1,0,0,0,1,1,0,1,1,0,0,1,1,0,1,0.3055555555555556,32.76660694134689,1
85,0,1,0,0,0,0,0,1,1,0,1,1,1,0,1,0,1,1,1,0,0,1,0,0,0,1,0,0,1,0,0,0,0,1,0,1,0.2777777777777778,26.54575001833571,1
86,0,0,0,0,0,0,0,1,1,0,0,1,1,1,0,0,0,1,1,1,0,1,0,0,0,1,0,0,1,0,0,0,1,1,0,1,0.25,33.47578180949208,1
87,1,0,1,1,1,1,1,0,0,0,0,0,0,0,0,0,1,0,0,0,1,0,1,1,1,0,1,0,0,1,1,1,0,0,1,0,0.2222222222222222,16.934658298147006,1
88,1,1,1,1,0,1,0,0,0,1,0,0,0,0,0,0,1,1,0,0,1,0,1,1,1,0,1,0,0,0,1,1,0,0,1,0,0.2777777777777778,22.506777914289334,1
89,0,0,0,0,0,0,1,0,1,0,0,0,0,0,1,0,0,1,1,1,0,0,1,0,1,0,0,0,0,0,0,1,0,0,0,0,0.0,6.306195594019387,1
90,0,1,0,0,0,0,0,1,0,0,0,1,1,1,0,0,0,1,1,0,0,1,0,0,0,1,0,0,0,0,0,0,1,1,0,1,0.25,24.36722294442824,1
91,0,1,0,0,0,0,0,1,1,0,1,1,1,1,0,0,0,1,1,1,0,1,0,0,0,1,1,0,1,0,0,0,1,1,0,1,0.3333333333333333,40.40189756731794,1
92,1,1,0,1,0,0,0,0,1,0,0,0,0,0,1,0,1,0,0,0,1,0,1,1,0,0,0,0,0,1,1,1,0,0,1,0,0.05555555555555555,9.915467333397581,1
93,0,1,0,0,0,0,0,1,1,0,1,1,1,1,0,0,0,1,1,0,0,1,0,0,0,1,0,0,0,1,0,0,1,1,0,1,0.25,30.847495982384725,1
94,0,1,0,0,0,0,0,1,1,0,0,1,1,1,1,0,0,1,1,0,0,1,0,0,0,1,0,0,1,0,0,0,1,1,0,1,0.3333333333333333,29.689191356370845,1
95,1,1,0,0,0,0,0,1,1,0,1,1,1,0,0,0,0,1,1,0,0,1,0,0,0,1,0,0,1,0,1,0,1,1,0,1,0.3888888888888889,25.054471395158068,1
96,1,1,1,1,0,0,1,0,0,0,0,0,0,0,0,0,1,1,0,0,1,0,1,1,1,0,0,0,0,1,1,1,0,0,1,0,0.2222222222222222,12.543634596323336,1
97,1,1,0,0,0,0,0,1,1,0,0,1,1,1,0,0,0,1,1,1,0,1,0,0,0,1,0,0,1,0,0,0,1,1,0,1,0.3055555555555556,35.968316169235585,1
98,0,1,0,0,0,0,0,1,1,0,1,1,1,1,0,0,0,1,1,0,0,1,0,0,0,1,1,0,1,1,0,0,1,1,0,1,0.4722222222222222,34.61764037028766,1
99,0,1,0,0,0,0,0,1,1,0,0,1,1,1,0,0,0,1,1,0,0,1,0,0,0,1,0,0,1,1,0,0,1,1,0,1,0.3333333333333333,29.43295672037931,1
