,0,1,2,3,4,5,6,7,8,9,10,11,12,13,14,15,16,17,18,19,20,21,22,23,24,25,26,27,28,29,30,31,32,33,34,35,chain_break_fraction,energy,num_occurrences
0,0,0,0,0,0,0,1,0,1,0,0,0,0,1,1,1,0,1,1,0,0,0,0,0,1,0,0,0,1,0,1,1,0,0,1,0,0.16666666666666666,6.279707352123796,1
1,1,1,1,0,0,0,1,0,0,0,0,0,0,1,1,1,0,1,1,0,0,0,0,0,1,0,0,0,1,0,1,1,1,0,0,0,0.16666666666666666,12.281877024362473,1
2,1,1,1,0,0,0,1,0,1,0,0,0,0,1,1,1,0,1,1,0,0,0,1,0,1,0,0,0,1,0,1,1,1,0,1,0,0.2222222222222222,10.634654458728122,1
3,1,0,1,0,0,0,1,0,1,0,0,0,1,1,1,1,0,0,1,0,0,0,0,0,1,0,0,0,1,0,1,1,1,0,1,0,0.16666666666666666,3.961781445327287,1
4,1,0,0,0,0,0,1,0,0,0,0,0,0,1,1,1,0,1,0,0,0,0,1,0,1,0,0,0,1,0,1,1,0,0,1,0,0.2222222222222222,6.646680919750716,1
5,0,1,0,0,0,0,1,0,0,0,0,0,1,1,1,1,0,1,1,0,0,0,1,0,1,0,0,0,0,0,1,1,0,0,1,0,0.2222222222222222,10.54671244903264,1
6,0,1,0,0,0,0,1,0,0,0,0,0,1,1,1,1,0,1,0,0,0,0,1,0,1,0,0,0,1,0,1,1,1,0,1,0,0.19444444444444445,8.618928247700705,1
7,1,1,1,0,0,0,1,0,0,0,0,0,0,1,1,1,0,1,1,0,0,0,1,0,1,0,0,0,0,0,0,1,1,0,1,0,0.2222222222222222,12.578699382802178,1
8,0,1,1,0,0,0,1,0,1,0,0,0,0,1,1,1,0,1,1,0,0,0,1,0,1,0,0,0,0,0,1,1,0,0,1,0,0.25,11.59803968216888,1
9,1,1,0,1,0,0,1,0,0,0,0,1,0,1,0,0,0,1,1,0,0,0,1,0,1,0,0,0,0,0,1,1,0,0,1,0,0.19444444444444445,15.133893869625894,1
10,0,1,1,0,0,0,1,0,0,0,0,0,0,1,1,1,0,0,1,0,0,0,1,0,1,0,0,0,1,0,1,1,0,0,1,0,0.19444444444444445,5.486266886438229,1
11,0,1,1,0,0,0,1,0,0,0,0,0,0,1,1,1,0,1,1,0,0,0,1,0,1,0,0,0,1,0,1,1,0,0,0,0,0.25,10.419107474731534,1
12,0,1,0,0,0,0,1,0,0,0,0,0,0,1,1,1,0,1,1,0,0,0,0,0,1,0,0,0,1,0,1,1,1,0,1,0,0.2222222222222222,7.6665627268657675,1
13,1,0,0,0,0,0,1,0,0,0,0,0,0,1,1,1,0,1,1,0,0,0,0,0,1,0,0,0,0,0,1,1,1,0,1,0,0.2222222222222222,5.753310483910905,1
14,0,1,0,0,0,0,1,0,0,0,0,0,0,1,1,1,0,1,0,0,0,0,1,0,1,0,0,0,0,0,1,1,0,0,1,0,0.2222222222222222,10.067628421277261,1
15,0,1,1,0,0,0,1,0,0,0,0,0,1,1,1,1,0,0,1,0,0,0,1,0,1,0,0,0,1,0,1,1,0,0,1,0,0.2222222222222222,6.112560146701971,1
16,0,1,0,0,0,0,1,0,0,0,0,1,1,1,0,1,0,1,1,0,0,0,1,0,1,0,0,0,0,0,1,1,1,0,1,0,0.19444444444444445,13.507628998580103,1
17,1,1,0,0,0,0,1,0,0,0,0,0,0,1,0,1,0,1,1,0,0,0,1,0,0,0,0,0,1,0,1,1,0,0,1,0,0.16666666666666666,9.72022705920897,1
18,1,1,1,0,0,0,1,0,0,0,0,0,0,1,1,1,0,1,1,1,0,0,1,0,1,0,0,0,1,0,1,1,1,0,1,0,0.19444444444444445,12.777230780738034,1
19,1,1,0,0,0,0,1,0,0,0,0,0,1,1,0,1,0,1,1,0,0,0,1,0,1,0,0,0,1,0,1,1,1,0,1,0,0.19444444444444445,7.781170498402493,1
20,0,1,1,0,0,0,1,0,0,0,0,0,1,1,1,1,0,1,1,0,0,0,0,1,1,0,0,0,1,0,1,1,1,0,1,0,0.19444444444444445,10.586152796767482,1
21,0,0,1,0,0,0,1,0,0,0,0,0,0,1,0,1,0,0,1,0,0,0,0,0,1,0,0,0,0,0,1,1,1,0,1,0,0.2222222222222222,2.5197802274111343,1
22,0,1,0,0,0,0,1,0,0,0,0,0,1,1,1,1,0,0,1,0,0,0,1,0,1,0,0,0,1,0,1,1,0,0,0,0,0.19444444444444445,5.377753473920024,1
23,0,1,0,0,0,0,1,0,1,0,0,0,0,1,1,1,0,1,1,0,0,0,1,0,1,0,0,0,0,0,1,1,1,0,1,0,0.2777777777777778,7.7631319887014,1
24,0,0,1,0,0,0,1,0,0,0,0,0,0,1,1,1,0,0,1,0,0,0,0,0,1,0,0,0,1,0,1,1,1,0,1,0,0.2777777777777778,4.327211779973728,1
25,0,1,0,0,0,0,1,0,0,0,0,0,1,1,1,1,0,1,0,0,0,0,1,0,1,0,0,0,0,0,1,1,0,0,1,0,0.2222222222222222,12.218234418110653,1
26,0,1,0,0,0,0,1,0,0,0,0,0,0,1,1,1,0,1,1,0,0,0,1,0,0,0,0,0,1,0,0,1,1,0,1,0,0.1388888888888889,9.331407357179632,1
27,0,1,1,0,0,0,1,0,1,0,0,0,1,1,1,1,0,0,1,0,0,0,1,0,1,0,0,0,1,0,1,1,0,0,1,0,0.19444444444444445,6.535604098053004,1
28,0,1,0,0,0,0,1,0,1,0,0,1,0,1,1,1,0,1,1,0,0,0,1,0,1,0,0,0,1,0,1,1,1,0,1,0,0.2222222222222222,14.912020837538021,1
29,1,1,0,0,0,0,1,0,0,0,0,0,1,1,1,1,0,1,0,0,0,0,1,0,1,0,0,0,1,0,1,1,0,0,1,0,0.19444444444444445,13.136252300281177,1
30,1,1,0,0,0,0,1,0,1,0,0,0,0,1,1,1,0,0,0,0,0,0,1,0,1,0,0,0,1,0,1,1,0,0,1,0,0.19444444444444445,6.024062434891314,1
31,0,1,0,0,0,0,1,0,0,0,0,0,0,1,1,1,0,1,1,0,0,0,0,0,1,0,0,0,1,0,1,1,1,0,1,0,0.2222222222222222,7.6665627268657675,1
32,0,1,1,0,0,0,1,0,1,0,0,0,0,1,1,1,0,1,1,0,0,0,1,0,1,0,0,0,0,0,1,1,1,0,1,0,0.2777777777777778,9.272286793911027,1
33,1,0,1,1,0,0,1,0,0,0,0,0,1,1,0,1,0,1,1,0,0,0,1,0,1,0,0,0,1,0,1,1,1,0,1,0,0.2222222222222222,9.482606874630033,1
34,0,0,0,0,0,0,1,0,0,0,0,0,1,1,1,1,0,1,0,0,0,0,1,0,1,0,0,0,1,0,1,1,0,0,1,0,0.25,7.097229467566525,1
35,0,1,0,0,0,0,1,0,0,0,0,1,1,1,1,1,0,1,0,0,0,0,1,0,1,0,0,0,1,0,1,1,1,0,0,0,0.19444444444444445,19.309280400722557,1
36,1,0,1,0,0,0,1,0,0,0,0,0,0,1,1,1,0,1,1,0,0,0,1,0,1,0,0,0,1,0,1,1,1,0,1,0,0.3055555555555556,6.704244428643125,1
37,1,0,1,0,0,0,1,0,0,0,0,0,1,1,1,1,0,0,1,0,0,0,1,0,1,0,0,0,0,0,1,1,0,0,1,0,0.25,4.214675869543264,1
38,0,1,1,0,0,0,1,0,0,0,0,0,1,1,1,1,0,0,1,0,0,0,0,0,1,0,0,0,1,0,1,1,1,0,1,0,0.25,5.5544945727880055,1
39,0,1,1,0,0,0,1,0,0,0,0,0,0,1,1,1,0,1,0,0,0,0,0,0,1,0,0,0,1,0,1,1,1,0,1,0,0.2777777777777778,9.463139501272302,1
40,0,1,1,0,0,0,1,0,0,0,0,0,1,1,1,1,0,1,0,0,0,0,1,0,1,0,0,0,1,0,1,1,1,0,1,0,0.2777777777777778,10.128083052910327,1
41,0,0,0,0,0,0,1,0,0,0,0,0,0,1,1,1,0,1,1,0,0,0,0,0,1,0,0,0,1,0,1,1,1,0,1,0,0.25,6.149953175394906,1
42,0,1,0,0,0,0,1,0,0,0,0,0,0,1,0,1,0,1,1,0,0,0,1,0,0,0,0,0,1,0,0,1,1,0,0,0,0.19444444444444445,7.269998191710949,1
43,0,1,1,0,0,0,1,0,1,0,0,0,0,1,0,1,0,1,1,0,0,0,0,0,1,0,0,0,1,0,1,1,1,0,0,0,0.2222222222222222,7.5997845909934245,1
44,0,1,1,0,0,0,1,0,0,0,0,0,0,1,1,1,0,1,1,0,0,0,1,0,1,0,0,0,0,0,1,1,1,0,0,0,0.3055555555555556,9.823733768245136,1
45,0,1,0,0,0,0,1,0,0,0,0,0,0,1,1,1,0,1,1,0,0,0,1,0,1,0,0,0,1,0,1,1,1,0,1,0,0.25,7.856724636474278,1
46,1,1,0,0,0,0,1,0,0,0,0,0,1,1,1,1,0,1,1,0,0,0,1,0,1,0,0,0,0,0,1,1,0,0,1,0,0.2222222222222222,13.224774185542563,1
47,0,1,1,0,0,0,1,0,0,0,0,0,0,1,1,1,0,1,1,0,0,0,1,0,1,0,0,0,1,0,1,1,1,0,1,0,0.1111111111111111,8.365879441683807,1
48,0,0,0,0,0,0,1,0,1,0,0,0,0,1,1,1,0,1,1,0,0,0,1,0,1,0,0,0,0,0,1,1,0,0,1,0,0.19444444444444445,6.221325520303466,1
49,0,1,0,0,0,0,1,0,0,0,0,1,0,1,1,0,0,1,1,0,0,0,1,0,1,0,0,0,1,0,1,1,0,0,0,0,0.16666666666666666,10.183938162725573,1
50,0,0,1,0,0,0,1,0,1,0,0,0,0,1,1,1,0,0,1,0,0,0,1,0,1,0,0,0,1,0,1,1,0,0,1,0,0.2777777777777778,3.7261020412642187,1
51,0,1,0,0,0,0,1,0,0,0,0,0,0,1,1,1,0,1,1,0,0,0,1,0,0,0,0,0,1,0,1,1,1,0,0,0,0.2222222222222222,8.909952666776254,1
52,0,0,1,0,0,0,1,0,0,0,0,1,0,1,1,1,0,1,1,0,0,0,0,0,1,0,0,0,1,0,1,1,1,0,1,0,0.3055555555555556,12.612903689932983,1
53,0,0,0,0,0,0,1,0,1,0,0,0,0,1,1,1,0,1,1,0,0,0,0,0,0,0,0,0,1,0,1,1,0,0,1,0,0.16666666666666666,8.085511221377534,1
54,0,1,1,0,0,0,1,0,0,0,0,0,1,1,1,0,0,1,1,0,0,0,0,0,1,0,0,0,1,0,1,1,1,0,1,0,0.2222222222222222,4.670908394427112,1
55,0,1,1,0,0,0,1,0,1,0,0,0,0,1,1,1,0,1,0,0,0,0,1,0,1,0,0,0,0,0,1,1,1,0,1,0,0.2222222222222222,10.985694416978731,1
56,0,0,1,0,0,0,1,0,1,0,0,0,1,1,1,0,0,1,1,0,0,0,1,0,1,0,0,0,0,0,1,1,1,0,1,0,0.19444444444444445,2.6877766534397884,1
57,0,1,1,0,0,0,1,0,0,0,0,0,0,1,1,1,0,1,1,0,0,0,1,0,1,0,0,0,1,0,1,1,1,0,1,0,0.2222222222222222,8.365879441683807,1
58,0,0,0,0,0,0,1,0,0,0,0,0,0,1,1,1,0,1,1,0,0,0,1,0,1,0,0,0,0,0,1,1,1,0,1,0,0.25,6.259583056392761,1
59,1,0,1,1,0,0,1,0,1,0,0,0,1,1,1,0,0,0,1,0,0,0,1,0,1,0,0,0,1,0,1,1,1,0,1,0,0.1388888888888889,3.5717696197938316,1
60,1,0,0,0,0,0,1,0,0,0,1,0,0,1,1,1,0,1,1,0,0,0,1,0,0,0,0,0,1,0,1,1,0,0,1,0,0.2222222222222222,11.170180998329263,1
61,0,0,1,1,0,0,1,0,0,0,0,0,0,1,1,1,0,1,1,0,0,0,1,0,1,0,0,0,1,0,1,1,0,0,0,0,0.2777777777777778,12.10112242460408,1
62,0,1,0,0,0,0,1,0,1,0,0,0,0,1,1,1,0,1,1,0,0,0,1,0,0,0,0,0,1,0,1,1,1,0,0,0,0.19444444444444445,9.588884874213527,1
63,0,0,0,0,0,0,1,0,0,0,0,1,0,1,1,0,0,1,1,0,0,0,1,0,1,0,0,0,0,0,1,1,1,0,1,0,0.16666666666666666,7.407125920198157,1
64,0,1,0,0,0,0,1,0,1,0,0,1,0,1,1,0,0,1,1,0,0,0,1,0,1,0,0,0,1,0,1,1,1,0,1,0,0.16666666666666666,8.554523235583096,1
65,0,1,0,0,0,0,1,0,1,0,0,0,0,1,1,1,0,0,0,0,0,0,1,0,1,0,0,0,1,0,1,1,0,0,1,0,0.2777777777777778,4.344507033498055,1
66,1,1,1,1,0,0,1,0,0,0,0,0,0,1,1,1,0,1,1,0,0,0,1,0,1,0,0,0,1,0,1,1,0,0,1,0,0.3333333333333333,18.83938609708516,1
67,0,0,1,0,0,0,1,0,1,0,0,0,0,1,0,1,0,1,0,0,0,0,1,0,0,0,0,0,1,0,1,1,1,0,1,0,0.16666666666666666,4.809587841596382,1
68,0,0,0,0,0,0,1,0,1,0,0,0,0,1,1,1,0,1,1,0,1,0,0,0,1,0,0,0,1,0,1,1,0,0,0,0,0.19444444444444445,5.656492468400353,1
69,1,0,0,0,0,0,1,0,0,0,0,0,0,1,0,1,0,1,0,0,0,0,1,0,1,0,0,0,0,0,1,1,1,0,1,0,0.2222222222222222,4.181002810061462,1
70,0,1,1,0,0,0,1,0,0,0,0,0,0,1,0,1,0,0,1,0,0,0,1,0,0,0,0,0,0,0,1,1,0,0,1,0,0.19444444444444445,4.559120428065214,1
71,0,1,1,1,0,0,1,0,0,0,0,0,1,1,0,1,0,1,0,0,0,0,1,0,1,0,0,0,1,0,1,1,1,0,1,0,0.3055555555555556,13.27702184685116,1
72,0,1,1,0,0,0,1,0,1,0,0,0,1,1,1,1,0,1,1,0,0,0,1,0,1,0,0,0,0,0,1,1,0,0,1,0,0.19444444444444445,14.564921257567851,1
73,0,1,0,0,0,0,1,0,1,0,0,0,1,1,1,1,0,1,0,0,0,0,1,0,1,0,0,0,1,0,1,1,0,0,1,0,0.2222222222222222,11.984521587861549,1
74,0,1,1,0,0,0,1,0,1,0,1,0,0,1,0,1,0,0,1,0,1,0,1,0,1,0,0,0,1,0,1,1,0,0,1,0,0.19444444444444445,4.269865535392624,1
75,1,1,0,0,0,0,1,0,0,0,0,0,0,1,1,0,0,0,1,1,0,0,0,0,1,0,0,0,0,0,1,1,0,0,0,0,0.2222222222222222,3.8271889628946747,1
76,0,0,0,0,0,0,1,0,1,0,0,0,0,1,0,1,0,1,1,0,0,0,0,0,1,0,0,0,1,0,1,1,1,0,1,0,0.2777777777777778,4.139573227793486,1
77,0,1,1,0,0,0,0,0,0,0,1,0,0,1,1,0,0,0,0,0,0,0,0,1,0,0,0,0,1,0,1,1,1,0,1,0,0.05555555555555555,4.293947738521177,1
78,0,1,0,0,0,0,1,0,1,0,0,1,0,1,0,0,0,1,1,0,0,0,1,0,0,0,0,0,0,0,1,1,0,0,1,0,0.16666666666666666,11.165414255793102,1
79,0,0,0,0,0,0,1,0,0,0,0,0,1,1,1,1,0,1,1,0,0,0,1,0,1,0,0,0,1,0,1,1,1,0,1,0,0.2777777777777778,7.139849796361792,1
80,1,0,0,0,0,0,1,0,0,0,0,0,0,1,1,1,0,1,1,1,0,0,0,0,0,0,0,0,1,0,1,1,1,0,0,0,0.19444444444444445,8.458710705546057,1
81,0,1,1,1,0,0,1,0,0,0,1,0,0,1,0,0,0,0,1,0,0,0,1,0,1,0,0,0,1,0,1,1,0,0,0,0,0.2222222222222222,5.118857538322916,1
82,1,0,0,0,0,0,1,0,0,0,0,0,0,1,1,1,0,1,1,0,1,0,1,0,1,0,0,0,1,0,1,1,1,0,0,0,0.25,5.8632119056360645,1
83,0,1,1,0,0,0,1,0,1,0,1,0,1,1,0,1,0,0,1,0,0,0,1,0,0,0,0,0,1,0,1,1,0,0,1,0,0.2222222222222222,8.13309684031982,1
84,0,0,1,0,0,0,1,0,0,0,0,0,0,1,1,0,0,1,0,0,0,0,1,0,1,0,0,0,1,0,1,1,1,0,1,0,0.19444444444444445,3.4845549408385366,1
85,0,0,1,0,0,0,1,0,1,0,0,0,0,1,1,1,0,0,0,0,0,0,1,0,1,0,0,0,1,0,1,1,1,0,1,0,0.3055555555555556,2.993047362444424,1
86,0,1,0,0,0,0,1,0,1,0,0,0,0,1,1,1,0,1,1,0,0,0,1,0,0,0,0,0,1,0,1,1,1,0,1,0,0.19444444444444445,8.738131066460687,1
87,0,1,0,0,0,0,1,0,0,0,0,1,1,1,1,0,0,0,0,0,0,0,1,0,1,0,0,0,1,0,1,1,0,0,1,0,0.25,5.077112676652945,1
88,0,0,1,1,0,0,1,0,1,0,0,0,0,1,0,0,0,0,0,0,0,0,0,0,1,0,0,0,1,0,1,1,1,0,0,0,0.16666666666666666,2.0003148900198076,1
89,0,0,0,0,1,0,1,0,0,0,0,0,0,1,0,1,0,1,1,0,0,0,1,0,1,0,0,0,1,0,1,1,1,0,1,0,0.2222222222222222,7.520367012617449,1
90,0,1,0,1,0,0,1,0,1,0,0,0,0,1,1,1,0,1,1,0,0,0,0,0,1,0,0,0,1,0,1,1,1,0,1,0,0.3055555555555556,13.040094265612936,1
91,0,1,0,0,0,0,1,0,0,0,0,0,1,1,1,1,0,1,1,0,0,0,1,0,0,0,0,0,0,0,1,1,1,0,1,0,0.16666666666666666,10.546712449032636,1
92,0,0,1,0,0,0,1,0,0,0,0,0,0,1,1,1,0,0,1,0,0,0,0,0,0,0,0,0,1,0,1,1,0,0,0,0,0.19444444444444445,4.195723663825393,1
93,0,1,0,0,0,0,1,0,0,0,0,0,1,1,1,1,0,0,1,1,0,0,0,0,1,0,0,0,1,0,1,1,1,0,0,0,0.25,7.329323353220557,1
94,1,1,0,0,1,0,1,0,0,0,0,0,0,1,1,0,0,0,1,0,0,0,1,0,1,0,0,0,1,0,1,1,1,0,0,0,0.16666666666666666,2.765465320172771,1
95,0,0,1,0,0,0,1,0,0,0,0,0,0,1,0,0,0,1,1,0,0,0,0,1,1,0,0,1,0,0,1,1,0,0,1,0,0.1388888888888889,12.086280923876465,1
96,0,1,0,0,0,0,1,0,0,0,0,1,1,1,1,1,0,1,1,0,0,0,1,0,1,0,0,0,1,0,1,1,1,0,1,0,0.2777777777777778,15.946733256164162,1
97,0,1,1,0,0,0,1,0,0,0,0,1,0,1,0,1,0,1,1,0,1,0,1,0,1,0,0,0,0,0,1,1,1,0,1,0,0.25,11.817602254538986,1
98,0,1,0,0,0,0,1,0,1,0,0,0,0,1,1,1,0,1,1,0,0,0,1,0,1,0,0,0,0,0,1,1,1,0,0,0,0.2222222222222222,9.07803514726855,1
99,0,1,0,0,0,0,1,0,1,0,0,0,0,1,1,0,0,1,0,0,0,0,1,0,1,0,0,0,1,0,1,1,1,0,0,0,0.3055555555555556,3.256040784819346,1
