,0,1,2,3,4,5,6,7,8,9,10,11,12,13,14,15,16,17,18,19,20,21,22,23,24,25,26,27,28,29,30,31,32,33,34,35,chain_break_fraction,energy,num_occurrences
0,1,1,1,1,0,1,0,0,0,0,1,0,1,1,0,1,0,1,1,1,1,0,1,1,0,0,0,1,0,1,1,1,0,0,0,1,0.2777777777777778,12.423655176949476,1
1,1,0,1,1,1,1,0,0,0,0,1,0,1,1,0,1,0,1,1,0,1,0,1,1,0,0,0,1,0,1,1,1,0,0,0,1,0.2222222222222222,6.276851101924821,1
2,1,1,1,1,0,1,0,1,0,0,1,0,1,1,0,1,0,1,1,1,1,0,1,1,0,0,0,1,0,1,1,1,0,0,0,1,0.2777777777777778,11.474212071590008,1
3,1,1,1,1,0,1,0,0,0,0,1,0,1,1,0,1,0,1,1,0,1,0,1,1,0,0,0,0,0,1,1,1,0,0,0,1,0.3333333333333333,9.48580629256887,1
4,1,1,1,1,0,1,0,0,0,0,1,0,1,1,0,1,0,1,1,1,0,0,1,1,0,0,0,1,0,1,1,1,0,0,0,1,0.3055555555555556,12.28263774179268,1
5,1,1,1,1,0,1,0,0,0,0,1,0,1,1,0,1,0,1,1,1,1,0,1,1,0,0,0,1,0,1,1,1,0,0,0,1,0.2777777777777778,12.423655176949476,1
6,1,1,1,1,0,1,0,0,0,0,1,0,1,1,0,1,0,0,1,1,1,0,1,1,0,0,0,1,0,1,1,0,0,0,0,1,0.19444444444444445,15.342906244100021,1
7,0,1,1,1,0,1,0,0,0,0,1,0,1,1,0,1,0,1,1,1,0,0,1,1,0,0,0,1,0,1,1,0,0,0,0,1,0.19444444444444445,11.262751604957465,1
8,1,1,1,1,0,1,0,0,0,0,1,0,1,1,0,1,0,1,1,1,0,0,1,1,0,0,0,1,0,1,1,1,0,0,0,1,0.25,12.28263774179268,1
9,1,1,1,1,1,1,0,0,0,0,1,0,1,1,0,1,0,1,1,0,1,0,1,1,0,0,0,1,0,1,1,1,0,0,0,1,0.19444444444444445,10.429116393624463,1
10,0,1,1,1,0,1,0,0,0,0,1,0,1,1,0,1,0,1,1,1,1,0,1,1,0,0,0,1,0,1,1,1,0,0,0,1,0.25,11.847522536285117,1
11,1,0,1,1,0,1,0,0,0,0,1,0,1,1,0,1,0,1,1,0,0,0,1,1,0,0,0,1,1,1,1,1,0,0,0,1,0.2777777777777778,8.110031795709272,1
12,1,1,1,1,0,1,0,0,0,0,1,0,1,1,0,1,0,1,1,1,0,0,1,1,0,0,0,1,0,1,1,1,0,0,0,1,0.2777777777777778,12.28263774179268,1
13,1,1,1,1,0,1,0,0,0,0,1,0,1,1,0,1,0,1,1,0,0,0,1,1,0,0,0,1,1,1,1,0,0,0,0,1,0.2222222222222222,13.28331821877865,1
14,0,1,1,1,0,1,1,0,0,0,1,0,1,1,0,1,0,1,1,1,0,0,1,1,0,0,0,1,0,1,1,1,0,0,0,1,0.25,9.964429004185352,1
15,1,1,1,1,1,1,0,0,0,0,0,0,1,1,0,1,0,1,1,1,1,0,1,1,0,0,0,1,0,1,1,1,0,0,0,1,0.2777777777777778,11.459069346424517,1
16,1,1,1,1,1,1,0,0,0,0,1,0,1,1,0,1,1,1,1,0,0,0,1,1,0,0,0,1,1,1,1,1,0,0,0,1,0.25,11.81899582938175,1
17,0,1,1,1,0,1,0,0,0,0,1,0,1,1,0,1,0,1,1,0,1,0,1,1,0,0,0,1,0,1,0,1,0,0,0,1,0.3333333333333333,9.09870307796287,1
18,1,0,1,1,0,1,0,0,0,0,1,0,1,1,0,1,0,1,1,0,1,0,1,1,0,0,0,1,0,1,1,1,0,0,0,1,0.2777777777777778,6.99442712535345,1
19,0,0,0,0,1,0,1,1,1,1,0,1,0,0,1,0,1,0,0,0,1,1,0,0,0,1,1,0,1,0,0,0,1,1,1,0,0.19444444444444445,9.494791698704335,1
20,1,0,1,1,1,0,0,0,0,0,1,0,1,1,0,1,0,1,1,0,0,0,1,1,0,0,0,1,0,1,1,1,0,0,0,1,0.2222222222222222,7.05414949313497,1
21,1,0,1,1,1,1,0,0,0,0,0,0,1,1,0,1,0,1,1,0,1,0,1,1,0,0,0,1,0,1,1,1,0,0,0,1,0.25,6.037669962353849,1
22,0,1,1,1,0,1,0,0,0,0,1,0,1,1,0,1,1,1,1,0,0,0,1,1,0,0,0,1,0,1,1,0,0,0,0,1,0.2222222222222222,12.236165419714016,1
23,1,1,1,1,0,1,0,0,0,0,1,0,1,1,0,1,0,1,1,0,1,0,1,1,0,0,0,1,1,1,0,1,0,0,0,1,0.25,11.507425521304851,1
24,0,1,1,1,1,1,0,0,0,0,1,0,0,1,0,1,0,1,1,0,0,0,1,1,0,0,0,1,0,1,1,1,0,0,0,1,0.25,7.051612880001434,1
25,1,0,1,1,1,1,0,0,0,0,1,0,1,1,0,1,1,1,1,1,1,0,1,1,0,0,0,1,0,1,1,1,0,0,0,1,0.25,7.584181479438076,1
26,0,0,0,0,0,1,1,1,1,0,0,1,0,0,0,0,1,1,0,0,1,1,0,0,0,1,1,0,1,0,1,0,0,0,1,0,0.1388888888888889,4.666528606545421,1
27,1,1,1,1,1,1,0,0,0,0,1,0,1,1,0,1,0,1,1,0,1,0,1,1,0,0,0,1,0,1,1,1,0,0,0,1,0.3611111111111111,10.429116393624463,1
28,1,0,1,1,1,1,0,0,0,0,1,0,1,1,0,1,1,1,1,1,0,0,1,1,0,0,0,1,0,1,1,1,0,0,0,1,0.1388888888888889,7.7387009586352224,1
29,0,0,1,1,1,1,0,0,0,0,1,0,1,1,0,1,0,1,1,1,1,0,1,1,0,0,0,1,0,1,1,1,0,0,0,1,0.25,10.464767088966333,1
30,0,0,0,0,0,0,1,1,1,1,0,1,0,0,1,0,1,0,0,0,0,1,0,0,1,1,1,0,1,0,0,1,1,1,1,0,0.3055555555555556,17.58835188933289,1
31,1,0,1,1,1,1,0,0,0,0,0,0,1,1,0,1,0,1,1,1,1,0,1,1,0,0,0,1,0,1,0,1,0,0,0,1,0.2222222222222222,9.70315186591592,1
32,1,0,1,1,0,1,0,0,0,0,0,0,1,1,0,1,1,1,1,1,0,0,1,1,0,0,0,1,0,1,1,1,0,0,0,1,0.2222222222222222,8.25073345769378,1
33,0,1,1,1,1,1,0,0,0,0,1,0,1,1,0,1,0,1,1,0,0,0,1,1,0,0,0,0,1,1,1,1,0,0,0,1,0.25,8.954097583938449,1
34,0,1,1,1,0,1,0,0,0,0,1,0,1,1,0,1,0,1,1,0,1,0,1,1,0,0,0,1,0,1,1,1,0,0,0,1,0.2777777777777778,8.570559766558357,1
35,0,1,1,1,1,1,0,0,0,0,1,0,1,1,1,1,0,1,1,0,1,0,1,1,1,0,0,1,0,1,1,1,0,0,0,1,0.2777777777777778,10.115770690224508,1
36,0,0,0,0,0,0,1,1,1,1,0,1,0,0,1,0,1,0,0,0,0,1,0,0,0,1,1,0,1,0,1,0,1,1,1,0,0.25,10.646783586822272,1
37,0,0,1,1,0,1,0,0,0,0,1,0,1,1,0,1,1,1,1,0,1,0,1,1,0,0,0,1,0,1,1,1,0,0,0,1,0.25,5.825509781520259,1
38,0,0,0,0,1,0,1,1,1,1,0,1,0,0,1,0,1,1,0,1,1,1,0,0,0,1,1,0,1,0,0,1,1,1,0,0,0.2222222222222222,13.225111486032393,1
39,1,0,1,1,0,1,0,0,0,0,1,0,1,1,0,1,0,1,1,1,1,0,1,1,0,0,0,1,0,1,1,0,0,0,1,1,0.1388888888888889,11.242794890017523,1
40,1,1,1,1,0,1,0,0,0,0,0,0,1,1,0,1,1,1,1,1,1,0,1,1,1,0,0,1,0,1,1,1,0,0,0,1,0.3333333333333333,12.231892441676363,1
41,0,0,1,1,0,1,0,0,0,0,1,0,1,1,0,1,1,1,1,1,1,0,0,1,0,0,0,1,0,1,1,1,0,0,0,1,0.16666666666666666,7.843331401236972,1
42,1,1,1,1,0,1,0,0,0,0,1,0,1,1,0,1,0,1,1,1,0,0,1,1,0,0,0,1,1,1,1,1,0,0,0,1,0.2777777777777778,14.106892925041347,1
43,1,1,1,1,0,0,0,0,0,0,1,0,1,1,0,1,0,1,1,0,1,0,1,1,1,0,0,1,0,1,1,1,0,0,0,1,0.2777777777777778,13.30988704879678,1
44,1,0,1,1,0,1,1,0,0,0,0,0,1,1,0,1,0,1,1,0,0,0,1,1,0,0,0,0,1,1,1,1,0,0,0,1,0.19444444444444445,3.8664811782719353,1
45,1,0,1,1,1,1,0,0,0,0,1,0,0,1,0,1,0,1,1,0,0,0,1,1,0,0,0,1,1,1,1,1,0,0,0,1,0.2222222222222222,6.1698124188071635,1
46,0,0,1,1,0,1,0,0,0,0,0,0,1,1,0,1,0,1,1,0,0,0,1,1,0,0,0,1,0,1,1,1,0,0,0,1,0.19444444444444445,6.788421821133618,1
47,0,0,0,0,0,0,1,1,1,1,0,1,0,1,1,0,1,0,0,0,0,1,0,0,0,1,1,0,1,0,1,0,1,1,1,0,0.25,12.356662971268888,1
48,0,0,0,0,0,1,1,1,1,1,0,1,0,0,1,0,1,1,0,0,1,1,0,0,0,1,1,1,0,0,0,1,1,1,1,0,0.2222222222222222,16.60659244657176,1
49,0,0,0,0,1,0,1,1,1,1,0,1,0,0,1,0,1,0,0,1,1,1,0,0,0,1,1,0,1,0,0,0,1,1,1,0,0.19444444444444445,12.234266714652165,1
50,0,0,0,0,1,1,1,1,1,1,0,1,0,0,1,0,1,0,0,1,0,1,0,0,0,1,1,0,1,0,0,0,1,1,1,0,0.19444444444444445,12.778505400349086,1
51,1,1,1,1,0,1,0,0,0,0,1,0,1,1,0,1,0,1,1,0,0,0,1,1,0,0,0,1,0,1,1,1,0,0,0,0,0.3333333333333333,12.590762335725774,1
52,0,0,0,0,1,0,1,1,1,1,0,1,0,0,0,0,1,0,0,0,0,1,0,0,0,1,1,0,1,0,1,1,1,1,0,0,0.25,11.976545218910033,1
53,1,0,1,1,1,1,0,0,0,0,1,0,1,0,0,1,1,0,1,0,0,0,1,1,0,0,0,1,0,1,1,1,0,0,0,1,0.19444444444444445,4.110944688485711,1
54,0,0,0,0,0,0,1,1,1,1,0,1,0,0,1,0,1,0,0,1,1,1,0,0,0,1,1,0,0,0,1,1,1,0,0,0,0.25,8.918081240047925,1
55,0,0,1,0,1,0,1,1,0,0,1,1,0,0,0,0,1,1,0,0,1,1,0,0,1,1,0,0,1,1,1,0,1,0,1,0,0.1111111111111111,3.5154756878305897,1
56,0,0,0,0,1,0,1,1,1,1,0,1,0,0,1,0,1,0,0,0,0,1,0,0,0,1,1,0,1,0,1,0,1,1,0,0,0.2222222222222222,9.00934761915582,1
57,0,0,0,0,0,1,1,1,1,0,0,1,0,0,0,0,0,1,0,1,1,1,0,0,0,1,1,0,1,0,0,0,1,0,1,0,0.16666666666666666,5.12213596922935,1
58,0,0,0,0,1,0,1,1,1,1,0,1,0,0,1,0,1,0,0,0,0,1,0,0,0,1,1,0,1,0,0,1,1,1,1,0,0.2222222222222222,11.434843190426289,1
59,1,0,1,1,1,1,0,0,0,0,0,0,1,1,0,1,0,1,1,1,0,0,1,1,0,0,0,1,0,1,1,1,0,0,0,1,0.2222222222222222,8.928248524799512,1
60,1,0,0,0,1,0,1,1,1,1,0,1,0,0,1,0,1,0,0,0,0,1,0,0,0,1,1,0,1,0,0,1,1,1,1,0,0.2222222222222222,10.937122934026702,1
61,0,0,0,0,1,0,1,1,1,1,0,1,0,0,1,0,1,1,0,0,0,1,0,0,0,1,0,0,1,0,0,0,1,1,1,0,0.16666666666666666,15.157304153246928,1
62,0,0,0,0,1,0,1,1,1,1,0,1,0,0,1,0,0,0,0,0,0,1,0,0,0,1,1,0,1,0,0,1,1,1,0,0,0.2222222222222222,10.627958691509718,1
63,0,0,0,0,1,0,1,1,1,1,0,1,0,0,1,0,1,0,0,0,0,1,0,0,1,1,1,1,0,0,0,1,1,1,1,0,0.25,20.11223912251234,1
64,0,0,0,0,0,0,1,1,1,1,0,1,0,0,0,0,1,1,0,0,1,1,0,0,1,1,1,0,1,0,0,0,1,1,1,0,0.19444444444444445,13.501144336195743,1
65,0,0,1,1,1,1,0,0,0,0,1,0,1,1,1,1,1,1,1,0,1,0,1,1,1,0,0,1,0,1,1,1,0,0,0,1,0.2222222222222222,6.839631166773989,1
66,0,1,1,1,0,1,0,0,0,0,0,0,1,1,0,1,0,1,1,0,1,0,1,1,0,0,0,1,1,1,1,0,0,0,0,1,0.2777777777777778,9.223165210654015,1
67,1,0,0,0,1,0,1,1,0,0,0,1,0,0,0,0,1,1,0,0,1,1,0,0,0,1,0,0,1,1,0,0,1,0,0,0,0.1111111111111111,3.3086828184924837,1
68,0,0,0,0,1,0,1,0,1,1,0,1,0,0,0,0,1,0,0,1,0,1,0,0,0,1,1,0,1,0,0,0,0,0,1,0,0.1388888888888889,5.012457057860757,1
69,0,0,0,0,0,0,1,1,1,0,0,1,0,0,1,0,1,1,0,0,1,1,0,0,0,1,1,0,1,0,0,0,0,1,1,0,0.19444444444444445,7.4940778669350125,1
70,1,0,1,1,1,1,0,0,0,0,1,0,1,1,0,1,0,1,1,1,0,0,0,1,0,0,0,1,1,1,1,1,0,0,0,1,0.2222222222222222,9.775781583873897,1
71,0,1,1,1,0,1,0,0,0,0,1,0,1,1,0,1,0,1,1,0,1,0,1,1,1,0,0,1,0,1,1,1,0,0,0,1,0.2777777777777778,9.513631287888227,1
72,0,0,0,0,1,1,1,1,0,1,0,1,0,0,1,0,1,0,0,0,1,1,0,0,0,1,1,0,0,0,1,1,1,1,0,0,0.2222222222222222,9.681832126089166,1
73,0,0,0,0,0,0,1,1,1,1,1,1,0,0,1,0,0,0,0,0,0,1,0,0,0,1,1,0,1,0,0,1,0,1,1,0,0.16666666666666666,10.597870398802261,1
74,0,0,1,1,1,1,0,0,0,0,0,0,1,1,0,1,0,1,1,0,1,0,1,1,1,0,0,0,0,1,0,0,0,0,0,1,0.19444444444444445,6.492138621120052,1
75,1,1,1,1,0,1,0,0,0,0,1,0,1,1,0,1,0,1,1,1,1,0,1,1,1,0,0,1,1,1,1,1,0,0,0,1,0.3611111111111111,17.233182434954763,1
76,0,0,0,0,1,0,1,1,1,0,1,1,0,0,1,0,1,1,0,0,0,1,0,0,0,1,1,0,1,0,0,0,1,0,1,0,0.2222222222222222,9.242852036153865,1
77,0,0,0,0,1,0,1,1,1,1,0,1,0,1,1,0,1,0,0,0,0,1,0,0,0,1,1,0,1,0,0,1,1,1,1,0,0.3333333333333333,13.1458758257886,1
78,0,0,0,0,1,0,1,1,1,1,0,1,0,0,1,0,1,1,0,0,0,1,0,0,1,1,1,0,0,0,0,0,1,1,1,0,0.2222222222222222,16.45064249819475,1
79,1,0,1,1,1,1,0,0,0,0,1,0,1,0,0,1,0,1,1,0,0,0,1,1,0,0,0,1,0,1,1,1,0,0,0,1,0.19444444444444445,3.256060360109897,1
80,0,0,0,0,1,0,1,1,1,0,1,1,0,0,1,0,1,1,0,0,1,1,0,0,0,1,1,0,0,0,0,0,1,1,1,0,0.1388888888888889,10.345532272688978,1
81,0,0,0,0,1,0,1,1,1,1,0,1,0,0,1,0,1,0,0,0,0,1,0,0,1,1,1,1,1,0,1,0,1,1,0,0,0.3055555555555556,15.880722666910454,1
82,0,0,0,0,0,1,1,1,1,0,1,1,0,0,1,0,1,0,0,1,1,1,0,0,0,1,1,1,1,0,0,1,1,1,1,0,0.3055555555555556,25.115005234722723,1
83,0,1,1,1,1,1,0,0,0,0,0,0,1,0,0,1,1,0,1,0,1,0,1,1,0,0,0,1,0,1,1,1,0,0,0,1,0.2222222222222222,7.3839943564070705,1
84,0,0,0,0,0,1,1,1,1,0,1,1,0,0,0,0,1,1,0,0,0,1,0,0,1,1,1,0,1,1,0,0,1,0,0,0,0.1111111111111111,7.716717148871343,1
85,0,1,1,1,0,1,0,0,0,0,1,0,1,1,0,1,0,1,1,0,0,0,1,1,1,0,0,0,1,1,1,1,0,0,0,1,0.2777777777777778,7.578084477089339,1
86,0,0,0,0,1,0,1,1,1,1,0,1,0,0,0,0,0,0,0,0,0,1,0,0,1,1,1,0,1,0,1,0,1,1,0,0,0.19444444444444445,11.629396923311331,1
87,0,0,1,1,1,0,0,0,0,0,1,0,1,1,1,1,1,1,1,0,1,0,1,1,0,0,0,0,1,1,1,1,0,0,0,1,0.1388888888888889,4.196985523728899,1
88,1,0,1,0,1,0,1,1,1,0,0,1,0,0,0,0,1,0,0,1,1,0,0,0,0,0,0,0,1,0,1,0,1,1,1,0,0.08333333333333333,0.5023930853494155,1
89,0,1,1,1,1,1,0,0,0,0,0,0,1,1,0,1,1,0,1,0,0,0,1,1,0,0,0,0,1,1,0,1,0,0,1,1,0.2777777777777778,7.217709205901574,1
90,0,0,1,0,1,0,0,1,0,1,0,1,0,0,1,0,1,0,1,0,1,1,0,0,0,1,1,0,1,0,0,0,0,1,1,0,0.1111111111111111,4.654960430403906,1
91,1,0,0,0,0,0,1,1,1,1,0,1,0,0,0,0,1,0,0,0,0,1,0,0,1,1,1,0,1,0,0,1,1,1,1,0,0.25,16.952284866435363,1
92,0,0,0,0,1,0,1,1,0,1,0,1,0,0,1,0,1,0,0,0,1,1,0,0,0,1,1,0,0,0,0,0,1,1,0,0,0.25,7.7317640380338455,1
93,0,0,0,1,1,0,1,0,1,1,0,1,0,0,0,0,0,0,0,0,1,1,0,0,1,1,0,0,1,0,1,0,0,0,0,0,0.08333333333333333,1.159898450859856,1
94,1,0,0,0,1,1,1,1,1,0,1,1,0,0,1,0,1,1,0,1,0,1,0,0,1,1,1,1,1,0,0,0,1,1,1,0,0.16666666666666666,15.389429515886569,1
95,0,0,0,0,0,0,1,1,1,1,0,1,0,0,0,0,1,0,0,0,0,1,0,0,1,1,1,1,1,0,1,0,1,0,0,0,0.1388888888888889,9.761597610547234,1
96,0,0,0,0,1,0,1,1,1,0,1,1,1,0,0,0,0,1,0,0,1,1,0,0,0,1,0,0,0,1,0,0,1,1,1,0,0.1111111111111111,8.167896669548844,1
97,0,0,0,0,0,0,1,1,0,1,0,1,0,0,1,0,0,0,0,1,1,1,0,0,0,1,1,0,0,0,0,0,1,1,1,0,0.16666666666666666,14.732537097287883,1
98,1,1,1,1,1,1,0,0,0,0,0,0,1,1,0,1,0,0,1,0,0,0,1,1,1,0,0,0,0,1,1,1,0,0,0,1,0.16666666666666666,8.166650388812407,1
99,0,0,0,0,0,0,0,1,0,0,1,1,0,1,0,0,0,0,0,0,1,1,0,0,0,1,0,0,1,1,1,0,0,0,0,0,0.08333333333333333,6.816776057937821,1
