,0,1,2,3,4,5,6,7,8,9,10,11,12,13,14,15,16,17,18,19,20,21,22,23,24,25,26,27,28,29,30,31,32,33,34,35,chain_break_fraction,energy,num_occurrences
0,1,1,0,0,1,0,1,1,1,0,0,1,0,0,1,1,0,1,1,1,0,0,0,0,1,0,0,0,1,0,1,1,1,1,1,0,0.2777777777777778,16.783531584253886,1
1,1,1,0,1,1,0,1,1,0,0,0,1,0,0,1,1,0,1,0,1,0,0,0,0,1,0,0,1,1,0,1,1,1,1,0,1,0.3055555555555556,16.654129340007366,1
2,1,1,0,1,1,0,1,1,0,0,0,1,0,0,1,1,0,1,0,1,0,0,0,0,1,0,0,1,1,0,1,1,1,1,0,1,0.3055555555555556,16.654129340007366,1
3,1,1,0,1,1,0,1,1,0,0,1,1,0,0,1,1,0,1,0,1,0,0,0,0,1,0,0,1,1,0,1,1,1,1,1,1,0.3055555555555556,16.580615912544353,1
4,0,0,1,1,0,1,0,0,1,1,1,0,1,1,0,0,1,0,1,1,1,0,1,1,0,0,0,0,0,1,0,1,0,1,0,0,0.3055555555555556,17.50420835358398,1
5,1,1,0,1,1,0,1,1,0,0,0,1,0,0,1,1,0,1,0,1,0,0,0,0,1,0,1,1,1,0,1,1,1,1,1,1,0.25,17.139731412558124,1
6,1,1,0,1,1,0,1,1,1,0,0,1,0,0,1,1,0,1,0,1,0,0,0,0,1,0,1,1,1,0,1,1,1,1,1,0,0.2777777777777778,17.319982678441388,1
7,1,1,0,0,1,0,1,1,0,0,0,1,0,0,1,1,1,0,0,1,0,0,0,0,1,0,0,0,1,0,1,1,1,1,1,1,0.3055555555555556,12.920483536050153,1
8,1,1,0,1,1,0,1,1,0,0,0,1,0,0,1,1,0,1,0,1,0,0,0,0,1,0,0,1,1,0,1,1,1,1,1,1,0.2777777777777778,16.334707383893605,1
9,1,1,0,1,1,0,1,1,0,0,0,1,0,0,1,1,1,1,0,1,0,0,0,0,1,0,0,1,1,0,1,1,1,1,1,1,0.3055555555555556,17.9444828565912,1
10,1,1,0,1,1,1,1,1,1,0,0,1,0,0,1,1,0,1,1,1,0,0,0,0,1,0,0,1,1,0,1,1,1,1,1,1,0.2777777777777778,19.03438382369376,1
11,1,1,0,0,1,1,1,1,1,0,0,1,0,0,1,1,0,1,0,1,0,0,0,0,1,0,1,0,1,0,1,1,1,1,0,1,0.2777777777777778,16.41209177709276,1
12,1,1,0,1,1,0,1,1,0,0,0,1,0,0,0,1,0,1,0,1,0,0,0,0,1,0,1,1,1,0,1,1,1,1,1,1,0.25,16.632162289749672,1
13,1,1,0,1,1,0,0,1,0,0,0,1,0,0,1,1,0,1,0,1,0,0,0,0,1,0,0,1,1,0,1,1,1,1,1,1,0.3055555555555556,15.398227218204873,1
14,1,1,0,1,1,0,1,1,1,0,0,1,0,0,1,1,0,1,0,1,0,1,0,0,1,0,1,1,1,0,1,1,1,1,1,1,0.2777777777777778,19.19795820302378,1
15,1,1,0,0,1,0,1,1,0,0,0,1,0,0,1,1,0,1,0,1,0,0,0,0,1,0,0,0,1,0,1,1,0,1,1,1,0.3055555555555556,14.310552182843237,1
16,0,0,1,1,0,1,0,0,1,0,1,0,1,1,0,0,1,0,1,1,1,0,1,1,0,0,0,0,0,1,0,1,0,1,0,0,0.2777777777777778,15.578784449955288,1
17,1,1,0,1,1,0,1,1,0,0,0,1,0,0,1,1,0,1,1,1,0,0,0,0,1,0,0,1,1,0,1,1,1,1,1,1,0.3333333333333333,18.69385452681028,1
18,1,1,0,1,1,0,1,1,0,0,1,1,0,0,1,1,0,1,0,1,0,0,0,0,1,0,0,1,1,0,1,1,1,1,1,1,0.3333333333333333,16.580615912544353,1
19,1,1,0,0,1,0,1,1,0,0,0,1,0,0,1,1,0,1,0,1,0,0,0,0,1,0,0,0,1,0,0,1,1,1,0,1,0.2777777777777778,14.337326411648071,1
20,1,1,0,1,1,0,1,1,0,0,0,1,1,0,1,1,0,1,0,1,0,0,0,0,1,0,0,1,1,0,1,1,1,1,1,1,0.2777777777777778,17.39961642537579,1
21,1,1,0,1,0,0,1,1,0,0,1,1,0,0,1,1,1,1,0,1,0,0,0,0,1,0,0,1,1,0,1,1,1,1,1,1,0.25,18.954344383859446,1
22,0,0,1,1,1,1,0,0,0,1,1,0,1,1,0,0,1,0,1,1,1,1,1,1,0,0,0,0,1,0,0,1,0,1,0,0,0.3055555555555556,19.004291088806433,1
23,1,1,0,1,1,0,1,1,0,0,0,1,0,0,1,1,0,1,0,1,0,0,0,0,1,0,0,1,1,0,0,1,1,1,1,1,0.3333333333333333,15.104074999368983,1
24,0,0,1,1,1,1,0,0,0,1,1,0,1,1,0,0,0,0,1,1,1,0,1,1,0,0,0,0,0,1,0,1,0,1,0,0,0.25,16.438456337262235,1
25,0,0,1,1,0,1,0,0,1,1,1,0,1,1,0,0,1,0,1,1,1,1,1,1,0,0,0,0,0,1,0,1,0,1,0,0,0.3333333333333333,22.768032428250756,1
26,1,1,0,0,1,0,1,1,0,0,0,1,0,0,1,1,0,1,0,1,0,0,0,0,1,0,0,1,1,0,1,1,0,1,1,1,0.2777777777777778,16.52669063558077,1
27,1,0,0,1,1,1,1,1,0,0,0,1,0,0,1,1,0,1,0,1,0,0,0,0,1,0,0,1,1,0,1,1,1,1,0,1,0.2777777777777778,14.145092450117685,1
28,1,1,0,0,0,0,1,1,0,0,0,1,0,0,1,1,0,1,0,1,0,0,0,0,1,0,0,1,1,0,1,1,1,1,1,1,0.2777777777777778,21.216715816371327,1
29,1,1,0,0,1,0,1,1,0,0,0,1,0,0,1,1,0,0,0,1,0,0,0,0,1,0,0,1,1,0,1,1,1,1,1,0,0.25,15.294058302793752,1
30,0,0,1,1,0,1,0,0,1,1,1,0,1,1,0,0,1,1,1,1,1,1,1,1,0,1,0,0,0,1,0,1,0,1,0,0,0.25,27.662754282694625,1
31,0,0,1,1,0,1,0,0,0,1,1,0,1,1,0,0,0,0,1,0,1,0,1,1,0,0,0,0,0,1,0,1,0,1,0,0,0.3055555555555556,12.91754388279506,1
32,1,1,0,0,1,0,1,1,0,0,0,1,0,0,1,1,0,1,0,1,0,0,0,0,1,0,0,0,1,0,1,1,0,1,1,0,0.3055555555555556,16.0016454387231,1
33,1,1,0,0,1,1,1,1,0,0,0,1,0,0,1,1,0,1,1,1,0,0,0,0,1,0,1,0,1,0,1,1,1,1,1,1,0.2777777777777778,15.953094376718518,1
34,1,1,0,0,1,0,1,1,0,0,0,1,0,0,1,1,0,1,1,1,0,0,0,0,1,0,0,0,1,0,1,1,1,1,1,1,0.3333333333333333,16.61226458908172,1
35,1,0,0,0,1,1,1,1,0,0,0,1,0,0,1,1,1,0,0,1,0,0,0,0,1,0,0,1,1,0,1,1,1,1,1,1,0.2777777777777778,12.980712521000699,1
36,0,0,1,1,1,1,0,0,1,1,1,0,1,1,0,0,0,0,1,1,1,1,1,1,0,0,1,0,0,1,0,1,0,1,0,0,0.25,22.50132298722502,1
37,0,0,1,1,1,1,0,0,0,1,1,0,1,1,0,0,1,0,1,1,1,0,1,1,0,0,1,0,0,1,0,1,0,1,0,0,0.2222222222222222,15.976105675218284,1
38,1,1,0,0,1,1,1,1,1,0,0,1,0,0,1,1,0,1,0,1,0,0,0,0,1,0,1,1,1,0,0,1,0,1,1,1,0.3055555555555556,14.579055818472956,1
39,1,1,0,1,1,0,1,1,1,0,0,1,0,0,1,1,0,1,1,1,0,0,0,0,1,0,0,1,1,0,1,1,0,1,1,1,0.3611111111111111,18.047160289648186,1
40,1,1,0,1,1,0,1,1,1,0,0,1,0,0,1,1,1,0,1,1,0,0,0,0,1,0,1,1,1,0,0,1,1,1,1,1,0.2222222222222222,15.212074066426839,1
41,0,0,1,1,1,1,0,0,1,1,1,0,1,1,0,0,1,0,1,1,1,1,1,1,0,1,1,0,0,1,0,1,0,1,0,0,0.3333333333333333,25.711101905310983,1
42,0,0,1,1,1,1,0,0,0,1,1,0,1,1,0,0,0,0,1,0,1,0,1,1,0,1,0,0,0,1,0,1,0,1,0,0,0.2222222222222222,12.102424461728567,1
43,0,0,1,1,0,1,0,0,1,1,1,0,1,1,0,0,0,0,1,1,1,1,1,1,0,0,0,0,0,1,0,1,0,1,0,0,0.3611111111111111,23.062538863503526,1
44,1,1,0,1,1,1,1,1,0,0,0,1,0,0,1,1,0,0,0,1,0,0,0,0,1,1,0,1,1,0,1,1,1,1,1,1,0.3888888888888889,16.01510376818849,1
45,1,1,0,0,1,0,1,1,1,0,0,1,0,0,1,1,1,1,0,1,0,0,0,0,1,0,1,1,1,0,0,1,1,1,1,1,0.3055555555555556,17.7311573596185,1
46,0,0,1,1,0,1,0,0,0,1,1,0,1,1,0,0,0,1,1,0,1,0,1,1,0,1,0,1,0,1,0,1,0,1,0,0,0.19444444444444445,16.563729688044358,1
47,1,1,0,0,1,1,1,1,0,0,0,1,0,0,1,1,0,1,1,1,0,0,0,0,1,0,1,1,1,0,1,1,1,1,1,1,0.2222222222222222,18.91433157790844,1
48,1,1,0,0,1,1,0,1,1,0,0,1,0,0,1,1,1,1,0,1,0,0,0,0,1,0,0,1,1,0,1,1,1,1,1,1,0.3055555555555556,15.508260443288597,1
49,1,1,0,1,0,0,1,1,0,0,0,1,0,0,1,1,0,0,0,1,0,0,0,0,1,0,1,1,1,0,1,1,0,1,1,1,0.2777777777777778,17.87537468158267,1
50,1,0,0,1,0,1,1,1,0,0,0,1,0,0,1,1,0,1,0,1,0,0,0,0,1,0,1,1,1,0,1,1,0,1,0,1,0.2777777777777778,13.570622637784613,1
51,0,0,1,1,0,1,1,0,0,1,1,0,1,1,0,0,1,0,1,1,1,1,1,1,0,1,0,0,0,1,0,1,0,1,0,0,0.25,24.872830880798688,1
52,1,1,0,1,1,0,1,1,0,0,1,1,0,0,1,1,0,1,0,1,0,0,0,0,1,0,0,1,1,0,1,1,0,1,1,1,0.3611111111111111,17.019710798081785,1
53,1,1,0,1,1,1,1,1,0,0,0,1,0,0,1,1,0,1,0,1,0,0,0,0,1,0,0,1,1,0,1,1,1,1,1,1,0.3611111111111111,17.583603942417653,1
54,0,0,1,1,1,1,1,0,0,1,1,0,1,1,0,0,1,0,1,1,1,0,1,1,0,0,0,0,0,1,0,1,0,1,0,0,0.25,17.081492537967943,1
55,0,0,1,1,1,1,0,0,1,1,1,0,1,1,0,0,0,0,1,1,1,0,1,1,0,0,0,0,0,1,0,1,0,1,0,0,0.25,17.30995633504369,1
56,1,1,0,1,1,0,1,1,0,0,0,1,0,0,1,1,1,0,0,1,0,0,0,0,1,1,0,1,1,0,1,1,1,1,1,1,0.3055555555555556,19.335023921861797,1
57,1,1,0,0,1,0,0,1,1,0,0,1,0,0,1,1,1,1,0,1,0,0,0,0,1,0,0,0,1,0,1,1,1,1,1,1,0.2777777777777778,14.804860220275323,1
58,1,1,0,0,1,0,1,1,1,0,1,1,0,0,1,1,0,0,0,1,0,0,0,0,1,0,1,1,1,0,0,1,1,1,1,1,0.3333333333333333,14.528461875802675,1
59,1,1,0,0,1,1,1,1,0,0,1,1,1,0,1,1,0,1,1,1,0,0,0,0,1,0,1,1,1,0,1,1,1,1,1,1,0.3055555555555556,18.562591850852268,1
60,1,1,0,0,1,1,1,1,0,0,0,1,0,0,1,1,0,0,0,1,0,0,0,0,1,0,0,1,1,0,1,1,1,1,1,1,0.2777777777777778,14.01708225452231,1
61,0,0,1,1,0,1,0,0,0,1,0,0,1,1,0,0,1,0,1,1,1,1,1,1,0,0,0,0,0,1,0,1,0,1,0,0,0.3055555555555556,27.870368311229957,1
62,1,0,0,1,1,1,1,1,0,0,1,1,0,0,1,1,0,1,0,1,0,1,0,0,1,0,0,1,1,0,1,1,1,1,1,1,0.2222222222222222,14.069911051598442,1
63,1,1,0,1,1,0,1,0,0,0,0,1,0,0,1,1,0,1,0,1,0,0,0,0,1,0,0,1,1,0,1,1,0,1,1,1,0.2777777777777778,13.18422210592183,1
64,1,1,0,1,1,0,1,1,1,0,0,1,0,0,1,1,0,1,0,1,0,0,0,0,1,0,0,1,1,0,1,1,1,1,1,0,0.3333333333333333,18.023686757344173,1
65,1,1,0,0,1,0,1,1,0,0,0,1,0,0,1,1,0,1,0,1,0,0,0,0,1,1,1,1,1,0,0,1,1,1,1,1,0.3055555555555556,25.431942668978785,1
66,1,1,0,1,1,0,1,1,0,0,1,1,0,0,1,1,0,1,0,1,0,0,0,0,1,0,0,1,1,0,0,1,1,1,1,1,0.4166666666666667,15.861801294157216,1
67,1,1,0,1,1,0,1,1,0,0,0,1,0,0,1,1,0,1,0,1,0,0,0,0,1,0,1,1,1,0,1,1,0,1,0,1,0.3888888888888889,16.63862180394424,1
68,1,1,0,0,1,0,1,1,0,0,0,1,0,0,1,0,0,1,0,1,0,0,0,0,1,0,0,0,0,0,1,1,1,1,1,1,0.25,11.628364686154987,1
69,1,1,0,0,1,0,0,1,0,0,0,1,0,0,1,1,0,1,0,1,0,0,0,0,1,0,1,1,1,0,0,1,1,1,1,1,0.25,17.498148159124547,1
70,1,1,0,1,0,1,1,1,1,0,0,1,0,0,1,0,0,1,0,1,0,0,0,0,1,1,1,1,1,0,1,1,1,1,1,1,0.3055555555555556,18.428021018135933,1
71,1,1,0,1,1,1,1,1,1,0,0,1,0,0,1,1,0,0,1,1,0,0,0,0,1,0,1,1,1,0,1,0,1,1,1,1,0.2777777777777778,11.541807041347209,1
72,0,0,1,1,0,1,1,0,0,1,1,0,1,1,0,0,1,1,1,1,1,1,1,1,0,1,0,0,0,1,0,1,1,1,0,0,0.2777777777777778,29.876666329803452,1
73,1,1,0,0,0,0,0,1,0,0,0,1,0,0,1,1,0,1,0,1,0,0,0,0,1,0,0,1,1,0,0,1,0,1,1,1,0.2777777777777778,16.313007098468283,1
74,1,1,0,0,1,0,1,1,0,0,0,1,0,1,1,1,0,1,0,1,0,0,0,0,1,0,1,1,1,0,0,0,1,1,1,1,0.2777777777777778,17.439691313898088,1
75,1,1,0,1,1,0,1,1,0,0,0,1,0,0,1,1,0,1,1,1,0,0,0,0,1,0,1,1,1,0,1,1,1,1,1,1,0.3888888888888889,20.279155359488758,1
76,1,1,0,0,1,0,1,1,0,0,0,1,0,0,0,1,1,1,1,1,0,0,0,0,1,0,0,0,1,0,1,1,0,1,1,1,0.2777777777777778,15.93239011327159,1
77,0,0,1,1,0,1,0,0,0,1,1,0,1,1,0,0,0,0,1,0,1,1,1,1,0,1,1,1,0,1,0,1,0,1,0,0,0.25,30.927507178277235,1
78,1,1,0,0,1,0,1,1,1,0,0,1,0,0,1,1,0,1,1,1,0,0,0,0,1,0,0,1,1,0,1,1,1,1,1,1,0.4166666666666667,20.061866186614324,1
79,1,1,0,0,1,1,1,1,1,0,0,1,0,0,1,1,0,1,0,1,0,0,0,0,1,0,1,0,1,0,1,1,1,1,1,1,0.3055555555555556,15.092410164461368,1
80,1,1,0,1,1,0,1,1,1,0,0,1,0,0,1,1,0,1,1,1,0,0,0,0,1,0,0,1,1,0,1,1,1,1,1,1,0.3611111111111111,18.225675160422522,1
81,0,0,1,1,1,1,0,0,0,1,1,0,1,1,0,0,1,0,1,1,0,1,1,1,0,0,1,1,0,1,0,1,0,1,0,0,0.3055555555555556,22.31606532024042,1
82,0,0,1,1,0,1,0,0,1,1,1,0,1,1,0,0,1,0,1,1,1,0,1,1,0,0,0,0,1,1,0,1,0,1,0,0,0.4166666666666667,19.136403659498743,1
83,0,0,1,1,1,1,1,0,0,1,0,0,1,1,0,0,1,0,1,1,1,0,1,1,0,0,0,0,0,1,0,1,0,1,0,0,0.3055555555555556,19.074914006859593,1
84,1,1,0,0,1,0,1,1,0,0,0,1,0,0,1,1,0,1,0,1,0,0,0,0,1,1,0,1,1,0,1,1,1,1,0,0,0.2777777777777778,22.172234946901828,1
85,1,1,1,0,1,1,1,1,1,0,0,1,0,0,1,1,0,1,1,1,0,0,0,0,1,0,0,1,1,0,1,1,1,1,1,1,0.3611111111111111,17.001345756859898,1
86,1,1,0,1,1,1,1,1,0,0,0,1,0,0,1,1,0,1,0,1,0,0,0,0,1,1,1,1,1,0,1,1,1,1,1,1,0.3611111111111111,18.06010282876126,1
87,1,1,0,1,0,0,1,1,0,0,1,1,0,0,0,1,1,0,0,1,0,1,0,0,1,0,0,1,1,0,1,1,1,0,1,1,0.25,13.389871189797436,1
88,1,0,1,1,0,1,1,0,0,1,1,0,1,1,0,0,1,0,1,0,1,1,1,1,0,1,1,0,0,1,0,1,0,1,0,0,0.2777777777777778,17.722873787906217,1
89,1,0,0,1,1,0,1,1,1,0,0,1,0,0,1,1,0,1,0,1,0,0,0,0,1,0,0,1,1,0,1,1,1,1,1,0,0.2777777777777778,13.143727321306724,1
90,1,1,1,1,1,0,1,1,1,0,1,1,0,0,1,1,0,1,0,1,0,0,0,0,1,1,0,1,1,0,1,1,1,1,1,1,0.4444444444444444,18.002441153588524,1
91,1,1,0,1,1,0,1,1,0,0,1,1,0,0,1,1,0,1,0,1,0,0,0,0,1,0,0,1,1,0,0,1,1,1,1,1,0.3888888888888889,15.861801294157216,1
92,1,1,0,0,1,1,1,1,0,0,0,1,0,1,1,1,0,1,1,0,0,0,0,0,1,0,0,1,0,0,1,1,1,1,1,1,0.25,19.836194955452893,1
93,1,0,0,0,1,1,1,1,1,0,0,1,0,0,1,1,1,1,0,1,0,0,0,0,1,0,0,1,1,0,0,1,1,1,1,1,0.3055555555555556,12.757745310668598,1
94,0,0,1,1,0,1,0,0,1,1,1,0,1,1,0,0,0,1,1,1,1,1,1,1,0,1,0,0,0,1,0,1,0,1,0,0,0.2777777777777778,26.957304671284202,1
95,0,0,1,1,0,1,0,0,1,1,1,0,1,1,0,0,1,0,1,1,1,0,1,1,0,0,0,0,0,1,0,1,0,1,0,0,0.4166666666666667,17.50420835358398,1
96,0,0,1,1,1,1,0,0,1,1,1,0,1,1,0,0,0,0,0,1,1,1,1,1,0,1,0,1,0,1,0,1,0,1,0,0,0.3333333333333333,26.506296532091785,1
97,1,0,1,1,0,1,0,0,0,1,1,0,1,1,0,0,1,0,0,1,1,0,1,1,0,1,0,0,0,1,0,1,0,1,0,1,0.25,18.693975833201147,1
98,1,0,1,1,1,1,1,0,0,1,1,0,1,1,0,0,1,0,1,1,1,0,1,1,0,0,0,0,0,0,0,1,0,1,0,0,0.2222222222222222,18.09442875672695,1
99,0,0,1,1,1,1,0,0,0,1,1,0,1,1,0,0,0,0,1,1,1,1,1,1,0,0,0,0,0,0,0,1,0,1,0,0,0.3333333333333333,17.360198083797986,1
