,0,1,2,3,4,5,6,7,8,9,10,11,12,13,14,15,16,17,18,19,20,21,22,23,24,25,26,27,28,29,30,31,32,33,34,35,chain_break_fraction,energy,num_occurrences
0,1,0,1,0,1,0,1,0,1,0,1,0,0,0,1,0,1,0,1,1,0,0,1,1,0,0,1,0,1,0,1,0,0,1,1,1,0.2222222222222222,17.76479518279894,1
1,1,0,1,0,1,0,1,0,1,0,1,0,0,0,0,0,1,0,1,1,0,0,1,1,0,0,1,0,1,1,1,0,0,1,0,1,0.2777777777777778,28.428989092240002,1
2,1,0,1,0,1,0,1,0,1,0,1,0,0,0,1,0,1,0,1,1,0,0,1,1,0,0,0,0,1,1,1,0,0,1,1,1,0.2222222222222222,26.0391030002599,1
3,1,0,1,0,1,0,1,0,1,0,1,0,0,0,1,0,1,0,1,1,0,0,1,1,0,0,1,0,1,0,1,0,0,1,1,1,0.2222222222222222,17.76479518279894,1
4,1,0,1,0,1,0,1,0,1,0,1,0,0,0,1,0,1,0,1,1,0,0,1,1,0,0,1,0,0,1,1,0,0,1,0,1,0.2777777777777778,18.936143312994453,1
5,1,0,1,0,1,0,1,0,1,0,1,0,0,0,1,0,1,0,1,1,0,0,1,1,0,0,0,0,0,1,1,0,0,1,0,1,0.25,15.455586628658995,1
6,1,0,1,0,1,0,1,0,1,0,1,0,0,0,1,0,1,0,1,1,0,0,1,1,0,0,1,0,1,0,1,0,0,1,1,1,0.25,17.76479518279894,1
7,1,0,1,0,1,0,1,0,1,0,1,0,0,0,1,0,1,0,1,1,0,0,1,1,0,1,1,0,0,0,1,0,0,1,1,1,0.25,23.579565514423432,1
8,1,0,1,0,1,0,1,0,1,0,1,0,0,0,1,0,1,0,1,1,0,0,1,1,0,1,0,0,1,0,1,0,0,1,1,1,0.25,24.62719028475244,1
9,1,0,1,1,0,0,1,0,1,0,1,0,0,0,0,0,1,0,1,1,0,0,1,1,0,0,1,0,1,1,1,0,0,1,0,1,0.2222222222222222,26.58199718324364,1
10,1,0,1,1,1,0,1,1,1,0,1,0,0,0,1,0,1,0,1,1,0,0,1,1,0,0,1,0,0,1,1,0,0,1,1,1,0.25,15.57460041674427,1
11,1,0,1,1,1,0,1,0,1,0,1,0,1,0,0,0,1,0,1,1,0,0,1,1,0,0,1,0,0,0,1,0,0,1,1,1,0.25,10.93452248516918,1
12,1,0,1,1,0,0,1,0,1,0,1,0,0,0,1,0,1,0,1,1,0,0,1,1,0,0,1,0,1,1,1,0,0,1,1,1,0.25,28.84527418298051,1
13,1,0,1,0,1,0,1,0,1,0,1,0,0,0,1,0,1,0,1,1,0,0,1,1,0,1,0,0,1,0,1,0,0,1,1,1,0.2777777777777778,24.62719028475244,1
14,1,0,1,1,0,0,1,0,1,0,1,0,0,0,1,0,1,0,1,1,0,0,1,1,0,0,0,0,0,1,1,0,0,1,1,1,0.2777777777777778,19.355669756582934,1
15,1,0,1,0,1,0,1,0,1,0,1,0,0,0,1,0,1,0,1,1,0,0,1,1,0,0,0,1,1,0,1,0,0,1,1,1,0.3055555555555556,23.170665188004648,1
16,1,0,1,0,0,0,1,0,1,0,1,0,0,0,1,0,1,0,1,1,0,0,1,1,0,0,0,0,1,0,1,0,0,1,1,1,0.2777777777777778,17.35586105532636,1
17,1,0,1,0,0,0,1,0,1,0,1,0,0,0,1,0,1,0,1,1,0,0,1,1,0,0,1,0,1,0,1,0,0,1,0,1,0.2777777777777778,16.405116521180666,1
18,1,0,1,1,0,0,1,0,1,0,1,0,0,0,0,0,1,0,1,1,0,0,1,1,0,0,1,0,0,1,1,0,0,1,1,1,0.25,26.352064515038336,1
19,1,0,1,1,1,0,1,0,1,0,1,0,0,0,0,0,1,0,1,1,0,0,0,1,0,0,1,0,1,1,1,0,0,1,1,1,0.25,24.092183534931827,1
20,1,0,1,1,1,0,1,0,0,0,1,0,0,0,0,0,1,0,1,1,0,0,1,1,0,0,0,0,0,0,1,0,0,1,1,1,0.25,12.363056448669987,1
21,1,0,1,1,0,0,1,0,0,0,1,0,0,0,1,0,1,0,1,1,0,0,1,1,0,0,1,0,1,0,1,0,0,1,1,1,0.19444444444444445,19.60986258012437,1
22,1,0,1,0,1,0,1,0,0,0,1,0,0,0,1,0,1,0,1,1,0,0,1,1,0,0,1,0,1,0,1,0,0,1,1,1,0.2222222222222222,20.90838116146893,1
23,1,0,1,1,1,0,1,1,1,0,1,0,0,0,0,0,0,0,1,1,0,0,1,1,0,0,0,0,0,1,1,0,0,1,0,1,0.25,13.55747735567262,1
24,1,0,1,1,1,0,1,0,1,0,1,0,0,0,1,0,1,0,1,1,0,0,1,1,0,0,1,0,0,0,1,0,0,1,1,1,0.2222222222222222,11.030004268433448,1
25,1,1,1,0,1,0,1,0,1,0,1,0,0,0,1,0,1,0,1,1,0,0,1,1,0,1,0,0,0,0,1,0,0,1,1,1,0.2222222222222222,17.301116033784695,1
26,1,0,1,0,0,0,1,0,1,0,1,0,0,0,1,0,1,0,1,1,0,0,1,1,0,0,0,0,1,0,1,0,0,1,0,1,0.25,13.071635359691566,1
27,1,1,1,1,1,0,1,0,1,0,1,0,0,0,0,0,1,0,1,1,0,0,1,1,0,0,0,0,1,1,1,0,0,1,0,1,0.3055555555555556,17.634202109916856,1
28,1,0,1,1,0,0,1,0,1,0,1,0,0,0,0,0,1,0,1,1,0,1,1,1,0,0,1,0,1,0,1,0,0,1,0,1,0.25,22.526310112940113,1
29,1,0,1,0,0,0,1,0,1,0,1,0,1,0,0,0,1,0,1,1,0,0,1,1,0,0,0,0,0,0,1,0,0,1,0,1,0.25,9.435282764910912,1
30,1,0,1,0,0,0,1,0,1,0,1,0,0,0,0,0,1,0,1,1,0,0,1,1,0,0,0,0,1,0,1,0,0,1,0,1,0.25,15.837625790379693,1
31,1,1,1,1,0,0,1,0,1,0,1,0,0,0,0,0,1,0,1,1,0,0,1,1,0,0,0,0,0,0,1,0,0,1,0,1,0.3055555555555556,10.066140046662799,1
32,1,0,1,1,1,0,1,1,1,0,1,0,1,0,1,0,0,0,1,1,0,0,1,1,0,0,1,0,1,0,1,0,0,1,1,1,0.2222222222222222,11.504509797077217,1
33,1,0,1,1,1,0,1,1,1,0,1,0,0,0,0,0,1,0,1,1,0,0,1,1,0,0,1,0,1,1,1,0,0,1,1,1,0.25,22.072138267855586,1
34,1,0,1,0,1,0,1,1,1,0,1,0,0,0,1,0,1,0,1,1,0,0,1,1,0,1,1,0,1,0,1,1,0,1,1,1,0.2222222222222222,35.43009724067918,1
35,1,0,1,1,0,0,1,1,1,0,1,0,0,0,1,0,1,0,1,1,0,0,1,1,1,0,1,0,1,0,1,0,0,1,1,1,0.25,16.187719301644105,1
36,1,0,1,0,1,0,1,0,1,0,1,0,0,0,1,0,0,0,1,1,0,0,1,1,0,0,0,0,0,0,1,0,0,1,1,1,0.3333333333333333,13.737863296723807,1
37,1,1,1,1,1,0,1,1,0,0,1,0,0,0,1,0,0,0,1,1,0,0,1,1,0,0,1,0,0,0,1,0,0,1,0,1,0.2777777777777778,10.500666347602001,1
38,1,0,1,1,0,0,1,0,1,0,1,0,0,0,0,0,1,0,1,1,0,0,1,1,0,0,1,0,1,0,1,0,0,1,0,1,0.2777777777777778,15.580989465534113,1
39,0,0,0,0,0,1,0,0,0,1,0,1,1,1,1,1,0,1,0,0,1,1,0,1,1,1,1,0,0,0,0,0,1,1,0,0,0.2222222222222222,15.477426220936632,1
40,1,0,1,0,0,0,1,0,1,0,1,0,0,0,1,0,1,0,1,1,0,0,1,1,0,0,1,0,0,0,1,0,1,1,0,1,0.2777777777777778,16.27456662624371,1
41,1,0,1,0,1,0,1,1,1,0,1,0,0,0,1,0,1,0,1,1,0,0,1,1,0,0,1,0,1,1,1,1,0,1,0,1,0.3333333333333333,28.488426378504627,1
42,0,0,0,0,0,1,0,0,0,1,0,1,1,1,1,1,0,1,0,0,1,1,0,1,1,1,1,1,0,0,0,0,1,1,1,0,0.3055555555555556,16.86667765670454,1
43,0,0,0,0,0,1,0,0,0,1,0,1,1,1,0,1,0,1,0,0,1,1,0,1,1,1,0,1,0,0,0,0,1,1,0,0,0.25,14.953484021332185,1
44,1,0,1,1,0,0,1,1,1,0,1,0,0,0,1,0,1,0,1,1,0,0,1,1,0,0,1,0,1,1,1,0,0,1,0,1,0.2777777777777778,17.8502178160074,1
45,1,0,1,0,0,0,1,0,1,0,1,0,0,0,0,0,1,0,1,1,0,0,1,1,0,0,1,0,0,0,1,0,0,1,1,1,0.3055555555555556,19.685608972673684,1
46,1,0,1,0,1,0,1,0,1,0,0,0,0,0,0,0,1,0,0,1,0,0,1,1,0,0,0,0,0,0,1,0,0,1,1,1,0.2777777777777778,12.989754395568834,1
47,1,0,1,1,0,0,1,0,1,0,1,0,0,0,0,0,1,0,1,1,0,0,0,1,0,0,0,0,0,0,1,0,0,1,0,1,0.3055555555555556,7.035997988372459,1
48,0,0,0,0,0,1,0,0,0,1,0,1,1,1,1,1,0,1,0,0,1,1,0,1,1,1,0,1,0,0,0,0,1,1,0,0,0.2777777777777778,15.773029862912846,1
49,1,0,1,1,0,0,1,0,1,0,1,0,0,0,0,0,1,0,0,1,1,0,1,1,0,0,0,0,1,1,1,0,0,1,1,1,0.2777777777777778,26.585289897786215,1
50,1,0,1,0,0,0,1,1,1,0,1,0,0,0,1,0,1,0,0,1,0,0,1,1,0,0,1,0,1,1,1,0,0,1,1,1,0.3333333333333333,21.969998121148762,1
51,0,0,0,0,0,1,0,0,0,1,0,1,1,1,0,1,0,1,0,0,1,1,0,1,1,1,1,1,0,0,0,0,1,1,0,0,0.3055555555555556,15.907462108399859,1
52,0,0,1,1,1,0,1,1,1,0,1,0,0,0,1,0,1,0,1,1,0,0,1,1,0,0,1,0,0,1,1,0,0,1,1,1,0.2777777777777778,17.31650469372636,1
53,1,0,1,1,1,0,1,0,0,0,1,0,1,0,0,0,1,0,1,1,0,0,1,1,0,0,0,0,1,0,1,0,1,1,0,1,0.25,13.67480485452726,1
54,1,1,1,1,1,0,1,1,0,0,1,0,1,0,1,0,0,0,1,1,0,0,1,1,0,0,0,0,1,0,1,0,0,1,0,1,0.3333333333333333,10.978345670390723,1
55,1,0,1,1,1,0,1,0,1,0,1,0,1,0,1,0,0,0,1,1,0,0,1,1,0,0,1,0,1,0,1,0,0,1,1,1,0.25,15.431998227653299,1
56,0,0,0,1,0,1,0,0,0,1,0,1,0,1,1,1,0,1,0,1,1,1,0,1,1,1,0,1,0,0,0,0,1,1,0,0,0.2777777777777778,16.629406110850944,1
57,0,0,0,1,0,1,0,1,0,1,0,1,1,1,0,1,0,1,0,0,1,1,0,1,1,1,1,1,0,0,0,0,1,1,0,0,0.25,20.76609367731255,1
58,1,1,1,0,1,0,1,0,1,0,1,0,0,0,0,0,0,0,1,1,0,0,1,1,0,0,0,0,1,0,1,0,1,1,0,1,0.2777777777777778,17.881767917432636,1
59,0,1,0,0,0,1,0,0,0,1,0,1,1,1,1,1,0,1,0,0,1,1,0,1,1,1,1,1,1,0,0,0,1,1,0,0,0.3333333333333333,19.308963148318206,1
60,1,0,1,1,0,0,1,0,1,0,1,0,0,0,0,0,1,0,1,1,0,0,1,1,0,0,0,0,1,1,1,0,0,1,0,1,0.3055555555555556,22.298777232947938,1
61,0,0,0,0,0,1,0,0,0,1,0,1,1,1,1,1,0,1,0,1,1,1,0,1,1,1,0,1,0,0,0,1,1,1,0,0,0.25,25.412872118266762,1
62,0,0,0,0,0,1,0,0,0,1,0,1,1,1,1,1,0,1,0,0,1,1,0,1,1,1,0,0,0,0,0,0,1,1,1,0,0.2777777777777778,16.262700197972826,1
63,0,0,1,1,1,0,1,1,1,0,1,0,0,0,0,0,1,0,1,1,0,0,1,1,0,0,1,0,1,1,1,0,0,1,1,1,0.3055555555555556,24.908122932361028,1
64,1,1,1,1,0,0,1,1,0,0,1,0,0,0,1,0,1,0,0,1,0,0,1,1,0,0,0,0,1,0,1,0,0,1,0,1,0.3055555555555556,10.721534689044088,1
65,1,0,1,0,1,0,1,1,1,0,1,0,0,0,1,0,1,0,1,1,0,1,1,1,0,0,1,0,1,0,1,1,0,1,1,1,0.3055555555555556,30.776864204758304,1
66,1,0,1,1,0,0,1,0,1,0,1,0,0,0,0,0,1,0,1,1,0,0,1,1,0,0,0,0,0,0,1,0,0,1,0,1,0.3055555555555556,9.738492226575932,1
67,1,0,1,0,0,0,1,1,1,0,1,0,0,0,1,0,0,0,1,1,0,0,1,1,0,0,1,0,1,0,1,0,0,1,1,1,0.2222222222222222,18.29673255816266,1
68,0,0,0,0,0,1,0,0,0,1,0,1,1,1,1,1,0,1,0,0,1,1,0,1,1,1,0,0,0,0,0,0,1,1,1,0,0.2222222222222222,16.262700197972826,1
69,0,1,1,1,1,0,1,1,0,0,1,0,0,0,0,0,0,0,1,1,0,0,1,1,0,0,0,0,0,0,1,0,0,1,0,1,0.2777777777777778,9.606689071463332,1
70,0,0,0,0,1,1,0,0,0,1,0,1,1,1,1,1,0,1,0,0,1,1,0,1,1,1,0,1,0,0,0,0,1,1,0,0,0.19444444444444445,17.273067505249465,1
71,1,0,1,1,1,0,1,1,0,0,1,0,0,0,0,0,0,0,1,1,0,0,1,1,0,0,1,0,0,0,0,0,0,1,0,1,0.25,8.762069424647073,1
72,1,0,1,1,0,0,1,1,1,0,1,0,0,0,1,0,1,0,1,1,0,0,1,1,0,0,1,0,1,1,1,1,0,1,1,1,0.3888888888888889,32.40349259280396,1
73,1,0,1,0,0,0,1,0,0,0,1,0,1,0,0,0,1,0,1,1,0,0,1,1,0,0,0,0,0,0,1,1,0,1,1,1,0.3055555555555556,26.877383241456187,1
74,0,0,0,0,0,1,0,0,0,1,0,1,1,1,0,1,0,1,0,0,1,1,0,1,1,1,0,0,0,0,0,0,1,1,0,0,0.2222222222222222,15.04552784719685,1
75,0,1,0,0,0,1,0,0,0,1,0,1,1,1,0,1,0,1,0,0,1,1,0,1,1,1,0,1,1,0,0,1,1,1,0,0,0.2777777777777778,23.1925405603049,1
76,0,0,0,0,0,1,0,0,0,1,0,1,1,1,1,1,0,1,0,1,1,1,0,1,1,1,0,1,0,0,0,0,1,1,1,0,0.3055555555555556,19.184566937983583,1
77,1,0,1,0,1,0,1,0,1,0,0,0,0,0,1,0,1,0,0,1,0,0,1,1,0,0,0,1,1,0,1,0,0,1,1,1,0.3611111111111111,23.256734458030856,1
78,1,0,1,1,1,0,1,1,1,0,1,0,0,0,1,0,1,0,1,1,0,0,1,1,0,0,0,0,1,0,1,0,0,1,0,1,0.25,8.96085213912271,1
79,0,1,0,0,0,1,0,0,0,1,0,1,1,1,0,1,0,1,0,1,1,1,0,1,1,1,0,1,0,0,0,0,1,1,0,0,0.25,18.935698501225637,1
80,0,0,0,0,0,1,0,0,0,1,0,1,1,1,1,1,0,1,0,0,1,1,0,1,1,1,0,1,0,0,0,0,1,1,1,0,0.3333333333333333,15.99868517046063,1
81,1,0,1,0,1,0,1,0,1,0,1,0,0,0,0,0,0,0,0,1,0,0,1,1,0,0,1,0,1,0,1,0,0,1,0,1,0.25,15.8072626278643,1
82,0,0,0,1,0,1,0,0,0,1,0,1,1,1,0,1,0,1,0,0,1,1,0,1,1,1,1,0,1,0,0,0,1,1,0,0,0.2777777777777778,15.124394946424442,1
83,1,1,1,1,0,0,1,0,1,0,1,0,0,0,1,0,1,0,1,1,0,0,1,1,0,0,1,1,0,0,1,0,0,1,0,1,0.25,16.051670845177117,1
84,0,0,0,0,0,1,0,0,0,1,0,1,1,1,0,1,1,1,0,0,1,1,0,1,1,1,0,0,0,0,0,0,1,1,0,0,0.25,17.21174152670104,1
85,0,0,0,0,0,1,0,0,0,1,0,1,0,1,1,1,0,1,0,0,1,1,0,1,1,1,0,1,0,0,0,1,1,1,1,0,0.25,22.80813266283937,1
86,0,0,0,0,0,1,0,0,0,1,0,1,1,1,0,1,0,1,1,0,1,1,0,1,1,1,0,1,0,0,0,1,1,1,0,0,0.2777777777777778,22.93771269946478,1
87,0,0,0,1,1,1,0,0,0,1,0,1,1,1,0,1,0,1,0,0,1,1,0,1,0,1,1,1,0,0,0,0,1,1,1,0,0.2777777777777778,16.267915360167933,1
88,1,0,1,0,1,0,1,0,1,0,1,0,0,0,0,0,1,0,0,1,0,0,1,1,0,0,0,0,1,1,1,0,1,1,0,1,0.2777777777777778,24.718362919150998,1
89,0,0,0,0,0,1,0,0,0,1,0,1,1,1,1,1,0,1,0,0,1,1,0,1,0,1,1,0,0,0,0,0,1,1,0,0,0.2777777777777778,15.341277367569877,1
90,0,1,1,1,0,0,1,0,1,0,1,0,0,0,0,0,1,0,1,1,0,0,1,1,0,0,0,0,0,0,1,0,1,1,1,1,0.25,15.461749856331842,1
91,1,0,1,1,0,0,1,0,0,0,1,0,1,0,0,0,1,0,1,1,0,0,1,1,1,0,1,0,0,0,1,0,0,1,0,1,0.25,15.586123177955612,1
92,0,0,0,0,0,1,0,0,0,1,0,1,1,1,1,1,0,1,0,0,1,1,0,1,1,1,1,1,0,1,0,1,1,1,0,0,0.3055555555555556,28.735253409349898,1
93,1,0,1,0,1,0,1,0,1,0,0,0,1,0,0,0,1,0,1,1,0,0,1,1,0,0,0,0,1,1,1,0,1,1,0,1,0.2777777777777778,31.901699026099603,1
94,0,0,0,0,1,1,0,0,0,1,0,1,1,1,0,1,0,1,0,0,1,1,0,1,1,1,0,1,0,1,0,0,1,1,0,0,0.3055555555555556,19.02353056488699,1
95,0,0,0,0,1,1,0,0,0,1,0,1,1,1,1,1,0,1,0,0,1,1,0,1,1,1,0,0,0,0,0,0,1,1,1,0,0.3611111111111111,18.262737841387136,1
96,0,0,0,0,0,1,0,0,0,1,0,1,1,1,1,1,0,1,0,0,0,1,0,1,1,1,0,1,0,0,0,0,1,1,0,0,0.3055555555555556,15.70762548698278,1
97,0,0,0,0,0,1,0,0,0,1,0,1,1,1,0,1,0,1,0,0,1,1,0,1,0,1,0,1,0,1,0,1,0,1,0,0,0.19444444444444445,21.027299984397153,1
98,0,0,1,0,1,1,0,0,0,1,0,1,0,1,1,1,0,1,0,1,1,1,0,1,1,1,0,1,0,0,0,0,1,1,0,0,0.2777777777777778,16.735969323519107,1
99,0,0,0,0,0,1,0,0,1,1,0,1,1,1,0,1,0,1,0,0,1,1,0,1,1,1,0,1,1,0,0,1,1,1,0,0,0.3333333333333333,23.17669507193385,1
