,0,1,2,3,4,5,6,7,8,9,10,11,12,13,14,15,16,17,18,19,20,21,22,23,24,25,26,27,28,29,30,31,32,33,34,35,chain_break_fraction,energy,num_occurrences
0,1,0,1,1,1,0,0,1,0,1,0,1,0,1,1,0,0,1,0,1,0,0,1,1,1,0,1,0,0,1,1,1,0,1,0,0,0.2222222222222222,8.15462385183654,1
1,0,1,1,1,1,0,1,1,0,1,0,1,0,1,1,0,1,0,0,0,0,0,1,0,1,0,1,0,1,0,1,1,0,1,0,0,0.19444444444444445,19.354709153208077,1
2,0,0,1,1,1,0,1,1,0,1,0,1,0,1,1,0,1,1,0,1,0,0,1,0,1,0,1,0,1,0,1,1,0,1,0,0,0.2222222222222222,13.326101462636219,1
3,0,0,1,1,1,0,0,1,1,0,0,1,0,1,1,0,1,1,0,1,0,1,1,0,1,0,1,0,1,0,1,1,0,1,1,0,0.2777777777777778,9.213461878716013,1
4,1,0,1,1,1,0,1,0,1,0,0,1,0,1,1,0,0,0,0,1,0,1,1,0,0,0,1,0,0,1,1,1,0,1,0,0,0.16666666666666666,5.317165035579881,1
5,0,0,1,1,1,0,1,0,0,1,0,1,0,1,1,0,1,1,0,1,0,0,1,0,1,0,1,1,1,0,1,1,0,1,0,0,0.2222222222222222,7.266771706867864,1
6,0,1,0,0,0,1,1,0,1,1,1,0,0,0,0,1,0,0,0,0,1,0,0,1,0,1,0,0,1,1,0,0,1,0,1,1,0.2222222222222222,10.57044539056266,1
7,1,0,0,1,1,0,0,0,1,1,0,1,0,1,1,0,0,1,1,1,0,1,1,1,0,0,1,0,0,0,1,1,0,1,0,0,0.19444444444444445,7.337488674980948,1
8,1,1,1,0,0,1,1,0,1,0,1,0,1,0,0,1,0,0,1,0,1,0,0,1,0,1,0,1,1,1,0,0,1,0,1,1,0.25,18.430843597845197,1
9,0,0,1,1,1,0,0,1,1,0,0,1,0,1,1,0,1,1,0,1,0,0,1,0,1,0,1,0,1,0,1,1,0,1,0,0,0.25,8.74336051191229,1
10,1,0,1,0,0,1,1,0,1,0,1,0,1,0,0,1,0,0,0,1,0,0,0,1,0,1,0,1,0,1,0,0,1,0,0,1,0.25,13.716415321003648,1
11,0,0,1,1,1,0,1,1,1,0,0,1,0,1,1,0,1,1,0,1,0,1,1,0,1,0,1,0,1,0,1,1,1,1,1,0,0.2777777777777778,11.149151634665118,1
12,0,0,0,1,1,0,1,1,1,1,0,1,0,1,1,0,0,1,0,1,0,1,1,0,1,0,1,0,1,0,1,1,0,1,0,0,0.2222222222222222,7.497506373146527,1
13,1,0,1,1,1,0,1,0,1,0,0,1,0,1,1,0,0,1,0,1,0,1,1,1,1,0,1,0,1,0,1,1,0,1,0,0,0.2777777777777778,10.507638279947546,1
14,0,0,1,1,1,0,1,1,1,1,0,1,0,1,0,0,1,1,0,1,0,1,1,0,1,0,1,0,1,0,1,1,0,1,0,0,0.2222222222222222,9.455258413779333,1
15,0,0,0,1,1,0,1,1,0,0,0,1,0,1,1,0,1,1,0,1,0,1,1,0,1,0,1,0,0,0,1,1,0,1,0,0,0.25,11.932932464179279,1
16,0,0,0,1,1,0,1,1,0,1,0,1,0,1,1,0,0,1,0,1,0,0,1,0,1,0,1,0,1,0,1,1,0,1,0,0,0.2222222222222222,8.400552613492621,1
17,0,0,1,1,1,0,1,1,1,1,0,1,0,1,1,0,0,0,0,1,0,0,1,0,1,0,1,0,1,0,1,1,0,1,0,0,0.2777777777777778,5.601519966755346,1
18,0,1,1,1,1,0,1,0,0,0,0,1,0,1,1,0,1,1,1,0,0,0,1,0,1,0,1,0,1,0,1,1,0,1,0,0,0.2777777777777778,11.172351227537652,1
19,1,1,0,0,0,1,1,1,1,0,1,0,0,0,0,1,0,0,0,0,1,0,0,1,0,1,0,1,1,1,0,0,1,0,1,1,0.16666666666666666,16.555572867742043,1
20,0,1,0,1,1,0,1,1,0,1,0,0,0,1,0,0,1,1,0,1,0,0,1,0,1,0,1,0,1,0,1,1,0,1,0,0,0.16666666666666666,8.10287178639654,1
21,0,0,0,1,1,0,1,0,1,1,0,1,0,1,0,0,1,1,0,0,0,1,1,0,1,0,1,0,1,0,1,1,0,1,0,0,0.16666666666666666,5.71590738912459,1
22,0,0,0,1,1,0,0,0,1,0,0,1,0,1,1,0,0,1,0,1,0,1,1,1,0,0,1,0,1,0,1,1,0,1,0,0,0.16666666666666666,14.133626430862401,1
23,1,1,1,0,0,1,1,0,1,1,1,0,0,0,0,1,0,0,1,0,1,0,0,1,0,1,0,1,1,1,0,0,1,0,0,1,0.25,12.967560046072183,1
24,0,0,1,1,1,0,1,1,1,1,0,1,0,1,1,0,1,1,0,1,0,1,1,0,1,0,1,0,0,0,1,1,0,1,1,0,0.3888888888888889,12.834870604588529,1
25,0,0,1,1,1,1,1,0,1,1,0,1,0,1,1,0,1,1,0,1,0,0,1,0,1,0,1,0,1,0,1,1,0,1,0,0,0.3333333333333333,15.413507642727781,1
26,0,1,1,0,0,1,1,0,1,0,1,0,1,0,0,1,0,0,1,0,0,0,0,1,0,1,0,1,0,1,0,0,1,0,0,1,0.2222222222222222,10.499366055442266,1
27,0,0,1,0,0,1,1,0,1,1,1,0,0,0,0,1,0,0,0,0,0,0,0,1,0,1,0,1,0,1,1,0,1,0,0,1,0.1111111111111111,6.684510056725523,1
28,0,0,1,1,1,0,1,1,1,1,0,1,0,1,1,0,1,1,0,1,0,1,1,0,1,0,1,1,0,0,1,1,0,1,1,0,0.3055555555555556,10.631108241128848,1
29,1,1,1,1,1,0,1,1,1,0,0,1,0,1,1,0,1,0,0,1,0,1,1,0,1,0,1,0,0,0,1,1,0,1,0,0,0.19444444444444445,13.67968049119028,1
30,0,1,0,0,0,1,0,0,1,0,1,0,0,0,0,1,0,0,0,0,0,0,0,1,0,1,0,1,1,1,0,0,1,0,0,1,0.2222222222222222,14.975604721054337,1
31,0,1,1,0,0,1,0,0,1,0,1,0,0,0,0,1,0,0,1,0,0,0,0,1,0,1,0,1,0,1,0,0,1,0,0,1,0.3055555555555556,13.568269850082686,1
32,0,1,0,0,0,1,0,0,1,0,1,0,1,0,0,1,1,0,0,0,0,0,0,1,1,1,0,1,1,1,0,0,1,0,1,1,0.19444444444444445,18.455183157758434,1
33,1,0,1,1,1,0,0,1,0,1,0,1,0,1,1,0,1,1,0,1,0,0,1,0,1,0,1,0,1,0,1,1,0,1,1,0,0.2777777777777778,10.503528756811795,1
34,0,0,1,1,1,0,0,1,1,0,0,1,0,1,0,0,1,1,0,1,0,1,1,0,0,0,1,0,1,0,1,1,0,1,1,0,0.19444444444444445,8.6386177670792,1
35,0,0,0,1,1,0,0,1,1,1,0,1,0,1,1,0,1,1,0,0,0,0,1,0,0,0,1,0,1,0,1,1,0,1,1,0,0.3055555555555556,14.90202525849746,1
36,1,1,1,0,0,1,0,0,1,1,1,0,1,0,0,1,0,0,0,0,0,0,0,1,0,1,0,1,1,1,0,0,1,0,0,1,0.3333333333333333,11.203380453573006,1
37,0,0,0,1,1,0,1,0,0,0,0,1,0,1,1,0,1,1,0,1,1,1,1,0,1,0,1,0,0,0,1,1,1,1,0,0,0.2222222222222222,14.50940029230579,1
38,0,0,1,1,1,0,1,1,1,1,0,1,0,1,1,0,1,1,0,1,0,1,1,0,1,0,1,0,1,0,1,1,0,1,0,1,0.2777777777777778,11.185931165013333,1
39,0,1,0,1,1,0,0,1,0,1,0,1,0,1,1,0,1,1,0,1,0,1,1,0,1,0,1,0,0,0,1,1,0,1,1,0,0.2222222222222222,12.3416330407115,1
40,0,1,0,1,1,0,1,0,1,1,0,0,0,1,1,0,1,1,0,1,0,1,1,0,0,0,1,0,1,0,1,1,0,1,0,0,0.19444444444444445,5.588811693588575,1
41,0,0,1,1,1,0,1,0,1,0,0,1,0,1,1,0,0,1,0,1,0,1,1,0,0,0,1,1,0,0,1,1,0,1,1,0,0.19444444444444445,9.60901346961704,1
42,1,0,1,1,1,0,1,1,1,0,0,1,0,1,1,0,0,1,0,1,0,1,1,0,1,0,1,1,1,0,1,1,0,1,0,0,0.3611111111111111,9.156207379149194,1
43,1,1,1,0,0,1,0,0,1,1,1,0,1,0,0,1,0,0,1,0,1,0,0,1,0,1,0,1,0,1,0,0,1,1,0,1,0.3611111111111111,14.908208809510851,1
44,0,1,1,0,0,1,1,0,1,0,1,0,1,0,0,1,0,0,1,0,1,0,0,1,0,1,0,0,0,1,0,0,1,0,1,1,0.19444444444444445,12.533826322345279,1
45,0,0,1,1,1,0,1,1,0,1,0,1,0,1,0,0,1,0,0,1,0,1,1,0,1,0,1,0,0,0,1,1,0,1,0,0,0.2222222222222222,6.455585819607096,1
46,0,0,0,1,1,0,1,1,1,0,0,1,1,1,1,0,0,1,0,1,0,0,1,0,1,0,1,0,1,0,1,1,0,1,0,0,0.3055555555555556,10.10240056726332,1
47,1,0,1,1,1,0,1,1,1,0,0,1,0,1,0,0,1,0,0,1,0,1,0,0,0,1,1,0,0,1,1,1,0,1,0,0,0.16666666666666666,7.446975349017746,1
48,0,0,0,1,1,0,1,0,1,1,0,0,0,1,1,0,1,1,0,1,0,1,1,0,0,0,1,0,0,0,1,1,0,1,0,0,0.3333333333333333,4.124396641793595,1
49,1,1,1,0,0,1,1,1,1,1,1,0,0,0,0,1,0,0,0,0,0,0,0,1,0,1,0,1,1,1,0,0,1,0,1,1,0.2777777777777778,13.879200394803856,1
50,0,1,1,0,0,1,1,0,0,1,1,0,1,0,0,1,0,0,1,0,0,0,0,1,0,1,0,1,1,1,0,0,1,0,0,1,0.25,11.031872223881226,1
51,1,1,1,0,0,1,0,0,0,1,1,0,1,0,0,1,1,0,1,0,0,0,0,1,0,1,0,1,1,1,0,0,1,0,0,1,0.25,12.058237964949466,1
52,0,0,1,1,1,0,1,0,1,0,0,1,0,1,0,0,1,1,0,1,0,1,1,0,1,0,1,1,0,0,1,1,0,1,0,0,0.3055555555555556,9.495703379813282,1
53,1,1,1,1,1,0,0,0,0,0,0,1,0,1,1,0,1,1,1,1,0,1,0,0,0,0,1,0,1,0,1,1,0,1,0,0,0.1388888888888889,10.54976369627876,1
54,0,1,0,0,1,1,0,0,1,1,1,0,1,0,0,1,0,0,1,0,0,0,0,1,0,1,0,1,0,1,0,0,1,0,1,1,0.19444444444444445,12.531149207586743,1
55,0,0,1,1,1,0,1,1,1,0,0,1,0,1,1,0,1,1,0,1,0,1,0,0,0,0,1,0,1,0,1,1,0,1,0,0,0.3611111111111111,12.299128350838016,1
56,1,1,1,0,0,1,1,0,1,1,1,0,1,0,0,1,0,0,1,1,1,0,0,1,0,1,0,1,0,1,0,0,1,1,0,1,0.3055555555555556,18.99979783512196,1
57,0,0,1,0,0,1,1,0,0,1,1,0,1,0,0,1,0,1,0,0,0,0,0,1,0,1,0,1,1,1,0,0,1,0,1,1,0.16666666666666666,11.170520363503876,1
58,0,0,1,0,0,1,0,0,0,1,1,0,1,0,0,1,0,0,0,0,1,0,0,1,0,1,0,1,1,1,0,0,1,0,1,1,0.16666666666666666,19.52718846891473,1
59,1,1,0,0,0,1,1,1,1,1,1,0,1,0,0,1,0,0,1,0,0,0,0,1,0,1,0,1,1,1,0,0,1,0,0,1,0.2222222222222222,12.254942796309036,1
60,1,1,1,0,0,1,0,0,0,1,1,0,0,0,0,1,0,0,0,0,1,0,0,1,0,1,0,0,1,1,0,0,1,0,0,1,0.2777777777777778,11.528493936013021,1
61,0,0,1,0,0,1,0,1,1,1,1,0,1,0,0,1,0,0,1,0,1,0,0,1,0,1,0,1,0,1,0,0,1,0,0,1,0.2222222222222222,9.951510132745199,1
62,0,1,1,0,0,1,0,0,0,1,1,0,1,0,0,1,0,0,0,0,0,0,0,1,0,1,0,1,0,1,0,0,1,0,0,1,0.2777777777777778,10.103379388102265,1
63,1,1,1,0,0,1,1,0,0,1,1,0,0,0,0,1,0,0,0,0,0,0,0,1,0,1,0,1,1,1,1,0,1,0,0,1,0.2777777777777778,9.191619625862483,1
64,1,1,1,0,0,1,1,0,1,1,1,0,0,0,0,1,0,0,1,0,0,0,0,1,0,1,0,1,0,1,1,0,1,1,0,1,0.2222222222222222,10.790367049399084,1
65,1,1,1,0,0,1,0,0,0,1,1,0,1,0,0,1,0,0,1,0,0,0,0,1,0,1,0,1,0,1,0,1,1,1,0,1,0.3055555555555556,16.4479919695925,1
66,1,0,0,1,1,0,1,1,1,1,0,1,0,1,1,0,1,1,0,1,0,1,1,0,1,0,1,0,1,0,1,1,0,1,0,0,0.2222222222222222,11.380341932326482,1
67,0,0,1,1,1,0,1,1,1,0,0,1,0,1,0,0,0,1,0,1,0,0,1,0,1,0,1,0,1,0,0,1,0,1,1,0,0.25,7.4474685261569835,1
68,1,1,0,0,0,1,1,0,0,1,1,0,1,0,0,1,0,0,1,0,0,0,0,1,1,1,0,1,1,1,0,0,0,0,1,1,0.2222222222222222,16.482935106340296,1
69,1,0,0,0,0,1,1,0,1,0,1,0,1,0,0,1,0,0,1,0,0,0,0,1,1,1,0,1,0,1,0,0,1,0,0,1,0.25,15.0785540643734,1
70,0,1,1,0,0,1,1,1,0,1,1,0,1,0,0,1,0,0,0,0,0,0,0,1,1,1,0,1,1,1,0,0,1,0,0,1,0.19444444444444445,12.156460584398843,1
71,0,0,0,0,0,1,1,1,1,0,1,0,1,0,0,1,0,0,1,0,1,0,0,1,1,1,0,0,0,1,0,0,1,0,0,1,0.2222222222222222,12.509405648101188,1
72,1,1,0,0,0,1,0,0,1,0,1,0,1,0,0,1,0,0,1,0,1,0,0,1,0,1,0,0,0,1,0,0,1,0,0,1,0.25,11.055741733674674,1
73,0,0,1,1,1,0,0,1,1,0,0,1,0,1,1,0,0,1,0,1,0,1,1,0,0,0,1,1,1,0,1,1,0,1,1,0,0.2222222222222222,11.129692731378427,1
74,0,1,0,0,0,1,0,1,1,1,1,0,1,0,0,1,1,0,1,0,0,0,0,1,1,1,0,0,1,1,0,0,1,0,1,1,0.2777777777777778,10.934040590308879,1
75,0,0,1,1,1,0,1,0,0,0,1,0,0,0,1,0,0,1,0,0,0,1,0,0,0,0,1,0,0,0,1,1,0,1,0,0,0.027777777777777776,3.96326229563313,1
76,1,1,1,0,0,1,0,0,1,0,1,0,1,0,0,1,1,0,1,0,0,0,0,1,0,1,0,1,0,1,0,0,1,0,0,1,0.3888888888888889,11.484248377253824,1
77,0,0,0,1,1,0,1,0,1,1,0,1,0,1,1,0,1,0,0,1,0,0,1,0,1,0,0,0,1,0,1,1,0,1,1,0,0.2222222222222222,1.799189118496257,1
78,0,0,0,1,1,0,1,0,0,1,1,1,0,1,1,0,1,1,1,1,1,1,1,0,0,0,1,0,0,0,1,1,0,1,0,0,0.25,8.920565133235472,1
79,1,0,0,0,0,1,1,0,1,1,1,0,1,0,1,1,0,0,0,1,0,0,0,1,0,1,0,1,0,1,0,0,1,1,1,1,0.25,19.68312027150364,1
80,1,0,1,0,0,1,1,0,0,1,1,0,1,0,0,1,0,0,0,0,1,0,0,1,0,1,0,1,0,1,0,0,1,1,0,1,0.25,13.908597274966766,1
81,1,1,0,0,0,1,1,1,1,0,1,0,1,0,1,1,0,0,1,0,0,0,0,1,1,1,0,1,1,1,0,0,1,0,1,1,0.25,17.364606096488707,1
82,1,1,0,0,0,1,1,1,1,1,1,0,0,0,0,1,0,0,1,0,0,0,0,1,1,1,0,1,1,1,0,0,1,0,0,0,0.2222222222222222,9.991281486441359,1
83,0,0,1,1,1,1,0,1,1,0,0,1,0,1,1,0,1,1,1,1,0,0,1,0,1,0,1,0,0,0,1,1,0,1,1,0,0.3055555555555556,13.199439637894427,1
84,1,1,1,0,0,1,1,0,1,1,1,0,1,0,0,1,0,0,1,0,0,0,0,1,0,1,0,1,1,1,0,0,1,0,0,1,0.25,11.221998576475508,1
85,1,1,1,0,0,1,1,0,1,1,1,0,1,0,0,1,0,0,0,0,1,0,0,1,0,1,0,1,0,1,0,0,1,0,1,1,0.2222222222222222,14.040998300086606,1
86,0,1,0,0,0,1,1,0,1,1,1,0,1,0,0,1,1,0,0,0,1,0,0,1,1,1,0,1,0,1,0,0,1,0,0,1,0.2777777777777778,11.21240412483177,1
87,1,1,0,0,0,1,0,0,1,1,1,0,0,0,0,1,1,0,1,0,1,0,0,1,0,1,0,1,0,1,0,0,1,0,0,1,0.3888888888888889,12.369954224154421,1
88,0,0,0,0,0,1,0,0,1,1,1,0,0,0,0,1,0,0,0,0,0,0,0,1,0,1,0,1,1,1,0,0,1,0,0,1,0.2222222222222222,13.048782564933909,1
89,1,0,1,0,1,1,1,1,1,0,0,0,1,0,0,1,0,1,1,0,1,0,0,1,0,1,0,1,0,1,1,0,1,0,1,1,0.19444444444444445,14.138501887015604,1
90,1,1,0,0,0,1,1,0,1,1,1,0,0,0,0,1,0,0,1,0,0,0,0,1,0,1,0,1,0,1,0,0,1,0,0,1,0.2222222222222222,10.149597195232417,1
91,0,1,1,0,0,1,1,1,0,0,1,0,0,0,0,1,0,0,0,0,0,0,0,1,1,1,0,0,1,1,0,0,1,0,0,1,0.2222222222222222,12.139610705127554,1
92,0,1,0,1,1,0,1,1,1,1,0,1,0,1,1,0,1,1,0,1,0,1,1,0,1,0,1,0,0,0,1,1,0,1,1,0,0.3611111111111111,16.320036578798533,1
93,0,0,0,1,1,0,1,1,1,1,0,0,0,1,1,0,0,1,0,1,0,1,1,0,1,0,1,0,0,0,1,1,0,1,0,0,0.2777777777777778,5.272612863249469,1
94,0,1,0,0,0,1,0,1,0,1,1,0,1,0,0,1,1,0,1,0,0,0,0,1,1,1,0,1,1,1,0,0,0,0,1,1,0.3055555555555556,15.207304589839874,1
95,1,1,1,0,0,1,0,0,1,1,1,0,0,0,0,1,0,0,0,0,0,0,0,1,0,1,0,1,0,1,0,0,1,1,0,1,0.3055555555555556,11.7818639414016,1
96,1,1,1,0,0,1,0,0,0,1,1,0,0,0,0,1,0,0,0,0,1,0,0,1,0,1,0,1,1,1,0,0,1,0,1,0,0.25,10.602768247282622,1
97,1,1,1,0,1,1,0,0,0,1,1,0,1,0,0,1,1,0,1,0,0,0,0,0,0,1,0,1,0,1,0,0,1,0,1,1,0.19444444444444445,13.310416303407985,1
98,1,0,1,0,0,1,1,0,0,1,1,0,1,0,0,1,0,0,0,0,1,0,0,1,0,1,1,1,1,1,0,0,1,1,0,1,0.25,20.115716987463394,1
99,1,1,0,0,1,1,0,1,1,1,1,0,1,0,0,0,0,0,1,0,0,0,0,1,0,1,0,1,1,1,0,0,0,0,0,1,0.2222222222222222,11.59509890732421,1
