,0,1,2,3,4,5,6,7,8,9,10,11,12,13,14,15,16,17,18,19,20,21,22,23,24,25,26,27,28,29,30,31,32,33,34,35,chain_break_fraction,energy,num_occurrences
0,0,0,1,1,0,1,0,0,0,1,1,1,0,0,0,0,1,1,0,0,0,1,1,0,0,0,1,0,0,0,1,0,1,0,0,0,0.3055555555555556,16.61127018815159,1
1,0,0,1,1,0,1,0,0,0,1,1,1,0,0,0,0,1,1,0,0,0,1,1,0,0,0,1,0,0,0,1,0,1,0,0,0,0.2777777777777778,16.61127018815159,1
2,0,1,1,1,0,1,0,0,0,1,1,1,0,0,0,0,1,1,1,0,0,1,1,0,0,0,1,0,0,1,1,0,1,0,0,0,0.2777777777777778,16.951736973238024,1
3,0,1,1,1,0,1,0,0,0,1,1,1,0,0,0,0,1,1,0,0,0,1,1,1,0,0,1,0,0,0,1,0,1,0,0,0,0.3055555555555556,19.66306416318157,1
4,0,0,1,1,0,1,0,0,0,1,1,1,0,0,0,0,1,1,0,0,0,1,1,0,0,0,1,0,0,1,1,0,1,0,0,0,0.2222222222222222,11.577784714788075,1
5,0,0,1,1,0,1,0,0,0,1,1,1,0,0,0,0,1,1,1,0,0,1,1,0,0,0,1,0,0,0,1,0,1,0,0,0,0.3055555555555556,14.051868728513226,1
6,0,1,1,1,0,1,0,0,0,1,1,1,0,0,0,0,1,1,1,0,0,1,1,0,0,1,1,0,0,0,1,0,1,0,0,1,0.25,10.508961002451052,1
7,0,0,1,1,0,1,0,0,0,1,1,1,0,0,0,0,1,1,1,0,0,1,0,0,0,0,1,0,0,0,1,0,1,0,0,0,0.2777777777777778,17.320445160210706,1
8,0,0,1,1,0,1,0,0,0,1,1,1,0,0,0,0,1,1,1,0,0,1,1,0,0,1,1,0,0,0,1,0,1,0,0,1,0.25,5.62692843036994,1
9,0,0,1,1,0,1,0,0,0,1,1,1,0,0,0,0,0,1,0,0,0,1,1,0,0,0,1,0,0,1,1,0,1,0,0,0,0.2777777777777778,8.977657150045259,1
10,0,0,1,1,0,1,0,0,0,1,1,1,0,0,0,0,0,1,0,0,0,1,1,1,0,0,1,0,0,0,1,0,1,0,0,1,0.25,6.693396575498797,1
11,0,0,1,1,0,1,0,0,0,1,1,1,1,0,0,0,1,1,1,0,0,1,1,1,0,0,1,0,0,0,1,0,1,0,0,0,0.3055555555555556,13.188449918093314,1
12,0,0,1,1,0,1,0,0,0,1,1,1,0,0,0,0,1,1,1,0,0,1,1,0,0,0,1,0,0,0,1,0,1,0,0,0,0.2777777777777778,14.051868728513226,1
13,1,0,1,1,0,1,0,0,0,1,1,1,0,0,0,0,1,1,1,0,0,1,1,1,0,0,1,0,0,0,1,0,1,0,0,0,0.25,13.572478444276214,1
14,1,0,1,1,0,1,0,0,0,1,1,1,0,0,0,0,1,1,0,0,0,1,1,1,0,0,1,0,0,0,1,0,1,0,0,0,0.25,15.044522955172104,1
15,1,0,1,1,0,1,0,0,0,1,1,1,0,0,0,0,1,1,0,0,0,1,1,1,0,0,1,0,0,0,1,0,1,0,0,0,0.3055555555555556,15.044522955172104,1
16,0,0,1,1,0,1,0,0,0,1,1,1,1,0,0,0,1,1,0,0,0,1,1,0,0,1,1,0,0,0,1,0,1,0,0,1,0.25,7.566414180520871,1
17,0,0,1,1,0,1,0,0,0,1,1,1,1,0,0,0,1,1,0,0,0,1,1,0,0,0,1,0,0,0,1,0,1,0,0,0,0.3055555555555556,20.020085716460024,1
18,0,0,1,1,0,1,0,0,0,1,1,1,1,0,0,0,0,1,1,0,0,1,1,0,0,0,1,0,0,0,1,0,1,0,0,0,0.25,13.151465736512774,1
19,0,0,1,1,0,1,0,0,0,1,1,1,1,0,0,0,1,1,1,0,0,1,1,0,0,0,1,0,0,1,1,0,1,0,0,0,0.3055555555555556,11.871038763122083,1
20,0,0,1,1,0,1,1,0,0,1,1,1,0,0,0,0,0,1,1,0,0,1,1,0,0,0,1,0,0,0,1,0,1,0,0,1,0.25,7.957894587542228,1
21,0,0,1,1,0,1,0,0,0,1,1,1,1,0,0,0,0,1,1,0,0,1,1,0,0,1,1,0,0,0,1,0,1,0,0,1,0.25,5.165021591991964,1
22,0,0,1,1,0,1,0,0,0,1,1,1,0,0,0,0,0,1,0,0,0,1,1,1,0,1,1,0,0,1,1,0,1,0,0,0,0.2777777777777778,8.623144475434367,1
23,0,0,1,1,0,1,0,0,0,1,1,1,1,0,0,0,1,1,1,0,0,1,1,0,0,0,1,0,0,0,1,0,1,0,0,1,0.3333333333333333,10.190691331061526,1
24,0,0,1,1,0,1,0,0,0,1,1,1,1,0,0,0,1,1,1,0,0,1,1,0,0,1,1,0,0,0,1,0,1,0,0,1,0.2777777777777778,6.478891754179994,1
25,0,0,1,1,0,1,0,0,0,1,1,1,0,0,0,1,0,1,0,0,0,1,1,0,0,0,0,0,0,0,1,0,1,0,0,1,0.25,18.04179008424895,1
26,0,0,1,1,0,1,0,0,0,1,1,1,0,0,0,1,1,1,0,0,0,1,1,0,0,1,1,0,0,0,1,0,1,0,0,0,0.3055555555555556,17.45170296214694,1
27,0,1,1,1,0,1,0,0,0,1,1,1,1,0,0,0,0,1,0,0,0,1,1,0,0,0,1,0,0,0,1,0,1,0,0,1,0.25,17.05256879509594,1
28,0,0,1,1,0,1,0,0,0,1,1,1,1,0,0,0,0,1,0,0,0,1,1,1,0,0,0,0,0,0,1,0,1,0,0,0,0.25,15.895347521324902,1
29,0,0,1,1,0,1,0,0,0,1,1,1,1,0,0,0,1,1,1,0,0,1,0,1,0,0,1,0,0,0,1,0,1,0,0,0,0.2777777777777778,15.046711230517618,1
30,0,1,1,1,0,1,0,0,0,1,1,1,1,0,0,0,1,1,0,0,0,1,1,0,0,1,1,0,0,0,1,0,1,0,0,1,0.2777777777777778,14.99495806376049,1
31,0,0,1,1,0,1,0,0,1,1,1,1,0,0,0,0,1,1,0,0,0,1,0,1,0,0,1,0,0,0,1,0,1,0,0,0,0.2777777777777778,18.187614459106687,1
32,0,0,1,1,0,1,0,0,0,1,1,1,0,0,0,1,1,1,0,0,0,1,1,0,0,0,1,0,0,1,1,0,1,0,0,0,0.2222222222222222,17.648390578304532,1
33,0,1,1,1,0,1,0,0,0,1,1,1,0,0,0,0,1,1,0,0,0,1,1,1,0,0,1,0,0,0,0,0,1,0,0,0,0.3055555555555556,24.95382619068877,1
34,0,0,1,1,0,1,0,0,0,1,1,1,1,0,0,0,1,1,1,0,0,1,0,0,0,1,1,0,0,0,1,0,1,0,0,0,0.2777777777777778,13.652072520269812,1
35,0,0,1,1,0,1,0,0,0,1,1,1,0,0,0,0,1,1,0,0,0,1,1,1,0,0,1,0,0,1,1,0,1,0,0,0,0.25,9.402391498956769,1
36,0,1,1,1,0,1,0,0,1,1,1,1,0,0,0,0,1,1,0,0,0,1,1,0,0,0,1,0,0,1,1,0,1,0,0,1,0.3055555555555556,16.075494062550167,1
37,0,1,1,1,0,1,0,0,0,1,1,1,1,0,0,0,1,1,0,0,0,1,1,1,0,0,1,0,0,1,1,0,1,0,0,1,0.2777777777777778,11.680453344011505,1
38,1,0,1,1,0,1,0,0,0,1,1,1,0,0,0,0,0,1,1,0,0,1,0,0,0,0,1,0,0,0,1,1,1,0,0,0,0.2777777777777778,10.144011662531723,1
39,0,0,1,1,0,1,0,0,1,1,1,1,0,0,0,0,0,1,0,0,0,1,1,1,0,1,1,0,0,0,1,0,1,0,0,0,0.2777777777777778,8.943749880020551,1
40,0,0,1,1,0,1,0,0,0,1,1,1,1,0,0,0,0,1,1,0,0,1,1,0,0,1,0,0,0,0,1,0,1,0,0,1,0.2777777777777778,6.761336713762461,1
41,0,0,1,1,0,1,0,0,0,1,1,1,0,0,1,0,1,1,0,0,0,1,1,0,0,0,1,0,0,0,1,0,1,0,0,0,0.3333333333333333,20.3326339193721,1
42,0,0,1,1,0,1,0,0,0,1,1,1,1,0,0,0,1,1,1,0,0,1,0,0,0,0,1,0,0,0,1,0,1,0,0,0,0.3333333333333333,20.763233855366213,1
43,0,0,1,1,0,1,0,0,0,1,1,1,1,0,0,0,1,1,1,0,0,1,1,0,0,0,1,0,0,1,1,0,0,0,0,0,0.2222222222222222,15.181851868231528,1
44,1,0,1,1,0,1,0,0,1,1,1,1,0,0,0,0,1,1,1,0,0,1,1,1,0,0,1,0,0,0,1,0,1,0,0,1,0.2777777777777778,11.003592753233587,1
45,0,0,1,1,0,1,0,0,0,1,1,1,0,0,0,1,1,1,0,0,0,1,1,0,0,0,1,0,0,1,1,0,1,0,0,0,0.25,17.648390578304532,1
46,0,0,1,1,0,1,0,0,0,1,1,1,0,0,0,0,1,1,0,0,0,1,1,0,0,0,1,0,0,0,1,0,1,0,0,1,0.3055555555555556,9.871235624570783,1
47,0,0,1,1,0,1,0,0,0,1,1,1,0,0,0,0,1,1,0,0,0,1,0,0,0,0,1,0,0,0,1,0,1,0,0,1,0.25,12.865612462481396,1
48,0,0,1,1,0,1,0,0,1,1,1,1,1,0,0,0,1,1,1,0,0,1,1,0,0,0,1,0,0,1,1,0,1,0,0,0,0.25,14.953638374914185,1
49,1,0,1,1,0,1,0,0,0,1,1,1,0,0,0,0,0,1,1,0,0,1,0,1,0,0,1,0,0,0,1,0,1,0,0,1,0.2222222222222222,7.771777512552745,1
50,0,0,1,1,0,1,0,0,1,1,1,1,0,0,0,0,0,1,0,0,0,1,1,0,0,0,1,0,0,0,1,0,1,0,0,0,0.3055555555555556,16.565308546270874,1
51,0,0,1,1,0,1,0,0,1,1,1,1,1,0,0,0,0,1,1,0,0,1,1,1,0,1,1,0,0,0,1,0,1,0,0,0,0.25,9.57990748818154,1
52,0,0,1,1,0,1,0,0,0,1,1,1,0,0,0,0,0,1,0,0,0,1,0,1,0,0,1,0,0,1,1,0,1,0,0,0,0.2777777777777778,8.595545457034293,1
53,0,0,1,1,0,1,0,0,0,1,1,1,1,0,0,1,0,1,0,0,0,1,1,0,0,1,1,0,0,0,1,0,1,0,0,1,0.25,10.420175538011245,1
54,0,0,1,1,0,1,0,0,0,1,1,1,0,0,0,0,1,1,1,0,0,1,1,0,0,0,1,0,0,0,1,0,1,0,0,0,0.2777777777777778,14.051868728513226,1
55,0,0,1,1,0,1,0,0,0,1,1,1,1,0,1,0,1,1,0,0,0,1,1,0,0,0,1,0,1,0,1,0,1,0,0,1,0.2777777777777778,11.65621176245351,1
56,0,0,1,1,0,1,0,0,1,1,1,1,0,0,0,0,1,1,0,0,0,1,1,1,0,0,1,0,0,1,1,0,1,0,0,0,0.2777777777777778,11.528522146668061,1
57,0,0,1,1,0,1,1,0,0,1,1,1,0,0,0,0,1,1,1,0,0,1,1,0,0,1,1,0,0,0,1,0,1,0,0,1,0.2222222222222222,7.067944716410491,1
58,1,1,1,1,0,1,0,0,0,1,1,1,0,0,0,1,1,1,0,0,0,1,1,0,0,0,1,0,0,1,1,0,1,0,0,1,0.2222222222222222,24.299555940165224,1
59,0,0,1,1,0,1,0,0,0,1,1,1,0,0,1,0,1,1,0,0,0,1,1,1,0,1,1,0,0,1,1,0,1,0,0,0,0.3333333333333333,8.296798274259395,1
60,0,0,1,1,0,1,0,0,0,1,1,1,0,0,0,0,1,1,0,0,0,1,1,0,0,1,1,0,0,0,1,0,1,0,0,1,0.3055555555555556,6.158739142831067,1
61,0,0,1,1,0,1,0,0,0,1,1,1,1,0,0,0,1,1,0,0,0,1,0,1,0,0,1,0,0,0,1,0,1,0,0,1,0.2777777777777778,10.695477266319386,1
62,0,0,1,1,0,1,0,0,0,1,1,1,0,0,0,0,1,1,1,0,0,1,1,0,0,0,1,0,0,1,1,0,1,0,0,1,0.2777777777777778,6.341889715026824,1
63,0,0,1,0,0,1,0,0,0,1,1,1,1,0,0,1,1,1,1,0,0,1,1,0,0,0,1,0,0,0,1,0,1,0,0,0,0.25,16.017794446171603,1
64,0,0,1,1,0,1,0,0,0,1,1,1,1,0,0,0,1,1,0,0,0,1,0,0,0,0,1,0,0,1,1,1,1,0,0,1,0.2777777777777778,8.059988042412039,1
65,0,0,1,1,0,1,0,1,0,1,1,1,0,0,0,0,1,1,1,0,0,1,1,1,0,0,1,0,0,0,1,0,1,0,0,0,0.3611111111111111,17.63024102343417,1
66,1,0,1,1,0,1,0,0,0,1,1,1,1,0,0,0,1,1,0,0,0,1,1,1,0,0,1,0,0,1,1,0,1,0,0,1,0.2222222222222222,8.402396866310992,1
67,0,0,1,1,0,1,0,0,0,1,1,1,0,0,0,1,0,1,1,0,0,1,1,0,0,0,1,0,0,1,1,1,1,0,0,0,0.2777777777777778,7.276154276368885,1
68,0,0,1,1,0,1,0,0,0,1,1,1,0,0,0,1,0,1,1,0,0,1,1,1,0,0,1,0,0,0,1,1,1,0,0,0,0.25,10.538987121231054,1
69,0,0,1,0,0,1,0,0,1,1,1,1,0,0,0,0,0,1,0,0,0,1,1,1,0,1,1,0,0,1,1,0,1,0,0,0,0.2222222222222222,6.930775134639387,1
70,0,0,1,1,0,1,0,0,1,1,1,0,0,0,0,0,1,1,0,0,0,1,1,0,0,0,1,0,0,1,1,0,1,0,0,1,0.2777777777777778,5.597350753113572,1
71,0,0,1,1,0,1,0,0,0,1,1,1,1,0,0,0,1,1,1,0,0,1,0,1,0,1,1,0,0,0,1,0,1,0,0,1,0.2777777777777778,6.740933517646361,1
72,0,0,1,1,0,1,0,0,0,1,1,1,0,0,0,1,1,1,0,0,1,1,1,1,0,0,1,0,1,1,1,0,1,0,0,0,0.2777777777777778,10.84325855244074,1
73,1,0,1,1,0,1,0,0,0,1,1,1,1,0,0,0,1,1,1,0,0,1,0,1,0,0,1,0,0,0,1,1,1,0,0,1,0.2777777777777778,9.26829186198952,1
74,0,0,1,1,0,1,0,0,0,1,1,1,1,0,1,0,1,1,1,0,0,1,0,1,0,1,1,0,0,1,1,1,1,0,0,1,0.3333333333333333,8.983357890547044,1
75,0,1,1,1,0,1,0,0,0,1,1,1,0,0,0,0,1,1,0,0,0,1,1,0,0,1,1,0,0,0,1,0,1,0,0,1,0.3055555555555556,12.162328972615212,1
76,0,0,1,1,0,1,0,0,1,1,1,1,0,0,0,1,1,1,1,0,0,1,0,0,0,0,1,0,0,0,1,0,1,0,0,0,0.2222222222222222,31.89797545769252,1
77,0,0,1,0,0,1,1,0,0,1,1,1,0,0,1,0,1,1,0,0,0,1,1,0,0,1,1,0,0,1,1,0,1,0,0,0,0.2222222222222222,5.6656354946571295,1
78,1,0,1,1,0,1,0,0,0,1,1,1,1,0,0,0,1,1,1,0,0,1,0,1,0,0,1,0,0,1,1,1,1,0,0,1,0.3333333333333333,8.279594965438271,1
79,0,0,1,0,0,1,0,0,0,1,1,1,0,0,0,0,1,1,0,0,0,1,0,0,0,0,1,0,0,1,1,0,1,0,0,1,0.25,3.5566738329875,1
80,0,0,1,1,0,1,0,0,0,1,1,1,0,0,0,0,1,1,0,0,0,1,1,0,0,1,1,0,0,1,1,0,0,0,0,1,0.2777777777777778,6.608066203757897,1
81,0,0,1,1,0,1,0,0,1,1,1,1,1,0,0,0,1,1,0,0,0,1,1,1,0,0,1,0,0,0,1,0,1,0,0,0,0.3611111111111111,18.282024534968397,1
82,0,0,1,0,0,1,0,0,0,1,1,1,1,0,0,1,1,1,0,0,0,1,1,1,0,0,1,0,0,0,1,0,1,0,0,0,0.2222222222222222,13.748230249015,1
83,0,0,1,1,0,1,0,0,0,1,1,1,1,0,0,0,1,1,0,0,0,1,1,0,0,0,1,0,0,0,1,1,1,0,0,1,0.3055555555555556,8.538992253453554,1
84,0,0,1,1,0,1,0,0,0,1,1,0,0,0,0,1,0,1,1,0,0,1,0,0,0,0,1,0,0,0,0,1,1,0,0,1,0.19444444444444445,7.5153627089904695,1
85,0,0,1,1,0,1,0,0,1,1,1,1,1,0,0,0,0,1,1,0,0,1,1,1,0,0,1,0,0,0,0,0,1,0,0,0,0.2777777777777778,17.53716739843129,1
86,1,0,1,0,0,1,0,0,0,1,1,1,1,0,0,1,0,1,1,0,0,1,1,1,0,1,1,0,0,1,1,0,1,0,0,1,0.2222222222222222,6.4537993709099,1
87,0,0,1,1,0,1,0,0,0,1,1,1,1,0,0,0,0,1,1,0,0,1,1,0,0,1,1,0,0,1,0,0,1,0,0,1,0.3055555555555556,7.067305231737393,1
88,0,0,1,0,0,1,1,0,0,1,1,1,0,0,0,0,1,1,1,0,0,1,1,1,0,0,1,0,0,0,1,1,1,0,0,1,0.2222222222222222,6.217348799390589,1
89,0,0,1,1,0,1,0,0,0,1,1,1,1,0,0,0,0,1,1,0,0,1,1,1,0,1,1,0,0,1,1,0,1,0,0,0,0.2777777777777778,9.38809447853204,1
90,0,0,1,1,0,1,0,0,0,1,1,0,1,0,1,0,1,1,1,0,0,1,0,0,0,0,1,0,0,1,1,0,1,0,0,1,0.2777777777777778,5.992808402015763,1
91,1,0,1,1,0,1,0,0,0,1,1,1,1,0,0,0,1,1,1,0,0,1,0,1,0,0,1,0,0,0,1,0,1,0,0,1,0.3611111111111111,11.903317819586707,1
92,0,0,1,1,0,1,0,0,0,1,1,1,1,0,1,0,1,1,0,0,0,1,1,1,0,0,1,0,0,1,1,0,1,0,0,1,0.3611111111111111,7.646248968629848,1
93,0,1,0,0,1,0,1,0,1,0,0,1,1,1,1,0,0,0,0,1,1,0,0,1,1,1,0,1,1,0,1,0,0,1,1,0,0.25,16.840466257174366,1
94,1,0,0,0,1,0,1,0,1,0,0,0,1,1,0,1,0,0,0,1,1,0,0,0,1,1,0,1,1,0,1,0,0,1,1,0,0.25,18.062419345818217,1
95,1,0,0,0,1,0,1,1,1,0,0,0,1,1,1,0,0,0,0,1,1,0,0,0,1,1,0,1,1,0,0,1,0,1,1,0,0.3055555555555556,23.35028027232264,1
96,1,0,1,1,0,1,0,0,0,1,1,1,1,0,1,0,0,1,1,0,0,1,1,1,0,0,1,0,1,0,0,1,1,0,0,1,0.3055555555555556,7.630769773011998,1
97,0,0,1,1,1,1,0,0,1,1,1,1,0,0,0,0,1,1,1,0,0,1,1,1,0,0,1,0,0,0,1,1,1,0,0,0,0.3055555555555556,10.804492842630362,1
98,1,1,0,0,1,0,1,0,1,0,0,1,1,1,1,0,1,0,0,1,1,0,0,1,1,0,0,1,1,0,0,1,0,1,1,0,0.2222222222222222,11.151362769466314,1
99,1,0,0,0,1,0,0,0,1,0,0,1,0,1,1,0,1,0,0,1,1,0,0,0,1,1,0,1,1,0,0,1,0,1,1,0,0.3611111111111111,15.206839723133044,1
