,0,1,2,3,4,5,6,7,8,9,10,11,12,13,14,15,16,17,18,19,20,21,22,23,24,25,26,27,28,29,30,31,32,33,34,35,chain_break_fraction,energy,num_occurrences
0,0,1,0,0,1,0,0,1,1,1,0,1,0,1,1,0,0,0,0,0,1,0,0,1,0,0,0,1,0,0,1,0,1,0,1,1,0.2777777777777778,19.125953131173404,1
1,0,1,0,0,1,0,0,1,1,1,0,1,0,1,0,0,0,0,0,0,1,0,0,1,0,0,0,1,0,0,1,0,1,0,1,1,0.3333333333333333,18.06295903172089,1
2,0,0,0,0,1,0,0,1,1,1,0,1,0,1,1,0,0,0,0,0,1,0,0,1,0,0,1,1,0,0,1,0,1,0,1,1,0.3055555555555556,15.729472237007805,1
3,0,0,0,0,1,0,0,1,1,1,0,1,0,1,1,0,0,0,0,0,1,0,0,1,0,0,0,1,0,0,1,0,1,0,1,1,0.3333333333333333,14.513717251073231,1
4,0,1,0,0,1,0,0,1,1,1,0,0,0,1,1,0,0,0,0,0,1,0,0,1,0,0,0,1,0,0,1,0,1,0,1,1,0.2777777777777778,16.894568051740965,1
5,0,1,0,0,1,0,0,1,1,1,0,1,0,1,1,0,0,0,0,0,1,0,0,1,0,0,0,1,0,0,1,0,1,0,1,1,0.3888888888888889,19.125953131173404,1
6,0,0,0,0,1,0,0,1,1,1,0,1,0,1,1,1,0,0,0,0,1,0,0,1,0,0,0,1,0,0,1,0,1,0,1,1,0.3611111111111111,18.635216000337127,1
7,0,1,0,0,1,0,0,1,1,1,0,1,0,1,1,0,0,0,0,0,1,0,0,1,0,0,0,1,0,0,1,0,1,0,1,1,0.25,19.125953131173404,1
8,0,0,0,0,1,0,0,1,1,1,0,1,0,1,1,1,0,0,0,0,1,0,0,1,0,0,0,1,0,0,1,0,1,0,1,1,0.3333333333333333,18.635216000337127,1
9,0,0,0,0,1,0,0,1,1,1,0,0,0,1,1,0,0,0,0,0,1,0,0,1,0,0,0,1,0,0,1,0,1,0,1,1,0.3055555555555556,14.282428605137197,1
10,0,1,0,0,1,0,0,1,1,1,0,0,0,1,1,0,0,0,0,0,1,0,0,1,0,0,0,1,0,0,1,0,1,0,1,1,0.3611111111111111,16.894568051740965,1
11,0,1,0,0,1,0,0,1,1,1,0,1,0,1,0,0,0,0,0,0,1,0,0,1,0,0,0,1,0,0,1,0,1,0,1,1,0.3333333333333333,18.06295903172089,1
12,0,0,0,0,1,0,0,1,1,1,0,0,0,1,1,0,0,0,0,0,1,0,0,1,0,0,0,1,0,0,1,0,1,0,0,1,0.2777777777777778,11.592640208995576,1
13,0,1,0,0,1,0,0,1,1,1,0,1,0,1,1,0,0,0,0,0,1,0,0,1,0,0,0,1,0,0,1,0,1,0,1,1,0.3333333333333333,19.125953131173404,1
14,0,0,0,0,1,0,0,1,1,1,0,1,0,1,1,0,0,0,0,0,1,0,0,1,0,0,0,1,0,0,1,0,1,0,1,1,0.25,14.513717251073231,1
15,0,1,0,0,1,0,0,1,1,1,0,1,0,1,0,0,0,0,0,0,1,0,0,1,0,0,0,1,0,0,1,0,1,0,1,1,0.25,18.06295903172089,1
16,0,0,0,0,1,0,0,1,1,1,0,1,0,1,1,0,0,0,0,0,1,0,0,1,0,0,0,1,0,0,1,0,1,0,0,1,0.2777777777777778,12.873835785156796,1
17,0,0,0,0,1,0,0,1,1,1,0,0,0,1,1,0,0,0,0,0,1,0,0,1,0,0,0,1,0,0,1,0,1,0,0,1,0.25,11.592640208995576,1
18,0,1,0,0,1,0,0,1,1,1,0,1,0,1,1,1,0,0,0,0,1,0,0,1,0,0,0,1,0,0,1,0,1,0,1,1,0.2777777777777778,25.251941330078484,1
19,0,1,0,0,1,0,0,1,1,1,0,0,0,1,1,0,0,0,0,0,1,0,0,1,0,0,0,1,1,0,1,0,1,0,1,1,0.3333333333333333,17.061461467567284,1
20,0,1,0,0,1,0,0,1,0,1,0,1,0,1,1,0,0,0,0,0,1,0,0,1,0,0,0,1,0,0,1,0,1,0,1,1,0.2777777777777778,17.10298156752119,1
21,0,0,0,0,1,0,0,1,1,1,0,1,0,1,1,0,0,0,0,0,1,0,0,1,0,0,0,1,0,0,1,0,1,0,0,1,0.2777777777777778,12.873835785156796,1
22,0,0,0,0,1,0,0,1,1,1,0,1,0,1,1,0,0,0,0,0,1,0,0,1,0,0,0,1,0,0,1,0,1,0,1,1,0.3055555555555556,14.513717251073231,1
23,0,0,0,0,1,0,0,1,1,1,0,0,0,1,1,0,0,0,0,0,1,0,0,1,0,0,1,1,0,0,1,0,1,0,0,1,0.2777777777777778,13.251371965300532,1
24,0,0,0,0,1,0,0,1,1,1,0,1,0,1,1,0,0,0,0,0,1,0,0,1,0,0,0,1,0,0,1,0,1,0,1,1,0.3055555555555556,14.513717251073231,1
25,0,1,0,0,1,0,0,1,1,1,0,1,0,1,1,0,0,0,0,0,1,0,0,1,0,0,0,1,0,0,1,0,1,0,1,1,0.3611111111111111,19.125953131173404,1
26,0,0,0,0,1,0,0,1,1,1,0,1,0,1,1,1,0,0,0,0,1,0,0,1,0,0,0,1,1,0,1,0,1,0,1,1,0.25,16.766502397809752,1
27,0,1,0,0,1,0,0,1,1,1,0,1,0,1,0,0,0,0,0,0,1,0,0,1,0,0,0,1,0,0,1,0,1,0,1,1,0.3055555555555556,18.06295903172089,1
28,0,0,0,0,1,0,0,1,1,1,0,0,0,1,1,0,0,0,0,0,1,0,0,1,0,0,0,1,1,0,1,0,1,0,1,1,0.3055555555555556,15.449723166960526,1
29,0,1,0,0,1,0,0,1,1,1,0,1,0,1,1,1,0,0,0,0,1,0,0,1,0,0,0,1,0,0,1,0,1,0,1,1,0.3611111111111111,25.251941330078484,1
30,0,1,0,0,1,0,0,1,1,1,0,1,0,1,1,0,0,0,0,0,1,0,0,1,0,0,0,1,0,0,1,0,1,0,1,1,0.2777777777777778,19.125953131173404,1
31,0,0,0,0,1,0,0,1,0,1,0,1,0,1,1,0,0,0,0,0,1,0,0,1,0,0,1,1,0,0,1,0,1,0,0,1,0.2777777777777778,12.509565255753987,1
32,0,0,0,0,1,0,0,1,0,1,0,0,0,1,1,1,0,0,0,0,1,0,0,1,0,0,0,1,0,0,1,0,1,0,0,1,0.2777777777777778,13.020575941306243,1
33,0,1,0,0,1,0,0,1,1,1,0,0,0,1,1,0,0,0,0,0,1,0,0,1,0,0,0,1,0,0,1,0,1,0,1,1,0.2777777777777778,16.894568051740965,1
34,0,1,0,0,1,0,0,1,0,1,0,1,0,1,1,0,0,0,0,0,1,0,0,1,0,0,0,1,1,0,1,0,1,0,1,1,0.2777777777777778,15.902542659634149,1
35,0,0,0,0,1,0,0,1,1,1,0,1,0,1,1,1,0,0,0,0,1,0,0,1,0,0,1,1,1,0,1,0,1,0,1,1,0.3055555555555556,17.482333120455657,1
36,0,0,0,0,1,0,0,1,0,1,0,1,0,1,1,1,0,0,0,0,1,0,0,1,0,0,0,1,0,0,1,0,1,0,0,1,0.3055555555555556,15.439444891548629,1
37,0,0,0,0,1,0,0,1,1,1,0,1,0,1,1,0,0,0,0,0,1,0,0,1,0,0,0,1,0,0,1,0,1,0,1,1,0.3333333333333333,14.513717251073231,1
38,0,1,0,0,1,0,0,1,1,1,0,0,0,1,0,0,0,0,0,0,1,0,0,1,0,0,0,1,0,0,1,0,1,0,1,1,0.3055555555555556,16.900418187531663,1
39,0,1,0,0,1,0,0,1,0,1,0,1,0,1,1,0,0,0,0,0,1,0,0,1,0,0,0,1,0,0,1,0,1,0,1,1,0.3055555555555556,17.10298156752119,1
40,0,1,0,0,1,0,0,1,0,1,0,0,0,1,1,0,0,0,0,0,1,0,0,1,0,0,0,1,1,0,1,0,1,0,1,1,0.2777777777777778,16.53854508161673,1
41,0,1,0,0,1,0,0,1,1,1,0,0,0,1,1,0,0,0,0,0,1,0,0,1,0,1,0,1,0,0,1,0,1,0,1,1,0.3611111111111111,21.836293292048893,1
42,0,0,0,0,1,0,0,1,1,1,0,1,0,1,1,0,0,0,0,0,1,0,0,1,0,0,1,1,0,0,1,0,1,0,0,1,0.2777777777777778,13.532523299665812,1
43,0,0,0,0,1,0,0,1,1,1,0,0,0,1,1,0,0,0,0,0,1,0,0,1,0,0,0,1,0,0,1,0,1,0,1,1,0.3611111111111111,14.282428605137197,1
44,0,0,0,0,1,0,0,1,1,1,0,1,0,1,1,0,0,0,0,0,1,0,0,1,0,0,0,1,0,0,1,0,1,0,1,1,0.3055555555555556,14.513717251073231,1
45,0,1,0,0,1,0,0,1,1,1,0,1,0,1,1,0,0,0,0,0,1,0,0,1,0,0,0,1,0,0,1,0,0,0,1,1,0.2777777777777778,20.103570608848152,1
46,0,0,0,0,1,0,0,1,1,1,0,0,0,1,1,1,0,0,0,0,1,0,0,1,0,0,1,1,0,0,1,0,1,0,0,1,0.25,15.24810358699229,1
47,0,1,0,0,1,0,0,1,1,1,0,1,0,1,1,0,0,0,0,0,1,0,0,1,0,0,0,1,0,0,1,0,1,0,1,1,0.3055555555555556,19.125953131173404,1
48,0,0,0,0,1,0,0,1,1,1,0,0,0,1,1,0,0,0,0,0,1,0,0,1,0,0,0,1,0,0,1,0,1,0,1,1,0.3055555555555556,14.282428605137197,1
49,0,0,0,0,1,0,0,1,1,1,0,0,0,1,1,0,0,0,0,0,1,0,0,1,0,0,0,1,1,0,1,0,1,0,0,1,0.25,12.204323746380158,1
50,0,1,0,0,1,0,0,1,1,1,0,1,0,1,0,0,0,0,0,0,1,0,0,1,0,0,0,1,0,0,1,0,1,0,1,1,0.4166666666666667,18.06295903172089,1
51,0,0,0,0,1,0,0,1,1,1,0,1,0,1,1,0,0,0,0,0,1,0,0,1,0,0,0,1,0,0,1,0,1,0,1,1,0.2777777777777778,14.513717251073231,1
52,0,1,0,0,1,0,0,1,1,0,0,0,0,1,1,0,0,0,0,0,1,0,0,1,0,0,0,1,0,0,1,0,1,0,1,1,0.3055555555555556,14.848655117247123,1
53,0,0,0,0,1,0,0,1,1,1,0,1,0,1,1,0,0,0,0,0,1,0,0,1,0,1,0,1,0,0,1,0,1,0,0,1,0.3888888888888889,16.500649976037472,1
54,0,1,0,0,1,0,0,1,1,1,0,0,0,1,1,0,0,0,0,0,1,0,0,1,0,0,0,1,0,0,1,0,1,0,1,1,0.3333333333333333,16.894568051740965,1
55,0,1,0,0,1,0,0,1,1,1,0,1,0,1,1,0,0,0,0,0,1,0,1,1,0,0,0,1,0,0,1,0,1,0,1,1,0.3055555555555556,20.300241103703883,1
56,0,1,0,0,1,0,0,1,1,1,0,1,0,1,1,0,0,0,0,0,1,0,0,1,0,0,0,1,0,0,1,0,1,0,1,1,0.2777777777777778,19.125953131173404,1
57,0,0,1,0,1,0,0,1,1,0,0,1,0,1,0,1,0,0,0,0,1,0,0,1,0,0,0,1,0,0,1,0,1,0,0,1,0.2222222222222222,11.147655625026161,1
58,0,0,0,0,1,0,0,1,0,1,0,0,0,1,1,0,0,0,0,0,1,0,0,1,0,0,0,1,1,0,1,0,1,0,1,1,0.25,15.926820909152669,1
59,0,0,0,0,1,0,0,1,0,1,0,0,0,1,1,0,0,0,0,0,1,0,0,1,0,0,0,1,0,0,1,0,1,0,1,1,0.2777777777777778,14.259486266032972,1
60,0,0,0,0,1,0,0,1,1,1,1,0,0,1,1,0,0,0,0,0,1,0,0,1,0,0,0,1,1,0,1,0,1,0,1,1,0.3055555555555556,13.63168128742367,1
61,0,1,0,0,1,0,0,1,1,1,0,1,0,1,1,1,1,0,0,0,1,0,0,1,0,0,0,1,0,0,1,0,1,0,1,1,0.3333333333333333,28.161917589050507,1
62,0,1,0,0,1,0,0,1,0,1,0,1,0,1,1,0,0,0,0,0,1,0,0,1,0,0,0,1,0,0,1,0,1,0,1,1,0.3611111111111111,17.10298156752119,1
63,0,1,0,0,1,0,0,1,0,1,0,1,0,1,0,0,0,0,0,0,1,0,0,1,0,0,0,1,0,0,1,0,1,0,1,1,0.3333333333333333,16.562917951104716,1
64,0,0,0,0,1,0,0,1,1,1,0,1,0,1,1,0,0,0,0,0,1,0,0,1,0,0,0,1,0,0,1,0,1,0,0,1,0.3333333333333333,12.873835785156796,1
65,0,1,0,0,1,0,0,1,1,1,0,0,0,1,1,0,0,0,0,0,1,0,0,1,0,0,0,1,0,0,1,0,1,0,1,1,0.3611111111111111,16.894568051740965,1
66,0,0,0,0,1,0,0,1,1,0,0,1,0,1,1,0,0,0,0,0,1,0,0,1,0,0,0,1,0,0,1,0,1,0,0,1,0.25,9.827919697253465,1
67,0,1,0,0,1,0,0,1,0,1,0,1,0,1,1,1,0,0,0,0,1,0,0,1,0,0,1,1,1,0,1,0,1,0,1,1,0.3055555555555556,19.995738080515363,1
68,0,0,0,0,1,0,0,1,0,1,0,1,0,1,1,0,0,0,0,0,1,0,0,1,0,0,0,1,0,0,1,0,1,0,0,1,0.25,11.350877741205128,1
69,0,0,0,0,1,0,0,1,0,1,0,1,0,1,0,0,0,0,0,0,1,0,0,1,0,0,0,1,0,0,1,0,1,0,1,1,0.3888888888888889,13.952940923967795,1
70,1,0,0,0,1,0,0,1,0,1,0,0,0,1,1,0,0,0,0,0,1,0,0,1,0,0,0,1,0,0,1,0,1,0,1,1,0.3611111111111111,14.06554892526351,1
71,0,0,0,0,1,0,0,1,0,1,0,0,0,1,1,0,0,0,0,0,1,0,0,1,0,0,0,1,0,0,1,0,1,0,0,1,0.3055555555555556,11.069697261449218,1
72,1,0,1,1,0,1,1,0,0,0,1,0,1,0,0,1,1,1,1,1,0,1,1,0,1,0,1,0,1,1,0,1,0,1,0,0,0.3055555555555556,21.740772853814683,1
73,0,0,1,0,1,0,0,1,1,1,0,1,0,1,1,0,1,0,0,0,1,0,1,1,0,0,0,1,0,0,1,0,1,0,1,1,0.3333333333333333,16.717971082118282,1
74,0,1,1,0,1,0,0,1,1,1,0,0,0,1,0,1,0,0,0,0,1,0,0,1,0,0,0,1,0,0,1,0,1,0,0,1,0.3055555555555556,18.662673646279913,1
75,0,0,0,0,1,0,0,1,0,1,0,1,0,1,1,0,0,0,0,0,1,0,0,1,0,0,0,1,1,0,1,0,1,0,1,1,0.3055555555555556,13.290722053673663,1
76,0,1,0,0,1,0,0,1,1,1,0,0,0,1,0,0,0,0,0,0,1,0,0,1,0,0,0,1,0,0,1,0,0,0,1,1,0.25,16.378021752220562,1
77,0,0,0,0,1,0,0,1,0,1,0,1,0,1,1,0,1,0,0,0,1,0,0,1,0,0,0,1,0,0,1,0,1,0,1,1,0.2777777777777778,13.713030765270467,1
78,0,0,0,0,0,0,0,1,1,1,0,1,0,1,1,0,0,0,0,0,1,0,0,1,0,0,0,1,0,0,1,0,1,0,1,1,0.2777777777777778,14.564190936338004,1
79,0,1,0,0,1,0,0,1,0,1,0,1,0,1,1,0,0,0,0,0,1,0,0,1,0,0,0,1,0,0,1,0,1,0,1,1,0.3888888888888889,17.10298156752119,1
80,1,0,1,1,0,1,1,0,0,0,1,0,1,0,0,1,1,1,1,1,0,1,1,0,1,0,1,0,0,1,0,1,0,1,0,0,0.25,20.32130978738529,1
81,0,0,0,0,1,0,0,1,1,0,1,0,0,1,1,1,0,0,0,0,1,0,0,1,0,0,0,1,0,0,1,0,1,0,1,1,0.3055555555555556,13.313105735367955,1
82,0,1,0,0,1,0,0,1,1,1,0,0,0,1,1,0,0,0,0,0,1,0,1,1,0,0,0,1,0,0,1,0,0,0,1,1,0.2777777777777778,18.765917778582597,1
83,0,0,0,0,1,0,0,1,1,0,0,1,0,1,1,0,0,0,0,0,1,0,0,1,0,0,0,1,0,0,1,0,0,0,0,1,0.3611111111111111,9.30381705038282,1
84,0,0,1,0,1,0,0,0,0,1,0,1,0,1,1,0,0,0,0,0,1,0,0,1,0,0,0,1,1,0,1,0,1,0,0,1,0.1388888888888889,9.122885661308878,1
85,0,0,0,0,1,0,0,1,0,1,0,0,0,1,1,0,0,0,0,0,1,0,0,1,0,0,0,1,1,0,1,0,0,0,1,1,0.1388888888888889,13.870449530406788,1
86,1,0,1,1,0,1,1,0,0,0,1,0,1,0,0,1,1,1,1,1,0,1,1,1,1,0,0,0,0,1,0,1,0,1,0,0,0.2222222222222222,28.63618541317745,1
87,1,0,1,0,1,0,0,1,1,1,0,1,0,1,1,0,0,0,0,0,1,0,0,1,0,0,0,1,0,0,1,0,0,0,1,1,0.3055555555555556,17.46592549553901,1
88,0,0,0,0,1,0,0,1,1,1,0,1,0,1,0,0,0,0,0,0,1,0,0,1,0,0,0,1,0,0,1,0,1,0,0,1,0.25,12.306621726948997,1
89,0,1,0,0,1,0,0,1,0,1,1,1,0,1,0,1,0,0,0,0,1,0,0,1,0,0,0,1,0,0,1,0,1,0,1,1,0.3333333333333333,21.793152293072886,1
90,1,0,0,0,1,0,0,1,0,1,0,0,0,1,1,0,0,0,0,0,1,0,0,1,0,0,0,1,1,0,1,0,0,0,1,1,0.3055555555555556,13.693286431006817,1
91,1,0,1,1,0,1,1,0,0,0,1,0,1,0,0,1,0,1,1,1,0,1,1,1,1,0,1,0,1,1,0,1,0,1,0,0,0.2777777777777778,33.34310138994287,1
92,0,1,1,0,1,0,0,0,1,1,0,1,0,1,1,1,0,0,0,0,1,0,0,1,0,0,0,1,0,1,1,0,0,0,0,1,0.19444444444444445,16.776864487642033,1
93,0,1,0,0,1,0,0,1,1,1,0,1,0,1,0,0,0,0,0,0,1,0,0,0,0,0,0,1,0,0,1,0,0,0,1,1,0.3055555555555556,18.16589981886126,1
94,0,0,0,0,0,0,0,1,0,1,0,1,0,1,0,0,0,0,0,0,1,0,0,1,0,0,0,1,0,0,1,0,0,0,1,1,0.25,13.41328496983815,1
95,1,0,0,1,0,1,1,0,0,0,1,1,1,0,0,1,1,1,1,1,0,1,1,1,0,0,0,0,1,1,0,1,0,1,0,0,0.2777777777777778,26.48070841043817,1
96,1,0,1,1,0,1,1,0,0,0,1,0,1,0,0,1,1,1,1,1,0,1,1,0,1,0,1,0,0,1,1,1,0,1,0,0,0.2777777777777778,23.26708753897411,1
97,1,0,0,1,0,1,1,0,0,0,1,0,1,0,0,1,0,0,1,1,0,1,1,0,0,0,0,0,0,1,0,0,0,1,0,0,0.16666666666666666,11.672299265800207,1
98,1,1,0,0,1,0,0,1,0,1,0,0,0,1,1,0,0,0,0,1,1,0,1,1,0,0,0,1,0,0,1,0,1,0,0,1,0.3333333333333333,24.8455995310208,1
99,1,0,1,1,0,1,1,0,0,0,1,0,1,0,0,1,0,1,1,1,0,1,1,1,1,0,1,0,1,1,0,1,0,1,0,0,0.3333333333333333,33.34310138994287,1
