,0,1,2,3,4,5,6,7,8,9,10,11,12,13,14,15,16,17,18,19,20,21,22,23,24,25,26,27,28,29,30,31,32,33,34,35,chain_break_fraction,energy,num_occurrences
0,1,0,0,1,0,0,1,1,0,1,0,1,0,0,1,1,0,0,0,0,0,1,1,1,1,1,1,1,0,0,1,1,1,0,0,0,0.3611111111111111,15.000096895331145,1
1,1,0,0,1,0,0,0,1,0,1,0,1,0,0,1,1,0,0,0,0,0,1,1,1,1,1,1,1,0,0,1,1,1,0,0,0,0.3611111111111111,15.497760214393821,1
2,1,0,0,1,0,0,1,1,0,1,0,1,0,0,0,1,0,1,0,0,0,1,1,1,1,1,1,1,0,0,1,1,1,0,0,0,0.3888888888888889,15.64014650075392,1
3,0,1,1,1,1,1,0,0,1,0,1,0,1,1,1,0,1,0,1,1,1,0,0,1,0,1,0,0,1,1,0,0,0,1,1,1,0.3333333333333333,15.093670551191739,1
4,1,0,0,1,0,0,1,1,0,1,0,1,0,0,1,1,0,0,0,0,0,1,1,1,1,1,1,1,0,0,1,1,1,0,0,0,0.4166666666666667,15.000096895331145,1
5,1,0,0,1,0,0,1,1,0,1,0,1,0,0,1,1,0,0,0,0,0,1,1,1,1,1,1,1,0,0,1,1,1,0,0,0,0.3611111111111111,15.000096895331145,1
6,0,1,1,1,1,1,0,0,1,0,1,0,1,1,1,0,1,1,1,1,0,0,0,1,0,1,0,0,1,1,0,0,0,1,1,1,0.3055555555555556,13.10043974743413,1
7,0,1,1,1,1,1,0,0,1,0,1,0,1,1,0,0,1,0,1,1,0,0,0,1,0,1,0,0,1,1,0,0,0,1,1,1,0.3611111111111111,15.220555358509735,1
8,1,0,0,1,0,0,1,1,0,1,0,1,0,0,1,1,0,0,0,0,0,1,1,1,0,1,1,1,0,0,1,1,1,0,0,0,0.3611111111111111,13.524809407048187,1
9,0,1,1,1,1,1,0,0,1,0,1,0,1,1,1,0,1,1,1,1,1,0,0,1,0,0,0,0,1,1,0,0,0,1,1,1,0.3333333333333333,15.254492385375165,1
10,0,1,1,1,1,1,0,0,1,0,1,0,1,1,1,0,1,0,1,1,1,0,0,1,0,0,1,0,1,1,0,0,0,1,1,1,0.3055555555555556,15.309788106802891,1
11,0,1,1,1,1,1,0,0,1,0,1,0,1,1,1,0,1,1,1,1,1,0,0,1,0,1,0,0,1,1,0,0,0,1,1,1,0.3055555555555556,14.009694165648785,1
12,0,1,1,1,1,1,0,0,1,0,1,0,1,1,1,0,1,0,1,1,0,0,0,1,0,1,0,0,1,1,0,0,0,1,1,1,0.4166666666666667,13.180516821484524,1
13,1,0,0,1,0,0,1,1,0,1,0,1,0,0,1,1,0,0,0,0,0,1,1,1,1,1,1,1,0,0,1,1,1,0,0,0,0.3333333333333333,15.000096895331145,1
14,1,0,0,1,0,0,1,1,0,1,0,1,0,0,1,1,0,1,0,0,0,1,0,1,1,1,0,1,0,0,1,1,1,0,0,0,0.3333333333333333,14.526100059091066,1
15,1,0,0,1,0,0,1,1,0,1,0,1,0,0,0,1,0,0,0,0,0,1,1,1,1,1,0,1,0,0,1,1,1,0,0,0,0.3611111111111111,13.674492599861281,1
16,0,1,1,0,1,1,0,0,1,0,1,0,1,1,1,0,1,1,1,1,0,0,0,1,0,1,0,0,1,1,0,0,0,1,1,1,0.2777777777777778,9.062471655916369,1
17,1,0,0,1,0,0,0,1,0,1,0,1,0,0,1,1,0,0,0,0,0,1,1,1,1,1,1,1,0,0,1,1,1,0,0,0,0.3611111111111111,15.497760214393821,1
18,0,1,1,1,1,1,0,0,1,0,1,0,1,1,1,0,1,0,1,1,0,0,0,1,0,1,0,0,1,1,0,0,0,1,1,1,0.3611111111111111,13.180516821484524,1
19,1,0,0,1,1,0,0,1,0,1,0,1,0,0,1,1,0,1,0,0,0,1,1,1,1,1,1,1,0,0,1,1,1,0,0,0,0.3333333333333333,15.525513176543212,1
20,1,0,0,1,0,0,1,1,0,1,0,1,0,0,1,1,0,0,0,0,1,1,1,0,1,1,1,1,0,0,1,1,1,0,0,0,0.3611111111111111,11.38492013188489,1
21,1,0,0,1,0,0,1,1,0,1,0,1,0,0,0,1,0,0,0,0,0,1,0,1,1,1,1,1,0,0,1,1,1,0,0,0,0.3611111111111111,13.242920870715826,1
22,0,1,1,0,1,1,0,0,1,0,1,0,1,1,1,0,1,0,1,1,0,0,0,1,0,0,0,0,1,1,0,0,0,1,1,1,0.2777777777777778,9.1786053464329,1
23,0,1,1,1,1,1,0,0,1,0,1,0,1,1,1,0,1,1,1,1,1,0,0,1,0,1,0,0,1,1,0,0,0,1,1,1,0.3611111111111111,14.009694165648785,1
24,1,0,0,1,0,0,1,1,0,1,0,1,0,0,0,1,0,1,0,0,0,1,1,1,0,1,1,1,0,0,1,1,1,0,0,0,0.3055555555555556,14.664965563220479,1
25,1,0,0,1,0,0,1,1,0,1,0,1,0,0,1,1,0,0,0,0,0,1,1,1,1,1,0,1,0,0,1,1,1,0,0,0,0.3611111111111111,12.976917228776198,1
26,1,0,0,1,0,0,0,1,0,1,1,1,0,0,1,1,0,1,0,0,0,1,1,1,1,1,1,1,0,0,1,1,1,0,0,0,0.4166666666666667,13.389944061541415,1
27,0,1,1,1,1,1,0,0,1,0,1,0,1,1,1,0,1,0,1,1,1,0,0,1,0,1,0,0,1,1,0,0,0,1,1,1,0.3611111111111111,15.093670551191739,1
28,0,1,1,1,1,1,0,0,1,0,1,0,1,1,1,0,1,0,1,1,0,0,0,1,0,1,1,0,1,1,0,0,0,1,1,1,0.3888888888888889,14.620929235233955,1
29,0,1,1,1,0,1,0,0,1,0,1,0,1,1,1,0,1,0,1,1,0,0,0,1,0,1,0,0,1,1,0,0,0,1,1,1,0.3055555555555556,12.327047545617923,1
30,1,0,0,1,0,0,1,1,0,1,0,1,0,0,0,1,0,1,0,0,0,1,0,1,1,1,1,1,0,0,1,1,1,0,0,0,0.4166666666666667,13.526919393053927,1
31,0,1,1,0,1,1,0,0,1,0,1,0,1,1,1,0,1,0,1,1,1,0,0,1,0,1,0,0,1,1,0,0,0,1,1,1,0.3888888888888889,14.055783476423382,1
32,0,1,1,1,1,1,1,0,1,0,1,0,1,0,1,0,1,0,1,1,1,0,0,1,0,1,0,0,1,1,0,0,0,1,1,1,0.2777777777777778,13.598686795189248,1
33,0,1,1,1,1,1,0,0,1,0,1,0,1,1,1,0,1,1,1,1,0,0,0,1,0,1,0,0,1,1,0,0,0,1,1,1,0.3055555555555556,13.10043974743413,1
34,1,0,0,1,0,0,0,1,0,1,0,1,0,0,1,1,0,1,0,0,0,1,1,1,1,1,1,1,0,0,1,1,1,0,0,0,0.3888888888888889,15.777858842043818,1
35,1,0,0,1,0,0,0,1,0,1,0,1,0,0,1,1,0,1,0,0,0,1,0,1,0,1,1,1,0,0,1,1,1,0,0,0,0.2777777777777778,13.198739239627262,1
36,0,1,1,1,1,1,0,0,1,0,1,0,1,1,1,0,1,0,1,1,0,0,0,1,0,1,0,0,1,1,0,0,0,1,1,1,0.25,13.180516821484524,1
37,1,0,0,1,0,0,0,1,0,1,0,1,0,0,0,1,0,0,0,0,0,1,1,1,1,1,0,1,0,0,1,1,1,0,0,0,0.3611111111111111,14.172156207517277,1
38,0,1,1,1,1,1,0,0,1,0,1,0,0,1,1,0,1,1,1,1,1,0,0,1,0,1,0,0,1,1,0,0,1,1,1,1,0.2777777777777778,13.240129170451862,1
39,1,0,0,1,0,0,0,1,0,1,0,1,0,0,1,1,0,0,0,0,1,1,1,1,1,1,0,1,0,0,1,1,1,0,0,0,0.3888888888888889,16.534146283841952,1
40,0,1,1,1,1,1,0,0,1,0,1,0,1,1,1,0,1,0,1,1,0,0,0,1,0,1,0,0,1,1,0,0,0,1,1,1,0.3611111111111111,13.180516821484524,1
41,1,0,0,1,0,0,1,1,0,1,0,1,0,0,1,1,0,1,0,0,0,1,1,1,1,1,0,1,0,0,1,1,1,0,0,0,0.3888888888888889,15.581766486606012,1
42,1,0,0,0,0,0,0,1,0,1,0,1,0,0,1,1,0,0,0,0,0,1,0,1,1,1,0,1,0,0,1,1,1,0,0,0,0.3333333333333333,11.743329222010507,1
43,1,0,0,0,0,0,1,1,0,1,0,1,0,0,0,1,0,1,0,0,0,1,1,1,1,1,1,1,0,0,1,1,1,0,0,0,0.3611111111111111,16.969715261997035,1
44,0,1,1,1,1,1,0,0,1,0,1,0,1,1,1,0,1,0,1,1,0,0,0,1,0,1,0,0,1,1,0,0,0,1,1,1,0.3333333333333333,13.180516821484524,1
45,1,0,0,1,0,0,1,1,0,1,1,1,0,0,1,1,0,1,0,0,0,1,1,1,1,1,1,1,0,0,1,1,1,0,0,0,0.4444444444444444,14.392281325889602,1
46,1,0,0,1,0,0,0,1,0,1,0,1,0,0,1,1,0,1,0,0,1,1,1,0,1,1,1,1,0,0,1,1,1,0,0,0,0.3333333333333333,12.666581390090137,1
47,0,1,1,1,1,1,0,0,1,0,1,0,1,1,1,0,1,0,1,1,1,0,0,1,0,1,0,0,1,1,0,0,0,1,1,1,0.3888888888888889,15.093670551191739,1
48,1,0,0,1,0,0,1,1,0,1,0,1,0,0,1,1,0,0,0,0,0,1,1,1,1,1,0,1,0,0,1,1,1,0,0,1,0.3611111111111111,14.490091439134225,1
49,0,1,1,1,0,1,0,0,1,0,1,0,1,1,1,0,1,0,1,1,0,0,0,1,0,0,0,0,1,1,0,0,0,1,1,1,0.3333333333333333,11.464326777292943,1
50,0,1,1,1,0,1,0,0,1,0,1,0,1,1,1,0,1,1,1,1,0,0,0,1,0,1,0,0,1,1,0,0,1,1,1,1,0.3333333333333333,10.973105973106595,1
51,0,1,1,0,1,1,0,0,1,0,1,0,1,1,0,0,1,1,1,1,1,0,0,1,0,1,0,0,1,1,0,0,0,1,1,1,0.3611111111111111,12.513761792348333,1
52,1,0,0,1,0,0,1,1,0,1,0,1,0,0,0,1,0,1,0,0,1,1,1,1,0,1,0,1,0,0,1,1,1,0,0,0,0.4166666666666667,15.866683716746728,1
53,1,0,0,1,0,0,0,1,0,1,0,1,0,0,0,1,0,1,0,0,1,1,0,1,1,1,1,1,0,0,1,1,1,0,0,0,0.3333333333333333,15.637809528218817,1
54,1,0,0,1,0,0,1,1,0,1,0,1,1,0,1,1,0,0,0,0,0,1,1,1,1,1,1,1,0,0,1,1,1,0,0,0,0.4166666666666667,13.998711273525263,1
55,1,0,0,1,0,0,0,1,0,1,0,1,1,0,1,1,0,0,0,0,0,1,0,1,1,1,1,1,0,0,1,1,1,0,0,0,0.3333333333333333,11.381474941276027,1
56,1,0,0,1,0,0,0,1,0,1,0,1,0,0,1,1,0,0,0,0,0,1,1,1,1,1,1,1,0,0,1,1,1,0,0,0,0.3055555555555556,15.497760214393821,1
57,0,1,1,1,1,1,0,0,1,0,1,0,1,1,1,0,1,1,1,1,1,0,0,1,0,1,0,0,1,1,0,0,0,1,1,1,0.4166666666666667,14.009694165648785,1
58,0,1,1,1,0,1,1,0,1,0,1,0,1,1,1,0,1,1,1,1,1,0,0,1,0,0,0,0,1,1,0,0,0,1,1,1,0.3055555555555556,13.775555854263061,1
59,1,0,0,1,0,0,1,1,0,1,0,1,0,0,1,1,0,0,0,0,0,1,1,1,1,1,1,1,0,0,1,1,1,0,0,0,0.3333333333333333,15.000096895331145,1
60,0,1,1,1,0,1,1,0,1,0,1,0,1,1,1,0,1,0,1,1,1,0,0,1,0,0,0,0,1,1,0,0,1,1,1,1,0.3333333333333333,13.576554531502822,1
61,0,1,1,1,1,1,0,0,1,0,1,0,1,1,1,0,1,1,1,1,1,0,0,1,0,1,0,0,1,1,0,0,0,1,1,1,0.3333333333333333,14.009694165648785,1
62,1,0,0,1,1,0,1,1,0,1,1,1,0,0,1,1,0,0,0,0,0,1,1,1,1,1,1,1,0,0,1,1,1,0,0,0,0.3333333333333333,11.640920740398427,1
63,1,0,0,1,0,0,0,1,0,1,0,1,0,0,0,1,0,1,0,0,0,1,0,0,1,1,1,1,0,0,1,1,1,0,0,0,0.3611111111111111,9.798128205118877,1
64,1,0,0,0,0,0,1,1,0,1,0,1,1,0,0,1,0,0,0,0,0,1,1,1,1,1,1,1,0,0,1,1,1,0,0,0,0.3055555555555556,17.188297411948685,1
65,1,0,0,1,0,0,1,1,0,1,0,1,0,0,0,1,0,1,0,0,0,1,1,1,1,1,0,1,0,0,1,1,1,0,0,0,0.3333333333333333,14.279341857691103,1
66,1,0,0,0,0,0,1,1,0,1,0,1,1,0,1,1,0,0,0,0,0,1,1,1,1,1,1,1,0,0,1,1,1,0,0,0,0.3611111111111111,15.328313526071854,1
67,0,1,1,1,1,1,0,0,1,0,1,0,1,1,1,0,1,1,1,1,0,0,0,1,1,0,0,0,1,1,0,0,0,1,1,1,0.3055555555555556,13.230071093622183,1
68,0,1,1,0,1,1,0,0,1,0,1,0,1,1,1,0,1,0,1,1,1,0,0,1,0,1,1,0,1,1,0,0,0,1,1,1,0.2777777777777778,17.05308080281253,1
69,1,0,0,1,0,0,1,1,0,1,0,1,0,0,1,1,0,0,0,0,0,1,1,1,1,1,1,1,0,0,1,1,1,0,0,0,0.3888888888888889,15.000096895331145,1
70,0,1,1,1,1,1,0,0,1,0,1,0,1,0,1,0,1,0,1,1,0,0,0,1,0,0,0,0,1,1,0,0,0,1,1,1,0.3055555555555556,10.442646033694729,1
71,1,0,0,1,0,0,1,1,0,1,0,1,0,0,0,1,0,1,0,0,0,0,1,1,1,1,1,1,0,0,1,1,1,0,0,0,0.4166666666666667,11.413692285353957,1
72,1,0,0,1,0,0,0,1,0,1,0,1,0,0,1,1,0,1,0,0,0,0,0,1,1,1,0,1,0,0,1,1,1,0,0,0,0.3055555555555556,11.912429936923887,1
73,0,1,1,1,1,1,1,0,1,0,1,0,1,1,1,0,1,0,1,1,0,0,0,1,1,1,0,0,1,1,0,0,0,1,1,1,0.2777777777777778,13.55226762697292,1
74,1,0,0,1,0,0,1,1,0,1,0,1,1,0,1,1,0,1,0,0,0,1,0,1,0,1,1,1,0,0,1,1,1,0,0,0,0.4166666666666667,15.699968055779115,1
75,1,0,0,1,0,0,1,1,0,1,0,1,0,0,1,1,0,0,0,0,0,1,0,1,0,1,1,1,0,0,1,1,1,0,0,0,0.3888888888888889,11.416864879926798,1
76,0,1,1,1,0,1,0,0,1,0,1,0,1,1,1,0,1,1,1,1,1,0,0,1,1,0,0,0,1,1,0,0,0,1,1,1,0.2222222222222222,11.7127668276558,1
77,0,1,1,1,1,1,0,0,1,0,1,0,1,1,1,0,1,1,1,1,0,0,0,1,1,1,0,0,1,1,0,0,0,1,1,1,0.3055555555555556,12.970808401246078,1
78,0,1,1,1,1,1,0,0,1,0,1,0,0,1,1,0,1,1,1,1,1,0,0,1,0,0,1,0,1,1,0,0,0,1,1,1,0.3333333333333333,13.403411360276301,1
79,1,0,0,1,0,0,0,1,0,1,0,1,0,0,1,1,0,1,0,0,1,1,0,0,1,1,1,1,0,0,1,1,1,0,0,0,0.2777777777777778,11.555303938136419,1
80,0,1,1,1,1,1,1,0,1,0,1,0,1,1,0,0,1,0,1,1,1,0,0,1,0,1,0,0,1,1,0,0,0,1,1,1,0.3888888888888889,16.636827502546673,1
81,1,0,0,0,0,0,0,1,0,1,0,1,1,0,1,1,0,0,0,0,0,1,1,1,0,1,1,1,0,0,1,1,1,0,0,0,0.3055555555555556,13.739266076747262,1
82,1,0,0,1,0,0,0,1,0,1,1,1,1,0,0,1,0,0,0,0,0,1,1,1,0,1,0,1,0,0,1,1,1,0,0,0,0.2777777777777778,8.95304122658075,1
83,0,1,1,1,1,1,0,0,1,0,1,0,1,1,1,0,1,0,1,1,0,0,0,1,0,1,0,0,1,1,0,0,0,1,1,1,0.2777777777777778,13.180516821484524,1
84,1,0,0,0,0,0,1,1,0,1,0,1,0,0,0,1,0,0,0,0,0,1,1,1,1,0,0,1,0,0,1,1,1,0,0,1,0.2777777777777778,14.345734944310461,1
85,1,0,0,1,0,0,1,1,0,1,1,1,1,0,0,1,0,0,0,0,1,1,1,1,1,1,1,1,0,0,1,1,1,0,0,0,0.4166666666666667,14.634939443540663,1
86,0,1,0,1,1,1,1,0,1,0,1,0,1,1,1,0,1,0,1,1,0,0,0,1,1,0,0,0,1,1,0,0,0,1,1,1,0.25,10.736441805033389,1
87,1,0,0,1,0,0,1,1,0,1,0,1,0,0,0,1,0,1,0,0,0,1,0,1,1,1,0,1,0,0,1,1,1,0,0,0,0.2777777777777778,12.72172577442987,1
88,1,0,0,1,0,0,0,1,0,1,0,1,0,0,0,1,0,1,0,0,0,1,1,1,1,1,0,1,0,0,1,1,1,0,0,0,0.3333333333333333,13.777004882151605,1
89,1,0,0,1,0,0,0,1,0,1,0,1,0,0,0,1,0,1,0,0,0,1,1,1,1,1,1,1,0,0,1,1,1,0,0,0,0.3611111111111111,15.637809528218817,1
90,0,1,1,1,1,1,0,0,1,0,1,0,1,1,1,0,1,0,1,1,1,0,0,1,0,1,1,0,1,1,0,0,0,1,1,1,0.3055555555555556,17.089693989379917,1
91,0,1,1,1,1,1,0,0,1,0,1,0,1,1,1,0,1,1,1,1,1,0,0,0,0,1,0,0,1,1,0,0,0,1,1,0,0.3333333333333333,16.740285459571936,1
92,1,0,0,1,0,0,1,1,0,1,0,1,1,0,1,1,0,1,0,0,1,1,1,0,1,1,1,1,0,0,1,1,1,0,0,0,0.4166666666666667,14.167810144559322,1
93,0,1,1,0,1,1,0,0,1,0,1,0,1,1,1,0,1,0,1,1,1,0,0,1,0,1,0,0,1,1,0,0,0,1,1,1,0.3333333333333333,14.055783476423382,1
94,1,0,0,1,0,0,1,1,0,1,0,1,0,0,0,1,0,0,1,0,0,1,1,1,1,1,1,1,0,0,1,1,1,0,0,0,0.3055555555555556,19.818480934761972,1
95,0,1,1,0,1,1,0,0,0,0,1,0,1,1,1,0,1,1,1,1,0,0,0,1,1,0,0,0,1,1,0,0,0,1,1,1,0.3055555555555556,8.113376033209022,1
96,1,0,0,1,0,0,0,1,0,1,0,1,1,0,1,1,0,0,0,0,0,1,1,0,1,1,1,1,0,0,1,1,1,0,0,0,0.4166666666666667,8.766575289964111,1
97,0,1,1,0,1,0,0,0,1,0,1,0,0,0,1,0,1,0,1,1,0,0,0,1,0,0,0,0,1,1,0,0,1,1,0,1,0.16666666666666666,11.583399470456943,1
98,1,0,0,1,0,0,0,1,0,1,0,1,0,0,1,1,0,0,0,0,0,1,0,0,1,1,0,1,1,0,1,1,0,0,0,0,0.3055555555555556,9.341923783343454,1
99,1,0,0,1,0,0,1,1,0,1,0,1,0,0,1,1,0,0,0,0,0,1,0,1,0,1,1,1,0,0,1,1,1,0,0,0,0.3611111111111111,11.416864879926798,1
