,0,1,2,3,4,5,6,7,8,9,10,11,12,13,14,15,16,17,18,19,20,21,22,23,24,25,26,27,28,29,30,31,32,33,34,35,chain_break_fraction,energy,num_occurrences
0,1,0,0,1,0,1,1,0,0,0,1,0,1,1,1,0,1,0,0,0,0,1,0,0,0,1,1,0,0,0,1,1,1,0,1,0,0.2777777777777778,17.289113059286855,1
1,1,0,0,1,0,1,1,0,0,0,0,0,1,1,1,0,0,1,0,0,0,1,0,0,0,1,1,0,0,0,1,1,1,0,0,1,0.25,21.06924101537717,1
2,1,0,0,1,0,1,1,0,0,0,0,0,1,1,1,0,1,0,0,0,0,1,0,0,0,1,1,0,0,0,1,1,1,0,0,0,0.2222222222222222,16.093857710657733,1
3,1,0,0,1,0,1,1,0,0,0,0,0,1,1,1,0,1,1,0,0,0,0,0,0,0,1,1,0,0,0,1,1,1,0,0,0,0.2222222222222222,23.066043552992735,1
4,1,0,0,1,0,1,1,0,0,0,0,0,1,1,1,0,1,1,0,0,0,1,0,0,0,1,1,0,0,0,1,1,1,0,0,0,0.2777777777777778,21.317371240370672,1
5,1,0,0,1,0,1,1,0,0,0,0,0,1,1,1,0,1,0,0,0,0,1,1,0,0,1,1,0,0,0,1,1,1,0,0,0,0.25,15.321612687798082,1
6,1,0,0,1,0,1,1,0,0,0,0,0,1,1,1,0,1,0,0,0,0,1,0,0,0,1,1,0,0,0,1,1,1,0,1,0,0.3333333333333333,16.78004548839001,1
7,0,1,1,0,1,1,0,1,1,1,0,1,0,0,0,0,0,0,1,1,1,1,1,1,1,0,0,0,1,1,0,0,0,1,0,0,0.2777777777777778,20.80668887543348,1
8,1,0,0,0,0,1,1,0,0,1,0,0,1,1,1,0,1,1,0,0,0,1,0,0,0,1,1,0,0,0,1,1,1,0,1,0,0.3055555555555556,21.93638949922969,1
9,1,0,0,1,0,1,1,0,0,0,0,0,1,1,1,0,1,0,0,0,0,1,1,0,0,1,1,0,0,0,1,1,1,0,1,0,0.2222222222222222,16.508218111092525,1
10,1,0,0,1,0,1,1,0,0,0,0,0,1,1,1,0,1,0,0,0,0,1,0,0,0,1,1,0,0,0,1,1,1,0,1,0,0.2777777777777778,16.78004548839001,1
11,1,0,0,1,0,1,1,0,0,0,1,0,1,1,1,0,1,1,0,0,0,1,0,0,0,1,1,0,0,0,1,1,1,0,1,1,0.2777777777777778,24.858755095724963,1
12,1,0,0,1,0,1,1,0,0,0,0,0,1,1,1,0,1,0,0,0,0,0,0,0,0,1,1,0,0,0,1,1,1,0,1,1,0.25,18.118640776371087,1
13,0,0,1,0,1,1,0,1,1,1,0,1,0,0,0,0,0,0,1,1,1,1,0,1,1,0,0,0,1,1,0,0,0,1,0,0,0.25,17.726893112379678,1
14,1,0,0,0,0,1,1,0,0,0,0,0,1,1,1,0,1,0,0,0,0,1,0,0,0,1,1,0,0,0,1,1,1,0,0,0,0.2222222222222222,15.558152135765564,1
15,1,0,0,1,0,1,1,0,0,0,0,0,1,1,1,0,1,0,0,0,0,1,0,0,0,1,1,0,0,0,1,1,1,0,1,0,0.3333333333333333,16.78004548839001,1
16,0,0,1,0,1,1,1,1,1,1,0,1,0,0,0,0,0,0,1,1,1,1,1,1,1,0,0,0,1,0,0,0,0,1,0,0,0.25,16.054103439447115,1
17,1,0,0,1,0,1,1,0,0,0,0,0,0,1,1,0,1,0,0,0,0,1,0,0,0,1,1,0,0,0,1,1,1,0,1,0,0.2777777777777778,14.312759135721683,1
18,1,0,0,1,0,1,1,0,0,0,0,0,1,1,1,0,1,1,0,0,0,1,0,0,0,1,1,0,0,0,1,1,1,0,0,0,0.2222222222222222,21.317371240370672,1
19,0,0,0,1,0,1,1,0,0,0,0,0,1,1,1,0,1,1,0,0,0,1,0,0,0,1,1,0,0,0,1,1,1,0,1,0,0.3611111111111111,17.527523649804188,1
20,1,0,0,1,0,1,1,0,0,0,0,0,1,1,1,0,1,1,0,0,0,1,1,0,0,1,1,0,0,0,1,1,1,0,0,0,0.3055555555555556,19.545071305789282,1
21,1,0,0,1,0,1,1,0,0,0,0,0,1,1,1,0,1,0,0,0,0,1,1,0,0,1,1,0,0,0,1,1,1,0,1,0,0.2777777777777778,16.508218111092525,1
22,1,0,0,1,0,1,1,0,0,0,0,0,1,1,1,0,1,1,0,0,0,1,0,0,0,1,1,0,0,0,1,1,1,0,1,0,0.3055555555555556,20.99481000250136,1
23,1,0,0,0,0,1,1,0,0,1,0,0,1,1,0,0,1,1,0,0,0,1,0,0,0,1,1,0,0,0,1,1,1,0,0,0,0.25,20.719386663318467,1
24,0,0,1,0,1,1,0,1,1,1,1,1,0,0,0,0,0,0,1,1,1,1,1,1,1,0,0,0,1,1,0,0,0,1,0,0,0.2222222222222222,19.064793152379075,1
25,1,0,0,0,0,1,1,0,0,0,1,0,1,1,1,0,1,1,0,0,0,1,0,0,0,1,1,0,0,0,1,1,1,0,1,1,0.3055555555555556,25.826581703521324,1
26,1,0,1,1,0,1,1,0,0,0,1,0,1,1,1,0,1,0,0,0,0,1,0,0,0,1,1,0,0,0,1,1,1,0,0,0,0.3055555555555556,18.870778070044246,1
27,0,1,1,0,1,1,0,1,1,1,0,1,0,0,1,0,0,0,1,1,1,1,1,1,1,0,0,0,1,1,0,0,0,1,0,0,0.3055555555555556,19.371102734034135,1
28,0,0,0,1,0,1,1,0,0,0,0,0,1,1,1,0,1,0,0,0,0,0,1,0,0,1,1,0,0,0,1,1,1,0,1,0,0.25,10.988626921946336,1
29,0,1,1,0,1,1,0,1,1,1,1,1,0,0,0,1,1,0,1,1,1,1,1,1,1,0,0,1,1,1,0,0,0,1,0,0,0.3333333333333333,24.073611359332048,1
30,0,0,1,0,1,1,0,1,1,1,0,1,0,0,0,1,0,0,1,1,1,1,0,1,1,0,0,0,1,1,0,0,0,1,0,0,0.2222222222222222,15.802050930556257,1
31,1,0,0,1,0,1,1,0,0,0,0,0,1,1,1,0,1,0,0,0,1,1,0,0,0,1,1,0,0,0,1,1,1,0,1,0,0.3055555555555556,18.536129443839414,1
32,0,1,1,1,1,1,0,1,1,1,1,1,0,0,0,0,0,0,1,1,1,0,1,1,1,0,0,1,1,1,0,0,0,1,0,0,0.3055555555555556,19.895601686678596,1
33,0,0,0,1,0,1,1,0,0,0,0,0,1,1,0,0,1,0,0,0,0,1,0,0,0,1,1,0,0,0,1,1,1,0,1,0,0.3055555555555556,14.965274881886982,1
34,0,0,1,0,1,1,0,1,1,1,1,1,0,0,1,0,0,0,1,1,1,1,1,1,1,0,0,0,1,1,0,0,0,1,0,0,0.25,17.1023720611908,1
35,0,0,1,0,1,1,0,1,1,1,0,1,0,0,0,0,0,0,1,1,0,1,1,1,1,0,0,0,1,0,0,0,0,1,0,0,0.2222222222222222,13.288416134800181,1
36,1,0,0,0,0,1,1,0,0,0,1,0,1,1,1,0,1,1,0,0,0,1,0,0,0,0,1,0,0,0,1,1,1,0,0,1,0.2777777777777778,18.67303175934687,1
37,0,1,0,0,1,1,0,1,1,1,1,1,0,0,0,1,0,0,1,1,1,0,1,1,1,0,0,0,1,1,0,0,0,1,0,0,0.25,16.94254741588648,1
38,0,0,0,1,0,1,1,0,0,0,1,0,1,1,0,0,1,0,0,0,0,1,1,0,0,1,1,0,0,0,1,1,1,0,0,0,0.2222222222222222,13.01251150365277,1
39,0,0,0,1,0,1,1,0,0,0,0,0,0,1,1,0,1,0,0,0,0,0,1,0,0,1,1,0,0,0,1,1,1,0,0,0,0.25,8.054964368818728,1
40,0,0,0,1,0,1,1,0,0,0,0,0,1,1,1,0,1,1,0,0,0,1,0,0,0,1,1,0,0,0,1,1,1,0,0,1,0.3055555555555556,19.705191287357053,1
41,0,1,1,0,1,1,0,1,1,1,0,1,0,0,0,1,0,0,1,1,1,1,1,1,1,0,0,1,1,1,0,0,0,1,0,0,0.3333333333333333,24.279660797327907,1
42,0,0,1,1,1,1,0,1,1,1,0,1,0,0,0,1,1,0,0,1,1,1,1,1,1,0,0,0,1,1,0,0,0,1,0,0,0.19444444444444445,16.193709847843834,1
43,0,0,0,1,0,1,1,0,0,0,1,0,1,1,0,0,1,0,0,0,0,0,1,0,0,1,1,0,0,0,1,1,1,0,0,0,0.25,10.556696874641903,1
44,0,1,1,0,1,1,0,1,1,1,0,1,0,0,0,1,0,0,1,1,0,0,1,1,1,0,0,0,1,1,0,0,0,1,0,0,0.2777777777777778,15.465914059821516,1
45,0,1,1,1,1,1,1,1,1,1,0,1,0,0,0,1,0,0,1,1,1,1,1,1,1,0,0,0,1,1,0,0,0,1,0,0,0.3333333333333333,23.76857412883857,1
46,1,0,0,1,0,0,0,0,0,0,0,0,1,1,1,0,0,1,0,0,0,1,0,0,0,1,1,0,0,0,1,0,1,0,1,1,0.2777777777777778,12.473865307305871,1
47,1,0,0,1,0,1,1,0,0,0,1,0,0,1,1,0,1,1,0,0,0,1,0,0,0,1,1,0,0,0,1,1,1,0,0,0,0.3611111111111111,18.85892354606764,1
48,1,0,0,0,0,1,1,0,0,1,0,0,1,1,1,0,1,1,0,0,0,1,0,0,0,0,1,0,0,0,1,1,1,0,1,0,0.2777777777777778,20.65243266350363,1
49,0,0,0,1,0,1,1,0,0,0,0,0,1,1,1,0,1,1,0,0,0,1,1,0,0,1,1,0,0,0,1,1,1,0,0,0,0.3611111111111111,16.077556339474775,1
50,0,0,1,0,1,1,0,1,1,1,0,1,0,0,0,0,0,0,1,1,1,0,1,1,1,0,0,0,0,1,0,0,0,1,0,1,0.19444444444444445,15.70372017637525,1
51,0,0,1,1,1,1,0,1,1,1,0,1,0,0,0,0,0,0,1,1,0,0,1,1,0,0,0,0,1,1,0,0,0,1,0,0,0.1388888888888889,10.276083611651789,1
52,0,0,1,1,1,1,0,1,1,1,1,1,0,0,0,0,0,0,1,1,1,0,0,1,1,0,0,0,1,1,0,0,0,1,0,0,0.2222222222222222,12.906886585892332,1
53,0,0,0,0,0,1,1,0,0,0,0,0,1,1,1,0,1,0,0,0,0,1,0,0,0,1,1,1,0,0,1,1,1,0,0,0,0.2777777777777778,17.85213568354125,1
54,0,0,1,0,0,1,1,0,0,0,1,0,1,1,1,0,1,0,0,0,0,1,0,0,0,1,1,0,0,1,1,1,1,0,0,0,0.2222222222222222,15.480855667072706,1
55,1,0,0,0,0,1,0,0,0,0,0,0,1,1,1,0,0,1,0,0,0,1,0,0,0,0,1,0,0,0,1,1,1,0,0,0,0.2222222222222222,13.350010620764088,1
56,1,0,0,1,0,1,1,0,0,0,0,0,1,1,0,0,1,0,0,0,0,1,0,0,0,1,1,1,0,0,1,0,1,0,0,0,0.2222222222222222,13.818075953614844,1
57,1,0,0,0,0,1,1,0,0,1,0,0,1,1,1,0,1,1,0,0,0,1,0,0,0,1,1,1,0,0,1,1,1,0,0,0,0.2777777777777778,21.30072487498056,1
58,0,0,1,1,1,1,0,1,1,1,1,1,0,0,0,1,1,0,1,1,1,0,0,1,1,0,0,0,1,1,0,0,0,1,0,0,0.3055555555555556,18.717894552682246,1
59,0,1,1,0,1,1,0,1,1,1,1,1,0,0,0,1,0,0,1,1,0,1,1,1,1,0,0,0,1,1,0,0,0,1,0,0,0.25,19.292249912432656,1
60,0,1,1,0,1,1,0,1,1,1,1,1,0,0,0,0,0,1,0,1,1,1,1,1,1,0,0,0,1,1,0,0,0,1,0,0,0.25,20.56456512212779,1
61,0,0,0,0,0,1,1,0,0,0,0,0,1,1,1,0,1,1,0,0,0,1,0,0,0,1,1,0,0,0,1,1,1,0,0,0,0.3055555555555556,15.565614594964948,1
62,0,1,1,1,1,1,0,1,1,1,0,1,0,1,0,1,1,0,1,1,1,1,1,1,1,0,0,0,1,1,0,0,0,1,0,0,0.3055555555555556,33.47839374545829,1
63,1,0,0,1,0,1,1,0,0,0,1,0,1,1,0,0,1,0,0,0,0,1,1,0,0,1,1,0,1,0,1,1,1,0,0,0,0.25,15.586454153516417,1
64,0,1,1,1,1,1,0,1,1,1,1,1,0,0,0,1,1,0,1,1,1,1,1,1,1,0,0,1,1,1,0,0,0,1,0,0,0.3888888888888889,26.512095822874286,1
65,0,0,0,1,0,1,1,0,0,0,0,0,0,1,1,0,0,1,0,0,0,1,0,0,0,1,1,1,0,0,1,0,1,0,1,0,0.2777777777777778,11.309389515436848,1
66,1,0,0,0,0,1,1,0,0,1,0,0,0,1,1,0,0,1,0,0,0,0,0,0,0,1,1,0,0,0,1,1,1,0,0,0,0.2777777777777778,15.602449057336562,1
67,0,0,0,0,0,1,1,0,0,0,1,0,1,1,1,0,1,1,0,0,0,1,0,0,0,1,1,0,0,0,1,1,1,0,0,0,0.3333333333333333,16.074682128628822,1
68,1,0,0,0,0,1,1,0,0,0,1,0,1,1,1,0,1,1,0,0,0,1,0,0,0,1,1,0,0,0,1,1,1,0,1,0,0.3055555555555556,20.30365560483144,1
69,1,0,0,0,0,1,1,0,0,1,0,0,1,1,1,0,1,1,0,0,0,1,0,0,0,1,1,0,0,0,1,0,1,0,1,0,0.3333333333333333,20.76540703610427,1
70,0,1,1,0,1,1,0,1,1,1,0,1,0,0,0,0,0,1,1,1,1,1,1,1,1,0,0,1,1,1,0,0,0,1,0,0,0.3055555555555556,25.71235952958407,1
71,0,0,0,0,1,1,1,1,1,1,1,1,0,0,0,0,0,0,1,1,1,1,1,1,1,0,0,0,1,1,0,0,0,1,0,0,0.25,19.916489399593733,1
72,0,1,1,1,1,1,0,1,1,1,1,1,0,0,0,1,0,0,1,1,1,1,1,1,1,0,0,1,1,1,0,0,0,1,0,0,0.3611111111111111,25.607062254464456,1
73,1,0,0,0,0,1,1,0,0,1,0,0,0,1,1,0,0,1,0,0,0,1,0,0,0,1,1,0,0,0,1,1,1,0,0,0,0.19444444444444445,15.929667616699895,1
74,0,1,0,1,1,1,0,1,1,1,0,1,0,0,0,1,0,0,1,1,1,1,1,1,1,0,0,0,1,1,0,0,0,1,0,0,0.2777777777777778,21.099038232316317,1
75,0,1,0,1,1,1,0,1,1,1,1,1,0,0,0,1,1,0,1,1,1,0,1,1,1,0,0,0,1,1,0,0,0,1,0,0,0.3055555555555556,22.67375705792209,1
76,1,0,0,1,0,1,1,0,0,0,0,0,0,1,1,0,0,1,0,0,0,1,0,0,0,1,1,1,0,0,1,1,1,0,1,0,0.25,18.16961468051708,1
77,0,1,1,0,1,1,1,1,1,1,1,1,0,0,0,1,0,0,0,1,1,1,1,1,1,0,0,1,1,1,0,0,0,1,0,0,0.3333333333333333,22.039407947279095,1
78,1,0,0,0,0,1,1,0,0,1,1,0,1,1,1,0,1,1,0,0,0,0,1,0,0,1,1,0,0,0,1,1,1,0,0,1,0.25,22.716581258293598,1
79,1,0,0,1,0,1,0,0,0,0,1,0,1,1,1,0,0,1,0,0,0,0,1,0,0,1,1,0,0,0,1,1,1,0,0,0,0.3055555555555556,17.407707869720433,1
80,0,1,1,0,1,1,1,1,1,1,1,1,0,0,0,0,0,0,1,1,1,1,1,1,1,0,0,1,1,0,0,0,0,1,0,0,0.3611111111111111,23.55766592441971,1
81,0,0,0,1,0,1,1,0,0,0,0,0,1,1,1,1,0,1,0,0,0,1,0,0,0,1,0,1,0,0,1,1,1,0,0,0,0.25,19.559461987636897,1
82,0,0,1,1,1,1,1,1,1,1,1,1,0,1,0,1,1,0,1,1,1,1,1,1,1,0,0,0,1,1,0,0,0,1,0,0,0.3888888888888889,28.697942262102274,1
83,1,0,0,0,0,1,1,0,0,0,0,0,1,1,1,0,1,0,1,0,0,1,0,0,0,1,1,0,0,0,1,1,1,0,1,0,0.3055555555555556,20.614094836676202,1
84,0,1,1,1,1,1,1,1,1,1,1,1,0,0,0,0,0,0,1,1,1,1,1,1,1,0,0,1,1,1,0,0,0,1,0,1,0.3611111111111111,29.618688558584974,1
85,1,0,1,0,0,1,1,0,0,0,1,0,1,1,1,0,1,0,0,0,0,1,1,0,0,1,1,0,0,0,1,1,1,0,0,0,0.25,14.56160528735099,1
86,0,0,1,0,1,1,1,1,1,1,1,1,0,0,0,0,1,0,1,1,1,1,1,1,1,0,0,0,1,1,0,0,0,1,0,1,0.3055555555555556,23.754839165644217,1
87,0,0,1,0,0,1,1,0,0,0,1,0,1,1,1,0,1,0,0,1,0,1,1,0,0,1,1,0,0,0,1,0,1,0,1,0,0.3333333333333333,13.464189406751316,1
88,0,0,1,0,1,1,0,1,1,1,1,1,0,0,0,0,1,0,1,1,0,0,1,1,1,0,0,0,1,1,0,0,0,1,0,1,0.25,13.374416914310997,1
89,0,0,1,0,1,1,1,1,1,1,1,1,0,0,0,1,0,0,1,1,1,1,1,1,0,0,0,1,1,1,0,0,0,1,0,0,0.2777777777777778,18.652284514485533,1
90,0,1,0,1,1,1,1,1,1,1,0,1,0,0,0,1,1,0,1,1,1,1,1,1,1,0,0,1,1,1,0,0,0,1,0,0,0.3055555555555556,24.673673317363004,1
91,1,0,0,0,0,1,0,0,0,0,0,0,0,1,1,0,0,1,0,0,0,1,0,0,0,1,1,1,0,0,1,0,0,0,0,0,0.19444444444444445,12.190698120636613,1
92,0,0,1,1,1,1,0,1,1,1,1,1,0,0,0,1,1,0,1,1,1,1,0,1,1,0,1,1,1,1,0,0,0,1,0,0,0.2222222222222222,22.107922282281706,1
93,0,0,1,0,0,0,1,1,0,0,1,0,0,1,1,0,0,1,0,0,0,1,0,0,0,1,1,1,0,0,1,0,1,0,0,0,0.1388888888888889,8.521580946309538,1
94,0,1,0,0,1,1,1,1,1,1,1,1,0,0,0,1,0,0,1,1,1,1,0,1,1,0,0,0,1,1,0,0,0,1,0,0,0.3611111111111111,22.146356516373316,1
95,1,0,1,1,1,1,0,1,1,0,1,1,0,0,0,1,0,0,1,1,1,0,1,1,1,0,0,0,1,1,0,0,0,1,0,0,0.25,13.114582522198004,1
96,1,0,0,0,0,1,1,0,0,1,0,0,1,1,1,0,0,1,0,0,0,1,0,0,0,0,0,1,0,0,1,1,1,0,0,0,0.25,18.041633799024,1
97,0,1,0,1,1,1,0,1,1,1,1,1,0,0,0,1,1,0,1,1,1,1,1,1,1,0,0,0,1,1,0,0,0,1,0,0,0.3055555555555556,23.9571617102426,1
98,1,0,0,1,0,1,0,0,0,0,0,0,0,1,0,0,1,1,0,0,0,1,0,0,0,1,1,1,1,0,1,0,1,0,0,0,0.25,13.778910022898955,1
99,0,0,0,0,0,1,1,0,0,0,0,0,1,1,0,0,0,0,0,0,0,1,0,0,0,1,0,1,0,0,1,1,1,0,0,0,0.2222222222222222,19.385968064886885,1
